# Temperatura_=_20.0
# Concentracion g/m^3_=_7400.0
# C_Vs_to_Am_M_A/Vsm_=_116720831517.84952
# pendiente_HvsI_1/m_=_3716.3
# ordenada_HvsI_A/m_=_1297.0
# frecuencia_Hz_=_136119.87686610504

Tiempo_(s)	Campo_(V.s)	Magnetizacion_(V.s)	Campo_(kA/m)	Magnetizacion_(A/m)
0.000000e+00	-7.107762e-06	-1.639290e-09	-3.843145e+01	-1.903528e+02
1.000000e-08	-7.108079e-06	-1.638593e-09	-3.843316e+01	-1.903969e+02
2.000000e-08	-7.107997e-06	-1.639627e-09	-3.843272e+01	-1.904298e+02
3.000000e-08	-7.107386e-06	-1.640117e-09	-3.842942e+01	-1.904517e+02
4.000000e-08	-7.106118e-06	-1.638325e-09	-3.842256e+01	-1.904626e+02
5.000000e-08	-7.103976e-06	-1.636132e-09	-3.841098e+01	-1.904626e+02
6.000000e-08	-7.101134e-06	-1.635263e-09	-3.839561e+01	-1.904520e+02
7.000000e-08	-7.097795e-06	-1.633104e-09	-3.837756e+01	-1.904310e+02
8.000000e-08	-7.094049e-06	-1.634359e-09	-3.835730e+01	-1.903998e+02
9.000000e-08	-7.089838e-06	-1.647556e-09	-3.833453e+01	-1.903588e+02
1.000000e-07	-7.084803e-06	-1.641259e-09	-3.830731e+01	-1.903083e+02
1.100000e-07	-7.079052e-06	-1.586771e-09	-3.827621e+01	-1.902487e+02
1.200000e-07	-7.072989e-06	-1.590336e-09	-3.824343e+01	-1.901804e+02
1.300000e-07	-7.066664e-06	-1.682403e-09	-3.820923e+01	-1.901039e+02
1.400000e-07	-7.059951e-06	-1.692544e-09	-3.817293e+01	-1.900197e+02
1.500000e-07	-7.052804e-06	-1.570950e-09	-3.813429e+01	-1.899281e+02
1.600000e-07	-7.045200e-06	-1.554588e-09	-3.809318e+01	-1.898298e+02
1.700000e-07	-7.037240e-06	-1.701755e-09	-3.805014e+01	-1.897251e+02
1.800000e-07	-7.028838e-06	-1.696425e-09	-3.800471e+01	-1.896146e+02
1.900000e-07	-7.019784e-06	-1.518443e-09	-3.795575e+01	-1.894987e+02
2.000000e-07	-7.009961e-06	-1.529373e-09	-3.790264e+01	-1.893779e+02
2.100000e-07	-6.999539e-06	-1.724726e-09	-3.784629e+01	-1.892525e+02
2.200000e-07	-6.988681e-06	-1.696237e-09	-3.778758e+01	-1.891230e+02
2.300000e-07	-6.977295e-06	-1.510766e-09	-3.772602e+01	-1.889897e+02
2.400000e-07	-6.965232e-06	-1.554899e-09	-3.766079e+01	-1.888528e+02
2.500000e-07	-6.952620e-06	-1.701889e-09	-3.759260e+01	-1.887127e+02
2.600000e-07	-6.939450e-06	-1.621282e-09	-3.752139e+01	-1.885694e+02
2.700000e-07	-6.925606e-06	-1.518039e-09	-3.744653e+01	-1.884232e+02
2.800000e-07	-6.911168e-06	-1.621979e-09	-3.736847e+01	-1.882740e+02
2.900000e-07	-6.895851e-06	-1.662933e-09	-3.728565e+01	-1.881219e+02
3.000000e-07	-6.879754e-06	-1.550456e-09	-3.719861e+01	-1.879667e+02
3.100000e-07	-6.863143e-06	-1.567165e-09	-3.710880e+01	-1.878085e+02
3.200000e-07	-6.846143e-06	-1.659616e-09	-3.701688e+01	-1.876470e+02
3.300000e-07	-6.828839e-06	-1.568681e-09	-3.692332e+01	-1.874819e+02
3.400000e-07	-6.811173e-06	-1.509337e-09	-3.682780e+01	-1.873130e+02
3.500000e-07	-6.792933e-06	-1.642297e-09	-3.672918e+01	-1.871400e+02
3.600000e-07	-6.774149e-06	-1.650245e-09	-3.662761e+01	-1.869625e+02
3.700000e-07	-6.754950e-06	-1.499204e-09	-3.652380e+01	-1.867801e+02
3.800000e-07	-6.735404e-06	-1.536694e-09	-3.641812e+01	-1.865925e+02
3.900000e-07	-6.715490e-06	-1.655450e-09	-3.631044e+01	-1.863991e+02
4.000000e-07	-6.695158e-06	-1.570747e-09	-3.620051e+01	-1.861996e+02
4.100000e-07	-6.674315e-06	-1.503187e-09	-3.608781e+01	-1.859936e+02
4.200000e-07	-6.653015e-06	-1.604462e-09	-3.597265e+01	-1.857807e+02
4.300000e-07	-6.631289e-06	-1.605498e-09	-3.585517e+01	-1.855604e+02
4.400000e-07	-6.608987e-06	-1.516403e-09	-3.573459e+01	-1.853325e+02
4.500000e-07	-6.586190e-06	-1.560575e-09	-3.561133e+01	-1.850966e+02
4.600000e-07	-6.562957e-06	-1.596358e-09	-3.548571e+01	-1.848526e+02
4.700000e-07	-6.539375e-06	-1.518465e-09	-3.535820e+01	-1.846001e+02
4.800000e-07	-6.515486e-06	-1.528275e-09	-3.522903e+01	-1.843389e+02
4.900000e-07	-6.491238e-06	-1.594506e-09	-3.509792e+01	-1.840692e+02
5.000000e-07	-6.466585e-06	-1.540729e-09	-3.496462e+01	-1.837906e+02
5.100000e-07	-6.441268e-06	-1.498968e-09	-3.482773e+01	-1.835034e+02
5.200000e-07	-6.415007e-06	-1.554336e-09	-3.468574e+01	-1.832074e+02
5.300000e-07	-6.387947e-06	-1.548384e-09	-3.453943e+01	-1.829030e+02
5.400000e-07	-6.360466e-06	-1.499336e-09	-3.439084e+01	-1.825902e+02
5.500000e-07	-6.332811e-06	-1.524773e-09	-3.424131e+01	-1.822692e+02
5.600000e-07	-6.304861e-06	-1.541009e-09	-3.409019e+01	-1.819404e+02
5.700000e-07	-6.276417e-06	-1.505680e-09	-3.393639e+01	-1.816040e+02
5.800000e-07	-6.247539e-06	-1.508298e-09	-3.378025e+01	-1.812602e+02
5.900000e-07	-6.218331e-06	-1.525017e-09	-3.362232e+01	-1.809095e+02
6.000000e-07	-6.188707e-06	-1.500814e-09	-3.346215e+01	-1.805521e+02
6.100000e-07	-6.158705e-06	-1.492715e-09	-3.329993e+01	-1.801884e+02
6.200000e-07	-6.128251e-06	-1.508490e-09	-3.313526e+01	-1.798186e+02
6.300000e-07	-6.097263e-06	-1.499687e-09	-3.296771e+01	-1.794430e+02
6.400000e-07	-6.065796e-06	-1.486942e-09	-3.279757e+01	-1.790619e+02
6.500000e-07	-6.034092e-06	-1.490627e-09	-3.262615e+01	-1.786754e+02
6.600000e-07	-6.002230e-06	-1.485974e-09	-3.245387e+01	-1.782836e+02
6.700000e-07	-5.969935e-06	-1.476914e-09	-3.227925e+01	-1.778867e+02
6.800000e-07	-5.937013e-06	-1.476545e-09	-3.210124e+01	-1.774845e+02
6.900000e-07	-5.903424e-06	-1.474588e-09	-3.191963e+01	-1.770771e+02
7.000000e-07	-5.869248e-06	-1.468436e-09	-3.173484e+01	-1.766644e+02
7.100000e-07	-5.834492e-06	-1.463527e-09	-3.154692e+01	-1.762460e+02
7.200000e-07	-5.799200e-06	-1.458611e-09	-3.135610e+01	-1.758217e+02
7.300000e-07	-5.763582e-06	-1.455872e-09	-3.116351e+01	-1.753911e+02
7.400000e-07	-5.727803e-06	-1.452988e-09	-3.097005e+01	-1.749539e+02
7.500000e-07	-5.691696e-06	-1.446975e-09	-3.077482e+01	-1.745096e+02
7.600000e-07	-5.655174e-06	-1.442833e-09	-3.057735e+01	-1.740575e+02
7.700000e-07	-5.618198e-06	-1.441388e-09	-3.037742e+01	-1.735972e+02
7.800000e-07	-5.580758e-06	-1.437039e-09	-3.017498e+01	-1.731279e+02
7.900000e-07	-5.542957e-06	-1.429607e-09	-2.997060e+01	-1.726492e+02
8.000000e-07	-5.504718e-06	-1.422236e-09	-2.976384e+01	-1.721603e+02
8.100000e-07	-5.466011e-06	-1.415219e-09	-2.955455e+01	-1.716606e+02
8.200000e-07	-5.426894e-06	-1.410651e-09	-2.934304e+01	-1.711495e+02
8.300000e-07	-5.387517e-06	-1.407510e-09	-2.913014e+01	-1.706264e+02
8.400000e-07	-5.347940e-06	-1.402725e-09	-2.891614e+01	-1.700907e+02
8.500000e-07	-5.308154e-06	-1.396093e-09	-2.870102e+01	-1.695420e+02
8.600000e-07	-5.268128e-06	-1.390258e-09	-2.848460e+01	-1.689797e+02
8.700000e-07	-5.227674e-06	-1.384849e-09	-2.826587e+01	-1.684035e+02
8.800000e-07	-5.186652e-06	-1.379515e-09	-2.804407e+01	-1.678131e+02
8.900000e-07	-5.145134e-06	-1.371883e-09	-2.781958e+01	-1.672084e+02
9.000000e-07	-5.103040e-06	-1.362753e-09	-2.759198e+01	-1.665892e+02
9.100000e-07	-5.060228e-06	-1.356624e-09	-2.736050e+01	-1.659554e+02
9.200000e-07	-5.016894e-06	-1.352863e-09	-2.712619e+01	-1.653072e+02
9.300000e-07	-4.973334e-06	-1.347647e-09	-2.689066e+01	-1.646448e+02
9.400000e-07	-4.929592e-06	-1.340603e-09	-2.665415e+01	-1.639684e+02
9.500000e-07	-4.885509e-06	-1.333351e-09	-2.641579e+01	-1.632783e+02
9.600000e-07	-4.841071e-06	-1.327258e-09	-2.617552e+01	-1.625750e+02
9.700000e-07	-4.796337e-06	-1.321646e-09	-2.593365e+01	-1.618590e+02
9.800000e-07	-4.751284e-06	-1.315290e-09	-2.569004e+01	-1.611307e+02
9.900000e-07	-4.705895e-06	-1.307663e-09	-2.544463e+01	-1.603909e+02
1.000000e-06	-4.660248e-06	-1.299872e-09	-2.519782e+01	-1.596401e+02
1.010000e-06	-4.614293e-06	-1.293601e-09	-2.494934e+01	-1.588789e+02
1.020000e-06	-4.568022e-06	-1.287987e-09	-2.469915e+01	-1.581081e+02
1.030000e-06	-4.521356e-06	-1.281423e-09	-2.444683e+01	-1.573281e+02
1.040000e-06	-4.474319e-06	-1.274118e-09	-2.419250e+01	-1.565397e+02
1.050000e-06	-4.427046e-06	-1.268233e-09	-2.393690e+01	-1.557432e+02
1.060000e-06	-4.379538e-06	-1.262823e-09	-2.368003e+01	-1.549393e+02
1.070000e-06	-4.331797e-06	-1.257334e-09	-2.342189e+01	-1.541283e+02
1.080000e-06	-4.283778e-06	-1.251639e-09	-2.316225e+01	-1.533105e+02
1.090000e-06	-4.235410e-06	-1.244398e-09	-2.290073e+01	-1.524862e+02
1.100000e-06	-4.186700e-06	-1.236528e-09	-2.263736e+01	-1.516554e+02
1.110000e-06	-4.137696e-06	-1.229738e-09	-2.237239e+01	-1.508182e+02
1.120000e-06	-4.088252e-06	-1.222631e-09	-2.210505e+01	-1.499744e+02
1.130000e-06	-4.038148e-06	-1.214528e-09	-2.183414e+01	-1.491238e+02
1.140000e-06	-3.987544e-06	-1.206593e-09	-2.156052e+01	-1.482662e+02
1.150000e-06	-3.936615e-06	-1.200231e-09	-2.128515e+01	-1.474010e+02
1.160000e-06	-3.885337e-06	-1.194103e-09	-2.100790e+01	-1.465276e+02
1.170000e-06	-3.833765e-06	-1.186395e-09	-2.072905e+01	-1.456455e+02
1.180000e-06	-3.781943e-06	-1.178030e-09	-2.044885e+01	-1.447538e+02
1.190000e-06	-3.729825e-06	-1.170006e-09	-2.016705e+01	-1.438518e+02
1.200000e-06	-3.677408e-06	-1.162362e-09	-1.988363e+01	-1.429387e+02
1.210000e-06	-3.624767e-06	-1.155099e-09	-1.959900e+01	-1.420134e+02
1.220000e-06	-3.571856e-06	-1.147543e-09	-1.931292e+01	-1.410751e+02
1.230000e-06	-3.518710e-06	-1.138661e-09	-1.902556e+01	-1.401228e+02
1.240000e-06	-3.465360e-06	-1.128720e-09	-1.873709e+01	-1.391556e+02
1.250000e-06	-3.411759e-06	-1.121156e-09	-1.844727e+01	-1.381726e+02
1.260000e-06	-3.357862e-06	-1.115570e-09	-1.815586e+01	-1.371730e+02
1.270000e-06	-3.303675e-06	-1.107179e-09	-1.786287e+01	-1.361559e+02
1.280000e-06	-3.249280e-06	-1.096611e-09	-1.756875e+01	-1.351207e+02
1.290000e-06	-3.194711e-06	-1.086736e-09	-1.727370e+01	-1.340667e+02
1.300000e-06	-3.139958e-06	-1.077736e-09	-1.697765e+01	-1.329935e+02
1.310000e-06	-3.085011e-06	-1.068121e-09	-1.668056e+01	-1.319006e+02
1.320000e-06	-3.029875e-06	-1.058991e-09	-1.638244e+01	-1.307877e+02
1.330000e-06	-2.974485e-06	-1.050614e-09	-1.608295e+01	-1.296548e+02
1.340000e-06	-2.918865e-06	-1.041204e-09	-1.578221e+01	-1.285017e+02
1.350000e-06	-2.863159e-06	-1.031809e-09	-1.548101e+01	-1.273285e+02
1.360000e-06	-2.807333e-06	-1.022763e-09	-1.517916e+01	-1.261355e+02
1.370000e-06	-2.751404e-06	-1.012437e-09	-1.487675e+01	-1.249229e+02
1.380000e-06	-2.695461e-06	-1.002348e-09	-1.457427e+01	-1.236913e+02
1.390000e-06	-2.639360e-06	-9.931036e-10	-1.427094e+01	-1.224409e+02
1.400000e-06	-2.582936e-06	-9.836687e-10	-1.396586e+01	-1.211725e+02
1.410000e-06	-2.526223e-06	-9.733320e-10	-1.365921e+01	-1.198865e+02
1.420000e-06	-2.469260e-06	-9.624663e-10	-1.335121e+01	-1.185837e+02
1.430000e-06	-2.412081e-06	-9.521650e-10	-1.304204e+01	-1.172645e+02
1.440000e-06	-2.354671e-06	-9.411958e-10	-1.273163e+01	-1.159297e+02
1.450000e-06	-2.297000e-06	-9.290636e-10	-1.241981e+01	-1.145798e+02
1.460000e-06	-2.239080e-06	-9.175176e-10	-1.210664e+01	-1.132151e+02
1.470000e-06	-2.180716e-06	-9.060186e-10	-1.179106e+01	-1.118362e+02
1.480000e-06	-2.121971e-06	-8.943018e-10	-1.147343e+01	-1.104433e+02
1.490000e-06	-2.063103e-06	-8.834557e-10	-1.115513e+01	-1.090364e+02
1.500000e-06	-2.004051e-06	-8.719238e-10	-1.083584e+01	-1.076157e+02
1.510000e-06	-1.944772e-06	-8.589604e-10	-1.051532e+01	-1.061808e+02
1.520000e-06	-1.885389e-06	-8.460358e-10	-1.019424e+01	-1.047314e+02
1.530000e-06	-1.825962e-06	-8.348352e-10	-9.872917e+00	-1.032668e+02
1.540000e-06	-1.766486e-06	-8.239357e-10	-9.551333e+00	-1.017863e+02
1.550000e-06	-1.706869e-06	-8.116621e-10	-9.228990e+00	-1.002889e+02
1.560000e-06	-1.647116e-06	-7.985939e-10	-8.905906e+00	-9.877328e+01
1.570000e-06	-1.587352e-06	-7.853365e-10	-8.582761e+00	-9.723807e+01
1.580000e-06	-1.527571e-06	-7.728359e-10	-8.259529e+00	-9.568162e+01
1.590000e-06	-1.467746e-06	-7.600745e-10	-7.936056e+00	-9.410213e+01
1.600000e-06	-1.407881e-06	-7.467568e-10	-7.612367e+00	-9.249759e+01
1.610000e-06	-1.347944e-06	-7.338815e-10	-7.288289e+00	-9.086589e+01
1.620000e-06	-1.287970e-06	-7.206081e-10	-6.964013e+00	-8.920475e+01
1.630000e-06	-1.227914e-06	-7.070427e-10	-6.639294e+00	-8.751182e+01
1.640000e-06	-1.167733e-06	-6.926415e-10	-6.313897e+00	-8.578467e+01
1.650000e-06	-1.107486e-06	-6.772318e-10	-5.988141e+00	-8.402083e+01
1.660000e-06	-1.047212e-06	-6.628447e-10	-5.662243e+00	-8.221785e+01
1.670000e-06	-9.868534e-07	-6.500672e-10	-5.335886e+00	-8.037328e+01
1.680000e-06	-9.263833e-07	-6.370522e-10	-5.008925e+00	-7.848475e+01
1.690000e-06	-8.659001e-07	-6.223592e-10	-4.681895e+00	-7.655000e+01
1.700000e-06	-8.053947e-07	-6.068451e-10	-4.354744e+00	-7.456690e+01
1.710000e-06	-7.447275e-07	-5.910992e-10	-4.026718e+00	-7.253352e+01
1.720000e-06	-6.839727e-07	-5.752729e-10	-3.698219e+00	-7.044811e+01
1.730000e-06	-6.231649e-07	-5.596075e-10	-3.369433e+00	-6.830917e+01
1.740000e-06	-5.622905e-07	-5.432696e-10	-3.040287e+00	-6.611547e+01
1.750000e-06	-5.014372e-07	-5.258092e-10	-2.711255e+00	-6.386607e+01
1.760000e-06	-4.405247e-07	-5.078294e-10	-2.381904e+00	-6.156036e+01
1.770000e-06	-3.794977e-07	-4.892714e-10	-2.051932e+00	-5.919805e+01
1.780000e-06	-3.184345e-07	-4.698986e-10	-1.721766e+00	-5.677922e+01
1.790000e-06	-2.574715e-07	-4.498433e-10	-1.392140e+00	-5.430429e+01
1.800000e-06	-1.965517e-07	-4.281141e-10	-1.062749e+00	-5.177406e+01
1.810000e-06	-1.356462e-07	-4.056621e-10	-7.334348e-01	-4.918968e+01
1.820000e-06	-7.473068e-08	-3.841207e-10	-4.040665e-01	-4.655269e+01
1.830000e-06	-1.379981e-08	-3.615298e-10	-7.461512e-02	-4.386497e+01
1.840000e-06	4.705838e-08	-3.366296e-10	2.544432e-01	-4.112874e+01
1.850000e-06	1.080286e-07	-3.117246e-10	5.841070e-01	-3.834656e+01
1.860000e-06	1.691033e-07	-2.886415e-10	9.143362e-01	-3.552129e+01
1.870000e-06	2.301147e-07	-2.660114e-10	1.244223e+00	-3.265608e+01
1.880000e-06	2.911351e-07	-2.415684e-10	1.574158e+00	-2.975431e+01
1.890000e-06	3.521316e-07	-2.155512e-10	1.903965e+00	-2.681961e+01
1.900000e-06	4.129827e-07	-1.890365e-10	2.232985e+00	-2.385581e+01
1.910000e-06	4.738524e-07	-1.622329e-10	2.562105e+00	-2.086687e+01
1.920000e-06	5.347477e-07	-1.363088e-10	2.891364e+00	-1.785690e+01
1.930000e-06	5.955133e-07	-1.112040e-10	3.219922e+00	-1.483007e+01
1.940000e-06	6.562294e-07	-8.657845e-11	3.548212e+00	-1.179062e+01
1.950000e-06	7.168984e-07	-6.146620e-11	3.876247e+00	-8.742798e+00
1.960000e-06	7.775242e-07	-3.539296e-11	4.204049e+00	-5.690822e+00
1.970000e-06	8.381991e-07	-9.329771e-12	4.532116e+00	-2.638860e+00
1.980000e-06	8.987870e-07	1.688278e-11	4.859714e+00	4.090183e-01
1.990000e-06	9.592684e-07	4.336746e-11	5.186734e+00	3.448861e+00
2.000000e-06	1.019736e-06	6.946568e-11	5.513679e+00	6.476871e+00
2.010000e-06	1.080108e-06	9.449618e-11	5.840111e+00	9.489427e+00
2.020000e-06	1.140451e-06	1.182846e-10	6.166383e+00	1.248311e+01
2.030000e-06	1.200759e-06	1.419998e-10	6.492464e+00	1.545473e+01
2.040000e-06	1.260926e-06	1.660540e-10	6.817788e+00	1.840131e+01
2.050000e-06	1.320990e-06	1.900743e-10	7.142550e+00	2.132016e+01
2.060000e-06	1.381015e-06	2.139935e-10	7.467107e+00	2.420883e+01
2.070000e-06	1.440957e-06	2.370611e-10	7.791210e+00	2.706515e+01
2.080000e-06	1.500824e-06	2.596725e-10	8.114911e+00	2.988720e+01
2.090000e-06	1.560570e-06	2.813923e-10	8.437954e+00	3.267336e+01
2.100000e-06	1.620179e-06	3.020858e-10	8.760257e+00	3.542226e+01
2.110000e-06	1.679786e-06	3.234589e-10	9.082551e+00	3.813280e+01
2.120000e-06	1.739305e-06	3.448501e-10	9.404368e+00	4.080415e+01
2.130000e-06	1.798703e-06	3.659807e-10	9.725533e+00	4.343568e+01
2.140000e-06	1.857991e-06	3.872108e-10	1.004610e+01	4.602703e+01
2.150000e-06	1.917124e-06	4.072301e-10	1.036583e+01	4.857804e+01
2.160000e-06	1.976205e-06	4.265182e-10	1.068528e+01	5.108876e+01
2.170000e-06	2.035194e-06	4.463297e-10	1.100423e+01	5.355939e+01
2.180000e-06	2.093999e-06	4.657350e-10	1.132219e+01	5.599032e+01
2.190000e-06	2.152638e-06	4.844189e-10	1.163925e+01	5.838209e+01
2.200000e-06	2.211058e-06	5.031235e-10	1.195512e+01	6.073532e+01
2.210000e-06	2.269134e-06	5.212244e-10	1.226914e+01	6.305079e+01
2.220000e-06	2.326935e-06	5.388048e-10	1.258167e+01	6.532931e+01
2.230000e-06	2.384549e-06	5.561071e-10	1.289318e+01	6.757179e+01
2.240000e-06	2.441712e-06	5.732314e-10	1.320226e+01	6.977919e+01
2.250000e-06	2.498423e-06	5.906953e-10	1.350889e+01	7.195248e+01
2.260000e-06	2.554939e-06	6.081825e-10	1.381448e+01	7.409265e+01
2.270000e-06	2.611310e-06	6.249416e-10	1.411927e+01	7.620069e+01
2.280000e-06	2.667467e-06	6.404236e-10	1.442291e+01	7.827760e+01
2.290000e-06	2.723410e-06	6.548402e-10	1.472539e+01	8.032433e+01
2.300000e-06	2.779188e-06	6.688386e-10	1.502698e+01	8.234179e+01
2.310000e-06	2.834856e-06	6.841224e-10	1.532798e+01	8.433087e+01
2.320000e-06	2.890407e-06	7.010553e-10	1.562834e+01	8.629239e+01
2.330000e-06	2.945800e-06	7.185519e-10	1.592785e+01	8.822712e+01
2.340000e-06	3.001038e-06	7.350452e-10	1.622652e+01	9.013577e+01
2.350000e-06	3.056149e-06	7.494900e-10	1.652450e+01	9.201899e+01
2.360000e-06	3.111116e-06	7.627562e-10	1.682171e+01	9.387734e+01
2.370000e-06	3.165871e-06	7.751723e-10	1.711776e+01	9.571135e+01
2.380000e-06	3.220396e-06	7.862775e-10	1.741258e+01	9.752146e+01
2.390000e-06	3.274685e-06	7.990315e-10	1.770612e+01	9.930805e+01
2.400000e-06	3.328758e-06	8.154999e-10	1.799849e+01	1.010714e+02
2.410000e-06	3.382571e-06	8.321165e-10	1.828945e+01	1.028119e+02
2.420000e-06	3.436089e-06	8.474227e-10	1.857883e+01	1.045296e+02
2.430000e-06	3.489380e-06	8.611800e-10	1.886697e+01	1.062248e+02
2.440000e-06	3.542445e-06	8.738503e-10	1.915389e+01	1.078975e+02
2.450000e-06	3.595254e-06	8.866863e-10	1.943943e+01	1.095478e+02
2.460000e-06	3.647817e-06	8.992778e-10	1.972363e+01	1.111758e+02
2.470000e-06	3.700108e-06	9.118128e-10	2.000637e+01	1.127815e+02
2.480000e-06	3.752210e-06	9.240595e-10	2.028808e+01	1.143648e+02
2.490000e-06	3.804109e-06	9.361669e-10	2.056870e+01	1.159258e+02
2.500000e-06	3.855664e-06	9.488305e-10	2.084745e+01	1.174643e+02
2.510000e-06	3.906867e-06	9.615834e-10	2.112431e+01	1.189804e+02
2.520000e-06	3.957648e-06	9.736231e-10	2.139888e+01	1.204739e+02
2.530000e-06	4.007832e-06	9.850091e-10	2.167023e+01	1.219448e+02
2.540000e-06	4.057434e-06	9.965415e-10	2.193842e+01	1.233931e+02
2.550000e-06	4.106671e-06	1.007710e-09	2.220464e+01	1.248188e+02
2.560000e-06	4.155620e-06	1.018281e-09	2.246931e+01	1.262217e+02
2.570000e-06	4.204220e-06	1.028293e-09	2.273209e+01	1.276019e+02
2.580000e-06	4.252478e-06	1.038366e-09	2.299302e+01	1.289593e+02
2.590000e-06	4.300407e-06	1.049411e-09	2.325217e+01	1.302941e+02
2.600000e-06	4.347989e-06	1.061516e-09	2.350944e+01	1.316062e+02
2.610000e-06	4.395382e-06	1.073558e-09	2.376570e+01	1.328957e+02
2.620000e-06	4.442618e-06	1.083548e-09	2.402110e+01	1.341627e+02
2.630000e-06	4.489496e-06	1.092785e-09	2.427457e+01	1.354073e+02
2.640000e-06	4.535950e-06	1.102706e-09	2.452574e+01	1.366296e+02
2.650000e-06	4.582098e-06	1.111602e-09	2.477526e+01	1.378299e+02
2.660000e-06	4.627979e-06	1.119259e-09	2.502334e+01	1.390083e+02
2.670000e-06	4.673472e-06	1.126706e-09	2.526932e+01	1.401650e+02
2.680000e-06	4.718658e-06	1.134654e-09	2.551364e+01	1.413003e+02
2.690000e-06	4.763585e-06	1.143493e-09	2.575655e+01	1.424144e+02
2.700000e-06	4.808179e-06	1.151698e-09	2.599768e+01	1.435075e+02
2.710000e-06	4.852454e-06	1.159005e-09	2.623707e+01	1.445801e+02
2.720000e-06	4.896426e-06	1.167415e-09	2.647482e+01	1.456323e+02
2.730000e-06	4.940150e-06	1.177384e-09	2.671124e+01	1.466646e+02
2.740000e-06	4.983718e-06	1.187143e-09	2.694681e+01	1.476773e+02
2.750000e-06	5.027139e-06	1.195624e-09	2.718158e+01	1.486707e+02
2.760000e-06	5.070055e-06	1.203512e-09	2.741363e+01	1.496453e+02
2.770000e-06	5.112269e-06	1.210742e-09	2.764188e+01	1.506012e+02
2.780000e-06	5.153944e-06	1.218301e-09	2.786721e+01	1.515391e+02
2.790000e-06	5.195031e-06	1.227290e-09	2.808937e+01	1.524591e+02
2.800000e-06	5.235577e-06	1.236089e-09	2.830860e+01	1.533618e+02
2.810000e-06	5.275784e-06	1.243874e-09	2.852600e+01	1.542475e+02
2.820000e-06	5.315706e-06	1.251628e-09	2.874186e+01	1.551165e+02
2.830000e-06	5.355310e-06	1.259814e-09	2.895600e+01	1.559692e+02
2.840000e-06	5.394721e-06	1.267741e-09	2.916909e+01	1.568060e+02
2.850000e-06	5.433791e-06	1.274306e-09	2.938034e+01	1.576273e+02
2.860000e-06	5.472472e-06	1.279209e-09	2.958949e+01	1.584334e+02
2.870000e-06	5.510844e-06	1.284168e-09	2.979696e+01	1.592246e+02
2.880000e-06	5.548717e-06	1.290865e-09	3.000174e+01	1.600012e+02
2.890000e-06	5.586175e-06	1.298268e-09	3.020427e+01	1.607636e+02
2.900000e-06	5.623263e-06	1.304451e-09	3.040481e+01	1.615121e+02
2.910000e-06	5.659932e-06	1.310125e-09	3.060307e+01	1.622469e+02
2.920000e-06	5.696278e-06	1.317004e-09	3.079960e+01	1.629683e+02
2.930000e-06	5.732322e-06	1.325474e-09	3.099449e+01	1.636766e+02
2.940000e-06	5.768046e-06	1.334019e-09	3.118765e+01	1.643720e+02
2.950000e-06	5.803451e-06	1.339902e-09	3.137908e+01	1.650548e+02
2.960000e-06	5.838470e-06	1.343557e-09	3.156843e+01	1.657251e+02
2.970000e-06	5.872969e-06	1.349157e-09	3.175496e+01	1.663833e+02
2.980000e-06	5.906866e-06	1.356622e-09	3.193824e+01	1.670294e+02
2.990000e-06	5.940203e-06	1.362684e-09	3.211849e+01	1.676638e+02
3.000000e-06	5.972930e-06	1.367867e-09	3.229545e+01	1.682865e+02
3.010000e-06	6.005104e-06	1.373817e-09	3.246941e+01	1.688978e+02
3.020000e-06	6.036933e-06	1.380150e-09	3.264151e+01	1.694979e+02
3.030000e-06	6.068486e-06	1.386866e-09	3.281211e+01	1.700868e+02
3.040000e-06	6.099722e-06	1.393770e-09	3.298101e+01	1.706649e+02
3.050000e-06	6.130594e-06	1.399395e-09	3.314793e+01	1.712322e+02
3.060000e-06	6.161042e-06	1.405045e-09	3.331256e+01	1.717889e+02
3.070000e-06	6.191038e-06	1.411875e-09	3.347475e+01	1.723353e+02
3.080000e-06	6.220497e-06	1.418003e-09	3.363403e+01	1.728713e+02
3.090000e-06	6.249620e-06	1.422807e-09	3.379150e+01	1.733973e+02
3.100000e-06	6.278422e-06	1.427942e-09	3.394723e+01	1.739134e+02
3.110000e-06	6.306754e-06	1.433101e-09	3.410042e+01	1.744197e+02
3.120000e-06	6.334738e-06	1.437020e-09	3.425173e+01	1.749164e+02
3.130000e-06	6.362394e-06	1.440779e-09	3.440127e+01	1.754038e+02
3.140000e-06	6.389719e-06	1.444720e-09	3.454901e+01	1.758819e+02
3.150000e-06	6.416583e-06	1.448535e-09	3.469427e+01	1.763509e+02
3.160000e-06	6.442697e-06	1.453591e-09	3.483546e+01	1.768111e+02
3.170000e-06	6.468140e-06	1.460405e-09	3.497303e+01	1.772625e+02
3.180000e-06	6.492914e-06	1.467100e-09	3.510698e+01	1.777054e+02
3.190000e-06	6.517048e-06	1.472268e-09	3.523748e+01	1.781400e+02
3.200000e-06	6.540755e-06	1.476055e-09	3.536566e+01	1.785663e+02
3.210000e-06	6.564073e-06	1.480159e-09	3.549174e+01	1.789846e+02
3.220000e-06	6.587069e-06	1.484347e-09	3.561607e+01	1.793950e+02
3.230000e-06	6.609617e-06	1.488278e-09	3.573799e+01	1.797977e+02
3.240000e-06	6.631757e-06	1.493053e-09	3.585770e+01	1.801929e+02
3.250000e-06	6.653497e-06	1.497623e-09	3.597525e+01	1.805806e+02
3.260000e-06	6.674701e-06	1.501560e-09	3.608990e+01	1.809611e+02
3.270000e-06	6.695414e-06	1.506115e-09	3.620189e+01	1.813345e+02
3.280000e-06	6.715704e-06	1.510267e-09	3.631160e+01	1.817009e+02
3.290000e-06	6.735696e-06	1.512830e-09	3.641970e+01	1.820604e+02
3.300000e-06	6.755367e-06	1.516475e-09	3.652606e+01	1.824132e+02
3.310000e-06	6.774605e-06	1.521307e-09	3.663008e+01	1.827593e+02
3.320000e-06	6.793321e-06	1.524784e-09	3.673127e+01	1.830988e+02
3.330000e-06	6.811427e-06	1.526892e-09	3.682917e+01	1.834319e+02
3.340000e-06	6.829070e-06	1.528195e-09	3.692457e+01	1.837585e+02
3.350000e-06	6.846213e-06	1.529901e-09	3.701726e+01	1.840787e+02
3.360000e-06	6.862923e-06	1.534249e-09	3.710761e+01	1.843927e+02
3.370000e-06	6.879225e-06	1.539203e-09	3.719576e+01	1.847003e+02
3.380000e-06	6.894791e-06	1.542824e-09	3.727992e+01	1.850016e+02
3.390000e-06	6.909819e-06	1.545641e-09	3.736118e+01	1.852967e+02
3.400000e-06	6.924401e-06	1.548169e-09	3.744002e+01	1.855854e+02
3.410000e-06	6.938377e-06	1.552381e-09	3.751559e+01	1.858678e+02
3.420000e-06	6.951854e-06	1.556539e-09	3.758846e+01	1.861438e+02
3.430000e-06	6.964811e-06	1.558873e-09	3.765852e+01	1.864134e+02
3.440000e-06	6.977193e-06	1.561674e-09	3.772546e+01	1.866764e+02
3.450000e-06	6.989048e-06	1.565989e-09	3.778956e+01	1.869327e+02
3.460000e-06	7.000446e-06	1.571363e-09	3.785119e+01	1.871823e+02
3.470000e-06	7.011271e-06	1.575807e-09	3.790972e+01	1.874249e+02
3.480000e-06	7.021392e-06	1.577930e-09	3.796445e+01	1.876605e+02
3.490000e-06	7.030736e-06	1.579718e-09	3.801497e+01	1.878888e+02
3.500000e-06	7.039309e-06	1.582917e-09	3.806132e+01	1.881097e+02
3.510000e-06	7.047348e-06	1.586717e-09	3.810479e+01	1.883230e+02
3.520000e-06	7.055107e-06	1.590092e-09	3.814674e+01	1.885284e+02
3.530000e-06	7.062562e-06	1.592614e-09	3.818706e+01	1.887256e+02
3.540000e-06	7.069533e-06	1.595126e-09	3.822474e+01	1.889146e+02
3.550000e-06	7.075937e-06	1.599182e-09	3.825937e+01	1.890949e+02
3.560000e-06	7.081807e-06	1.603584e-09	3.829111e+01	1.892664e+02
3.570000e-06	7.087197e-06	1.606774e-09	3.832025e+01	1.894288e+02
3.580000e-06	7.092057e-06	1.609003e-09	3.834653e+01	1.895818e+02
3.590000e-06	7.096469e-06	1.611395e-09	3.837039e+01	1.897252e+02
3.600000e-06	7.100499e-06	1.613674e-09	3.839217e+01	1.898587e+02
3.610000e-06	7.104077e-06	1.615103e-09	3.841152e+01	1.899821e+02
3.620000e-06	7.107203e-06	1.616297e-09	3.842842e+01	1.900952e+02
3.630000e-06	7.109742e-06	1.617795e-09	3.844215e+01	1.901977e+02
3.640000e-06	7.111527e-06	1.620298e-09	3.845180e+01	1.902896e+02
3.650000e-06	7.112618e-06	1.623175e-09	3.845771e+01	1.903706e+02
3.660000e-06	7.113043e-06	1.626169e-09	3.846000e+01	1.904406e+02
3.670000e-06	7.112970e-06	1.628510e-09	3.845961e+01	1.904995e+02
3.680000e-06	7.112638e-06	1.629027e-09	3.845781e+01	1.905473e+02
3.690000e-06	7.111952e-06	1.628793e-09	3.845410e+01	1.905840e+02
3.700000e-06	7.110823e-06	1.629491e-09	3.844800e+01	1.906096e+02
3.710000e-06	7.109156e-06	1.630964e-09	3.843898e+01	1.906242e+02
3.720000e-06	7.107005e-06	1.632258e-09	3.842735e+01	1.906279e+02
3.730000e-06	7.104536e-06	1.634380e-09	3.841400e+01	1.906208e+02
3.740000e-06	7.101616e-06	1.639258e-09	3.839822e+01	1.906033e+02
3.750000e-06	7.098169e-06	1.630214e-09	3.837958e+01	1.905755e+02
3.760000e-06	7.094199e-06	1.609277e-09	3.835811e+01	1.905378e+02
3.770000e-06	7.089610e-06	1.648773e-09	3.833330e+01	1.904905e+02
3.780000e-06	7.084130e-06	1.716700e-09	3.830367e+01	1.904339e+02
3.790000e-06	7.077951e-06	1.645723e-09	3.827026e+01	1.903685e+02
3.800000e-06	7.071490e-06	1.538921e-09	3.823533e+01	1.902948e+02
3.810000e-06	7.064786e-06	1.613934e-09	3.819908e+01	1.902131e+02
3.820000e-06	7.057620e-06	1.743405e-09	3.816033e+01	1.901240e+02
3.830000e-06	7.049752e-06	1.656005e-09	3.811779e+01	1.900279e+02
3.840000e-06	7.041412e-06	1.501876e-09	3.807270e+01	1.899253e+02
3.850000e-06	7.032740e-06	1.619852e-09	3.802581e+01	1.898167e+02
3.860000e-06	7.023474e-06	1.799511e-09	3.797570e+01	1.897026e+02
3.870000e-06	7.013608e-06	1.655201e-09	3.792236e+01	1.895834e+02
3.880000e-06	7.003399e-06	1.449604e-09	3.786716e+01	1.894596e+02
3.890000e-06	6.992878e-06	1.613696e-09	3.781028e+01	1.893315e+02
3.900000e-06	6.981800e-06	1.809360e-09	3.775037e+01	1.891995e+02
3.910000e-06	6.970059e-06	1.624374e-09	3.768689e+01	1.890638e+02
3.920000e-06	6.957813e-06	1.465825e-09	3.762068e+01	1.889248e+02
3.930000e-06	6.944930e-06	1.679970e-09	3.755102e+01	1.887826e+02
3.940000e-06	6.931220e-06	1.773724e-09	3.747689e+01	1.886374e+02
3.950000e-06	6.916845e-06	1.534350e-09	3.739916e+01	1.884892e+02
3.960000e-06	6.901950e-06	1.510788e-09	3.731863e+01	1.883381e+02
3.970000e-06	6.886400e-06	1.745132e-09	3.723455e+01	1.881841e+02
3.980000e-06	6.870322e-06	1.688244e-09	3.714761e+01	1.880269e+02
3.990000e-06	6.853870e-06	1.491216e-09	3.705866e+01	1.878666e+02
4.000000e-06	6.836939e-06	1.632614e-09	3.696712e+01	1.877028e+02
4.010000e-06	6.819503e-06	1.754897e-09	3.687284e+01	1.875352e+02
4.020000e-06	6.801610e-06	1.545967e-09	3.677610e+01	1.873637e+02
4.030000e-06	6.783304e-06	1.511870e-09	3.667711e+01	1.871878e+02
4.040000e-06	6.764567e-06	1.739693e-09	3.657580e+01	1.870071e+02
4.050000e-06	6.745252e-06	1.683518e-09	3.647137e+01	1.868213e+02
4.060000e-06	6.725397e-06	1.495266e-09	3.636401e+01	1.866299e+02
4.070000e-06	6.705226e-06	1.630038e-09	3.625495e+01	1.864326e+02
4.080000e-06	6.684807e-06	1.733186e-09	3.614454e+01	1.862288e+02
4.090000e-06	6.664165e-06	1.553432e-09	3.603293e+01	1.860183e+02
4.100000e-06	6.643057e-06	1.550237e-09	3.591880e+01	1.858006e+02
4.110000e-06	6.621088e-06	1.708703e-09	3.580002e+01	1.855753e+02
4.120000e-06	6.598304e-06	1.624558e-09	3.567682e+01	1.853422e+02
4.130000e-06	6.574800e-06	1.534585e-09	3.554974e+01	1.851009e+02
4.140000e-06	6.550750e-06	1.662550e-09	3.541970e+01	1.848513e+02
4.150000e-06	6.526367e-06	1.660785e-09	3.528786e+01	1.845931e+02
4.160000e-06	6.501627e-06	1.538713e-09	3.515410e+01	1.843262e+02
4.170000e-06	6.476516e-06	1.605933e-09	3.501832e+01	1.840507e+02
4.180000e-06	6.450965e-06	1.669545e-09	3.488017e+01	1.837664e+02
4.190000e-06	6.424984e-06	1.573320e-09	3.473969e+01	1.834734e+02
4.200000e-06	6.398567e-06	1.574116e-09	3.459685e+01	1.831718e+02
4.210000e-06	6.371605e-06	1.644692e-09	3.445107e+01	1.828618e+02
4.220000e-06	6.344031e-06	1.591122e-09	3.430198e+01	1.825436e+02
4.230000e-06	6.316050e-06	1.561513e-09	3.415069e+01	1.822174e+02
4.240000e-06	6.287921e-06	1.621308e-09	3.399859e+01	1.818835e+02
4.250000e-06	6.259575e-06	1.608176e-09	3.384533e+01	1.815422e+02
4.260000e-06	6.230800e-06	1.567471e-09	3.368974e+01	1.811939e+02
4.270000e-06	6.201498e-06	1.596651e-09	3.353131e+01	1.808387e+02
4.280000e-06	6.171492e-06	1.602859e-09	3.336907e+01	1.804771e+02
4.290000e-06	6.140670e-06	1.572081e-09	3.320241e+01	1.801094e+02
4.300000e-06	6.109174e-06	1.576395e-09	3.303212e+01	1.797357e+02
4.310000e-06	6.077270e-06	1.587480e-09	3.285961e+01	1.793565e+02
4.320000e-06	6.045087e-06	1.576540e-09	3.268560e+01	1.789718e+02
4.330000e-06	6.012517e-06	1.572099e-09	3.250949e+01	1.785818e+02
4.340000e-06	5.979515e-06	1.573997e-09	3.233105e+01	1.781866e+02
4.350000e-06	5.946158e-06	1.570149e-09	3.215069e+01	1.777863e+02
4.360000e-06	5.912347e-06	1.563864e-09	3.196787e+01	1.773807e+02
4.370000e-06	5.878128e-06	1.561033e-09	3.178286e+01	1.769698e+02
4.380000e-06	5.843562e-06	1.564850e-09	3.159596e+01	1.765533e+02
4.390000e-06	5.808583e-06	1.564389e-09	3.140683e+01	1.761311e+02
4.400000e-06	5.773208e-06	1.554037e-09	3.121556e+01	1.757027e+02
4.410000e-06	5.737436e-06	1.551594e-09	3.102214e+01	1.752678e+02
4.420000e-06	5.701393e-06	1.555677e-09	3.082725e+01	1.748260e+02
4.430000e-06	5.665196e-06	1.549899e-09	3.063154e+01	1.743766e+02
4.440000e-06	5.628711e-06	1.543191e-09	3.043426e+01	1.739191e+02
4.450000e-06	5.591748e-06	1.543672e-09	3.023441e+01	1.734530e+02
4.460000e-06	5.554177e-06	1.541911e-09	3.003126e+01	1.729775e+02
4.470000e-06	5.515723e-06	1.535983e-09	2.982334e+01	1.724921e+02
4.480000e-06	5.476543e-06	1.531293e-09	2.961150e+01	1.719962e+02
4.490000e-06	5.436968e-06	1.527060e-09	2.939752e+01	1.714890e+02
4.500000e-06	5.397078e-06	1.521700e-09	2.918184e+01	1.709700e+02
4.510000e-06	5.356907e-06	1.517173e-09	2.896463e+01	1.704386e+02
4.520000e-06	5.316463e-06	1.515601e-09	2.874595e+01	1.698943e+02
4.530000e-06	5.275729e-06	1.512853e-09	2.852570e+01	1.693366e+02
4.540000e-06	5.234594e-06	1.506691e-09	2.830329e+01	1.687651e+02
4.550000e-06	5.193045e-06	1.501025e-09	2.807863e+01	1.681796e+02
4.560000e-06	5.151174e-06	1.498262e-09	2.785224e+01	1.675797e+02
4.570000e-06	5.109002e-06	1.494652e-09	2.762421e+01	1.669654e+02
4.580000e-06	5.066430e-06	1.488016e-09	2.739403e+01	1.663365e+02
4.590000e-06	5.023495e-06	1.479991e-09	2.716188e+01	1.656932e+02
4.600000e-06	4.980217e-06	1.474199e-09	2.692788e+01	1.650355e+02
4.610000e-06	4.936605e-06	1.470762e-09	2.669207e+01	1.643638e+02
4.620000e-06	4.892769e-06	1.466380e-09	2.645505e+01	1.636782e+02
4.630000e-06	4.848759e-06	1.461413e-09	2.621709e+01	1.629793e+02
4.640000e-06	4.804521e-06	1.456597e-09	2.597789e+01	1.622675e+02
4.650000e-06	4.759934e-06	1.450020e-09	2.573681e+01	1.615434e+02
4.660000e-06	4.715093e-06	1.442129e-09	2.549436e+01	1.608074e+02
4.670000e-06	4.670020e-06	1.434349e-09	2.525065e+01	1.600602e+02
4.680000e-06	4.624486e-06	1.426280e-09	2.500445e+01	1.593025e+02
4.690000e-06	4.578495e-06	1.418246e-09	2.475578e+01	1.585348e+02
4.700000e-06	4.532161e-06	1.412181e-09	2.450525e+01	1.577579e+02
4.710000e-06	4.485511e-06	1.408214e-09	2.425302e+01	1.569722e+02
4.720000e-06	4.438601e-06	1.403374e-09	2.399938e+01	1.561785e+02
4.730000e-06	4.391416e-06	1.395431e-09	2.374425e+01	1.553770e+02
4.740000e-06	4.343909e-06	1.385020e-09	2.348738e+01	1.545684e+02
4.750000e-06	4.296135e-06	1.377402e-09	2.322907e+01	1.537529e+02
4.760000e-06	4.248023e-06	1.372454e-09	2.296893e+01	1.529308e+02
4.770000e-06	4.199389e-06	1.364704e-09	2.270597e+01	1.521022e+02
4.780000e-06	4.150353e-06	1.356675e-09	2.244083e+01	1.512671e+02
4.790000e-06	4.100967e-06	1.351515e-09	2.217380e+01	1.504256e+02
4.800000e-06	4.051245e-06	1.345720e-09	2.190495e+01	1.495774e+02
4.810000e-06	4.001279e-06	1.338328e-09	2.163479e+01	1.487222e+02
4.820000e-06	3.951008e-06	1.330574e-09	2.136298e+01	1.478596e+02
4.830000e-06	3.900433e-06	1.322467e-09	2.108952e+01	1.469891e+02
4.840000e-06	3.849524e-06	1.314137e-09	2.081426e+01	1.461100e+02
4.850000e-06	3.798289e-06	1.306883e-09	2.053723e+01	1.452217e+02
4.860000e-06	3.746776e-06	1.299457e-09	2.025870e+01	1.443233e+02
4.870000e-06	3.695020e-06	1.291593e-09	1.997886e+01	1.434140e+02
4.880000e-06	3.643046e-06	1.283534e-09	1.969784e+01	1.424929e+02
4.890000e-06	3.590872e-06	1.275600e-09	1.941573e+01	1.415591e+02
4.900000e-06	3.538417e-06	1.267978e-09	1.913211e+01	1.406116e+02
4.910000e-06	3.485561e-06	1.260680e-09	1.884632e+01	1.396495e+02
4.920000e-06	3.432455e-06	1.253581e-09	1.855918e+01	1.386720e+02
4.930000e-06	3.378968e-06	1.244376e-09	1.826997e+01	1.376780e+02
4.940000e-06	3.325052e-06	1.233715e-09	1.797845e+01	1.366669e+02
4.950000e-06	3.270879e-06	1.224363e-09	1.768554e+01	1.356378e+02
4.960000e-06	3.216319e-06	1.215558e-09	1.739054e+01	1.345902e+02
4.970000e-06	3.161243e-06	1.205395e-09	1.709274e+01	1.335235e+02
4.980000e-06	3.105705e-06	1.195033e-09	1.679245e+01	1.324373e+02
4.990000e-06	3.049904e-06	1.185804e-09	1.649074e+01	1.313311e+02
5.000000e-06	2.993957e-06	1.176984e-09	1.618823e+01	1.302049e+02
5.010000e-06	2.937881e-06	1.166496e-09	1.588503e+01	1.290586e+02
5.020000e-06	2.881732e-06	1.154872e-09	1.558144e+01	1.278921e+02
5.030000e-06	2.825525e-06	1.143986e-09	1.527753e+01	1.267058e+02
5.040000e-06	2.769152e-06	1.134553e-09	1.497272e+01	1.254997e+02
5.050000e-06	2.712550e-06	1.125832e-09	1.466667e+01	1.242744e+02
5.060000e-06	2.655767e-06	1.116392e-09	1.435965e+01	1.230303e+02
5.070000e-06	2.598781e-06	1.104977e-09	1.405153e+01	1.217679e+02
5.080000e-06	2.541604e-06	1.092568e-09	1.374237e+01	1.204877e+02
5.090000e-06	2.484399e-06	1.080583e-09	1.343307e+01	1.191905e+02
5.100000e-06	2.427050e-06	1.068957e-09	1.312298e+01	1.178768e+02
5.110000e-06	2.369445e-06	1.056968e-09	1.281151e+01	1.165472e+02
5.120000e-06	2.311677e-06	1.044296e-09	1.249917e+01	1.152022e+02
5.130000e-06	2.253751e-06	1.031499e-09	1.218596e+01	1.138425e+02
5.140000e-06	2.195709e-06	1.019776e-09	1.187213e+01	1.124683e+02
5.150000e-06	2.137512e-06	1.008575e-09	1.155746e+01	1.110801e+02
5.160000e-06	2.079022e-06	9.960846e-10	1.124120e+01	1.096780e+02
5.170000e-06	2.020405e-06	9.816051e-10	1.092427e+01	1.082619e+02
5.180000e-06	1.961791e-06	9.671741e-10	1.060734e+01	1.068318e+02
5.190000e-06	1.902947e-06	9.543328e-10	1.028918e+01	1.053873e+02
5.200000e-06	1.843915e-06	9.421121e-10	9.969991e+00	1.039279e+02
5.210000e-06	1.784861e-06	9.293386e-10	9.650685e+00	1.024529e+02
5.220000e-06	1.725589e-06	9.149867e-10	9.330205e+00	1.009613e+02
5.230000e-06	1.666144e-06	9.004930e-10	9.008791e+00	9.945196e+01
5.240000e-06	1.606638e-06	8.862316e-10	8.687040e+00	9.792350e+01
5.250000e-06	1.546905e-06	8.712166e-10	8.364066e+00	9.637438e+01
5.260000e-06	1.487009e-06	8.563434e-10	8.040209e+00	9.480282e+01
5.270000e-06	1.427085e-06	8.419624e-10	7.716204e+00	9.320691e+01
5.280000e-06	1.367162e-06	8.268060e-10	7.392201e+00	9.158456e+01
5.290000e-06	1.307230e-06	8.107039e-10	7.068153e+00	8.993354e+01
5.300000e-06	1.247214e-06	7.940755e-10	6.743648e+00	8.825152e+01
5.310000e-06	1.187096e-06	7.769348e-10	6.418593e+00	8.653610e+01
5.320000e-06	1.126942e-06	7.596569e-10	6.093343e+00	8.478481e+01
5.330000e-06	1.066763e-06	7.431253e-10	5.767956e+00	8.299520e+01
5.340000e-06	1.006581e-06	7.284879e-10	5.442554e+00	8.116481e+01
5.350000e-06	9.463663e-07	7.134870e-10	5.116973e+00	7.929123e+01
5.360000e-06	8.861435e-07	6.953435e-10	4.791350e+00	7.737218e+01
5.370000e-06	8.259404e-07	6.759326e-10	4.465834e+00	7.540548e+01
5.380000e-06	7.656980e-07	6.571114e-10	4.140105e+00	7.338911e+01
5.390000e-06	7.054304e-07	6.386041e-10	3.814240e+00	7.132127e+01
5.400000e-06	6.451119e-07	6.194429e-10	3.488100e+00	6.920037e+01
5.410000e-06	5.847499e-07	5.998045e-10	3.161725e+00	6.702509e+01
5.420000e-06	5.243345e-07	5.800891e-10	2.835060e+00	6.479439e+01
5.430000e-06	4.639023e-07	5.604033e-10	2.508305e+00	6.250755e+01
5.440000e-06	4.035266e-07	5.405974e-10	2.181856e+00	6.016417e+01
5.450000e-06	3.430497e-07	5.188052e-10	1.854859e+00	5.776420e+01
5.460000e-06	2.825395e-07	4.946796e-10	1.527682e+00	5.530794e+01
5.470000e-06	2.220292e-07	4.702218e-10	1.200505e+00	5.279608e+01
5.480000e-06	1.614594e-07	4.479975e-10	8.730059e-01	5.022965e+01
5.490000e-06	1.009101e-07	4.271016e-10	5.456180e-01	4.761005e+01
5.500000e-06	4.032630e-08	4.047977e-10	2.180431e-01	4.493906e+01
5.510000e-06	-2.029557e-08	3.802964e-10	-1.097375e-01	4.221878e+01
5.520000e-06	-8.089115e-08	3.548865e-10	-4.373759e-01	3.945167e+01
5.530000e-06	-1.414112e-07	3.300736e-10	-7.646057e-01	3.664047e+01
5.540000e-06	-2.018516e-07	3.051549e-10	-1.091405e+00	3.378825e+01
5.550000e-06	-2.622769e-07	2.799154e-10	-1.418123e+00	3.089833e+01
5.560000e-06	-3.227154e-07	2.545175e-10	-1.744912e+00	2.797424e+01
5.570000e-06	-3.831816e-07	2.294259e-10	-2.071851e+00	2.501976e+01
5.580000e-06	-4.436952e-07	2.051729e-10	-2.399046e+00	2.203879e+01
5.590000e-06	-5.042088e-07	1.800063e-10	-2.726241e+00	1.903542e+01
5.600000e-06	-5.646815e-07	1.534476e-10	-3.053215e+00	1.601379e+01
5.610000e-06	-6.250942e-07	1.263082e-10	-3.379865e+00	1.297812e+01
5.620000e-06	-6.854517e-07	9.918413e-11	-3.706216e+00	9.932667e+00
5.630000e-06	-7.457682e-07	7.287831e-11	-4.032346e+00	6.881658e+00
5.640000e-06	-8.060482e-07	4.658958e-11	-4.358277e+00	3.829281e+00
5.650000e-06	-8.662977e-07	1.916984e-11	-4.684044e+00	7.796448e-01
5.660000e-06	-9.264807e-07	-8.766913e-12	-5.009452e+00	-2.263258e+00
5.670000e-06	-9.865977e-07	-3.518630e-11	-5.334503e+00	-5.295575e+00
5.680000e-06	-1.046756e-06	-5.969949e-11	-5.659777e+00	-8.313625e+00
5.690000e-06	-1.106914e-06	-8.436346e-11	-5.985049e+00	-1.131392e+01
5.700000e-06	-1.166984e-06	-1.105584e-10	-6.309845e+00	-1.429318e+01
5.710000e-06	-1.226977e-06	-1.368843e-10	-6.634226e+00	-1.724837e+01
5.720000e-06	-1.286832e-06	-1.618623e-10	-6.957862e+00	-2.017671e+01
5.730000e-06	-1.346657e-06	-1.863683e-10	-7.281331e+00	-2.307564e+01
5.740000e-06	-1.406576e-06	-2.108747e-10	-7.605311e+00	-2.594292e+01
5.750000e-06	-1.466391e-06	-2.364024e-10	-7.928731e+00	-2.877654e+01
5.760000e-06	-1.526017e-06	-2.635065e-10	-8.251127e+00	-3.157478e+01
5.770000e-06	-1.585478e-06	-2.893979e-10	-8.572631e+00	-3.433619e+01
5.780000e-06	-1.644788e-06	-3.136639e-10	-8.893317e+00	-3.705958e+01
5.790000e-06	-1.704120e-06	-3.383385e-10	-9.214125e+00	-3.974401e+01
5.800000e-06	-1.763363e-06	-3.639799e-10	-9.534451e+00	-4.238882e+01
5.810000e-06	-1.822370e-06	-3.889062e-10	-9.853498e+00	-4.499355e+01
5.820000e-06	-1.881252e-06	-4.120534e-10	-1.017187e+01	-4.755796e+01
5.830000e-06	-1.940033e-06	-4.351884e-10	-1.048970e+01	-5.008204e+01
5.840000e-06	-1.998672e-06	-4.591911e-10	-1.080676e+01	-5.256595e+01
5.850000e-06	-2.057143e-06	-4.830662e-10	-1.112291e+01	-5.501002e+01
5.860000e-06	-2.115454e-06	-5.052949e-10	-1.143819e+01	-5.741473e+01
5.870000e-06	-2.173692e-06	-5.256432e-10	-1.175309e+01	-5.978068e+01
5.880000e-06	-2.231875e-06	-5.464313e-10	-1.206768e+01	-6.210859e+01
5.890000e-06	-2.289855e-06	-5.681738e-10	-1.238118e+01	-6.439928e+01
5.900000e-06	-2.347598e-06	-5.895229e-10	-1.269339e+01	-6.665363e+01
5.910000e-06	-2.405090e-06	-6.103951e-10	-1.300425e+01	-6.887257e+01
5.920000e-06	-2.462282e-06	-6.306954e-10	-1.331348e+01	-7.105706e+01
5.930000e-06	-2.519293e-06	-6.514027e-10	-1.362174e+01	-7.320811e+01
5.940000e-06	-2.576230e-06	-6.734285e-10	-1.392959e+01	-7.532671e+01
5.950000e-06	-2.633013e-06	-6.954051e-10	-1.423662e+01	-7.741384e+01
5.960000e-06	-2.689580e-06	-7.157155e-10	-1.454248e+01	-7.947048e+01
5.970000e-06	-2.745974e-06	-7.350459e-10	-1.484740e+01	-8.149755e+01
5.980000e-06	-2.802275e-06	-7.536577e-10	-1.515181e+01	-8.349594e+01
5.990000e-06	-2.858496e-06	-7.716539e-10	-1.545580e+01	-8.546651e+01
6.000000e-06	-2.914632e-06	-7.895782e-10	-1.575933e+01	-8.741004e+01
6.010000e-06	-2.970578e-06	-8.066626e-10	-1.606182e+01	-8.932726e+01
6.020000e-06	-3.026268e-06	-8.228495e-10	-1.636294e+01	-9.121884e+01
6.030000e-06	-3.081774e-06	-8.393924e-10	-1.666306e+01	-9.308537e+01
6.040000e-06	-3.136975e-06	-8.573204e-10	-1.696153e+01	-9.492740e+01
6.050000e-06	-3.191839e-06	-8.753333e-10	-1.725818e+01	-9.674538e+01
6.060000e-06	-3.246334e-06	-8.920203e-10	-1.755283e+01	-9.853972e+01
6.070000e-06	-3.300424e-06	-9.077489e-10	-1.784529e+01	-1.003108e+02
6.080000e-06	-3.354127e-06	-9.233362e-10	-1.813566e+01	-1.020588e+02
6.090000e-06	-3.407370e-06	-9.396442e-10	-1.842354e+01	-1.037840e+02
6.100000e-06	-3.460263e-06	-9.566622e-10	-1.870953e+01	-1.054867e+02
6.110000e-06	-3.512917e-06	-9.718277e-10	-1.899423e+01	-1.071668e+02
6.120000e-06	-3.565287e-06	-9.855589e-10	-1.927739e+01	-1.088245e+02
6.130000e-06	-3.617350e-06	-1.000924e-09	-1.955890e+01	-1.104599e+02
6.140000e-06	-3.669218e-06	-1.016070e-09	-1.983935e+01	-1.120730e+02
6.150000e-06	-3.720864e-06	-1.030668e-09	-2.011860e+01	-1.136637e+02
6.160000e-06	-3.772251e-06	-1.046516e-09	-2.039644e+01	-1.152321e+02
6.170000e-06	-3.823408e-06	-1.062088e-09	-2.067305e+01	-1.167780e+02
6.180000e-06	-3.874196e-06	-1.076334e-09	-2.094766e+01	-1.183015e+02
6.190000e-06	-3.924632e-06	-1.089159e-09	-2.122036e+01	-1.198025e+02
6.200000e-06	-3.974824e-06	-1.100672e-09	-2.149175e+01	-1.212810e+02
6.210000e-06	-4.024755e-06	-1.111154e-09	-2.176172e+01	-1.227368e+02
6.220000e-06	-4.074281e-06	-1.122915e-09	-2.202951e+01	-1.241699e+02
6.230000e-06	-4.123347e-06	-1.137190e-09	-2.229481e+01	-1.255803e+02
6.240000e-06	-4.171881e-06	-1.151089e-09	-2.255723e+01	-1.269681e+02
6.250000e-06	-4.219876e-06	-1.164162e-09	-2.281674e+01	-1.283330e+02
6.260000e-06	-4.267556e-06	-1.177093e-09	-2.307454e+01	-1.296753e+02
6.270000e-06	-4.314924e-06	-1.189033e-09	-2.333066e+01	-1.309949e+02
6.280000e-06	-4.361991e-06	-1.200032e-09	-2.358515e+01	-1.322919e+02
6.290000e-06	-4.408835e-06	-1.211076e-09	-2.383844e+01	-1.335663e+02
6.300000e-06	-4.455452e-06	-1.222193e-09	-2.409049e+01	-1.348183e+02
6.310000e-06	-4.501842e-06	-1.233163e-09	-2.434132e+01	-1.360481e+02
6.320000e-06	-4.547970e-06	-1.244058e-09	-2.459073e+01	-1.372556e+02
6.330000e-06	-4.593838e-06	-1.255037e-09	-2.483874e+01	-1.384412e+02
6.340000e-06	-4.639402e-06	-1.266170e-09	-2.508510e+01	-1.396051e+02
6.350000e-06	-4.684527e-06	-1.276777e-09	-2.532909e+01	-1.407474e+02
6.360000e-06	-4.729263e-06	-1.286307e-09	-2.557098e+01	-1.418685e+02
6.370000e-06	-4.773666e-06	-1.294802e-09	-2.581107e+01	-1.429685e+02
6.380000e-06	-4.817800e-06	-1.303494e-09	-2.604970e+01	-1.440479e+02
6.390000e-06	-4.861736e-06	-1.313222e-09	-2.628726e+01	-1.451068e+02
6.400000e-06	-4.905458e-06	-1.323009e-09	-2.652366e+01	-1.461457e+02
6.410000e-06	-4.948990e-06	-1.331524e-09	-2.675904e+01	-1.471648e+02
6.420000e-06	-4.992332e-06	-1.340584e-09	-2.699339e+01	-1.481646e+02
6.430000e-06	-5.035313e-06	-1.350012e-09	-2.722578e+01	-1.491453e+02
6.440000e-06	-5.077773e-06	-1.357928e-09	-2.745536e+01	-1.501074e+02
6.450000e-06	-5.119844e-06	-1.365557e-09	-2.768284e+01	-1.510512e+02
6.460000e-06	-5.161619e-06	-1.373627e-09	-2.790871e+01	-1.519771e+02
6.470000e-06	-5.203141e-06	-1.382786e-09	-2.813322e+01	-1.528855e+02
6.480000e-06	-5.244188e-06	-1.391757e-09	-2.835516e+01	-1.537767e+02
6.490000e-06	-5.284738e-06	-1.399104e-09	-2.857442e+01	-1.546512e+02
6.500000e-06	-5.325076e-06	-1.406435e-09	-2.879252e+01	-1.555092e+02
6.510000e-06	-5.365162e-06	-1.413625e-09	-2.900927e+01	-1.563513e+02
6.520000e-06	-5.404985e-06	-1.419885e-09	-2.922459e+01	-1.571777e+02
6.530000e-06	-5.444530e-06	-1.426112e-09	-2.943840e+01	-1.579887e+02
6.540000e-06	-5.483621e-06	-1.432819e-09	-2.964977e+01	-1.587848e+02
6.550000e-06	-5.522108e-06	-1.439906e-09	-2.985787e+01	-1.595662e+02
6.560000e-06	-5.559883e-06	-1.447293e-09	-3.006211e+01	-1.603332e+02
6.570000e-06	-5.597028e-06	-1.454215e-09	-3.026296e+01	-1.610863e+02
6.580000e-06	-5.633703e-06	-1.460409e-09	-3.046126e+01	-1.618255e+02
6.590000e-06	-5.669985e-06	-1.466314e-09	-3.065743e+01	-1.625514e+02
6.600000e-06	-5.705991e-06	-1.472763e-09	-3.085212e+01	-1.632639e+02
6.610000e-06	-5.741753e-06	-1.478940e-09	-3.104548e+01	-1.639636e+02
6.620000e-06	-5.777231e-06	-1.482913e-09	-3.123731e+01	-1.646505e+02
6.630000e-06	-5.812338e-06	-1.486343e-09	-3.142713e+01	-1.653249e+02
6.640000e-06	-5.846975e-06	-1.491229e-09	-3.161441e+01	-1.659871e+02
6.650000e-06	-5.881156e-06	-1.497295e-09	-3.179922e+01	-1.666371e+02
6.660000e-06	-5.914966e-06	-1.502272e-09	-3.198204e+01	-1.672753e+02
6.670000e-06	-5.948372e-06	-1.506736e-09	-3.216266e+01	-1.679019e+02
6.680000e-06	-5.981328e-06	-1.512372e-09	-3.234085e+01	-1.685169e+02
6.690000e-06	-6.013863e-06	-1.517538e-09	-3.251677e+01	-1.691207e+02
6.700000e-06	-6.046055e-06	-1.522338e-09	-3.269083e+01	-1.697133e+02
6.710000e-06	-6.078019e-06	-1.527265e-09	-3.286366e+01	-1.702949e+02
6.720000e-06	-6.109610e-06	-1.530821e-09	-3.303447e+01	-1.708657e+02
6.730000e-06	-6.140627e-06	-1.534763e-09	-3.320218e+01	-1.714259e+02
6.740000e-06	-6.170913e-06	-1.539998e-09	-3.336593e+01	-1.719756e+02
6.750000e-06	-6.200423e-06	-1.544620e-09	-3.352549e+01	-1.725150e+02
6.760000e-06	-6.229274e-06	-1.548340e-09	-3.368149e+01	-1.730443e+02
6.770000e-06	-6.257609e-06	-1.550196e-09	-3.383470e+01	-1.735636e+02
6.780000e-06	-6.285664e-06	-1.551102e-09	-3.398639e+01	-1.740731e+02
6.790000e-06	-6.313558e-06	-1.553949e-09	-3.413721e+01	-1.745730e+02
6.800000e-06	-6.341198e-06	-1.557331e-09	-3.428666e+01	-1.750634e+02
6.810000e-06	-6.368353e-06	-1.560741e-09	-3.443349e+01	-1.755445e+02
6.820000e-06	-6.394917e-06	-1.563935e-09	-3.457712e+01	-1.760165e+02
6.830000e-06	-6.421054e-06	-1.566336e-09	-3.471844e+01	-1.764796e+02
6.840000e-06	-6.446801e-06	-1.569459e-09	-3.485765e+01	-1.769338e+02
6.850000e-06	-6.472120e-06	-1.571970e-09	-3.499455e+01	-1.773795e+02
6.860000e-06	-6.496896e-06	-1.573879e-09	-3.512852e+01	-1.778168e+02
6.870000e-06	-6.521165e-06	-1.576207e-09	-3.525974e+01	-1.782458e+02
6.880000e-06	-6.545194e-06	-1.579481e-09	-3.538966e+01	-1.786667e+02
6.890000e-06	-6.568994e-06	-1.584608e-09	-3.551834e+01	-1.790796e+02
6.900000e-06	-6.592405e-06	-1.589322e-09	-3.564493e+01	-1.794849e+02
6.910000e-06	-6.615228e-06	-1.591140e-09	-3.576833e+01	-1.798825e+02
6.920000e-06	-6.637216e-06	-1.592005e-09	-3.588722e+01	-1.802727e+02
6.930000e-06	-6.658374e-06	-1.594059e-09	-3.600162e+01	-1.806555e+02
6.940000e-06	-6.679027e-06	-1.596813e-09	-3.611329e+01	-1.810312e+02
6.950000e-06	-6.699351e-06	-1.599748e-09	-3.622318e+01	-1.813999e+02
6.960000e-06	-6.719358e-06	-1.602574e-09	-3.633136e+01	-1.817616e+02
6.970000e-06	-6.738873e-06	-1.605936e-09	-3.643688e+01	-1.821166e+02
6.980000e-06	-6.757857e-06	-1.609553e-09	-3.653952e+01	-1.824648e+02
6.990000e-06	-6.776463e-06	-1.611354e-09	-3.664013e+01	-1.828065e+02
7.000000e-06	-6.794632e-06	-1.611917e-09	-3.673836e+01	-1.831416e+02
7.010000e-06	-6.812417e-06	-1.612367e-09	-3.683453e+01	-1.834703e+02
7.020000e-06	-6.829799e-06	-1.613904e-09	-3.692851e+01	-1.837927e+02
7.030000e-06	-6.846623e-06	-1.617169e-09	-3.701948e+01	-1.841086e+02
7.040000e-06	-6.863112e-06	-1.619587e-09	-3.710863e+01	-1.844183e+02
7.050000e-06	-6.879291e-06	-1.620354e-09	-3.719611e+01	-1.847217e+02
7.060000e-06	-6.894939e-06	-1.621470e-09	-3.728072e+01	-1.850188e+02
7.070000e-06	-6.909921e-06	-1.623588e-09	-3.736173e+01	-1.853096e+02
7.080000e-06	-6.924004e-06	-1.625728e-09	-3.743787e+01	-1.855941e+02
7.090000e-06	-6.937192e-06	-1.628034e-09	-3.750918e+01	-1.858722e+02
7.100000e-06	-6.949752e-06	-1.630226e-09	-3.757709e+01	-1.861438e+02
7.110000e-06	-6.961990e-06	-1.631158e-09	-3.764326e+01	-1.864090e+02
7.120000e-06	-6.973833e-06	-1.632808e-09	-3.770730e+01	-1.866675e+02
7.130000e-06	-6.985124e-06	-1.635692e-09	-3.776835e+01	-1.869193e+02
7.140000e-06	-6.995867e-06	-1.637258e-09	-3.782644e+01	-1.871642e+02
7.150000e-06	-7.006127e-06	-1.637212e-09	-3.788191e+01	-1.874021e+02
7.160000e-06	-7.015983e-06	-1.637124e-09	-3.793520e+01	-1.876328e+02
7.170000e-06	-7.025281e-06	-1.638360e-09	-3.798547e+01	-1.878562e+02
7.180000e-06	-7.034056e-06	-1.640630e-09	-3.803292e+01	-1.880720e+02
7.190000e-06	-7.042502e-06	-1.641668e-09	-3.807859e+01	-1.882799e+02
7.200000e-06	-7.050636e-06	-1.641663e-09	-3.812257e+01	-1.884799e+02
7.210000e-06	-7.058317e-06	-1.642264e-09	-3.816410e+01	-1.886716e+02
7.220000e-06	-7.065307e-06	-1.642996e-09	-3.820190e+01	-1.888548e+02
7.230000e-06	-7.071591e-06	-1.642689e-09	-3.823587e+01	-1.890292e+02
7.240000e-06	-7.077339e-06	-1.641393e-09	-3.826695e+01	-1.891946e+02
7.250000e-06	-7.082442e-06	-1.639848e-09	-3.829455e+01	-1.893507e+02
7.260000e-06	-7.086917e-06	-1.639834e-09	-3.831874e+01	-1.894973e+02
7.270000e-06	-7.091050e-06	-1.641134e-09	-3.834108e+01	-1.896341e+02
7.280000e-06	-7.094804e-06	-1.642595e-09	-3.836139e+01	-1.897608e+02
7.290000e-06	-7.098072e-06	-1.643153e-09	-3.837905e+01	-1.898773e+02
7.300000e-06	-7.100891e-06	-1.642219e-09	-3.839430e+01	-1.899834e+02
7.310000e-06	-7.103254e-06	-1.640845e-09	-3.840707e+01	-1.900787e+02
7.320000e-06	-7.105125e-06	-1.639555e-09	-3.841719e+01	-1.901633e+02
7.330000e-06	-7.106408e-06	-1.639727e-09	-3.842413e+01	-1.902369e+02
7.340000e-06	-7.107213e-06	-1.640260e-09	-3.842848e+01	-1.902995e+02
