# | fn | tau1 | tau3 | tau5 |
  2  114.65  624.52 1116.78
  3  120.91  573.95 1098.61
  4  114.55  545.19  962.53
  5  113.19  530.58 1003.76
  6  106.60  527.56  833.29
  7  103.96  495.93  924.60
  8  103.47  483.29  935.36
  9  106.74  461.20  857.73
 10  103.65  452.82  836.66
 11  101.97  468.20  854.59
 12   99.83  466.91  719.23
 13  100.66  450.36  676.10
 14   93.44  440.70  748.88
 15   86.99  426.07  768.03
 16   91.32  434.37  696.15
 17   97.90  437.31  650.74
 18   91.66  422.17  625.89
 19   90.61  450.31  735.47
 20   91.09  425.21  686.46
 21   92.27  446.22  656.06
 22   86.93  413.39  723.44
 23   89.41  430.93  668.35
 24   89.97  429.13  675.33
 25   91.27  404.48  714.83
 26   97.33  404.84  707.14
 27   97.90  419.31  697.21
 28   97.58  419.79  733.56
 29   96.50  418.38  740.30
 30  108.65  416.04  789.40
 31  103.58  444.58  844.21
 32  110.32  447.74  919.67
 33  114.82  474.24 1021.00
 34  120.48  517.68 1041.30
 35  123.03  512.33 1093.43
 36  127.12  541.65 1330.93
 37  134.04  554.56 1343.49
 38  136.65  576.26 1314.54
 39  143.96  582.05 1297.76
 40  140.33  576.35 1300.26
 41  135.20  601.65 1291.45
 42  140.28  591.29 1302.75
 43  139.44  604.75 1298.64
 44  137.45  608.63 1313.51
 45  143.34  601.74 1271.49
 46  135.24  601.22 1253.09
 47  140.41  581.16 1290.02
 48  147.23  610.61 1219.80
 49  146.80  574.28 1238.03
 50  143.40  589.71 1269.91
 51  140.14  618.15 1319.18
 52  134.99  607.23 1225.86
 53  140.14  591.34 1216.06
 54  137.34  611.53 1235.67
 55  140.65  607.01 1196.89
 56  139.38  630.28 1197.47
 57  147.66  604.77 1134.66
 58  139.95  603.11 1142.74
 59  141.83  602.63 1162.47
 60  138.37  587.12 1124.27
 61  145.42  589.37 1192.10
 62  138.67  623.45 1131.46
 63  138.69  586.21 1150.18
 64  141.41  577.87 1144.79
 65  142.17  579.46 1111.59
 66  145.05  594.74 1125.98
 67  140.82  589.05 1127.40
 68  142.39  594.17 1108.08
 69  138.74  604.57 1074.87
 70  143.04  595.04 1082.21
 71  139.88  593.81 1065.60
 72  141.40  586.76 1122.62
 73  136.67  595.72 1092.59
 74  143.96  598.07 1085.10
 75  145.63  573.61 1106.13
 76  137.23  598.74 1087.09
 77  140.13  597.87 1143.22
 78  141.40  578.22 1062.69
 79  138.51  586.43 1068.67
 80  137.92  583.86 1004.94
 81  140.31  586.39 1082.50
 82  136.68  598.11 1036.51
 83  143.32  587.50 1067.52
 84  144.11  581.33 1083.20
 85  141.28  564.79 1060.32
 86  143.68  565.47 1076.62
 87  143.88  579.63 1092.98
 88  147.84  569.99 1082.64
 89  139.40  586.70 1073.38
 90  139.25  602.21 1057.33
 91  145.09  566.87 1034.31
 92  144.31  566.78 1061.59
 93  141.26  564.71 1073.19
 94  138.01  562.22 1017.13
