# Temperatura_=_20.0
# Concentracion g/m^3_=_7400.0
# C_Vs_to_Am_M_A/Vsm_=_116720831517.84952
# pendiente_HvsI_1/m_=_3716.3
# ordenada_HvsI_A/m_=_1297.0
# frecuencia_Hz_=_136128.78158750193
# Promedio de 78 ciclos

Tiempo_(s)	Campo_(V.s)	Magnetizacion_(V.s)	Campo_(kA/m)	Magnetizacion_(A/m)
0.000000e+00	-7.119947e-09	-1.399789e-09	-3.842523e+01	-1.639849e+02
1.000000e-08	-7.120137e-09	-1.399253e-09	-3.842626e+01	-1.639835e+02
2.000000e-08	-7.119964e-09	-1.399411e-09	-3.842535e+01	-1.639739e+02
3.000000e-08	-7.119262e-09	-1.398916e-09	-3.842156e+01	-1.639564e+02
4.000000e-08	-7.117854e-09	-1.397710e-09	-3.841396e+01	-1.639310e+02
5.000000e-08	-7.115687e-09	-1.396488e-09	-3.840226e+01	-1.638979e+02
6.000000e-08	-7.112842e-09	-1.395623e-09	-3.838690e+01	-1.638574e+02
7.000000e-08	-7.109485e-09	-1.395099e-09	-3.836877e+01	-1.638097e+02
8.000000e-08	-7.105709e-09	-1.397254e-09	-3.834840e+01	-1.637550e+02
9.000000e-08	-7.101365e-09	-1.399396e-09	-3.832496e+01	-1.636936e+02
1.000000e-07	-7.096259e-09	-1.382335e-09	-3.829740e+01	-1.636257e+02
1.100000e-07	-7.090521e-09	-1.355636e-09	-3.826647e+01	-1.635516e+02
1.200000e-07	-7.084497e-09	-1.382770e-09	-3.823399e+01	-1.634718e+02
1.300000e-07	-7.078248e-09	-1.438197e-09	-3.820025e+01	-1.633863e+02
1.400000e-07	-7.071522e-09	-1.410739e-09	-3.816390e+01	-1.632957e+02
1.500000e-07	-7.064225e-09	-1.333690e-09	-3.812452e+01	-1.632003e+02
1.600000e-07	-7.056559e-09	-1.361384e-09	-3.808317e+01	-1.631002e+02
1.700000e-07	-7.048568e-09	-1.447526e-09	-3.804006e+01	-1.629960e+02
1.800000e-07	-7.039992e-09	-1.398607e-09	-3.799374e+01	-1.628879e+02
1.900000e-07	-7.030656e-09	-1.293852e-09	-3.794333e+01	-1.627762e+02
2.000000e-07	-7.020681e-09	-1.352982e-09	-3.788950e+01	-1.626611e+02
2.100000e-07	-7.010222e-09	-1.467140e-09	-3.783302e+01	-1.625431e+02
2.200000e-07	-6.999177e-09	-1.398585e-09	-3.777335e+01	-1.624223e+02
2.300000e-07	-6.987467e-09	-1.289148e-09	-3.771015e+01	-1.622988e+02
2.400000e-07	-6.975220e-09	-1.354983e-09	-3.764406e+01	-1.621730e+02
2.500000e-07	-6.962465e-09	-1.432234e-09	-3.757521e+01	-1.620450e+02
2.600000e-07	-6.949109e-09	-1.355649e-09	-3.750309e+01	-1.619147e+02
2.700000e-07	-6.935126e-09	-1.311320e-09	-3.742762e+01	-1.617824e+02
2.800000e-07	-6.920478e-09	-1.388149e-09	-3.734858e+01	-1.616480e+02
2.900000e-07	-6.905080e-09	-1.390899e-09	-3.726544e+01	-1.615115e+02
3.000000e-07	-6.889000e-09	-1.319424e-09	-3.717861e+01	-1.613728e+02
3.100000e-07	-6.872433e-09	-1.346671e-09	-3.708919e+01	-1.612319e+02
3.200000e-07	-6.855473e-09	-1.388493e-09	-3.699764e+01	-1.610885e+02
3.300000e-07	-6.838112e-09	-1.322643e-09	-3.690393e+01	-1.609425e+02
3.400000e-07	-6.820328e-09	-1.313043e-09	-3.680796e+01	-1.607936e+02
3.500000e-07	-6.802064e-09	-1.396634e-09	-3.670941e+01	-1.606417e+02
3.600000e-07	-6.783281e-09	-1.367786e-09	-3.660803e+01	-1.604863e+02
3.700000e-07	-6.764019e-09	-1.278662e-09	-3.650408e+01	-1.603273e+02
3.800000e-07	-6.744386e-09	-1.328146e-09	-3.639816e+01	-1.601642e+02
3.900000e-07	-6.724409e-09	-1.386710e-09	-3.629037e+01	-1.599967e+02
4.000000e-07	-6.704001e-09	-1.316756e-09	-3.618021e+01	-1.598245e+02
4.100000e-07	-6.683088e-09	-1.293890e-09	-3.606733e+01	-1.596472e+02
4.200000e-07	-6.661681e-09	-1.361110e-09	-3.595180e+01	-1.594644e+02
4.300000e-07	-6.639802e-09	-1.344073e-09	-3.583372e+01	-1.592759e+02
4.400000e-07	-6.617465e-09	-1.293137e-09	-3.571318e+01	-1.590813e+02
4.500000e-07	-6.594667e-09	-1.327687e-09	-3.559012e+01	-1.588802e+02
4.600000e-07	-6.571432e-09	-1.337236e-09	-3.546471e+01	-1.586725e+02
4.700000e-07	-6.547865e-09	-1.290960e-09	-3.533752e+01	-1.584577e+02
4.800000e-07	-6.523982e-09	-1.310485e-09	-3.520864e+01	-1.582359e+02
4.900000e-07	-6.499643e-09	-1.341774e-09	-3.507730e+01	-1.580066e+02
5.000000e-07	-6.474672e-09	-1.298517e-09	-3.494256e+01	-1.577698e+02
5.100000e-07	-6.448971e-09	-1.282559e-09	-3.480387e+01	-1.575254e+02
5.200000e-07	-6.422550e-09	-1.317294e-09	-3.466128e+01	-1.572733e+02
5.300000e-07	-6.395527e-09	-1.304207e-09	-3.451545e+01	-1.570134e+02
5.400000e-07	-6.368066e-09	-1.277943e-09	-3.436726e+01	-1.567458e+02
5.500000e-07	-6.340271e-09	-1.296950e-09	-3.421725e+01	-1.564705e+02
5.600000e-07	-6.312127e-09	-1.299499e-09	-3.406536e+01	-1.561875e+02
5.700000e-07	-6.283587e-09	-1.277721e-09	-3.391132e+01	-1.558969e+02
5.800000e-07	-6.254617e-09	-1.283071e-09	-3.375497e+01	-1.555989e+02
5.900000e-07	-6.225216e-09	-1.287744e-09	-3.359630e+01	-1.552935e+02
6.000000e-07	-6.195421e-09	-1.270834e-09	-3.343550e+01	-1.549810e+02
6.100000e-07	-6.165206e-09	-1.270152e-09	-3.327245e+01	-1.546614e+02
6.200000e-07	-6.134508e-09	-1.277602e-09	-3.310679e+01	-1.543349e+02
6.300000e-07	-6.103379e-09	-1.268412e-09	-3.293879e+01	-1.540017e+02
6.400000e-07	-6.071941e-09	-1.261929e-09	-3.276912e+01	-1.536619e+02
6.500000e-07	-6.040248e-09	-1.263058e-09	-3.259809e+01	-1.533156e+02
6.600000e-07	-6.008238e-09	-1.257691e-09	-3.242535e+01	-1.529630e+02
6.700000e-07	-5.975764e-09	-1.253520e-09	-3.225012e+01	-1.526040e+02
6.800000e-07	-5.942644e-09	-1.252925e-09	-3.207140e+01	-1.522388e+02
6.900000e-07	-5.908791e-09	-1.247654e-09	-3.188870e+01	-1.518674e+02
7.000000e-07	-5.874271e-09	-1.241967e-09	-3.170239e+01	-1.514898e+02
7.100000e-07	-5.839227e-09	-1.238051e-09	-3.151327e+01	-1.511058e+02
7.200000e-07	-5.803813e-09	-1.232860e-09	-3.132215e+01	-1.507155e+02
7.300000e-07	-5.768136e-09	-1.230136e-09	-3.112961e+01	-1.503187e+02
7.400000e-07	-5.732207e-09	-1.227785e-09	-3.093571e+01	-1.499152e+02
7.500000e-07	-5.695954e-09	-1.222479e-09	-3.074006e+01	-1.495049e+02
7.600000e-07	-5.659293e-09	-1.219302e-09	-3.054220e+01	-1.490876e+02
7.700000e-07	-5.622197e-09	-1.217736e-09	-3.034197e+01	-1.486630e+02
7.800000e-07	-5.584679e-09	-1.212160e-09	-3.013948e+01	-1.482308e+02
7.900000e-07	-5.546731e-09	-1.204950e-09	-2.993468e+01	-1.477909e+02
8.000000e-07	-5.508294e-09	-1.199446e-09	-2.972724e+01	-1.473428e+02
8.100000e-07	-5.469408e-09	-1.194324e-09	-2.951738e+01	-1.468863e+02
8.200000e-07	-5.430180e-09	-1.190242e-09	-2.930568e+01	-1.464211e+02
8.300000e-07	-5.390705e-09	-1.186823e-09	-2.909264e+01	-1.459470e+02
8.400000e-07	-5.351021e-09	-1.182055e-09	-2.887846e+01	-1.454636e+02
8.500000e-07	-5.311070e-09	-1.176479e-09	-2.866286e+01	-1.449707e+02
8.600000e-07	-5.270729e-09	-1.171850e-09	-2.844515e+01	-1.444680e+02
8.700000e-07	-5.229930e-09	-1.167301e-09	-2.822499e+01	-1.439555e+02
8.800000e-07	-5.188679e-09	-1.161621e-09	-2.800237e+01	-1.434328e+02
8.900000e-07	-5.146873e-09	-1.154272e-09	-2.777674e+01	-1.429000e+02
9.000000e-07	-5.104452e-09	-1.146973e-09	-2.754780e+01	-1.423568e+02
9.100000e-07	-5.061474e-09	-1.141810e-09	-2.731586e+01	-1.418033e+02
9.200000e-07	-5.018094e-09	-1.137364e-09	-2.708174e+01	-1.412394e+02
9.300000e-07	-4.974458e-09	-1.131644e-09	-2.684626e+01	-1.406651e+02
9.400000e-07	-4.930576e-09	-1.125464e-09	-2.660944e+01	-1.400806e+02
9.500000e-07	-4.886400e-09	-1.119899e-09	-2.637102e+01	-1.394860e+02
9.600000e-07	-4.841910e-09	-1.114979e-09	-2.613092e+01	-1.388813e+02
9.700000e-07	-4.797100e-09	-1.109776e-09	-2.588909e+01	-1.382668e+02
9.800000e-07	-4.751947e-09	-1.103683e-09	-2.564540e+01	-1.376427e+02
9.900000e-07	-4.706438e-09	-1.097210e-09	-2.539979e+01	-1.370091e+02
1.000000e-06	-4.660608e-09	-1.091483e-09	-2.515245e+01	-1.363662e+02
1.010000e-06	-4.614459e-09	-1.086494e-09	-2.490340e+01	-1.357144e+02
1.020000e-06	-4.567972e-09	-1.081136e-09	-2.465256e+01	-1.350537e+02
1.030000e-06	-4.521154e-09	-1.074876e-09	-2.439991e+01	-1.343845e+02
1.040000e-06	-4.474038e-09	-1.068554e-09	-2.414565e+01	-1.337068e+02
1.050000e-06	-4.426658e-09	-1.063751e-09	-2.388997e+01	-1.330209e+02
1.060000e-06	-4.379028e-09	-1.059376e-09	-2.363295e+01	-1.323268e+02
1.070000e-06	-4.331156e-09	-1.054350e-09	-2.337461e+01	-1.316247e+02
1.080000e-06	-4.283001e-09	-1.048350e-09	-2.311472e+01	-1.309145e+02
1.090000e-06	-4.234476e-09	-1.041368e-09	-2.285284e+01	-1.301963e+02
1.100000e-06	-4.185522e-09	-1.034626e-09	-2.258865e+01	-1.294699e+02
1.110000e-06	-4.136121e-09	-1.028495e-09	-2.232204e+01	-1.287352e+02
1.120000e-06	-4.086240e-09	-1.022038e-09	-2.205281e+01	-1.279921e+02
1.130000e-06	-4.035880e-09	-1.015183e-09	-2.178098e+01	-1.272402e+02
1.140000e-06	-3.985107e-09	-1.008622e-09	-2.150693e+01	-1.264793e+02
1.150000e-06	-3.933988e-09	-1.002981e-09	-2.123105e+01	-1.257089e+02
1.160000e-06	-3.882581e-09	-9.973133e-10	-2.095362e+01	-1.249288e+02
1.170000e-06	-3.830902e-09	-9.904071e-10	-2.067474e+01	-1.241383e+02
1.180000e-06	-3.778940e-09	-9.830596e-10	-2.039434e+01	-1.233370e+02
1.190000e-06	-3.726685e-09	-9.761008e-10	-2.011234e+01	-1.225243e+02
1.200000e-06	-3.674123e-09	-9.693912e-10	-1.982867e+01	-1.216997e+02
1.210000e-06	-3.621260e-09	-9.626533e-10	-1.954338e+01	-1.208626e+02
1.220000e-06	-3.568132e-09	-9.552509e-10	-1.925667e+01	-1.200124e+02
1.230000e-06	-3.514763e-09	-9.471971e-10	-1.896865e+01	-1.191485e+02
1.240000e-06	-3.461163e-09	-9.392315e-10	-1.867940e+01	-1.182703e+02
1.250000e-06	-3.407337e-09	-9.325973e-10	-1.838893e+01	-1.173773e+02
1.260000e-06	-3.353290e-09	-9.263990e-10	-1.809724e+01	-1.164689e+02
1.270000e-06	-3.299012e-09	-9.180995e-10	-1.780430e+01	-1.155448e+02
1.280000e-06	-3.244481e-09	-9.090514e-10	-1.750999e+01	-1.146044e+02
1.290000e-06	-3.189716e-09	-9.012607e-10	-1.721440e+01	-1.136474e+02
1.300000e-06	-3.134742e-09	-8.938041e-10	-1.691768e+01	-1.126734e+02
1.310000e-06	-3.079563e-09	-8.852219e-10	-1.661988e+01	-1.116823e+02
1.320000e-06	-3.024202e-09	-8.762605e-10	-1.632113e+01	-1.106739e+02
1.330000e-06	-2.968685e-09	-8.676634e-10	-1.602151e+01	-1.096481e+02
1.340000e-06	-2.913030e-09	-8.589279e-10	-1.572115e+01	-1.086049e+02
1.350000e-06	-2.857261e-09	-8.505061e-10	-1.542019e+01	-1.075443e+02
1.360000e-06	-2.801373e-09	-8.422899e-10	-1.511858e+01	-1.064664e+02
1.370000e-06	-2.745346e-09	-8.335842e-10	-1.481623e+01	-1.053716e+02
1.380000e-06	-2.689155e-09	-8.248678e-10	-1.451299e+01	-1.042599e+02
1.390000e-06	-2.632778e-09	-8.162349e-10	-1.420875e+01	-1.031318e+02
1.400000e-06	-2.576192e-09	-8.073701e-10	-1.390336e+01	-1.019875e+02
1.410000e-06	-2.519371e-09	-7.976024e-10	-1.359670e+01	-1.008274e+02
1.420000e-06	-2.462296e-09	-7.875620e-10	-1.328864e+01	-9.965193e+01
1.430000e-06	-2.404932e-09	-7.782068e-10	-1.297900e+01	-9.846149e+01
1.440000e-06	-2.347240e-09	-7.687459e-10	-1.266761e+01	-9.725644e+01
1.450000e-06	-2.289239e-09	-7.587006e-10	-1.235453e+01	-9.603713e+01
1.460000e-06	-2.230963e-09	-7.479824e-10	-1.203995e+01	-9.480391e+01
1.470000e-06	-2.172403e-09	-7.367456e-10	-1.172388e+01	-9.355702e+01
1.480000e-06	-2.113601e-09	-7.257032e-10	-1.140651e+01	-9.229669e+01
1.490000e-06	-2.054613e-09	-7.151801e-10	-1.108812e+01	-9.102303e+01
1.500000e-06	-1.995445e-09	-7.048344e-10	-1.076877e+01	-8.973608e+01
1.510000e-06	-1.936130e-09	-6.938950e-10	-1.044865e+01	-8.843578e+01
1.520000e-06	-1.876715e-09	-6.827845e-10	-1.012800e+01	-8.712194e+01
1.530000e-06	-1.817214e-09	-6.726969e-10	-9.806876e+00	-8.579428e+01
1.540000e-06	-1.757640e-09	-6.624279e-10	-9.485382e+00	-8.445238e+01
1.550000e-06	-1.698009e-09	-6.508758e-10	-9.163584e+00	-8.309570e+01
1.560000e-06	-1.638313e-09	-6.389069e-10	-8.841419e+00	-8.172356e+01
1.570000e-06	-1.578555e-09	-6.273692e-10	-8.518937e+00	-8.033516e+01
1.580000e-06	-1.518738e-09	-6.163780e-10	-8.196144e+00	-7.892959e+01
1.590000e-06	-1.458843e-09	-6.048704e-10	-7.872905e+00	-7.750579e+01
1.600000e-06	-1.398855e-09	-5.926359e-10	-7.549171e+00	-7.606263e+01
1.610000e-06	-1.338789e-09	-5.805241e-10	-7.225008e+00	-7.459885e+01
1.620000e-06	-1.278646e-09	-5.683896e-10	-6.900442e+00	-7.311311e+01
1.630000e-06	-1.218413e-09	-5.562590e-10	-6.575405e+00	-7.160402e+01
1.640000e-06	-1.158104e-09	-5.438951e-10	-6.249949e+00	-7.007010e+01
1.650000e-06	-1.097741e-09	-5.310507e-10	-5.924180e+00	-6.850985e+01
1.660000e-06	-1.037323e-09	-5.184260e-10	-5.598104e+00	-6.692177e+01
1.670000e-06	-9.768372e-10	-5.063858e-10	-5.271674e+00	-6.530432e+01
1.680000e-06	-9.162806e-10	-4.937641e-10	-4.944863e+00	-6.365602e+01
1.690000e-06	-8.556632e-10	-4.796351e-10	-4.617731e+00	-6.197542e+01
1.700000e-06	-7.949890e-10	-4.657834e-10	-4.290308e+00	-6.026115e+01
1.710000e-06	-7.342566e-10	-4.530773e-10	-3.962537e+00	-5.851190e+01
1.720000e-06	-6.734685e-10	-4.400232e-10	-3.634453e+00	-5.672651e+01
1.730000e-06	-6.126147e-10	-4.263867e-10	-3.306042e+00	-5.490393e+01
1.740000e-06	-5.517114e-10	-4.123775e-10	-2.977350e+00	-5.304324e+01
1.750000e-06	-4.907658e-10	-3.976277e-10	-2.648429e+00	-5.114373e+01
1.760000e-06	-4.297741e-10	-3.821948e-10	-2.319283e+00	-4.920484e+01
1.770000e-06	-3.687506e-10	-3.663914e-10	-1.989940e+00	-4.722623e+01
1.780000e-06	-3.076937e-10	-3.504258e-10	-1.660415e+00	-4.520775e+01
1.790000e-06	-2.466275e-10	-3.343051e-10	-1.330854e+00	-4.314949e+01
1.800000e-06	-1.855734e-10	-3.176100e-10	-1.001357e+00	-4.105174e+01
1.810000e-06	-1.245192e-10	-3.003828e-10	-6.718811e-01	-3.891506e+01
1.820000e-06	-6.346426e-11	-2.832286e-10	-3.424165e-01	-3.674020e+01
1.830000e-06	-2.412669e-12	-2.653980e-10	-1.295106e-02	-3.452817e+01
1.840000e-06	5.864332e-11	-2.467083e-10	3.165485e-01	-3.228021e+01
1.850000e-06	1.197048e-10	-2.282396e-10	6.460779e-01	-2.999776e+01
1.860000e-06	1.807744e-10	-2.103472e-10	9.756509e-01	-2.768250e+01
1.870000e-06	2.418284e-10	-1.926194e-10	1.305147e+00	-2.533629e+01
1.880000e-06	3.028698e-10	-1.740852e-10	1.634582e+00	-2.296120e+01
1.890000e-06	3.639048e-10	-1.546717e-10	1.963964e+00	-2.055947e+01
1.900000e-06	4.249185e-10	-1.353467e-10	2.293236e+00	-1.813348e+01
1.910000e-06	4.858994e-10	-1.157477e-10	2.622369e+00	-1.568577e+01
1.920000e-06	5.468292e-10	-9.630440e-11	2.951227e+00	-1.321898e+01
1.930000e-06	6.077165e-10	-7.773151e-11	3.279843e+00	-1.073588e+01
1.940000e-06	6.685484e-10	-5.866787e-11	3.608159e+00	-8.239273e+00
1.950000e-06	7.292957e-10	-3.834088e-11	3.936032e+00	-5.732046e+00
1.960000e-06	7.899759e-10	-1.763732e-11	4.263556e+00	-3.217104e+00
1.970000e-06	8.505996e-10	2.531594e-12	4.590751e+00	-6.973649e-01
1.980000e-06	9.111595e-10	2.176331e-11	4.917585e+00	1.824268e+00
1.990000e-06	9.716636e-10	4.067682e-11	5.244132e+00	4.344926e+00
2.000000e-06	1.032108e-09	6.024291e-11	5.570366e+00	6.861794e+00
2.010000e-06	1.092486e-09	7.999317e-11	5.896224e+00	9.372133e+00
2.020000e-06	1.152797e-09	9.974482e-11	6.221707e+00	1.187329e+01
2.030000e-06	1.213035e-09	1.196678e-10	6.546806e+00	1.436274e+01
2.040000e-06	1.273200e-09	1.392350e-10	6.871517e+00	1.683805e+01
2.050000e-06	1.333284e-09	1.584578e-10	7.195791e+00	1.929695e+01
2.060000e-06	1.393278e-09	1.774498e-10	7.519582e+00	2.173730e+01
2.070000e-06	1.453197e-09	1.960657e-10	7.842963e+00	2.415713e+01
2.080000e-06	1.513042e-09	2.142663e-10	8.165936e+00	2.655462e+01
2.090000e-06	1.572826e-09	2.320563e-10	8.488563e+00	2.892813e+01
2.100000e-06	1.632544e-09	2.500461e-10	8.810827e+00	3.127618e+01
2.110000e-06	1.692186e-09	2.686222e-10	9.132690e+00	3.359747e+01
2.120000e-06	1.751769e-09	2.868367e-10	9.454246e+00	3.589088e+01
2.130000e-06	1.811287e-09	3.043870e-10	9.775456e+00	3.815543e+01
2.140000e-06	1.870718e-09	3.213558e-10	1.009618e+01	4.039034e+01
2.150000e-06	1.930057e-09	3.375779e-10	1.041640e+01	4.259497e+01
2.160000e-06	1.989292e-09	3.541309e-10	1.073608e+01	4.476884e+01
2.170000e-06	2.048388e-09	3.710653e-10	1.105500e+01	4.691160e+01
2.180000e-06	2.107302e-09	3.874675e-10	1.137296e+01	4.902307e+01
2.190000e-06	2.166006e-09	4.037445e-10	1.168981e+01	5.110315e+01
2.200000e-06	2.224463e-09	4.202757e-10	1.200533e+01	5.315189e+01
2.210000e-06	2.282637e-09	4.365057e-10	1.231932e+01	5.516943e+01
2.220000e-06	2.340507e-09	4.519200e-10	1.263166e+01	5.715601e+01
2.230000e-06	2.398059e-09	4.664718e-10	1.294229e+01	5.911193e+01
2.240000e-06	2.455300e-09	4.813583e-10	1.325124e+01	6.103760e+01
2.250000e-06	2.512262e-09	4.970663e-10	1.355866e+01	6.293344e+01
2.260000e-06	2.568962e-09	5.121477e-10	1.386466e+01	6.479996e+01
2.270000e-06	2.625417e-09	5.259983e-10	1.416935e+01	6.663767e+01
2.280000e-06	2.681666e-09	5.393630e-10	1.447292e+01	6.844714e+01
2.290000e-06	2.737725e-09	5.524751e-10	1.477545e+01	7.022893e+01
2.300000e-06	2.793636e-09	5.657559e-10	1.507716e+01	7.198363e+01
2.310000e-06	2.849420e-09	5.801450e-10	1.537820e+01	7.371181e+01
2.320000e-06	2.905062e-09	5.951523e-10	1.567847e+01	7.541407e+01
2.330000e-06	2.960551e-09	6.103345e-10	1.597790e+01	7.709094e+01
2.340000e-06	3.015880e-09	6.245988e-10	1.627649e+01	7.874299e+01
2.350000e-06	3.071050e-09	6.370605e-10	1.657423e+01	8.037074e+01
2.360000e-06	3.126041e-09	6.479758e-10	1.687100e+01	8.197469e+01
2.370000e-06	3.180814e-09	6.578441e-10	1.716658e+01	8.355531e+01
2.380000e-06	3.235357e-09	6.679113e-10	1.746095e+01	8.511304e+01
2.390000e-06	3.289673e-09	6.799065e-10	1.775409e+01	8.664829e+01
2.400000e-06	3.343762e-09	6.940763e-10	1.804599e+01	8.816144e+01
2.410000e-06	3.397642e-09	7.081110e-10	1.833678e+01	8.965285e+01
2.420000e-06	3.451311e-09	7.209674e-10	1.862643e+01	9.112283e+01
2.430000e-06	3.504754e-09	7.329548e-10	1.891487e+01	9.257167e+01
2.440000e-06	3.557948e-09	7.443324e-10	1.920193e+01	9.399963e+01
2.450000e-06	3.610867e-09	7.553768e-10	1.948751e+01	9.540696e+01
2.460000e-06	3.663492e-09	7.658476e-10	1.977153e+01	9.679387e+01
2.470000e-06	3.715818e-09	7.759966e-10	2.005393e+01	9.816056e+01
2.480000e-06	3.767856e-09	7.861651e-10	2.033479e+01	9.950719e+01
2.490000e-06	3.819617e-09	7.966839e-10	2.061414e+01	1.008339e+02
2.500000e-06	3.871088e-09	8.075596e-10	2.089190e+01	1.021410e+02
2.510000e-06	3.922236e-09	8.180742e-10	2.116792e+01	1.034284e+02
2.520000e-06	3.973027e-09	8.279881e-10	2.144204e+01	1.046964e+02
2.530000e-06	4.023403e-09	8.376175e-10	2.171392e+01	1.059450e+02
2.540000e-06	4.073325e-09	8.472535e-10	2.198335e+01	1.071744e+02
2.550000e-06	4.122765e-09	8.563121e-10	2.225020e+01	1.083848e+02
2.560000e-06	4.171730e-09	8.645651e-10	2.251449e+01	1.095761e+02
2.570000e-06	4.220279e-09	8.724044e-10	2.277652e+01	1.107487e+02
2.580000e-06	4.268485e-09	8.809089e-10	2.303667e+01	1.119026e+02
2.590000e-06	4.316414e-09	8.905459e-10	2.329533e+01	1.130378e+02
2.600000e-06	4.364105e-09	9.005471e-10	2.355270e+01	1.141547e+02
2.610000e-06	4.411570e-09	9.099257e-10	2.380884e+01	1.152533e+02
2.620000e-06	4.458789e-09	9.182001e-10	2.406367e+01	1.163337e+02
2.630000e-06	4.505692e-09	9.259724e-10	2.431680e+01	1.173961e+02
2.640000e-06	4.552235e-09	9.339047e-10	2.456797e+01	1.184407e+02
2.650000e-06	4.598448e-09	9.419135e-10	2.481738e+01	1.194677e+02
2.660000e-06	4.644340e-09	9.493777e-10	2.506508e+01	1.204772e+02
2.670000e-06	4.689909e-09	9.559530e-10	2.531102e+01	1.214693e+02
2.680000e-06	4.735179e-09	9.626692e-10	2.555534e+01	1.224442e+02
2.690000e-06	4.780137e-09	9.704532e-10	2.579794e+01	1.234022e+02
2.700000e-06	4.824753e-09	9.780163e-10	2.603871e+01	1.243434e+02
2.710000e-06	4.869058e-09	9.851509e-10	2.627783e+01	1.252680e+02
2.720000e-06	4.913094e-09	9.932043e-10	2.651548e+01	1.261761e+02
2.730000e-06	4.956892e-09	1.001884e-09	2.675182e+01	1.270679e+02
2.740000e-06	5.000483e-09	1.010182e-09	2.698704e+01	1.279437e+02
2.750000e-06	5.043837e-09	1.017384e-09	2.722101e+01	1.288036e+02
2.760000e-06	5.086844e-09	1.023585e-09	2.745309e+01	1.296477e+02
2.770000e-06	5.129367e-09	1.029690e-09	2.768255e+01	1.304762e+02
2.780000e-06	5.171288e-09	1.036792e-09	2.790874e+01	1.312894e+02
2.790000e-06	5.212563e-09	1.044727e-09	2.813147e+01	1.320874e+02
2.800000e-06	5.253248e-09	1.052129e-09	2.835105e+01	1.328703e+02
2.810000e-06	5.293477e-09	1.058992e-09	2.856818e+01	1.336385e+02
2.820000e-06	5.333391e-09	1.065806e-09	2.878359e+01	1.343919e+02
2.830000e-06	5.373053e-09	1.072657e-09	2.899764e+01	1.351309e+02
2.840000e-06	5.412474e-09	1.079214e-09	2.921041e+01	1.358556e+02
2.850000e-06	5.451602e-09	1.085088e-09	2.942161e+01	1.365662e+02
2.860000e-06	5.490362e-09	1.090095e-09	2.963081e+01	1.372630e+02
2.870000e-06	5.528705e-09	1.094939e-09	2.983775e+01	1.379460e+02
2.880000e-06	5.566630e-09	1.100953e-09	3.004242e+01	1.386156e+02
2.890000e-06	5.604137e-09	1.107598e-09	3.024483e+01	1.392720e+02
2.900000e-06	5.641211e-09	1.113519e-09	3.044492e+01	1.399153e+02
2.910000e-06	5.677875e-09	1.119109e-09	3.064280e+01	1.405459e+02
2.920000e-06	5.714165e-09	1.125504e-09	3.083867e+01	1.411639e+02
2.930000e-06	5.750136e-09	1.132801e-09	3.103280e+01	1.417697e+02
2.940000e-06	5.785861e-09	1.139449e-09	3.122558e+01	1.423635e+02
2.950000e-06	5.821341e-09	1.143723e-09	3.141704e+01	1.429457e+02
2.960000e-06	5.856501e-09	1.147131e-09	3.160678e+01	1.435164e+02
2.970000e-06	5.891197e-09	1.152299e-09	3.179401e+01	1.440760e+02
2.980000e-06	5.925261e-09	1.158515e-09	3.197784e+01	1.446247e+02
2.990000e-06	5.958602e-09	1.163938e-09	3.215778e+01	1.451630e+02
3.000000e-06	5.991274e-09	1.168820e-09	3.233410e+01	1.456912e+02
3.010000e-06	6.023442e-09	1.173935e-09	3.250770e+01	1.462094e+02
3.020000e-06	6.055259e-09	1.179439e-09	3.267940e+01	1.467182e+02
3.030000e-06	6.086792e-09	1.185642e-09	3.284957e+01	1.472177e+02
3.040000e-06	6.117992e-09	1.191608e-09	3.301795e+01	1.477084e+02
3.050000e-06	6.148776e-09	1.196570e-09	3.318409e+01	1.481904e+02
3.060000e-06	6.179115e-09	1.202273e-09	3.334784e+01	1.486642e+02
3.070000e-06	6.209012e-09	1.208132e-09	3.350918e+01	1.491301e+02
3.080000e-06	6.238481e-09	1.212157e-09	3.366821e+01	1.495883e+02
3.090000e-06	6.267533e-09	1.216010e-09	3.382500e+01	1.500390e+02
3.100000e-06	6.296168e-09	1.221202e-09	3.397953e+01	1.504826e+02
3.110000e-06	6.324407e-09	1.226607e-09	3.413192e+01	1.509193e+02
3.120000e-06	6.352324e-09	1.231056e-09	3.428259e+01	1.513493e+02
3.130000e-06	6.379973e-09	1.235212e-09	3.443179e+01	1.517728e+02
3.140000e-06	6.407307e-09	1.239249e-09	3.457928e+01	1.521900e+02
3.150000e-06	6.434172e-09	1.242713e-09	3.472426e+01	1.526010e+02
3.160000e-06	6.460373e-09	1.246569e-09	3.486566e+01	1.530059e+02
3.170000e-06	6.485782e-09	1.250990e-09	3.500279e+01	1.534048e+02
3.180000e-06	6.510443e-09	1.255303e-09	3.513588e+01	1.537979e+02
3.190000e-06	6.534536e-09	1.259040e-09	3.526589e+01	1.541851e+02
3.200000e-06	6.558233e-09	1.262075e-09	3.539377e+01	1.545664e+02
3.210000e-06	6.581580e-09	1.265198e-09	3.551975e+01	1.549419e+02
3.220000e-06	6.604498e-09	1.268744e-09	3.564344e+01	1.553116e+02
3.230000e-06	6.626946e-09	1.272673e-09	3.576458e+01	1.556752e+02
3.240000e-06	6.648936e-09	1.276762e-09	3.588324e+01	1.560329e+02
3.250000e-06	6.670479e-09	1.280481e-09	3.599952e+01	1.563845e+02
3.260000e-06	6.691561e-09	1.283899e-09	3.611331e+01	1.567299e+02
3.270000e-06	6.712161e-09	1.287440e-09	3.622449e+01	1.570689e+02
3.280000e-06	6.732325e-09	1.290632e-09	3.633333e+01	1.574015e+02
3.290000e-06	6.752159e-09	1.293518e-09	3.644038e+01	1.577274e+02
3.300000e-06	6.771695e-09	1.297027e-09	3.654580e+01	1.580466e+02
3.310000e-06	6.790858e-09	1.300591e-09	3.664919e+01	1.583588e+02
3.320000e-06	6.809516e-09	1.303582e-09	3.674984e+01	1.586639e+02
3.330000e-06	6.827577e-09	1.305883e-09	3.684726e+01	1.589618e+02
3.340000e-06	6.845069e-09	1.307636e-09	3.694165e+01	1.592522e+02
3.350000e-06	6.862082e-09	1.310248e-09	3.703347e+01	1.595351e+02
3.360000e-06	6.878684e-09	1.313801e-09	3.712307e+01	1.598103e+02
3.370000e-06	6.894834e-09	1.316566e-09	3.721025e+01	1.600776e+02
3.380000e-06	6.910428e-09	1.319199e-09	3.729440e+01	1.603369e+02
3.390000e-06	6.925390e-09	1.322311e-09	3.737514e+01	1.605881e+02
3.400000e-06	6.939747e-09	1.325570e-09	3.745263e+01	1.608311e+02
3.410000e-06	6.953580e-09	1.329455e-09	3.752727e+01	1.610658e+02
3.420000e-06	6.966914e-09	1.332826e-09	3.759922e+01	1.612921e+02
3.430000e-06	6.979723e-09	1.335006e-09	3.766834e+01	1.615099e+02
3.440000e-06	6.992022e-09	1.337137e-09	3.773471e+01	1.617191e+02
3.450000e-06	7.003865e-09	1.340331e-09	3.779861e+01	1.619198e+02
3.460000e-06	7.015248e-09	1.344366e-09	3.786001e+01	1.621118e+02
3.470000e-06	7.026045e-09	1.347432e-09	3.791825e+01	1.622951e+02
3.480000e-06	7.036071e-09	1.348889e-09	3.797239e+01	1.624697e+02
3.490000e-06	7.045261e-09	1.350234e-09	3.802202e+01	1.626356e+02
3.500000e-06	7.053735e-09	1.352751e-09	3.806778e+01	1.627927e+02
3.510000e-06	7.061723e-09	1.356103e-09	3.811090e+01	1.629411e+02
3.520000e-06	7.069360e-09	1.358842e-09	3.815212e+01	1.630807e+02
3.530000e-06	7.076630e-09	1.360586e-09	3.819137e+01	1.632115e+02
3.540000e-06	7.083437e-09	1.362462e-09	3.822812e+01	1.633335e+02
3.550000e-06	7.089720e-09	1.364999e-09	3.826205e+01	1.634468e+02
3.560000e-06	7.095491e-09	1.367457e-09	3.829321e+01	1.635514e+02
3.570000e-06	7.100755e-09	1.369335e-09	3.832163e+01	1.636472e+02
3.580000e-06	7.105488e-09	1.370852e-09	3.834720e+01	1.637342e+02
3.590000e-06	7.109734e-09	1.372829e-09	3.837014e+01	1.638125e+02
3.600000e-06	7.113625e-09	1.375577e-09	3.839116e+01	1.638821e+02
3.610000e-06	7.117213e-09	1.378109e-09	3.841052e+01	1.639430e+02
3.620000e-06	7.120401e-09	1.379325e-09	3.842767e+01	1.639952e+02
3.630000e-06	7.123033e-09	1.379871e-09	3.844179e+01	1.640388e+02
3.640000e-06	7.124925e-09	1.380813e-09	3.845192e+01	1.640738e+02
3.650000e-06	7.126003e-09	1.381829e-09	3.845769e+01	1.641003e+02
3.660000e-06	7.126408e-09	1.383131e-09	3.845986e+01	1.641183e+02
3.670000e-06	7.126346e-09	1.384563e-09	3.845952e+01	1.641279e+02
3.680000e-06	7.125947e-09	1.385292e-09	3.845736e+01	1.641293e+02
3.690000e-06	7.125171e-09	1.385437e-09	3.845314e+01	1.641224e+02
3.700000e-06	7.123894e-09	1.386197e-09	3.844622e+01	1.641075e+02
3.710000e-06	7.122114e-09	1.387307e-09	3.843661e+01	1.640848e+02
3.720000e-06	7.119898e-09	1.387811e-09	3.842467e+01	1.640543e+02
3.730000e-06	7.117253e-09	1.388571e-09	3.841040e+01	1.640163e+02
3.740000e-06	7.114137e-09	1.387833e-09	3.839357e+01	1.639710e+02
3.750000e-06	7.110530e-09	1.379707e-09	3.837409e+01	1.639186e+02
3.760000e-06	7.106364e-09	1.379205e-09	3.835162e+01	1.638594e+02
3.770000e-06	7.101435e-09	1.415119e-09	3.832499e+01	1.637937e+02
3.780000e-06	7.095697e-09	1.434931e-09	3.829400e+01	1.637217e+02
3.790000e-06	7.089520e-09	1.365598e-09	3.826067e+01	1.636438e+02
3.800000e-06	7.083182e-09	1.320848e-09	3.822646e+01	1.635602e+02
3.810000e-06	7.076430e-09	1.400823e-09	3.819000e+01	1.634713e+02
3.820000e-06	7.068968e-09	1.457558e-09	3.814971e+01	1.633774e+02
3.830000e-06	7.060918e-09	1.367791e-09	3.810626e+01	1.632789e+02
3.840000e-06	7.052533e-09	1.304373e-09	3.806102e+01	1.631760e+02
3.850000e-06	7.043749e-09	1.418554e-09	3.801360e+01	1.630692e+02
3.860000e-06	7.034363e-09	1.490752e-09	3.796293e+01	1.629587e+02
3.870000e-06	7.024441e-09	1.349216e-09	3.790938e+01	1.628447e+02
3.880000e-06	7.014173e-09	1.262851e-09	3.785398e+01	1.627277e+02
3.890000e-06	7.003488e-09	1.418728e-09	3.779632e+01	1.626078e+02
3.900000e-06	6.992199e-09	1.501715e-09	3.773538e+01	1.624852e+02
3.910000e-06	6.980332e-09	1.344408e-09	3.767135e+01	1.623602e+02
3.920000e-06	6.967934e-09	1.289710e-09	3.760444e+01	1.622329e+02
3.930000e-06	6.954834e-09	1.449281e-09	3.753372e+01	1.621034e+02
3.940000e-06	6.940918e-09	1.456805e-09	3.745859e+01	1.619717e+02
3.950000e-06	6.926324e-09	1.295204e-09	3.737985e+01	1.618380e+02
3.960000e-06	6.911130e-09	1.331872e-09	3.729786e+01	1.617022e+02
3.970000e-06	6.895353e-09	1.476562e-09	3.721270e+01	1.615643e+02
3.980000e-06	6.879134e-09	1.399640e-09	3.712518e+01	1.614241e+02
3.990000e-06	6.862554e-09	1.296479e-09	3.703572e+01	1.612816e+02
4.000000e-06	6.845522e-09	1.410547e-09	3.694380e+01	1.611365e+02
4.010000e-06	6.827968e-09	1.450118e-09	3.684906e+01	1.609887e+02
4.020000e-06	6.809965e-09	1.309435e-09	3.675192e+01	1.608378e+02
4.030000e-06	6.791542e-09	1.332784e-09	3.665251e+01	1.606836e+02
4.040000e-06	6.772606e-09	1.470209e-09	3.655032e+01	1.605259e+02
4.050000e-06	6.753144e-09	1.395264e-09	3.644529e+01	1.603642e+02
4.060000e-06	6.733283e-09	1.295552e-09	3.633813e+01	1.601982e+02
4.070000e-06	6.713111e-09	1.402527e-09	3.622928e+01	1.600276e+02
4.080000e-06	6.692627e-09	1.437580e-09	3.611873e+01	1.598521e+02
4.090000e-06	6.671740e-09	1.320495e-09	3.600599e+01	1.596712e+02
4.100000e-06	6.650214e-09	1.347166e-09	3.588981e+01	1.594847e+02
4.110000e-06	6.627865e-09	1.436548e-09	3.576919e+01	1.592922e+02
4.120000e-06	6.604749e-09	1.366398e-09	3.564444e+01	1.590933e+02
4.130000e-06	6.581050e-09	1.327964e-09	3.551654e+01	1.588878e+02
4.140000e-06	6.556959e-09	1.407438e-09	3.538653e+01	1.586755e+02
4.150000e-06	6.532555e-09	1.386368e-09	3.525482e+01	1.584561e+02
4.160000e-06	6.507788e-09	1.323154e-09	3.512114e+01	1.582293e+02
4.170000e-06	6.482584e-09	1.378136e-09	3.498511e+01	1.579951e+02
4.180000e-06	6.456921e-09	1.401684e-09	3.484662e+01	1.577533e+02
4.190000e-06	6.430784e-09	1.342260e-09	3.470558e+01	1.575038e+02
4.200000e-06	6.404138e-09	1.355026e-09	3.456179e+01	1.572465e+02
4.210000e-06	6.376975e-09	1.387036e-09	3.441520e+01	1.569815e+02
4.220000e-06	6.349354e-09	1.349057e-09	3.426614e+01	1.567088e+02
4.230000e-06	6.321381e-09	1.344210e-09	3.411519e+01	1.564284e+02
4.240000e-06	6.293136e-09	1.375481e-09	3.396278e+01	1.561404e+02
4.250000e-06	6.264598e-09	1.357760e-09	3.380877e+01	1.558448e+02
4.260000e-06	6.235623e-09	1.343577e-09	3.365240e+01	1.555420e+02
4.270000e-06	6.206050e-09	1.362131e-09	3.349279e+01	1.552318e+02
4.280000e-06	6.175787e-09	1.355009e-09	3.332947e+01	1.549146e+02
4.290000e-06	6.144833e-09	1.340987e-09	3.316240e+01	1.545905e+02
4.300000e-06	6.113276e-09	1.347782e-09	3.299210e+01	1.542595e+02
4.310000e-06	6.081277e-09	1.346323e-09	3.281943e+01	1.539220e+02
4.320000e-06	6.048938e-09	1.340810e-09	3.264490e+01	1.535779e+02
4.330000e-06	6.016261e-09	1.342358e-09	3.246854e+01	1.532274e+02
4.340000e-06	5.983192e-09	1.336190e-09	3.229006e+01	1.528705e+02
4.350000e-06	5.949671e-09	1.332035e-09	3.210914e+01	1.525074e+02
4.360000e-06	5.915725e-09	1.334230e-09	3.192593e+01	1.521381e+02
4.370000e-06	5.881403e-09	1.329590e-09	3.174068e+01	1.517626e+02
4.380000e-06	5.846687e-09	1.327802e-09	3.155332e+01	1.513807e+02
4.390000e-06	5.811567e-09	1.329264e-09	3.136382e+01	1.509926e+02
4.400000e-06	5.776050e-09	1.320901e-09	3.117217e+01	1.505980e+02
4.410000e-06	5.740187e-09	1.316470e-09	3.097864e+01	1.501968e+02
4.420000e-06	5.704055e-09	1.320149e-09	3.078367e+01	1.497888e+02
4.430000e-06	5.667666e-09	1.314662e-09	3.058729e+01	1.493739e+02
4.440000e-06	5.630943e-09	1.307116e-09	3.038911e+01	1.489518e+02
4.450000e-06	5.593746e-09	1.308590e-09	3.018839e+01	1.485222e+02
4.460000e-06	5.555930e-09	1.308266e-09	2.998431e+01	1.480849e+02
4.470000e-06	5.517430e-09	1.302623e-09	2.977651e+01	1.476396e+02
4.480000e-06	5.478280e-09	1.298578e-09	2.956522e+01	1.471859e+02
4.490000e-06	5.438616e-09	1.295287e-09	2.935118e+01	1.467237e+02
4.500000e-06	5.398604e-09	1.290784e-09	2.913525e+01	1.462526e+02
4.510000e-06	5.358322e-09	1.287429e-09	2.891787e+01	1.457723e+02
4.520000e-06	5.317778e-09	1.285584e-09	2.869908e+01	1.452827e+02
4.530000e-06	5.276928e-09	1.282330e-09	2.847861e+01	1.447833e+02
4.540000e-06	5.235730e-09	1.277389e-09	2.825625e+01	1.442741e+02
4.550000e-06	5.194170e-09	1.273695e-09	2.803196e+01	1.437549e+02
4.560000e-06	5.152239e-09	1.271680e-09	2.780565e+01	1.432255e+02
4.570000e-06	5.109962e-09	1.267482e-09	2.757747e+01	1.426858e+02
4.580000e-06	5.067336e-09	1.260716e-09	2.734741e+01	1.421357e+02
4.590000e-06	5.024328e-09	1.254575e-09	2.711527e+01	1.415753e+02
4.600000e-06	4.980942e-09	1.250512e-09	2.688111e+01	1.410046e+02
4.610000e-06	4.937210e-09	1.247121e-09	2.664510e+01	1.404235e+02
4.620000e-06	4.893211e-09	1.243458e-09	2.640765e+01	1.398323e+02
4.630000e-06	4.848994e-09	1.240433e-09	2.616903e+01	1.392310e+02
4.640000e-06	4.804540e-09	1.236927e-09	2.592913e+01	1.386198e+02
4.650000e-06	4.759813e-09	1.231365e-09	2.568775e+01	1.379989e+02
4.660000e-06	4.714774e-09	1.224648e-09	2.544468e+01	1.373684e+02
4.670000e-06	4.669389e-09	1.217443e-09	2.519975e+01	1.367287e+02
4.680000e-06	4.623649e-09	1.210099e-09	2.495292e+01	1.360798e+02
4.690000e-06	4.577531e-09	1.204127e-09	2.470405e+01	1.354221e+02
4.700000e-06	4.531025e-09	1.200225e-09	2.445308e+01	1.347557e+02
4.710000e-06	4.484208e-09	1.196997e-09	2.420041e+01	1.340809e+02
4.720000e-06	4.437114e-09	1.192340e-09	2.394628e+01	1.333978e+02
4.730000e-06	4.389727e-09	1.185096e-09	2.369058e+01	1.327064e+02
4.740000e-06	4.342026e-09	1.176764e-09	2.343316e+01	1.320070e+02
4.750000e-06	4.293982e-09	1.170793e-09	2.317390e+01	1.312995e+02
4.760000e-06	4.245588e-09	1.165922e-09	2.291278e+01	1.305840e+02
4.770000e-06	4.196805e-09	1.159365e-09	2.264954e+01	1.298604e+02
4.780000e-06	4.147616e-09	1.153426e-09	2.238404e+01	1.291285e+02
4.790000e-06	4.098064e-09	1.149280e-09	2.211660e+01	1.283883e+02
4.800000e-06	4.048201e-09	1.144188e-09	2.184749e+01	1.276394e+02
4.810000e-06	3.998075e-09	1.137739e-09	2.157694e+01	1.268815e+02
4.820000e-06	3.947686e-09	1.131078e-09	2.130496e+01	1.261144e+02
4.830000e-06	3.896990e-09	1.124404e-09	2.103134e+01	1.253376e+02
4.840000e-06	3.845981e-09	1.117935e-09	2.075603e+01	1.245507e+02
4.850000e-06	3.794668e-09	1.111663e-09	2.047909e+01	1.237531e+02
4.860000e-06	3.743060e-09	1.104717e-09	2.020056e+01	1.229443e+02
4.870000e-06	3.691180e-09	1.097459e-09	1.992057e+01	1.221238e+02
4.880000e-06	3.639045e-09	1.090662e-09	1.963920e+01	1.212910e+02
4.890000e-06	3.586659e-09	1.084342e-09	1.935648e+01	1.204452e+02
4.900000e-06	3.533998e-09	1.078145e-09	1.907227e+01	1.195860e+02
4.910000e-06	3.481027e-09	1.071634e-09	1.878639e+01	1.187127e+02
4.920000e-06	3.427715e-09	1.064176e-09	1.849866e+01	1.178247e+02
4.930000e-06	3.374022e-09	1.055606e-09	1.820889e+01	1.169216e+02
4.940000e-06	3.319933e-09	1.047377e-09	1.791696e+01	1.160028e+02
4.950000e-06	3.265461e-09	1.039637e-09	1.762296e+01	1.150680e+02
4.960000e-06	3.210631e-09	1.031057e-09	1.732701e+01	1.141166e+02
4.970000e-06	3.155476e-09	1.022171e-09	1.702929e+01	1.131484e+02
4.980000e-06	3.100025e-09	1.013920e-09	1.672995e+01	1.121631e+02
4.990000e-06	3.044299e-09	1.005778e-09	1.642918e+01	1.111605e+02
5.000000e-06	2.988355e-09	9.970530e-10	1.612724e+01	1.101406e+02
5.010000e-06	2.932246e-09	9.872392e-10	1.582442e+01	1.091032e+02
5.020000e-06	2.875993e-09	9.769640e-10	1.552085e+01	1.080485e+02
5.030000e-06	2.819602e-09	9.675435e-10	1.521655e+01	1.069765e+02
5.040000e-06	2.763068e-09	9.592141e-10	1.491145e+01	1.058873e+02
5.050000e-06	2.706375e-09	9.508245e-10	1.460549e+01	1.047813e+02
5.060000e-06	2.649519e-09	9.417233e-10	1.429865e+01	1.036587e+02
5.070000e-06	2.592518e-09	9.314998e-10	1.399102e+01	1.025198e+02
5.080000e-06	2.535363e-09	9.207735e-10	1.368254e+01	1.013650e+02
5.090000e-06	2.478035e-09	9.102746e-10	1.337313e+01	1.001947e+02
5.100000e-06	2.420535e-09	8.994745e-10	1.306283e+01	9.900924e+01
5.110000e-06	2.362861e-09	8.883052e-10	1.275159e+01	9.780908e+01
5.120000e-06	2.305006e-09	8.773007e-10	1.243939e+01	9.659455e+01
5.130000e-06	2.246966e-09	8.665024e-10	1.212616e+01	9.536599e+01
5.140000e-06	2.188740e-09	8.558573e-10	1.181190e+01	9.412368e+01
5.150000e-06	2.130335e-09	8.447448e-10	1.149668e+01	9.286787e+01
5.160000e-06	2.071768e-09	8.327324e-10	1.118059e+01	9.159870e+01
5.170000e-06	2.013047e-09	8.201375e-10	1.086369e+01	9.031624e+01
5.180000e-06	1.954172e-09	8.080523e-10	1.054596e+01	8.902046e+01
5.190000e-06	1.895152e-09	7.968881e-10	1.022746e+01	8.771122e+01
5.200000e-06	1.836005e-09	7.853204e-10	9.908256e+00	8.638827e+01
5.210000e-06	1.776741e-09	7.729590e-10	9.588415e+00	8.505124e+01
5.220000e-06	1.717369e-09	7.604821e-10	9.268002e+00	8.369962e+01
5.230000e-06	1.657886e-09	7.485366e-10	8.946973e+00	8.233278e+01
5.240000e-06	1.598289e-09	7.361594e-10	8.625320e+00	8.094997e+01
5.250000e-06	1.538588e-09	7.226264e-10	8.303086e+00	7.955032e+01
5.260000e-06	1.478789e-09	7.091980e-10	7.980347e+00	7.813281e+01
5.270000e-06	1.418897e-09	6.964300e-10	7.657114e+00	7.669633e+01
5.280000e-06	1.358920e-09	6.833485e-10	7.333428e+00	7.523967e+01
5.290000e-06	1.298872e-09	6.693371e-10	7.009381e+00	7.376151e+01
5.300000e-06	1.238767e-09	6.543795e-10	6.685030e+00	7.226048e+01
5.310000e-06	1.178610e-09	6.393536e-10	6.360387e+00	7.073513e+01
5.320000e-06	1.118402e-09	6.250006e-10	6.035456e+00	6.918396e+01
5.330000e-06	1.058160e-09	6.114296e-10	5.710338e+00	6.760546e+01
5.340000e-06	9.978983e-10	5.984094e-10	5.385114e+00	6.599812e+01
5.350000e-06	9.375961e-10	5.844403e-10	5.059693e+00	6.436043e+01
5.360000e-06	8.772444e-10	5.686883e-10	4.734007e+00	6.269093e+01
5.370000e-06	8.168574e-10	5.526289e-10	4.408110e+00	6.098820e+01
5.380000e-06	7.564405e-10	5.370100e-10	4.082047e+00	5.925094e+01
5.390000e-06	6.959908e-10	5.209912e-10	3.755809e+00	5.747791e+01
5.400000e-06	6.354974e-10	5.041189e-10	3.429336e+00	5.566802e+01
5.410000e-06	5.749571e-10	4.871878e-10	3.102623e+00	5.382033e+01
5.420000e-06	5.143792e-10	4.709122e-10	2.775730e+00	5.193404e+01
5.430000e-06	4.537639e-10	4.545191e-10	2.448651e+00	5.000854e+01
5.440000e-06	3.931094e-10	4.374479e-10	2.121352e+00	4.804340e+01
5.450000e-06	3.324249e-10	4.190719e-10	1.793856e+00	4.603843e+01
5.460000e-06	2.717325e-10	3.998846e-10	1.466305e+00	4.399361e+01
5.470000e-06	2.110502e-10	3.810663e-10	1.138810e+00	4.190919e+01
5.480000e-06	1.503744e-10	3.626818e-10	8.113392e-01	3.978562e+01
5.490000e-06	8.970585e-11	3.440115e-10	4.838994e-01	3.762358e+01
5.500000e-06	2.903700e-11	3.243580e-10	1.564807e-01	3.542402e+01
5.510000e-06	-3.163833e-11	3.036180e-10	-1.709448e-01	3.318807e+01
5.520000e-06	-9.232431e-11	2.827407e-10	-4.984434e-01	3.091712e+01
5.530000e-06	-1.530148e-10	2.626327e-10	-8.259864e-01	2.861277e+01
5.540000e-06	-2.136990e-10	2.424935e-10	-1.153482e+00	2.627681e+01
5.550000e-06	-2.743783e-10	2.221625e-10	-1.480914e+00	2.391126e+01
5.560000e-06	-3.350369e-10	2.015017e-10	-1.808230e+00	2.151828e+01
5.570000e-06	-3.956815e-10	1.799893e-10	-2.135497e+00	1.910022e+01
5.580000e-06	-4.562961e-10	1.577858e-10	-2.462618e+00	1.665957e+01
5.590000e-06	-5.168723e-10	1.349087e-10	-2.789529e+00	1.419893e+01
5.600000e-06	-5.774250e-10	1.124377e-10	-3.116313e+00	1.172103e+01
5.610000e-06	-6.379288e-10	9.068722e-11	-3.442844e+00	9.228668e+00
5.620000e-06	-6.983828e-10	6.900350e-11	-3.769094e+00	6.724703e+00
5.630000e-06	-7.587972e-10	4.712248e-11	-4.095115e+00	4.212036e+00
5.640000e-06	-8.191725e-10	2.410092e-11	-4.420909e+00	1.693584e+00
5.650000e-06	-8.795183e-10	1.031566e-13	-4.746555e+00	-8.277420e-01
5.660000e-06	-9.398281e-10	-2.350111e-11	-5.072025e+00	-3.349059e+00
5.670000e-06	-1.000095e-09	-4.585198e-11	-5.397264e+00	-5.867532e+00
5.680000e-06	-1.060325e-09	-6.701475e-11	-5.722323e+00	-8.380393e+00
5.690000e-06	-1.120514e-09	-8.810880e-11	-6.047156e+00	-1.088496e+01
5.700000e-06	-1.180648e-09	-1.102549e-10	-6.371693e+00	-1.337866e+01
5.710000e-06	-1.240731e-09	-1.327860e-10	-6.695953e+00	-1.585902e+01
5.720000e-06	-1.300766e-09	-1.545792e-10	-7.019942e+00	-1.832373e+01
5.730000e-06	-1.360730e-09	-1.759068e-10	-7.343544e+00	-2.077059e+01
5.740000e-06	-1.420607e-09	-1.971636e-10	-7.666691e+00	-2.319758e+01
5.750000e-06	-1.480400e-09	-2.187102e-10	-7.989389e+00	-2.560282e+01
5.760000e-06	-1.540101e-09	-2.409880e-10	-8.311586e+00	-2.798462e+01
5.770000e-06	-1.599700e-09	-2.630858e-10	-8.633234e+00	-3.034144e+01
5.780000e-06	-1.659196e-09	-2.848079e-10	-8.954333e+00	-3.267191e+01
5.790000e-06	-1.718566e-09	-3.068363e-10	-9.274758e+00	-3.497486e+01
5.800000e-06	-1.777807e-09	-3.290623e-10	-9.594478e+00	-3.724926e+01
5.810000e-06	-1.836927e-09	-3.502408e-10	-9.913525e+00	-3.949426e+01
5.820000e-06	-1.895915e-09	-3.698323e-10	-1.023186e+01	-4.170918e+01
5.830000e-06	-1.954759e-09	-3.897290e-10	-1.054943e+01	-4.389348e+01
5.840000e-06	-2.013454e-09	-4.109253e-10	-1.086618e+01	-4.604677e+01
5.850000e-06	-2.071993e-09	-4.317201e-10	-1.118210e+01	-4.816881e+01
5.860000e-06	-2.130362e-09	-4.505426e-10	-1.149709e+01	-5.025948e+01
5.870000e-06	-2.188569e-09	-4.684287e-10	-1.181122e+01	-5.231877e+01
5.880000e-06	-2.246607e-09	-4.868465e-10	-1.212445e+01	-5.434681e+01
5.890000e-06	-2.304466e-09	-5.051548e-10	-1.243672e+01	-5.634379e+01
5.900000e-06	-2.362132e-09	-5.232456e-10	-1.274794e+01	-5.831000e+01
5.910000e-06	-2.419596e-09	-5.413860e-10	-1.305806e+01	-6.024580e+01
5.920000e-06	-2.476874e-09	-5.588766e-10	-1.336720e+01	-6.215163e+01
5.930000e-06	-2.533979e-09	-5.765443e-10	-1.367540e+01	-6.402796e+01
5.940000e-06	-2.590906e-09	-5.951319e-10	-1.398259e+01	-6.587531e+01
5.950000e-06	-2.647667e-09	-6.135490e-10	-1.428889e+01	-6.769421e+01
5.960000e-06	-2.704274e-09	-6.304534e-10	-1.459437e+01	-6.948525e+01
5.970000e-06	-2.760732e-09	-6.462241e-10	-1.489906e+01	-7.124900e+01
5.980000e-06	-2.817064e-09	-6.617727e-10	-1.520308e+01	-7.298603e+01
5.990000e-06	-2.873266e-09	-6.772386e-10	-1.550640e+01	-7.469694e+01
6.000000e-06	-2.929335e-09	-6.922966e-10	-1.580902e+01	-7.638229e+01
6.010000e-06	-2.985262e-09	-7.067027e-10	-1.611086e+01	-7.804262e+01
6.020000e-06	-3.041003e-09	-7.205159e-10	-1.641169e+01	-7.967849e+01
6.030000e-06	-3.096504e-09	-7.347399e-10	-1.671123e+01	-8.129038e+01
6.040000e-06	-3.151725e-09	-7.500145e-10	-1.700928e+01	-8.287879e+01
6.050000e-06	-3.206604e-09	-7.647057e-10	-1.730552e+01	-8.444417e+01
6.060000e-06	-3.261107e-09	-7.782937e-10	-1.759973e+01	-8.598694e+01
6.070000e-06	-3.315228e-09	-7.915325e-10	-1.789185e+01	-8.750749e+01
6.080000e-06	-3.368960e-09	-8.050678e-10	-1.818185e+01	-8.900618e+01
6.090000e-06	-3.422315e-09	-8.193749e-10	-1.846978e+01	-9.048333e+01
6.100000e-06	-3.475331e-09	-8.338258e-10	-1.875586e+01	-9.193926e+01
6.110000e-06	-3.528050e-09	-8.468853e-10	-1.904037e+01	-9.337423e+01
6.120000e-06	-3.580504e-09	-8.586995e-10	-1.932343e+01	-9.478849e+01
6.130000e-06	-3.632712e-09	-8.708286e-10	-1.960517e+01	-9.618226e+01
6.140000e-06	-3.684664e-09	-8.834168e-10	-1.988554e+01	-9.755574e+01
6.150000e-06	-3.736340e-09	-8.960047e-10	-2.016444e+01	-9.890912e+01
6.160000e-06	-3.787734e-09	-9.083505e-10	-2.044180e+01	-1.002426e+02
6.170000e-06	-3.838826e-09	-9.205346e-10	-2.071756e+01	-1.015562e+02
6.180000e-06	-3.889624e-09	-9.321321e-10	-2.099173e+01	-1.028503e+02
6.190000e-06	-3.940133e-09	-9.427321e-10	-2.126432e+01	-1.041248e+02
6.200000e-06	-3.990337e-09	-9.528931e-10	-2.153526e+01	-1.053799e+02
6.210000e-06	-4.040231e-09	-9.629646e-10	-2.180452e+01	-1.066158e+02
6.220000e-06	-4.089765e-09	-9.733303e-10	-2.207186e+01	-1.078326e+02
6.230000e-06	-4.138869e-09	-9.839756e-10	-2.233689e+01	-1.090304e+02
6.240000e-06	-4.187515e-09	-9.942814e-10	-2.259942e+01	-1.102093e+02
6.250000e-06	-4.235714e-09	-1.004386e-09	-2.285951e+01	-1.113694e+02
6.260000e-06	-4.283504e-09	-1.014425e-09	-2.311743e+01	-1.125110e+02
6.270000e-06	-4.330934e-09	-1.023955e-09	-2.337340e+01	-1.136341e+02
6.280000e-06	-4.378086e-09	-1.033596e-09	-2.362784e+01	-1.147388e+02
6.290000e-06	-4.424996e-09	-1.044215e-09	-2.388098e+01	-1.158253e+02
6.300000e-06	-4.471663e-09	-1.054715e-09	-2.413282e+01	-1.168938e+02
6.310000e-06	-4.518078e-09	-1.064248e-09	-2.438329e+01	-1.179445e+02
6.320000e-06	-4.564203e-09	-1.073126e-09	-2.463222e+01	-1.189774e+02
6.330000e-06	-4.610012e-09	-1.082012e-09	-2.487945e+01	-1.199927e+02
6.340000e-06	-4.655461e-09	-1.091224e-09	-2.512474e+01	-1.209907e+02
6.350000e-06	-4.700542e-09	-1.100213e-09	-2.536805e+01	-1.219714e+02
6.360000e-06	-4.745303e-09	-1.108560e-09	-2.560960e+01	-1.229351e+02
6.370000e-06	-4.789799e-09	-1.116339e-09	-2.584971e+01	-1.238820e+02
6.380000e-06	-4.834078e-09	-1.124273e-09	-2.608866e+01	-1.248121e+02
6.390000e-06	-4.878150e-09	-1.132364e-09	-2.632649e+01	-1.257258e+02
6.400000e-06	-4.921984e-09	-1.139655e-09	-2.656304e+01	-1.266231e+02
6.410000e-06	-4.965517e-09	-1.146361e-09	-2.679797e+01	-1.275043e+02
6.420000e-06	-5.008693e-09	-1.153993e-09	-2.703099e+01	-1.283695e+02
6.430000e-06	-5.051498e-09	-1.162225e-09	-2.726202e+01	-1.292189e+02
6.440000e-06	-5.093940e-09	-1.169895e-09	-2.749105e+01	-1.300527e+02
6.450000e-06	-5.136034e-09	-1.176907e-09	-2.771823e+01	-1.308710e+02
6.460000e-06	-5.177775e-09	-1.183703e-09	-2.794353e+01	-1.316741e+02
6.470000e-06	-5.219134e-09	-1.191148e-09	-2.816675e+01	-1.324621e+02
6.480000e-06	-5.260108e-09	-1.198538e-09	-2.838786e+01	-1.332352e+02
6.490000e-06	-5.300741e-09	-1.205150e-09	-2.860713e+01	-1.339936e+02
6.500000e-06	-5.341107e-09	-1.211412e-09	-2.882498e+01	-1.347375e+02
6.510000e-06	-5.381253e-09	-1.217533e-09	-2.904163e+01	-1.354670e+02
6.520000e-06	-5.421139e-09	-1.223709e-09	-2.925689e+01	-1.361823e+02
6.530000e-06	-5.460650e-09	-1.229136e-09	-2.947014e+01	-1.368837e+02
6.540000e-06	-5.499656e-09	-1.233770e-09	-2.968067e+01	-1.375714e+02
6.550000e-06	-5.538067e-09	-1.239368e-09	-2.988796e+01	-1.382455e+02
6.560000e-06	-5.575836e-09	-1.246101e-09	-3.009179e+01	-1.389063e+02
6.570000e-06	-5.613006e-09	-1.252500e-09	-3.029239e+01	-1.395540e+02
6.580000e-06	-5.649705e-09	-1.257842e-09	-3.049046e+01	-1.401888e+02
6.590000e-06	-5.686061e-09	-1.262454e-09	-3.068667e+01	-1.408111e+02
6.600000e-06	-5.722141e-09	-1.267054e-09	-3.088138e+01	-1.414210e+02
6.610000e-06	-5.757932e-09	-1.271529e-09	-3.107453e+01	-1.420188e+02
6.620000e-06	-5.793366e-09	-1.275600e-09	-3.126577e+01	-1.426048e+02
6.630000e-06	-5.828388e-09	-1.279678e-09	-3.145481e+01	-1.431794e+02
6.640000e-06	-5.862992e-09	-1.283585e-09	-3.164156e+01	-1.437427e+02
6.650000e-06	-5.897178e-09	-1.287828e-09	-3.182607e+01	-1.442951e+02
6.660000e-06	-5.930938e-09	-1.292416e-09	-3.200827e+01	-1.448369e+02
6.670000e-06	-5.964252e-09	-1.296364e-09	-3.218806e+01	-1.453684e+02
6.680000e-06	-5.997133e-09	-1.299634e-09	-3.236551e+01	-1.458899e+02
6.690000e-06	-6.029648e-09	-1.302615e-09	-3.254099e+01	-1.464018e+02
6.700000e-06	-6.061879e-09	-1.306267e-09	-3.271493e+01	-1.469044e+02
6.710000e-06	-6.093806e-09	-1.310599e-09	-3.288722e+01	-1.473980e+02
6.720000e-06	-6.125293e-09	-1.314505e-09	-3.305715e+01	-1.478830e+02
6.730000e-06	-6.156193e-09	-1.317716e-09	-3.322392e+01	-1.483595e+02
6.740000e-06	-6.186403e-09	-1.320359e-09	-3.338697e+01	-1.488280e+02
6.750000e-06	-6.215921e-09	-1.323453e-09	-3.354627e+01	-1.492888e+02
6.760000e-06	-6.244865e-09	-1.327309e-09	-3.370246e+01	-1.497420e+02
6.770000e-06	-6.273401e-09	-1.330285e-09	-3.385646e+01	-1.501880e+02
6.780000e-06	-6.301643e-09	-1.332273e-09	-3.400886e+01	-1.506270e+02
6.790000e-06	-6.329588e-09	-1.334459e-09	-3.415965e+01	-1.510592e+02
6.800000e-06	-6.357132e-09	-1.336455e-09	-3.430830e+01	-1.514849e+02
6.810000e-06	-6.384200e-09	-1.338593e-09	-3.445438e+01	-1.519041e+02
6.820000e-06	-6.410801e-09	-1.340868e-09	-3.459794e+01	-1.523172e+02
6.830000e-06	-6.436939e-09	-1.343225e-09	-3.473899e+01	-1.527241e+02
6.840000e-06	-6.462581e-09	-1.346419e-09	-3.487735e+01	-1.531251e+02
6.850000e-06	-6.487722e-09	-1.349049e-09	-3.501301e+01	-1.535201e+02
6.860000e-06	-6.512434e-09	-1.350889e-09	-3.514637e+01	-1.539093e+02
6.870000e-06	-6.536826e-09	-1.352698e-09	-3.527801e+01	-1.542926e+02
6.880000e-06	-6.560966e-09	-1.355126e-09	-3.540829e+01	-1.546700e+02
6.890000e-06	-6.584768e-09	-1.358784e-09	-3.553677e+01	-1.550416e+02
6.900000e-06	-6.608031e-09	-1.361908e-09	-3.566236e+01	-1.554073e+02
6.910000e-06	-6.630585e-09	-1.363437e-09	-3.578415e+01	-1.557671e+02
6.920000e-06	-6.652381e-09	-1.364637e-09	-3.590182e+01	-1.561207e+02
6.930000e-06	-6.673501e-09	-1.366231e-09	-3.601579e+01	-1.564682e+02
6.940000e-06	-6.694119e-09	-1.368198e-09	-3.612706e+01	-1.568093e+02
6.950000e-06	-6.714395e-09	-1.370388e-09	-3.623649e+01	-1.571441e+02
6.960000e-06	-6.734343e-09	-1.372729e-09	-3.634415e+01	-1.574723e+02
6.970000e-06	-6.753863e-09	-1.375404e-09	-3.644950e+01	-1.577937e+02
6.980000e-06	-6.772898e-09	-1.377861e-09	-3.655223e+01	-1.581083e+02
6.990000e-06	-6.791470e-09	-1.379494e-09	-3.665248e+01	-1.584158e+02
7.000000e-06	-6.809599e-09	-1.380876e-09	-3.675033e+01	-1.587161e+02
7.010000e-06	-6.827259e-09	-1.382254e-09	-3.684567e+01	-1.590091e+02
7.020000e-06	-6.844420e-09	-1.383771e-09	-3.693831e+01	-1.592945e+02
7.030000e-06	-6.861150e-09	-1.385540e-09	-3.702860e+01	-1.595723e+02
7.040000e-06	-6.877548e-09	-1.387496e-09	-3.711711e+01	-1.598423e+02
7.050000e-06	-6.893613e-09	-1.389394e-09	-3.720382e+01	-1.601043e+02
7.060000e-06	-6.909207e-09	-1.391206e-09	-3.728797e+01	-1.603583e+02
7.070000e-06	-6.924106e-09	-1.393045e-09	-3.736837e+01	-1.606040e+02
7.080000e-06	-6.938165e-09	-1.394473e-09	-3.744426e+01	-1.608415e+02
7.090000e-06	-6.951456e-09	-1.395897e-09	-3.751600e+01	-1.610706e+02
7.100000e-06	-6.964156e-09	-1.397319e-09	-3.758454e+01	-1.612913e+02
7.110000e-06	-6.976356e-09	-1.398478e-09	-3.765037e+01	-1.615034e+02
7.120000e-06	-6.988045e-09	-1.399634e-09	-3.771343e+01	-1.617070e+02
7.130000e-06	-6.999195e-09	-1.400928e-09	-3.777359e+01	-1.619019e+02
7.140000e-06	-7.009845e-09	-1.402144e-09	-3.783107e+01	-1.620881e+02
7.150000e-06	-7.020033e-09	-1.402474e-09	-3.788608e+01	-1.622657e+02
7.160000e-06	-7.029744e-09	-1.402791e-09	-3.793848e+01	-1.624345e+02
7.170000e-06	-7.038947e-09	-1.404008e-09	-3.798812e+01	-1.625946e+02
7.180000e-06	-7.047685e-09	-1.405126e-09	-3.803526e+01	-1.627459e+02
7.190000e-06	-7.056081e-09	-1.405415e-09	-3.808056e+01	-1.628884e+02
7.200000e-06	-7.064163e-09	-1.405422e-09	-3.812420e+01	-1.630222e+02
7.210000e-06	-7.071809e-09	-1.405430e-09	-3.816549e+01	-1.631472e+02
7.220000e-06	-7.078825e-09	-1.404729e-09	-3.820336e+01	-1.632635e+02
7.230000e-06	-7.085059e-09	-1.403704e-09	-3.823699e+01	-1.633710e+02
7.240000e-06	-7.090525e-09	-1.403085e-09	-3.826649e+01	-1.634697e+02
7.250000e-06	-7.095377e-09	-1.402944e-09	-3.829269e+01	-1.635597e+02
7.260000e-06	-7.099803e-09	-1.403134e-09	-3.831658e+01	-1.636409e+02
7.270000e-06	-7.103891e-09	-1.402910e-09	-3.833865e+01	-1.637135e+02
7.280000e-06	-7.107580e-09	-1.402716e-09	-3.835855e+01	-1.637773e+02
7.290000e-06	-7.110783e-09	-1.402741e-09	-3.837582e+01	-1.638324e+02
7.300000e-06	-7.113495e-09	-1.402251e-09	-3.839046e+01	-1.638789e+02
7.310000e-06	-7.115767e-09	-1.401406e-09	-3.840271e+01	-1.639168e+02
7.320000e-06	-7.117554e-09	-1.400690e-09	-3.841234e+01	-1.639462e+02
7.330000e-06	-7.118766e-09	-1.400750e-09	-3.841886e+01	-1.639670e+02
7.340000e-06	-7.119500e-09	-1.400758e-09	-3.842281e+01	-1.639795e+02
