# | fn | tau1 | tau3 | tau5 |
  4  121.72  555.47 1267.14
  5  118.01  531.79 1030.66
  6  118.80  489.49 1067.95
  7  109.14  513.56  831.02
  8  104.50  467.72  812.49
  9   94.21  440.78  873.70
 10  101.97  474.88  757.29
 11   94.54  449.09  652.71
 12   97.48  441.37  692.85
 13   91.96  409.29  670.63
 14   98.57  400.42  685.78
 15   93.59  430.89  692.61
 16   98.74  403.41  679.38
 17   97.52  386.88  626.33
 18   94.93  374.75  701.07
 19   97.90  417.39  650.47
 20   92.62  397.35  777.99
 21   89.04  408.40  720.95
 22   93.09  404.07  720.06
 23   95.87  359.58  712.48
 24   93.92  382.42  709.85
 25   96.79  411.90  594.27
 26   97.62  405.39  603.44
 27   95.69  390.60  628.99
 28   95.48  427.69  625.11
 29  103.88  411.88  703.02
 30   91.49  401.94  678.83
 31  105.95  393.77  629.14
 32   99.77  406.42  764.26
 33  103.22  399.92  814.65
 34  101.85  432.07  787.74
 35  110.25  452.62  836.70
 36  108.63  502.45  900.03
 37  118.42  476.11 1077.41
 38  122.97  517.37 1125.19
 39  120.99  540.78 1157.75
 40  127.45  580.23 1247.02
 41  127.92  583.28 1214.40
 42  135.24  582.72 1261.58
 43  135.78  605.44 1393.70
 44  139.59  617.71 1313.12
 45  143.84  606.44 1279.62
 46  139.05  590.16 1342.73
 47  134.77  614.76 1371.84
 48  142.61  610.65 1278.09
 49  135.63  605.26 1284.45
 50  139.25  595.70 1204.15
 51  138.59  611.22 1223.60
 52  135.80  624.10 1315.01
 53  146.06  610.24 1254.76
 54  143.89  607.04 1324.96
 55  139.57  607.44 1301.87
 56  146.53  594.27 1209.97
 57  139.35  615.21 1259.38
 58  145.97  617.24 1214.42
 59  144.65  614.44 1204.33
 60  142.33  607.62 1222.89
 61  143.90  629.21 1174.38
 62  148.15  598.19 1166.98
 63  138.44  604.65 1153.98
 64  142.63  604.75 1160.02
 65  144.47  596.11 1166.46
 66  139.11  597.90 1203.98
 67  145.82  600.33 1119.08
 68  143.49  598.66 1121.46
 69  145.28  605.91 1144.10
 70  141.99  607.74 1121.05
 71  140.93  603.39 1124.08
 72  138.91  598.51 1142.47
 73  143.24  599.64 1165.34
 74  140.96  595.48 1132.34
 75  143.40  618.39 1137.77
 76  144.45  589.65 1208.39
 77  138.88  597.06 1097.55
 78  135.05  609.55 1127.78
 79  142.24  606.05 1095.76
 80  141.74  603.14 1081.95
 81  140.54  599.51 1083.78
 82  140.00  604.42 1115.59
 83  140.75  602.36 1056.85
 84  139.96  599.55 1049.85
 85  139.81  584.43 1134.72
 86  139.01  603.21 1069.45
 87  135.88  597.16 1079.01
 88  141.50  610.03 1058.31
 89  141.60  600.79 1061.16
 90  144.02  595.16 1077.75
 91  143.22  590.46 1049.89
 92  137.79  587.56 1069.14
 93  146.51  575.74 1069.90
 94  139.67  580.48 1079.74
 95  139.75  585.16 1000.56
 96  140.68  566.14 1061.90
 97  143.36  591.48 1054.98
 98  143.93  586.43 1006.43
