# | fn | tau1 | tau3 | tau5 |
  9  114.14  563.69  912.26
 10  110.67  558.30  938.49
 11  112.62  522.22  757.89
 12  101.85  483.53  850.06
 13  103.57  484.12  758.43
 14  100.20  491.91  650.03
 15   91.01  468.95  732.66
 16   95.86  457.39  687.13
 17   94.38  472.94  685.32
 18   93.50  441.97  661.50
 19   92.55  442.09  612.27
 20   97.29  450.58  585.58
 21   81.37  422.69  695.55
 22   89.74  427.80  578.26
 23   91.15  438.86  627.02
 24   90.84  416.45  648.95
 25   78.77  402.90  628.85
 26   86.91  440.06  579.92
 27   93.64  415.11  580.56
 28   88.44  438.61  615.33
 29   85.66  427.86  573.61
 30   86.44  415.82  717.94
 31   85.31  399.88  644.58
 32   94.75  421.40  670.54
 33   87.73  429.06  642.90
 34   98.48  435.96  752.29
 35  103.69  466.69  815.83
 36  107.22  471.29  884.81
 37  114.68  519.25  941.97
 38  119.33  532.95 1076.57
 39  115.74  538.22 1128.19
 40  125.72  570.28 1199.79
 41  131.43  578.10 1184.20
 42  129.87  592.92 1303.84
 43  134.21  617.67 1254.42
 44  142.44  606.02 1296.43
 45  134.50  589.76 1272.66
 46  136.86  608.93 1276.69
 47  139.15  606.14 1209.17
 48  135.86  623.92 1236.32
 49  135.41  606.77 1302.47
 50  141.41  624.78 1187.44
 51  140.78  626.21 1158.94
 52  143.97  642.70 1255.86
 53  141.41  631.15 1176.68
 54  136.64  620.54 1148.24
 55  139.93  610.42 1211.51
 56  142.32  642.72 1125.14
 57  141.48  628.59 1144.28
 58  138.61  627.82 1164.14
 59  138.67  630.48 1167.12
 60  140.21  606.69 1125.73
 61  144.07  624.85 1148.20
 62  143.62  629.48 1124.32
 63  135.57  616.60 1172.70
 64  140.62  608.67 1168.66
 65  142.28  605.00 1105.83
 66  137.34  604.96 1110.37
 67  138.34  621.51 1102.41
 68  134.71  612.84 1134.21
 69  144.10  624.26 1086.68
 70  139.00  618.50 1099.90
 71  143.03  620.15 1092.30
 72  135.22  619.65 1057.33
 73  136.73  621.54 1012.83
 74  143.23  602.67 1079.56
 75  136.78  615.10 1059.45
 76  137.13  610.80 1036.56
 77  143.67  614.55 1004.23
 78  135.86  615.27 1072.28
 79  141.93  609.55 1054.29
 80  141.57  605.94 1081.83
 81  142.28  600.87  997.96
 82  135.59  602.19 1052.23
 83  142.09  607.06 1023.30
 84  136.61  599.10 1012.74
 85  140.10  602.78  971.59
 86  139.35  588.91 1026.38
 87  139.11  587.63 1011.16
 88  134.77  607.82  991.74
 89  129.20  593.80 1011.30
 90  136.83  573.96 1004.25
 91  134.12  577.20 1027.75
 92  137.12  586.04  983.18
 93  136.25  591.71 1063.03
 94  136.03  582.01  965.79
 95  134.48  587.61  973.14
 96  133.46  580.67 1000.58
 97  135.71  571.50 1033.17
 98  138.60  578.75  929.05
