# Temperatura_=_20.0
# Concentracion g/m^3_=_7400.0
# C_Vs_to_Am_M_A/Vsm_=_116720831517.84952
# pendiente_HvsI_1/m_=_3716.3
# ordenada_HvsI_A/m_=_1297.0
# frecuencia_Hz_=_136111.08025789532

Tiempo_(s)	Campo_(V.s)	Magnetizacion_(V.s)	Campo_(kA/m)	Magnetizacion_(A/m)
0.000000e+00	-7.104431e-06	-1.565718e-09	-3.843477e+01	-1.811011e+02
1.000000e-08	-7.104497e-06	-1.565120e-09	-3.843513e+01	-1.810801e+02
2.000000e-08	-7.104291e-06	-1.565644e-09	-3.843401e+01	-1.810498e+02
3.000000e-08	-7.103473e-06	-1.566224e-09	-3.842959e+01	-1.810109e+02
4.000000e-08	-7.101833e-06	-1.565359e-09	-3.842072e+01	-1.809638e+02
5.000000e-08	-7.099434e-06	-1.562862e-09	-3.840774e+01	-1.809091e+02
6.000000e-08	-7.096417e-06	-1.560374e-09	-3.839142e+01	-1.808473e+02
7.000000e-08	-7.092924e-06	-1.557203e-09	-3.837252e+01	-1.807791e+02
8.000000e-08	-7.088934e-06	-1.552712e-09	-3.835093e+01	-1.807050e+02
9.000000e-08	-7.084164e-06	-1.556060e-09	-3.832513e+01	-1.806257e+02
1.000000e-07	-7.078617e-06	-1.559426e-09	-3.829512e+01	-1.805416e+02
1.100000e-07	-7.072756e-06	-1.537615e-09	-3.826341e+01	-1.804535e+02
1.200000e-07	-7.066664e-06	-1.530835e-09	-3.823045e+01	-1.803617e+02
1.300000e-07	-7.060099e-06	-1.571961e-09	-3.819494e+01	-1.802670e+02
1.400000e-07	-7.053137e-06	-1.583381e-09	-3.815727e+01	-1.801698e+02
1.500000e-07	-7.045781e-06	-1.520099e-09	-3.811748e+01	-1.800705e+02
1.600000e-07	-7.038071e-06	-1.500310e-09	-3.807577e+01	-1.799696e+02
1.700000e-07	-7.029853e-06	-1.575930e-09	-3.803131e+01	-1.798675e+02
1.800000e-07	-7.020899e-06	-1.584238e-09	-3.798287e+01	-1.797644e+02
1.900000e-07	-7.011361e-06	-1.487861e-09	-3.793127e+01	-1.796608e+02
2.000000e-07	-7.001268e-06	-1.481909e-09	-3.787666e+01	-1.795567e+02
2.100000e-07	-6.990562e-06	-1.588330e-09	-3.781874e+01	-1.794524e+02
2.200000e-07	-6.979344e-06	-1.579902e-09	-3.775805e+01	-1.793479e+02
2.300000e-07	-6.967683e-06	-1.471043e-09	-3.769497e+01	-1.792432e+02
2.400000e-07	-6.955425e-06	-1.487785e-09	-3.762865e+01	-1.791383e+02
2.500000e-07	-6.942468e-06	-1.579052e-09	-3.755856e+01	-1.790330e+02
2.600000e-07	-6.928987e-06	-1.537808e-09	-3.748562e+01	-1.789271e+02
2.700000e-07	-6.914991e-06	-1.465536e-09	-3.740991e+01	-1.788203e+02
2.800000e-07	-6.900000e-06	-1.520286e-09	-3.732881e+01	-1.787124e+02
2.900000e-07	-6.884116e-06	-1.554828e-09	-3.724287e+01	-1.786030e+02
3.000000e-07	-6.867936e-06	-1.485642e-09	-3.715534e+01	-1.784915e+02
3.100000e-07	-6.851308e-06	-1.483547e-09	-3.706538e+01	-1.783775e+02
3.200000e-07	-6.834200e-06	-1.549627e-09	-3.697283e+01	-1.782604e+02
3.300000e-07	-6.816839e-06	-1.505147e-09	-3.687891e+01	-1.781397e+02
3.400000e-07	-6.799047e-06	-1.451407e-09	-3.678265e+01	-1.780147e+02
3.500000e-07	-6.780654e-06	-1.522549e-09	-3.668315e+01	-1.778849e+02
3.600000e-07	-6.761726e-06	-1.543985e-09	-3.658075e+01	-1.777496e+02
3.700000e-07	-6.742388e-06	-1.451808e-09	-3.647613e+01	-1.776082e+02
3.800000e-07	-6.722656e-06	-1.458319e-09	-3.636938e+01	-1.774601e+02
3.900000e-07	-6.702464e-06	-1.536894e-09	-3.626014e+01	-1.773046e+02
4.000000e-07	-6.681765e-06	-1.494226e-09	-3.614816e+01	-1.771411e+02
4.100000e-07	-6.660632e-06	-1.441304e-09	-3.603383e+01	-1.769693e+02
4.200000e-07	-6.639026e-06	-1.499940e-09	-3.591694e+01	-1.767884e+02
4.300000e-07	-6.617057e-06	-1.509600e-09	-3.579810e+01	-1.765982e+02
4.400000e-07	-6.594787e-06	-1.447532e-09	-3.567761e+01	-1.763982e+02
4.500000e-07	-6.571969e-06	-1.469356e-09	-3.555417e+01	-1.761881e+02
4.600000e-07	-6.548644e-06	-1.504085e-09	-3.542798e+01	-1.759676e+02
4.700000e-07	-6.525002e-06	-1.455529e-09	-3.530008e+01	-1.757365e+02
4.800000e-07	-6.501023e-06	-1.447721e-09	-3.517035e+01	-1.754948e+02
4.900000e-07	-6.476582e-06	-1.492349e-09	-3.503813e+01	-1.752425e+02
5.000000e-07	-6.451419e-06	-1.466812e-09	-3.490200e+01	-1.749794e+02
5.100000e-07	-6.425482e-06	-1.433274e-09	-3.476168e+01	-1.747058e+02
5.200000e-07	-6.398937e-06	-1.464737e-09	-3.461807e+01	-1.744217e+02
5.300000e-07	-6.371823e-06	-1.467586e-09	-3.447138e+01	-1.741275e+02
5.400000e-07	-6.344275e-06	-1.433799e-09	-3.432235e+01	-1.738235e+02
5.500000e-07	-6.316458e-06	-1.445202e-09	-3.417186e+01	-1.735098e+02
5.600000e-07	-6.288169e-06	-1.458736e-09	-3.401882e+01	-1.731871e+02
5.700000e-07	-6.259479e-06	-1.434951e-09	-3.386361e+01	-1.728555e+02
5.800000e-07	-6.230514e-06	-1.431835e-09	-3.370691e+01	-1.725156e+02
5.900000e-07	-6.200897e-06	-1.444384e-09	-3.354668e+01	-1.721678e+02
6.000000e-07	-6.170787e-06	-1.431140e-09	-3.338378e+01	-1.718126e+02
6.100000e-07	-6.140388e-06	-1.422928e-09	-3.321933e+01	-1.714504e+02
6.200000e-07	-6.109576e-06	-1.431224e-09	-3.305264e+01	-1.710816e+02
6.300000e-07	-6.078425e-06	-1.425613e-09	-3.288411e+01	-1.707067e+02
6.400000e-07	-6.046974e-06	-1.416544e-09	-3.271396e+01	-1.703259e+02
6.500000e-07	-6.015187e-06	-1.418600e-09	-3.254199e+01	-1.699397e+02
6.600000e-07	-5.983195e-06	-1.415121e-09	-3.236892e+01	-1.695482e+02
6.700000e-07	-5.950718e-06	-1.407482e-09	-3.219322e+01	-1.691518e+02
6.800000e-07	-5.917442e-06	-1.405206e-09	-3.201320e+01	-1.687504e+02
6.900000e-07	-5.883465e-06	-1.402090e-09	-3.182938e+01	-1.683443e+02
7.000000e-07	-5.848834e-06	-1.397614e-09	-3.164203e+01	-1.679335e+02
7.100000e-07	-5.813772e-06	-1.393386e-09	-3.145234e+01	-1.675178e+02
7.200000e-07	-5.778412e-06	-1.387129e-09	-3.126104e+01	-1.670972e+02
7.300000e-07	-5.742719e-06	-1.383039e-09	-3.106795e+01	-1.666714e+02
7.400000e-07	-5.706567e-06	-1.380996e-09	-3.087237e+01	-1.662403e+02
7.500000e-07	-5.670026e-06	-1.375891e-09	-3.067468e+01	-1.658035e+02
7.600000e-07	-5.633161e-06	-1.371432e-09	-3.047525e+01	-1.653606e+02
7.700000e-07	-5.595835e-06	-1.369122e-09	-3.027331e+01	-1.649112e+02
7.800000e-07	-5.558142e-06	-1.364719e-09	-3.006939e+01	-1.644549e+02
7.900000e-07	-5.520093e-06	-1.358964e-09	-2.986355e+01	-1.639912e+02
8.000000e-07	-5.481559e-06	-1.354168e-09	-2.965508e+01	-1.635196e+02
8.100000e-07	-5.442623e-06	-1.348736e-09	-2.944444e+01	-1.630395e+02
8.200000e-07	-5.403512e-06	-1.344095e-09	-2.923285e+01	-1.625505e+02
8.300000e-07	-5.364138e-06	-1.340765e-09	-2.901983e+01	-1.620521e+02
8.400000e-07	-5.324458e-06	-1.336444e-09	-2.880517e+01	-1.615438e+02
8.500000e-07	-5.284520e-06	-1.329941e-09	-2.858911e+01	-1.610251e+02
8.600000e-07	-5.244078e-06	-1.322826e-09	-2.837031e+01	-1.604957e+02
8.700000e-07	-5.203138e-06	-1.316909e-09	-2.814883e+01	-1.599552e+02
8.800000e-07	-5.161950e-06	-1.311089e-09	-2.792601e+01	-1.594032e+02
8.900000e-07	-5.120299e-06	-1.303450e-09	-2.770068e+01	-1.588396e+02
9.000000e-07	-5.077911e-06	-1.295396e-09	-2.747135e+01	-1.582641e+02
9.100000e-07	-5.034971e-06	-1.289505e-09	-2.723905e+01	-1.576767e+02
9.200000e-07	-4.991709e-06	-1.284521e-09	-2.700500e+01	-1.570772e+02
9.300000e-07	-4.948122e-06	-1.277710e-09	-2.676920e+01	-1.564658e+02
9.400000e-07	-4.904203e-06	-1.270117e-09	-2.653160e+01	-1.558424e+02
9.500000e-07	-4.859987e-06	-1.263815e-09	-2.629239e+01	-1.552072e+02
9.600000e-07	-4.815470e-06	-1.258625e-09	-2.605156e+01	-1.545605e+02
9.700000e-07	-4.770717e-06	-1.253409e-09	-2.580945e+01	-1.539024e+02
9.800000e-07	-4.725623e-06	-1.247191e-09	-2.556549e+01	-1.532333e+02
9.900000e-07	-4.680116e-06	-1.240504e-09	-2.531929e+01	-1.525535e+02
1.000000e-06	-4.634276e-06	-1.234561e-09	-2.507130e+01	-1.518633e+02
1.010000e-06	-4.588005e-06	-1.228714e-09	-2.482098e+01	-1.511632e+02
1.020000e-06	-4.541477e-06	-1.222291e-09	-2.456927e+01	-1.504534e+02
1.030000e-06	-4.494689e-06	-1.215389e-09	-2.431614e+01	-1.497343e+02
1.040000e-06	-4.447532e-06	-1.209158e-09	-2.406102e+01	-1.490062e+02
1.050000e-06	-4.400173e-06	-1.204434e-09	-2.380481e+01	-1.482695e+02
1.060000e-06	-4.352561e-06	-1.199256e-09	-2.354723e+01	-1.475244e+02
1.070000e-06	-4.304684e-06	-1.193457e-09	-2.328822e+01	-1.467710e+02
1.080000e-06	-4.256594e-06	-1.187048e-09	-2.302806e+01	-1.460097e+02
1.090000e-06	-4.208188e-06	-1.180133e-09	-2.276618e+01	-1.452404e+02
1.100000e-06	-4.159234e-06	-1.173388e-09	-2.250134e+01	-1.444631e+02
1.110000e-06	-4.109662e-06	-1.166535e-09	-2.223316e+01	-1.436777e+02
1.120000e-06	-4.059637e-06	-1.159758e-09	-2.196252e+01	-1.428842e+02
1.130000e-06	-4.009276e-06	-1.153253e-09	-2.169007e+01	-1.420823e+02
1.140000e-06	-3.958561e-06	-1.147329e-09	-2.141570e+01	-1.412716e+02
1.150000e-06	-3.907562e-06	-1.142051e-09	-2.113980e+01	-1.404517e+02
1.160000e-06	-3.856299e-06	-1.136248e-09	-2.086247e+01	-1.396223e+02
1.170000e-06	-3.804619e-06	-1.129602e-09	-2.058288e+01	-1.387828e+02
1.180000e-06	-3.752543e-06	-1.122511e-09	-2.030116e+01	-1.379325e+02
1.190000e-06	-3.700181e-06	-1.115472e-09	-2.001787e+01	-1.370709e+02
1.200000e-06	-3.647479e-06	-1.108414e-09	-1.973276e+01	-1.361972e+02
1.210000e-06	-3.594605e-06	-1.101236e-09	-1.944671e+01	-1.353108e+02
1.220000e-06	-3.541580e-06	-1.093068e-09	-1.915985e+01	-1.344109e+02
1.230000e-06	-3.488268e-06	-1.084005e-09	-1.887143e+01	-1.334969e+02
1.240000e-06	-3.434766e-06	-1.075745e-09	-1.858199e+01	-1.325680e+02
1.250000e-06	-3.381024e-06	-1.069157e-09	-1.829125e+01	-1.316236e+02
1.260000e-06	-3.327027e-06	-1.062493e-09	-1.799912e+01	-1.306630e+02
1.270000e-06	-3.272751e-06	-1.054131e-09	-1.770549e+01	-1.296856e+02
1.280000e-06	-3.218325e-06	-1.045926e-09	-1.741105e+01	-1.286909e+02
1.290000e-06	-3.163865e-06	-1.038291e-09	-1.711642e+01	-1.276785e+02
1.300000e-06	-3.109047e-06	-1.029532e-09	-1.681986e+01	-1.266480e+02
1.310000e-06	-3.053896e-06	-1.020092e-09	-1.652149e+01	-1.255991e+02
1.320000e-06	-2.998661e-06	-1.011376e-09	-1.622267e+01	-1.245317e+02
1.330000e-06	-2.943302e-06	-1.002530e-09	-1.592318e+01	-1.234456e+02
1.340000e-06	-2.887721e-06	-9.933240e-10	-1.562249e+01	-1.223409e+02
1.350000e-06	-2.831953e-06	-9.840114e-10	-1.532078e+01	-1.212177e+02
1.360000e-06	-2.776175e-06	-9.742604e-10	-1.501903e+01	-1.200761e+02
1.370000e-06	-2.720319e-06	-9.648291e-10	-1.471685e+01	-1.189165e+02
1.380000e-06	-2.664230e-06	-9.563289e-10	-1.441341e+01	-1.177392e+02
1.390000e-06	-2.607919e-06	-9.473128e-10	-1.410877e+01	-1.165446e+02
1.400000e-06	-2.551431e-06	-9.372266e-10	-1.380317e+01	-1.153332e+02
1.410000e-06	-2.494853e-06	-9.267820e-10	-1.349708e+01	-1.141056e+02
1.420000e-06	-2.437991e-06	-9.165259e-10	-1.318946e+01	-1.128621e+02
1.430000e-06	-2.380703e-06	-9.070027e-10	-1.287954e+01	-1.116034e+02
1.440000e-06	-2.323069e-06	-8.977419e-10	-1.256774e+01	-1.103300e+02
1.450000e-06	-2.265194e-06	-8.870874e-10	-1.225463e+01	-1.090423e+02
1.460000e-06	-2.207053e-06	-8.751422e-10	-1.194010e+01	-1.077408e+02
1.470000e-06	-2.148580e-06	-8.635389e-10	-1.162376e+01	-1.064257e+02
1.480000e-06	-2.089862e-06	-8.521928e-10	-1.130609e+01	-1.050974e+02
1.490000e-06	-2.030896e-06	-8.405221e-10	-1.098709e+01	-1.037559e+02
1.500000e-06	-1.971652e-06	-8.290566e-10	-1.066658e+01	-1.024013e+02
1.510000e-06	-1.912230e-06	-8.174415e-10	-1.034511e+01	-1.010334e+02
1.520000e-06	-1.852753e-06	-8.059491e-10	-1.002334e+01	-9.965188e+01
1.530000e-06	-1.793203e-06	-7.954966e-10	-9.701176e+00	-9.825629e+01
1.540000e-06	-1.733634e-06	-7.846143e-10	-9.378911e+00	-9.684598e+01
1.550000e-06	-1.674075e-06	-7.718576e-10	-9.056699e+00	-9.542011e+01
1.560000e-06	-1.614451e-06	-7.587032e-10	-8.734137e+00	-9.397768e+01
1.570000e-06	-1.554782e-06	-7.469699e-10	-8.411328e+00	-9.251749e+01
1.580000e-06	-1.495074e-06	-7.362888e-10	-8.088310e+00	-9.103818e+01
1.590000e-06	-1.435281e-06	-7.245298e-10	-7.764833e+00	-8.953819e+01
1.600000e-06	-1.375471e-06	-7.111093e-10	-7.441262e+00	-8.801585e+01
1.610000e-06	-1.315618e-06	-6.976902e-10	-7.117456e+00	-8.646931e+01
1.620000e-06	-1.255734e-06	-6.849711e-10	-6.793485e+00	-8.489661e+01
1.630000e-06	-1.195806e-06	-6.726982e-10	-6.469275e+00	-8.329569e+01
1.640000e-06	-1.135771e-06	-6.595138e-10	-6.144490e+00	-8.166440e+01
1.650000e-06	-1.075690e-06	-6.455290e-10	-5.819452e+00	-8.000056e+01
1.660000e-06	-1.015487e-06	-6.323247e-10	-5.493756e+00	-7.830193e+01
1.670000e-06	-9.552294e-07	-6.196376e-10	-5.167764e+00	-7.656631e+01
1.680000e-06	-8.949605e-07	-6.055996e-10	-4.841711e+00	-7.479150e+01
1.690000e-06	-8.345760e-07	-5.901854e-10	-4.515033e+00	-7.297539e+01
1.700000e-06	-7.741409e-07	-5.753110e-10	-4.188080e+00	-7.111595e+01
1.710000e-06	-7.136010e-07	-5.613412e-10	-3.860562e+00	-6.921130e+01
1.720000e-06	-6.530456e-07	-5.467754e-10	-3.532959e+00	-6.725968e+01
1.730000e-06	-5.924672e-07	-5.310270e-10	-3.205231e+00	-6.525957e+01
1.740000e-06	-5.317671e-07	-5.148921e-10	-2.876845e+00	-6.320963e+01
1.750000e-06	-4.709225e-07	-4.983798e-10	-2.547677e+00	-6.110877e+01
1.760000e-06	-4.099883e-07	-4.812969e-10	-2.218025e+00	-5.895617e+01
1.770000e-06	-3.491533e-07	-4.644400e-10	-1.888910e+00	-5.675129e+01
1.780000e-06	-2.882751e-07	-4.476188e-10	-1.559560e+00	-5.449390e+01
1.790000e-06	-2.274064e-07	-4.293487e-10	-1.230262e+00	-5.218408e+01
1.800000e-06	-1.666445e-07	-4.097500e-10	-9.015422e-01	-4.982226e+01
1.810000e-06	-1.058793e-07	-3.899730e-10	-5.728038e-01	-4.740916e+01
1.820000e-06	-4.498385e-08	-3.699553e-10	-2.433613e-01	-4.494589e+01
1.830000e-06	1.600410e-08	-3.489330e-10	8.658172e-02	-4.243385e+01
1.840000e-06	7.687933e-08	-3.272231e-10	4.159150e-01	-3.987480e+01
1.850000e-06	1.376571e-07	-3.051257e-10	7.447210e-01	-3.727081e+01
1.860000e-06	1.984748e-07	-2.831163e-10	1.073743e+00	-3.462425e+01
1.870000e-06	2.593234e-07	-2.608972e-10	1.402932e+00	-3.193779e+01
1.880000e-06	3.203025e-07	-2.379717e-10	1.732828e+00	-2.921436e+01
1.890000e-06	3.812814e-07	-2.151366e-10	2.062722e+00	-2.645716e+01
1.900000e-06	4.421110e-07	-1.925014e-10	2.391808e+00	-2.366957e+01
1.910000e-06	5.029064e-07	-1.696517e-10	2.720709e+00	-2.085521e+01
1.920000e-06	5.637530e-07	-1.471205e-10	3.049888e+00	-1.801781e+01
1.930000e-06	6.245340e-07	-1.243546e-10	3.378711e+00	-1.516127e+01
1.940000e-06	6.851374e-07	-1.003812e-10	3.706574e+00	-1.228957e+01
1.950000e-06	7.456866e-07	-7.630825e-11	4.034143e+00	-9.406728e+00
1.960000e-06	8.061902e-07	-5.185441e-11	4.361466e+00	-6.516823e+00
1.970000e-06	8.665952e-07	-2.655044e-11	4.688256e+00	-3.623905e+00
1.980000e-06	9.269431e-07	-3.219435e-12	5.014736e+00	-7.319854e-01
1.990000e-06	9.872769e-07	1.926246e-11	5.341140e+00	2.155000e+00
2.000000e-06	1.047626e-06	4.368526e-11	5.667629e+00	5.033223e+00
2.010000e-06	1.107914e-06	6.778432e-11	5.993784e+00	7.898991e+00
2.020000e-06	1.168116e-06	9.152082e-11	6.319476e+00	1.074878e+01
2.030000e-06	1.228206e-06	1.163731e-10	6.644562e+00	1.357924e+01
2.040000e-06	1.288101e-06	1.402753e-10	6.968593e+00	1.638726e+01
2.050000e-06	1.347990e-06	1.629263e-10	7.292586e+00	1.916993e+01
2.060000e-06	1.407904e-06	1.856954e-10	7.616719e+00	2.192460e+01
2.070000e-06	1.467691e-06	2.080857e-10	7.940165e+00	2.464889e+01
2.080000e-06	1.527363e-06	2.295734e-10	8.262991e+00	2.734066e+01
2.090000e-06	1.587068e-06	2.500251e-10	8.585993e+00	2.999809e+01
2.100000e-06	1.646756e-06	2.705807e-10	8.908905e+00	3.261959e+01
2.110000e-06	1.706320e-06	2.918372e-10	9.231145e+00	3.520387e+01
2.120000e-06	1.765797e-06	3.126356e-10	9.552913e+00	3.774993e+01
2.130000e-06	1.825246e-06	3.328217e-10	9.874531e+00	4.025702e+01
2.140000e-06	1.884699e-06	3.521878e-10	1.019617e+01	4.272464e+01
2.150000e-06	1.944071e-06	3.702713e-10	1.051737e+01	4.515256e+01
2.160000e-06	2.003319e-06	3.891729e-10	1.083790e+01	4.754076e+01
2.170000e-06	2.062365e-06	4.086019e-10	1.115734e+01	4.988946e+01
2.180000e-06	2.121138e-06	4.272112e-10	1.147530e+01	5.219906e+01
2.190000e-06	2.179633e-06	4.460608e-10	1.179175e+01	5.447015e+01
2.200000e-06	2.237804e-06	4.646247e-10	1.210646e+01	5.670347e+01
2.210000e-06	2.295581e-06	4.817848e-10	1.241903e+01	5.889991e+01
2.220000e-06	2.353034e-06	4.984234e-10	1.272985e+01	6.106047e+01
2.230000e-06	2.410266e-06	5.149137e-10	1.303947e+01	6.318623e+01
2.240000e-06	2.467132e-06	5.315114e-10	1.334712e+01	6.527836e+01
2.250000e-06	2.523603e-06	5.483971e-10	1.365262e+01	6.733807e+01
2.260000e-06	2.579845e-06	5.643257e-10	1.395689e+01	6.936662e+01
2.270000e-06	2.635974e-06	5.788277e-10	1.426055e+01	7.136525e+01
2.280000e-06	2.692056e-06	5.930845e-10	1.456395e+01	7.333521e+01
2.290000e-06	2.748034e-06	6.078988e-10	1.486679e+01	7.527771e+01
2.300000e-06	2.803780e-06	6.230643e-10	1.516837e+01	7.719395e+01
2.310000e-06	2.859430e-06	6.392287e-10	1.546944e+01	7.908504e+01
2.320000e-06	2.915090e-06	6.566897e-10	1.577056e+01	8.095203e+01
2.330000e-06	2.970517e-06	6.743103e-10	1.607041e+01	8.279590e+01
2.340000e-06	3.025686e-06	6.898284e-10	1.636887e+01	8.461754e+01
2.350000e-06	3.080632e-06	7.025137e-10	1.666614e+01	8.641774e+01
2.360000e-06	3.135438e-06	7.136774e-10	1.696263e+01	8.819720e+01
2.370000e-06	3.190131e-06	7.248073e-10	1.725852e+01	8.995651e+01
2.380000e-06	3.244512e-06	7.369254e-10	1.755272e+01	9.169617e+01
2.390000e-06	3.298544e-06	7.513441e-10	1.784503e+01	9.341656e+01
2.400000e-06	3.352305e-06	7.674466e-10	1.813588e+01	9.511797e+01
2.410000e-06	3.405898e-06	7.829376e-10	1.842581e+01	9.680060e+01
2.420000e-06	3.459389e-06	7.970364e-10	1.871520e+01	9.846455e+01
2.430000e-06	3.512688e-06	8.097398e-10	1.900354e+01	1.001098e+02
2.440000e-06	3.565601e-06	8.217349e-10	1.928980e+01	1.017364e+02
2.450000e-06	3.618174e-06	8.339300e-10	1.957422e+01	1.033440e+02
2.460000e-06	3.670473e-06	8.459620e-10	1.985716e+01	1.049326e+02
2.470000e-06	3.722496e-06	8.578001e-10	2.013860e+01	1.065019e+02
2.480000e-06	3.774242e-06	8.697817e-10	2.041854e+01	1.080516e+02
2.490000e-06	3.825725e-06	8.817990e-10	2.069706e+01	1.095813e+02
2.500000e-06	3.877063e-06	8.938336e-10	2.097480e+01	1.110908e+02
2.510000e-06	3.928127e-06	9.058099e-10	2.125106e+01	1.125796e+02
2.520000e-06	3.978612e-06	9.179453e-10	2.152418e+01	1.140473e+02
2.530000e-06	4.028618e-06	9.293834e-10	2.179471e+01	1.154936e+02
2.540000e-06	4.078369e-06	9.398806e-10	2.206386e+01	1.169182e+02
2.550000e-06	4.127553e-06	9.497013e-10	2.232995e+01	1.183206e+02
2.560000e-06	4.176079e-06	9.589890e-10	2.259247e+01	1.197006e+02
2.570000e-06	4.224304e-06	9.683863e-10	2.285337e+01	1.210578e+02
2.580000e-06	4.272319e-06	9.786709e-10	2.311313e+01	1.223920e+02
2.590000e-06	4.320090e-06	9.901726e-10	2.337157e+01	1.237031e+02
2.600000e-06	4.367762e-06	1.001735e-09	2.362947e+01	1.249907e+02
2.610000e-06	4.415137e-06	1.012109e-09	2.388577e+01	1.262549e+02
2.620000e-06	4.462230e-06	1.020639e-09	2.414054e+01	1.274954e+02
2.630000e-06	4.509049e-06	1.028307e-09	2.439383e+01	1.287123e+02
2.640000e-06	4.555408e-06	1.037268e-09	2.464463e+01	1.299057e+02
2.650000e-06	4.601352e-06	1.047584e-09	2.489318e+01	1.310755e+02
2.660000e-06	4.646944e-06	1.056683e-09	2.513984e+01	1.322220e+02
2.670000e-06	4.692347e-06	1.064225e-09	2.538547e+01	1.333452e+02
2.680000e-06	4.737468e-06	1.072171e-09	2.562957e+01	1.344454e+02
2.690000e-06	4.782179e-06	1.080976e-09	2.587146e+01	1.355228e+02
2.700000e-06	4.826580e-06	1.089546e-09	2.611166e+01	1.365778e+02
2.710000e-06	4.870699e-06	1.097848e-09	2.635034e+01	1.376106e+02
2.720000e-06	4.914556e-06	1.107065e-09	2.658761e+01	1.386216e+02
2.730000e-06	4.958271e-06	1.116363e-09	2.682411e+01	1.396113e+02
2.740000e-06	5.001779e-06	1.124859e-09	2.705949e+01	1.405799e+02
2.750000e-06	5.044966e-06	1.132072e-09	2.729312e+01	1.415280e+02
2.760000e-06	5.087753e-06	1.138073e-09	2.752460e+01	1.424560e+02
2.770000e-06	5.130083e-06	1.144727e-09	2.775361e+01	1.433644e+02
2.780000e-06	5.171738e-06	1.153089e-09	2.797896e+01	1.442536e+02
2.790000e-06	5.212627e-06	1.161975e-09	2.820017e+01	1.451241e+02
2.800000e-06	5.253036e-06	1.170267e-09	2.841878e+01	1.459763e+02
2.810000e-06	5.293118e-06	1.178124e-09	2.863562e+01	1.468109e+02
2.820000e-06	5.332923e-06	1.185702e-09	2.885096e+01	1.476282e+02
2.830000e-06	5.372513e-06	1.193402e-09	2.906515e+01	1.484287e+02
2.840000e-06	5.411844e-06	1.201015e-09	2.927792e+01	1.492130e+02
2.850000e-06	5.450820e-06	1.207590e-09	2.948878e+01	1.499814e+02
2.860000e-06	5.489391e-06	1.212939e-09	2.969745e+01	1.507344e+02
2.870000e-06	5.527533e-06	1.218574e-09	2.990380e+01	1.514725e+02
2.880000e-06	5.565265e-06	1.225371e-09	3.010793e+01	1.521961e+02
2.890000e-06	5.602561e-06	1.232757e-09	3.030970e+01	1.529056e+02
2.900000e-06	5.639357e-06	1.239302e-09	3.050876e+01	1.536015e+02
2.910000e-06	5.675750e-06	1.245000e-09	3.070565e+01	1.542842e+02
2.920000e-06	5.711803e-06	1.251308e-09	3.090070e+01	1.549541e+02
2.930000e-06	5.747601e-06	1.258676e-09	3.109436e+01	1.556115e+02
2.940000e-06	5.783174e-06	1.265796e-09	3.128681e+01	1.562568e+02
2.950000e-06	5.818470e-06	1.270349e-09	3.147776e+01	1.568905e+02
2.960000e-06	5.853355e-06	1.274019e-09	3.166649e+01	1.575128e+02
2.970000e-06	5.887540e-06	1.280066e-09	3.185143e+01	1.581243e+02
2.980000e-06	5.921020e-06	1.286677e-09	3.203255e+01	1.587251e+02
2.990000e-06	5.953898e-06	1.292308e-09	3.221042e+01	1.593157e+02
3.000000e-06	5.986199e-06	1.297954e-09	3.238517e+01	1.598963e+02
3.010000e-06	6.018183e-06	1.303481e-09	3.255820e+01	1.604674e+02
3.020000e-06	6.049934e-06	1.309361e-09	3.272997e+01	1.610293e+02
3.030000e-06	6.081366e-06	1.315846e-09	3.290002e+01	1.615823e+02
3.040000e-06	6.112348e-06	1.322198e-09	3.306763e+01	1.621266e+02
3.050000e-06	6.142859e-06	1.327946e-09	3.323269e+01	1.626627e+02
3.060000e-06	6.172961e-06	1.334023e-09	3.339555e+01	1.631907e+02
3.070000e-06	6.202617e-06	1.339417e-09	3.355598e+01	1.637111e+02
3.080000e-06	6.231951e-06	1.343906e-09	3.371468e+01	1.642240e+02
3.090000e-06	6.260887e-06	1.349018e-09	3.387122e+01	1.647297e+02
3.100000e-06	6.289420e-06	1.354535e-09	3.402558e+01	1.652286e+02
3.110000e-06	6.317631e-06	1.359762e-09	3.417821e+01	1.657208e+02
3.120000e-06	6.345475e-06	1.364640e-09	3.432884e+01	1.662065e+02
3.130000e-06	6.372966e-06	1.369980e-09	3.447757e+01	1.666859e+02
3.140000e-06	6.400145e-06	1.375246e-09	3.462461e+01	1.671593e+02
3.150000e-06	6.426725e-06	1.379521e-09	3.476840e+01	1.676268e+02
3.160000e-06	6.452676e-06	1.383667e-09	3.490880e+01	1.680885e+02
3.170000e-06	6.477942e-06	1.388435e-09	3.504549e+01	1.685446e+02
3.180000e-06	6.502319e-06	1.393132e-09	3.517736e+01	1.689952e+02
3.190000e-06	6.526210e-06	1.397046e-09	3.530662e+01	1.694402e+02
3.200000e-06	6.549838e-06	1.400957e-09	3.543444e+01	1.698798e+02
3.210000e-06	6.573125e-06	1.405025e-09	3.556042e+01	1.703140e+02
3.220000e-06	6.595966e-06	1.408779e-09	3.568399e+01	1.707428e+02
3.230000e-06	6.618301e-06	1.412961e-09	3.580482e+01	1.711662e+02
3.240000e-06	6.640151e-06	1.417185e-09	3.592303e+01	1.715840e+02
3.250000e-06	6.661510e-06	1.421128e-09	3.603858e+01	1.719962e+02
3.260000e-06	6.682386e-06	1.425575e-09	3.615152e+01	1.724027e+02
3.270000e-06	6.702797e-06	1.430550e-09	3.626195e+01	1.728033e+02
3.280000e-06	6.722821e-06	1.434407e-09	3.637028e+01	1.731979e+02
3.290000e-06	6.742615e-06	1.437640e-09	3.647736e+01	1.735862e+02
3.300000e-06	6.762059e-06	1.442145e-09	3.658255e+01	1.739682e+02
3.310000e-06	6.780970e-06	1.446701e-09	3.668486e+01	1.743435e+02
3.320000e-06	6.799377e-06	1.449847e-09	3.678444e+01	1.747120e+02
3.330000e-06	6.817317e-06	1.451984e-09	3.688149e+01	1.750733e+02
3.340000e-06	6.834635e-06	1.454706e-09	3.697518e+01	1.754271e+02
3.350000e-06	6.851469e-06	1.459084e-09	3.706625e+01	1.757733e+02
3.360000e-06	6.867838e-06	1.464226e-09	3.715481e+01	1.761114e+02
3.370000e-06	6.883665e-06	1.468289e-09	3.724043e+01	1.764412e+02
3.380000e-06	6.899013e-06	1.470904e-09	3.732347e+01	1.767624e+02
3.390000e-06	6.913628e-06	1.473236e-09	3.740253e+01	1.770747e+02
3.400000e-06	6.927590e-06	1.477579e-09	3.747807e+01	1.773777e+02
3.410000e-06	6.941177e-06	1.483662e-09	3.755157e+01	1.776712e+02
3.420000e-06	6.954326e-06	1.488128e-09	3.762271e+01	1.779547e+02
3.430000e-06	6.966919e-06	1.490376e-09	3.769084e+01	1.782281e+02
3.440000e-06	6.979014e-06	1.493402e-09	3.775627e+01	1.784910e+02
3.450000e-06	6.990730e-06	1.498325e-09	3.781965e+01	1.787432e+02
3.460000e-06	7.001929e-06	1.502956e-09	3.788024e+01	1.789843e+02
3.470000e-06	7.012503e-06	1.506362e-09	3.793744e+01	1.792142e+02
3.480000e-06	7.022306e-06	1.508739e-09	3.799048e+01	1.794325e+02
3.490000e-06	7.031132e-06	1.511440e-09	3.803823e+01	1.796391e+02
3.500000e-06	7.039359e-06	1.516062e-09	3.808274e+01	1.798337e+02
3.510000e-06	7.047256e-06	1.521545e-09	3.812546e+01	1.800163e+02
3.520000e-06	7.054667e-06	1.525680e-09	3.816555e+01	1.801866e+02
3.530000e-06	7.061611e-06	1.527773e-09	3.820312e+01	1.803445e+02
3.540000e-06	7.068189e-06	1.529465e-09	3.823870e+01	1.804900e+02
3.550000e-06	7.074348e-06	1.532556e-09	3.827202e+01	1.806230e+02
3.560000e-06	7.079937e-06	1.535113e-09	3.830226e+01	1.807434e+02
3.570000e-06	7.084934e-06	1.535643e-09	3.832929e+01	1.808514e+02
3.580000e-06	7.089464e-06	1.535932e-09	3.835380e+01	1.809468e+02
3.590000e-06	7.093639e-06	1.538253e-09	3.837639e+01	1.810299e+02
3.600000e-06	7.097580e-06	1.542497e-09	3.839771e+01	1.811008e+02
3.610000e-06	7.101090e-06	1.546045e-09	3.841670e+01	1.811595e+02
3.620000e-06	7.103987e-06	1.546680e-09	3.843237e+01	1.812064e+02
3.630000e-06	7.106302e-06	1.545685e-09	3.844490e+01	1.812416e+02
3.640000e-06	7.107886e-06	1.546441e-09	3.845346e+01	1.812655e+02
3.650000e-06	7.108741e-06	1.548995e-09	3.845809e+01	1.812784e+02
3.660000e-06	7.109094e-06	1.550975e-09	3.846000e+01	1.812806e+02
3.670000e-06	7.108986e-06	1.551971e-09	3.845941e+01	1.812725e+02
3.680000e-06	7.108520e-06	1.553337e-09	3.845689e+01	1.812547e+02
3.690000e-06	7.107638e-06	1.554479e-09	3.845212e+01	1.812274e+02
3.700000e-06	7.106155e-06	1.555168e-09	3.844410e+01	1.811913e+02
3.710000e-06	7.104223e-06	1.554687e-09	3.843365e+01	1.811468e+02
3.720000e-06	7.101931e-06	1.553338e-09	3.842125e+01	1.810946e+02
3.730000e-06	7.099199e-06	1.553101e-09	3.840646e+01	1.810351e+02
3.740000e-06	7.095959e-06	1.555986e-09	3.838894e+01	1.809690e+02
3.750000e-06	7.092256e-06	1.556964e-09	3.836891e+01	1.808968e+02
3.760000e-06	7.087756e-06	1.545789e-09	3.834456e+01	1.808191e+02
3.770000e-06	7.082259e-06	1.549622e-09	3.831482e+01	1.807365e+02
3.780000e-06	7.076215e-06	1.589028e-09	3.828213e+01	1.806497e+02
3.790000e-06	7.069947e-06	1.566177e-09	3.824822e+01	1.805591e+02
3.800000e-06	7.063331e-06	1.504922e-09	3.821242e+01	1.804653e+02
3.810000e-06	7.056118e-06	1.534897e-09	3.817340e+01	1.803688e+02
3.820000e-06	7.048420e-06	1.609103e-09	3.813176e+01	1.802701e+02
3.830000e-06	7.040403e-06	1.577205e-09	3.808839e+01	1.801697e+02
3.840000e-06	7.031933e-06	1.486868e-09	3.804256e+01	1.800679e+02
3.850000e-06	7.022908e-06	1.530669e-09	3.799374e+01	1.799652e+02
3.860000e-06	7.013395e-06	1.635667e-09	3.794227e+01	1.798617e+02
3.870000e-06	7.003533e-06	1.576185e-09	3.788892e+01	1.797577e+02
3.880000e-06	6.993171e-06	1.453870e-09	3.783286e+01	1.796535e+02
3.890000e-06	6.982188e-06	1.528977e-09	3.777344e+01	1.795490e+02
3.900000e-06	6.970734e-06	1.653188e-09	3.771147e+01	1.794444e+02
3.910000e-06	6.958720e-06	1.563648e-09	3.764648e+01	1.793395e+02
3.920000e-06	6.945966e-06	1.451528e-09	3.757748e+01	1.792343e+02
3.930000e-06	6.932465e-06	1.563353e-09	3.750444e+01	1.791287e+02
3.940000e-06	6.918430e-06	1.646612e-09	3.742851e+01	1.790222e+02
3.950000e-06	6.903828e-06	1.517468e-09	3.734951e+01	1.789148e+02
3.960000e-06	6.888498e-06	1.476603e-09	3.726658e+01	1.788058e+02
3.970000e-06	6.872692e-06	1.617617e-09	3.718107e+01	1.786951e+02
3.980000e-06	6.856586e-06	1.609723e-09	3.709394e+01	1.785819e+02
3.990000e-06	6.840000e-06	1.474905e-09	3.700421e+01	1.784659e+02
4.000000e-06	6.822852e-06	1.541555e-09	3.691144e+01	1.783465e+02
4.010000e-06	6.805219e-06	1.645365e-09	3.681605e+01	1.782230e+02
4.020000e-06	6.787148e-06	1.529851e-09	3.671828e+01	1.780949e+02
4.030000e-06	6.768546e-06	1.475946e-09	3.661764e+01	1.779615e+02
4.040000e-06	6.749426e-06	1.615891e-09	3.651420e+01	1.778222e+02
4.050000e-06	6.729876e-06	1.609221e-09	3.640844e+01	1.776763e+02
4.060000e-06	6.709957e-06	1.473347e-09	3.630068e+01	1.775233e+02
4.070000e-06	6.689751e-06	1.535478e-09	3.619136e+01	1.773626e+02
4.080000e-06	6.669229e-06	1.628067e-09	3.608034e+01	1.771936e+02
4.090000e-06	6.648213e-06	1.523647e-09	3.596665e+01	1.770158e+02
4.100000e-06	6.626424e-06	1.494981e-09	3.584877e+01	1.768287e+02
4.110000e-06	6.603885e-06	1.604200e-09	3.572684e+01	1.766320e+02
4.120000e-06	6.580759e-06	1.567499e-09	3.560172e+01	1.764252e+02
4.130000e-06	6.557096e-06	1.487502e-09	3.547370e+01	1.762082e+02
4.140000e-06	6.533017e-06	1.565249e-09	3.534344e+01	1.759807e+02
4.150000e-06	6.508554e-06	1.590631e-09	3.521109e+01	1.757426e+02
4.160000e-06	6.483648e-06	1.503860e-09	3.507635e+01	1.754937e+02
4.170000e-06	6.458343e-06	1.529999e-09	3.493945e+01	1.752342e+02
4.180000e-06	6.432513e-06	1.587446e-09	3.479971e+01	1.749641e+02
4.190000e-06	6.406367e-06	1.529010e-09	3.465827e+01	1.746835e+02
4.200000e-06	6.379923e-06	1.514565e-09	3.451520e+01	1.743926e+02
4.210000e-06	6.352851e-06	1.566695e-09	3.436874e+01	1.740918e+02
4.220000e-06	6.325237e-06	1.538144e-09	3.421935e+01	1.737813e+02
4.230000e-06	6.297286e-06	1.507820e-09	3.406814e+01	1.734615e+02
4.240000e-06	6.269121e-06	1.547033e-09	3.391577e+01	1.731328e+02
4.250000e-06	6.240644e-06	1.544406e-09	3.376171e+01	1.727956e+02
4.260000e-06	6.211635e-06	1.510642e-09	3.360477e+01	1.724504e+02
4.270000e-06	6.181912e-06	1.525340e-09	3.344397e+01	1.720976e+02
4.280000e-06	6.151513e-06	1.533415e-09	3.327951e+01	1.717377e+02
4.290000e-06	6.120519e-06	1.513342e-09	3.311183e+01	1.713711e+02
4.300000e-06	6.088947e-06	1.513003e-09	3.294103e+01	1.709981e+02
4.310000e-06	6.056948e-06	1.516531e-09	3.276792e+01	1.706193e+02
4.320000e-06	6.024576e-06	1.506803e-09	3.259279e+01	1.702348e+02
4.330000e-06	5.991756e-06	1.503844e-09	3.241523e+01	1.698450e+02
4.340000e-06	5.958511e-06	1.503290e-09	3.223538e+01	1.694502e+02
4.350000e-06	5.924954e-06	1.500100e-09	3.205384e+01	1.690505e+02
4.360000e-06	5.891055e-06	1.498078e-09	3.187044e+01	1.686459e+02
4.370000e-06	5.856684e-06	1.492673e-09	3.168450e+01	1.682366e+02
4.380000e-06	5.821809e-06	1.491839e-09	3.149582e+01	1.678226e+02
4.390000e-06	5.786566e-06	1.493195e-09	3.130516e+01	1.674036e+02
4.400000e-06	5.751008e-06	1.482977e-09	3.111279e+01	1.669796e+02
4.410000e-06	5.715152e-06	1.475632e-09	3.091881e+01	1.665503e+02
4.420000e-06	5.679102e-06	1.477974e-09	3.072378e+01	1.661154e+02
4.430000e-06	5.642765e-06	1.472461e-09	3.052720e+01	1.656745e+02
4.440000e-06	5.605933e-06	1.464491e-09	3.032794e+01	1.652274e+02
4.450000e-06	5.568449e-06	1.465603e-09	3.012515e+01	1.647734e+02
4.460000e-06	5.530331e-06	1.465330e-09	2.991893e+01	1.643122e+02
4.470000e-06	5.491702e-06	1.460204e-09	2.970995e+01	1.638433e+02
4.480000e-06	5.452519e-06	1.457636e-09	2.949798e+01	1.633661e+02
4.490000e-06	5.412868e-06	1.454990e-09	2.928347e+01	1.628801e+02
4.500000e-06	5.372870e-06	1.448278e-09	2.906707e+01	1.623849e+02
4.510000e-06	5.332563e-06	1.442059e-09	2.884901e+01	1.618799e+02
4.520000e-06	5.292024e-06	1.439955e-09	2.862970e+01	1.613647e+02
4.530000e-06	5.251238e-06	1.438543e-09	2.840905e+01	1.608389e+02
4.540000e-06	5.210065e-06	1.434573e-09	2.818630e+01	1.603021e+02
4.550000e-06	5.168540e-06	1.429520e-09	2.796165e+01	1.597540e+02
4.560000e-06	5.126632e-06	1.425606e-09	2.773493e+01	1.591943e+02
4.570000e-06	5.084336e-06	1.421274e-09	2.750612e+01	1.586227e+02
4.580000e-06	5.041789e-06	1.415524e-09	2.727594e+01	1.580393e+02
4.590000e-06	4.998877e-06	1.408973e-09	2.704379e+01	1.574438e+02
4.600000e-06	4.955571e-06	1.403478e-09	2.680950e+01	1.568363e+02
4.610000e-06	4.911943e-06	1.400059e-09	2.657347e+01	1.562169e+02
4.620000e-06	4.868000e-06	1.397401e-09	2.633574e+01	1.555856e+02
4.630000e-06	4.823798e-06	1.393446e-09	2.609661e+01	1.549427e+02
4.640000e-06	4.779371e-06	1.388321e-09	2.585626e+01	1.542884e+02
4.650000e-06	4.734715e-06	1.382414e-09	2.561468e+01	1.536229e+02
4.660000e-06	4.689626e-06	1.375808e-09	2.537075e+01	1.529466e+02
4.670000e-06	4.644044e-06	1.369908e-09	2.512415e+01	1.522599e+02
4.680000e-06	4.598205e-06	1.363439e-09	2.487616e+01	1.515630e+02
4.690000e-06	4.552128e-06	1.356312e-09	2.462689e+01	1.508563e+02
4.700000e-06	4.505543e-06	1.350195e-09	2.437486e+01	1.501403e+02
4.710000e-06	4.458588e-06	1.344815e-09	2.412083e+01	1.494151e+02
4.720000e-06	4.411412e-06	1.339307e-09	2.386562e+01	1.486813e+02
4.730000e-06	4.363945e-06	1.331500e-09	2.360882e+01	1.479389e+02
4.740000e-06	4.316310e-06	1.322966e-09	2.335112e+01	1.471883e+02
4.750000e-06	4.268369e-06	1.318156e-09	2.309176e+01	1.464296e+02
4.760000e-06	4.219985e-06	1.314336e-09	2.283000e+01	1.456629e+02
4.770000e-06	4.171112e-06	1.307771e-09	2.256560e+01	1.448883e+02
4.780000e-06	4.121914e-06	1.300842e-09	2.229944e+01	1.441056e+02
4.790000e-06	4.072489e-06	1.295870e-09	2.203205e+01	1.433148e+02
4.800000e-06	4.022739e-06	1.290932e-09	2.176290e+01	1.425157e+02
4.810000e-06	3.972656e-06	1.285243e-09	2.149196e+01	1.417080e+02
4.820000e-06	3.922240e-06	1.279197e-09	2.121921e+01	1.408912e+02
4.830000e-06	3.871501e-06	1.272100e-09	2.094471e+01	1.400650e+02
4.840000e-06	3.820548e-06	1.264093e-09	2.066906e+01	1.392289e+02
4.850000e-06	3.769355e-06	1.256236e-09	2.039210e+01	1.383823e+02
4.860000e-06	3.717924e-06	1.248611e-09	2.011386e+01	1.375245e+02
4.870000e-06	3.666226e-06	1.240981e-09	1.983418e+01	1.366549e+02
4.880000e-06	3.614082e-06	1.233275e-09	1.955208e+01	1.357728e+02
4.890000e-06	3.561686e-06	1.225278e-09	1.926862e+01	1.348775e+02
4.900000e-06	3.509141e-06	1.218116e-09	1.898436e+01	1.339683e+02
4.910000e-06	3.456282e-06	1.212188e-09	1.869839e+01	1.330444e+02
4.920000e-06	3.403003e-06	1.204221e-09	1.841015e+01	1.321052e+02
4.930000e-06	3.349382e-06	1.194177e-09	1.812006e+01	1.311500e+02
4.940000e-06	3.295255e-06	1.185451e-09	1.782724e+01	1.301783e+02
4.950000e-06	3.240690e-06	1.177496e-09	1.753204e+01	1.291894e+02
4.960000e-06	3.185870e-06	1.169067e-09	1.723547e+01	1.281830e+02
4.970000e-06	3.130719e-06	1.160110e-09	1.693710e+01	1.271585e+02
4.980000e-06	3.075335e-06	1.150366e-09	1.663748e+01	1.261158e+02
4.990000e-06	3.019675e-06	1.140606e-09	1.633636e+01	1.250545e+02
5.000000e-06	2.963822e-06	1.131207e-09	1.603420e+01	1.239746e+02
5.010000e-06	2.907826e-06	1.120881e-09	1.573125e+01	1.228761e+02
5.020000e-06	2.851633e-06	1.109922e-09	1.542726e+01	1.217590e+02
5.030000e-06	2.795266e-06	1.099692e-09	1.512231e+01	1.206235e+02
5.040000e-06	2.738827e-06	1.090117e-09	1.481697e+01	1.194699e+02
5.050000e-06	2.682286e-06	1.080814e-09	1.451109e+01	1.182984e+02
5.060000e-06	2.625575e-06	1.071144e-09	1.420429e+01	1.171096e+02
5.070000e-06	2.568827e-06	1.059848e-09	1.389728e+01	1.159037e+02
5.080000e-06	2.511896e-06	1.048568e-09	1.358929e+01	1.146814e+02
5.090000e-06	2.454588e-06	1.038496e-09	1.327925e+01	1.134432e+02
5.100000e-06	2.397086e-06	1.028644e-09	1.296817e+01	1.121895e+02
5.110000e-06	2.339481e-06	1.017444e-09	1.265653e+01	1.109209e+02
5.120000e-06	2.281678e-06	1.004796e-09	1.234381e+01	1.096379e+02
5.130000e-06	2.223717e-06	9.928857e-10	1.203025e+01	1.083409e+02
5.140000e-06	2.165623e-06	9.820062e-10	1.171596e+01	1.070304e+02
5.150000e-06	2.107385e-06	9.703194e-10	1.140089e+01	1.057064e+02
5.160000e-06	2.048885e-06	9.571618e-10	1.108441e+01	1.043693e+02
5.170000e-06	1.990160e-06	9.433851e-10	1.076671e+01	1.030191e+02
5.180000e-06	1.931424e-06	9.302547e-10	1.044895e+01	1.016556e+02
5.190000e-06	1.872503e-06	9.177219e-10	1.013019e+01	1.002786e+02
5.200000e-06	1.813296e-06	9.049102e-10	9.809883e+00	9.888779e+01
5.210000e-06	1.753994e-06	8.911726e-10	9.489056e+00	9.748246e+01
5.220000e-06	1.694681e-06	8.766051e-10	9.168175e+00	9.606187e+01
5.230000e-06	1.635204e-06	8.631802e-10	8.846409e+00	9.462508e+01
5.240000e-06	1.575564e-06	8.503313e-10	8.523757e+00	9.317094e+01
5.250000e-06	1.515844e-06	8.365796e-10	8.200674e+00	9.169815e+01
5.260000e-06	1.456014e-06	8.225772e-10	7.876995e+00	9.020523e+01
5.270000e-06	1.396128e-06	8.081016e-10	7.553013e+00	8.869052e+01
5.280000e-06	1.336216e-06	7.934652e-10	7.228890e+00	8.715224e+01
5.290000e-06	1.276199e-06	7.791284e-10	6.904199e+00	8.558847e+01
5.300000e-06	1.216145e-06	7.633573e-10	6.579308e+00	8.399718e+01
5.310000e-06	1.156092e-06	7.466018e-10	6.254423e+00	8.237625e+01
5.320000e-06	1.095936e-06	7.313540e-10	5.928981e+00	8.072349e+01
5.330000e-06	1.035775e-06	7.178754e-10	5.603515e+00	7.903670e+01
5.340000e-06	9.756690e-07	7.039653e-10	5.278342e+00	7.731364e+01
5.350000e-06	9.155027e-07	6.880137e-10	4.952844e+00	7.555212e+01
5.360000e-06	8.552958e-07	6.705489e-10	4.627126e+00	7.375000e+01
5.370000e-06	7.950550e-07	6.526218e-10	4.301225e+00	7.190521e+01
5.380000e-06	7.347977e-07	6.353109e-10	3.975235e+00	7.001581e+01
5.390000e-06	6.744993e-07	6.172593e-10	3.649022e+00	6.808002e+01
5.400000e-06	6.141778e-07	5.977869e-10	3.322684e+00	6.609623e+01
5.410000e-06	5.538428e-07	5.791348e-10	2.996274e+00	6.406302e+01
5.420000e-06	4.934716e-07	5.620593e-10	2.669668e+00	6.197922e+01
5.430000e-06	4.331230e-07	5.449647e-10	2.343183e+00	5.984393e+01
5.440000e-06	3.727518e-07	5.261020e-10	2.016577e+00	5.765650e+01
5.450000e-06	3.123003e-07	5.049550e-10	1.689536e+00	5.541661e+01
5.460000e-06	2.518027e-07	4.826048e-10	1.362246e+00	5.312423e+01
5.470000e-06	1.913953e-07	4.608550e-10	1.035443e+00	5.077966e+01
5.480000e-06	1.309846e-07	4.397779e-10	7.086231e-01	4.838354e+01
5.490000e-06	7.053430e-08	4.180164e-10	3.815886e-01	4.593684e+01
5.500000e-06	1.011774e-08	3.950437e-10	5.473667e-02	4.344087e+01
5.510000e-06	-5.030396e-08	3.713630e-10	-2.721430e-01	4.089726e+01
5.520000e-06	-1.108315e-07	3.480828e-10	-5.995953e-01	3.830799e+01
5.530000e-06	-1.714321e-07	3.254338e-10	-9.274427e-01	3.567532e+01
5.540000e-06	-2.319779e-07	3.022273e-10	-1.254994e+00	3.300184e+01
5.550000e-06	-2.924710e-07	2.783637e-10	-1.582260e+00	3.029038e+01
5.560000e-06	-3.529211e-07	2.538936e-10	-1.909293e+00	2.754406e+01
5.570000e-06	-4.133107e-07	2.292574e-10	-2.235999e+00	2.476620e+01
5.580000e-06	-4.736593e-07	2.047569e-10	-2.562483e+00	2.196034e+01
5.590000e-06	-5.339217e-07	1.794046e-10	-2.888502e+00	1.913018e+01
5.600000e-06	-5.941385e-07	1.537219e-10	-3.214273e+00	1.627957e+01
5.610000e-06	-6.543965e-07	1.286614e-10	-3.540267e+00	1.341246e+01
5.620000e-06	-7.146467e-07	1.042874e-10	-3.866218e+00	1.053287e+01
5.630000e-06	-7.748962e-07	7.949280e-11	-4.192167e+00	7.644858e+00
5.640000e-06	-8.351262e-07	5.252654e-11	-4.518010e+00	4.752484e+00
5.650000e-06	-8.953601e-07	2.475260e-11	-4.843873e+00	1.859778e+00
5.660000e-06	-9.555930e-07	-1.662074e-12	-5.169731e+00	-1.029295e+00
5.670000e-06	-1.015772e-06	-2.683171e-11	-5.495297e+00	-3.910868e+00
5.680000e-06	-1.075880e-06	-5.103312e-11	-5.820483e+00	-6.781200e+00
5.690000e-06	-1.135953e-06	-7.580106e-11	-6.145474e+00	-9.636706e+00
5.700000e-06	-1.196044e-06	-1.014072e-10	-6.470562e+00	-1.247398e+01
5.710000e-06	-1.256062e-06	-1.258506e-10	-6.795258e+00	-1.528983e+01
5.720000e-06	-1.315983e-06	-1.495562e-10	-7.119432e+00	-1.808126e+01
5.730000e-06	-1.375772e-06	-1.735831e-10	-7.442889e+00	-2.084556e+01
5.740000e-06	-1.435494e-06	-1.975766e-10	-7.765983e+00	-2.358023e+01
5.750000e-06	-1.495164e-06	-2.218244e-10	-8.088795e+00	-2.628308e+01
5.760000e-06	-1.554657e-06	-2.466397e-10	-8.410651e+00	-2.895215e+01
5.770000e-06	-1.613946e-06	-2.706089e-10	-8.731402e+00	-3.158580e+01
5.780000e-06	-1.673206e-06	-2.943648e-10	-9.051999e+00	-3.418263e+01
5.790000e-06	-1.732454e-06	-3.193762e-10	-9.372525e+00	-3.674154e+01
5.800000e-06	-1.791556e-06	-3.439042e-10	-9.692268e+00	-3.926169e+01
5.810000e-06	-1.850500e-06	-3.666093e-10	-1.001115e+01	-4.174252e+01
5.820000e-06	-1.909251e-06	-3.882617e-10	-1.032899e+01	-4.418370e+01
5.830000e-06	-1.967784e-06	-4.107302e-10	-1.064566e+01	-4.658514e+01
5.840000e-06	-2.026244e-06	-4.341400e-10	-1.096192e+01	-4.894698e+01
5.850000e-06	-2.084681e-06	-4.567922e-10	-1.127807e+01	-5.126957e+01
5.860000e-06	-2.142881e-06	-4.778958e-10	-1.159293e+01	-5.355343e+01
5.870000e-06	-2.200879e-06	-4.985108e-10	-1.190669e+01	-5.579926e+01
5.880000e-06	-2.258747e-06	-5.197826e-10	-1.221976e+01	-5.800790e+01
5.890000e-06	-2.316393e-06	-5.403223e-10	-1.253162e+01	-6.018031e+01
5.900000e-06	-2.373823e-06	-5.601838e-10	-1.284231e+01	-6.231756e+01
5.910000e-06	-2.431089e-06	-5.798598e-10	-1.315212e+01	-6.442078e+01
5.920000e-06	-2.488030e-06	-5.989771e-10	-1.346017e+01	-6.649117e+01
5.930000e-06	-2.544792e-06	-6.186354e-10	-1.376725e+01	-6.852998e+01
5.940000e-06	-2.601522e-06	-6.396132e-10	-1.407416e+01	-7.053845e+01
5.950000e-06	-2.658149e-06	-6.600989e-10	-1.438051e+01	-7.251784e+01
5.960000e-06	-2.714651e-06	-6.785587e-10	-1.468619e+01	-7.446938e+01
5.970000e-06	-2.771055e-06	-6.955640e-10	-1.499133e+01	-7.639426e+01
5.980000e-06	-2.827368e-06	-7.121821e-10	-1.529598e+01	-7.829362e+01
5.990000e-06	-2.883389e-06	-7.293969e-10	-1.559905e+01	-8.016854e+01
6.000000e-06	-2.939222e-06	-7.464663e-10	-1.590111e+01	-8.202003e+01
6.010000e-06	-2.995007e-06	-7.630003e-10	-1.620290e+01	-8.384900e+01
6.020000e-06	-3.050613e-06	-7.785479e-10	-1.650373e+01	-8.565627e+01
6.030000e-06	-3.105901e-06	-7.942236e-10	-1.680284e+01	-8.744259e+01
6.040000e-06	-3.160933e-06	-8.113914e-10	-1.710056e+01	-8.920857e+01
6.050000e-06	-3.215650e-06	-8.280039e-10	-1.739658e+01	-9.095474e+01
6.060000e-06	-3.270031e-06	-8.431276e-10	-1.769078e+01	-9.268153e+01
6.070000e-06	-3.323942e-06	-8.582688e-10	-1.798243e+01	-9.438925e+01
6.080000e-06	-3.377404e-06	-8.740915e-10	-1.827166e+01	-9.607814e+01
6.090000e-06	-3.430476e-06	-8.905319e-10	-1.855878e+01	-9.774832e+01
6.100000e-06	-3.483053e-06	-9.064401e-10	-1.884322e+01	-9.939983e+01
6.110000e-06	-3.535382e-06	-9.202451e-10	-1.912632e+01	-1.010326e+02
6.120000e-06	-3.587592e-06	-9.339027e-10	-1.940877e+01	-1.026466e+02
6.130000e-06	-3.639591e-06	-9.486905e-10	-1.969008e+01	-1.042416e+02
6.140000e-06	-3.691329e-06	-9.642213e-10	-1.996999e+01	-1.058174e+02
6.150000e-06	-3.742888e-06	-9.801187e-10	-2.024892e+01	-1.073737e+02
6.160000e-06	-3.794165e-06	-9.952532e-10	-2.052633e+01	-1.089101e+02
6.170000e-06	-3.845155e-06	-1.009310e-09	-2.080218e+01	-1.104264e+02
6.180000e-06	-3.895788e-06	-1.022958e-09	-2.107610e+01	-1.119221e+02
6.190000e-06	-3.946044e-06	-1.036032e-09	-2.134799e+01	-1.133969e+02
6.200000e-06	-3.996015e-06	-1.048000e-09	-2.161833e+01	-1.148504e+02
6.210000e-06	-4.045691e-06	-1.060838e-09	-2.188707e+01	-1.162823e+02
6.220000e-06	-4.094920e-06	-1.074890e-09	-2.215340e+01	-1.176921e+02
6.230000e-06	-4.143548e-06	-1.087422e-09	-2.241648e+01	-1.190796e+02
6.240000e-06	-4.191732e-06	-1.098057e-09	-2.267716e+01	-1.204445e+02
6.250000e-06	-4.239625e-06	-1.108159e-09	-2.293625e+01	-1.217864e+02
6.260000e-06	-4.287207e-06	-1.119073e-09	-2.319367e+01	-1.231052e+02
6.270000e-06	-4.334534e-06	-1.131069e-09	-2.344971e+01	-1.244007e+02
6.280000e-06	-4.381522e-06	-1.143470e-09	-2.370391e+01	-1.256727e+02
6.290000e-06	-4.428147e-06	-1.156530e-09	-2.395615e+01	-1.269211e+02
6.300000e-06	-4.474662e-06	-1.168396e-09	-2.420780e+01	-1.281459e+02
6.310000e-06	-4.521004e-06	-1.178070e-09	-2.445850e+01	-1.293471e+02
6.320000e-06	-4.567002e-06	-1.187889e-09	-2.470735e+01	-1.305248e+02
6.330000e-06	-4.612640e-06	-1.198379e-09	-2.495425e+01	-1.316791e+02
6.340000e-06	-4.657918e-06	-1.209350e-09	-2.519920e+01	-1.328100e+02
6.350000e-06	-4.702836e-06	-1.220520e-09	-2.544221e+01	-1.339179e+02
6.360000e-06	-4.747341e-06	-1.230699e-09	-2.568298e+01	-1.350029e+02
6.370000e-06	-4.791523e-06	-1.239794e-09	-2.592200e+01	-1.360653e+02
6.380000e-06	-4.835543e-06	-1.248704e-09	-2.616015e+01	-1.371055e+02
6.390000e-06	-4.879394e-06	-1.257997e-09	-2.639738e+01	-1.381237e+02
6.400000e-06	-4.923077e-06	-1.266269e-09	-2.663371e+01	-1.391205e+02
6.410000e-06	-4.966396e-06	-1.273614e-09	-2.686807e+01	-1.400961e+02
6.420000e-06	-5.009283e-06	-1.282030e-09	-2.710008e+01	-1.410510e+02
6.430000e-06	-5.051902e-06	-1.290687e-09	-2.733065e+01	-1.419857e+02
6.440000e-06	-5.094172e-06	-1.298812e-09	-2.755933e+01	-1.429005e+02
6.450000e-06	-5.136118e-06	-1.306334e-09	-2.778626e+01	-1.437960e+02
6.460000e-06	-5.177695e-06	-1.314056e-09	-2.801119e+01	-1.446727e+02
6.470000e-06	-5.218758e-06	-1.323597e-09	-2.823333e+01	-1.455310e+02
6.480000e-06	-5.259457e-06	-1.332870e-09	-2.845351e+01	-1.463715e+02
6.490000e-06	-5.299924e-06	-1.340115e-09	-2.867244e+01	-1.471945e+02
6.500000e-06	-5.340089e-06	-1.346442e-09	-2.888973e+01	-1.480006e+02
6.510000e-06	-5.380071e-06	-1.352979e-09	-2.910603e+01	-1.487902e+02
6.520000e-06	-5.419771e-06	-1.359981e-09	-2.932081e+01	-1.495638e+02
6.530000e-06	-5.459052e-06	-1.365933e-09	-2.953332e+01	-1.503219e+02
6.540000e-06	-5.497859e-06	-1.371401e-09	-2.974326e+01	-1.510650e+02
6.550000e-06	-5.535931e-06	-1.378722e-09	-2.994923e+01	-1.517934e+02
6.560000e-06	-5.573446e-06	-1.386616e-09	-3.015219e+01	-1.525076e+02
6.570000e-06	-5.610568e-06	-1.393005e-09	-3.035301e+01	-1.532080e+02
6.580000e-06	-5.647182e-06	-1.397283e-09	-3.055110e+01	-1.538950e+02
6.590000e-06	-5.683314e-06	-1.401619e-09	-3.074657e+01	-1.545691e+02
6.600000e-06	-5.719179e-06	-1.407699e-09	-3.094060e+01	-1.552306e+02
6.610000e-06	-5.754766e-06	-1.413757e-09	-3.113312e+01	-1.558800e+02
6.620000e-06	-5.790040e-06	-1.419325e-09	-3.132395e+01	-1.565175e+02
6.630000e-06	-5.824949e-06	-1.423916e-09	-3.151281e+01	-1.571436e+02
6.640000e-06	-5.859307e-06	-1.427742e-09	-3.169869e+01	-1.577587e+02
6.650000e-06	-5.893254e-06	-1.433060e-09	-3.188234e+01	-1.583630e+02
6.660000e-06	-5.926795e-06	-1.438611e-09	-3.206379e+01	-1.589569e+02
6.670000e-06	-5.959822e-06	-1.442770e-09	-3.224247e+01	-1.595409e+02
6.680000e-06	-5.992580e-06	-1.445941e-09	-3.241969e+01	-1.601152e+02
6.690000e-06	-6.025066e-06	-1.448703e-09	-3.259544e+01	-1.606801e+02
6.700000e-06	-6.057170e-06	-1.453324e-09	-3.276912e+01	-1.612360e+02
6.710000e-06	-6.088967e-06	-1.458795e-09	-3.294114e+01	-1.617832e+02
6.720000e-06	-6.120136e-06	-1.462227e-09	-3.310976e+01	-1.623220e+02
6.730000e-06	-6.150589e-06	-1.464056e-09	-3.327451e+01	-1.628527e+02
6.740000e-06	-6.180492e-06	-1.465799e-09	-3.343629e+01	-1.633756e+02
6.750000e-06	-6.209852e-06	-1.469324e-09	-3.359512e+01	-1.638910e+02
6.760000e-06	-6.238660e-06	-1.474103e-09	-3.375097e+01	-1.643991e+02
6.770000e-06	-6.267065e-06	-1.477222e-09	-3.390465e+01	-1.649002e+02
6.780000e-06	-6.295206e-06	-1.477784e-09	-3.405689e+01	-1.653946e+02
6.790000e-06	-6.322927e-06	-1.478720e-09	-3.420686e+01	-1.658824e+02
6.800000e-06	-6.350152e-06	-1.482038e-09	-3.435414e+01	-1.663640e+02
6.810000e-06	-6.376982e-06	-1.486252e-09	-3.449930e+01	-1.668394e+02
6.820000e-06	-6.403390e-06	-1.489471e-09	-3.464216e+01	-1.673088e+02
6.830000e-06	-6.429265e-06	-1.492400e-09	-3.478215e+01	-1.677725e+02
6.840000e-06	-6.454710e-06	-1.496404e-09	-3.491980e+01	-1.682304e+02
6.850000e-06	-6.479715e-06	-1.499954e-09	-3.505508e+01	-1.686828e+02
6.860000e-06	-6.504291e-06	-1.502581e-09	-3.518803e+01	-1.691297e+02
6.870000e-06	-6.528535e-06	-1.504759e-09	-3.531919e+01	-1.695712e+02
6.880000e-06	-6.552515e-06	-1.507323e-09	-3.544892e+01	-1.700072e+02
6.890000e-06	-6.576107e-06	-1.511083e-09	-3.557656e+01	-1.704378e+02
6.900000e-06	-6.599181e-06	-1.514410e-09	-3.570139e+01	-1.708630e+02
6.910000e-06	-6.621526e-06	-1.516903e-09	-3.582227e+01	-1.712826e+02
6.920000e-06	-6.643107e-06	-1.519219e-09	-3.593902e+01	-1.716967e+02
6.930000e-06	-6.664062e-06	-1.521069e-09	-3.605239e+01	-1.721051e+02
6.940000e-06	-6.684477e-06	-1.523473e-09	-3.616283e+01	-1.725077e+02
6.950000e-06	-6.704593e-06	-1.527061e-09	-3.627166e+01	-1.729044e+02
6.960000e-06	-6.724334e-06	-1.529726e-09	-3.637846e+01	-1.732949e+02
6.970000e-06	-6.743574e-06	-1.531929e-09	-3.648255e+01	-1.736790e+02
6.980000e-06	-6.762452e-06	-1.534950e-09	-3.658467e+01	-1.740566e+02
6.990000e-06	-6.780973e-06	-1.537814e-09	-3.668487e+01	-1.744274e+02
7.000000e-06	-6.798887e-06	-1.540709e-09	-3.678179e+01	-1.747911e+02
7.010000e-06	-6.816239e-06	-1.543044e-09	-3.687566e+01	-1.751474e+02
7.020000e-06	-6.833194e-06	-1.545055e-09	-3.696739e+01	-1.754962e+02
7.030000e-06	-6.849785e-06	-1.547568e-09	-3.705714e+01	-1.758371e+02
7.040000e-06	-6.866055e-06	-1.550409e-09	-3.714516e+01	-1.761697e+02
7.050000e-06	-6.881949e-06	-1.551962e-09	-3.723115e+01	-1.764938e+02
7.060000e-06	-6.897358e-06	-1.552061e-09	-3.731451e+01	-1.768091e+02
7.070000e-06	-6.912045e-06	-1.553036e-09	-3.739397e+01	-1.771153e+02
7.080000e-06	-6.925899e-06	-1.555396e-09	-3.746892e+01	-1.774120e+02
7.090000e-06	-6.939144e-06	-1.558646e-09	-3.754058e+01	-1.776989e+02
7.100000e-06	-6.951861e-06	-1.561853e-09	-3.760937e+01	-1.779757e+02
7.110000e-06	-6.964052e-06	-1.563558e-09	-3.767533e+01	-1.782421e+02
7.120000e-06	-6.975612e-06	-1.564367e-09	-3.773787e+01	-1.784979e+02
7.130000e-06	-6.986541e-06	-1.566021e-09	-3.779699e+01	-1.787428e+02
7.140000e-06	-6.996992e-06	-1.568335e-09	-3.785353e+01	-1.789764e+02
7.150000e-06	-7.006907e-06	-1.569570e-09	-3.790717e+01	-1.791986e+02
7.160000e-06	-7.016262e-06	-1.570510e-09	-3.795778e+01	-1.794091e+02
7.170000e-06	-7.025238e-06	-1.572534e-09	-3.800634e+01	-1.796078e+02
7.180000e-06	-7.033924e-06	-1.574512e-09	-3.805333e+01	-1.797944e+02
7.190000e-06	-7.042274e-06	-1.575922e-09	-3.809851e+01	-1.799688e+02
7.200000e-06	-7.050219e-06	-1.576031e-09	-3.814149e+01	-1.801309e+02
7.210000e-06	-7.057608e-06	-1.574719e-09	-3.818146e+01	-1.802806e+02
7.220000e-06	-7.064313e-06	-1.572986e-09	-3.821774e+01	-1.804177e+02
7.230000e-06	-7.070378e-06	-1.572124e-09	-3.825055e+01	-1.805424e+02
7.240000e-06	-7.075775e-06	-1.571815e-09	-3.827974e+01	-1.806545e+02
7.250000e-06	-7.080535e-06	-1.571855e-09	-3.830550e+01	-1.807541e+02
7.260000e-06	-7.084892e-06	-1.571730e-09	-3.832907e+01	-1.808413e+02
7.270000e-06	-7.088931e-06	-1.570447e-09	-3.835092e+01	-1.809163e+02
7.280000e-06	-7.092554e-06	-1.570018e-09	-3.837052e+01	-1.809790e+02
7.290000e-06	-7.095687e-06	-1.569839e-09	-3.838747e+01	-1.810299e+02
7.300000e-06	-7.098325e-06	-1.568570e-09	-3.840174e+01	-1.810690e+02
7.310000e-06	-7.100563e-06	-1.568058e-09	-3.841385e+01	-1.810966e+02
7.320000e-06	-7.102283e-06	-1.568348e-09	-3.842315e+01	-1.811131e+02
7.330000e-06	-7.103362e-06	-1.567963e-09	-3.842899e+01	-1.811189e+02
7.340000e-06	-7.104070e-06	-1.566974e-09	-3.843282e+01	-1.811142e+02
