# Temperatura_=_20.0
# Concentracion g/m^3_=_7400.0
# C_Vs_to_Am_M_A/Vsm_=_116720831517.84952
# pendiente_HvsI_1/m_=_3716.3
# ordenada_HvsI_A/m_=_1297.0
# frecuencia_Hz_=_136114.04688183137

Tiempo_(s)	Campo_(V.s)	Magnetizacion_(V.s)	Campo_(kA/m)	Magnetizacion_(A/m)
0.000000e+00	-7.135096e-06	-1.371650e-09	-3.842652e+01	-1.581243e+02
1.000000e-08	-7.135177e-06	-1.371474e-09	-3.842695e+01	-1.580847e+02
2.000000e-08	-7.134997e-06	-1.370903e-09	-3.842598e+01	-1.580381e+02
3.000000e-08	-7.134462e-06	-1.368630e-09	-3.842310e+01	-1.579847e+02
4.000000e-08	-7.133370e-06	-1.366076e-09	-3.841722e+01	-1.579251e+02
5.000000e-08	-7.131470e-06	-1.364902e-09	-3.840699e+01	-1.578597e+02
6.000000e-08	-7.128681e-06	-1.365613e-09	-3.839196e+01	-1.577888e+02
7.000000e-08	-7.125311e-06	-1.366967e-09	-3.837382e+01	-1.577130e+02
8.000000e-08	-7.121563e-06	-1.372001e-09	-3.835363e+01	-1.576326e+02
9.000000e-08	-7.117354e-06	-1.373452e-09	-3.833096e+01	-1.575482e+02
1.000000e-07	-7.112367e-06	-1.343732e-09	-3.830411e+01	-1.574602e+02
1.100000e-07	-7.106636e-06	-1.307172e-09	-3.827324e+01	-1.573690e+02
1.200000e-07	-7.100607e-06	-1.356768e-09	-3.824077e+01	-1.572752e+02
1.300000e-07	-7.094415e-06	-1.431740e-09	-3.820742e+01	-1.571791e+02
1.400000e-07	-7.087705e-06	-1.377938e-09	-3.817129e+01	-1.570812e+02
1.500000e-07	-7.080312e-06	-1.277569e-09	-3.813147e+01	-1.569819e+02
1.600000e-07	-7.072591e-06	-1.338038e-09	-3.808989e+01	-1.568815e+02
1.700000e-07	-7.064665e-06	-1.450611e-09	-3.804720e+01	-1.567804e+02
1.800000e-07	-7.056093e-06	-1.357050e-09	-3.800104e+01	-1.566790e+02
1.900000e-07	-7.046723e-06	-1.224141e-09	-3.795057e+01	-1.565775e+02
2.000000e-07	-7.036752e-06	-1.334976e-09	-3.789688e+01	-1.564761e+02
2.100000e-07	-7.026358e-06	-1.477291e-09	-3.784090e+01	-1.563752e+02
2.200000e-07	-7.015348e-06	-1.354994e-09	-3.778160e+01	-1.562747e+02
2.300000e-07	-7.003620e-06	-1.223013e-09	-3.771844e+01	-1.561749e+02
2.400000e-07	-6.991472e-06	-1.336285e-09	-3.765301e+01	-1.560758e+02
2.500000e-07	-6.978915e-06	-1.420008e-09	-3.758539e+01	-1.559774e+02
2.600000e-07	-6.965738e-06	-1.301419e-09	-3.751443e+01	-1.558796e+02
2.700000e-07	-6.951870e-06	-1.267889e-09	-3.743974e+01	-1.557824e+02
2.800000e-07	-6.937335e-06	-1.379743e-09	-3.736146e+01	-1.556856e+02
2.900000e-07	-6.922075e-06	-1.360058e-09	-3.727927e+01	-1.555890e+02
3.000000e-07	-6.906123e-06	-1.269673e-09	-3.719336e+01	-1.554924e+02
3.100000e-07	-6.889634e-06	-1.326214e-09	-3.710456e+01	-1.553954e+02
3.200000e-07	-6.872740e-06	-1.364233e-09	-3.701358e+01	-1.552979e+02
3.300000e-07	-6.855550e-06	-1.264567e-09	-3.692100e+01	-1.551993e+02
3.400000e-07	-6.837889e-06	-1.279851e-09	-3.682588e+01	-1.550994e+02
3.500000e-07	-6.819639e-06	-1.396488e-09	-3.672760e+01	-1.549976e+02
3.600000e-07	-6.800853e-06	-1.330317e-09	-3.662642e+01	-1.548936e+02
3.700000e-07	-6.781534e-06	-1.219677e-09	-3.652238e+01	-1.547869e+02
3.800000e-07	-6.761831e-06	-1.309159e-09	-3.641627e+01	-1.546770e+02
3.900000e-07	-6.741841e-06	-1.369742e-09	-3.630862e+01	-1.545635e+02
4.000000e-07	-6.721454e-06	-1.264557e-09	-3.619882e+01	-1.544458e+02
4.100000e-07	-6.700463e-06	-1.258208e-09	-3.608577e+01	-1.543235e+02
4.200000e-07	-6.678904e-06	-1.350348e-09	-3.596966e+01	-1.541961e+02
4.300000e-07	-6.656886e-06	-1.309484e-09	-3.585108e+01	-1.540632e+02
4.400000e-07	-6.634537e-06	-1.252205e-09	-3.573072e+01	-1.539244e+02
4.500000e-07	-6.611701e-06	-1.308598e-09	-3.560773e+01	-1.537792e+02
4.600000e-07	-6.588345e-06	-1.305963e-09	-3.548195e+01	-1.536272e+02
4.700000e-07	-6.564722e-06	-1.244574e-09	-3.535473e+01	-1.534682e+02
4.800000e-07	-6.540931e-06	-1.287602e-09	-3.522660e+01	-1.533017e+02
4.900000e-07	-6.516707e-06	-1.326062e-09	-3.509614e+01	-1.531276e+02
5.000000e-07	-6.491891e-06	-1.263657e-09	-3.496249e+01	-1.529455e+02
5.100000e-07	-6.466370e-06	-1.255168e-09	-3.482505e+01	-1.527552e+02
5.200000e-07	-6.440129e-06	-1.303721e-09	-3.468372e+01	-1.525566e+02
5.300000e-07	-6.413221e-06	-1.276487e-09	-3.453881e+01	-1.523495e+02
5.400000e-07	-6.385672e-06	-1.245071e-09	-3.439044e+01	-1.521337e+02
5.500000e-07	-6.357761e-06	-1.277392e-09	-3.424013e+01	-1.519093e+02
5.600000e-07	-6.329662e-06	-1.277527e-09	-3.408880e+01	-1.516761e+02
5.700000e-07	-6.301145e-06	-1.248810e-09	-3.393522e+01	-1.514342e+02
5.800000e-07	-6.272085e-06	-1.263934e-09	-3.377871e+01	-1.511835e+02
5.900000e-07	-6.242686e-06	-1.273132e-09	-3.362038e+01	-1.509240e+02
6.000000e-07	-6.212905e-06	-1.248798e-09	-3.345999e+01	-1.506559e+02
6.100000e-07	-6.182697e-06	-1.249477e-09	-3.329731e+01	-1.503791e+02
6.200000e-07	-6.152017e-06	-1.262451e-09	-3.313208e+01	-1.500937e+02
6.300000e-07	-6.120717e-06	-1.250165e-09	-3.296351e+01	-1.497999e+02
6.400000e-07	-6.089039e-06	-1.241032e-09	-3.279291e+01	-1.494977e+02
6.500000e-07	-6.057220e-06	-1.245493e-09	-3.262154e+01	-1.491872e+02
6.600000e-07	-6.025156e-06	-1.240552e-09	-3.244886e+01	-1.488685e+02
6.700000e-07	-5.992742e-06	-1.234546e-09	-3.227429e+01	-1.485417e+02
6.800000e-07	-5.959774e-06	-1.237253e-09	-3.209674e+01	-1.482069e+02
6.900000e-07	-5.925982e-06	-1.235225e-09	-3.191475e+01	-1.478643e+02
7.000000e-07	-5.891431e-06	-1.227276e-09	-3.172868e+01	-1.475138e+02
7.100000e-07	-5.856322e-06	-1.222173e-09	-3.153960e+01	-1.471557e+02
7.200000e-07	-5.820835e-06	-1.218671e-09	-3.134848e+01	-1.467899e+02
7.300000e-07	-5.785156e-06	-1.215748e-09	-3.115633e+01	-1.464166e+02
7.400000e-07	-5.749203e-06	-1.211842e-09	-3.096270e+01	-1.460359e+02
7.500000e-07	-5.712878e-06	-1.207886e-09	-3.076707e+01	-1.456477e+02
7.600000e-07	-5.676124e-06	-1.206557e-09	-3.056913e+01	-1.452522e+02
7.700000e-07	-5.638888e-06	-1.205657e-09	-3.036859e+01	-1.448495e+02
7.800000e-07	-5.601308e-06	-1.200962e-09	-3.016620e+01	-1.444395e+02
7.900000e-07	-5.563302e-06	-1.193577e-09	-2.996152e+01	-1.440224e+02
8.000000e-07	-5.524752e-06	-1.186102e-09	-2.975390e+01	-1.435982e+02
8.100000e-07	-5.485831e-06	-1.180189e-09	-2.954429e+01	-1.431670e+02
8.200000e-07	-5.446532e-06	-1.177278e-09	-2.933264e+01	-1.427289e+02
8.300000e-07	-5.406911e-06	-1.174233e-09	-2.911926e+01	-1.422838e+02
8.400000e-07	-5.367148e-06	-1.169354e-09	-2.890512e+01	-1.418320e+02
8.500000e-07	-5.327226e-06	-1.163857e-09	-2.869011e+01	-1.413734e+02
8.600000e-07	-5.286928e-06	-1.159113e-09	-2.847309e+01	-1.409082e+02
8.700000e-07	-5.246283e-06	-1.154730e-09	-2.825419e+01	-1.404365e+02
8.800000e-07	-5.205198e-06	-1.148891e-09	-2.803292e+01	-1.399582e+02
8.900000e-07	-5.163331e-06	-1.141160e-09	-2.780745e+01	-1.394737e+02
9.000000e-07	-5.120714e-06	-1.134167e-09	-2.757793e+01	-1.389828e+02
9.100000e-07	-5.077552e-06	-1.129239e-09	-2.734548e+01	-1.384858e+02
9.200000e-07	-5.034013e-06	-1.124145e-09	-2.711100e+01	-1.379828e+02
9.300000e-07	-4.990235e-06	-1.117509e-09	-2.687523e+01	-1.374738e+02
9.400000e-07	-4.946256e-06	-1.111792e-09	-2.663838e+01	-1.369590e+02
9.500000e-07	-4.901938e-06	-1.107290e-09	-2.639970e+01	-1.364384e+02
9.600000e-07	-4.857183e-06	-1.103000e-09	-2.615867e+01	-1.359121e+02
9.700000e-07	-4.812174e-06	-1.097673e-09	-2.591627e+01	-1.353802e+02
9.800000e-07	-4.766907e-06	-1.091002e-09	-2.567248e+01	-1.348426e+02
9.900000e-07	-4.721238e-06	-1.083837e-09	-2.542653e+01	-1.342995e+02
1.000000e-06	-4.675297e-06	-1.077711e-09	-2.517911e+01	-1.337509e+02
1.010000e-06	-4.629139e-06	-1.072924e-09	-2.493053e+01	-1.331966e+02
1.020000e-06	-4.582642e-06	-1.068087e-09	-2.468011e+01	-1.326367e+02
1.030000e-06	-4.535798e-06	-1.062925e-09	-2.442783e+01	-1.320710e+02
1.040000e-06	-4.488603e-06	-1.058170e-09	-2.417366e+01	-1.314993e+02
1.050000e-06	-4.441091e-06	-1.054658e-09	-2.391778e+01	-1.309216e+02
1.060000e-06	-4.393350e-06	-1.051007e-09	-2.366066e+01	-1.303376e+02
1.070000e-06	-4.345538e-06	-1.046717e-09	-2.340317e+01	-1.297470e+02
1.080000e-06	-4.297511e-06	-1.041356e-09	-2.314452e+01	-1.291495e+02
1.090000e-06	-4.249091e-06	-1.035353e-09	-2.288375e+01	-1.285448e+02
1.100000e-06	-4.200189e-06	-1.029836e-09	-2.262039e+01	-1.279325e+02
1.110000e-06	-4.150613e-06	-1.024276e-09	-2.235339e+01	-1.273121e+02
1.120000e-06	-4.100440e-06	-1.017757e-09	-2.208318e+01	-1.266833e+02
1.130000e-06	-4.049853e-06	-1.010988e-09	-2.181074e+01	-1.260453e+02
1.140000e-06	-3.999026e-06	-1.005193e-09	-2.153701e+01	-1.253978e+02
1.150000e-06	-3.947883e-06	-1.000445e-09	-2.126157e+01	-1.247401e+02
1.160000e-06	-3.896491e-06	-9.955397e-10	-2.098480e+01	-1.240716e+02
1.170000e-06	-3.844813e-06	-9.891709e-10	-2.070648e+01	-1.233918e+02
1.180000e-06	-3.792793e-06	-9.823810e-10	-2.042633e+01	-1.226999e+02
1.190000e-06	-3.740501e-06	-9.763125e-10	-2.014470e+01	-1.219954e+02
1.200000e-06	-3.687861e-06	-9.707122e-10	-1.986121e+01	-1.212775e+02
1.210000e-06	-3.634936e-06	-9.648637e-10	-1.957618e+01	-1.205456e+02
1.220000e-06	-3.581762e-06	-9.578294e-10	-1.928981e+01	-1.197992e+02
1.230000e-06	-3.528279e-06	-9.504422e-10	-1.900177e+01	-1.190375e+02
1.240000e-06	-3.474544e-06	-9.430945e-10	-1.871238e+01	-1.182601e+02
1.250000e-06	-3.420713e-06	-9.376036e-10	-1.842247e+01	-1.174663e+02
1.260000e-06	-3.366651e-06	-9.335622e-10	-1.813131e+01	-1.166557e+02
1.270000e-06	-3.312316e-06	-9.269739e-10	-1.783869e+01	-1.158277e+02
1.280000e-06	-3.257768e-06	-9.191725e-10	-1.754492e+01	-1.149820e+02
1.290000e-06	-3.202900e-06	-9.124313e-10	-1.724942e+01	-1.141181e+02
1.300000e-06	-3.147709e-06	-9.056363e-10	-1.695219e+01	-1.132359e+02
1.310000e-06	-3.092423e-06	-8.973601e-10	-1.665444e+01	-1.123351e+02
1.320000e-06	-3.036971e-06	-8.884774e-10	-1.635580e+01	-1.114154e+02
1.330000e-06	-2.981297e-06	-8.803179e-10	-1.605596e+01	-1.104768e+02
1.340000e-06	-2.925553e-06	-8.721719e-10	-1.575575e+01	-1.095193e+02
1.350000e-06	-2.869682e-06	-8.645381e-10	-1.545485e+01	-1.085429e+02
1.360000e-06	-2.813696e-06	-8.575083e-10	-1.515334e+01	-1.075476e+02
1.370000e-06	-2.757683e-06	-8.496878e-10	-1.485168e+01	-1.065337e+02
1.380000e-06	-2.701550e-06	-8.414722e-10	-1.454937e+01	-1.055013e+02
1.390000e-06	-2.645136e-06	-8.336405e-10	-1.424555e+01	-1.044507e+02
1.400000e-06	-2.588487e-06	-8.257710e-10	-1.394046e+01	-1.033822e+02
1.410000e-06	-2.531667e-06	-8.163247e-10	-1.363445e+01	-1.022962e+02
1.420000e-06	-2.474557e-06	-8.065495e-10	-1.332689e+01	-1.011929e+02
1.430000e-06	-2.417065e-06	-7.980081e-10	-1.301726e+01	-1.000728e+02
1.440000e-06	-2.359194e-06	-7.893432e-10	-1.270559e+01	-9.893623e+01
1.450000e-06	-2.301059e-06	-7.791213e-10	-1.239250e+01	-9.778358e+01
1.460000e-06	-2.242761e-06	-7.678322e-10	-1.207853e+01	-9.661520e+01
1.470000e-06	-2.184146e-06	-7.572624e-10	-1.176285e+01	-9.543141e+01
1.480000e-06	-2.125145e-06	-7.477107e-10	-1.144510e+01	-9.423250e+01
1.490000e-06	-2.065895e-06	-7.375363e-10	-1.112601e+01	-9.301868e+01
1.500000e-06	-2.006506e-06	-7.266125e-10	-1.080617e+01	-9.179013e+01
1.510000e-06	-1.947022e-06	-7.153831e-10	-1.048581e+01	-9.054692e+01
1.520000e-06	-1.887469e-06	-7.043880e-10	-1.016509e+01	-8.928906e+01
1.530000e-06	-1.827875e-06	-6.949601e-10	-9.844137e+00	-8.801644e+01
1.540000e-06	-1.768239e-06	-6.851806e-10	-9.522964e+00	-8.672886e+01
1.550000e-06	-1.708527e-06	-6.734314e-10	-9.201382e+00	-8.542602e+01
1.560000e-06	-1.648705e-06	-6.617828e-10	-8.879207e+00	-8.410748e+01
1.570000e-06	-1.588854e-06	-6.513832e-10	-8.556874e+00	-8.277270e+01
1.580000e-06	-1.528975e-06	-6.413842e-10	-8.234393e+00	-8.142101e+01
1.590000e-06	-1.468979e-06	-6.301526e-10	-7.911278e+00	-8.005162e+01
1.600000e-06	-1.408835e-06	-6.173352e-10	-7.587371e+00	-7.866362e+01
1.610000e-06	-1.348656e-06	-6.049704e-10	-7.263272e+00	-7.725600e+01
1.620000e-06	-1.288381e-06	-5.930349e-10	-6.938659e+00	-7.582763e+01
1.630000e-06	-1.227906e-06	-5.808448e-10	-6.612966e+00	-7.437728e+01
1.640000e-06	-1.167438e-06	-5.679625e-10	-6.287310e+00	-7.290363e+01
1.650000e-06	-1.107042e-06	-5.544877e-10	-5.962046e+00	-7.140530e+01
1.660000e-06	-1.046556e-06	-5.421529e-10	-5.636292e+00	-6.988084e+01
1.670000e-06	-9.859951e-07	-5.314967e-10	-5.310139e+00	-6.832874e+01
1.680000e-06	-9.254771e-07	-5.199855e-10	-4.984216e+00	-6.674749e+01
1.690000e-06	-8.649348e-07	-5.053969e-10	-4.658161e+00	-6.513555e+01
1.700000e-06	-8.042783e-07	-4.907693e-10	-4.331492e+00	-6.349139e+01
1.710000e-06	-7.435352e-07	-4.785828e-10	-4.004356e+00	-6.181353e+01
1.720000e-06	-6.827073e-07	-4.667317e-10	-3.676764e+00	-6.010053e+01
1.730000e-06	-6.217660e-07	-4.536151e-10	-3.348560e+00	-5.835103e+01
1.740000e-06	-5.606953e-07	-4.394383e-10	-3.019660e+00	-5.656375e+01
1.750000e-06	-4.996072e-07	-4.249412e-10	-2.690666e+00	-5.473756e+01
1.760000e-06	-4.385194e-07	-4.103722e-10	-2.361674e+00	-5.287145e+01
1.770000e-06	-3.774413e-07	-3.956769e-10	-2.032734e+00	-5.096456e+01
1.780000e-06	-3.163274e-07	-3.804390e-10	-1.703601e+00	-4.901623e+01
1.790000e-06	-2.550807e-07	-3.645494e-10	-1.373753e+00	-4.702597e+01
1.800000e-06	-1.938710e-07	-3.486231e-10	-1.044105e+00	-4.499353e+01
1.810000e-06	-1.326502e-07	-3.324577e-10	-7.143959e-01	-4.291885e+01
1.820000e-06	-7.144910e-08	-3.157685e-10	-3.847937e-01	-4.080213e+01
1.830000e-06	-1.037809e-08	-2.981577e-10	-5.589184e-02	-3.864380e+01
1.840000e-06	5.075061e-08	-2.793915e-10	2.733206e-01	-3.644453e+01
1.850000e-06	1.118963e-07	-2.607950e-10	6.026244e-01	-3.420526e+01
1.860000e-06	1.731250e-07	-2.436737e-10	9.323760e-01	-3.192716e+01
1.870000e-06	2.343805e-07	-2.270775e-10	1.262271e+00	-2.961167e+01
1.880000e-06	2.954672e-07	-2.091320e-10	1.591257e+00	-2.726045e+01
1.890000e-06	3.564890e-07	-1.900015e-10	1.919894e+00	-2.487541e+01
1.900000e-06	4.175684e-07	-1.711799e-10	2.248841e+00	-2.245868e+01
1.910000e-06	4.788001e-07	-1.517871e-10	2.578608e+00	-2.001258e+01
1.920000e-06	5.399677e-07	-1.321390e-10	2.908031e+00	-1.753964e+01
1.930000e-06	6.009620e-07	-1.130463e-10	3.236519e+00	-1.504256e+01
1.940000e-06	6.619010e-07	-9.373000e-11	3.564710e+00	-1.252419e+01
1.950000e-06	7.228172e-07	-7.408249e-11	3.892778e+00	-9.987504e+00
1.960000e-06	7.837796e-07	-5.405670e-11	4.221095e+00	-7.435584e+00
1.970000e-06	8.446132e-07	-3.327579e-11	4.548718e+00	-4.871593e+00
1.980000e-06	9.051391e-07	-1.256648e-11	4.874684e+00	-2.298746e+00
1.990000e-06	9.656881e-07	7.161109e-12	5.200775e+00	2.797156e-01
2.000000e-06	1.026314e-06	2.669587e-11	5.527280e+00	2.860548e+00
2.010000e-06	1.086807e-06	4.619824e-11	5.853071e+00	5.440534e+00
2.020000e-06	1.147233e-06	6.674940e-11	6.178497e+00	8.016508e+00
2.030000e-06	1.207613e-06	8.844924e-11	6.503677e+00	1.058538e+01
2.040000e-06	1.267917e-06	1.088518e-10	6.828448e+00	1.314415e+01
2.050000e-06	1.328127e-06	1.285244e-10	7.152712e+00	1.568997e+01
2.060000e-06	1.388271e-06	1.485196e-10	7.476621e+00	1.822008e+01
2.070000e-06	1.448384e-06	1.679995e-10	7.800366e+00	2.073193e+01
2.080000e-06	1.508404e-06	1.871552e-10	8.123604e+00	2.322311e+01
2.090000e-06	1.568350e-06	2.059142e-10	8.446451e+00	2.569142e+01
2.100000e-06	1.628280e-06	2.239301e-10	8.769207e+00	2.813482e+01
2.110000e-06	1.688159e-06	2.426198e-10	9.091689e+00	3.055153e+01
2.120000e-06	1.748037e-06	2.618068e-10	9.414165e+00	3.293992e+01
2.130000e-06	1.807890e-06	2.802881e-10	9.736507e+00	3.529860e+01
2.140000e-06	1.867508e-06	2.979166e-10	1.005758e+01	3.762641e+01
2.150000e-06	1.926919e-06	3.143772e-10	1.037754e+01	3.992235e+01
2.160000e-06	1.986317e-06	3.311843e-10	1.069744e+01	4.218565e+01
2.170000e-06	2.045700e-06	3.496979e-10	1.101725e+01	4.441574e+01
2.180000e-06	2.104824e-06	3.677377e-10	1.133566e+01	4.661222e+01
2.190000e-06	2.163565e-06	3.843794e-10	1.165201e+01	4.877486e+01
2.200000e-06	2.222020e-06	4.014757e-10	1.196683e+01	5.090359e+01
2.210000e-06	2.280317e-06	4.184285e-10	1.228079e+01	5.299850e+01
2.220000e-06	2.338286e-06	4.345281e-10	1.259299e+01	5.505978e+01
2.230000e-06	2.395768e-06	4.496081e-10	1.290256e+01	5.708776e+01
2.240000e-06	2.452945e-06	4.647374e-10	1.321049e+01	5.908285e+01
2.250000e-06	2.510068e-06	4.810253e-10	1.351813e+01	6.104554e+01
2.260000e-06	2.567106e-06	4.968114e-10	1.382531e+01	6.297638e+01
2.270000e-06	2.623846e-06	5.112147e-10	1.413089e+01	6.487598e+01
2.280000e-06	2.680340e-06	5.249497e-10	1.443514e+01	6.674496e+01
2.290000e-06	2.736579e-06	5.382706e-10	1.473802e+01	6.858397e+01
2.300000e-06	2.792563e-06	5.517348e-10	1.503952e+01	7.039366e+01
2.310000e-06	2.848491e-06	5.666725e-10	1.534073e+01	7.217467e+01
2.320000e-06	2.904387e-06	5.826713e-10	1.564176e+01	7.392762e+01
2.330000e-06	2.960126e-06	5.991041e-10	1.594195e+01	7.565312e+01
2.340000e-06	3.015544e-06	6.140284e-10	1.624041e+01	7.735170e+01
2.350000e-06	3.070735e-06	6.268011e-10	1.653764e+01	7.902391e+01
2.360000e-06	3.125926e-06	6.384232e-10	1.683487e+01	8.067019e+01
2.370000e-06	3.180977e-06	6.489473e-10	1.713135e+01	8.229099e+01
2.380000e-06	3.235725e-06	6.597277e-10	1.742620e+01	8.388669e+01
2.390000e-06	3.290103e-06	6.725160e-10	1.771906e+01	8.545761e+01
2.400000e-06	3.344213e-06	6.874878e-10	1.801047e+01	8.700405e+01
2.410000e-06	3.398129e-06	7.025138e-10	1.830084e+01	8.852625e+01
2.420000e-06	3.451963e-06	7.165194e-10	1.859077e+01	9.002444e+01
2.430000e-06	3.505702e-06	7.292479e-10	1.888018e+01	9.149878e+01
2.440000e-06	3.559087e-06	7.405719e-10	1.916769e+01	9.294943e+01
2.450000e-06	3.612123e-06	7.516660e-10	1.945332e+01	9.437654e+01
2.460000e-06	3.664920e-06	7.628202e-10	1.973766e+01	9.578023e+01
2.470000e-06	3.717462e-06	7.736267e-10	2.002063e+01	9.716062e+01
2.480000e-06	3.769728e-06	7.837261e-10	2.030211e+01	9.851782e+01
2.490000e-06	3.821672e-06	7.942120e-10	2.058186e+01	9.985195e+01
2.500000e-06	3.873314e-06	8.054987e-10	2.085998e+01	1.011632e+02
2.510000e-06	3.924692e-06	8.162231e-10	2.113668e+01	1.024516e+02
2.520000e-06	3.975660e-06	8.259900e-10	2.141117e+01	1.037175e+02
2.530000e-06	4.026183e-06	8.351814e-10	2.168327e+01	1.049609e+02
2.540000e-06	4.076304e-06	8.441292e-10	2.195319e+01	1.061821e+02
2.550000e-06	4.126045e-06	8.524341e-10	2.222108e+01	1.073815e+02
2.560000e-06	4.175172e-06	8.603386e-10	2.248565e+01	1.085591e+02
2.570000e-06	4.223767e-06	8.677594e-10	2.274737e+01	1.097154e+02
2.580000e-06	4.272130e-06	8.757745e-10	2.300783e+01	1.108506e+02
2.590000e-06	4.320210e-06	8.858358e-10	2.326676e+01	1.119651e+02
2.600000e-06	4.368028e-06	8.962829e-10	2.352429e+01	1.130592e+02
2.610000e-06	4.415544e-06	9.052008e-10	2.378019e+01	1.141334e+02
2.620000e-06	4.462916e-06	9.130250e-10	2.403532e+01	1.151879e+02
2.630000e-06	4.510053e-06	9.205021e-10	2.428918e+01	1.162232e+02
2.640000e-06	4.556701e-06	9.279406e-10	2.454040e+01	1.172396e+02
2.650000e-06	4.603000e-06	9.354027e-10	2.478975e+01	1.182375e+02
2.660000e-06	4.649010e-06	9.424434e-10	2.503754e+01	1.192172e+02
2.670000e-06	4.694711e-06	9.486176e-10	2.528367e+01	1.201791e+02
2.680000e-06	4.740125e-06	9.550018e-10	2.552824e+01	1.211234e+02
2.690000e-06	4.785205e-06	9.626949e-10	2.577103e+01	1.220505e+02
2.700000e-06	4.829954e-06	9.703196e-10	2.601203e+01	1.229606e+02
2.710000e-06	4.874404e-06	9.775228e-10	2.625141e+01	1.238538e+02
2.720000e-06	4.918616e-06	9.854218e-10	2.648952e+01	1.247304e+02
2.730000e-06	4.962591e-06	9.941400e-10	2.672635e+01	1.255905e+02
2.740000e-06	5.006371e-06	1.002491e-09	2.696213e+01	1.264342e+02
2.750000e-06	5.049900e-06	1.008966e-09	2.719656e+01	1.272614e+02
2.760000e-06	5.092968e-06	1.014492e-09	2.742850e+01	1.280723e+02
2.770000e-06	5.135487e-06	1.020790e-09	2.765749e+01	1.288669e+02
2.780000e-06	5.177430e-06	1.028990e-09	2.788338e+01	1.296450e+02
2.790000e-06	5.218720e-06	1.038569e-09	2.810575e+01	1.304067e+02
2.800000e-06	5.259383e-06	1.046937e-09	2.832474e+01	1.311518e+02
2.810000e-06	5.299677e-06	1.053298e-09	2.854175e+01	1.318803e+02
2.820000e-06	5.339664e-06	1.059017e-09	2.875710e+01	1.325920e+02
2.830000e-06	5.379405e-06	1.065339e-09	2.897113e+01	1.332869e+02
2.840000e-06	5.418954e-06	1.071697e-09	2.918412e+01	1.339650e+02
2.850000e-06	5.458262e-06	1.077959e-09	2.939582e+01	1.346260e+02
2.860000e-06	5.497133e-06	1.083672e-09	2.960516e+01	1.352700e+02
2.870000e-06	5.535451e-06	1.088619e-09	2.981152e+01	1.358971e+02
2.880000e-06	5.573349e-06	1.094488e-09	3.001563e+01	1.365071e+02
2.890000e-06	5.610895e-06	1.100510e-09	3.021783e+01	1.371003e+02
2.900000e-06	5.648105e-06	1.104982e-09	3.041823e+01	1.376768e+02
2.910000e-06	5.684899e-06	1.109956e-09	3.061639e+01	1.382367e+02
2.920000e-06	5.721239e-06	1.116730e-09	3.081210e+01	1.387803e+02
2.930000e-06	5.757287e-06	1.123992e-09	3.100623e+01	1.393079e+02
2.940000e-06	5.793142e-06	1.130752e-09	3.119933e+01	1.398199e+02
2.950000e-06	5.828806e-06	1.135375e-09	3.139140e+01	1.403167e+02
2.960000e-06	5.864224e-06	1.138294e-09	3.158215e+01	1.407989e+02
2.970000e-06	5.899162e-06	1.142806e-09	3.177031e+01	1.412669e+02
2.980000e-06	5.933531e-06	1.148964e-09	3.195541e+01	1.417214e+02
2.990000e-06	5.967201e-06	1.153933e-09	3.213674e+01	1.421630e+02
3.000000e-06	6.000074e-06	1.157660e-09	3.231378e+01	1.425925e+02
3.010000e-06	6.032396e-06	1.161726e-09	3.248785e+01	1.430106e+02
3.020000e-06	6.064410e-06	1.166456e-09	3.266027e+01	1.434180e+02
3.030000e-06	6.096080e-06	1.171718e-09	3.283082e+01	1.438156e+02
3.040000e-06	6.127311e-06	1.176777e-09	3.299903e+01	1.442041e+02
3.050000e-06	6.158232e-06	1.180734e-09	3.316555e+01	1.445845e+02
3.060000e-06	6.188839e-06	1.185656e-09	3.333039e+01	1.449574e+02
3.070000e-06	6.218902e-06	1.191003e-09	3.349229e+01	1.453236e+02
3.080000e-06	6.248561e-06	1.193840e-09	3.365202e+01	1.456841e+02
3.090000e-06	6.277964e-06	1.196517e-09	3.381038e+01	1.460393e+02
3.100000e-06	6.306866e-06	1.200935e-09	3.396603e+01	1.463902e+02
3.110000e-06	6.335210e-06	1.205438e-09	3.411868e+01	1.467372e+02
3.120000e-06	6.363214e-06	1.208504e-09	3.426949e+01	1.470811e+02
3.130000e-06	6.390959e-06	1.211796e-09	3.441892e+01	1.474223e+02
3.140000e-06	6.418405e-06	1.215523e-09	3.456673e+01	1.477612e+02
3.150000e-06	6.445357e-06	1.218475e-09	3.471188e+01	1.480983e+02
3.160000e-06	6.471484e-06	1.221742e-09	3.485259e+01	1.484339e+02
3.170000e-06	6.496732e-06	1.225105e-09	3.498856e+01	1.487683e+02
3.180000e-06	6.521357e-06	1.228880e-09	3.512118e+01	1.491015e+02
3.190000e-06	6.545533e-06	1.233180e-09	3.525139e+01	1.494336e+02
3.200000e-06	6.569379e-06	1.236278e-09	3.537981e+01	1.497647e+02
3.210000e-06	6.592909e-06	1.238572e-09	3.550653e+01	1.500948e+02
3.220000e-06	6.616004e-06	1.241527e-09	3.563091e+01	1.504236e+02
3.230000e-06	6.638570e-06	1.244622e-09	3.575244e+01	1.507509e+02
3.240000e-06	6.660512e-06	1.246492e-09	3.587061e+01	1.510765e+02
3.250000e-06	6.681886e-06	1.248109e-09	3.598572e+01	1.514001e+02
3.260000e-06	6.702948e-06	1.251652e-09	3.609915e+01	1.517213e+02
3.270000e-06	6.723681e-06	1.256049e-09	3.621081e+01	1.520397e+02
3.280000e-06	6.743882e-06	1.259164e-09	3.631961e+01	1.523549e+02
3.290000e-06	6.763759e-06	1.261408e-09	3.642666e+01	1.526663e+02
3.300000e-06	6.783378e-06	1.264479e-09	3.653231e+01	1.529735e+02
3.310000e-06	6.802647e-06	1.267512e-09	3.663609e+01	1.532760e+02
3.320000e-06	6.821387e-06	1.269491e-09	3.673702e+01	1.535733e+02
3.330000e-06	6.839426e-06	1.271004e-09	3.683416e+01	1.538648e+02
3.340000e-06	6.856860e-06	1.271848e-09	3.692806e+01	1.541500e+02
3.350000e-06	6.873889e-06	1.273827e-09	3.701977e+01	1.544285e+02
3.360000e-06	6.890708e-06	1.278214e-09	3.711034e+01	1.546998e+02
3.370000e-06	6.906953e-06	1.282789e-09	3.719784e+01	1.549633e+02
3.380000e-06	6.922432e-06	1.286676e-09	3.728120e+01	1.552188e+02
3.390000e-06	6.937330e-06	1.289352e-09	3.736143e+01	1.554657e+02
3.400000e-06	6.951774e-06	1.292247e-09	3.743922e+01	1.557037e+02
3.410000e-06	6.965860e-06	1.296961e-09	3.751508e+01	1.559324e+02
3.420000e-06	6.979370e-06	1.301069e-09	3.758784e+01	1.561516e+02
3.430000e-06	6.992286e-06	1.303066e-09	3.765740e+01	1.563610e+02
3.440000e-06	7.004725e-06	1.304375e-09	3.772439e+01	1.565604e+02
3.450000e-06	7.016763e-06	1.307418e-09	3.778922e+01	1.567494e+02
3.460000e-06	7.028391e-06	1.312080e-09	3.785185e+01	1.569281e+02
3.470000e-06	7.039396e-06	1.315991e-09	3.791112e+01	1.570962e+02
3.480000e-06	7.049534e-06	1.317121e-09	3.796571e+01	1.572537e+02
3.490000e-06	7.058736e-06	1.316889e-09	3.801527e+01	1.574005e+02
3.500000e-06	7.067215e-06	1.318860e-09	3.806094e+01	1.575365e+02
3.510000e-06	7.075287e-06	1.322508e-09	3.810441e+01	1.576617e+02
3.520000e-06	7.082968e-06	1.325272e-09	3.814577e+01	1.577762e+02
3.530000e-06	7.090344e-06	1.327070e-09	3.818550e+01	1.578801e+02
3.540000e-06	7.097383e-06	1.328497e-09	3.822341e+01	1.579732e+02
3.550000e-06	7.103783e-06	1.331393e-09	3.825787e+01	1.580558e+02
3.560000e-06	7.109562e-06	1.335568e-09	3.828900e+01	1.581280e+02
3.570000e-06	7.114844e-06	1.337572e-09	3.831744e+01	1.581899e+02
3.580000e-06	7.119628e-06	1.337788e-09	3.834321e+01	1.582416e+02
3.590000e-06	7.123910e-06	1.338669e-09	3.836627e+01	1.582834e+02
3.600000e-06	7.127863e-06	1.341423e-09	3.838756e+01	1.583153e+02
3.610000e-06	7.131541e-06	1.344832e-09	3.840737e+01	1.583377e+02
3.620000e-06	7.134891e-06	1.346528e-09	3.842541e+01	1.583507e+02
3.630000e-06	7.137636e-06	1.346667e-09	3.844019e+01	1.583546e+02
3.640000e-06	7.139605e-06	1.347185e-09	3.845080e+01	1.583497e+02
3.650000e-06	7.140809e-06	1.347429e-09	3.845728e+01	1.583363e+02
3.660000e-06	7.141296e-06	1.347945e-09	3.845990e+01	1.583146e+02
3.670000e-06	7.141314e-06	1.349226e-09	3.846000e+01	1.582849e+02
3.680000e-06	7.140989e-06	1.349956e-09	3.845825e+01	1.582478e+02
3.690000e-06	7.140417e-06	1.350385e-09	3.845517e+01	1.582034e+02
3.700000e-06	7.139427e-06	1.351479e-09	3.844984e+01	1.581522e+02
3.710000e-06	7.137723e-06	1.353055e-09	3.844066e+01	1.580946e+02
3.720000e-06	7.135588e-06	1.353658e-09	3.842917e+01	1.580310e+02
3.730000e-06	7.133090e-06	1.353627e-09	3.841571e+01	1.579619e+02
3.740000e-06	7.130055e-06	1.351192e-09	3.839936e+01	1.578876e+02
3.750000e-06	7.126580e-06	1.338789e-09	3.838065e+01	1.578087e+02
3.760000e-06	7.122607e-06	1.342399e-09	3.835925e+01	1.577256e+02
3.770000e-06	7.117740e-06	1.398730e-09	3.833304e+01	1.576387e+02
3.780000e-06	7.111764e-06	1.412459e-09	3.830086e+01	1.575485e+02
3.790000e-06	7.105297e-06	1.305591e-09	3.826603e+01	1.574555e+02
3.800000e-06	7.098892e-06	1.260041e-09	3.823154e+01	1.573601e+02
3.810000e-06	7.092241e-06	1.383234e-09	3.819572e+01	1.572627e+02
3.820000e-06	7.084826e-06	1.442398e-09	3.815578e+01	1.571637e+02
3.830000e-06	7.076732e-06	1.301920e-09	3.811219e+01	1.570636e+02
3.840000e-06	7.068441e-06	1.239107e-09	3.806754e+01	1.569627e+02
3.850000e-06	7.059935e-06	1.416306e-09	3.802173e+01	1.568614e+02
3.860000e-06	7.050741e-06	1.484063e-09	3.797221e+01	1.567598e+02
3.870000e-06	7.040855e-06	1.265066e-09	3.791897e+01	1.566584e+02
3.880000e-06	7.030658e-06	1.180305e-09	3.786406e+01	1.565572e+02
3.890000e-06	7.020069e-06	1.414092e-09	3.780703e+01	1.564566e+02
3.900000e-06	7.008844e-06	1.488352e-09	3.774657e+01	1.563565e+02
3.910000e-06	6.997035e-06	1.259142e-09	3.768298e+01	1.562571e+02
3.920000e-06	6.984792e-06	1.230940e-09	3.761704e+01	1.561584e+02
3.930000e-06	6.971887e-06	1.456999e-09	3.754754e+01	1.560604e+02
3.940000e-06	6.957981e-06	1.423622e-09	3.747265e+01	1.559630e+02
3.950000e-06	6.943262e-06	1.207884e-09	3.739338e+01	1.558660e+02
3.960000e-06	6.927982e-06	1.298225e-09	3.731109e+01	1.557694e+02
3.970000e-06	6.912194e-06	1.475697e-09	3.722606e+01	1.556728e+02
3.980000e-06	6.895934e-06	1.337302e-09	3.713849e+01	1.555759e+02
3.990000e-06	6.879339e-06	1.230252e-09	3.704912e+01	1.554786e+02
4.000000e-06	6.862321e-06	1.405406e-09	3.695747e+01	1.553804e+02
4.010000e-06	6.844746e-06	1.417381e-09	3.686281e+01	1.552809e+02
4.020000e-06	6.826703e-06	1.222580e-09	3.676565e+01	1.551798e+02
4.030000e-06	6.808239e-06	1.297052e-09	3.666620e+01	1.550766e+02
4.040000e-06	6.789308e-06	1.469867e-09	3.656425e+01	1.549708e+02
4.050000e-06	6.769840e-06	1.334943e-09	3.645940e+01	1.548620e+02
4.060000e-06	6.750040e-06	1.231046e-09	3.635277e+01	1.547497e+02
4.070000e-06	6.730022e-06	1.395177e-09	3.624496e+01	1.546334e+02
4.080000e-06	6.709695e-06	1.406380e-09	3.613549e+01	1.545126e+02
4.090000e-06	6.688959e-06	1.247934e-09	3.602381e+01	1.543870e+02
4.100000e-06	6.667582e-06	1.316234e-09	3.590869e+01	1.542559e+02
4.110000e-06	6.645296e-06	1.422387e-09	3.578867e+01	1.541191e+02
4.120000e-06	6.622095e-06	1.311934e-09	3.566371e+01	1.539760e+02
4.130000e-06	6.598260e-06	1.286858e-09	3.553535e+01	1.538263e+02
4.140000e-06	6.574134e-06	1.397990e-09	3.540542e+01	1.536697e+02
4.150000e-06	6.549774e-06	1.346862e-09	3.527423e+01	1.535057e+02
4.160000e-06	6.524986e-06	1.270869e-09	3.514073e+01	1.533341e+02
4.170000e-06	6.499703e-06	1.359369e-09	3.500456e+01	1.531546e+02
4.180000e-06	6.473878e-06	1.379696e-09	3.486548e+01	1.529671e+02
4.190000e-06	6.447620e-06	1.299574e-09	3.472407e+01	1.527712e+02
4.200000e-06	6.421058e-06	1.328461e-09	3.458101e+01	1.525669e+02
4.210000e-06	6.394005e-06	1.367340e-09	3.443532e+01	1.523540e+02
4.220000e-06	6.366380e-06	1.311809e-09	3.428654e+01	1.521325e+02
4.230000e-06	6.338391e-06	1.311113e-09	3.413581e+01	1.519022e+02
4.240000e-06	6.310253e-06	1.355693e-09	3.398427e+01	1.516632e+02
4.250000e-06	6.281871e-06	1.330737e-09	3.383142e+01	1.514153e+02
4.260000e-06	6.252925e-06	1.311615e-09	3.367553e+01	1.511588e+02
4.270000e-06	6.223198e-06	1.339260e-09	3.351543e+01	1.508935e+02
4.280000e-06	6.192652e-06	1.333961e-09	3.335092e+01	1.506195e+02
4.290000e-06	6.161487e-06	1.312308e-09	3.318308e+01	1.503370e+02
4.300000e-06	6.129849e-06	1.318940e-09	3.301269e+01	1.500459e+02
4.310000e-06	6.097860e-06	1.325006e-09	3.284041e+01	1.497465e+02
4.320000e-06	6.065578e-06	1.319480e-09	3.266655e+01	1.494387e+02
4.330000e-06	6.032857e-06	1.317219e-09	3.249034e+01	1.491227e+02
4.340000e-06	5.999656e-06	1.315762e-09	3.231153e+01	1.487986e+02
4.350000e-06	5.966063e-06	1.312760e-09	3.213061e+01	1.484664e+02
4.360000e-06	5.932148e-06	1.307491e-09	3.194796e+01	1.481264e+02
4.370000e-06	5.897811e-06	1.305398e-09	3.176303e+01	1.477785e+02
4.380000e-06	5.862942e-06	1.310969e-09	3.157525e+01	1.474229e+02
4.390000e-06	5.827614e-06	1.307461e-09	3.138499e+01	1.470596e+02
4.400000e-06	5.791957e-06	1.295469e-09	3.119295e+01	1.466888e+02
4.410000e-06	5.756026e-06	1.297412e-09	3.099945e+01	1.463105e+02
4.420000e-06	5.719900e-06	1.301447e-09	3.080488e+01	1.459247e+02
4.430000e-06	5.683570e-06	1.291948e-09	3.060923e+01	1.455316e+02
4.440000e-06	5.646929e-06	1.285975e-09	3.041189e+01	1.451313e+02
4.450000e-06	5.609797e-06	1.288621e-09	3.021192e+01	1.447237e+02
4.460000e-06	5.571827e-06	1.287400e-09	3.000743e+01	1.443089e+02
4.470000e-06	5.532988e-06	1.283307e-09	2.979826e+01	1.438871e+02
4.480000e-06	5.493539e-06	1.279752e-09	2.958580e+01	1.434582e+02
4.490000e-06	5.453716e-06	1.274858e-09	2.937134e+01	1.430223e+02
4.500000e-06	5.413643e-06	1.269172e-09	2.915552e+01	1.425795e+02
4.510000e-06	5.373353e-06	1.265815e-09	2.893854e+01	1.421299e+02
4.520000e-06	5.332859e-06	1.265352e-09	2.872045e+01	1.416735e+02
4.530000e-06	5.292045e-06	1.262250e-09	2.850065e+01	1.412105e+02
4.540000e-06	5.250756e-06	1.256514e-09	2.827828e+01	1.407409e+02
4.550000e-06	5.209086e-06	1.254384e-09	2.805387e+01	1.402648e+02
4.560000e-06	5.167135e-06	1.254581e-09	2.782793e+01	1.397823e+02
4.570000e-06	5.124832e-06	1.250570e-09	2.760011e+01	1.392935e+02
4.580000e-06	5.082169e-06	1.243657e-09	2.737035e+01	1.387985e+02
4.590000e-06	5.039182e-06	1.238355e-09	2.713883e+01	1.382974e+02
4.600000e-06	4.995790e-06	1.235936e-09	2.690514e+01	1.377904e+02
4.610000e-06	4.952057e-06	1.233886e-09	2.666962e+01	1.372775e+02
4.620000e-06	4.908114e-06	1.229842e-09	2.643296e+01	1.367587e+02
4.630000e-06	4.863994e-06	1.226556e-09	2.619535e+01	1.362343e+02
4.640000e-06	4.819595e-06	1.224686e-09	2.595624e+01	1.357042e+02
4.650000e-06	4.774860e-06	1.220573e-09	2.571531e+01	1.351685e+02
4.660000e-06	4.729724e-06	1.214942e-09	2.547223e+01	1.346273e+02
4.670000e-06	4.684094e-06	1.207925e-09	2.522649e+01	1.340804e+02
4.680000e-06	4.638242e-06	1.199532e-09	2.497954e+01	1.335280e+02
4.690000e-06	4.592222e-06	1.193808e-09	2.473170e+01	1.329699e+02
4.700000e-06	4.545727e-06	1.191872e-09	2.448130e+01	1.324061e+02
4.710000e-06	4.498810e-06	1.190406e-09	2.422863e+01	1.318365e+02
4.720000e-06	4.451683e-06	1.187240e-09	2.397482e+01	1.312608e+02
4.730000e-06	4.404243e-06	1.182126e-09	2.371933e+01	1.306788e+02
4.740000e-06	4.356400e-06	1.175414e-09	2.346167e+01	1.300904e+02
4.750000e-06	4.308287e-06	1.170372e-09	2.320255e+01	1.294953e+02
4.760000e-06	4.259935e-06	1.166351e-09	2.294215e+01	1.288930e+02
4.770000e-06	4.211089e-06	1.160018e-09	2.267909e+01	1.282832e+02
4.780000e-06	4.161745e-06	1.155014e-09	2.241334e+01	1.276656e+02
4.790000e-06	4.112089e-06	1.153054e-09	2.214592e+01	1.270395e+02
4.800000e-06	4.062242e-06	1.149870e-09	2.187746e+01	1.264047e+02
4.810000e-06	4.012217e-06	1.144599e-09	2.160805e+01	1.257604e+02
4.820000e-06	3.961905e-06	1.138941e-09	2.133709e+01	1.251061e+02
4.830000e-06	3.911191e-06	1.133392e-09	2.106397e+01	1.244413e+02
4.840000e-06	3.860075e-06	1.128442e-09	2.078868e+01	1.237652e+02
4.850000e-06	3.808710e-06	1.123901e-09	2.051205e+01	1.230774e+02
4.860000e-06	3.757081e-06	1.117811e-09	2.023400e+01	1.223771e+02
4.870000e-06	3.705126e-06	1.111664e-09	1.995419e+01	1.216637e+02
4.880000e-06	3.652965e-06	1.107134e-09	1.967327e+01	1.209366e+02
4.890000e-06	3.600546e-06	1.103114e-09	1.939097e+01	1.201950e+02
4.900000e-06	3.547843e-06	1.098422e-09	1.910714e+01	1.194385e+02
4.910000e-06	3.494775e-06	1.093152e-09	1.882133e+01	1.186664e+02
4.920000e-06	3.441275e-06	1.087532e-09	1.853321e+01	1.178780e+02
4.930000e-06	3.387383e-06	1.080283e-09	1.824297e+01	1.170730e+02
4.940000e-06	3.332827e-06	1.073092e-09	1.794915e+01	1.162509e+02
4.950000e-06	3.277815e-06	1.067034e-09	1.765288e+01	1.154111e+02
4.960000e-06	3.222684e-06	1.059272e-09	1.735597e+01	1.145533e+02
4.970000e-06	3.167392e-06	1.050389e-09	1.705819e+01	1.136772e+02
4.980000e-06	3.111848e-06	1.041993e-09	1.675906e+01	1.127825e+02
4.990000e-06	3.056044e-06	1.033716e-09	1.645852e+01	1.118691e+02
5.000000e-06	3.000038e-06	1.025869e-09	1.615690e+01	1.109368e+02
5.010000e-06	2.943886e-06	1.017588e-09	1.585448e+01	1.099856e+02
5.020000e-06	2.887643e-06	1.008406e-09	1.555158e+01	1.090155e+02
5.030000e-06	2.831220e-06	9.998459e-10	1.524771e+01	1.080264e+02
5.040000e-06	2.774712e-06	9.920752e-10	1.494339e+01	1.070187e+02
5.050000e-06	2.717983e-06	9.835151e-10	1.463787e+01	1.059924e+02
5.060000e-06	2.660942e-06	9.745259e-10	1.433067e+01	1.049478e+02
5.070000e-06	2.603694e-06	9.651855e-10	1.402236e+01	1.038852e+02
5.080000e-06	2.546428e-06	9.551899e-10	1.371395e+01	1.028049e+02
5.090000e-06	2.489131e-06	9.452684e-10	1.340537e+01	1.017073e+02
5.100000e-06	2.431628e-06	9.351688e-10	1.309569e+01	1.005928e+02
5.110000e-06	2.373954e-06	9.242433e-10	1.278508e+01	9.946160e+01
5.120000e-06	2.316160e-06	9.132696e-10	1.247383e+01	9.831424e+01
5.130000e-06	2.258226e-06	9.030105e-10	1.216182e+01	9.715104e+01
5.140000e-06	2.199946e-06	8.928800e-10	1.184795e+01	9.597232e+01
5.150000e-06	2.141402e-06	8.815238e-10	1.153266e+01	9.477839e+01
5.160000e-06	2.082673e-06	8.698115e-10	1.121637e+01	9.356949e+01
5.170000e-06	2.023700e-06	8.578596e-10	1.089876e+01	9.234580e+01
5.180000e-06	1.964611e-06	8.457760e-10	1.058054e+01	9.110744e+01
5.190000e-06	1.905531e-06	8.345704e-10	1.026236e+01	8.985444e+01
5.200000e-06	1.846346e-06	8.234813e-10	9.943614e+00	8.858673e+01
5.210000e-06	1.786954e-06	8.121018e-10	9.623753e+00	8.730414e+01
5.220000e-06	1.727491e-06	8.002281e-10	9.303514e+00	8.600640e+01
5.230000e-06	1.668007e-06	7.890922e-10	8.983160e+00	8.469312e+01
5.240000e-06	1.608448e-06	7.773473e-10	8.662401e+00	8.336379e+01
5.250000e-06	1.548737e-06	7.638509e-10	8.340823e+00	8.201778e+01
5.260000e-06	1.488863e-06	7.505562e-10	8.018365e+00	8.065436e+01
5.270000e-06	1.428926e-06	7.377629e-10	7.695571e+00	7.927264e+01
5.280000e-06	1.368830e-06	7.248044e-10	7.371923e+00	7.787165e+01
5.290000e-06	1.308657e-06	7.109102e-10	7.047857e+00	7.645029e+01
5.300000e-06	1.248463e-06	6.958665e-10	6.723678e+00	7.500738e+01
5.310000e-06	1.188246e-06	6.813341e-10	6.399373e+00	7.354162e+01
5.320000e-06	1.128103e-06	6.674751e-10	6.075473e+00	7.205165e+01
5.330000e-06	1.067956e-06	6.537561e-10	5.751546e+00	7.053603e+01
5.340000e-06	1.007798e-06	6.411208e-10	5.427558e+00	6.899328e+01
5.350000e-06	9.476280e-07	6.282555e-10	5.103511e+00	6.742189e+01
5.360000e-06	8.873799e-07	6.134709e-10	4.779041e+00	6.582032e+01
5.370000e-06	8.269775e-07	5.983643e-10	4.453740e+00	6.418704e+01
5.380000e-06	7.664175e-07	5.831010e-10	4.127590e+00	6.252054e+01
5.390000e-06	7.058784e-07	5.668950e-10	3.801553e+00	6.081938e+01
5.400000e-06	6.454233e-07	5.504411e-10	3.475968e+00	5.908216e+01
5.410000e-06	5.848768e-07	5.344070e-10	3.149891e+00	5.730758e+01
5.420000e-06	5.243204e-07	5.185592e-10	2.823761e+00	5.549445e+01
5.430000e-06	4.637293e-07	5.024208e-10	2.497444e+00	5.364171e+01
5.440000e-06	4.028969e-07	4.866945e-10	2.169827e+00	5.174847e+01
5.450000e-06	3.419685e-07	4.696229e-10	1.841693e+00	4.981399e+01
5.460000e-06	2.810572e-07	4.509699e-10	1.513651e+00	4.783772e+01
5.470000e-06	2.201608e-07	4.319509e-10	1.185690e+00	4.581932e+01
5.480000e-06	1.593606e-07	4.129247e-10	8.582468e-01	4.375868e+01
5.490000e-06	9.863076e-08	3.939226e-10	5.311822e-01	4.165591e+01
5.500000e-06	3.791091e-08	3.749201e-10	2.041716e-01	3.951135e+01
5.510000e-06	-2.289418e-08	3.550854e-10	-1.232981e-01	3.732561e+01
5.520000e-06	-8.372075e-08	3.345854e-10	-4.508834e-01	3.509952e+01
5.530000e-06	-1.445490e-07	3.150358e-10	-7.784779e-01	3.283419e+01
5.540000e-06	-2.054739e-07	2.947213e-10	-1.106593e+00	3.053096e+01
5.550000e-06	-2.663327e-07	2.736153e-10	-1.434352e+00	2.819142e+01
5.560000e-06	-3.270766e-07	2.523914e-10	-1.761492e+00	2.581740e+01
5.570000e-06	-3.878005e-07	2.303322e-10	-2.088524e+00	2.341095e+01
5.580000e-06	-4.485652e-07	2.077354e-10	-2.415777e+00	2.097434e+01
5.590000e-06	-5.092709e-07	1.840618e-10	-2.742711e+00	1.851002e+01
5.600000e-06	-5.698888e-07	1.608638e-10	-3.069172e+00	1.602065e+01
5.610000e-06	-6.304436e-07	1.387421e-10	-3.395294e+00	1.350902e+01
5.620000e-06	-6.910096e-07	1.163789e-10	-3.721476e+00	1.097807e+01
5.630000e-06	-7.515808e-07	9.393366e-11	-4.047686e+00	8.430853e+00
5.640000e-06	-8.121109e-07	7.007545e-11	-4.373675e+00	5.870500e+00
5.650000e-06	-8.726402e-07	4.458882e-11	-4.699659e+00	3.300215e+00
5.660000e-06	-9.330546e-07	1.945398e-11	-5.025025e+00	7.232335e-01
5.670000e-06	-9.933416e-07	-4.200597e-12	-5.349704e+00	-1.857198e+00
5.680000e-06	-1.053599e-06	-2.653862e-11	-5.674222e+00	-4.437852e+00
5.690000e-06	-1.113890e-06	-4.867945e-11	-5.998925e+00	-7.015541e+00
5.700000e-06	-1.174221e-06	-7.230070e-11	-6.323844e+00	-9.587147e+00
5.710000e-06	-1.234453e-06	-9.627772e-11	-6.648224e+00	-1.214964e+01
5.720000e-06	-1.294532e-06	-1.187368e-10	-6.971784e+00	-1.470012e+01
5.730000e-06	-1.354624e-06	-1.409650e-10	-7.295415e+00	-1.723579e+01
5.740000e-06	-1.414699e-06	-1.635846e-10	-7.618953e+00	-1.975403e+01
5.750000e-06	-1.474694e-06	-1.862110e-10	-7.942057e+00	-2.225239e+01
5.760000e-06	-1.534575e-06	-2.098299e-10	-8.264552e+00	-2.472858e+01
5.770000e-06	-1.594339e-06	-2.338332e-10	-8.586414e+00	-2.718053e+01
5.780000e-06	-1.654075e-06	-2.569575e-10	-8.908123e+00	-2.960636e+01
5.790000e-06	-1.713705e-06	-2.801108e-10	-9.229268e+00	-3.200438e+01
5.800000e-06	-1.773207e-06	-3.040466e-10	-9.549718e+00	-3.437314e+01
5.810000e-06	-1.832513e-06	-3.268994e-10	-9.869113e+00	-3.671139e+01
5.820000e-06	-1.891646e-06	-3.479758e-10	-1.018758e+01	-3.901807e+01
5.830000e-06	-1.950688e-06	-3.698376e-10	-1.050556e+01	-4.129236e+01
5.840000e-06	-2.009596e-06	-3.932918e-10	-1.082281e+01	-4.353361e+01
5.850000e-06	-2.068390e-06	-4.155079e-10	-1.113945e+01	-4.574135e+01
5.860000e-06	-2.127079e-06	-4.353785e-10	-1.145552e+01	-4.791531e+01
5.870000e-06	-2.185562e-06	-4.544794e-10	-1.177048e+01	-5.005538e+01
5.880000e-06	-2.243748e-06	-4.742754e-10	-1.208385e+01	-5.216157e+01
5.890000e-06	-2.301745e-06	-4.941278e-10	-1.239619e+01	-5.423407e+01
5.900000e-06	-2.359593e-06	-5.134671e-10	-1.270774e+01	-5.627314e+01
5.910000e-06	-2.417208e-06	-5.322589e-10	-1.301803e+01	-5.827917e+01
5.920000e-06	-2.474660e-06	-5.500860e-10	-1.332744e+01	-6.025263e+01
5.930000e-06	-2.531878e-06	-5.689721e-10	-1.363559e+01	-6.219405e+01
5.940000e-06	-2.588823e-06	-5.892825e-10	-1.394227e+01	-6.410402e+01
5.950000e-06	-2.645515e-06	-6.085966e-10	-1.424759e+01	-6.598317e+01
5.960000e-06	-2.702053e-06	-6.260052e-10	-1.455208e+01	-6.783213e+01
5.970000e-06	-2.758567e-06	-6.433021e-10	-1.485644e+01	-6.965155e+01
5.980000e-06	-2.815005e-06	-6.606702e-10	-1.516039e+01	-7.144208e+01
5.990000e-06	-2.871265e-06	-6.771070e-10	-1.546338e+01	-7.320435e+01
6.000000e-06	-2.927329e-06	-6.928563e-10	-1.576532e+01	-7.493896e+01
6.010000e-06	-2.983244e-06	-7.080898e-10	-1.606645e+01	-7.664649e+01
6.020000e-06	-3.039095e-06	-7.226085e-10	-1.636724e+01	-7.832746e+01
6.030000e-06	-3.094863e-06	-7.375189e-10	-1.666758e+01	-7.998237e+01
6.040000e-06	-3.150291e-06	-7.537373e-10	-1.696609e+01	-8.161165e+01
6.050000e-06	-3.205371e-06	-7.687206e-10	-1.726273e+01	-8.321571e+01
6.060000e-06	-3.260182e-06	-7.821617e-10	-1.755792e+01	-8.479488e+01
6.070000e-06	-3.314685e-06	-7.957154e-10	-1.785145e+01	-8.634948e+01
6.080000e-06	-3.368851e-06	-8.102169e-10	-1.814316e+01	-8.787977e+01
6.090000e-06	-3.422576e-06	-8.247406e-10	-1.843250e+01	-8.938597e+01
6.100000e-06	-3.475857e-06	-8.386179e-10	-1.871945e+01	-9.086827e+01
6.110000e-06	-3.528844e-06	-8.521682e-10	-1.900481e+01	-9.232683e+01
6.120000e-06	-3.581531e-06	-8.642566e-10	-1.928856e+01	-9.376181e+01
6.130000e-06	-3.633904e-06	-8.762374e-10	-1.957062e+01	-9.517332e+01
6.140000e-06	-3.685968e-06	-8.889651e-10	-1.985101e+01	-9.656149e+01
6.150000e-06	-3.737706e-06	-9.010506e-10	-2.012965e+01	-9.792643e+01
6.160000e-06	-3.789157e-06	-9.131757e-10	-2.040674e+01	-9.926828e+01
6.170000e-06	-3.840352e-06	-9.259292e-10	-2.068246e+01	-1.005871e+02
6.180000e-06	-3.891328e-06	-9.377626e-10	-2.095700e+01	-1.018832e+02
6.190000e-06	-3.942191e-06	-9.476460e-10	-2.123092e+01	-1.031566e+02
6.200000e-06	-3.992721e-06	-9.571844e-10	-2.150305e+01	-1.044075e+02
6.210000e-06	-4.042712e-06	-9.669669e-10	-2.177228e+01	-1.056361e+02
6.220000e-06	-4.092287e-06	-9.768118e-10	-2.203927e+01	-1.068428e+02
6.230000e-06	-4.141640e-06	-9.873387e-10	-2.230506e+01	-1.080276e+02
6.240000e-06	-4.190641e-06	-9.973884e-10	-2.256896e+01	-1.091910e+02
6.250000e-06	-4.239144e-06	-1.007508e-09	-2.283018e+01	-1.103333e+02
6.260000e-06	-4.287149e-06	-1.017904e-09	-2.308871e+01	-1.114547e+02
6.270000e-06	-4.334718e-06	-1.027284e-09	-2.334490e+01	-1.125556e+02
6.280000e-06	-4.382019e-06	-1.036736e-09	-2.359964e+01	-1.136364e+02
6.290000e-06	-4.429032e-06	-1.047966e-09	-2.385284e+01	-1.146974e+02
6.300000e-06	-4.475745e-06	-1.059034e-09	-2.410441e+01	-1.157391e+02
6.310000e-06	-4.522190e-06	-1.068688e-09	-2.435454e+01	-1.167618e+02
6.320000e-06	-4.568449e-06	-1.077885e-09	-2.460367e+01	-1.177658e+02
6.330000e-06	-4.614438e-06	-1.086419e-09	-2.485135e+01	-1.187516e+02
6.340000e-06	-4.660066e-06	-1.094833e-09	-2.509708e+01	-1.197194e+02
6.350000e-06	-4.705272e-06	-1.103946e-09	-2.534054e+01	-1.206696e+02
6.360000e-06	-4.750121e-06	-1.112840e-09	-2.558208e+01	-1.216025e+02
6.370000e-06	-4.794650e-06	-1.120619e-09	-2.582189e+01	-1.225182e+02
6.380000e-06	-4.838922e-06	-1.128660e-09	-2.606032e+01	-1.234171e+02
6.390000e-06	-4.883067e-06	-1.136536e-09	-2.629807e+01	-1.242992e+02
6.400000e-06	-4.927034e-06	-1.143365e-09	-2.653485e+01	-1.251648e+02
6.410000e-06	-4.970769e-06	-1.149522e-09	-2.677039e+01	-1.260140e+02
6.420000e-06	-5.014158e-06	-1.155788e-09	-2.700407e+01	-1.268468e+02
6.430000e-06	-5.057125e-06	-1.163499e-09	-2.723547e+01	-1.276632e+02
6.440000e-06	-5.099686e-06	-1.172223e-09	-2.746468e+01	-1.284632e+02
6.450000e-06	-5.141825e-06	-1.179746e-09	-2.769162e+01	-1.292468e+02
6.460000e-06	-5.183566e-06	-1.185698e-09	-2.791643e+01	-1.300140e+02
6.470000e-06	-5.225067e-06	-1.192975e-09	-2.813993e+01	-1.307647e+02
6.480000e-06	-5.266155e-06	-1.200603e-09	-2.836121e+01	-1.314988e+02
6.490000e-06	-5.306694e-06	-1.206372e-09	-2.857954e+01	-1.322161e+02
6.500000e-06	-5.346976e-06	-1.212181e-09	-2.879648e+01	-1.329167e+02
6.510000e-06	-5.387119e-06	-1.218344e-09	-2.901267e+01	-1.336004e+02
6.520000e-06	-5.427067e-06	-1.224304e-09	-2.922782e+01	-1.342671e+02
6.530000e-06	-5.466765e-06	-1.228622e-09	-2.944161e+01	-1.349168e+02
6.540000e-06	-5.506072e-06	-1.231479e-09	-2.965330e+01	-1.355496e+02
6.550000e-06	-5.544799e-06	-1.236710e-09	-2.986187e+01	-1.361653e+02
6.560000e-06	-5.582847e-06	-1.243892e-09	-3.006678e+01	-1.367642e+02
6.570000e-06	-5.620180e-06	-1.250646e-09	-3.026784e+01	-1.373462e+02
6.580000e-06	-5.656888e-06	-1.255981e-09	-3.046553e+01	-1.379116e+02
6.590000e-06	-5.693288e-06	-1.259660e-09	-3.066156e+01	-1.384607e+02
6.600000e-06	-5.729499e-06	-1.263248e-09	-3.085658e+01	-1.389936e+02
6.610000e-06	-5.765494e-06	-1.267155e-09	-3.105044e+01	-1.395108e+02
6.620000e-06	-5.801240e-06	-1.270807e-09	-3.124295e+01	-1.400127e+02
6.630000e-06	-5.836456e-06	-1.275004e-09	-3.143261e+01	-1.404997e+02
6.640000e-06	-5.871094e-06	-1.278733e-09	-3.161915e+01	-1.409723e+02
6.650000e-06	-5.905333e-06	-1.282381e-09	-3.180355e+01	-1.414313e+02
6.660000e-06	-5.939228e-06	-1.286909e-09	-3.198609e+01	-1.418772e+02
6.670000e-06	-5.972802e-06	-1.290710e-09	-3.216691e+01	-1.423107e+02
6.680000e-06	-6.005923e-06	-1.293057e-09	-3.234528e+01	-1.427325e+02
6.690000e-06	-6.038537e-06	-1.294834e-09	-3.252093e+01	-1.431434e+02
6.700000e-06	-6.070819e-06	-1.297391e-09	-3.269478e+01	-1.435442e+02
6.710000e-06	-6.102871e-06	-1.300394e-09	-3.286740e+01	-1.439357e+02
6.720000e-06	-6.134577e-06	-1.303131e-09	-3.303816e+01	-1.443187e+02
6.730000e-06	-6.165814e-06	-1.305639e-09	-3.320638e+01	-1.446941e+02
6.740000e-06	-6.196273e-06	-1.307360e-09	-3.337042e+01	-1.450625e+02
6.750000e-06	-6.225953e-06	-1.308550e-09	-3.353027e+01	-1.454248e+02
6.760000e-06	-6.255048e-06	-1.310395e-09	-3.368696e+01	-1.457817e+02
6.770000e-06	-6.283625e-06	-1.311723e-09	-3.384086e+01	-1.461340e+02
6.780000e-06	-6.311899e-06	-1.312665e-09	-3.399313e+01	-1.464823e+02
6.790000e-06	-6.339987e-06	-1.315297e-09	-3.414440e+01	-1.468272e+02
6.800000e-06	-6.367729e-06	-1.316803e-09	-3.429381e+01	-1.471692e+02
6.810000e-06	-6.394839e-06	-1.317103e-09	-3.443981e+01	-1.475089e+02
6.820000e-06	-6.421494e-06	-1.318003e-09	-3.458336e+01	-1.478466e+02
6.830000e-06	-6.447792e-06	-1.319227e-09	-3.472500e+01	-1.481827e+02
6.840000e-06	-6.473656e-06	-1.322062e-09	-3.486429e+01	-1.485175e+02
6.850000e-06	-6.498946e-06	-1.324087e-09	-3.500049e+01	-1.488511e+02
6.860000e-06	-6.523697e-06	-1.324096e-09	-3.513378e+01	-1.491836e+02
6.870000e-06	-6.548049e-06	-1.324076e-09	-3.526493e+01	-1.495151e+02
6.880000e-06	-6.572141e-06	-1.325532e-09	-3.539468e+01	-1.498456e+02
6.890000e-06	-6.596051e-06	-1.329050e-09	-3.552345e+01	-1.501748e+02
6.900000e-06	-6.619458e-06	-1.331827e-09	-3.564951e+01	-1.505027e+02
6.910000e-06	-6.642116e-06	-1.333055e-09	-3.577154e+01	-1.508289e+02
6.920000e-06	-6.664046e-06	-1.334725e-09	-3.588965e+01	-1.511533e+02
6.930000e-06	-6.685304e-06	-1.336334e-09	-3.600413e+01	-1.514754e+02
6.940000e-06	-6.706000e-06	-1.337921e-09	-3.611559e+01	-1.517948e+02
6.950000e-06	-6.726362e-06	-1.340161e-09	-3.622525e+01	-1.521111e+02
6.960000e-06	-6.746420e-06	-1.342520e-09	-3.633327e+01	-1.524239e+02
6.970000e-06	-6.766000e-06	-1.345428e-09	-3.643872e+01	-1.527326e+02
6.980000e-06	-6.785059e-06	-1.348153e-09	-3.654137e+01	-1.530367e+02
6.990000e-06	-6.803710e-06	-1.349265e-09	-3.664181e+01	-1.533358e+02
7.000000e-06	-6.822015e-06	-1.349661e-09	-3.674039e+01	-1.536293e+02
7.010000e-06	-6.839857e-06	-1.350878e-09	-3.683648e+01	-1.539167e+02
7.020000e-06	-6.857168e-06	-1.352870e-09	-3.692972e+01	-1.541976e+02
7.030000e-06	-6.874006e-06	-1.354116e-09	-3.702040e+01	-1.544713e+02
7.040000e-06	-6.890395e-06	-1.355505e-09	-3.710866e+01	-1.547375e+02
7.050000e-06	-6.906472e-06	-1.356726e-09	-3.719524e+01	-1.549957e+02
7.060000e-06	-6.922289e-06	-1.358737e-09	-3.728043e+01	-1.552455e+02
7.070000e-06	-6.937444e-06	-1.362428e-09	-3.736205e+01	-1.554866e+02
7.080000e-06	-6.951589e-06	-1.365329e-09	-3.743822e+01	-1.557185e+02
7.090000e-06	-6.964938e-06	-1.367062e-09	-3.751012e+01	-1.559409e+02
7.100000e-06	-6.977680e-06	-1.368862e-09	-3.757874e+01	-1.561537e+02
7.110000e-06	-6.989889e-06	-1.370849e-09	-3.764449e+01	-1.563564e+02
7.120000e-06	-7.001605e-06	-1.371823e-09	-3.770759e+01	-1.565490e+02
7.130000e-06	-7.012778e-06	-1.373142e-09	-3.776776e+01	-1.567312e+02
7.140000e-06	-7.023509e-06	-1.375610e-09	-3.782555e+01	-1.569028e+02
7.150000e-06	-7.033765e-06	-1.377169e-09	-3.788079e+01	-1.570639e+02
7.160000e-06	-7.043474e-06	-1.377652e-09	-3.793308e+01	-1.572143e+02
7.170000e-06	-7.052606e-06	-1.378390e-09	-3.798226e+01	-1.573539e+02
7.180000e-06	-7.061230e-06	-1.378499e-09	-3.802870e+01	-1.574828e+02
7.190000e-06	-7.069583e-06	-1.378085e-09	-3.807369e+01	-1.576009e+02
7.200000e-06	-7.077715e-06	-1.378353e-09	-3.811749e+01	-1.577083e+02
7.210000e-06	-7.085482e-06	-1.378561e-09	-3.815931e+01	-1.578050e+02
7.220000e-06	-7.092748e-06	-1.377730e-09	-3.819845e+01	-1.578912e+02
7.230000e-06	-7.099330e-06	-1.376566e-09	-3.823389e+01	-1.579669e+02
7.240000e-06	-7.104963e-06	-1.375371e-09	-3.826423e+01	-1.580322e+02
7.250000e-06	-7.109774e-06	-1.374917e-09	-3.829014e+01	-1.580873e+02
7.260000e-06	-7.114147e-06	-1.375535e-09	-3.831369e+01	-1.581324e+02
7.270000e-06	-7.118270e-06	-1.374644e-09	-3.833590e+01	-1.581676e+02
7.280000e-06	-7.122098e-06	-1.373379e-09	-3.835651e+01	-1.581932e+02
7.290000e-06	-7.125405e-06	-1.373131e-09	-3.837432e+01	-1.582093e+02
7.300000e-06	-7.128150e-06	-1.372500e-09	-3.838911e+01	-1.582163e+02
7.310000e-06	-7.130506e-06	-1.371547e-09	-3.840179e+01	-1.582143e+02
7.320000e-06	-7.132510e-06	-1.370559e-09	-3.841259e+01	-1.582037e+02
7.330000e-06	-7.133989e-06	-1.370838e-09	-3.842055e+01	-1.581847e+02
7.340000e-06	-7.134770e-06	-1.371890e-09	-3.842476e+01	-1.581577e+02
