# Temperatura_=_20.0
# Concentracion g/m^3_=_7400.0
# C_Vs_to_Am_M_A/Vsm_=_116720831517.84952
# pendiente_HvsI_1/m_=_3716.3
# ordenada_HvsI_A/m_=_1297.0
# frecuencia_Hz_=_136114.2101467493

Tiempo_(s)	Campo_(V.s)	Magnetizacion_(V.s)	Campo_(kA/m)	Magnetizacion_(A/m)
0.000000e+00	-7.153746e-06	-1.305340e-09	-3.842446e+01	-1.509393e+02
1.000000e-08	-7.154090e-06	-1.304644e-09	-3.842631e+01	-1.509153e+02
2.000000e-08	-7.154125e-06	-1.306342e-09	-3.842649e+01	-1.508857e+02
3.000000e-08	-7.153631e-06	-1.306452e-09	-3.842384e+01	-1.508508e+02
4.000000e-08	-7.152404e-06	-1.303992e-09	-3.841725e+01	-1.508107e+02
5.000000e-08	-7.150376e-06	-1.301264e-09	-3.840636e+01	-1.507658e+02
6.000000e-08	-7.147645e-06	-1.300821e-09	-3.839169e+01	-1.507164e+02
7.000000e-08	-7.144371e-06	-1.301212e-09	-3.837411e+01	-1.506629e+02
8.000000e-08	-7.140737e-06	-1.305649e-09	-3.835458e+01	-1.506057e+02
9.000000e-08	-7.136728e-06	-1.314954e-09	-3.833305e+01	-1.505452e+02
1.000000e-07	-7.131902e-06	-1.288986e-09	-3.830713e+01	-1.504818e+02
1.100000e-07	-7.126085e-06	-1.230863e-09	-3.827589e+01	-1.504159e+02
1.200000e-07	-7.119832e-06	-1.275926e-09	-3.824230e+01	-1.503481e+02
1.300000e-07	-7.113605e-06	-1.385646e-09	-3.820885e+01	-1.502787e+02
1.400000e-07	-7.107041e-06	-1.333335e-09	-3.817359e+01	-1.502082e+02
1.500000e-07	-7.099759e-06	-1.184122e-09	-3.813448e+01	-1.501369e+02
1.600000e-07	-7.092063e-06	-1.245368e-09	-3.809314e+01	-1.500653e+02
1.700000e-07	-7.084204e-06	-1.419029e-09	-3.805093e+01	-1.499937e+02
1.800000e-07	-7.075924e-06	-1.314841e-09	-3.800646e+01	-1.499223e+02
1.900000e-07	-7.066772e-06	-1.113735e-09	-3.795730e+01	-1.498513e+02
2.000000e-07	-7.056757e-06	-1.246091e-09	-3.790351e+01	-1.497809e+02
2.100000e-07	-7.046270e-06	-1.461787e-09	-3.784718e+01	-1.497111e+02
2.200000e-07	-7.035337e-06	-1.308019e-09	-3.778846e+01	-1.496419e+02
2.300000e-07	-7.023786e-06	-1.116653e-09	-3.772641e+01	-1.495732e+02
2.400000e-07	-7.011773e-06	-1.274247e-09	-3.766189e+01	-1.495048e+02
2.500000e-07	-6.999242e-06	-1.402429e-09	-3.759458e+01	-1.494365e+02
2.600000e-07	-6.985949e-06	-1.230177e-09	-3.752318e+01	-1.493679e+02
2.700000e-07	-6.972015e-06	-1.176361e-09	-3.744834e+01	-1.492986e+02
2.800000e-07	-6.957475e-06	-1.344984e-09	-3.737024e+01	-1.492281e+02
2.900000e-07	-6.942014e-06	-1.318805e-09	-3.728720e+01	-1.491557e+02
3.000000e-07	-6.925728e-06	-1.181291e-09	-3.719972e+01	-1.490809e+02
3.100000e-07	-6.909177e-06	-1.269254e-09	-3.711082e+01	-1.490029e+02
3.200000e-07	-6.892417e-06	-1.338423e-09	-3.702080e+01	-1.489210e+02
3.300000e-07	-6.875145e-06	-1.182373e-09	-3.692803e+01	-1.488346e+02
3.400000e-07	-6.857404e-06	-1.194667e-09	-3.683274e+01	-1.487427e+02
3.500000e-07	-6.839061e-06	-1.373276e-09	-3.673421e+01	-1.486445e+02
3.600000e-07	-6.820100e-06	-1.284737e-09	-3.663237e+01	-1.485394e+02
3.700000e-07	-6.800847e-06	-1.122276e-09	-3.652895e+01	-1.484265e+02
3.800000e-07	-6.781302e-06	-1.257233e-09	-3.642398e+01	-1.483051e+02
3.900000e-07	-6.761433e-06	-1.345757e-09	-3.631725e+01	-1.481745e+02
4.000000e-07	-6.741094e-06	-1.187817e-09	-3.620801e+01	-1.480341e+02
4.100000e-07	-6.720170e-06	-1.184066e-09	-3.609562e+01	-1.478833e+02
4.200000e-07	-6.698791e-06	-1.319499e-09	-3.598079e+01	-1.477216e+02
4.300000e-07	-6.676922e-06	-1.250761e-09	-3.586332e+01	-1.475485e+02
4.400000e-07	-6.654506e-06	-1.174500e-09	-3.574292e+01	-1.473639e+02
4.500000e-07	-6.631510e-06	-1.270063e-09	-3.561941e+01	-1.471673e+02
4.600000e-07	-6.608091e-06	-1.258055e-09	-3.549362e+01	-1.469588e+02
4.700000e-07	-6.584508e-06	-1.167269e-09	-3.536695e+01	-1.467382e+02
4.800000e-07	-6.560715e-06	-1.239550e-09	-3.523915e+01	-1.465056e+02
4.900000e-07	-6.536426e-06	-1.285862e-09	-3.510869e+01	-1.462612e+02
5.000000e-07	-6.511251e-06	-1.187487e-09	-3.497347e+01	-1.460053e+02
5.100000e-07	-6.485324e-06	-1.188942e-09	-3.483421e+01	-1.457381e+02
5.200000e-07	-6.458746e-06	-1.256929e-09	-3.469145e+01	-1.454601e+02
5.300000e-07	-6.431586e-06	-1.208227e-09	-3.454557e+01	-1.451718e+02
5.400000e-07	-6.404134e-06	-1.177772e-09	-3.439812e+01	-1.448736e+02
5.500000e-07	-6.376451e-06	-1.230592e-09	-3.424942e+01	-1.445663e+02
5.600000e-07	-6.348282e-06	-1.215698e-09	-3.409812e+01	-1.442503e+02
5.700000e-07	-6.319619e-06	-1.179222e-09	-3.394416e+01	-1.439264e+02
5.800000e-07	-6.290524e-06	-1.208502e-09	-3.378789e+01	-1.435952e+02
5.900000e-07	-6.261077e-06	-1.206540e-09	-3.362972e+01	-1.432573e+02
6.000000e-07	-6.231410e-06	-1.170630e-09	-3.347038e+01	-1.429135e+02
6.100000e-07	-6.201270e-06	-1.185276e-09	-3.330848e+01	-1.425642e+02
6.200000e-07	-6.170628e-06	-1.197010e-09	-3.314390e+01	-1.422100e+02
6.300000e-07	-6.139477e-06	-1.174107e-09	-3.297658e+01	-1.418516e+02
6.400000e-07	-6.107924e-06	-1.173537e-09	-3.280710e+01	-1.414893e+02
6.500000e-07	-6.076185e-06	-1.179545e-09	-3.263662e+01	-1.411235e+02
6.600000e-07	-6.044211e-06	-1.163938e-09	-3.246488e+01	-1.407545e+02
6.700000e-07	-6.011778e-06	-1.161227e-09	-3.229068e+01	-1.403826e+02
6.800000e-07	-5.978502e-06	-1.166788e-09	-3.211195e+01	-1.400079e+02
6.900000e-07	-5.944284e-06	-1.157336e-09	-3.192815e+01	-1.396305e+02
7.000000e-07	-5.909352e-06	-1.150539e-09	-3.174052e+01	-1.392504e+02
7.100000e-07	-5.873944e-06	-1.148214e-09	-3.155034e+01	-1.388674e+02
7.200000e-07	-5.838325e-06	-1.139630e-09	-3.135902e+01	-1.384814e+02
7.300000e-07	-5.802620e-06	-1.136816e-09	-3.116724e+01	-1.380922e+02
7.400000e-07	-5.766652e-06	-1.136380e-09	-3.097405e+01	-1.376993e+02
7.500000e-07	-5.730298e-06	-1.128793e-09	-3.077878e+01	-1.373025e+02
7.600000e-07	-5.693539e-06	-1.125705e-09	-3.058134e+01	-1.369013e+02
7.700000e-07	-5.656443e-06	-1.126469e-09	-3.038209e+01	-1.364952e+02
7.800000e-07	-5.618989e-06	-1.119960e-09	-3.018092e+01	-1.360837e+02
7.900000e-07	-5.580915e-06	-1.110858e-09	-2.997641e+01	-1.356662e+02
8.000000e-07	-5.542312e-06	-1.104974e-09	-2.976906e+01	-1.352423e+02
8.100000e-07	-5.503258e-06	-1.099287e-09	-2.955930e+01	-1.348112e+02
8.200000e-07	-5.463898e-06	-1.096424e-09	-2.934788e+01	-1.343726e+02
8.300000e-07	-5.424430e-06	-1.094653e-09	-2.913590e+01	-1.339259e+02
8.400000e-07	-5.384738e-06	-1.088790e-09	-2.892270e+01	-1.334705e+02
8.500000e-07	-5.344772e-06	-1.080483e-09	-2.870803e+01	-1.330059e+02
8.600000e-07	-5.304304e-06	-1.074871e-09	-2.849067e+01	-1.325319e+02
8.700000e-07	-5.263312e-06	-1.070567e-09	-2.827049e+01	-1.320478e+02
8.800000e-07	-5.221799e-06	-1.065742e-09	-2.804752e+01	-1.315536e+02
8.900000e-07	-5.179651e-06	-1.058953e-09	-2.782113e+01	-1.310487e+02
9.000000e-07	-5.136954e-06	-1.051923e-09	-2.759179e+01	-1.305331e+02
9.100000e-07	-5.093709e-06	-1.047039e-09	-2.735952e+01	-1.300064e+02
9.200000e-07	-5.050152e-06	-1.042695e-09	-2.712556e+01	-1.294687e+02
9.300000e-07	-5.006446e-06	-1.036234e-09	-2.689080e+01	-1.289199e+02
9.400000e-07	-4.962513e-06	-1.028373e-09	-2.665483e+01	-1.283598e+02
9.500000e-07	-4.918205e-06	-1.022667e-09	-2.641684e+01	-1.277887e+02
9.600000e-07	-4.873531e-06	-1.019207e-09	-2.617689e+01	-1.272064e+02
9.700000e-07	-4.828532e-06	-1.015383e-09	-2.593518e+01	-1.266131e+02
9.800000e-07	-4.783238e-06	-1.009510e-09	-2.569190e+01	-1.260089e+02
9.900000e-07	-4.737650e-06	-1.001886e-09	-2.544704e+01	-1.253939e+02
1.000000e-06	-4.691657e-06	-9.953681e-10	-2.520000e+01	-1.247684e+02
1.010000e-06	-4.645318e-06	-9.909334e-10	-2.495110e+01	-1.241323e+02
1.020000e-06	-4.598571e-06	-9.866757e-10	-2.470001e+01	-1.234859e+02
1.030000e-06	-4.551592e-06	-9.815874e-10	-2.444767e+01	-1.228294e+02
1.040000e-06	-4.504308e-06	-9.757979e-10	-2.419370e+01	-1.221627e+02
1.050000e-06	-4.456716e-06	-9.711612e-10	-2.393807e+01	-1.214859e+02
1.060000e-06	-4.409081e-06	-9.667355e-10	-2.368222e+01	-1.207992e+02
1.070000e-06	-4.361184e-06	-9.623185e-10	-2.342495e+01	-1.201025e+02
1.080000e-06	-4.312828e-06	-9.571316e-10	-2.316522e+01	-1.193958e+02
1.090000e-06	-4.264077e-06	-9.509610e-10	-2.290336e+01	-1.186791e+02
1.100000e-06	-4.214786e-06	-9.446644e-10	-2.263861e+01	-1.179522e+02
1.110000e-06	-4.164940e-06	-9.389069e-10	-2.237088e+01	-1.172149e+02
1.120000e-06	-4.114598e-06	-9.332612e-10	-2.210048e+01	-1.164671e+02
1.130000e-06	-4.063780e-06	-9.263279e-10	-2.182752e+01	-1.157086e+02
1.140000e-06	-4.012683e-06	-9.188448e-10	-2.155307e+01	-1.149390e+02
1.150000e-06	-3.961291e-06	-9.137967e-10	-2.127703e+01	-1.141582e+02
1.160000e-06	-3.909637e-06	-9.100457e-10	-2.099958e+01	-1.133657e+02
1.170000e-06	-3.857750e-06	-9.040112e-10	-2.072089e+01	-1.125612e+02
1.180000e-06	-3.805592e-06	-8.964802e-10	-2.044073e+01	-1.117445e+02
1.190000e-06	-3.753110e-06	-8.886363e-10	-2.015884e+01	-1.109150e+02
1.200000e-06	-3.700268e-06	-8.810664e-10	-1.987501e+01	-1.100726e+02
1.210000e-06	-3.647016e-06	-8.749187e-10	-1.958898e+01	-1.092168e+02
1.220000e-06	-3.593552e-06	-8.678466e-10	-1.930182e+01	-1.083473e+02
1.230000e-06	-3.540076e-06	-8.593357e-10	-1.901458e+01	-1.074639e+02
1.240000e-06	-3.486350e-06	-8.508119e-10	-1.872601e+01	-1.065662e+02
1.250000e-06	-3.432310e-06	-8.442108e-10	-1.843575e+01	-1.056541e+02
1.260000e-06	-3.378014e-06	-8.389858e-10	-1.814411e+01	-1.047273e+02
1.270000e-06	-3.323402e-06	-8.302441e-10	-1.785077e+01	-1.037857e+02
1.280000e-06	-3.268526e-06	-8.195437e-10	-1.755602e+01	-1.028293e+02
1.290000e-06	-3.213465e-06	-8.111327e-10	-1.726028e+01	-1.018579e+02
1.300000e-06	-3.158249e-06	-8.043330e-10	-1.696370e+01	-1.008716e+02
1.310000e-06	-3.102854e-06	-7.960908e-10	-1.666616e+01	-9.987045e+01
1.320000e-06	-3.047342e-06	-7.872217e-10	-1.636799e+01	-9.885460e+01
1.330000e-06	-2.991726e-06	-7.783194e-10	-1.606927e+01	-9.782420e+01
1.340000e-06	-2.936014e-06	-7.688588e-10	-1.577002e+01	-9.677946e+01
1.350000e-06	-2.880255e-06	-7.605313e-10	-1.547053e+01	-9.572063e+01
1.360000e-06	-2.824380e-06	-7.529938e-10	-1.517041e+01	-9.464800e+01
1.370000e-06	-2.768263e-06	-7.437583e-10	-1.486899e+01	-9.356189e+01
1.380000e-06	-2.711856e-06	-7.340173e-10	-1.456602e+01	-9.246263e+01
1.390000e-06	-2.655057e-06	-7.254219e-10	-1.426094e+01	-9.135057e+01
1.400000e-06	-2.597910e-06	-7.172399e-10	-1.395399e+01	-9.022606e+01
1.410000e-06	-2.540621e-06	-7.072338e-10	-1.364627e+01	-8.908945e+01
1.420000e-06	-2.483074e-06	-6.955766e-10	-1.333717e+01	-8.794105e+01
1.430000e-06	-2.425147e-06	-6.848455e-10	-1.302604e+01	-8.678118e+01
1.440000e-06	-2.366813e-06	-6.753410e-10	-1.271271e+01	-8.561009e+01
1.450000e-06	-2.308264e-06	-6.661897e-10	-1.239823e+01	-8.442803e+01
1.460000e-06	-2.249623e-06	-6.557061e-10	-1.208326e+01	-8.323515e+01
1.470000e-06	-2.190682e-06	-6.432850e-10	-1.176667e+01	-8.203157e+01
1.480000e-06	-2.131504e-06	-6.309961e-10	-1.144881e+01	-8.081733e+01
1.490000e-06	-2.072203e-06	-6.206652e-10	-1.113029e+01	-7.959240e+01
1.500000e-06	-2.012785e-06	-6.115688e-10	-1.081114e+01	-7.835667e+01
1.510000e-06	-1.953293e-06	-6.009267e-10	-1.049160e+01	-7.710995e+01
1.520000e-06	-1.893748e-06	-5.891383e-10	-1.017177e+01	-7.585195e+01
1.530000e-06	-1.834188e-06	-5.792361e-10	-9.851857e+00	-7.458230e+01
1.540000e-06	-1.774625e-06	-5.698147e-10	-9.531929e+00	-7.330054e+01
1.550000e-06	-1.715009e-06	-5.585438e-10	-9.211718e+00	-7.200612e+01
1.560000e-06	-1.655274e-06	-5.460611e-10	-8.890866e+00	-7.069841e+01
1.570000e-06	-1.595392e-06	-5.339163e-10	-8.569226e+00	-6.937667e+01
1.580000e-06	-1.535429e-06	-5.233806e-10	-8.247149e+00	-6.804011e+01
1.590000e-06	-1.475437e-06	-5.132812e-10	-7.924922e+00	-6.668785e+01
1.600000e-06	-1.415278e-06	-5.022364e-10	-7.601795e+00	-6.531896e+01
1.610000e-06	-1.354976e-06	-4.902871e-10	-7.277894e+00	-6.393243e+01
1.620000e-06	-1.294622e-06	-4.778449e-10	-6.953720e+00	-6.252722e+01
1.630000e-06	-1.234176e-06	-4.664620e-10	-6.629049e+00	-6.110223e+01
1.640000e-06	-1.173615e-06	-4.555791e-10	-6.303764e+00	-5.965636e+01
1.650000e-06	-1.112949e-06	-4.437500e-10	-5.977913e+00	-5.818848e+01
1.660000e-06	-1.052307e-06	-4.315116e-10	-5.652188e+00	-5.669744e+01
1.670000e-06	-9.915970e-07	-4.203281e-10	-5.326101e+00	-5.518214e+01
1.680000e-06	-9.307480e-07	-4.092070e-10	-4.999267e+00	-5.364146e+01
1.690000e-06	-8.697978e-07	-3.959040e-10	-4.671889e+00	-5.207434e+01
1.700000e-06	-8.086520e-07	-3.824369e-10	-4.343461e+00	-5.047976e+01
1.710000e-06	-7.474745e-07	-3.709506e-10	-4.014862e+00	-4.885677e+01
1.720000e-06	-6.863530e-07	-3.591906e-10	-3.686564e+00	-4.720449e+01
1.730000e-06	-6.252391e-07	-3.468483e-10	-3.358307e+00	-4.552212e+01
1.740000e-06	-5.641152e-07	-3.346617e-10	-3.029996e+00	-4.380899e+01
1.750000e-06	-5.028814e-07	-3.211354e-10	-2.701095e+00	-4.206451e+01
1.760000e-06	-4.416094e-07	-3.064637e-10	-2.371988e+00	-4.028822e+01
1.770000e-06	-3.802626e-07	-2.915022e-10	-2.042480e+00	-3.847981e+01
1.780000e-06	-3.188873e-07	-2.766144e-10	-1.712819e+00	-3.663909e+01
1.790000e-06	-2.575540e-07	-2.622299e-10	-1.383383e+00	-3.476604e+01
1.800000e-06	-1.962115e-07	-2.472877e-10	-1.053898e+00	-3.286078e+01
1.810000e-06	-1.348077e-07	-2.313873e-10	-7.240839e-01	-3.092359e+01
1.820000e-06	-7.331322e-08	-2.162672e-10	-3.937826e-01	-2.895494e+01
1.830000e-06	-1.187065e-08	-2.008313e-10	-6.376004e-02	-2.695545e+01
1.840000e-06	4.955179e-08	-1.837783e-10	2.661544e-01	-2.492592e+01
1.850000e-06	1.109770e-07	-1.663875e-10	5.960834e-01	-2.286732e+01
1.860000e-06	1.723307e-07	-1.498696e-10	9.256290e-01	-2.078077e+01
1.870000e-06	2.335506e-07	-1.347123e-10	1.254455e+00	-1.866759e+01
1.880000e-06	2.947692e-07	-1.193550e-10	1.583275e+00	-1.652924e+01
1.890000e-06	3.559947e-07	-1.021924e-10	1.912132e+00	-1.436734e+01
1.900000e-06	4.171558e-07	-8.491157e-11	2.240642e+00	-1.218367e+01
1.910000e-06	4.784476e-07	-6.773260e-11	2.569855e+00	-9.980119e+00
1.920000e-06	5.398286e-07	-5.069942e-11	2.899547e+00	-7.758742e+00
1.930000e-06	6.010865e-07	-3.510948e-11	3.228577e+00	-5.521692e+00
1.940000e-06	6.622311e-07	-1.931710e-11	3.556999e+00	-3.271230e+00
1.950000e-06	7.233924e-07	-1.388178e-12	3.885512e+00	-1.009711e+00
1.960000e-06	7.845414e-07	1.701280e-11	4.213957e+00	1.260436e+00
1.970000e-06	8.456229e-07	3.463015e-11	4.542040e+00	3.536720e+00
1.980000e-06	9.066013e-07	5.193971e-11	4.869570e+00	5.816604e+00
1.990000e-06	9.674396e-07	6.906453e-11	5.196347e+00	8.097525e+00
2.000000e-06	1.028158e-06	8.703523e-11	5.522480e+00	1.037691e+01
2.010000e-06	1.088824e-06	1.053720e-10	5.848330e+00	1.265218e+01
2.020000e-06	1.149373e-06	1.233710e-10	6.173555e+00	1.492080e+01
2.030000e-06	1.209782e-06	1.416024e-10	6.498024e+00	1.718027e+01
2.040000e-06	1.270098e-06	1.599675e-10	6.821994e+00	1.942814e+01
2.050000e-06	1.330361e-06	1.782536e-10	7.145681e+00	2.166204e+01
2.060000e-06	1.390487e-06	1.963025e-10	7.468636e+00	2.387969e+01
2.070000e-06	1.450578e-06	2.138507e-10	7.791395e+00	2.607892e+01
2.080000e-06	1.510672e-06	2.306137e-10	8.114175e+00	2.825766e+01
2.090000e-06	1.570593e-06	2.465044e-10	8.436026e+00	3.041400e+01
2.100000e-06	1.630468e-06	2.626821e-10	8.757628e+00	3.254615e+01
2.110000e-06	1.690242e-06	2.795372e-10	9.078692e+00	3.465248e+01
2.120000e-06	1.749894e-06	2.952479e-10	9.399092e+00	3.673152e+01
2.130000e-06	1.809528e-06	3.107737e-10	9.719401e+00	3.878198e+01
2.140000e-06	1.869076e-06	3.269087e-10	1.003925e+01	4.080271e+01
2.150000e-06	1.928539e-06	3.422747e-10	1.035864e+01	4.279276e+01
2.160000e-06	1.988013e-06	3.577364e-10	1.067809e+01	4.475136e+01
2.170000e-06	2.047421e-06	3.731091e-10	1.099718e+01	4.667790e+01
2.180000e-06	2.106631e-06	3.873018e-10	1.131521e+01	4.857195e+01
2.190000e-06	2.165667e-06	4.010148e-10	1.163231e+01	5.043323e+01
2.200000e-06	2.224595e-06	4.155271e-10	1.194883e+01	5.226167e+01
2.210000e-06	2.283372e-06	4.299470e-10	1.226453e+01	5.405731e+01
2.220000e-06	2.341959e-06	4.437209e-10	1.257921e+01	5.582035e+01
2.230000e-06	2.400270e-06	4.574924e-10	1.289242e+01	5.755114e+01
2.240000e-06	2.458266e-06	4.715384e-10	1.320393e+01	5.925014e+01
2.250000e-06	2.515944e-06	4.854475e-10	1.351373e+01	6.091793e+01
2.260000e-06	2.573198e-06	4.982468e-10	1.382125e+01	6.255519e+01
2.270000e-06	2.629993e-06	5.098560e-10	1.412632e+01	6.416270e+01
2.280000e-06	2.686439e-06	5.210408e-10	1.442950e+01	6.574129e+01
2.290000e-06	2.742691e-06	5.323627e-10	1.473164e+01	6.729187e+01
2.300000e-06	2.798762e-06	5.439999e-10	1.503281e+01	6.881537e+01
2.310000e-06	2.854682e-06	5.567116e-10	1.533317e+01	7.031278e+01
2.320000e-06	2.910467e-06	5.697135e-10	1.563281e+01	7.178508e+01
2.330000e-06	2.966065e-06	5.829827e-10	1.593143e+01	7.323329e+01
2.340000e-06	3.021513e-06	5.957334e-10	1.622926e+01	7.465837e+01
2.350000e-06	3.076865e-06	6.067159e-10	1.652657e+01	7.606132e+01
2.360000e-06	3.132122e-06	6.163836e-10	1.682337e+01	7.744305e+01
2.370000e-06	3.187221e-06	6.246522e-10	1.711932e+01	7.880448e+01
2.380000e-06	3.242138e-06	6.322943e-10	1.741429e+01	8.014645e+01
2.390000e-06	3.296767e-06	6.418085e-10	1.770772e+01	8.146976e+01
2.400000e-06	3.351092e-06	6.542997e-10	1.799951e+01	8.277514e+01
2.410000e-06	3.405260e-06	6.672519e-10	1.829046e+01	8.406326e+01
2.420000e-06	3.459236e-06	6.788496e-10	1.858037e+01	8.533472e+01
2.430000e-06	3.512938e-06	6.890067e-10	1.886882e+01	8.659005e+01
2.440000e-06	3.566407e-06	6.988131e-10	1.915601e+01	8.782971e+01
2.450000e-06	3.619617e-06	7.089038e-10	1.944182e+01	8.905408e+01
2.460000e-06	3.672561e-06	7.178720e-10	1.972619e+01	9.026347e+01
2.470000e-06	3.725352e-06	7.258310e-10	2.000974e+01	9.145815e+01
2.480000e-06	3.777833e-06	7.339617e-10	2.029164e+01	9.263829e+01
2.490000e-06	3.829913e-06	7.432101e-10	2.057137e+01	9.380403e+01
2.500000e-06	3.881701e-06	7.534447e-10	2.084953e+01	9.495544e+01
2.510000e-06	3.933070e-06	7.632747e-10	2.112545e+01	9.609255e+01
2.520000e-06	3.984047e-06	7.717224e-10	2.139926e+01	9.721533e+01
2.530000e-06	4.034939e-06	7.793577e-10	2.167261e+01	9.832373e+01
2.540000e-06	4.085620e-06	7.881133e-10	2.194483e+01	9.941768e+01
2.550000e-06	4.135662e-06	7.974464e-10	2.221361e+01	1.004971e+02
2.560000e-06	4.185025e-06	8.061643e-10	2.247876e+01	1.015618e+02
2.570000e-06	4.233986e-06	8.133786e-10	2.274174e+01	1.026116e+02
2.580000e-06	4.282586e-06	8.204457e-10	2.300278e+01	1.036465e+02
2.590000e-06	4.330805e-06	8.290375e-10	2.326178e+01	1.046663e+02
2.600000e-06	4.378729e-06	8.390085e-10	2.351919e+01	1.056708e+02
2.610000e-06	4.426291e-06	8.488313e-10	2.377465e+01	1.066599e+02
2.620000e-06	4.473584e-06	8.569069e-10	2.402868e+01	1.076335e+02
2.630000e-06	4.520743e-06	8.639375e-10	2.428198e+01	1.085916e+02
2.640000e-06	4.567746e-06	8.715921e-10	2.453444e+01	1.095339e+02
2.650000e-06	4.614379e-06	8.800821e-10	2.478492e+01	1.104605e+02
2.660000e-06	4.660564e-06	8.875832e-10	2.503299e+01	1.113714e+02
2.670000e-06	4.706469e-06	8.927658e-10	2.527955e+01	1.122664e+02
2.680000e-06	4.752078e-06	8.975413e-10	2.552453e+01	1.131457e+02
2.690000e-06	4.797311e-06	9.045862e-10	2.576749e+01	1.140093e+02
2.700000e-06	4.842199e-06	9.126148e-10	2.600859e+01	1.148572e+02
2.710000e-06	4.886921e-06	9.195143e-10	2.624881e+01	1.156896e+02
2.720000e-06	4.931347e-06	9.266319e-10	2.648743e+01	1.165066e+02
2.730000e-06	4.975354e-06	9.344410e-10	2.672380e+01	1.173084e+02
2.740000e-06	5.019102e-06	9.418757e-10	2.695878e+01	1.180951e+02
2.750000e-06	5.062650e-06	9.490078e-10	2.719269e+01	1.188669e+02
2.760000e-06	5.105945e-06	9.554216e-10	2.742524e+01	1.196241e+02
2.770000e-06	5.148822e-06	9.610073e-10	2.765554e+01	1.203670e+02
2.780000e-06	5.191126e-06	9.675910e-10	2.788277e+01	1.210958e+02
2.790000e-06	5.232899e-06	9.755972e-10	2.810713e+01	1.218109e+02
2.800000e-06	5.274177e-06	9.827417e-10	2.832885e+01	1.225126e+02
2.810000e-06	5.314870e-06	9.890083e-10	2.854742e+01	1.232011e+02
2.820000e-06	5.355043e-06	9.952532e-10	2.876320e+01	1.238770e+02
2.830000e-06	5.394878e-06	1.001601e-09	2.897716e+01	1.245405e+02
2.840000e-06	5.434431e-06	1.007976e-09	2.918961e+01	1.251921e+02
2.850000e-06	5.473716e-06	1.013672e-09	2.940062e+01	1.258322e+02
2.860000e-06	5.512759e-06	1.017730e-09	2.961033e+01	1.264612e+02
2.870000e-06	5.551461e-06	1.021346e-09	2.981821e+01	1.270795e+02
2.880000e-06	5.589707e-06	1.026527e-09	3.002364e+01	1.276876e+02
2.890000e-06	5.627488e-06	1.033032e-09	3.022656e+01	1.282859e+02
2.900000e-06	5.664721e-06	1.039141e-09	3.042656e+01	1.288750e+02
2.910000e-06	5.701408e-06	1.044370e-09	3.062361e+01	1.294551e+02
2.920000e-06	5.737774e-06	1.050013e-09	3.081894e+01	1.300269e+02
2.930000e-06	5.773897e-06	1.056805e-09	3.101296e+01	1.305906e+02
2.940000e-06	5.809710e-06	1.062920e-09	3.120533e+01	1.311468e+02
2.950000e-06	5.845277e-06	1.066247e-09	3.139637e+01	1.316959e+02
2.960000e-06	5.880566e-06	1.068225e-09	3.158591e+01	1.322383e+02
2.970000e-06	5.915385e-06	1.072233e-09	3.177293e+01	1.327743e+02
2.980000e-06	5.949651e-06	1.078507e-09	3.195698e+01	1.333043e+02
2.990000e-06	5.983220e-06	1.084109e-09	3.213729e+01	1.338286e+02
3.000000e-06	6.016232e-06	1.088218e-09	3.231460e+01	1.343475e+02
3.010000e-06	6.048634e-06	1.092367e-09	3.248864e+01	1.348613e+02
3.020000e-06	6.080515e-06	1.096948e-09	3.265988e+01	1.353702e+02
3.030000e-06	6.112169e-06	1.101699e-09	3.282990e+01	1.358743e+02
3.040000e-06	6.143480e-06	1.107269e-09	3.299808e+01	1.363737e+02
3.050000e-06	6.174553e-06	1.112420e-09	3.316498e+01	1.368686e+02
3.060000e-06	6.205236e-06	1.118324e-09	3.332979e+01	1.373589e+02
3.070000e-06	6.235276e-06	1.124923e-09	3.349114e+01	1.378446e+02
3.080000e-06	6.264878e-06	1.128179e-09	3.365014e+01	1.383256e+02
3.090000e-06	6.294171e-06	1.130542e-09	3.380748e+01	1.388018e+02
3.100000e-06	6.323018e-06	1.135322e-09	3.396242e+01	1.392730e+02
3.110000e-06	6.351337e-06	1.140840e-09	3.411453e+01	1.397389e+02
3.120000e-06	6.379209e-06	1.145039e-09	3.426424e+01	1.401993e+02
3.130000e-06	6.406894e-06	1.149131e-09	3.441294e+01	1.406538e+02
3.140000e-06	6.434456e-06	1.154403e-09	3.456098e+01	1.411020e+02
3.150000e-06	6.461599e-06	1.158684e-09	3.470677e+01	1.415436e+02
3.160000e-06	6.488121e-06	1.161907e-09	3.484923e+01	1.419782e+02
3.170000e-06	6.513787e-06	1.165634e-09	3.498709e+01	1.424052e+02
3.180000e-06	6.538602e-06	1.170130e-09	3.512037e+01	1.428242e+02
3.190000e-06	6.562906e-06	1.174806e-09	3.525092e+01	1.432347e+02
3.200000e-06	6.586759e-06	1.178367e-09	3.537904e+01	1.436362e+02
3.210000e-06	6.610247e-06	1.181838e-09	3.550520e+01	1.440283e+02
3.220000e-06	6.633426e-06	1.185520e-09	3.562970e+01	1.444106e+02
3.230000e-06	6.656133e-06	1.188877e-09	3.575166e+01	1.447825e+02
3.240000e-06	6.678253e-06	1.192127e-09	3.587047e+01	1.451437e+02
3.250000e-06	6.699834e-06	1.195763e-09	3.598639e+01	1.454938e+02
3.260000e-06	6.720996e-06	1.199588e-09	3.610006e+01	1.458324e+02
3.270000e-06	6.741693e-06	1.203192e-09	3.621123e+01	1.461593e+02
3.280000e-06	6.761921e-06	1.206529e-09	3.631988e+01	1.464742e+02
3.290000e-06	6.781772e-06	1.209681e-09	3.642650e+01	1.467770e+02
3.300000e-06	6.801273e-06	1.213605e-09	3.653124e+01	1.470676e+02
3.310000e-06	6.820495e-06	1.217367e-09	3.663449e+01	1.473457e+02
3.320000e-06	6.839247e-06	1.220166e-09	3.673521e+01	1.476116e+02
3.330000e-06	6.857362e-06	1.222782e-09	3.683251e+01	1.478651e+02
3.340000e-06	6.874882e-06	1.225202e-09	3.692662e+01	1.481064e+02
3.350000e-06	6.891998e-06	1.228188e-09	3.701855e+01	1.483357e+02
3.360000e-06	6.908831e-06	1.232298e-09	3.710896e+01	1.485532e+02
3.370000e-06	6.925226e-06	1.234693e-09	3.719702e+01	1.487590e+02
3.380000e-06	6.941124e-06	1.236964e-09	3.728242e+01	1.489536e+02
3.390000e-06	6.956298e-06	1.241417e-09	3.736392e+01	1.491373e+02
3.400000e-06	6.970680e-06	1.245102e-09	3.744117e+01	1.493103e+02
3.410000e-06	6.984610e-06	1.248122e-09	3.751599e+01	1.494732e+02
3.420000e-06	6.998092e-06	1.251067e-09	3.758840e+01	1.496262e+02
3.430000e-06	7.011078e-06	1.252555e-09	3.765816e+01	1.497698e+02
3.440000e-06	7.023550e-06	1.253507e-09	3.772515e+01	1.499043e+02
3.450000e-06	7.035507e-06	1.256128e-09	3.778937e+01	1.500303e+02
3.460000e-06	7.047082e-06	1.259918e-09	3.785154e+01	1.501480e+02
3.470000e-06	7.058170e-06	1.262804e-09	3.791110e+01	1.502578e+02
3.480000e-06	7.068531e-06	1.264490e-09	3.796675e+01	1.503600e+02
3.490000e-06	7.077964e-06	1.265441e-09	3.801741e+01	1.504550e+02
3.500000e-06	7.086539e-06	1.267538e-09	3.806348e+01	1.505430e+02
3.510000e-06	7.094533e-06	1.270580e-09	3.810641e+01	1.506243e+02
3.520000e-06	7.102198e-06	1.271991e-09	3.814758e+01	1.506990e+02
3.530000e-06	7.109613e-06	1.272262e-09	3.818741e+01	1.507674e+02
3.540000e-06	7.116581e-06	1.273993e-09	3.822483e+01	1.508295e+02
3.550000e-06	7.122905e-06	1.277102e-09	3.825880e+01	1.508855e+02
3.560000e-06	7.128716e-06	1.278875e-09	3.829002e+01	1.509355e+02
3.570000e-06	7.134121e-06	1.279576e-09	3.831905e+01	1.509794e+02
3.580000e-06	7.139021e-06	1.280773e-09	3.834537e+01	1.510172e+02
3.590000e-06	7.143306e-06	1.283000e-09	3.836838e+01	1.510491e+02
3.600000e-06	7.147053e-06	1.286323e-09	3.838851e+01	1.510749e+02
3.610000e-06	7.150513e-06	1.288211e-09	3.840710e+01	1.510947e+02
3.620000e-06	7.153715e-06	1.287108e-09	3.842429e+01	1.511084e+02
3.630000e-06	7.156590e-06	1.286211e-09	3.843974e+01	1.511160e+02
3.640000e-06	7.158820e-06	1.287754e-09	3.845171e+01	1.511176e+02
3.650000e-06	7.160023e-06	1.288270e-09	3.845817e+01	1.511131e+02
3.660000e-06	7.160363e-06	1.287838e-09	3.846000e+01	1.511026e+02
3.670000e-06	7.160233e-06	1.289251e-09	3.845930e+01	1.510863e+02
3.680000e-06	7.159831e-06	1.290933e-09	3.845714e+01	1.510641e+02
3.690000e-06	7.159082e-06	1.291982e-09	3.845312e+01	1.510363e+02
3.700000e-06	7.157819e-06	1.293501e-09	3.844634e+01	1.510031e+02
3.710000e-06	7.156076e-06	1.294385e-09	3.843698e+01	1.509647e+02
3.720000e-06	7.153900e-06	1.293800e-09	3.842529e+01	1.509214e+02
3.730000e-06	7.151324e-06	1.294062e-09	3.841145e+01	1.508735e+02
3.740000e-06	7.148288e-06	1.293652e-09	3.839514e+01	1.508213e+02
3.750000e-06	7.144716e-06	1.277993e-09	3.837596e+01	1.507652e+02
3.760000e-06	7.140622e-06	1.266698e-09	3.835397e+01	1.507057e+02
3.770000e-06	7.135849e-06	1.330806e-09	3.832833e+01	1.506432e+02
3.780000e-06	7.130141e-06	1.383610e-09	3.829767e+01	1.505781e+02
3.790000e-06	7.123981e-06	1.248456e-09	3.826458e+01	1.505108e+02
3.800000e-06	7.117963e-06	1.165687e-09	3.823226e+01	1.504419e+02
3.810000e-06	7.111601e-06	1.323167e-09	3.819809e+01	1.503717e+02
3.820000e-06	7.104293e-06	1.424267e-09	3.815883e+01	1.503007e+02
3.830000e-06	7.096223e-06	1.246419e-09	3.811549e+01	1.502291e+02
3.840000e-06	7.087825e-06	1.127912e-09	3.807038e+01	1.501575e+02
3.850000e-06	7.079147e-06	1.361053e-09	3.802377e+01	1.500859e+02
3.860000e-06	7.069816e-06	1.492085e-09	3.797365e+01	1.500148e+02
3.870000e-06	7.059791e-06	1.206725e-09	3.791981e+01	1.499441e+02
3.880000e-06	7.049461e-06	1.058301e-09	3.786432e+01	1.498741e+02
3.890000e-06	7.038884e-06	1.374376e-09	3.780751e+01	1.498047e+02
3.900000e-06	7.027682e-06	1.501101e-09	3.774734e+01	1.497358e+02
3.910000e-06	7.015729e-06	1.180138e-09	3.768314e+01	1.496674e+02
3.920000e-06	7.003328e-06	1.118375e-09	3.761653e+01	1.495991e+02
3.930000e-06	6.990299e-06	1.448269e-09	3.754655e+01	1.495306e+02
3.940000e-06	6.976350e-06	1.418506e-09	3.747162e+01	1.494616e+02
3.950000e-06	6.961666e-06	1.103390e-09	3.739275e+01	1.493914e+02
3.960000e-06	6.946519e-06	1.225268e-09	3.731139e+01	1.493197e+02
3.970000e-06	6.930797e-06	1.490419e-09	3.722695e+01	1.492458e+02
3.980000e-06	6.914521e-06	1.292220e-09	3.713953e+01	1.491689e+02
3.990000e-06	6.897913e-06	1.128765e-09	3.705032e+01	1.490884e+02
4.000000e-06	6.880980e-06	1.392734e-09	3.695937e+01	1.490036e+02
4.010000e-06	6.863469e-06	1.416815e-09	3.686531e+01	1.489135e+02
4.020000e-06	6.845385e-06	1.126974e-09	3.676818e+01	1.488176e+02
4.030000e-06	6.826883e-06	1.235975e-09	3.666880e+01	1.487148e+02
4.040000e-06	6.807891e-06	1.489710e-09	3.656679e+01	1.486046e+02
4.050000e-06	6.788361e-06	1.287343e-09	3.646189e+01	1.484861e+02
4.060000e-06	6.768394e-06	1.139455e-09	3.635464e+01	1.483586e+02
4.070000e-06	6.748149e-06	1.388417e-09	3.624590e+01	1.482215e+02
4.080000e-06	6.727660e-06	1.395843e-09	3.613585e+01	1.480742e+02
4.090000e-06	6.706857e-06	1.162886e-09	3.602411e+01	1.479162e+02
4.100000e-06	6.685379e-06	1.275816e-09	3.590875e+01	1.477469e+02
4.110000e-06	6.662993e-06	1.417599e-09	3.578851e+01	1.475661e+02
4.120000e-06	6.639761e-06	1.243869e-09	3.566373e+01	1.473736e+02
4.130000e-06	6.615970e-06	1.228232e-09	3.553594e+01	1.471690e+02
4.140000e-06	6.591841e-06	1.388523e-09	3.540634e+01	1.469524e+02
4.150000e-06	6.567437e-06	1.290926e-09	3.527526e+01	1.467238e+02
4.160000e-06	6.542621e-06	1.195769e-09	3.514196e+01	1.464833e+02
4.170000e-06	6.517440e-06	1.335250e-09	3.500671e+01	1.462312e+02
4.180000e-06	6.491945e-06	1.336797e-09	3.486977e+01	1.459677e+02
4.190000e-06	6.465908e-06	1.226636e-09	3.472992e+01	1.456933e+02
4.200000e-06	6.439201e-06	1.293503e-09	3.458647e+01	1.454083e+02
4.210000e-06	6.411818e-06	1.326497e-09	3.443939e+01	1.451133e+02
4.220000e-06	6.383961e-06	1.237835e-09	3.428976e+01	1.448089e+02
4.230000e-06	6.355825e-06	1.266887e-09	3.413863e+01	1.444958e+02
4.240000e-06	6.327522e-06	1.315204e-09	3.398661e+01	1.441744e+02
4.250000e-06	6.299058e-06	1.254967e-09	3.383373e+01	1.438455e+02
4.260000e-06	6.270065e-06	1.254717e-09	3.367800e+01	1.435098e+02
4.270000e-06	6.240271e-06	1.298851e-09	3.351797e+01	1.431679e+02
4.280000e-06	6.209860e-06	1.265494e-09	3.335462e+01	1.428203e+02
4.290000e-06	6.178929e-06	1.248483e-09	3.318849e+01	1.424677e+02
4.300000e-06	6.147367e-06	1.269089e-09	3.301896e+01	1.421106e+02
4.310000e-06	6.115297e-06	1.254538e-09	3.284671e+01	1.417495e+02
4.320000e-06	6.082879e-06	1.250826e-09	3.267258e+01	1.413848e+02
4.330000e-06	6.050116e-06	1.264895e-09	3.249660e+01	1.410169e+02
4.340000e-06	6.016925e-06	1.247899e-09	3.231833e+01	1.406459e+02
4.350000e-06	5.983164e-06	1.239891e-09	3.213699e+01	1.402721e+02
4.360000e-06	5.949013e-06	1.249728e-09	3.195355e+01	1.398956e+02
4.370000e-06	5.914568e-06	1.241982e-09	3.176854e+01	1.395163e+02
4.380000e-06	5.879779e-06	1.241444e-09	3.158168e+01	1.391343e+02
4.390000e-06	5.844462e-06	1.246321e-09	3.139198e+01	1.387494e+02
4.400000e-06	5.808633e-06	1.231688e-09	3.119954e+01	1.383612e+02
4.410000e-06	5.772610e-06	1.228550e-09	3.100605e+01	1.379696e+02
4.420000e-06	5.736400e-06	1.238026e-09	3.081156e+01	1.375742e+02
4.430000e-06	5.699910e-06	1.226978e-09	3.061556e+01	1.371744e+02
4.440000e-06	5.663128e-06	1.215118e-09	3.041800e+01	1.367700e+02
4.450000e-06	5.625819e-06	1.220662e-09	3.021760e+01	1.363603e+02
4.460000e-06	5.587844e-06	1.223348e-09	3.001363e+01	1.359449e+02
4.470000e-06	5.549217e-06	1.218478e-09	2.980616e+01	1.355231e+02
4.480000e-06	5.509826e-06	1.214376e-09	2.959458e+01	1.350945e+02
4.490000e-06	5.469880e-06	1.208040e-09	2.938002e+01	1.346585e+02
4.500000e-06	5.429713e-06	1.201892e-09	2.916427e+01	1.342145e+02
4.510000e-06	5.389343e-06	1.200980e-09	2.894743e+01	1.337620e+02
4.520000e-06	5.348655e-06	1.202035e-09	2.872889e+01	1.333005e+02
4.530000e-06	5.307629e-06	1.198826e-09	2.850853e+01	1.328297e+02
4.540000e-06	5.266254e-06	1.192572e-09	2.828629e+01	1.323490e+02
4.550000e-06	5.224553e-06	1.189023e-09	2.806231e+01	1.318581e+02
4.560000e-06	5.182583e-06	1.189103e-09	2.783688e+01	1.313568e+02
4.570000e-06	5.140224e-06	1.184614e-09	2.760936e+01	1.308448e+02
4.580000e-06	5.097511e-06	1.174585e-09	2.737994e+01	1.303218e+02
4.590000e-06	5.054452e-06	1.168256e-09	2.714866e+01	1.297878e+02
4.600000e-06	5.010908e-06	1.168028e-09	2.691477e+01	1.292426e+02
4.610000e-06	4.966969e-06	1.166388e-09	2.667877e+01	1.286863e+02
4.620000e-06	4.922824e-06	1.160369e-09	2.644165e+01	1.281188e+02
4.630000e-06	4.878476e-06	1.155108e-09	2.620345e+01	1.275402e+02
4.640000e-06	4.833878e-06	1.152710e-09	2.596390e+01	1.269505e+02
4.650000e-06	4.788960e-06	1.149824e-09	2.572263e+01	1.263499e+02
4.660000e-06	4.743684e-06	1.145497e-09	2.547945e+01	1.257386e+02
4.670000e-06	4.698230e-06	1.139138e-09	2.523530e+01	1.251165e+02
4.680000e-06	4.652338e-06	1.130829e-09	2.498881e+01	1.244839e+02
4.690000e-06	4.605929e-06	1.124829e-09	2.473953e+01	1.238409e+02
4.700000e-06	4.559212e-06	1.122727e-09	2.448861e+01	1.231877e+02
4.710000e-06	4.512231e-06	1.120547e-09	2.423626e+01	1.225244e+02
4.720000e-06	4.464935e-06	1.114272e-09	2.398222e+01	1.218510e+02
4.730000e-06	4.417376e-06	1.105361e-09	2.372677e+01	1.211676e+02
4.740000e-06	4.369656e-06	1.097974e-09	2.347046e+01	1.204742e+02
4.750000e-06	4.321676e-06	1.093461e-09	2.321274e+01	1.197708e+02
4.760000e-06	4.273226e-06	1.087743e-09	2.295251e+01	1.190574e+02
4.770000e-06	4.224246e-06	1.079804e-09	2.268942e+01	1.183339e+02
4.780000e-06	4.174869e-06	1.073128e-09	2.242421e+01	1.176001e+02
4.790000e-06	4.125003e-06	1.069893e-09	2.215637e+01	1.168558e+02
4.800000e-06	4.074773e-06	1.066221e-09	2.188657e+01	1.161009e+02
4.810000e-06	4.024389e-06	1.059076e-09	2.161595e+01	1.153350e+02
4.820000e-06	3.973793e-06	1.050215e-09	2.134418e+01	1.145579e+02
4.830000e-06	3.922904e-06	1.041979e-09	2.107084e+01	1.137693e+02
4.840000e-06	3.871708e-06	1.035331e-09	2.079586e+01	1.129689e+02
4.850000e-06	3.820140e-06	1.029606e-09	2.051887e+01	1.121562e+02
4.860000e-06	3.768240e-06	1.022178e-09	2.024011e+01	1.113311e+02
4.870000e-06	3.716109e-06	1.013932e-09	1.996010e+01	1.104930e+02
4.880000e-06	3.663784e-06	1.007463e-09	1.967905e+01	1.096417e+02
4.890000e-06	3.611230e-06	1.002409e-09	1.939677e+01	1.087768e+02
4.900000e-06	3.558302e-06	9.960246e-10	1.911248e+01	1.078980e+02
4.910000e-06	3.505024e-06	9.878225e-10	1.882631e+01	1.070051e+02
4.920000e-06	3.451531e-06	9.795222e-10	1.853899e+01	1.060978e+02
4.930000e-06	3.397724e-06	9.711717e-10	1.824998e+01	1.051759e+02
4.940000e-06	3.343360e-06	9.633385e-10	1.795797e+01	1.042392e+02
4.950000e-06	3.288500e-06	9.554407e-10	1.766331e+01	1.032877e+02
4.960000e-06	3.233332e-06	9.458342e-10	1.736699e+01	1.023213e+02
4.970000e-06	3.177826e-06	9.364367e-10	1.706886e+01	1.013399e+02
4.980000e-06	3.122016e-06	9.289986e-10	1.676909e+01	1.003437e+02
4.990000e-06	3.066030e-06	9.210047e-10	1.646837e+01	9.933273e+01
5.000000e-06	3.009907e-06	9.109748e-10	1.616692e+01	9.830714e+01
5.010000e-06	2.953605e-06	8.996709e-10	1.586451e+01	9.726713e+01
5.020000e-06	2.897191e-06	8.889043e-10	1.556149e+01	9.621295e+01
5.030000e-06	2.840694e-06	8.799114e-10	1.525804e+01	9.514487e+01
5.040000e-06	2.783876e-06	8.720978e-10	1.495286e+01	9.406320e+01
5.050000e-06	2.726896e-06	8.636224e-10	1.464680e+01	9.296827e+01
5.060000e-06	2.669942e-06	8.542509e-10	1.434089e+01	9.186042e+01
5.070000e-06	2.612722e-06	8.438882e-10	1.403355e+01	9.074000e+01
5.080000e-06	2.555203e-06	8.337587e-10	1.372460e+01	8.960737e+01
5.090000e-06	2.497556e-06	8.235265e-10	1.341496e+01	8.846284e+01
5.100000e-06	2.439847e-06	8.112753e-10	1.310499e+01	8.730675e+01
5.110000e-06	2.382000e-06	7.989152e-10	1.279428e+01	8.613936e+01
5.120000e-06	2.323959e-06	7.894811e-10	1.248253e+01	8.496091e+01
5.130000e-06	2.265656e-06	7.812650e-10	1.216938e+01	8.377160e+01
5.140000e-06	2.207061e-06	7.711566e-10	1.185465e+01	8.257157e+01
5.150000e-06	2.148357e-06	7.596534e-10	1.153933e+01	8.136086e+01
5.160000e-06	2.089614e-06	7.474010e-10	1.122381e+01	8.013949e+01
5.170000e-06	2.030727e-06	7.347587e-10	1.090752e+01	7.890736e+01
5.180000e-06	1.971617e-06	7.231186e-10	1.059002e+01	7.766431e+01
5.190000e-06	1.912300e-06	7.129745e-10	1.027141e+01	7.641009e+01
5.200000e-06	1.852854e-06	7.027378e-10	9.952119e+00	7.514435e+01
5.210000e-06	1.793413e-06	6.912423e-10	9.632843e+00	7.386667e+01
5.220000e-06	1.733909e-06	6.798053e-10	9.313233e+00	7.257652e+01
5.230000e-06	1.674159e-06	6.696995e-10	8.992302e+00	7.127330e+01
5.240000e-06	1.614250e-06	6.574606e-10	8.670519e+00	6.995630e+01
5.250000e-06	1.554241e-06	6.421896e-10	8.348194e+00	6.862476e+01
5.260000e-06	1.494128e-06	6.283638e-10	8.025313e+00	6.727782e+01
5.270000e-06	1.434005e-06	6.165141e-10	7.702379e+00	6.591456e+01
5.280000e-06	1.373834e-06	6.040819e-10	7.379185e+00	6.453400e+01
5.290000e-06	1.313552e-06	5.904099e-10	7.055396e+00	6.313512e+01
5.300000e-06	1.253233e-06	5.767419e-10	6.731408e+00	6.171683e+01
5.310000e-06	1.192900e-06	5.643804e-10	6.407350e+00	6.027803e+01
5.320000e-06	1.132556e-06	5.526598e-10	6.083223e+00	5.881759e+01
5.330000e-06	1.072178e-06	5.405475e-10	5.758922e+00	5.733438e+01
5.340000e-06	1.011782e-06	5.274309e-10	5.434519e+00	5.582727e+01
5.350000e-06	9.513502e-07	5.131959e-10	5.109927e+00	5.429515e+01
5.360000e-06	8.907835e-07	4.970333e-10	4.784608e+00	5.273695e+01
5.370000e-06	8.301106e-07	4.808855e-10	4.458720e+00	5.115161e+01
5.380000e-06	7.694159e-07	4.666268e-10	4.132714e+00	4.953818e+01
5.390000e-06	7.087525e-07	4.531957e-10	3.806877e+00	4.789573e+01
5.400000e-06	6.481209e-07	4.395438e-10	3.481211e+00	4.622346e+01
5.410000e-06	5.874401e-07	4.247465e-10	3.155280e+00	4.452064e+01
5.420000e-06	5.267551e-07	4.098624e-10	2.829326e+00	4.278665e+01
5.430000e-06	4.659953e-07	3.937429e-10	2.502971e+00	4.102099e+01
5.440000e-06	4.049843e-07	3.755068e-10	2.175266e+00	3.922329e+01
5.450000e-06	3.438594e-07	3.571540e-10	1.846950e+00	3.739334e+01
5.460000e-06	2.828710e-07	3.399251e-10	1.519367e+00	3.553104e+01
5.470000e-06	2.220009e-07	3.228850e-10	1.192419e+00	3.363647e+01
5.480000e-06	1.610504e-07	3.057657e-10	8.650399e-01	3.170987e+01
5.490000e-06	1.000649e-07	2.884182e-10	5.374720e-01	2.975163e+01
5.500000e-06	3.903098e-08	2.702017e-10	2.096446e-01	2.776232e+01
5.510000e-06	-2.195646e-08	2.510358e-10	-1.179333e-01	2.574269e+01
5.520000e-06	-8.293908e-08	2.315375e-10	-4.454854e-01	2.369364e+01
5.530000e-06	-1.441060e-07	2.122285e-10	-7.740275e-01	2.161625e+01
5.540000e-06	-2.052840e-07	1.925081e-10	-1.102629e+00	1.951178e+01
5.550000e-06	-2.663369e-07	1.729088e-10	-1.430559e+00	1.738163e+01
5.560000e-06	-3.272691e-07	1.535058e-10	-1.757839e+00	1.522737e+01
5.570000e-06	-3.881436e-07	1.330532e-10	-2.084811e+00	1.305073e+01
5.580000e-06	-4.489160e-07	1.116704e-10	-2.411234e+00	1.085357e+01
5.590000e-06	-5.096530e-07	8.946138e-11	-2.737467e+00	8.637884e+00
5.600000e-06	-5.703212e-07	6.816953e-11	-3.063330e+00	6.405794e+00
5.610000e-06	-6.309717e-07	4.856633e-11	-3.389098e+00	4.159528e+00
5.620000e-06	-6.917368e-07	2.818429e-11	-3.715482e+00	1.901410e+00
5.630000e-06	-7.524746e-07	6.267360e-12	-4.041719e+00	-3.661528e-01
5.640000e-06	-8.131238e-07	-1.703051e-11	-4.367480e+00	-2.640688e+00
5.650000e-06	-8.736849e-07	-4.047846e-11	-4.692768e+00	-4.919674e+00
5.660000e-06	-9.341748e-07	-6.286047e-11	-5.017673e+00	-7.200552e+00
5.670000e-06	-9.946029e-07	-8.365066e-11	-5.342247e+00	-9.480750e+00
5.680000e-06	-1.054965e-06	-1.038172e-10	-5.666466e+00	-1.175770e+01
5.690000e-06	-1.115267e-06	-1.249846e-10	-5.990362e+00	-1.402883e+01
5.700000e-06	-1.175548e-06	-1.465194e-10	-6.314144e+00	-1.629165e+01
5.710000e-06	-1.235814e-06	-1.673546e-10	-6.637851e+00	-1.854367e+01
5.720000e-06	-1.296127e-06	-1.874687e-10	-6.961805e+00	-2.078250e+01
5.730000e-06	-1.356404e-06	-2.081630e-10	-7.285568e+00	-2.300583e+01
5.740000e-06	-1.416522e-06	-2.292793e-10	-7.608473e+00	-2.521145e+01
5.750000e-06	-1.476557e-06	-2.500179e-10	-7.930934e+00	-2.739726e+01
5.760000e-06	-1.536505e-06	-2.709963e-10	-8.252931e+00	-2.956129e+01
5.770000e-06	-1.596330e-06	-2.915781e-10	-8.574265e+00	-3.170171e+01
5.780000e-06	-1.656077e-06	-3.123728e-10	-8.895179e+00	-3.381683e+01
5.790000e-06	-1.715765e-06	-3.337255e-10	-9.215778e+00	-3.590514e+01
5.800000e-06	-1.775373e-06	-3.545650e-10	-9.535946e+00	-3.796528e+01
5.810000e-06	-1.834850e-06	-3.737800e-10	-9.855413e+00	-3.999605e+01
5.820000e-06	-1.894155e-06	-3.915101e-10	-1.017396e+01	-4.199644e+01
5.830000e-06	-1.953232e-06	-4.103120e-10	-1.049127e+01	-4.396562e+01
5.840000e-06	-2.012103e-06	-4.309790e-10	-1.080748e+01	-4.590292e+01
5.850000e-06	-2.070893e-06	-4.504315e-10	-1.112325e+01	-4.780785e+01
5.860000e-06	-2.129590e-06	-4.660946e-10	-1.143853e+01	-4.968009e+01
5.870000e-06	-2.188094e-06	-4.807258e-10	-1.175277e+01	-5.151950e+01
5.880000e-06	-2.246435e-06	-4.976240e-10	-1.206613e+01	-5.332607e+01
5.890000e-06	-2.304582e-06	-5.145000e-10	-1.237845e+01	-5.509996e+01
5.900000e-06	-2.362501e-06	-5.300332e-10	-1.268955e+01	-5.684147e+01
5.910000e-06	-2.420225e-06	-5.458685e-10	-1.299960e+01	-5.855103e+01
5.920000e-06	-2.477838e-06	-5.613878e-10	-1.330905e+01	-6.022917e+01
5.930000e-06	-2.535261e-06	-5.772045e-10	-1.361748e+01	-6.187655e+01
5.940000e-06	-2.592256e-06	-5.941313e-10	-1.392362e+01	-6.349390e+01
5.950000e-06	-2.649078e-06	-6.100078e-10	-1.422882e+01	-6.508205e+01
5.960000e-06	-2.705927e-06	-6.239440e-10	-1.453417e+01	-6.664188e+01
5.970000e-06	-2.762677e-06	-6.379672e-10	-1.483899e+01	-6.817432e+01
5.980000e-06	-2.819195e-06	-6.525402e-10	-1.514256e+01	-6.968033e+01
5.990000e-06	-2.875514e-06	-6.661227e-10	-1.544506e+01	-7.116091e+01
6.000000e-06	-2.931809e-06	-6.780151e-10	-1.574744e+01	-7.261705e+01
6.010000e-06	-2.987995e-06	-6.900191e-10	-1.604923e+01	-7.404975e+01
6.020000e-06	-3.044012e-06	-7.024787e-10	-1.635011e+01	-7.545999e+01
6.030000e-06	-3.099771e-06	-7.147371e-10	-1.664960e+01	-7.684871e+01
6.040000e-06	-3.155219e-06	-7.283679e-10	-1.694742e+01	-7.821683e+01
6.050000e-06	-3.210450e-06	-7.414837e-10	-1.724409e+01	-7.956521e+01
6.060000e-06	-3.265420e-06	-7.528422e-10	-1.753934e+01	-8.089467e+01
6.070000e-06	-3.320017e-06	-7.639535e-10	-1.783260e+01	-8.220597e+01
6.080000e-06	-3.374269e-06	-7.752553e-10	-1.812399e+01	-8.349979e+01
6.090000e-06	-3.428129e-06	-7.864882e-10	-1.841329e+01	-8.477676e+01
6.100000e-06	-3.481546e-06	-7.982888e-10	-1.870021e+01	-8.603743e+01
6.110000e-06	-3.534639e-06	-8.106972e-10	-1.898538e+01	-8.728228e+01
6.120000e-06	-3.587439e-06	-8.232015e-10	-1.926898e+01	-8.851173e+01
6.130000e-06	-3.640002e-06	-8.355614e-10	-1.955131e+01	-8.972610e+01
6.140000e-06	-3.692386e-06	-8.462523e-10	-1.983268e+01	-9.092568e+01
6.150000e-06	-3.744538e-06	-8.557281e-10	-2.011280e+01	-9.211067e+01
6.160000e-06	-3.796257e-06	-8.653284e-10	-2.039059e+01	-9.328121e+01
6.170000e-06	-3.847525e-06	-8.759289e-10	-2.066596e+01	-9.443741e+01
6.180000e-06	-3.898553e-06	-8.858378e-10	-2.094005e+01	-9.557930e+01
6.190000e-06	-3.949389e-06	-8.943669e-10	-2.121310e+01	-9.670688e+01
6.200000e-06	-3.999991e-06	-9.039329e-10	-2.148490e+01	-9.782010e+01
6.210000e-06	-4.050352e-06	-9.144370e-10	-2.175540e+01	-9.891890e+01
6.220000e-06	-4.100428e-06	-9.244222e-10	-2.202437e+01	-1.000032e+02
6.230000e-06	-4.150160e-06	-9.335938e-10	-2.229149e+01	-1.010728e+02
6.240000e-06	-4.199396e-06	-9.421312e-10	-2.255595e+01	-1.021276e+02
6.250000e-06	-4.248048e-06	-9.504493e-10	-2.281727e+01	-1.031675e+02
6.260000e-06	-4.296095e-06	-9.595833e-10	-2.307534e+01	-1.041924e+02
6.270000e-06	-4.343631e-06	-9.689744e-10	-2.333067e+01	-1.052020e+02
6.280000e-06	-4.391001e-06	-9.780641e-10	-2.358510e+01	-1.061963e+02
6.290000e-06	-4.438222e-06	-9.878020e-10	-2.383874e+01	-1.071751e+02
6.300000e-06	-4.485205e-06	-9.974166e-10	-2.409109e+01	-1.081384e+02
6.310000e-06	-4.531972e-06	-1.006675e-09	-2.434229e+01	-1.090860e+02
6.320000e-06	-4.578466e-06	-1.015518e-09	-2.459202e+01	-1.100179e+02
6.330000e-06	-4.624527e-06	-1.023461e-09	-2.483943e+01	-1.109340e+02
6.340000e-06	-4.670282e-06	-1.031492e-09	-2.508519e+01	-1.118343e+02
6.350000e-06	-4.715740e-06	-1.040208e-09	-2.532936e+01	-1.127189e+02
6.360000e-06	-4.760720e-06	-1.048479e-09	-2.557095e+01	-1.135877e+02
6.370000e-06	-4.805355e-06	-1.055488e-09	-2.581070e+01	-1.144408e+02
6.380000e-06	-4.849706e-06	-1.062115e-09	-2.604892e+01	-1.152784e+02
6.390000e-06	-4.893821e-06	-1.069284e-09	-2.628587e+01	-1.161006e+02
6.400000e-06	-4.937801e-06	-1.076918e-09	-2.652210e+01	-1.169074e+02
6.410000e-06	-4.981645e-06	-1.084490e-09	-2.675759e+01	-1.176991e+02
6.420000e-06	-5.025136e-06	-1.091854e-09	-2.699119e+01	-1.184759e+02
6.430000e-06	-5.068085e-06	-1.098312e-09	-2.722188e+01	-1.192380e+02
6.440000e-06	-5.110657e-06	-1.104406e-09	-2.745055e+01	-1.199856e+02
6.450000e-06	-5.153035e-06	-1.110743e-09	-2.767817e+01	-1.207191e+02
6.460000e-06	-5.195016e-06	-1.117589e-09	-2.790366e+01	-1.214388e+02
6.470000e-06	-5.236608e-06	-1.125000e-09	-2.812706e+01	-1.221449e+02
6.480000e-06	-5.277831e-06	-1.131235e-09	-2.834847e+01	-1.228378e+02
6.490000e-06	-5.318726e-06	-1.136649e-09	-2.856813e+01	-1.235178e+02
6.500000e-06	-5.359435e-06	-1.143065e-09	-2.878679e+01	-1.241854e+02
6.510000e-06	-5.399840e-06	-1.148723e-09	-2.900382e+01	-1.248410e+02
6.520000e-06	-5.439964e-06	-1.152371e-09	-2.921933e+01	-1.254849e+02
6.530000e-06	-5.479772e-06	-1.155888e-09	-2.943315e+01	-1.261175e+02
6.540000e-06	-5.519024e-06	-1.159654e-09	-2.964398e+01	-1.267394e+02
6.550000e-06	-5.557648e-06	-1.165092e-09	-2.985144e+01	-1.273508e+02
6.560000e-06	-5.595763e-06	-1.171821e-09	-3.005616e+01	-1.279524e+02
6.570000e-06	-5.633229e-06	-1.177379e-09	-3.025741e+01	-1.285445e+02
6.580000e-06	-5.670119e-06	-1.181034e-09	-3.045555e+01	-1.291276e+02
6.590000e-06	-5.706652e-06	-1.183681e-09	-3.065178e+01	-1.297021e+02
6.600000e-06	-5.742877e-06	-1.188084e-09	-3.084635e+01	-1.302685e+02
6.610000e-06	-5.778847e-06	-1.193061e-09	-3.103955e+01	-1.308272e+02
6.620000e-06	-5.814564e-06	-1.197118e-09	-3.123140e+01	-1.313786e+02
6.630000e-06	-5.849909e-06	-1.201480e-09	-3.142124e+01	-1.319232e+02
6.640000e-06	-5.884787e-06	-1.205236e-09	-3.160858e+01	-1.324613e+02
6.650000e-06	-5.919177e-06	-1.208614e-09	-3.179330e+01	-1.329933e+02
6.660000e-06	-5.953148e-06	-1.212747e-09	-3.197576e+01	-1.335195e+02
6.670000e-06	-5.986673e-06	-1.216564e-09	-3.215583e+01	-1.340402e+02
6.680000e-06	-6.019779e-06	-1.220309e-09	-3.233365e+01	-1.345557e+02
6.690000e-06	-6.052573e-06	-1.223808e-09	-3.250980e+01	-1.350662e+02
6.700000e-06	-6.084978e-06	-1.227186e-09	-3.268385e+01	-1.355719e+02
6.710000e-06	-6.117118e-06	-1.230732e-09	-3.285649e+01	-1.360729e+02
6.720000e-06	-6.148990e-06	-1.233185e-09	-3.302768e+01	-1.365693e+02
6.730000e-06	-6.180265e-06	-1.235896e-09	-3.319566e+01	-1.370611e+02
6.740000e-06	-6.210738e-06	-1.240160e-09	-3.335934e+01	-1.375484e+02
6.750000e-06	-6.240461e-06	-1.244583e-09	-3.351899e+01	-1.380310e+02
6.760000e-06	-6.269622e-06	-1.248926e-09	-3.367562e+01	-1.385088e+02
6.770000e-06	-6.298315e-06	-1.252300e-09	-3.382974e+01	-1.389817e+02
6.780000e-06	-6.326681e-06	-1.254342e-09	-3.398210e+01	-1.394495e+02
6.790000e-06	-6.354853e-06	-1.257036e-09	-3.413342e+01	-1.399117e+02
6.800000e-06	-6.382661e-06	-1.259610e-09	-3.428278e+01	-1.403682e+02
6.810000e-06	-6.409942e-06	-1.262112e-09	-3.442931e+01	-1.408186e+02
6.820000e-06	-6.436744e-06	-1.265012e-09	-3.457327e+01	-1.412625e+02
6.830000e-06	-6.463122e-06	-1.269042e-09	-3.471495e+01	-1.416995e+02
6.840000e-06	-6.488989e-06	-1.274190e-09	-3.485389e+01	-1.421291e+02
6.850000e-06	-6.514435e-06	-1.277327e-09	-3.499057e+01	-1.425508e+02
6.860000e-06	-6.539427e-06	-1.278792e-09	-3.512481e+01	-1.429642e+02
6.870000e-06	-6.563962e-06	-1.280332e-09	-3.525659e+01	-1.433688e+02
6.880000e-06	-6.588282e-06	-1.282600e-09	-3.538722e+01	-1.437641e+02
6.890000e-06	-6.612286e-06	-1.285996e-09	-3.551615e+01	-1.441497e+02
6.900000e-06	-6.635716e-06	-1.289060e-09	-3.564200e+01	-1.445252e+02
6.910000e-06	-6.658470e-06	-1.290811e-09	-3.576421e+01	-1.448900e+02
6.920000e-06	-6.680646e-06	-1.292052e-09	-3.588333e+01	-1.452438e+02
6.930000e-06	-6.702191e-06	-1.295005e-09	-3.599905e+01	-1.455863e+02
6.940000e-06	-6.723022e-06	-1.298446e-09	-3.611094e+01	-1.459172e+02
6.950000e-06	-6.743398e-06	-1.299669e-09	-3.622038e+01	-1.462361e+02
6.960000e-06	-6.763560e-06	-1.300474e-09	-3.632868e+01	-1.465430e+02
6.970000e-06	-6.783378e-06	-1.302828e-09	-3.643512e+01	-1.468377e+02
6.980000e-06	-6.802679e-06	-1.305707e-09	-3.653879e+01	-1.471200e+02
6.990000e-06	-6.821522e-06	-1.306665e-09	-3.664001e+01	-1.473900e+02
7.000000e-06	-6.839904e-06	-1.306858e-09	-3.673874e+01	-1.476476e+02
7.010000e-06	-6.857692e-06	-1.308093e-09	-3.683428e+01	-1.478930e+02
7.020000e-06	-6.874922e-06	-1.310180e-09	-3.692683e+01	-1.481263e+02
7.030000e-06	-6.891773e-06	-1.312943e-09	-3.701734e+01	-1.483477e+02
7.040000e-06	-6.908262e-06	-1.314970e-09	-3.710591e+01	-1.485574e+02
7.050000e-06	-6.924509e-06	-1.315448e-09	-3.719317e+01	-1.487557e+02
7.060000e-06	-6.940407e-06	-1.316059e-09	-3.727856e+01	-1.489430e+02
7.070000e-06	-6.955588e-06	-1.318094e-09	-3.736011e+01	-1.491196e+02
7.080000e-06	-6.969834e-06	-1.319993e-09	-3.743663e+01	-1.492858e+02
7.090000e-06	-6.983184e-06	-1.320751e-09	-3.750833e+01	-1.494420e+02
7.100000e-06	-6.995946e-06	-1.321278e-09	-3.757688e+01	-1.495887e+02
7.110000e-06	-7.008293e-06	-1.322680e-09	-3.764320e+01	-1.497263e+02
7.120000e-06	-7.020153e-06	-1.324562e-09	-3.770690e+01	-1.498551e+02
7.130000e-06	-7.031347e-06	-1.325380e-09	-3.776703e+01	-1.499755e+02
7.140000e-06	-7.042052e-06	-1.324822e-09	-3.782453e+01	-1.500879e+02
7.150000e-06	-7.052445e-06	-1.323098e-09	-3.788035e+01	-1.501926e+02
7.160000e-06	-7.062308e-06	-1.321922e-09	-3.793332e+01	-1.502900e+02
7.170000e-06	-7.071554e-06	-1.323013e-09	-3.798298e+01	-1.503804e+02
7.180000e-06	-7.080256e-06	-1.324710e-09	-3.802973e+01	-1.504639e+02
7.190000e-06	-7.088604e-06	-1.324507e-09	-3.807457e+01	-1.505408e+02
7.200000e-06	-7.096712e-06	-1.322827e-09	-3.811812e+01	-1.506113e+02
7.210000e-06	-7.104475e-06	-1.321388e-09	-3.815981e+01	-1.506755e+02
7.220000e-06	-7.111604e-06	-1.320147e-09	-3.819810e+01	-1.507336e+02
7.230000e-06	-7.117946e-06	-1.318969e-09	-3.823217e+01	-1.507855e+02
7.240000e-06	-7.123530e-06	-1.318178e-09	-3.826216e+01	-1.508315e+02
7.250000e-06	-7.128425e-06	-1.317408e-09	-3.828846e+01	-1.508714e+02
7.260000e-06	-7.132861e-06	-1.317214e-09	-3.831228e+01	-1.509052e+02
7.270000e-06	-7.136980e-06	-1.317047e-09	-3.833440e+01	-1.509331e+02
7.280000e-06	-7.140752e-06	-1.316134e-09	-3.835466e+01	-1.509549e+02
7.290000e-06	-7.144088e-06	-1.314338e-09	-3.837258e+01	-1.509706e+02
7.300000e-06	-7.146921e-06	-1.312209e-09	-3.838780e+01	-1.509803e+02
7.310000e-06	-7.149313e-06	-1.310672e-09	-3.840065e+01	-1.509839e+02
7.320000e-06	-7.151204e-06	-1.309181e-09	-3.841080e+01	-1.509815e+02
7.330000e-06	-7.152391e-06	-1.308186e-09	-3.841718e+01	-1.509730e+02
7.340000e-06	-7.153153e-06	-1.307394e-09	-3.842127e+01	-1.509586e+02
