# Temperatura_=_20.0
# Concentracion g/m^3_=_7400.0
# C_Vs_to_Am_M_A/Vsm_=_116720831517.84952
# pendiente_HvsI_1/m_=_3716.3
# ordenada_HvsI_A/m_=_1297.0
# frecuencia_Hz_=_136112.94628863194

Tiempo_(s)	Campo_(V.s)	Magnetizacion_(V.s)	Campo_(kA/m)	Magnetizacion_(A/m)
0.000000e+00	-7.114892e-06	-1.361346e-09	-3.842552e+01	-1.587244e+02
1.000000e-08	-7.115091e-06	-1.360426e-09	-3.842659e+01	-1.587437e+02
2.000000e-08	-7.114926e-06	-1.359649e-09	-3.842570e+01	-1.587544e+02
3.000000e-08	-7.114267e-06	-1.359410e-09	-3.842214e+01	-1.587566e+02
4.000000e-08	-7.112993e-06	-1.358785e-09	-3.841526e+01	-1.587505e+02
5.000000e-08	-7.110935e-06	-1.357014e-09	-3.840415e+01	-1.587364e+02
6.000000e-08	-7.108055e-06	-1.355179e-09	-3.838859e+01	-1.587147e+02
7.000000e-08	-7.104666e-06	-1.351403e-09	-3.837029e+01	-1.586857e+02
8.000000e-08	-7.100856e-06	-1.348958e-09	-3.834971e+01	-1.586499e+02
9.000000e-08	-7.096416e-06	-1.362200e-09	-3.832573e+01	-1.586078e+02
1.000000e-07	-7.091266e-06	-1.373664e-09	-3.829792e+01	-1.585598e+02
1.100000e-07	-7.085678e-06	-1.332140e-09	-3.826774e+01	-1.585067e+02
1.200000e-07	-7.079777e-06	-1.305135e-09	-3.823587e+01	-1.584488e+02
1.300000e-07	-7.073414e-06	-1.364192e-09	-3.820150e+01	-1.583867e+02
1.400000e-07	-7.066618e-06	-1.410676e-09	-3.816481e+01	-1.583209e+02
1.500000e-07	-7.059361e-06	-1.330930e-09	-3.812561e+01	-1.582521e+02
1.600000e-07	-7.051615e-06	-1.268108e-09	-3.808377e+01	-1.581805e+02
1.700000e-07	-7.043551e-06	-1.371509e-09	-3.804023e+01	-1.581067e+02
1.800000e-07	-7.034871e-06	-1.431213e-09	-3.799335e+01	-1.580311e+02
1.900000e-07	-7.025605e-06	-1.305084e-09	-3.794330e+01	-1.579539e+02
2.000000e-07	-7.015842e-06	-1.239495e-09	-3.789058e+01	-1.578754e+02
2.100000e-07	-7.005512e-06	-1.383110e-09	-3.783479e+01	-1.577958e+02
2.200000e-07	-6.994523e-06	-1.435525e-09	-3.777544e+01	-1.577152e+02
2.300000e-07	-6.982812e-06	-1.291851e-09	-3.771219e+01	-1.576336e+02
2.400000e-07	-6.970614e-06	-1.261155e-09	-3.764631e+01	-1.575510e+02
2.500000e-07	-6.957889e-06	-1.390500e-09	-3.757759e+01	-1.574673e+02
2.600000e-07	-6.944585e-06	-1.380319e-09	-3.750574e+01	-1.573822e+02
2.700000e-07	-6.930724e-06	-1.268403e-09	-3.743088e+01	-1.572955e+02
2.800000e-07	-6.916100e-06	-1.313997e-09	-3.735190e+01	-1.572069e+02
2.900000e-07	-6.900768e-06	-1.386821e-09	-3.726909e+01	-1.571159e+02
3.000000e-07	-6.884826e-06	-1.311263e-09	-3.718299e+01	-1.570222e+02
3.100000e-07	-6.868317e-06	-1.282673e-09	-3.709383e+01	-1.569252e+02
3.200000e-07	-6.851380e-06	-1.372704e-09	-3.700236e+01	-1.568244e+02
3.300000e-07	-6.834078e-06	-1.337957e-09	-3.690892e+01	-1.567194e+02
3.400000e-07	-6.816387e-06	-1.246582e-09	-3.681338e+01	-1.566095e+02
3.500000e-07	-6.798145e-06	-1.327210e-09	-3.671486e+01	-1.564943e+02
3.600000e-07	-6.779413e-06	-1.391600e-09	-3.661369e+01	-1.563731e+02
3.700000e-07	-6.760218e-06	-1.278154e-09	-3.651002e+01	-1.562456e+02
3.800000e-07	-6.740648e-06	-1.250008e-09	-3.640433e+01	-1.561111e+02
3.900000e-07	-6.720731e-06	-1.359561e-09	-3.629677e+01	-1.559694e+02
4.000000e-07	-6.700345e-06	-1.335774e-09	-3.618667e+01	-1.558199e+02
4.100000e-07	-6.679519e-06	-1.249895e-09	-3.607419e+01	-1.556624e+02
4.200000e-07	-6.658177e-06	-1.309839e-09	-3.595893e+01	-1.554965e+02
4.300000e-07	-6.636306e-06	-1.348722e-09	-3.584081e+01	-1.553222e+02
4.400000e-07	-6.614125e-06	-1.275368e-09	-3.572102e+01	-1.551393e+02
4.500000e-07	-6.591445e-06	-1.281694e-09	-3.559853e+01	-1.549477e+02
4.600000e-07	-6.568185e-06	-1.332916e-09	-3.547291e+01	-1.547474e+02
4.700000e-07	-6.544619e-06	-1.280835e-09	-3.534563e+01	-1.545385e+02
4.800000e-07	-6.520782e-06	-1.255686e-09	-3.521690e+01	-1.543212e+02
4.900000e-07	-6.496411e-06	-1.316422e-09	-3.508528e+01	-1.540956e+02
5.000000e-07	-6.471324e-06	-1.304149e-09	-3.494979e+01	-1.538622e+02
5.100000e-07	-6.445647e-06	-1.251644e-09	-3.481111e+01	-1.536211e+02
5.200000e-07	-6.419470e-06	-1.279965e-09	-3.466974e+01	-1.533728e+02
5.300000e-07	-6.392675e-06	-1.297036e-09	-3.452503e+01	-1.531176e+02
5.400000e-07	-6.365357e-06	-1.257288e-09	-3.437749e+01	-1.528560e+02
5.500000e-07	-6.337706e-06	-1.261932e-09	-3.422815e+01	-1.525885e+02
5.600000e-07	-6.309537e-06	-1.286015e-09	-3.407602e+01	-1.523154e+02
5.700000e-07	-6.280891e-06	-1.262341e-09	-3.392131e+01	-1.520373e+02
5.800000e-07	-6.251959e-06	-1.251671e-09	-3.376506e+01	-1.517545e+02
5.900000e-07	-6.222699e-06	-1.269181e-09	-3.360704e+01	-1.514674e+02
6.000000e-07	-6.193104e-06	-1.258219e-09	-3.344720e+01	-1.511765e+02
6.100000e-07	-6.163048e-06	-1.242379e-09	-3.328488e+01	-1.508820e+02
6.200000e-07	-6.132455e-06	-1.250746e-09	-3.311965e+01	-1.505842e+02
6.300000e-07	-6.101513e-06	-1.251264e-09	-3.295254e+01	-1.502833e+02
6.400000e-07	-6.070287e-06	-1.241314e-09	-3.278390e+01	-1.499794e+02
6.500000e-07	-6.038692e-06	-1.241705e-09	-3.261327e+01	-1.496727e+02
6.600000e-07	-6.006708e-06	-1.239531e-09	-3.244053e+01	-1.493630e+02
6.700000e-07	-5.974238e-06	-1.230643e-09	-3.226517e+01	-1.490505e+02
6.800000e-07	-5.941150e-06	-1.227536e-09	-3.208647e+01	-1.487348e+02
6.900000e-07	-5.907475e-06	-1.226812e-09	-3.190460e+01	-1.484157e+02
7.000000e-07	-5.873223e-06	-1.221906e-09	-3.171961e+01	-1.480931e+02
7.100000e-07	-5.838458e-06	-1.215978e-09	-3.153186e+01	-1.477665e+02
7.200000e-07	-5.803280e-06	-1.209872e-09	-3.134187e+01	-1.474355e+02
7.300000e-07	-5.767710e-06	-1.207633e-09	-3.114977e+01	-1.470997e+02
7.400000e-07	-5.731797e-06	-1.206934e-09	-3.095581e+01	-1.467585e+02
7.500000e-07	-5.695533e-06	-1.202446e-09	-3.075996e+01	-1.464114e+02
7.600000e-07	-5.658873e-06	-1.197091e-09	-3.056197e+01	-1.460578e+02
7.700000e-07	-5.621757e-06	-1.194819e-09	-3.036152e+01	-1.456972e+02
7.800000e-07	-5.584223e-06	-1.192751e-09	-3.015881e+01	-1.453288e+02
7.900000e-07	-5.546346e-06	-1.188771e-09	-2.995425e+01	-1.449521e+02
8.000000e-07	-5.508054e-06	-1.183363e-09	-2.974744e+01	-1.445666e+02
8.100000e-07	-5.469251e-06	-1.177091e-09	-2.953788e+01	-1.441717e+02
8.200000e-07	-5.430062e-06	-1.172520e-09	-2.932623e+01	-1.437667e+02
8.300000e-07	-5.390690e-06	-1.170688e-09	-2.911359e+01	-1.433514e+02
8.400000e-07	-5.351039e-06	-1.168312e-09	-2.889945e+01	-1.429251e+02
8.500000e-07	-5.311051e-06	-1.162651e-09	-2.868348e+01	-1.424875e+02
8.600000e-07	-5.270650e-06	-1.156137e-09	-2.846529e+01	-1.420384e+02
8.700000e-07	-5.229766e-06	-1.150877e-09	-2.824449e+01	-1.415774e+02
8.800000e-07	-5.188597e-06	-1.147275e-09	-2.802214e+01	-1.411044e+02
8.900000e-07	-5.146971e-06	-1.141342e-09	-2.779733e+01	-1.406192e+02
9.000000e-07	-5.104783e-06	-1.132957e-09	-2.756949e+01	-1.401219e+02
9.100000e-07	-5.062127e-06	-1.127155e-09	-2.733911e+01	-1.396124e+02
9.200000e-07	-5.018941e-06	-1.124105e-09	-2.710588e+01	-1.390910e+02
9.300000e-07	-4.975245e-06	-1.120528e-09	-2.686989e+01	-1.385576e+02
9.400000e-07	-4.931182e-06	-1.115566e-09	-2.663192e+01	-1.380127e+02
9.500000e-07	-4.886949e-06	-1.108330e-09	-2.639303e+01	-1.374564e+02
9.600000e-07	-4.842553e-06	-1.102728e-09	-2.615326e+01	-1.368892e+02
9.700000e-07	-4.797857e-06	-1.099565e-09	-2.591187e+01	-1.363113e+02
9.800000e-07	-4.752759e-06	-1.095304e-09	-2.566831e+01	-1.357233e+02
9.900000e-07	-4.707188e-06	-1.088693e-09	-2.542219e+01	-1.351256e+02
1.000000e-06	-4.661217e-06	-1.081701e-09	-2.517391e+01	-1.345185e+02
1.010000e-06	-4.615015e-06	-1.076027e-09	-2.492439e+01	-1.339026e+02
1.020000e-06	-4.568585e-06	-1.071113e-09	-2.467363e+01	-1.332784e+02
1.030000e-06	-4.521790e-06	-1.065418e-09	-2.442091e+01	-1.326461e+02
1.040000e-06	-4.474788e-06	-1.058862e-09	-2.416706e+01	-1.320063e+02
1.050000e-06	-4.427653e-06	-1.053157e-09	-2.391250e+01	-1.313593e+02
1.060000e-06	-4.380180e-06	-1.048357e-09	-2.365611e+01	-1.307054e+02
1.070000e-06	-4.332306e-06	-1.045224e-09	-2.339756e+01	-1.300448e+02
1.080000e-06	-4.284086e-06	-1.041492e-09	-2.313713e+01	-1.293778e+02
1.090000e-06	-4.235597e-06	-1.034463e-09	-2.287526e+01	-1.287046e+02
1.100000e-06	-4.186762e-06	-1.026738e-09	-2.261152e+01	-1.280250e+02
1.110000e-06	-4.137580e-06	-1.020762e-09	-2.234590e+01	-1.273393e+02
1.120000e-06	-4.087984e-06	-1.015009e-09	-2.207804e+01	-1.266471e+02
1.130000e-06	-4.037715e-06	-1.008943e-09	-2.180656e+01	-1.259485e+02
1.140000e-06	-3.986876e-06	-1.002464e-09	-2.153199e+01	-1.252431e+02
1.150000e-06	-3.935705e-06	-9.960452e-10	-2.125563e+01	-1.245307e+02
1.160000e-06	-3.884243e-06	-9.903897e-10	-2.097769e+01	-1.238109e+02
1.170000e-06	-3.832534e-06	-9.846663e-10	-2.069843e+01	-1.230832e+02
1.180000e-06	-3.780610e-06	-9.778511e-10	-2.041801e+01	-1.223471e+02
1.190000e-06	-3.728378e-06	-9.706944e-10	-2.013591e+01	-1.216021e+02
1.200000e-06	-3.675915e-06	-9.643150e-10	-1.985258e+01	-1.208477e+02
1.210000e-06	-3.623221e-06	-9.586040e-10	-1.956799e+01	-1.200831e+02
1.220000e-06	-3.570148e-06	-9.525527e-10	-1.928136e+01	-1.193078e+02
1.230000e-06	-3.516805e-06	-9.453566e-10	-1.899327e+01	-1.185211e+02
1.240000e-06	-3.463235e-06	-9.368161e-10	-1.870395e+01	-1.177223e+02
1.250000e-06	-3.409395e-06	-9.293540e-10	-1.841317e+01	-1.169108e+02
1.260000e-06	-3.355253e-06	-9.238891e-10	-1.812077e+01	-1.160861e+02
1.270000e-06	-3.300915e-06	-9.177888e-10	-1.782731e+01	-1.152474e+02
1.280000e-06	-3.246444e-06	-9.105450e-10	-1.753313e+01	-1.143943e+02
1.290000e-06	-3.191727e-06	-9.031216e-10	-1.723761e+01	-1.135262e+02
1.300000e-06	-3.136796e-06	-8.954252e-10	-1.694095e+01	-1.126427e+02
1.310000e-06	-3.081670e-06	-8.870030e-10	-1.664322e+01	-1.117434e+02
1.320000e-06	-3.026342e-06	-8.786324e-10	-1.634441e+01	-1.108280e+02
1.330000e-06	-2.970847e-06	-8.704898e-10	-1.604470e+01	-1.098961e+02
1.340000e-06	-2.915225e-06	-8.620236e-10	-1.574431e+01	-1.089476e+02
1.350000e-06	-2.859497e-06	-8.543380e-10	-1.544334e+01	-1.079824e+02
1.360000e-06	-2.803572e-06	-8.475954e-10	-1.514130e+01	-1.070004e+02
1.370000e-06	-2.747469e-06	-8.401738e-10	-1.483830e+01	-1.060016e+02
1.380000e-06	-2.691244e-06	-8.320320e-10	-1.453465e+01	-1.049861e+02
1.390000e-06	-2.634768e-06	-8.231963e-10	-1.422964e+01	-1.039540e+02
1.400000e-06	-2.578079e-06	-8.146825e-10	-1.392348e+01	-1.029054e+02
1.410000e-06	-2.521324e-06	-8.060844e-10	-1.361696e+01	-1.018405e+02
1.420000e-06	-2.464434e-06	-7.972685e-10	-1.330971e+01	-1.007597e+02
1.430000e-06	-2.407267e-06	-7.886531e-10	-1.300097e+01	-9.966296e+01
1.440000e-06	-2.349719e-06	-7.794857e-10	-1.269017e+01	-9.855069e+01
1.450000e-06	-2.291879e-06	-7.703878e-10	-1.237779e+01	-9.742306e+01
1.460000e-06	-2.233777e-06	-7.616859e-10	-1.206400e+01	-9.628028e+01
1.470000e-06	-2.175358e-06	-7.525959e-10	-1.174849e+01	-9.512249e+01
1.480000e-06	-2.116694e-06	-7.423517e-10	-1.143166e+01	-9.394981e+01
1.490000e-06	-2.057868e-06	-7.315555e-10	-1.111396e+01	-9.276228e+01
1.500000e-06	-1.998842e-06	-7.215904e-10	-1.079518e+01	-9.155987e+01
1.510000e-06	-1.939513e-06	-7.119063e-10	-1.047476e+01	-9.034245e+01
1.520000e-06	-1.879914e-06	-7.017033e-10	-1.015289e+01	-8.910980e+01
1.530000e-06	-1.820366e-06	-6.924559e-10	-9.831281e+00	-8.786161e+01
1.540000e-06	-1.760972e-06	-6.834053e-10	-9.510512e+00	-8.659743e+01
1.550000e-06	-1.701426e-06	-6.730287e-10	-9.188922e+00	-8.531670e+01
1.560000e-06	-1.641665e-06	-6.618823e-10	-8.866165e+00	-8.401876e+01
1.570000e-06	-1.581814e-06	-6.505182e-10	-8.542931e+00	-8.270281e+01
1.580000e-06	-1.521950e-06	-6.396144e-10	-8.219621e+00	-8.136792e+01
1.590000e-06	-1.461981e-06	-6.285281e-10	-7.895745e+00	-8.001308e+01
1.600000e-06	-1.401864e-06	-6.171798e-10	-7.571071e+00	-7.863714e+01
1.610000e-06	-1.341732e-06	-6.067386e-10	-7.246312e+00	-7.723885e+01
1.620000e-06	-1.281617e-06	-5.959287e-10	-6.921649e+00	-7.581689e+01
1.630000e-06	-1.221434e-06	-5.840299e-10	-6.596619e+00	-7.436985e+01
1.640000e-06	-1.161067e-06	-5.721612e-10	-6.270595e+00	-7.289624e+01
1.650000e-06	-1.100620e-06	-5.602218e-10	-5.944138e+00	-7.139457e+01
1.660000e-06	-1.040248e-06	-5.483055e-10	-5.618084e+00	-6.986327e+01
1.670000e-06	-9.797956e-07	-5.367137e-10	-5.291598e+00	-6.830081e+01
1.680000e-06	-9.192564e-07	-5.246807e-10	-4.964643e+00	-6.670564e+01
1.690000e-06	-8.587024e-07	-5.110177e-10	-4.637609e+00	-6.507625e+01
1.700000e-06	-7.980342e-07	-4.969471e-10	-4.309957e+00	-6.341122e+01
1.710000e-06	-7.372492e-07	-4.843617e-10	-3.981674e+00	-6.170917e+01
1.720000e-06	-6.765281e-07	-4.718034e-10	-3.653737e+00	-5.996885e+01
1.730000e-06	-6.158337e-07	-4.584865e-10	-3.325944e+00	-5.818912e+01
1.740000e-06	-5.550575e-07	-4.448417e-10	-2.997708e+00	-5.636899e+01
1.750000e-06	-4.943250e-07	-4.308263e-10	-2.669709e+00	-5.450764e+01
1.760000e-06	-4.335267e-07	-4.160213e-10	-2.341355e+00	-5.260442e+01
1.770000e-06	-3.725898e-07	-4.002501e-10	-2.012252e+00	-5.065891e+01
1.780000e-06	-3.116690e-07	-3.843159e-10	-1.683236e+00	-4.867086e+01
1.790000e-06	-2.507004e-07	-3.690535e-10	-1.353962e+00	-4.664029e+01
1.800000e-06	-1.897196e-07	-3.530713e-10	-1.024622e+00	-4.456742e+01
1.810000e-06	-1.286554e-07	-3.360475e-10	-6.948314e-01	-4.245275e+01
1.820000e-06	-6.749707e-08	-3.192190e-10	-3.645325e-01	-4.029698e+01
1.830000e-06	-6.473284e-09	-3.013543e-10	-3.496038e-02	-3.810108e+01
1.840000e-06	5.456483e-08	-2.821549e-10	2.946892e-01	-3.586628e+01
1.850000e-06	1.156482e-07	-2.633374e-10	6.245833e-01	-3.359402e+01
1.860000e-06	1.766924e-07	-2.452717e-10	9.542656e-01	-3.128598e+01
1.870000e-06	2.375946e-07	-2.272516e-10	1.283181e+00	-2.894406e+01
1.880000e-06	2.984401e-07	-2.088933e-10	1.611791e+00	-2.657037e+01
1.890000e-06	3.594032e-07	-1.890263e-10	1.941035e+00	-2.416720e+01
1.900000e-06	4.203031e-07	-1.689715e-10	2.269938e+00	-2.173700e+01
1.910000e-06	4.811938e-07	-1.490697e-10	2.598792e+00	-1.928241e+01
1.920000e-06	5.421887e-07	-1.292498e-10	2.928207e+00	-1.680614e+01
1.930000e-06	6.030868e-07	-1.108102e-10	3.257101e+00	-1.431105e+01
1.940000e-06	6.639221e-07	-9.189003e-11	3.585655e+00	-1.180006e+01
1.950000e-06	7.247170e-07	-7.130570e-11	3.913991e+00	-9.276135e+00
1.960000e-06	7.853005e-07	-5.026913e-11	4.241186e+00	-6.742287e+00
1.970000e-06	8.457314e-07	-2.996557e-11	4.567556e+00	-4.201518e+00
1.980000e-06	9.061902e-07	-1.056168e-11	4.894077e+00	-1.656811e+00
1.990000e-06	9.666178e-07	9.007476e-12	5.220429e+00	8.888990e-01
2.000000e-06	1.026937e-06	2.932644e-11	5.546196e+00	3.432745e+00
2.010000e-06	1.087221e-06	4.896979e-11	5.871773e+00	5.971952e+00
2.020000e-06	1.147441e-06	6.839717e-11	6.197002e+00	8.503855e+00
2.030000e-06	1.207590e-06	8.906889e-11	6.521854e+00	1.102592e+01
2.040000e-06	1.267688e-06	1.098545e-10	6.846422e+00	1.353574e+01
2.050000e-06	1.327706e-06	1.301401e-10	7.170566e+00	1.603110e+01
2.060000e-06	1.387581e-06	1.498259e-10	7.493930e+00	1.850992e+01
2.070000e-06	1.447359e-06	1.684920e-10	7.816774e+00	2.097031e+01
2.080000e-06	1.507178e-06	1.861439e-10	8.139844e+00	2.341054e+01
2.090000e-06	1.566978e-06	2.029996e-10	8.462807e+00	2.582910e+01
2.100000e-06	1.626658e-06	2.206864e-10	8.785117e+00	2.822462e+01
2.110000e-06	1.686248e-06	2.402929e-10	9.106945e+00	3.059594e+01
2.120000e-06	1.745834e-06	2.599402e-10	9.428755e+00	3.294205e+01
2.130000e-06	1.805333e-06	2.784083e-10	9.750093e+00	3.526214e+01
2.140000e-06	1.864695e-06	2.961819e-10	1.007069e+01	3.755554e+01
2.150000e-06	1.924048e-06	3.124264e-10	1.039124e+01	3.982170e+01
2.160000e-06	1.983215e-06	3.276481e-10	1.071078e+01	4.206026e+01
2.170000e-06	2.042160e-06	3.434730e-10	1.102913e+01	4.427093e+01
2.180000e-06	2.100994e-06	3.597975e-10	1.134687e+01	4.645357e+01
2.190000e-06	2.159477e-06	3.768979e-10	1.166272e+01	4.860810e+01
2.200000e-06	2.217652e-06	3.949270e-10	1.197691e+01	5.073454e+01
2.210000e-06	2.275676e-06	4.131248e-10	1.229028e+01	5.283296e+01
2.220000e-06	2.333478e-06	4.302345e-10	1.260246e+01	5.490347e+01
2.230000e-06	2.390917e-06	4.451613e-10	1.291266e+01	5.694624e+01
2.240000e-06	2.447863e-06	4.596441e-10	1.322022e+01	5.896144e+01
2.250000e-06	2.504631e-06	4.753329e-10	1.352680e+01	6.094925e+01
2.260000e-06	2.561328e-06	4.907286e-10	1.383301e+01	6.290985e+01
2.270000e-06	2.617799e-06	5.045890e-10	1.413799e+01	6.484342e+01
2.280000e-06	2.674072e-06	5.181530e-10	1.444191e+01	6.675009e+01
2.290000e-06	2.730142e-06	5.316276e-10	1.474472e+01	6.863001e+01
2.300000e-06	2.786014e-06	5.454929e-10	1.504647e+01	7.048325e+01
2.310000e-06	2.841747e-06	5.614458e-10	1.534747e+01	7.230988e+01
2.320000e-06	2.897362e-06	5.781356e-10	1.564783e+01	7.410992e+01
2.330000e-06	2.952957e-06	5.946077e-10	1.594809e+01	7.588336e+01
2.340000e-06	3.008509e-06	6.094962e-10	1.624810e+01	7.763017e+01
2.350000e-06	3.063809e-06	6.222567e-10	1.654677e+01	7.935027e+01
2.360000e-06	3.118831e-06	6.334427e-10	1.684393e+01	8.104356e+01
2.370000e-06	3.173592e-06	6.431027e-10	1.713967e+01	8.270993e+01
2.380000e-06	3.228144e-06	6.529684e-10	1.743429e+01	8.434926e+01
2.390000e-06	3.282421e-06	6.656349e-10	1.772743e+01	8.596139e+01
2.400000e-06	3.336427e-06	6.815731e-10	1.801910e+01	8.754621e+01
2.410000e-06	3.390287e-06	6.972793e-10	1.830998e+01	8.910358e+01
2.420000e-06	3.443953e-06	7.110953e-10	1.859981e+01	9.063339e+01
2.430000e-06	3.497421e-06	7.231314e-10	1.888858e+01	9.213555e+01
2.440000e-06	3.550664e-06	7.337826e-10	1.917613e+01	9.361000e+01
2.450000e-06	3.603565e-06	7.446254e-10	1.946184e+01	9.505671e+01
2.460000e-06	3.656101e-06	7.554182e-10	1.974557e+01	9.647571e+01
2.470000e-06	3.708353e-06	7.659074e-10	2.002777e+01	9.786704e+01
2.480000e-06	3.760350e-06	7.759503e-10	2.030858e+01	9.923083e+01
2.490000e-06	3.812041e-06	7.864605e-10	2.058775e+01	1.005672e+02
2.500000e-06	3.863500e-06	7.983045e-10	2.086567e+01	1.018764e+02
2.510000e-06	3.914729e-06	8.096822e-10	2.114234e+01	1.031587e+02
2.520000e-06	3.965562e-06	8.198628e-10	2.141688e+01	1.044144e+02
2.530000e-06	4.015943e-06	8.295628e-10	2.168897e+01	1.056439e+02
2.540000e-06	4.065848e-06	8.393591e-10	2.195849e+01	1.068476e+02
2.550000e-06	4.115105e-06	8.476124e-10	2.222452e+01	1.080258e+02
2.560000e-06	4.163940e-06	8.549346e-10	2.248826e+01	1.091792e+02
2.570000e-06	4.212435e-06	8.625328e-10	2.275017e+01	1.103082e+02
2.580000e-06	4.260541e-06	8.708410e-10	2.300997e+01	1.114135e+02
2.590000e-06	4.308455e-06	8.807587e-10	2.326875e+01	1.124955e+02
2.600000e-06	4.356138e-06	8.912552e-10	2.352627e+01	1.135548e+02
2.610000e-06	4.403637e-06	9.007175e-10	2.378280e+01	1.145921e+02
2.620000e-06	4.450920e-06	9.088011e-10	2.403816e+01	1.156078e+02
2.630000e-06	4.497771e-06	9.158671e-10	2.429119e+01	1.166028e+02
2.640000e-06	4.544157e-06	9.222394e-10	2.454171e+01	1.175774e+02
2.650000e-06	4.590327e-06	9.291757e-10	2.479106e+01	1.185322e+02
2.660000e-06	4.636251e-06	9.368027e-10	2.503908e+01	1.194679e+02
2.670000e-06	4.681828e-06	9.440796e-10	2.528523e+01	1.203848e+02
2.680000e-06	4.727125e-06	9.512578e-10	2.552986e+01	1.212836e+02
2.690000e-06	4.772086e-06	9.590689e-10	2.577268e+01	1.221647e+02
2.700000e-06	4.816738e-06	9.656266e-10	2.601384e+01	1.230284e+02
2.710000e-06	4.861145e-06	9.717544e-10	2.625367e+01	1.238753e+02
2.720000e-06	4.905248e-06	9.801278e-10	2.649186e+01	1.247057e+02
2.730000e-06	4.949015e-06	9.891777e-10	2.672823e+01	1.255199e+02
2.740000e-06	4.992518e-06	9.966460e-10	2.696317e+01	1.263183e+02
2.750000e-06	5.035752e-06	1.002281e-09	2.719667e+01	1.271012e+02
2.760000e-06	5.078710e-06	1.007640e-09	2.742868e+01	1.278689e+02
2.770000e-06	5.121122e-06	1.013159e-09	2.765773e+01	1.286216e+02
2.780000e-06	5.162795e-06	1.018719e-09	2.788280e+01	1.293597e+02
2.790000e-06	5.204011e-06	1.024934e-09	2.810539e+01	1.300833e+02
2.800000e-06	5.244761e-06	1.031614e-09	2.832547e+01	1.307929e+02
2.810000e-06	5.284953e-06	1.038682e-09	2.854253e+01	1.314885e+02
2.820000e-06	5.324861e-06	1.045750e-09	2.875806e+01	1.321705e+02
2.830000e-06	5.364589e-06	1.052006e-09	2.897262e+01	1.328392e+02
2.840000e-06	5.404047e-06	1.056648e-09	2.918573e+01	1.334949e+02
2.850000e-06	5.443124e-06	1.060844e-09	2.939677e+01	1.341379e+02
2.860000e-06	5.481808e-06	1.065744e-09	2.960569e+01	1.347685e+02
2.870000e-06	5.520093e-06	1.070830e-09	2.981246e+01	1.353870e+02
2.880000e-06	5.557906e-06	1.076459e-09	3.001668e+01	1.359939e+02
2.890000e-06	5.595342e-06	1.082425e-09	3.021886e+01	1.365895e+02
2.900000e-06	5.632332e-06	1.087671e-09	3.041863e+01	1.371741e+02
2.910000e-06	5.668928e-06	1.092737e-09	3.061628e+01	1.377482e+02
2.920000e-06	5.705192e-06	1.098776e-09	3.081213e+01	1.383122e+02
2.930000e-06	5.741086e-06	1.105868e-09	3.100598e+01	1.388665e+02
2.940000e-06	5.776743e-06	1.112784e-09	3.119855e+01	1.394114e+02
2.950000e-06	5.812182e-06	1.116929e-09	3.138995e+01	1.399475e+02
2.960000e-06	5.847262e-06	1.119788e-09	3.157941e+01	1.404750e+02
2.970000e-06	5.881869e-06	1.124788e-09	3.176631e+01	1.409944e+02
2.980000e-06	5.916093e-06	1.130307e-09	3.195114e+01	1.415059e+02
2.990000e-06	5.949753e-06	1.134107e-09	3.213293e+01	1.420100e+02
3.000000e-06	5.982554e-06	1.138556e-09	3.231008e+01	1.425068e+02
3.010000e-06	6.014660e-06	1.145114e-09	3.248348e+01	1.429966e+02
3.020000e-06	6.046438e-06	1.150967e-09	3.265510e+01	1.434795e+02
3.030000e-06	6.077932e-06	1.156320e-09	3.282519e+01	1.439559e+02
3.040000e-06	6.109209e-06	1.161282e-09	3.299411e+01	1.444256e+02
3.050000e-06	6.140139e-06	1.164719e-09	3.316115e+01	1.448888e+02
3.060000e-06	6.170494e-06	1.170591e-09	3.332509e+01	1.453455e+02
3.070000e-06	6.200390e-06	1.178107e-09	3.348655e+01	1.457956e+02
3.080000e-06	6.229831e-06	1.182102e-09	3.364555e+01	1.462390e+02
3.090000e-06	6.258862e-06	1.184972e-09	3.380234e+01	1.466755e+02
3.100000e-06	6.287470e-06	1.190425e-09	3.395684e+01	1.471050e+02
3.110000e-06	6.315644e-06	1.196745e-09	3.410900e+01	1.475273e+02
3.120000e-06	6.343551e-06	1.200947e-09	3.425972e+01	1.479419e+02
3.130000e-06	6.371208e-06	1.203986e-09	3.440909e+01	1.483488e+02
3.140000e-06	6.398535e-06	1.207386e-09	3.455668e+01	1.487475e+02
3.150000e-06	6.425444e-06	1.210694e-09	3.470201e+01	1.491378e+02
3.160000e-06	6.451762e-06	1.215221e-09	3.484414e+01	1.495192e+02
3.170000e-06	6.477346e-06	1.220328e-09	3.498231e+01	1.498917e+02
3.180000e-06	6.502055e-06	1.223664e-09	3.511576e+01	1.502547e+02
3.190000e-06	6.526154e-06	1.226332e-09	3.524591e+01	1.506081e+02
3.200000e-06	6.549944e-06	1.230183e-09	3.537439e+01	1.509515e+02
3.210000e-06	6.573406e-06	1.234731e-09	3.550110e+01	1.512849e+02
3.220000e-06	6.596390e-06	1.238845e-09	3.562524e+01	1.516081e+02
3.230000e-06	6.618816e-06	1.242741e-09	3.574635e+01	1.519208e+02
3.240000e-06	6.640893e-06	1.246149e-09	3.586559e+01	1.522232e+02
3.250000e-06	6.662612e-06	1.249711e-09	3.598288e+01	1.525152e+02
3.260000e-06	6.683866e-06	1.254178e-09	3.609767e+01	1.527968e+02
3.270000e-06	6.704613e-06	1.257774e-09	3.620971e+01	1.530682e+02
3.280000e-06	6.724862e-06	1.260540e-09	3.631907e+01	1.533295e+02
3.290000e-06	6.744698e-06	1.263633e-09	3.642620e+01	1.535811e+02
3.300000e-06	6.764223e-06	1.266860e-09	3.653165e+01	1.538232e+02
3.310000e-06	6.783451e-06	1.269858e-09	3.663550e+01	1.540562e+02
3.320000e-06	6.802133e-06	1.272025e-09	3.673640e+01	1.542805e+02
3.330000e-06	6.820214e-06	1.273395e-09	3.683404e+01	1.544964e+02
3.340000e-06	6.837770e-06	1.274889e-09	3.692886e+01	1.547045e+02
3.350000e-06	6.854825e-06	1.277681e-09	3.702097e+01	1.549053e+02
3.360000e-06	6.871446e-06	1.281927e-09	3.711074e+01	1.550993e+02
3.370000e-06	6.887632e-06	1.284670e-09	3.719815e+01	1.552869e+02
3.380000e-06	6.903330e-06	1.286271e-09	3.728293e+01	1.554687e+02
3.390000e-06	6.918378e-06	1.288964e-09	3.736420e+01	1.556451e+02
3.400000e-06	6.932840e-06	1.291538e-09	3.744231e+01	1.558167e+02
3.410000e-06	6.946760e-06	1.294097e-09	3.751748e+01	1.559838e+02
3.420000e-06	6.960185e-06	1.296133e-09	3.758999e+01	1.561468e+02
3.430000e-06	6.973062e-06	1.297096e-09	3.765953e+01	1.563061e+02
3.440000e-06	6.985382e-06	1.298833e-09	3.772607e+01	1.564619e+02
3.450000e-06	6.997343e-06	1.302355e-09	3.779067e+01	1.566144e+02
3.460000e-06	7.008889e-06	1.306740e-09	3.785303e+01	1.567639e+02
3.470000e-06	7.019746e-06	1.309605e-09	3.791166e+01	1.569103e+02
3.480000e-06	7.029821e-06	1.309927e-09	3.796607e+01	1.570537e+02
3.490000e-06	7.039057e-06	1.310208e-09	3.801596e+01	1.571940e+02
3.500000e-06	7.047556e-06	1.312329e-09	3.806186e+01	1.573312e+02
3.510000e-06	7.055750e-06	1.315464e-09	3.810611e+01	1.574650e+02
3.520000e-06	7.063602e-06	1.318398e-09	3.814852e+01	1.575951e+02
3.530000e-06	7.070943e-06	1.320245e-09	3.818816e+01	1.577213e+02
3.540000e-06	7.077819e-06	1.323047e-09	3.822530e+01	1.578433e+02
3.550000e-06	7.084248e-06	1.326584e-09	3.826002e+01	1.579606e+02
3.560000e-06	7.090088e-06	1.328394e-09	3.829156e+01	1.580728e+02
3.570000e-06	7.095359e-06	1.329300e-09	3.832003e+01	1.581795e+02
3.580000e-06	7.100214e-06	1.330498e-09	3.834625e+01	1.582803e+02
3.590000e-06	7.104575e-06	1.332764e-09	3.836980e+01	1.583747e+02
3.600000e-06	7.108554e-06	1.335879e-09	3.839129e+01	1.584623e+02
3.610000e-06	7.112230e-06	1.338014e-09	3.841114e+01	1.585426e+02
3.620000e-06	7.115488e-06	1.338880e-09	3.842874e+01	1.586154e+02
3.630000e-06	7.117985e-06	1.340090e-09	3.844222e+01	1.586802e+02
3.640000e-06	7.119623e-06	1.341908e-09	3.845107e+01	1.587369e+02
3.650000e-06	7.120708e-06	1.343517e-09	3.845693e+01	1.587851e+02
3.660000e-06	7.121255e-06	1.345090e-09	3.845988e+01	1.588247e+02
3.670000e-06	7.121277e-06	1.346652e-09	3.846000e+01	1.588556e+02
3.680000e-06	7.120918e-06	1.347957e-09	3.845806e+01	1.588779e+02
3.690000e-06	7.120172e-06	1.348475e-09	3.845403e+01	1.588914e+02
3.700000e-06	7.119001e-06	1.348819e-09	3.844771e+01	1.588964e+02
3.710000e-06	7.117329e-06	1.349813e-09	3.843868e+01	1.588931e+02
3.720000e-06	7.115058e-06	1.351403e-09	3.842641e+01	1.588817e+02
3.730000e-06	7.112315e-06	1.354921e-09	3.841160e+01	1.588625e+02
3.740000e-06	7.109193e-06	1.363556e-09	3.839474e+01	1.588359e+02
3.750000e-06	7.105620e-06	1.359780e-09	3.837544e+01	1.588023e+02
3.760000e-06	7.101413e-06	1.328328e-09	3.835272e+01	1.587623e+02
3.770000e-06	7.096587e-06	1.335785e-09	3.832666e+01	1.587163e+02
3.780000e-06	7.091200e-06	1.405105e-09	3.829756e+01	1.586648e+02
3.790000e-06	7.085474e-06	1.397431e-09	3.826664e+01	1.586084e+02
3.800000e-06	7.079318e-06	1.296266e-09	3.823339e+01	1.585477e+02
3.810000e-06	7.072415e-06	1.296970e-09	3.819611e+01	1.584832e+02
3.820000e-06	7.064903e-06	1.419141e-09	3.815554e+01	1.584153e+02
3.830000e-06	7.056941e-06	1.414984e-09	3.811254e+01	1.583446e+02
3.840000e-06	7.048569e-06	1.264202e-09	3.806732e+01	1.582715e+02
3.850000e-06	7.039740e-06	1.275652e-09	3.801965e+01	1.581965e+02
3.860000e-06	7.030349e-06	1.454977e-09	3.796892e+01	1.581198e+02
3.870000e-06	7.020513e-06	1.437693e-09	3.791581e+01	1.580417e+02
3.880000e-06	7.010282e-06	1.234671e-09	3.786055e+01	1.579625e+02
3.890000e-06	6.999519e-06	1.270110e-09	3.780242e+01	1.578823e+02
3.900000e-06	6.988197e-06	1.478378e-09	3.774127e+01	1.578011e+02
3.910000e-06	6.976325e-06	1.417878e-09	3.767716e+01	1.577188e+02
3.920000e-06	6.963919e-06	1.224765e-09	3.761016e+01	1.576355e+02
3.930000e-06	6.950806e-06	1.329872e-09	3.753934e+01	1.575509e+02
3.940000e-06	6.936855e-06	1.493861e-09	3.746399e+01	1.574648e+02
3.950000e-06	6.922316e-06	1.345957e-09	3.738547e+01	1.573769e+02
3.960000e-06	6.907157e-06	1.230133e-09	3.730360e+01	1.572868e+02
3.970000e-06	6.891347e-06	1.404311e-09	3.721821e+01	1.571941e+02
3.980000e-06	6.875169e-06	1.452200e-09	3.713084e+01	1.570983e+02
3.990000e-06	6.858600e-06	1.269482e-09	3.704136e+01	1.569988e+02
4.000000e-06	6.841503e-06	1.307896e-09	3.694902e+01	1.568953e+02
4.010000e-06	6.823944e-06	1.473280e-09	3.685419e+01	1.567871e+02
4.020000e-06	6.805987e-06	1.354462e-09	3.675721e+01	1.566738e+02
4.030000e-06	6.787677e-06	1.236339e-09	3.665832e+01	1.565547e+02
4.040000e-06	6.768948e-06	1.404706e-09	3.655717e+01	1.564293e+02
4.050000e-06	6.749649e-06	1.450204e-09	3.645294e+01	1.562972e+02
4.060000e-06	6.729937e-06	1.273323e-09	3.634648e+01	1.561580e+02
4.070000e-06	6.709853e-06	1.308799e-09	3.623802e+01	1.560111e+02
4.080000e-06	6.689405e-06	1.451206e-09	3.612758e+01	1.558564e+02
4.090000e-06	6.668560e-06	1.346226e-09	3.601501e+01	1.556934e+02
4.100000e-06	6.647014e-06	1.272750e-09	3.589864e+01	1.555219e+02
4.110000e-06	6.624536e-06	1.400994e-09	3.577724e+01	1.553419e+02
4.120000e-06	6.601457e-06	1.391319e-09	3.565260e+01	1.551532e+02
4.130000e-06	6.577956e-06	1.282664e-09	3.552568e+01	1.549558e+02
4.140000e-06	6.553885e-06	1.355880e-09	3.539568e+01	1.547498e+02
4.150000e-06	6.529427e-06	1.407616e-09	3.526359e+01	1.545353e+02
4.160000e-06	6.504686e-06	1.307573e-09	3.512997e+01	1.543125e+02
4.170000e-06	6.479579e-06	1.313755e-09	3.499437e+01	1.540816e+02
4.180000e-06	6.454119e-06	1.391639e-09	3.485687e+01	1.538431e+02
4.190000e-06	6.428112e-06	1.342266e-09	3.471641e+01	1.535972e+02
4.200000e-06	6.401344e-06	1.310565e-09	3.457184e+01	1.533442e+02
4.210000e-06	6.374037e-06	1.366448e-09	3.442437e+01	1.530848e+02
4.220000e-06	6.346451e-06	1.349552e-09	3.427538e+01	1.528192e+02
4.230000e-06	6.318599e-06	1.309431e-09	3.412496e+01	1.525480e+02
4.240000e-06	6.290446e-06	1.344384e-09	3.397292e+01	1.522715e+02
4.250000e-06	6.261947e-06	1.351233e-09	3.381900e+01	1.519902e+02
4.260000e-06	6.232973e-06	1.317806e-09	3.366252e+01	1.517046e+02
4.270000e-06	6.203341e-06	1.329981e-09	3.350249e+01	1.514149e+02
4.280000e-06	6.173036e-06	1.343745e-09	3.333882e+01	1.511216e+02
4.290000e-06	6.142138e-06	1.326456e-09	3.317195e+01	1.508249e+02
4.300000e-06	6.110716e-06	1.322192e-09	3.300225e+01	1.505250e+02
4.310000e-06	6.078864e-06	1.325702e-09	3.283022e+01	1.502222e+02
4.320000e-06	6.046633e-06	1.320250e-09	3.265615e+01	1.499164e+02
4.330000e-06	6.014099e-06	1.320348e-09	3.248045e+01	1.496078e+02
4.340000e-06	5.981159e-06	1.319446e-09	3.230255e+01	1.492962e+02
4.350000e-06	5.947675e-06	1.315946e-09	3.212171e+01	1.489816e+02
4.360000e-06	5.913733e-06	1.316299e-09	3.193840e+01	1.486637e+02
4.370000e-06	5.879441e-06	1.311944e-09	3.175319e+01	1.483424e+02
4.380000e-06	5.844789e-06	1.309740e-09	3.156605e+01	1.480172e+02
4.390000e-06	5.809754e-06	1.314480e-09	3.137684e+01	1.476877e+02
4.400000e-06	5.774295e-06	1.308628e-09	3.118533e+01	1.473536e+02
4.410000e-06	5.738490e-06	1.301581e-09	3.099196e+01	1.470143e+02
4.420000e-06	5.702417e-06	1.307731e-09	3.079714e+01	1.466692e+02
4.430000e-06	5.666064e-06	1.308260e-09	3.060081e+01	1.463179e+02
4.440000e-06	5.629452e-06	1.298355e-09	3.040307e+01	1.459597e+02
4.450000e-06	5.592281e-06	1.295263e-09	3.020233e+01	1.455939e+02
4.460000e-06	5.554330e-06	1.297654e-09	2.999736e+01	1.452201e+02
4.470000e-06	5.515873e-06	1.295799e-09	2.978967e+01	1.448377e+02
4.480000e-06	5.476953e-06	1.291959e-09	2.957947e+01	1.444459e+02
4.490000e-06	5.437451e-06	1.289473e-09	2.936613e+01	1.440444e+02
4.500000e-06	5.397532e-06	1.285252e-09	2.915054e+01	1.436326e+02
4.510000e-06	5.357301e-06	1.280066e-09	2.893327e+01	1.432100e+02
4.520000e-06	5.316904e-06	1.278441e-09	2.871509e+01	1.427763e+02
4.530000e-06	5.276160e-06	1.277561e-09	2.849505e+01	1.423311e+02
4.540000e-06	5.235003e-06	1.273629e-09	2.827277e+01	1.418741e+02
4.550000e-06	5.193514e-06	1.269501e-09	2.804870e+01	1.414051e+02
4.560000e-06	5.151589e-06	1.268221e-09	2.782227e+01	1.409240e+02
4.570000e-06	5.109321e-06	1.265700e-09	2.759399e+01	1.404308e+02
4.580000e-06	5.066765e-06	1.260087e-09	2.736417e+01	1.399254e+02
4.590000e-06	5.023862e-06	1.253186e-09	2.713245e+01	1.394079e+02
4.600000e-06	4.980622e-06	1.248336e-09	2.689893e+01	1.388785e+02
4.610000e-06	4.937088e-06	1.246613e-09	2.666382e+01	1.383375e+02
4.620000e-06	4.893200e-06	1.244876e-09	2.642679e+01	1.377849e+02
4.630000e-06	4.848967e-06	1.241923e-09	2.618790e+01	1.372213e+02
4.640000e-06	4.804438e-06	1.238246e-09	2.594741e+01	1.366470e+02
4.650000e-06	4.759798e-06	1.232865e-09	2.570632e+01	1.360624e+02
4.660000e-06	4.714883e-06	1.226899e-09	2.546375e+01	1.354678e+02
4.670000e-06	4.669491e-06	1.220812e-09	2.521860e+01	1.348639e+02
4.680000e-06	4.623851e-06	1.214092e-09	2.497211e+01	1.342509e+02
4.690000e-06	4.577930e-06	1.208440e-09	2.472410e+01	1.336294e+02
4.700000e-06	4.531507e-06	1.205468e-09	2.447339e+01	1.329998e+02
4.710000e-06	4.484645e-06	1.203415e-09	2.422030e+01	1.323625e+02
4.720000e-06	4.437523e-06	1.199395e-09	2.396580e+01	1.317179e+02
4.730000e-06	4.390151e-06	1.192434e-09	2.370996e+01	1.310663e+02
4.740000e-06	4.342406e-06	1.184534e-09	2.345210e+01	1.304079e+02
4.750000e-06	4.294361e-06	1.180241e-09	2.319263e+01	1.297431e+02
4.760000e-06	4.246069e-06	1.177095e-09	2.293181e+01	1.290719e+02
4.770000e-06	4.197367e-06	1.170186e-09	2.266879e+01	1.283945e+02
4.780000e-06	4.148291e-06	1.163252e-09	2.240374e+01	1.277108e+02
4.790000e-06	4.098903e-06	1.159460e-09	2.213701e+01	1.270208e+02
4.800000e-06	4.049152e-06	1.155463e-09	2.186832e+01	1.263244e+02
4.810000e-06	3.999048e-06	1.149682e-09	2.159772e+01	1.256214e+02
4.820000e-06	3.948654e-06	1.143489e-09	2.132556e+01	1.249114e+02
4.830000e-06	3.897966e-06	1.137944e-09	2.105181e+01	1.241941e+02
4.840000e-06	3.847088e-06	1.132348e-09	2.077703e+01	1.234691e+02
4.850000e-06	3.795965e-06	1.126292e-09	2.050093e+01	1.227359e+02
4.860000e-06	3.744519e-06	1.119462e-09	2.022309e+01	1.219940e+02
4.870000e-06	3.692708e-06	1.112899e-09	1.994327e+01	1.212428e+02
4.880000e-06	3.640610e-06	1.106978e-09	1.966190e+01	1.204816e+02
4.890000e-06	3.588400e-06	1.101702e-09	1.937993e+01	1.197100e+02
4.900000e-06	3.535881e-06	1.096116e-09	1.909629e+01	1.189272e+02
4.910000e-06	3.482965e-06	1.089864e-09	1.881051e+01	1.181325e+02
4.920000e-06	3.429724e-06	1.082442e-09	1.852297e+01	1.173254e+02
4.930000e-06	3.376155e-06	1.073022e-09	1.823366e+01	1.165051e+02
4.940000e-06	3.322134e-06	1.065125e-09	1.794190e+01	1.156712e+02
4.950000e-06	3.267709e-06	1.058698e-09	1.764797e+01	1.148230e+02
4.960000e-06	3.212959e-06	1.050241e-09	1.735228e+01	1.139600e+02
4.970000e-06	3.157829e-06	1.041435e-09	1.705454e+01	1.130817e+02
4.980000e-06	3.102421e-06	1.033626e-09	1.675530e+01	1.121877e+02
4.990000e-06	3.046801e-06	1.025828e-09	1.645491e+01	1.112777e+02
5.000000e-06	2.990894e-06	1.017817e-09	1.615297e+01	1.103514e+02
5.010000e-06	2.934805e-06	1.008599e-09	1.585005e+01	1.094085e+02
5.020000e-06	2.878606e-06	9.992048e-10	1.554654e+01	1.084489e+02
5.030000e-06	2.822321e-06	9.912246e-10	1.524255e+01	1.074725e+02
5.040000e-06	2.765986e-06	9.841782e-10	1.493831e+01	1.064793e+02
5.050000e-06	2.709469e-06	9.768649e-10	1.463308e+01	1.054694e+02
5.060000e-06	2.652712e-06	9.686983e-10	1.432655e+01	1.044428e+02
5.070000e-06	2.595778e-06	9.588388e-10	1.401906e+01	1.033997e+02
5.080000e-06	2.538684e-06	9.490559e-10	1.371071e+01	1.023403e+02
5.090000e-06	2.481497e-06	9.402260e-10	1.340186e+01	1.012647e+02
5.100000e-06	2.424239e-06	9.300321e-10	1.309263e+01	1.001733e+02
5.110000e-06	2.366713e-06	9.188497e-10	1.278195e+01	9.906623e+01
5.120000e-06	2.308811e-06	9.086530e-10	1.246923e+01	9.794372e+01
5.130000e-06	2.250702e-06	8.992604e-10	1.215541e+01	9.680599e+01
5.140000e-06	2.192490e-06	8.900921e-10	1.184102e+01	9.565322e+01
5.150000e-06	2.134137e-06	8.804219e-10	1.152587e+01	9.448552e+01
5.160000e-06	2.075642e-06	8.692671e-10	1.120995e+01	9.330296e+01
5.170000e-06	2.017029e-06	8.574318e-10	1.089340e+01	9.210554e+01
5.180000e-06	1.958272e-06	8.464147e-10	1.057608e+01	9.089317e+01
5.190000e-06	1.899326e-06	8.352542e-10	1.025772e+01	8.966565e+01
5.200000e-06	1.840250e-06	8.232650e-10	9.938668e+00	8.842271e+01
5.210000e-06	1.781076e-06	8.117005e-10	9.619090e+00	8.716393e+01
5.220000e-06	1.721803e-06	7.999531e-10	9.298971e+00	8.588882e+01
5.230000e-06	1.662337e-06	7.883640e-10	8.977812e+00	8.459672e+01
5.240000e-06	1.602719e-06	7.768949e-10	8.655830e+00	8.328689e+01
5.250000e-06	1.543061e-06	7.637216e-10	8.333635e+00	8.195845e+01
5.260000e-06	1.483267e-06	7.501797e-10	8.010704e+00	8.061041e+01
5.270000e-06	1.423380e-06	7.381145e-10	7.687271e+00	7.924166e+01
5.280000e-06	1.363460e-06	7.265527e-10	7.363662e+00	7.785099e+01
5.290000e-06	1.303493e-06	7.141346e-10	7.039797e+00	7.643710e+01
5.300000e-06	1.243510e-06	6.997911e-10	6.715845e+00	7.499860e+01
5.310000e-06	1.183441e-06	6.842142e-10	6.391432e+00	7.353404e+01
5.320000e-06	1.123305e-06	6.693543e-10	6.066650e+00	7.204191e+01
5.330000e-06	1.063077e-06	6.562579e-10	5.741376e+00	7.052069e+01
5.340000e-06	1.002801e-06	6.442826e-10	5.415842e+00	6.896881e+01
5.350000e-06	9.425541e-07	6.313658e-10	5.090468e+00	6.738473e+01
5.360000e-06	8.822240e-07	6.163811e-10	4.764642e+00	6.576694e+01
5.370000e-06	8.218844e-07	6.007695e-10	4.438765e+00	6.411397e+01
5.380000e-06	7.614874e-07	5.852314e-10	4.112578e+00	6.242443e+01
5.390000e-06	7.010476e-07	5.688710e-10	3.786160e+00	6.069703e+01
5.400000e-06	6.406253e-07	5.519330e-10	3.459836e+00	5.893057e+01
5.410000e-06	5.801617e-07	5.350494e-10	3.133289e+00	5.712403e+01
5.420000e-06	5.196881e-07	5.187081e-10	2.806688e+00	5.527652e+01
5.430000e-06	4.591424e-07	5.029370e-10	2.479698e+00	5.338735e+01
5.440000e-06	3.984934e-07	4.863511e-10	2.152150e+00	5.145599e+01
5.450000e-06	3.378363e-07	4.670387e-10	1.824558e+00	4.948216e+01
5.460000e-06	2.772503e-07	4.468552e-10	1.497351e+00	4.746577e+01
5.470000e-06	2.166391e-07	4.279741e-10	1.170006e+00	4.540699e+01
5.480000e-06	1.560264e-07	4.096912e-10	8.426543e-01	4.330620e+01
5.490000e-06	9.537221e-08	3.909309e-10	5.150783e-01	4.116406e+01
5.500000e-06	3.468178e-08	3.706493e-10	1.873065e-01	3.898144e+01
5.510000e-06	-2.591111e-08	3.480895e-10	-1.399386e-01	3.675948e+01
5.520000e-06	-8.650767e-08	3.255904e-10	-4.672035e-01	3.449956e+01
5.530000e-06	-1.471916e-07	3.048115e-10	-7.949399e-01	3.220327e+01
5.540000e-06	-2.078388e-07	2.838994e-10	-1.122478e+00	2.987244e+01
5.550000e-06	-2.684384e-07	2.628152e-10	-1.449760e+00	2.750912e+01
5.560000e-06	-3.290392e-07	2.419461e-10	-1.777048e+00	2.511553e+01
5.570000e-06	-3.896248e-07	2.195628e-10	-2.104253e+00	2.269409e+01
5.580000e-06	-4.502738e-07	1.958377e-10	-2.431801e+00	2.024735e+01
5.590000e-06	-5.108846e-07	1.718363e-10	-2.759143e+00	1.777802e+01
5.600000e-06	-5.713681e-07	1.482935e-10	-3.085797e+00	1.528891e+01
5.610000e-06	-6.318273e-07	1.254349e-10	-3.412321e+00	1.278291e+01
5.620000e-06	-6.922351e-07	1.030066e-10	-3.738566e+00	1.026299e+01
5.630000e-06	-7.525727e-07	8.088781e-11	-4.064432e+00	7.732139e+00
5.640000e-06	-8.128300e-07	5.767083e-11	-4.389865e+00	5.193369e+00
5.650000e-06	-8.730360e-07	3.318965e-11	-4.715020e+00	2.649669e+00
5.660000e-06	-9.332572e-07	8.463063e-12	-5.040258e+00	1.039949e-01
5.670000e-06	-9.934950e-07	-1.497712e-11	-5.365585e+00	-2.440762e+00
5.680000e-06	-1.053685e-06	-3.649553e-11	-5.690656e+00	-4.981793e+00
5.690000e-06	-1.113819e-06	-5.800628e-11	-6.015423e+00	-7.516395e+00
5.700000e-06	-1.173929e-06	-8.115774e-11	-6.340058e+00	-1.004199e+01
5.710000e-06	-1.233979e-06	-1.048510e-10	-6.664372e+00	-1.255612e+01
5.720000e-06	-1.294059e-06	-1.278713e-10	-6.988847e+00	-1.505652e+01
5.730000e-06	-1.354104e-06	-1.507147e-10	-7.313131e+00	-1.754105e+01
5.740000e-06	-1.414008e-06	-1.729149e-10	-7.636659e+00	-2.000775e+01
5.750000e-06	-1.473855e-06	-1.947822e-10	-7.959873e+00	-2.245486e+01
5.760000e-06	-1.533616e-06	-2.177426e-10	-8.282627e+00	-2.488077e+01
5.770000e-06	-1.593218e-06	-2.406743e-10	-8.604520e+00	-2.728409e+01
5.780000e-06	-1.652738e-06	-2.632082e-10	-8.925969e+00	-2.966357e+01
5.790000e-06	-1.712171e-06	-2.860088e-10	-9.246953e+00	-3.201816e+01
5.800000e-06	-1.771457e-06	-3.088931e-10	-9.567139e+00	-3.434699e+01
5.810000e-06	-1.830527e-06	-3.304893e-10	-9.886158e+00	-3.664932e+01
5.820000e-06	-1.889441e-06	-3.502634e-10	-1.020434e+01	-3.892459e+01
5.830000e-06	-1.948314e-06	-3.705369e-10	-1.052229e+01	-4.117236e+01
5.840000e-06	-2.007044e-06	-3.925733e-10	-1.083948e+01	-4.339233e+01
5.850000e-06	-2.065589e-06	-4.142943e-10	-1.115566e+01	-4.558430e+01
5.860000e-06	-2.123989e-06	-4.336164e-10	-1.147106e+01	-4.774818e+01
5.870000e-06	-2.182293e-06	-4.523198e-10	-1.178595e+01	-4.988395e+01
5.880000e-06	-2.240411e-06	-4.721434e-10	-1.209983e+01	-5.199167e+01
5.890000e-06	-2.298296e-06	-4.912338e-10	-1.241245e+01	-5.407145e+01
5.900000e-06	-2.356023e-06	-5.101188e-10	-1.272421e+01	-5.612342e+01
5.910000e-06	-2.413538e-06	-5.300265e-10	-1.303484e+01	-5.814777e+01
5.920000e-06	-2.470703e-06	-5.488198e-10	-1.334357e+01	-6.014466e+01
5.930000e-06	-2.527682e-06	-5.677504e-10	-1.365130e+01	-6.211429e+01
5.940000e-06	-2.584640e-06	-5.878523e-10	-1.395891e+01	-6.405682e+01
5.950000e-06	-2.641345e-06	-6.072797e-10	-1.426516e+01	-6.597243e+01
5.960000e-06	-2.697815e-06	-6.249028e-10	-1.457013e+01	-6.786122e+01
5.970000e-06	-2.754173e-06	-6.414537e-10	-1.487451e+01	-6.972332e+01
5.980000e-06	-2.810374e-06	-6.582244e-10	-1.517803e+01	-7.155879e+01
5.990000e-06	-2.866541e-06	-6.750214e-10	-1.548137e+01	-7.336767e+01
6.000000e-06	-2.922645e-06	-6.915198e-10	-1.578438e+01	-7.514996e+01
6.010000e-06	-2.978644e-06	-7.075169e-10	-1.608681e+01	-7.690563e+01
6.020000e-06	-3.034491e-06	-7.224782e-10	-1.638842e+01	-7.863462e+01
6.030000e-06	-3.090048e-06	-7.373658e-10	-1.668847e+01	-8.033683e+01
6.040000e-06	-3.145286e-06	-7.534565e-10	-1.698680e+01	-8.201217e+01
6.050000e-06	-3.200099e-06	-7.690823e-10	-1.728283e+01	-8.366050e+01
6.060000e-06	-3.254398e-06	-7.837593e-10	-1.757608e+01	-8.528169e+01
6.070000e-06	-3.308338e-06	-7.977838e-10	-1.786740e+01	-8.687560e+01
6.080000e-06	-3.362045e-06	-8.113014e-10	-1.815745e+01	-8.844211e+01
6.090000e-06	-3.415411e-06	-8.263615e-10	-1.844567e+01	-8.998109e+01
6.100000e-06	-3.468358e-06	-8.424036e-10	-1.873162e+01	-9.149245e+01
6.110000e-06	-3.520968e-06	-8.562354e-10	-1.901575e+01	-9.297612e+01
6.120000e-06	-3.573395e-06	-8.688333e-10	-1.929890e+01	-9.443206e+01
6.130000e-06	-3.625632e-06	-8.825433e-10	-1.958101e+01	-9.586026e+01
6.140000e-06	-3.677641e-06	-8.962716e-10	-1.986190e+01	-9.726079e+01
6.150000e-06	-3.729306e-06	-9.090458e-10	-2.014093e+01	-9.863372e+01
6.160000e-06	-3.780605e-06	-9.207979e-10	-2.041798e+01	-9.997920e+01
6.170000e-06	-3.831713e-06	-9.320341e-10	-2.069400e+01	-1.012974e+02
6.180000e-06	-3.882598e-06	-9.441563e-10	-2.096881e+01	-1.025886e+02
6.190000e-06	-3.933219e-06	-9.569842e-10	-2.124220e+01	-1.038531e+02
6.200000e-06	-3.983388e-06	-9.688214e-10	-2.151315e+01	-1.050913e+02
6.210000e-06	-4.032994e-06	-9.796974e-10	-2.178106e+01	-1.063035e+02
6.220000e-06	-4.082352e-06	-9.894504e-10	-2.204763e+01	-1.074901e+02
6.230000e-06	-4.131510e-06	-9.982686e-10	-2.231312e+01	-1.086517e+02
6.240000e-06	-4.180180e-06	-1.007973e-09	-2.257597e+01	-1.097888e+02
6.250000e-06	-4.228420e-06	-1.018040e-09	-2.283650e+01	-1.109019e+02
6.260000e-06	-4.276276e-06	-1.027113e-09	-2.309496e+01	-1.119915e+02
6.270000e-06	-4.323628e-06	-1.035738e-09	-2.335069e+01	-1.130583e+02
6.280000e-06	-4.370712e-06	-1.045750e-09	-2.360498e+01	-1.141028e+02
6.290000e-06	-4.417462e-06	-1.055940e-09	-2.385746e+01	-1.151257e+02
6.300000e-06	-4.463926e-06	-1.064484e-09	-2.410840e+01	-1.161275e+02
6.310000e-06	-4.510279e-06	-1.073244e-09	-2.435874e+01	-1.171088e+02
6.320000e-06	-4.556283e-06	-1.082741e-09	-2.460720e+01	-1.180701e+02
6.330000e-06	-4.601935e-06	-1.093115e-09	-2.485375e+01	-1.190121e+02
6.340000e-06	-4.647265e-06	-1.102559e-09	-2.509856e+01	-1.199352e+02
6.350000e-06	-4.692252e-06	-1.109246e-09	-2.534153e+01	-1.208400e+02
6.360000e-06	-4.736979e-06	-1.115371e-09	-2.558308e+01	-1.217268e+02
6.370000e-06	-4.781384e-06	-1.121436e-09	-2.582290e+01	-1.225963e+02
6.380000e-06	-4.825543e-06	-1.128555e-09	-2.606139e+01	-1.234487e+02
6.390000e-06	-4.869560e-06	-1.136981e-09	-2.629912e+01	-1.242845e+02
6.400000e-06	-4.913405e-06	-1.143848e-09	-2.653591e+01	-1.251041e+02
6.410000e-06	-4.956927e-06	-1.149979e-09	-2.677096e+01	-1.259077e+02
6.420000e-06	-5.000096e-06	-1.158635e-09	-2.700410e+01	-1.266957e+02
6.430000e-06	-5.042908e-06	-1.167555e-09	-2.723532e+01	-1.274684e+02
6.440000e-06	-5.085319e-06	-1.173534e-09	-2.746437e+01	-1.282261e+02
6.450000e-06	-5.127493e-06	-1.177362e-09	-2.769214e+01	-1.289690e+02
6.460000e-06	-5.169392e-06	-1.181957e-09	-2.791842e+01	-1.296974e+02
6.470000e-06	-5.210809e-06	-1.189838e-09	-2.814211e+01	-1.304116e+02
6.480000e-06	-5.251718e-06	-1.198373e-09	-2.836304e+01	-1.311118e+02
6.490000e-06	-5.292360e-06	-1.204320e-09	-2.858254e+01	-1.317983e+02
6.500000e-06	-5.332800e-06	-1.208085e-09	-2.880094e+01	-1.324714e+02
6.510000e-06	-5.372930e-06	-1.211878e-09	-2.901767e+01	-1.331314e+02
6.520000e-06	-5.412759e-06	-1.217745e-09	-2.923278e+01	-1.337785e+02
6.530000e-06	-5.452226e-06	-1.223583e-09	-2.944593e+01	-1.344132e+02
6.540000e-06	-5.491288e-06	-1.227018e-09	-2.965689e+01	-1.350357e+02
6.550000e-06	-5.529730e-06	-1.231229e-09	-2.986451e+01	-1.356464e+02
6.560000e-06	-5.567436e-06	-1.238006e-09	-3.006814e+01	-1.362456e+02
6.570000e-06	-5.604649e-06	-1.243878e-09	-3.026912e+01	-1.368338e+02
6.580000e-06	-5.641464e-06	-1.247278e-09	-3.046795e+01	-1.374114e+02
6.590000e-06	-5.677857e-06	-1.249570e-09	-3.066450e+01	-1.379787e+02
6.600000e-06	-5.713826e-06	-1.253195e-09	-3.085876e+01	-1.385361e+02
6.610000e-06	-5.749537e-06	-1.258840e-09	-3.105162e+01	-1.390841e+02
6.620000e-06	-5.784988e-06	-1.263908e-09	-3.124308e+01	-1.396231e+02
6.630000e-06	-5.820025e-06	-1.267371e-09	-3.143231e+01	-1.401534e+02
6.640000e-06	-5.854692e-06	-1.269863e-09	-3.161953e+01	-1.406754e+02
6.650000e-06	-5.888973e-06	-1.272478e-09	-3.180468e+01	-1.411895e+02
6.660000e-06	-5.922889e-06	-1.276613e-09	-3.198785e+01	-1.416960e+02
6.670000e-06	-5.956344e-06	-1.281206e-09	-3.216853e+01	-1.421951e+02
6.680000e-06	-5.989217e-06	-1.284389e-09	-3.234607e+01	-1.426872e+02
6.690000e-06	-6.021694e-06	-1.286967e-09	-3.252147e+01	-1.431724e+02
6.700000e-06	-6.053949e-06	-1.290558e-09	-3.269566e+01	-1.436509e+02
6.710000e-06	-6.085945e-06	-1.294696e-09	-3.286847e+01	-1.441228e+02
6.720000e-06	-6.117467e-06	-1.298334e-09	-3.303871e+01	-1.445882e+02
6.730000e-06	-6.148360e-06	-1.300861e-09	-3.320555e+01	-1.450470e+02
6.740000e-06	-6.178535e-06	-1.303171e-09	-3.336852e+01	-1.454993e+02
6.750000e-06	-6.208149e-06	-1.306539e-09	-3.352845e+01	-1.459449e+02
6.760000e-06	-6.237280e-06	-1.310588e-09	-3.368578e+01	-1.463838e+02
6.770000e-06	-6.265881e-06	-1.313759e-09	-3.384025e+01	-1.468156e+02
6.780000e-06	-6.294155e-06	-1.315398e-09	-3.399295e+01	-1.472403e+02
6.790000e-06	-6.322161e-06	-1.317458e-09	-3.414420e+01	-1.476575e+02
6.800000e-06	-6.349741e-06	-1.319651e-09	-3.429315e+01	-1.480669e+02
6.810000e-06	-6.376783e-06	-1.322222e-09	-3.443920e+01	-1.484684e+02
6.820000e-06	-6.403434e-06	-1.324821e-09	-3.458313e+01	-1.488615e+02
6.830000e-06	-6.429741e-06	-1.326331e-09	-3.472521e+01	-1.492459e+02
6.840000e-06	-6.455498e-06	-1.328948e-09	-3.486431e+01	-1.496213e+02
6.850000e-06	-6.480709e-06	-1.332255e-09	-3.500048e+01	-1.499875e+02
6.860000e-06	-6.505425e-06	-1.334711e-09	-3.513396e+01	-1.503441e+02
6.870000e-06	-6.529720e-06	-1.336185e-09	-3.526517e+01	-1.506908e+02
6.880000e-06	-6.553828e-06	-1.338136e-09	-3.539537e+01	-1.510276e+02
6.890000e-06	-6.577635e-06	-1.342146e-09	-3.552394e+01	-1.513541e+02
6.900000e-06	-6.600912e-06	-1.344922e-09	-3.564965e+01	-1.516704e+02
6.910000e-06	-6.623600e-06	-1.345594e-09	-3.577219e+01	-1.519762e+02
6.920000e-06	-6.645614e-06	-1.346179e-09	-3.589108e+01	-1.522716e+02
6.930000e-06	-6.666930e-06	-1.346860e-09	-3.600620e+01	-1.525566e+02
6.940000e-06	-6.687720e-06	-1.348429e-09	-3.611848e+01	-1.528314e+02
6.950000e-06	-6.708048e-06	-1.350724e-09	-3.622827e+01	-1.530960e+02
6.960000e-06	-6.727922e-06	-1.352052e-09	-3.633560e+01	-1.533508e+02
6.970000e-06	-6.747370e-06	-1.352603e-09	-3.644063e+01	-1.535960e+02
6.980000e-06	-6.766396e-06	-1.352999e-09	-3.654339e+01	-1.538320e+02
6.990000e-06	-6.784992e-06	-1.353628e-09	-3.664382e+01	-1.540591e+02
7.000000e-06	-6.803230e-06	-1.355261e-09	-3.674232e+01	-1.542777e+02
7.010000e-06	-6.821016e-06	-1.356210e-09	-3.683838e+01	-1.544884e+02
7.020000e-06	-6.838268e-06	-1.356332e-09	-3.693155e+01	-1.546915e+02
7.030000e-06	-6.855124e-06	-1.357302e-09	-3.702259e+01	-1.548877e+02
7.040000e-06	-6.871547e-06	-1.359243e-09	-3.711128e+01	-1.550773e+02
7.050000e-06	-6.887599e-06	-1.361020e-09	-3.719797e+01	-1.552610e+02
7.060000e-06	-6.903162e-06	-1.362161e-09	-3.728202e+01	-1.554391e+02
7.070000e-06	-6.917996e-06	-1.362292e-09	-3.736214e+01	-1.556122e+02
7.080000e-06	-6.932076e-06	-1.361878e-09	-3.743818e+01	-1.557807e+02
7.090000e-06	-6.945428e-06	-1.362962e-09	-3.751029e+01	-1.559451e+02
7.100000e-06	-6.958150e-06	-1.365040e-09	-3.757900e+01	-1.561055e+02
7.110000e-06	-6.970332e-06	-1.366798e-09	-3.764479e+01	-1.562624e+02
7.120000e-06	-6.982059e-06	-1.367049e-09	-3.770812e+01	-1.564160e+02
7.130000e-06	-6.993285e-06	-1.367250e-09	-3.776875e+01	-1.565664e+02
7.140000e-06	-7.003995e-06	-1.369029e-09	-3.782660e+01	-1.567138e+02
7.150000e-06	-7.014261e-06	-1.368700e-09	-3.788204e+01	-1.568582e+02
7.160000e-06	-7.024067e-06	-1.366524e-09	-3.793500e+01	-1.569996e+02
7.170000e-06	-7.033372e-06	-1.365602e-09	-3.798525e+01	-1.571378e+02
7.180000e-06	-7.042153e-06	-1.365999e-09	-3.803268e+01	-1.572727e+02
7.190000e-06	-7.050503e-06	-1.366189e-09	-3.807777e+01	-1.574041e+02
7.200000e-06	-7.058473e-06	-1.366028e-09	-3.812082e+01	-1.575316e+02
7.210000e-06	-7.065989e-06	-1.366473e-09	-3.816141e+01	-1.576550e+02
7.220000e-06	-7.072926e-06	-1.366297e-09	-3.819887e+01	-1.577739e+02
7.230000e-06	-7.079282e-06	-1.365039e-09	-3.823320e+01	-1.578878e+02
7.240000e-06	-7.084990e-06	-1.363627e-09	-3.826402e+01	-1.579964e+02
7.250000e-06	-7.089943e-06	-1.362098e-09	-3.829077e+01	-1.580992e+02
7.260000e-06	-7.094334e-06	-1.361031e-09	-3.831449e+01	-1.581957e+02
7.270000e-06	-7.098361e-06	-1.360477e-09	-3.833624e+01	-1.582856e+02
7.280000e-06	-7.101968e-06	-1.360894e-09	-3.835572e+01	-1.583684e+02
7.290000e-06	-7.105246e-06	-1.362126e-09	-3.837342e+01	-1.584437e+02
7.300000e-06	-7.108125e-06	-1.362659e-09	-3.838897e+01	-1.585112e+02
7.310000e-06	-7.110461e-06	-1.362037e-09	-3.840158e+01	-1.585706e+02
7.320000e-06	-7.112267e-06	-1.360697e-09	-3.841134e+01	-1.586216e+02
7.330000e-06	-7.113558e-06	-1.360479e-09	-3.841831e+01	-1.586641e+02
7.340000e-06	-7.114391e-06	-1.361296e-09	-3.842281e+01	-1.586979e+02
