# Temperatura_=_20.0
# Concentracion g/m^3_=_7400.0
# C_Vs_to_Am_M_A/Vsm_=_116720831517.84952
# pendiente_HvsI_1/m_=_3716.3
# ordenada_HvsI_A/m_=_1297.0
# frecuencia_Hz_=_136110.6589863618

Tiempo_(s)	Campo_(V.s)	Magnetizacion_(V.s)	Campo_(kA/m)	Magnetizacion_(A/m)
0.000000e+00	-7.102906e-06	-1.443305e-09	-3.842510e+01	-1.671836e+02
1.000000e-08	-7.103171e-06	-1.443425e-09	-3.842653e+01	-1.672066e+02
2.000000e-08	-7.103063e-06	-1.444818e-09	-3.842595e+01	-1.672237e+02
3.000000e-08	-7.102542e-06	-1.444908e-09	-3.842313e+01	-1.672350e+02
4.000000e-08	-7.101437e-06	-1.443855e-09	-3.841716e+01	-1.672402e+02
5.000000e-08	-7.099513e-06	-1.443163e-09	-3.840675e+01	-1.672392e+02
6.000000e-08	-7.096736e-06	-1.443333e-09	-3.839173e+01	-1.672318e+02
7.000000e-08	-7.093322e-06	-1.441693e-09	-3.837326e+01	-1.672178e+02
8.000000e-08	-7.089597e-06	-1.445432e-09	-3.835310e+01	-1.671972e+02
9.000000e-08	-7.085426e-06	-1.456182e-09	-3.833054e+01	-1.671696e+02
1.000000e-07	-7.080431e-06	-1.431631e-09	-3.830352e+01	-1.671350e+02
1.100000e-07	-7.074715e-06	-1.374826e-09	-3.827260e+01	-1.670933e+02
1.200000e-07	-7.068678e-06	-1.418877e-09	-3.823994e+01	-1.670444e+02
1.300000e-07	-7.062391e-06	-1.523795e-09	-3.820593e+01	-1.669882e+02
1.400000e-07	-7.055722e-06	-1.474172e-09	-3.816985e+01	-1.669247e+02
1.500000e-07	-7.048422e-06	-1.335842e-09	-3.813036e+01	-1.668540e+02
1.600000e-07	-7.040677e-06	-1.391955e-09	-3.808846e+01	-1.667761e+02
1.700000e-07	-7.032760e-06	-1.552724e-09	-3.804563e+01	-1.666911e+02
1.800000e-07	-7.024295e-06	-1.458481e-09	-3.799983e+01	-1.665992e+02
1.900000e-07	-7.015104e-06	-1.271394e-09	-3.795012e+01	-1.665006e+02
2.000000e-07	-7.005243e-06	-1.391150e-09	-3.789677e+01	-1.663955e+02
2.100000e-07	-6.994870e-06	-1.590543e-09	-3.784065e+01	-1.662842e+02
2.200000e-07	-6.983920e-06	-1.449771e-09	-3.778141e+01	-1.661670e+02
2.300000e-07	-6.972216e-06	-1.270989e-09	-3.771810e+01	-1.660442e+02
2.400000e-07	-6.959949e-06	-1.416551e-09	-3.765174e+01	-1.659162e+02
2.500000e-07	-6.947105e-06	-1.536033e-09	-3.758226e+01	-1.657835e+02
2.600000e-07	-6.933781e-06	-1.374246e-09	-3.751018e+01	-1.656462e+02
2.700000e-07	-6.919988e-06	-1.322309e-09	-3.743556e+01	-1.655049e+02
2.800000e-07	-6.905476e-06	-1.482419e-09	-3.735705e+01	-1.653598e+02
2.900000e-07	-6.890095e-06	-1.456896e-09	-3.727384e+01	-1.652114e+02
3.000000e-07	-6.874014e-06	-1.320321e-09	-3.718685e+01	-1.650599e+02
3.100000e-07	-6.857429e-06	-1.405318e-09	-3.709713e+01	-1.649056e+02
3.200000e-07	-6.840494e-06	-1.479219e-09	-3.700551e+01	-1.647488e+02
3.300000e-07	-6.823196e-06	-1.330669e-09	-3.691194e+01	-1.645898e+02
3.400000e-07	-6.805484e-06	-1.332219e-09	-3.681612e+01	-1.644285e+02
3.500000e-07	-6.787312e-06	-1.502752e-09	-3.671781e+01	-1.642652e+02
3.600000e-07	-6.768627e-06	-1.424371e-09	-3.661673e+01	-1.640999e+02
3.700000e-07	-6.749474e-06	-1.267574e-09	-3.651312e+01	-1.639325e+02
3.800000e-07	-6.729916e-06	-1.394650e-09	-3.640731e+01	-1.637631e+02
3.900000e-07	-6.710033e-06	-1.482042e-09	-3.629975e+01	-1.635914e+02
4.000000e-07	-6.689770e-06	-1.327346e-09	-3.619013e+01	-1.634173e+02
4.100000e-07	-6.669031e-06	-1.319773e-09	-3.607794e+01	-1.632406e+02
4.200000e-07	-6.647685e-06	-1.453978e-09	-3.596246e+01	-1.630610e+02
4.300000e-07	-6.625816e-06	-1.387602e-09	-3.584415e+01	-1.628780e+02
4.400000e-07	-6.603623e-06	-1.307332e-09	-3.572409e+01	-1.626915e+02
4.500000e-07	-6.580970e-06	-1.401826e-09	-3.560155e+01	-1.625011e+02
4.600000e-07	-6.557745e-06	-1.397594e-09	-3.547591e+01	-1.623062e+02
4.700000e-07	-6.534193e-06	-1.306736e-09	-3.534849e+01	-1.621065e+02
4.800000e-07	-6.510356e-06	-1.371963e-09	-3.521954e+01	-1.619016e+02
4.900000e-07	-6.486186e-06	-1.418753e-09	-3.508879e+01	-1.616912e+02
5.000000e-07	-6.461522e-06	-1.323531e-09	-3.495536e+01	-1.614746e+02
5.100000e-07	-6.436205e-06	-1.322620e-09	-3.481840e+01	-1.612518e+02
5.200000e-07	-6.410024e-06	-1.391113e-09	-3.467677e+01	-1.610221e+02
5.300000e-07	-6.382985e-06	-1.345230e-09	-3.453050e+01	-1.607855e+02
5.400000e-07	-6.355501e-06	-1.311548e-09	-3.438181e+01	-1.605415e+02
5.500000e-07	-6.327801e-06	-1.360376e-09	-3.423196e+01	-1.602901e+02
5.600000e-07	-6.299841e-06	-1.348280e-09	-3.408071e+01	-1.600309e+02
5.700000e-07	-6.271428e-06	-1.313988e-09	-3.392700e+01	-1.597639e+02
5.800000e-07	-6.242515e-06	-1.340600e-09	-3.377058e+01	-1.594889e+02
5.900000e-07	-6.213134e-06	-1.339890e-09	-3.361164e+01	-1.592061e+02
6.000000e-07	-6.183406e-06	-1.309852e-09	-3.345082e+01	-1.589153e+02
6.100000e-07	-6.153394e-06	-1.324465e-09	-3.328846e+01	-1.586166e+02
6.200000e-07	-6.122788e-06	-1.333843e-09	-3.312289e+01	-1.583102e+02
6.300000e-07	-6.091538e-06	-1.313543e-09	-3.295383e+01	-1.579961e+02
6.400000e-07	-6.060042e-06	-1.313441e-09	-3.278344e+01	-1.576745e+02
6.500000e-07	-6.028407e-06	-1.316065e-09	-3.261231e+01	-1.573457e+02
6.600000e-07	-5.996547e-06	-1.303556e-09	-3.243995e+01	-1.570096e+02
6.700000e-07	-5.964285e-06	-1.305176e-09	-3.226542e+01	-1.566667e+02
6.800000e-07	-5.931364e-06	-1.306782e-09	-3.208733e+01	-1.563169e+02
6.900000e-07	-5.897595e-06	-1.295132e-09	-3.190465e+01	-1.559606e+02
7.000000e-07	-5.863109e-06	-1.292519e-09	-3.171809e+01	-1.555978e+02
7.100000e-07	-5.828220e-06	-1.290248e-09	-3.152934e+01	-1.552287e+02
7.200000e-07	-5.792981e-06	-1.279777e-09	-3.133871e+01	-1.548533e+02
7.300000e-07	-5.757355e-06	-1.279445e-09	-3.114598e+01	-1.544717e+02
7.400000e-07	-5.721449e-06	-1.279132e-09	-3.095173e+01	-1.540840e+02
7.500000e-07	-5.685298e-06	-1.269933e-09	-3.075617e+01	-1.536900e+02
7.600000e-07	-5.648797e-06	-1.268523e-09	-3.055871e+01	-1.532897e+02
7.700000e-07	-5.611954e-06	-1.270326e-09	-3.035939e+01	-1.528829e+02
7.800000e-07	-5.574699e-06	-1.262177e-09	-3.015785e+01	-1.524695e+02
7.900000e-07	-5.536961e-06	-1.253587e-09	-2.995370e+01	-1.520492e+02
8.000000e-07	-5.498665e-06	-1.250232e-09	-2.974653e+01	-1.516218e+02
8.100000e-07	-5.459776e-06	-1.245365e-09	-2.953614e+01	-1.511868e+02
8.200000e-07	-5.420575e-06	-1.242114e-09	-2.932407e+01	-1.507441e+02
8.300000e-07	-5.381224e-06	-1.240694e-09	-2.911120e+01	-1.502932e+02
8.400000e-07	-5.341628e-06	-1.235760e-09	-2.889699e+01	-1.498337e+02
8.500000e-07	-5.301798e-06	-1.229501e-09	-2.868152e+01	-1.493652e+02
8.600000e-07	-5.261670e-06	-1.225704e-09	-2.846444e+01	-1.488875e+02
8.700000e-07	-5.221185e-06	-1.221234e-09	-2.824542e+01	-1.483999e+02
8.800000e-07	-5.180282e-06	-1.215275e-09	-2.802415e+01	-1.479023e+02
8.900000e-07	-5.138786e-06	-1.208239e-09	-2.779966e+01	-1.473942e+02
9.000000e-07	-5.096705e-06	-1.201647e-09	-2.757201e+01	-1.468754e+02
9.100000e-07	-5.054006e-06	-1.197529e-09	-2.734102e+01	-1.463456e+02
9.200000e-07	-5.010712e-06	-1.193944e-09	-2.710681e+01	-1.458046e+02
9.300000e-07	-4.967154e-06	-1.188072e-09	-2.687117e+01	-1.452522e+02
9.400000e-07	-4.923416e-06	-1.181626e-09	-2.663456e+01	-1.446883e+02
9.500000e-07	-4.879404e-06	-1.176975e-09	-2.639646e+01	-1.441129e+02
9.600000e-07	-4.835047e-06	-1.173154e-09	-2.615650e+01	-1.435260e+02
9.700000e-07	-4.790418e-06	-1.167701e-09	-2.591507e+01	-1.429276e+02
9.800000e-07	-4.745591e-06	-1.160822e-09	-2.567256e+01	-1.423180e+02
9.900000e-07	-4.700306e-06	-1.153852e-09	-2.542758e+01	-1.416972e+02
1.000000e-06	-4.654487e-06	-1.148101e-09	-2.517971e+01	-1.410656e+02
1.010000e-06	-4.608354e-06	-1.144468e-09	-2.493015e+01	-1.404234e+02
1.020000e-06	-4.562041e-06	-1.140771e-09	-2.467960e+01	-1.397709e+02
1.030000e-06	-4.515380e-06	-1.135065e-09	-2.442718e+01	-1.391084e+02
1.040000e-06	-4.468187e-06	-1.128761e-09	-2.417187e+01	-1.384365e+02
1.050000e-06	-4.420741e-06	-1.124182e-09	-2.391520e+01	-1.377553e+02
1.060000e-06	-4.373132e-06	-1.119243e-09	-2.365765e+01	-1.370653e+02
1.070000e-06	-4.325218e-06	-1.113375e-09	-2.339845e+01	-1.363667e+02
1.080000e-06	-4.277120e-06	-1.106731e-09	-2.313824e+01	-1.356601e+02
1.090000e-06	-4.228766e-06	-1.098829e-09	-2.287666e+01	-1.349455e+02
1.100000e-06	-4.179968e-06	-1.092177e-09	-2.261268e+01	-1.342233e+02
1.110000e-06	-4.130856e-06	-1.087508e-09	-2.234699e+01	-1.334936e+02
1.120000e-06	-4.081307e-06	-1.081259e-09	-2.207894e+01	-1.327566e+02
1.130000e-06	-4.031165e-06	-1.073757e-09	-2.180768e+01	-1.320123e+02
1.140000e-06	-3.980618e-06	-1.066871e-09	-2.153424e+01	-1.312607e+02
1.150000e-06	-3.929628e-06	-1.060488e-09	-2.125839e+01	-1.305017e+02
1.160000e-06	-3.878392e-06	-1.053679e-09	-2.098122e+01	-1.297350e+02
1.170000e-06	-3.826985e-06	-1.045868e-09	-2.070312e+01	-1.289605e+02
1.180000e-06	-3.775204e-06	-1.038108e-09	-2.042299e+01	-1.281778e+02
1.190000e-06	-3.723154e-06	-1.031168e-09	-2.014142e+01	-1.273865e+02
1.200000e-06	-3.670795e-06	-1.024830e-09	-1.985817e+01	-1.265861e+02
1.210000e-06	-3.618070e-06	-1.018568e-09	-1.957293e+01	-1.257761e+02
1.220000e-06	-3.565114e-06	-1.011057e-09	-1.928645e+01	-1.249558e+02
1.230000e-06	-3.511888e-06	-1.003110e-09	-1.899851e+01	-1.241247e+02
1.240000e-06	-3.458370e-06	-9.952885e-10	-1.870900e+01	-1.232820e+02
1.250000e-06	-3.404645e-06	-9.884922e-10	-1.841835e+01	-1.224271e+02
1.260000e-06	-3.350659e-06	-9.824947e-10	-1.812630e+01	-1.215593e+02
1.270000e-06	-3.296477e-06	-9.739647e-10	-1.783319e+01	-1.206779e+02
1.280000e-06	-3.242139e-06	-9.646646e-10	-1.753923e+01	-1.197821e+02
1.290000e-06	-3.187487e-06	-9.570338e-10	-1.724358e+01	-1.188714e+02
1.300000e-06	-3.132561e-06	-9.502274e-10	-1.694644e+01	-1.179451e+02
1.310000e-06	-3.077475e-06	-9.420290e-10	-1.664844e+01	-1.170027e+02
1.320000e-06	-3.022196e-06	-9.333289e-10	-1.634939e+01	-1.160437e+02
1.330000e-06	-2.966798e-06	-9.249302e-10	-1.604970e+01	-1.150676e+02
1.340000e-06	-2.911187e-06	-9.153994e-10	-1.574886e+01	-1.140741e+02
1.350000e-06	-2.855366e-06	-9.065739e-10	-1.544688e+01	-1.130628e+02
1.360000e-06	-2.799490e-06	-8.989890e-10	-1.514460e+01	-1.120336e+02
1.370000e-06	-2.743579e-06	-8.904175e-10	-1.484214e+01	-1.109863e+02
1.380000e-06	-2.687567e-06	-8.816906e-10	-1.453912e+01	-1.099209e+02
1.390000e-06	-2.631307e-06	-8.733909e-10	-1.423477e+01	-1.088374e+02
1.400000e-06	-2.574739e-06	-8.649159e-10	-1.392875e+01	-1.077358e+02
1.410000e-06	-2.517958e-06	-8.553758e-10	-1.362158e+01	-1.066163e+02
1.420000e-06	-2.460986e-06	-8.457050e-10	-1.331338e+01	-1.054790e+02
1.430000e-06	-2.403760e-06	-8.372082e-10	-1.300379e+01	-1.043242e+02
1.440000e-06	-2.346363e-06	-8.284119e-10	-1.269329e+01	-1.031521e+02
1.450000e-06	-2.288711e-06	-8.185836e-10	-1.238140e+01	-1.019629e+02
1.460000e-06	-2.230720e-06	-8.075855e-10	-1.206769e+01	-1.007569e+02
1.470000e-06	-2.172459e-06	-7.954148e-10	-1.175251e+01	-9.953426e+01
1.480000e-06	-2.113959e-06	-7.839541e-10	-1.143603e+01	-9.829515e+01
1.490000e-06	-2.055129e-06	-7.736392e-10	-1.111778e+01	-9.703967e+01
1.500000e-06	-1.996043e-06	-7.637109e-10	-1.079814e+01	-9.576786e+01
1.510000e-06	-1.936956e-06	-7.536166e-10	-1.047849e+01	-9.447968e+01
1.520000e-06	-1.877831e-06	-7.428791e-10	-1.015864e+01	-9.317498e+01
1.530000e-06	-1.818450e-06	-7.329432e-10	-9.837399e+00	-9.185352e+01
1.540000e-06	-1.758953e-06	-7.228854e-10	-9.515533e+00	-9.051492e+01
1.550000e-06	-1.699444e-06	-7.108893e-10	-9.193604e+00	-8.915868e+01
1.560000e-06	-1.639866e-06	-6.981123e-10	-8.871302e+00	-8.778420e+01
1.570000e-06	-1.580263e-06	-6.857176e-10	-8.548863e+00	-8.639071e+01
1.580000e-06	-1.520596e-06	-6.741448e-10	-8.226079e+00	-8.497735e+01
1.590000e-06	-1.460737e-06	-6.624782e-10	-7.902253e+00	-8.354309e+01
1.600000e-06	-1.400702e-06	-6.503212e-10	-7.577479e+00	-8.208683e+01
1.610000e-06	-1.340655e-06	-6.386256e-10	-7.252640e+00	-8.060731e+01
1.620000e-06	-1.280556e-06	-6.262872e-10	-6.927518e+00	-7.910322e+01
1.630000e-06	-1.220286e-06	-6.139261e-10	-6.601468e+00	-7.757313e+01
1.640000e-06	-1.159984e-06	-6.016467e-10	-6.275249e+00	-7.601556e+01
1.650000e-06	-1.099670e-06	-5.883441e-10	-5.948963e+00	-7.442897e+01
1.660000e-06	-1.039270e-06	-5.749360e-10	-5.622216e+00	-7.281180e+01
1.670000e-06	-9.788866e-07	-5.624364e-10	-5.295553e+00	-7.116249e+01
1.680000e-06	-9.185217e-07	-5.498128e-10	-4.968993e+00	-6.947948e+01
1.690000e-06	-8.580981e-07	-5.354267e-10	-4.642115e+00	-6.776127e+01
1.700000e-06	-7.976155e-07	-5.212623e-10	-4.314918e+00	-6.600641e+01
1.710000e-06	-7.371207e-07	-5.088346e-10	-3.987655e+00	-6.421354e+01
1.720000e-06	-6.765006e-07	-4.958956e-10	-3.659714e+00	-6.238144e+01
1.730000e-06	-6.158060e-07	-4.818525e-10	-3.331370e+00	-6.050899e+01
1.740000e-06	-5.550694e-07	-4.670910e-10	-3.002799e+00	-5.859525e+01
1.750000e-06	-4.942290e-07	-4.515230e-10	-2.673667e+00	-5.663946e+01
1.760000e-06	-4.333562e-07	-4.355223e-10	-2.344358e+00	-5.464105e+01
1.770000e-06	-3.724982e-07	-4.190561e-10	-2.015130e+00	-5.259965e+01
1.780000e-06	-3.117316e-07	-4.023508e-10	-1.686397e+00	-5.051515e+01
1.790000e-06	-2.509693e-07	-3.858826e-10	-1.357687e+00	-4.838766e+01
1.800000e-06	-1.901275e-07	-3.689273e-10	-1.028547e+00	-4.621752e+01
1.810000e-06	-1.293135e-07	-3.506023e-10	-6.995567e-01	-4.400534e+01
1.820000e-06	-6.850432e-08	-3.320855e-10	-3.705927e-01	-4.175199e+01
1.830000e-06	-7.508167e-09	-3.128539e-10	-4.061747e-02	-3.945858e+01
1.840000e-06	5.348085e-08	-2.927861e-10	2.893192e-01	-3.712646e+01
1.850000e-06	1.143687e-07	-2.726314e-10	6.187086e-01	-3.475722e+01
1.860000e-06	1.752657e-07	-2.530273e-10	9.481477e-01	-3.235271e+01
1.870000e-06	2.361324e-07	-2.341447e-10	1.277423e+00	-2.991495e+01
1.880000e-06	2.969945e-07	-2.135272e-10	1.606673e+00	-2.744620e+01
1.890000e-06	3.578202e-07	-1.916856e-10	1.935726e+00	-2.494887e+01
1.900000e-06	4.186384e-07	-1.712692e-10	2.264738e+00	-2.242557e+01
1.910000e-06	4.794992e-07	-1.504708e-10	2.593981e+00	-1.987903e+01
1.920000e-06	5.403020e-07	-1.289033e-10	2.922911e+00	-1.731209e+01
1.930000e-06	6.010118e-07	-1.087098e-10	3.251337e+00	-1.472770e+01
1.940000e-06	6.618132e-07	-8.866608e-11	3.580259e+00	-1.212888e+01
1.950000e-06	7.225827e-07	-6.682710e-11	3.909008e+00	-9.518695e+00
1.960000e-06	7.831706e-07	-4.375440e-11	4.236775e+00	-6.900219e+00
1.970000e-06	8.436268e-07	-2.176960e-11	4.563829e+00	-4.276534e+00
1.980000e-06	9.040164e-07	-1.839766e-12	4.890522e+00	-1.650688e+00
1.990000e-06	9.644070e-07	1.759662e-11	5.217222e+00	9.743179e-01
2.000000e-06	1.024794e-06	3.829422e-11	5.543902e+00	3.595559e+00
2.010000e-06	1.085157e-06	5.969345e-11	5.870451e+00	6.210204e+00
2.020000e-06	1.145411e-06	8.115475e-11	6.196414e+00	8.815530e+00
2.030000e-06	1.205575e-06	1.027076e-10	6.521887e+00	1.140895e+01
2.040000e-06	1.265726e-06	1.237707e-10	6.847292e+00	1.398800e+01
2.050000e-06	1.325830e-06	1.448675e-10	7.172437e+00	1.655041e+01
2.060000e-06	1.385816e-06	1.655115e-10	7.496948e+00	1.909403e+01
2.070000e-06	1.445654e-06	1.849469e-10	7.820658e+00	2.161692e+01
2.080000e-06	1.505494e-06	2.032776e-10	8.144378e+00	2.411730e+01
2.090000e-06	1.565351e-06	2.209282e-10	8.468192e+00	2.659358e+01
2.100000e-06	1.625046e-06	2.401515e-10	8.791127e+00	2.904436e+01
2.110000e-06	1.684649e-06	2.605462e-10	9.113567e+00	3.146840e+01
2.120000e-06	1.744188e-06	2.798086e-10	9.435661e+00	3.386468e+01
2.130000e-06	1.803610e-06	2.981664e-10	9.757117e+00	3.623232e+01
2.140000e-06	1.862991e-06	3.150875e-10	1.007836e+01	3.857063e+01
2.150000e-06	1.922272e-06	3.310918e-10	1.039905e+01	4.087907e+01
2.160000e-06	1.981369e-06	3.488390e-10	1.071876e+01	4.315727e+01
2.170000e-06	2.040127e-06	3.670010e-10	1.103662e+01	4.540498e+01
2.180000e-06	2.098593e-06	3.835153e-10	1.135291e+01	4.762211e+01
2.190000e-06	2.156949e-06	4.009886e-10	1.166860e+01	4.980866e+01
2.200000e-06	2.215033e-06	4.199286e-10	1.198282e+01	5.196475e+01
2.210000e-06	2.272830e-06	4.379535e-10	1.229549e+01	5.409060e+01
2.220000e-06	2.330372e-06	4.542112e-10	1.260678e+01	5.618651e+01
2.230000e-06	2.387599e-06	4.687063e-10	1.291636e+01	5.825284e+01
2.240000e-06	2.444579e-06	4.839746e-10	1.322462e+01	6.029000e+01
2.250000e-06	2.501293e-06	5.011137e-10	1.353142e+01	6.229846e+01
2.260000e-06	2.557764e-06	5.174810e-10	1.383692e+01	6.427870e+01
2.270000e-06	2.614063e-06	5.316034e-10	1.414148e+01	6.623124e+01
2.280000e-06	2.670086e-06	5.452250e-10	1.444455e+01	6.815660e+01
2.290000e-06	2.725919e-06	5.594507e-10	1.474660e+01	7.005529e+01
2.300000e-06	2.781692e-06	5.738866e-10	1.504832e+01	7.192782e+01
2.310000e-06	2.837418e-06	5.890314e-10	1.534978e+01	7.377468e+01
2.320000e-06	2.893081e-06	6.043957e-10	1.565091e+01	7.559631e+01
2.330000e-06	2.948620e-06	6.203155e-10	1.595136e+01	7.739317e+01
2.340000e-06	3.003901e-06	6.355173e-10	1.625042e+01	7.916563e+01
2.350000e-06	3.058967e-06	6.489321e-10	1.654831e+01	8.091404e+01
2.360000e-06	3.113835e-06	6.610922e-10	1.684514e+01	8.263872e+01
2.370000e-06	3.168471e-06	6.718736e-10	1.714071e+01	8.433993e+01
2.380000e-06	3.222899e-06	6.826207e-10	1.743515e+01	8.601787e+01
2.390000e-06	3.277156e-06	6.955118e-10	1.772867e+01	8.767273e+01
2.400000e-06	3.331201e-06	7.108070e-10	1.802104e+01	8.930462e+01
2.410000e-06	3.385044e-06	7.258872e-10	1.831231e+01	9.091362e+01
2.420000e-06	3.438720e-06	7.398075e-10	1.860269e+01	9.249978e+01
2.430000e-06	3.492122e-06	7.531738e-10	1.889158e+01	9.406310e+01
2.440000e-06	3.545223e-06	7.661304e-10	1.917885e+01	9.560354e+01
2.450000e-06	3.597981e-06	7.787393e-10	1.946426e+01	9.712106e+01
2.460000e-06	3.650340e-06	7.904010e-10	1.974751e+01	9.861558e+01
2.470000e-06	3.702426e-06	8.016069e-10	2.002928e+01	1.000870e+02
2.480000e-06	3.754373e-06	8.126201e-10	2.031030e+01	1.015352e+02
2.490000e-06	3.806059e-06	8.239673e-10	2.058991e+01	1.029601e+02
2.500000e-06	3.857511e-06	8.362217e-10	2.086825e+01	1.043615e+02
2.510000e-06	3.908595e-06	8.479195e-10	2.114461e+01	1.057394e+02
2.520000e-06	3.959207e-06	8.586901e-10	2.141841e+01	1.070937e+02
2.530000e-06	4.009323e-06	8.693428e-10	2.168952e+01	1.084242e+02
2.540000e-06	4.058936e-06	8.801349e-10	2.195792e+01	1.097310e+02
2.550000e-06	4.108250e-06	8.900475e-10	2.222470e+01	1.110140e+02
2.560000e-06	4.157241e-06	8.987879e-10	2.248973e+01	1.122732e+02
2.570000e-06	4.205796e-06	9.068135e-10	2.275240e+01	1.135087e+02
2.580000e-06	4.253911e-06	9.154760e-10	2.301269e+01	1.147206e+02
2.590000e-06	4.301704e-06	9.253917e-10	2.327124e+01	1.159090e+02
2.600000e-06	4.349364e-06	9.357744e-10	2.352907e+01	1.170741e+02
2.610000e-06	4.396759e-06	9.454138e-10	2.378546e+01	1.182162e+02
2.620000e-06	4.443878e-06	9.544050e-10	2.404037e+01	1.193354e+02
2.630000e-06	4.490775e-06	9.637164e-10	2.429407e+01	1.204321e+02
2.640000e-06	4.537230e-06	9.727377e-10	2.454538e+01	1.215067e+02
2.650000e-06	4.583261e-06	9.814452e-10	2.479440e+01	1.225597e+02
2.660000e-06	4.628986e-06	9.893136e-10	2.504176e+01	1.235914e+02
2.670000e-06	4.674476e-06	9.951222e-10	2.528785e+01	1.246023e+02
2.680000e-06	4.719717e-06	1.000674e-09	2.553259e+01	1.255930e+02
2.690000e-06	4.764605e-06	1.008579e-09	2.577543e+01	1.265641e+02
2.700000e-06	4.809141e-06	1.017267e-09	2.601636e+01	1.275160e+02
2.710000e-06	4.853399e-06	1.025153e-09	2.625578e+01	1.284495e+02
2.720000e-06	4.897435e-06	1.033465e-09	2.649401e+01	1.293651e+02
2.730000e-06	4.941235e-06	1.042699e-09	2.673095e+01	1.302633e+02
2.740000e-06	4.984798e-06	1.051193e-09	2.696662e+01	1.311450e+02
2.750000e-06	5.028143e-06	1.057154e-09	2.720111e+01	1.320105e+02
2.760000e-06	5.071077e-06	1.061789e-09	2.743337e+01	1.328605e+02
2.770000e-06	5.113460e-06	1.067107e-09	2.766265e+01	1.336956e+02
2.780000e-06	5.155247e-06	1.074324e-09	2.788871e+01	1.345163e+02
2.790000e-06	5.196337e-06	1.083177e-09	2.811100e+01	1.353231e+02
2.800000e-06	5.236831e-06	1.091027e-09	2.833006e+01	1.361165e+02
2.810000e-06	5.276957e-06	1.097580e-09	2.854714e+01	1.368969e+02
2.820000e-06	5.316863e-06	1.104531e-09	2.876302e+01	1.376646e+02
2.830000e-06	5.356552e-06	1.111737e-09	2.897773e+01	1.384201e+02
2.840000e-06	5.395902e-06	1.117870e-09	2.919060e+01	1.391635e+02
2.850000e-06	5.434885e-06	1.123027e-09	2.940149e+01	1.398952e+02
2.860000e-06	5.473536e-06	1.128287e-09	2.961058e+01	1.406154e+02
2.870000e-06	5.511775e-06	1.133512e-09	2.981745e+01	1.413241e+02
2.880000e-06	5.549607e-06	1.139412e-09	3.002211e+01	1.420214e+02
2.890000e-06	5.587051e-06	1.146121e-09	3.022468e+01	1.427075e+02
2.900000e-06	5.624128e-06	1.152439e-09	3.042525e+01	1.433823e+02
2.910000e-06	5.660878e-06	1.158535e-09	3.062406e+01	1.440459e+02
2.920000e-06	5.697213e-06	1.165854e-09	3.082062e+01	1.446981e+02
2.930000e-06	5.733204e-06	1.173969e-09	3.101533e+01	1.453390e+02
2.940000e-06	5.768954e-06	1.180793e-09	3.120872e+01	1.459683e+02
2.950000e-06	5.804354e-06	1.184980e-09	3.140023e+01	1.465862e+02
2.960000e-06	5.839344e-06	1.187585e-09	3.158952e+01	1.471923e+02
2.970000e-06	5.873858e-06	1.191540e-09	3.177623e+01	1.477867e+02
2.980000e-06	5.907790e-06	1.197720e-09	3.195980e+01	1.483693e+02
2.990000e-06	5.941001e-06	1.204026e-09	3.213946e+01	1.489400e+02
3.000000e-06	5.973544e-06	1.209601e-09	3.231551e+01	1.494987e+02
3.010000e-06	6.005745e-06	1.214935e-09	3.248971e+01	1.500455e+02
3.020000e-06	6.037666e-06	1.220214e-09	3.266240e+01	1.505803e+02
3.030000e-06	6.069220e-06	1.226796e-09	3.283310e+01	1.511032e+02
3.040000e-06	6.100335e-06	1.233726e-09	3.300142e+01	1.516142e+02
3.050000e-06	6.131110e-06	1.239492e-09	3.316791e+01	1.521135e+02
3.060000e-06	6.161456e-06	1.245847e-09	3.333207e+01	1.526012e+02
3.070000e-06	6.191230e-06	1.251801e-09	3.349314e+01	1.530776e+02
3.080000e-06	6.220602e-06	1.255493e-09	3.365204e+01	1.535428e+02
3.090000e-06	6.249647e-06	1.259462e-09	3.380917e+01	1.539971e+02
3.100000e-06	6.278398e-06	1.265339e-09	3.396471e+01	1.544408e+02
3.110000e-06	6.306808e-06	1.271204e-09	3.411839e+01	1.548743e+02
3.120000e-06	6.334825e-06	1.275787e-09	3.426996e+01	1.552978e+02
3.130000e-06	6.362494e-06	1.281242e-09	3.441964e+01	1.557118e+02
3.140000e-06	6.389824e-06	1.286924e-09	3.456749e+01	1.561166e+02
3.150000e-06	6.416685e-06	1.290740e-09	3.471280e+01	1.565126e+02
3.160000e-06	6.442759e-06	1.293796e-09	3.485386e+01	1.569002e+02
3.170000e-06	6.468071e-06	1.297060e-09	3.499079e+01	1.572798e+02
3.180000e-06	6.492843e-06	1.301318e-09	3.512480e+01	1.576517e+02
3.190000e-06	6.517013e-06	1.305458e-09	3.525555e+01	1.580162e+02
3.200000e-06	6.540722e-06	1.309341e-09	3.538381e+01	1.583737e+02
3.210000e-06	6.564035e-06	1.313684e-09	3.550993e+01	1.587245e+02
3.220000e-06	6.586884e-06	1.317725e-09	3.563354e+01	1.590688e+02
3.230000e-06	6.609357e-06	1.321489e-09	3.575511e+01	1.594068e+02
3.240000e-06	6.631413e-06	1.325347e-09	3.587443e+01	1.597388e+02
3.250000e-06	6.653026e-06	1.329314e-09	3.599135e+01	1.600647e+02
3.260000e-06	6.674128e-06	1.332534e-09	3.610551e+01	1.603847e+02
3.270000e-06	6.694696e-06	1.335367e-09	3.621678e+01	1.606989e+02
3.280000e-06	6.714883e-06	1.338678e-09	3.632599e+01	1.610072e+02
3.290000e-06	6.734804e-06	1.341956e-09	3.643376e+01	1.613095e+02
3.300000e-06	6.754427e-06	1.345937e-09	3.653991e+01	1.616058e+02
3.310000e-06	6.773617e-06	1.350024e-09	3.664373e+01	1.618959e+02
3.320000e-06	6.792147e-06	1.352626e-09	3.674397e+01	1.621797e+02
3.330000e-06	6.810040e-06	1.354196e-09	3.684077e+01	1.624570e+02
3.340000e-06	6.827591e-06	1.355566e-09	3.693571e+01	1.627276e+02
3.350000e-06	6.844611e-06	1.357730e-09	3.702778e+01	1.629912e+02
3.360000e-06	6.861176e-06	1.360389e-09	3.711740e+01	1.632476e+02
3.370000e-06	6.877386e-06	1.362422e-09	3.720509e+01	1.634967e+02
3.380000e-06	6.893013e-06	1.365218e-09	3.728963e+01	1.637381e+02
3.390000e-06	6.907927e-06	1.368248e-09	3.737031e+01	1.639717e+02
3.400000e-06	6.922246e-06	1.371311e-09	3.744778e+01	1.641972e+02
3.410000e-06	6.936174e-06	1.376031e-09	3.752312e+01	1.644145e+02
3.420000e-06	6.949522e-06	1.379468e-09	3.759533e+01	1.646235e+02
3.430000e-06	6.962353e-06	1.380098e-09	3.766474e+01	1.648240e+02
3.440000e-06	6.974755e-06	1.381411e-09	3.773183e+01	1.650159e+02
3.450000e-06	6.986702e-06	1.384864e-09	3.779647e+01	1.651992e+02
3.460000e-06	6.998151e-06	1.388852e-09	3.785840e+01	1.653740e+02
3.470000e-06	7.008953e-06	1.391331e-09	3.791684e+01	1.655401e+02
3.480000e-06	7.018862e-06	1.392078e-09	3.797044e+01	1.656978e+02
3.490000e-06	7.027867e-06	1.392910e-09	3.801916e+01	1.658471e+02
3.500000e-06	7.036283e-06	1.394799e-09	3.806469e+01	1.659882e+02
3.510000e-06	7.044322e-06	1.397450e-09	3.810818e+01	1.661211e+02
3.520000e-06	7.052085e-06	1.398822e-09	3.815017e+01	1.662462e+02
3.530000e-06	7.059550e-06	1.400033e-09	3.819056e+01	1.663637e+02
3.540000e-06	7.066523e-06	1.402579e-09	3.822828e+01	1.664736e+02
3.550000e-06	7.072917e-06	1.404679e-09	3.826287e+01	1.665764e+02
3.560000e-06	7.078744e-06	1.405857e-09	3.829439e+01	1.666723e+02
3.570000e-06	7.083992e-06	1.407948e-09	3.832279e+01	1.667614e+02
3.580000e-06	7.088675e-06	1.410603e-09	3.834812e+01	1.668440e+02
3.590000e-06	7.092845e-06	1.413002e-09	3.837068e+01	1.669203e+02
3.600000e-06	7.096689e-06	1.416052e-09	3.839147e+01	1.669905e+02
3.610000e-06	7.100264e-06	1.418498e-09	3.841081e+01	1.670548e+02
3.620000e-06	7.103569e-06	1.419810e-09	3.842869e+01	1.671133e+02
3.630000e-06	7.106254e-06	1.420466e-09	3.844321e+01	1.671662e+02
3.640000e-06	7.108066e-06	1.420870e-09	3.845302e+01	1.672134e+02
3.650000e-06	7.109047e-06	1.420977e-09	3.845832e+01	1.672551e+02
3.660000e-06	7.109357e-06	1.421689e-09	3.846000e+01	1.672912e+02
3.670000e-06	7.109317e-06	1.423189e-09	3.845979e+01	1.673218e+02
3.680000e-06	7.108992e-06	1.423089e-09	3.845803e+01	1.673467e+02
3.690000e-06	7.108216e-06	1.421949e-09	3.845383e+01	1.673658e+02
3.700000e-06	7.106907e-06	1.422461e-09	3.844675e+01	1.673791e+02
3.710000e-06	7.105152e-06	1.423919e-09	3.843726e+01	1.673863e+02
3.720000e-06	7.103013e-06	1.424677e-09	3.842568e+01	1.673874e+02
3.730000e-06	7.100502e-06	1.427015e-09	3.841210e+01	1.673822e+02
3.740000e-06	7.097636e-06	1.429746e-09	3.839659e+01	1.673705e+02
3.750000e-06	7.094193e-06	1.415296e-09	3.837797e+01	1.673521e+02
3.760000e-06	7.090061e-06	1.403001e-09	3.835562e+01	1.673269e+02
3.770000e-06	7.085220e-06	1.468226e-09	3.832943e+01	1.672947e+02
3.780000e-06	7.079557e-06	1.518854e-09	3.829879e+01	1.672554e+02
3.790000e-06	7.073276e-06	1.392563e-09	3.826481e+01	1.672089e+02
3.800000e-06	7.066818e-06	1.314344e-09	3.822987e+01	1.671552e+02
3.810000e-06	7.060084e-06	1.461396e-09	3.819345e+01	1.670941e+02
3.820000e-06	7.052595e-06	1.558892e-09	3.815293e+01	1.670259e+02
3.830000e-06	7.044473e-06	1.394428e-09	3.810899e+01	1.669504e+02
3.840000e-06	7.036075e-06	1.278159e-09	3.806356e+01	1.668677e+02
3.850000e-06	7.027429e-06	1.489629e-09	3.801679e+01	1.667781e+02
3.860000e-06	7.018243e-06	1.620921e-09	3.796710e+01	1.666817e+02
3.870000e-06	7.008406e-06	1.360998e-09	3.791388e+01	1.665788e+02
3.880000e-06	6.998102e-06	1.215583e-09	3.785814e+01	1.664695e+02
3.890000e-06	6.987424e-06	1.508708e-09	3.780037e+01	1.663543e+02
3.900000e-06	6.976204e-06	1.635270e-09	3.773967e+01	1.662334e+02
3.910000e-06	6.964369e-06	1.330972e-09	3.767565e+01	1.661071e+02
3.920000e-06	6.952163e-06	1.262313e-09	3.760962e+01	1.659759e+02
3.930000e-06	6.939391e-06	1.574028e-09	3.754052e+01	1.658402e+02
3.940000e-06	6.925618e-06	1.554136e-09	3.746602e+01	1.657002e+02
3.950000e-06	6.910949e-06	1.251284e-09	3.738666e+01	1.655563e+02
3.960000e-06	6.895780e-06	1.363926e-09	3.730460e+01	1.654090e+02
3.970000e-06	6.880140e-06	1.626942e-09	3.721999e+01	1.652585e+02
3.980000e-06	6.863981e-06	1.435701e-09	3.713257e+01	1.651052e+02
3.990000e-06	6.847468e-06	1.263641e-09	3.704324e+01	1.649493e+02
4.000000e-06	6.830526e-06	1.520797e-09	3.695159e+01	1.647909e+02
4.010000e-06	6.812974e-06	1.560496e-09	3.685664e+01	1.646304e+02
4.020000e-06	6.795000e-06	1.271711e-09	3.675940e+01	1.644678e+02
4.030000e-06	6.776740e-06	1.360844e-09	3.666062e+01	1.643032e+02
4.040000e-06	6.757914e-06	1.615414e-09	3.655877e+01	1.641366e+02
4.050000e-06	6.738536e-06	1.423381e-09	3.645394e+01	1.639679e+02
4.060000e-06	6.718782e-06	1.266519e-09	3.634708e+01	1.637970e+02
4.070000e-06	6.698676e-06	1.510903e-09	3.623831e+01	1.636237e+02
4.080000e-06	6.678236e-06	1.528802e-09	3.612774e+01	1.634479e+02
4.090000e-06	6.657486e-06	1.292402e-09	3.601548e+01	1.632693e+02
4.100000e-06	6.636187e-06	1.398712e-09	3.590026e+01	1.630876e+02
4.110000e-06	6.613993e-06	1.550928e-09	3.578020e+01	1.629023e+02
4.120000e-06	6.590958e-06	1.374447e-09	3.565558e+01	1.627132e+02
4.130000e-06	6.567362e-06	1.344903e-09	3.552793e+01	1.625199e+02
4.140000e-06	6.543333e-06	1.512889e-09	3.539794e+01	1.623219e+02
4.150000e-06	6.518997e-06	1.426508e-09	3.526629e+01	1.621188e+02
4.160000e-06	6.494401e-06	1.325760e-09	3.513323e+01	1.619103e+02
4.170000e-06	6.469260e-06	1.462951e-09	3.499722e+01	1.616958e+02
4.180000e-06	6.443445e-06	1.467348e-09	3.485757e+01	1.614752e+02
4.190000e-06	6.417295e-06	1.351752e-09	3.471610e+01	1.612478e+02
4.200000e-06	6.390881e-06	1.417227e-09	3.457321e+01	1.610136e+02
4.210000e-06	6.363890e-06	1.457672e-09	3.442719e+01	1.607721e+02
4.220000e-06	6.336302e-06	1.369708e-09	3.427795e+01	1.605232e+02
4.230000e-06	6.308367e-06	1.393999e-09	3.412683e+01	1.602666e+02
4.240000e-06	6.280146e-06	1.444772e-09	3.397416e+01	1.600023e+02
4.250000e-06	6.251653e-06	1.390569e-09	3.382002e+01	1.597300e+02
4.260000e-06	6.222764e-06	1.389694e-09	3.366374e+01	1.594498e+02
4.270000e-06	6.193299e-06	1.426183e-09	3.350434e+01	1.591617e+02
4.280000e-06	6.163205e-06	1.391455e-09	3.334154e+01	1.588657e+02
4.290000e-06	6.132360e-06	1.382737e-09	3.317467e+01	1.585618e+02
4.300000e-06	6.100772e-06	1.404494e-09	3.300378e+01	1.582503e+02
4.310000e-06	6.068657e-06	1.385914e-09	3.283005e+01	1.579312e+02
4.320000e-06	6.036316e-06	1.385518e-09	3.265509e+01	1.576048e+02
4.330000e-06	6.003812e-06	1.398175e-09	3.247926e+01	1.572712e+02
4.340000e-06	5.970943e-06	1.376930e-09	3.230144e+01	1.569305e+02
4.350000e-06	5.937580e-06	1.376019e-09	3.212096e+01	1.565830e+02
4.360000e-06	5.903741e-06	1.388536e-09	3.193789e+01	1.562289e+02
4.370000e-06	5.869588e-06	1.372533e-09	3.175313e+01	1.558683e+02
4.380000e-06	5.835091e-06	1.373981e-09	3.156651e+01	1.555013e+02
4.390000e-06	5.800136e-06	1.386072e-09	3.137742e+01	1.551280e+02
4.400000e-06	5.764813e-06	1.367340e-09	3.118632e+01	1.547485e+02
4.410000e-06	5.729058e-06	1.361023e-09	3.099290e+01	1.543629e+02
4.420000e-06	5.692929e-06	1.372685e-09	3.079745e+01	1.539710e+02
4.430000e-06	5.656603e-06	1.361120e-09	3.060093e+01	1.535728e+02
4.440000e-06	5.620094e-06	1.352195e-09	3.040343e+01	1.531683e+02
4.450000e-06	5.583207e-06	1.362292e-09	3.020388e+01	1.527571e+02
4.460000e-06	5.545725e-06	1.362463e-09	3.000111e+01	1.523392e+02
4.470000e-06	5.507527e-06	1.354344e-09	2.979447e+01	1.519141e+02
4.480000e-06	5.468590e-06	1.351961e-09	2.958382e+01	1.514818e+02
4.490000e-06	5.429035e-06	1.347702e-09	2.936984e+01	1.510417e+02
4.500000e-06	5.389108e-06	1.340747e-09	2.915385e+01	1.505936e+02
4.510000e-06	5.348966e-06	1.336925e-09	2.893669e+01	1.501370e+02
4.520000e-06	5.308525e-06	1.334991e-09	2.871791e+01	1.496716e+02
4.530000e-06	5.267745e-06	1.332485e-09	2.849730e+01	1.491970e+02
4.540000e-06	5.226680e-06	1.329116e-09	2.827515e+01	1.487128e+02
4.550000e-06	5.185306e-06	1.326104e-09	2.805132e+01	1.482186e+02
4.560000e-06	5.143465e-06	1.324930e-09	2.782497e+01	1.477141e+02
4.570000e-06	5.101302e-06	1.321180e-09	2.759688e+01	1.471989e+02
4.580000e-06	5.058871e-06	1.314191e-09	2.736734e+01	1.466728e+02
4.590000e-06	5.016013e-06	1.308561e-09	2.713549e+01	1.461356e+02
4.600000e-06	4.972800e-06	1.304849e-09	2.690171e+01	1.455870e+02
4.610000e-06	4.929281e-06	1.299763e-09	2.666629e+01	1.450270e+02
4.620000e-06	4.885418e-06	1.293940e-09	2.642900e+01	1.444555e+02
4.630000e-06	4.841210e-06	1.292100e-09	2.618984e+01	1.438724e+02
4.640000e-06	4.796804e-06	1.290556e-09	2.594962e+01	1.432779e+02
4.650000e-06	4.752329e-06	1.285133e-09	2.570901e+01	1.426720e+02
4.660000e-06	4.707597e-06	1.278585e-09	2.546703e+01	1.420549e+02
4.670000e-06	4.662414e-06	1.271256e-09	2.522260e+01	1.414269e+02
4.680000e-06	4.616873e-06	1.263355e-09	2.497623e+01	1.407882e+02
4.690000e-06	4.570895e-06	1.256828e-09	2.472750e+01	1.401391e+02
4.700000e-06	4.524512e-06	1.252925e-09	2.447658e+01	1.394800e+02
4.710000e-06	4.477894e-06	1.249780e-09	2.422438e+01	1.388112e+02
4.720000e-06	4.431004e-06	1.245189e-09	2.397072e+01	1.381331e+02
4.730000e-06	4.383727e-06	1.238154e-09	2.371497e+01	1.374460e+02
4.740000e-06	4.336068e-06	1.229527e-09	2.345714e+01	1.367503e+02
4.750000e-06	4.288099e-06	1.223652e-09	2.319764e+01	1.360463e+02
4.760000e-06	4.239896e-06	1.218514e-09	2.293687e+01	1.353344e+02
4.770000e-06	4.191340e-06	1.211022e-09	2.267419e+01	1.346147e+02
4.780000e-06	4.142208e-06	1.205944e-09	2.240840e+01	1.338876e+02
4.790000e-06	4.092703e-06	1.204196e-09	2.214059e+01	1.331530e+02
4.800000e-06	4.042947e-06	1.199466e-09	2.187142e+01	1.324112e+02
4.810000e-06	3.992942e-06	1.191835e-09	2.160090e+01	1.316620e+02
4.820000e-06	3.942728e-06	1.184763e-09	2.132926e+01	1.309055e+02
4.830000e-06	3.892222e-06	1.178222e-09	2.105603e+01	1.301414e+02
4.840000e-06	3.841381e-06	1.172132e-09	2.078100e+01	1.293696e+02
4.850000e-06	3.790220e-06	1.166466e-09	2.050423e+01	1.285897e+02
4.860000e-06	3.738825e-06	1.160121e-09	2.022619e+01	1.278014e+02
4.870000e-06	3.687175e-06	1.153195e-09	1.994677e+01	1.270041e+02
4.880000e-06	3.635192e-06	1.146137e-09	1.966556e+01	1.261973e+02
4.890000e-06	3.582911e-06	1.139238e-09	1.938273e+01	1.253806e+02
4.900000e-06	3.530445e-06	1.132818e-09	1.909890e+01	1.245532e+02
4.910000e-06	3.477716e-06	1.126764e-09	1.881365e+01	1.237144e+02
4.920000e-06	3.424621e-06	1.119844e-09	1.852642e+01	1.228637e+02
4.930000e-06	3.371029e-06	1.111120e-09	1.823650e+01	1.220003e+02
4.940000e-06	3.317059e-06	1.102458e-09	1.794453e+01	1.211235e+02
4.950000e-06	3.262773e-06	1.095337e-09	1.765086e+01	1.202326e+02
4.960000e-06	3.208088e-06	1.087663e-09	1.735502e+01	1.193270e+02
4.970000e-06	3.153132e-06	1.079117e-09	1.705773e+01	1.184060e+02
4.980000e-06	3.097866e-06	1.071297e-09	1.675875e+01	1.174691e+02
4.990000e-06	3.042453e-06	1.063989e-09	1.645898e+01	1.165157e+02
5.000000e-06	2.986824e-06	1.056295e-09	1.615803e+01	1.155453e+02
5.010000e-06	2.930823e-06	1.047187e-09	1.585508e+01	1.145577e+02
5.020000e-06	2.874573e-06	1.037195e-09	1.555078e+01	1.135524e+02
5.030000e-06	2.818226e-06	1.027585e-09	1.524596e+01	1.125292e+02
5.040000e-06	2.761826e-06	1.019482e-09	1.494085e+01	1.114880e+02
5.050000e-06	2.705383e-06	1.012157e-09	1.463551e+01	1.104286e+02
5.060000e-06	2.648801e-06	1.003863e-09	1.432941e+01	1.093511e+02
5.070000e-06	2.591997e-06	9.936375e-10	1.402211e+01	1.082556e+02
5.080000e-06	2.534950e-06	9.828852e-10	1.371350e+01	1.071420e+02
5.090000e-06	2.477665e-06	9.731402e-10	1.340360e+01	1.060107e+02
5.100000e-06	2.420220e-06	9.627812e-10	1.309284e+01	1.048617e+02
5.110000e-06	2.362757e-06	9.523071e-10	1.278198e+01	1.036954e+02
5.120000e-06	2.305233e-06	9.428221e-10	1.247078e+01	1.025119e+02
5.130000e-06	2.247458e-06	9.326670e-10	1.215824e+01	1.013115e+02
5.140000e-06	2.189522e-06	9.226951e-10	1.184482e+01	1.000944e+02
5.150000e-06	2.131329e-06	9.122559e-10	1.153001e+01	9.886081e+01
5.160000e-06	2.072791e-06	8.999786e-10	1.121333e+01	9.761080e+01
5.170000e-06	2.014171e-06	8.867790e-10	1.089621e+01	9.634446e+01
5.180000e-06	1.955504e-06	8.739526e-10	1.057883e+01	9.506178e+01
5.190000e-06	1.896675e-06	8.629022e-10	1.026058e+01	9.376263e+01
5.200000e-06	1.837761e-06	8.529340e-10	9.941870e+00	9.244682e+01
5.210000e-06	1.778728e-06	8.414454e-10	9.622513e+00	9.111400e+01
5.220000e-06	1.719535e-06	8.283965e-10	9.302292e+00	8.976373e+01
5.230000e-06	1.660321e-06	8.167615e-10	8.981961e+00	8.839543e+01
5.240000e-06	1.601036e-06	8.048842e-10	8.661239e+00	8.700840e+01
5.250000e-06	1.541600e-06	7.912963e-10	8.339705e+00	8.560179e+01
5.260000e-06	1.482046e-06	7.773984e-10	8.017529e+00	8.417464e+01
5.270000e-06	1.422353e-06	7.640626e-10	7.694605e+00	8.272587e+01
5.280000e-06	1.362469e-06	7.512573e-10	7.370649e+00	8.125428e+01
5.290000e-06	1.302499e-06	7.378522e-10	7.046224e+00	7.975856e+01
5.300000e-06	1.242582e-06	7.231960e-10	6.722084e+00	7.823732e+01
5.310000e-06	1.182610e-06	7.074133e-10	6.397650e+00	7.668910e+01
5.320000e-06	1.122604e-06	6.920745e-10	6.073031e+00	7.511238e+01
5.330000e-06	1.062583e-06	6.785077e-10	5.748330e+00	7.350560e+01
5.340000e-06	1.002514e-06	6.656336e-10	5.423370e+00	7.186720e+01
5.350000e-06	9.424091e-07	6.506019e-10	5.098219e+00	7.019562e+01
5.360000e-06	8.821675e-07	6.326239e-10	4.772325e+00	6.848934e+01
5.370000e-06	8.217959e-07	6.153447e-10	4.445729e+00	6.674687e+01
5.380000e-06	7.614785e-07	6.001601e-10	4.119425e+00	6.496685e+01
5.390000e-06	7.011757e-07	5.843848e-10	3.793201e+00	6.314798e+01
5.400000e-06	6.408560e-07	5.669092e-10	3.466885e+00	6.128912e+01
5.410000e-06	5.805380e-07	5.491155e-10	3.140578e+00	5.938926e+01
5.420000e-06	5.201404e-07	5.326684e-10	2.813841e+00	5.744758e+01
5.430000e-06	4.595810e-07	5.160698e-10	2.486229e+00	5.546345e+01
5.440000e-06	3.989486e-07	4.983082e-10	2.158221e+00	5.343644e+01
5.450000e-06	3.384007e-07	4.787185e-10	1.830671e+00	5.136633e+01
5.460000e-06	2.778604e-07	4.573512e-10	1.503162e+00	4.925316e+01
5.470000e-06	2.172196e-07	4.372286e-10	1.175109e+00	4.709721e+01
5.480000e-06	1.566235e-07	4.183251e-10	8.472976e-01	4.489899e+01
5.490000e-06	9.614620e-08	3.980636e-10	5.201290e-01	4.265928e+01
5.500000e-06	3.553862e-08	3.767362e-10	1.922559e-01	4.037910e+01
5.510000e-06	-2.515249e-08	3.547100e-10	-1.360692e-01	3.805974e+01
5.520000e-06	-8.575607e-08	3.324827e-10	-4.639208e-01	3.570271e+01
5.530000e-06	-1.463725e-07	3.120255e-10	-7.918420e-01	3.330977e+01
5.540000e-06	-2.070061e-07	2.912488e-10	-1.119856e+00	3.088287e+01
5.550000e-06	-2.676221e-07	2.691531e-10	-1.447775e+00	2.842422e+01
5.560000e-06	-3.282670e-07	2.469674e-10	-1.775850e+00	2.593616e+01
5.570000e-06	-3.889081e-07	2.245842e-10	-2.103904e+00	2.342125e+01
5.580000e-06	-4.494849e-07	2.014672e-10	-2.431611e+00	2.088217e+01
5.590000e-06	-5.100192e-07	1.767597e-10	-2.759088e+00	1.832173e+01
5.600000e-06	-5.705517e-07	1.525738e-10	-3.086555e+00	1.574285e+01
5.610000e-06	-6.310287e-07	1.300708e-10	-3.413721e+00	1.314853e+01
5.620000e-06	-6.914368e-07	1.082878e-10	-3.740515e+00	1.054181e+01
5.630000e-06	-7.518137e-07	8.621160e-11	-4.067141e+00	7.925782e+00
5.640000e-06	-8.120902e-07	6.161396e-11	-4.393223e+00	5.303518e+00
5.650000e-06	-8.722867e-07	3.534606e-11	-4.718872e+00	2.678081e+00
5.660000e-06	-9.324987e-07	1.039902e-11	-5.044606e+00	5.249134e-02
5.670000e-06	-9.927193e-07	-1.253703e-11	-5.370385e+00	-2.570300e+00
5.680000e-06	-1.052894e-06	-3.473982e-11	-5.695919e+00	-5.187426e+00
5.690000e-06	-1.113013e-06	-5.739840e-11	-6.021149e+00	-7.796128e+00
5.700000e-06	-1.173111e-06	-8.087055e-11	-6.346264e+00	-1.039377e+01
5.710000e-06	-1.233094e-06	-1.044002e-10	-6.670757e+00	-1.297785e+01
5.720000e-06	-1.293001e-06	-1.271078e-10	-6.994839e+00	-1.554602e+01
5.730000e-06	-1.352918e-06	-1.493574e-10	-7.318975e+00	-1.809611e+01
5.740000e-06	-1.412773e-06	-1.715456e-10	-7.642782e+00	-2.062609e+01
5.750000e-06	-1.472515e-06	-1.941808e-10	-7.965969e+00	-2.313413e+01
5.760000e-06	-1.532139e-06	-2.178975e-10	-8.288521e+00	-2.561859e+01
5.770000e-06	-1.591652e-06	-2.412381e-10	-8.610473e+00	-2.807798e+01
5.780000e-06	-1.651035e-06	-2.646992e-10	-8.931722e+00	-3.051104e+01
5.790000e-06	-1.710176e-06	-2.884604e-10	-9.251662e+00	-3.291665e+01
5.800000e-06	-1.769170e-06	-3.118395e-10	-9.570807e+00	-3.529390e+01
5.810000e-06	-1.828034e-06	-3.342308e-10	-9.889249e+00	-3.764203e+01
5.820000e-06	-1.886770e-06	-3.546629e-10	-1.020700e+01	-3.996045e+01
5.830000e-06	-1.945455e-06	-3.756464e-10	-1.052447e+01	-4.224874e+01
5.840000e-06	-2.004023e-06	-3.982535e-10	-1.084131e+01	-4.450660e+01
5.850000e-06	-2.062339e-06	-4.207559e-10	-1.115679e+01	-4.673390e+01
5.860000e-06	-2.120485e-06	-4.414979e-10	-1.147134e+01	-4.893061e+01
5.870000e-06	-2.178660e-06	-4.604488e-10	-1.178605e+01	-5.109681e+01
5.880000e-06	-2.236703e-06	-4.800056e-10	-1.210005e+01	-5.323269e+01
5.890000e-06	-2.294451e-06	-4.999523e-10	-1.241246e+01	-5.533852e+01
5.900000e-06	-2.351874e-06	-5.193801e-10	-1.272310e+01	-5.741464e+01
5.910000e-06	-2.409032e-06	-5.384740e-10	-1.303231e+01	-5.946145e+01
5.920000e-06	-2.466182e-06	-5.567355e-10	-1.334148e+01	-6.147939e+01
5.930000e-06	-2.523302e-06	-5.760290e-10	-1.365049e+01	-6.346896e+01
5.940000e-06	-2.580157e-06	-5.969603e-10	-1.395806e+01	-6.543066e+01
5.950000e-06	-2.636776e-06	-6.175691e-10	-1.426436e+01	-6.736499e+01
5.960000e-06	-2.693262e-06	-6.358198e-10	-1.456993e+01	-6.927249e+01
5.970000e-06	-2.749661e-06	-6.522538e-10	-1.487504e+01	-7.115366e+01
5.980000e-06	-2.806005e-06	-6.688805e-10	-1.517985e+01	-7.300899e+01
5.990000e-06	-2.862184e-06	-6.860158e-10	-1.548376e+01	-7.483896e+01
6.000000e-06	-2.918171e-06	-7.025874e-10	-1.578664e+01	-7.664401e+01
6.010000e-06	-2.973996e-06	-7.185730e-10	-1.608864e+01	-7.842453e+01
6.020000e-06	-3.029550e-06	-7.335671e-10	-1.638918e+01	-8.018090e+01
6.030000e-06	-3.084789e-06	-7.486374e-10	-1.668800e+01	-8.191344e+01
6.040000e-06	-3.139698e-06	-7.655589e-10	-1.698505e+01	-8.362241e+01
6.050000e-06	-3.194301e-06	-7.822532e-10	-1.728044e+01	-8.530807e+01
6.060000e-06	-3.248485e-06	-7.977707e-10	-1.757356e+01	-8.697058e+01
6.070000e-06	-3.302248e-06	-8.126312e-10	-1.786441e+01	-8.861009e+01
6.080000e-06	-3.355747e-06	-8.274134e-10	-1.815383e+01	-9.022669e+01
6.090000e-06	-3.408988e-06	-8.430281e-10	-1.844185e+01	-9.182043e+01
6.100000e-06	-3.461957e-06	-8.584981e-10	-1.872840e+01	-9.339134e+01
6.110000e-06	-3.514660e-06	-8.721705e-10	-1.901351e+01	-9.493939e+01
6.120000e-06	-3.567097e-06	-8.850999e-10	-1.929718e+01	-9.646454e+01
6.130000e-06	-3.619251e-06	-8.991804e-10	-1.957932e+01	-9.796670e+01
6.140000e-06	-3.671113e-06	-9.136901e-10	-1.985989e+01	-9.944580e+01
6.150000e-06	-3.722686e-06	-9.277846e-10	-2.013888e+01	-1.009017e+02
6.160000e-06	-3.773997e-06	-9.414147e-10	-2.041646e+01	-1.023344e+02
6.170000e-06	-3.825090e-06	-9.547220e-10	-2.069287e+01	-1.037436e+02
6.180000e-06	-3.875839e-06	-9.675651e-10	-2.096741e+01	-1.051293e+02
6.190000e-06	-3.926148e-06	-9.797376e-10	-2.123957e+01	-1.064914e+02
6.200000e-06	-3.976095e-06	-9.907977e-10	-2.150977e+01	-1.078299e+02
6.210000e-06	-4.025811e-06	-1.001140e-09	-2.177872e+01	-1.091446e+02
6.220000e-06	-4.075313e-06	-1.012755e-09	-2.204651e+01	-1.104355e+02
6.230000e-06	-4.124327e-06	-1.025102e-09	-2.231167e+01	-1.117026e+02
6.240000e-06	-4.172760e-06	-1.036146e-09	-2.257368e+01	-1.129460e+02
6.250000e-06	-4.220910e-06	-1.046310e-09	-2.283416e+01	-1.141657e+02
6.260000e-06	-4.268762e-06	-1.056558e-09	-2.309303e+01	-1.153619e+02
6.270000e-06	-4.316300e-06	-1.066661e-09	-2.335020e+01	-1.165347e+02
6.280000e-06	-4.363516e-06	-1.077113e-09	-2.360563e+01	-1.176844e+02
6.290000e-06	-4.410414e-06	-1.088554e-09	-2.385933e+01	-1.188111e+02
6.300000e-06	-4.457116e-06	-1.099669e-09	-2.411198e+01	-1.199153e+02
6.310000e-06	-4.503500e-06	-1.109268e-09	-2.436291e+01	-1.209972e+02
6.320000e-06	-4.549587e-06	-1.118630e-09	-2.461223e+01	-1.220573e+02
6.330000e-06	-4.595399e-06	-1.128225e-09	-2.486006e+01	-1.230960e+02
6.340000e-06	-4.640774e-06	-1.137120e-09	-2.510553e+01	-1.241138e+02
6.350000e-06	-4.685743e-06	-1.145171e-09	-2.534880e+01	-1.251112e+02
6.360000e-06	-4.730398e-06	-1.153426e-09	-2.559037e+01	-1.260887e+02
6.370000e-06	-4.774775e-06	-1.161974e-09	-2.583045e+01	-1.270469e+02
6.380000e-06	-4.818971e-06	-1.170134e-09	-2.606954e+01	-1.279865e+02
6.390000e-06	-4.862976e-06	-1.178282e-09	-2.630759e+01	-1.289079e+02
6.400000e-06	-4.906704e-06	-1.186035e-09	-2.654415e+01	-1.298119e+02
6.410000e-06	-4.950121e-06	-1.193195e-09	-2.677903e+01	-1.306989e+02
6.420000e-06	-4.993230e-06	-1.200879e-09	-2.701223e+01	-1.315697e+02
6.430000e-06	-5.035999e-06	-1.208312e-09	-2.724360e+01	-1.324248e+02
6.440000e-06	-5.078373e-06	-1.215213e-09	-2.747284e+01	-1.332648e+02
6.450000e-06	-5.120393e-06	-1.222244e-09	-2.770016e+01	-1.340902e+02
6.460000e-06	-5.162042e-06	-1.229435e-09	-2.792547e+01	-1.349016e+02
6.470000e-06	-5.203374e-06	-1.237633e-09	-2.814907e+01	-1.356994e+02
6.480000e-06	-5.244392e-06	-1.245231e-09	-2.837097e+01	-1.364840e+02
6.490000e-06	-5.285054e-06	-1.251418e-09	-2.859094e+01	-1.372559e+02
6.500000e-06	-5.325419e-06	-1.257522e-09	-2.880931e+01	-1.380154e+02
6.510000e-06	-5.365448e-06	-1.263404e-09	-2.902585e+01	-1.387628e+02
6.520000e-06	-5.405236e-06	-1.269553e-09	-2.924110e+01	-1.394984e+02
6.530000e-06	-5.444774e-06	-1.275569e-09	-2.945499e+01	-1.402223e+02
6.540000e-06	-5.483799e-06	-1.280627e-09	-2.966610e+01	-1.409348e+02
6.550000e-06	-5.521982e-06	-1.286924e-09	-2.987267e+01	-1.416359e+02
6.560000e-06	-5.559561e-06	-1.294567e-09	-3.007596e+01	-1.423257e+02
6.570000e-06	-5.596646e-06	-1.301137e-09	-3.027658e+01	-1.430043e+02
6.580000e-06	-5.633205e-06	-1.306092e-09	-3.047436e+01	-1.436716e+02
6.590000e-06	-5.669558e-06	-1.310365e-09	-3.067101e+01	-1.443275e+02
6.600000e-06	-5.705688e-06	-1.315268e-09	-3.086647e+01	-1.449722e+02
6.610000e-06	-5.741545e-06	-1.320024e-09	-3.106045e+01	-1.456054e+02
6.620000e-06	-5.777014e-06	-1.323911e-09	-3.125233e+01	-1.462270e+02
6.630000e-06	-5.811998e-06	-1.328335e-09	-3.144158e+01	-1.468370e+02
6.640000e-06	-5.846571e-06	-1.332995e-09	-3.162861e+01	-1.474354e+02
6.650000e-06	-5.880752e-06	-1.337953e-09	-3.181353e+01	-1.480219e+02
6.660000e-06	-5.914479e-06	-1.343286e-09	-3.199598e+01	-1.485965e+02
6.670000e-06	-5.947770e-06	-1.347378e-09	-3.217608e+01	-1.491592e+02
6.680000e-06	-5.980686e-06	-1.350450e-09	-3.235415e+01	-1.497099e+02
6.690000e-06	-6.013310e-06	-1.352955e-09	-3.253064e+01	-1.502487e+02
6.700000e-06	-6.045619e-06	-1.356487e-09	-3.270542e+01	-1.507755e+02
6.710000e-06	-6.077582e-06	-1.361385e-09	-3.287833e+01	-1.512904e+02
6.720000e-06	-6.108992e-06	-1.365539e-09	-3.304825e+01	-1.517936e+02
6.730000e-06	-6.139856e-06	-1.369061e-09	-3.321522e+01	-1.522852e+02
6.740000e-06	-6.170272e-06	-1.372003e-09	-3.337977e+01	-1.527653e+02
6.750000e-06	-6.199942e-06	-1.375481e-09	-3.354028e+01	-1.532341e+02
6.760000e-06	-6.228912e-06	-1.380111e-09	-3.369699e+01	-1.536920e+02
6.770000e-06	-6.257408e-06	-1.383379e-09	-3.385115e+01	-1.541392e+02
6.780000e-06	-6.285583e-06	-1.385013e-09	-3.400357e+01	-1.545760e+02
6.790000e-06	-6.313516e-06	-1.386818e-09	-3.415468e+01	-1.550028e+02
6.800000e-06	-6.340994e-06	-1.387877e-09	-3.430333e+01	-1.554199e+02
6.810000e-06	-6.368019e-06	-1.388596e-09	-3.444953e+01	-1.558277e+02
6.820000e-06	-6.394554e-06	-1.389942e-09	-3.459308e+01	-1.562266e+02
6.830000e-06	-6.420559e-06	-1.391618e-09	-3.473376e+01	-1.566169e+02
6.840000e-06	-6.446107e-06	-1.394055e-09	-3.487197e+01	-1.569991e+02
6.850000e-06	-6.471031e-06	-1.396598e-09	-3.500680e+01	-1.573735e+02
6.860000e-06	-6.495524e-06	-1.398751e-09	-3.513930e+01	-1.577404e+02
6.870000e-06	-6.519852e-06	-1.399734e-09	-3.527091e+01	-1.581002e+02
6.880000e-06	-6.543976e-06	-1.401056e-09	-3.540142e+01	-1.584532e+02
6.890000e-06	-6.567683e-06	-1.404269e-09	-3.552967e+01	-1.587996e+02
6.900000e-06	-6.590810e-06	-1.406928e-09	-3.565478e+01	-1.591397e+02
6.910000e-06	-6.613355e-06	-1.407848e-09	-3.577674e+01	-1.594736e+02
6.920000e-06	-6.635079e-06	-1.409304e-09	-3.589426e+01	-1.598015e+02
6.930000e-06	-6.656106e-06	-1.411696e-09	-3.600801e+01	-1.601234e+02
6.940000e-06	-6.676783e-06	-1.413672e-09	-3.611988e+01	-1.604395e+02
6.950000e-06	-6.697052e-06	-1.415078e-09	-3.622952e+01	-1.607497e+02
6.960000e-06	-6.717019e-06	-1.415927e-09	-3.633754e+01	-1.610540e+02
6.970000e-06	-6.736525e-06	-1.418114e-09	-3.644306e+01	-1.613523e+02
6.980000e-06	-6.755424e-06	-1.421677e-09	-3.654530e+01	-1.616445e+02
6.990000e-06	-6.773859e-06	-1.423946e-09	-3.664503e+01	-1.619304e+02
7.000000e-06	-6.791870e-06	-1.423947e-09	-3.674247e+01	-1.622098e+02
7.010000e-06	-6.809477e-06	-1.423861e-09	-3.683772e+01	-1.624827e+02
7.020000e-06	-6.826640e-06	-1.425853e-09	-3.693057e+01	-1.627486e+02
7.030000e-06	-6.843407e-06	-1.428622e-09	-3.702127e+01	-1.630074e+02
7.040000e-06	-6.859857e-06	-1.430510e-09	-3.711026e+01	-1.632589e+02
7.050000e-06	-6.875915e-06	-1.431926e-09	-3.719713e+01	-1.635029e+02
7.060000e-06	-6.891579e-06	-1.433415e-09	-3.728187e+01	-1.637391e+02
7.070000e-06	-6.906586e-06	-1.435178e-09	-3.736305e+01	-1.639673e+02
7.080000e-06	-6.920641e-06	-1.436489e-09	-3.743909e+01	-1.641873e+02
7.090000e-06	-6.933891e-06	-1.437270e-09	-3.751077e+01	-1.643991e+02
7.100000e-06	-6.946563e-06	-1.437358e-09	-3.757932e+01	-1.646024e+02
7.110000e-06	-6.958838e-06	-1.437587e-09	-3.764573e+01	-1.647971e+02
7.120000e-06	-6.970626e-06	-1.439446e-09	-3.770950e+01	-1.649833e+02
7.130000e-06	-6.981800e-06	-1.440968e-09	-3.776995e+01	-1.651609e+02
7.140000e-06	-6.992381e-06	-1.442033e-09	-3.782719e+01	-1.653299e+02
7.150000e-06	-7.002477e-06	-1.443535e-09	-3.788180e+01	-1.654904e+02
7.160000e-06	-7.012119e-06	-1.446599e-09	-3.793397e+01	-1.656424e+02
7.170000e-06	-7.021275e-06	-1.449798e-09	-3.798350e+01	-1.657862e+02
7.180000e-06	-7.029975e-06	-1.449764e-09	-3.803056e+01	-1.659218e+02
7.190000e-06	-7.038357e-06	-1.447274e-09	-3.807591e+01	-1.660495e+02
7.200000e-06	-7.046498e-06	-1.444969e-09	-3.811995e+01	-1.661694e+02
7.210000e-06	-7.054350e-06	-1.444228e-09	-3.816242e+01	-1.662818e+02
7.220000e-06	-7.061503e-06	-1.444128e-09	-3.820112e+01	-1.663869e+02
7.230000e-06	-7.067726e-06	-1.444094e-09	-3.823479e+01	-1.664850e+02
7.240000e-06	-7.073233e-06	-1.444117e-09	-3.826458e+01	-1.665763e+02
7.250000e-06	-7.078026e-06	-1.443724e-09	-3.829051e+01	-1.666610e+02
7.260000e-06	-7.082371e-06	-1.443898e-09	-3.831402e+01	-1.667394e+02
7.270000e-06	-7.086480e-06	-1.444295e-09	-3.833624e+01	-1.668116e+02
7.280000e-06	-7.090192e-06	-1.444558e-09	-3.835632e+01	-1.668779e+02
7.290000e-06	-7.093487e-06	-1.444260e-09	-3.837415e+01	-1.669383e+02
7.300000e-06	-7.096268e-06	-1.443208e-09	-3.838919e+01	-1.669930e+02
7.310000e-06	-7.098553e-06	-1.442761e-09	-3.840155e+01	-1.670421e+02
7.320000e-06	-7.100421e-06	-1.443029e-09	-3.841166e+01	-1.670856e+02
7.330000e-06	-7.101616e-06	-1.443920e-09	-3.841813e+01	-1.671235e+02
7.340000e-06	-7.102360e-06	-1.444286e-09	-3.842215e+01	-1.671559e+02
