# Temperatura_=_20.0
# Concentracion g/m^3_=_7400.0
# C_Vs_to_Am_M_A/Vsm_=_116720831517.84952
# pendiente_HvsI_1/m_=_3716.3
# ordenada_HvsI_A/m_=_1297.0
# frecuencia_Hz_=_136111.11853913963

Tiempo_(s)	Campo_(V.s)	Magnetizacion_(V.s)	Campo_(kA/m)	Magnetizacion_(A/m)
0.000000e+00	-7.122078e-06	-1.646507e-09	-3.841864e+01	-1.902497e+02
1.000000e-08	-7.122357e-06	-1.645645e-09	-3.842015e+01	-1.902477e+02
2.000000e-08	-7.122447e-06	-1.645833e-09	-3.842063e+01	-1.902366e+02
3.000000e-08	-7.122192e-06	-1.645177e-09	-3.841926e+01	-1.902170e+02
4.000000e-08	-7.121278e-06	-1.643110e-09	-3.841433e+01	-1.901893e+02
5.000000e-08	-7.119713e-06	-1.641424e-09	-3.840588e+01	-1.901541e+02
6.000000e-08	-7.117314e-06	-1.640333e-09	-3.839294e+01	-1.901120e+02
7.000000e-08	-7.114065e-06	-1.639081e-09	-3.837541e+01	-1.900635e+02
8.000000e-08	-7.110397e-06	-1.641970e-09	-3.835563e+01	-1.900091e+02
9.000000e-08	-7.106395e-06	-1.649585e-09	-3.833404e+01	-1.899493e+02
1.000000e-07	-7.101780e-06	-1.630948e-09	-3.830915e+01	-1.898843e+02
1.100000e-07	-7.096307e-06	-1.581577e-09	-3.827962e+01	-1.898146e+02
1.200000e-07	-7.090305e-06	-1.604233e-09	-3.824725e+01	-1.897406e+02
1.300000e-07	-7.084276e-06	-1.699477e-09	-3.821472e+01	-1.896624e+02
1.400000e-07	-7.078033e-06	-1.689161e-09	-3.818105e+01	-1.895803e+02
1.500000e-07	-7.071080e-06	-1.565325e-09	-3.814354e+01	-1.894946e+02
1.600000e-07	-7.063524e-06	-1.570634e-09	-3.810278e+01	-1.894053e+02
1.700000e-07	-7.055760e-06	-1.712849e-09	-3.806090e+01	-1.893126e+02
1.800000e-07	-7.047587e-06	-1.682353e-09	-3.801681e+01	-1.892166e+02
1.900000e-07	-7.038712e-06	-1.506760e-09	-3.796894e+01	-1.891173e+02
2.000000e-07	-7.029109e-06	-1.546608e-09	-3.791714e+01	-1.890147e+02
2.100000e-07	-7.019064e-06	-1.740854e-09	-3.786295e+01	-1.889088e+02
2.200000e-07	-7.008487e-06	-1.690655e-09	-3.780590e+01	-1.887996e+02
2.300000e-07	-6.997098e-06	-1.505168e-09	-3.774446e+01	-1.886871e+02
2.400000e-07	-6.985085e-06	-1.559594e-09	-3.767966e+01	-1.885711e+02
2.500000e-07	-6.972557e-06	-1.699138e-09	-3.761208e+01	-1.884516e+02
2.600000e-07	-6.959489e-06	-1.615911e-09	-3.754159e+01	-1.883285e+02
2.700000e-07	-6.945810e-06	-1.526386e-09	-3.746780e+01	-1.882017e+02
2.800000e-07	-6.931662e-06	-1.630796e-09	-3.739148e+01	-1.880711e+02
2.900000e-07	-6.916785e-06	-1.663677e-09	-3.731123e+01	-1.879366e+02
3.000000e-07	-6.900996e-06	-1.555553e-09	-3.722606e+01	-1.877981e+02
3.100000e-07	-6.884624e-06	-1.572050e-09	-3.713774e+01	-1.876555e+02
3.200000e-07	-6.867877e-06	-1.651201e-09	-3.704740e+01	-1.875086e+02
3.300000e-07	-6.850788e-06	-1.567769e-09	-3.695522e+01	-1.873573e+02
3.400000e-07	-6.833375e-06	-1.527583e-09	-3.686129e+01	-1.872016e+02
3.500000e-07	-6.815501e-06	-1.652684e-09	-3.676487e+01	-1.870412e+02
3.600000e-07	-6.796939e-06	-1.645365e-09	-3.666475e+01	-1.868761e+02
3.700000e-07	-6.777789e-06	-1.504142e-09	-3.656144e+01	-1.867060e+02
3.800000e-07	-6.758233e-06	-1.547013e-09	-3.645595e+01	-1.865309e+02
3.900000e-07	-6.738383e-06	-1.651320e-09	-3.634887e+01	-1.863506e+02
4.000000e-07	-6.718216e-06	-1.567683e-09	-3.624009e+01	-1.861648e+02
4.100000e-07	-6.697551e-06	-1.512439e-09	-3.612862e+01	-1.859735e+02
4.200000e-07	-6.676317e-06	-1.607719e-09	-3.601407e+01	-1.857763e+02
4.300000e-07	-6.654581e-06	-1.607378e-09	-3.589682e+01	-1.855731e+02
4.400000e-07	-6.632424e-06	-1.529306e-09	-3.577730e+01	-1.853636e+02
4.500000e-07	-6.609766e-06	-1.566408e-09	-3.565508e+01	-1.851475e+02
4.600000e-07	-6.586530e-06	-1.592970e-09	-3.552973e+01	-1.849247e+02
4.700000e-07	-6.562971e-06	-1.530948e-09	-3.540265e+01	-1.846948e+02
4.800000e-07	-6.539244e-06	-1.547689e-09	-3.527466e+01	-1.844575e+02
4.900000e-07	-6.515206e-06	-1.599551e-09	-3.514499e+01	-1.842125e+02
5.000000e-07	-6.490585e-06	-1.548143e-09	-3.501218e+01	-1.839596e+02
5.100000e-07	-6.465313e-06	-1.514915e-09	-3.487585e+01	-1.836984e+02
5.200000e-07	-6.439217e-06	-1.559384e-09	-3.473508e+01	-1.834285e+02
5.300000e-07	-6.412332e-06	-1.553004e-09	-3.459006e+01	-1.831498e+02
5.400000e-07	-6.384918e-06	-1.517792e-09	-3.444217e+01	-1.828619e+02
5.500000e-07	-6.357179e-06	-1.536854e-09	-3.429255e+01	-1.825645e+02
5.600000e-07	-6.329227e-06	-1.542371e-09	-3.414176e+01	-1.822574e+02
5.700000e-07	-6.300893e-06	-1.517051e-09	-3.398892e+01	-1.819402e+02
5.800000e-07	-6.272081e-06	-1.519682e-09	-3.383350e+01	-1.816128e+02
5.900000e-07	-6.242876e-06	-1.522632e-09	-3.367596e+01	-1.812749e+02
6.000000e-07	-6.213283e-06	-1.505720e-09	-3.351632e+01	-1.809264e+02
6.100000e-07	-6.183258e-06	-1.507747e-09	-3.335436e+01	-1.805671e+02
6.200000e-07	-6.152802e-06	-1.514689e-09	-3.319007e+01	-1.801969e+02
6.300000e-07	-6.121892e-06	-1.504374e-09	-3.302334e+01	-1.798157e+02
6.400000e-07	-6.090542e-06	-1.498474e-09	-3.285423e+01	-1.794234e+02
6.500000e-07	-6.058862e-06	-1.494039e-09	-3.268333e+01	-1.790201e+02
6.600000e-07	-6.026959e-06	-1.484442e-09	-3.251124e+01	-1.786057e+02
6.700000e-07	-5.994751e-06	-1.486181e-09	-3.233750e+01	-1.781802e+02
6.800000e-07	-5.962091e-06	-1.486881e-09	-3.216132e+01	-1.777438e+02
6.900000e-07	-5.928683e-06	-1.476863e-09	-3.198111e+01	-1.772966e+02
7.000000e-07	-5.894531e-06	-1.472837e-09	-3.179688e+01	-1.768386e+02
7.100000e-07	-5.859692e-06	-1.468988e-09	-3.160895e+01	-1.763701e+02
7.200000e-07	-5.824276e-06	-1.457228e-09	-3.141790e+01	-1.758911e+02
7.300000e-07	-5.788618e-06	-1.453672e-09	-3.122555e+01	-1.754020e+02
7.400000e-07	-5.752826e-06	-1.454118e-09	-3.103248e+01	-1.749028e+02
7.500000e-07	-5.716805e-06	-1.446421e-09	-3.083818e+01	-1.743938e+02
7.600000e-07	-5.680407e-06	-1.443891e-09	-3.064183e+01	-1.738752e+02
7.700000e-07	-5.643609e-06	-1.446007e-09	-3.044333e+01	-1.733473e+02
7.800000e-07	-5.606412e-06	-1.437797e-09	-3.024268e+01	-1.728102e+02
7.900000e-07	-5.568755e-06	-1.426031e-09	-3.003955e+01	-1.722641e+02
8.000000e-07	-5.530548e-06	-1.419786e-09	-2.983344e+01	-1.717093e+02
8.100000e-07	-5.491832e-06	-1.414010e-09	-2.962460e+01	-1.711459e+02
8.200000e-07	-5.452697e-06	-1.409221e-09	-2.941350e+01	-1.705742e+02
8.300000e-07	-5.413228e-06	-1.406750e-09	-2.920059e+01	-1.699943e+02
8.400000e-07	-5.373577e-06	-1.401963e-09	-2.898670e+01	-1.694064e+02
8.500000e-07	-5.333731e-06	-1.394297e-09	-2.877176e+01	-1.688106e+02
8.600000e-07	-5.293632e-06	-1.387889e-09	-2.855545e+01	-1.682071e+02
8.700000e-07	-5.253108e-06	-1.381956e-09	-2.833685e+01	-1.675959e+02
8.800000e-07	-5.211942e-06	-1.374922e-09	-2.811479e+01	-1.669772e+02
8.900000e-07	-5.170251e-06	-1.367098e-09	-2.788989e+01	-1.663511e+02
9.000000e-07	-5.128073e-06	-1.360168e-09	-2.766238e+01	-1.657176e+02
9.100000e-07	-5.085387e-06	-1.355021e-09	-2.743211e+01	-1.650768e+02
9.200000e-07	-5.042290e-06	-1.349644e-09	-2.719963e+01	-1.644288e+02
9.300000e-07	-4.998769e-06	-1.342207e-09	-2.696487e+01	-1.637736e+02
9.400000e-07	-4.954896e-06	-1.334650e-09	-2.672821e+01	-1.631113e+02
9.500000e-07	-4.910803e-06	-1.329049e-09	-2.649035e+01	-1.624417e+02
9.600000e-07	-4.866483e-06	-1.323982e-09	-2.625128e+01	-1.617651e+02
9.700000e-07	-4.821839e-06	-1.317666e-09	-2.601045e+01	-1.610814e+02
9.800000e-07	-4.776763e-06	-1.310118e-09	-2.576730e+01	-1.603905e+02
9.900000e-07	-4.731327e-06	-1.302405e-09	-2.552221e+01	-1.596925e+02
1.000000e-06	-4.685621e-06	-1.295545e-09	-2.527565e+01	-1.589873e+02
1.010000e-06	-4.639560e-06	-1.289637e-09	-2.502719e+01	-1.582749e+02
1.020000e-06	-4.593220e-06	-1.284017e-09	-2.477722e+01	-1.575552e+02
1.030000e-06	-4.546630e-06	-1.278386e-09	-2.452590e+01	-1.568282e+02
1.040000e-06	-4.499686e-06	-1.271884e-09	-2.427266e+01	-1.560937e+02
1.050000e-06	-4.452447e-06	-1.265583e-09	-2.401785e+01	-1.553517e+02
1.060000e-06	-4.404886e-06	-1.260363e-09	-2.376128e+01	-1.546018e+02
1.070000e-06	-4.357098e-06	-1.254911e-09	-2.350350e+01	-1.538441e+02
1.080000e-06	-4.309181e-06	-1.248292e-09	-2.324503e+01	-1.530782e+02
1.090000e-06	-4.260922e-06	-1.240912e-09	-2.298470e+01	-1.523039e+02
1.100000e-06	-4.212157e-06	-1.233718e-09	-2.272165e+01	-1.515210e+02
1.110000e-06	-4.163098e-06	-1.227437e-09	-2.245701e+01	-1.507290e+02
1.120000e-06	-4.113649e-06	-1.221118e-09	-2.219027e+01	-1.499276e+02
1.130000e-06	-4.063593e-06	-1.213930e-09	-2.192025e+01	-1.491164e+02
1.140000e-06	-4.012968e-06	-1.206628e-09	-2.164716e+01	-1.482950e+02
1.150000e-06	-3.961960e-06	-1.200066e-09	-2.137201e+01	-1.474628e+02
1.160000e-06	-3.910769e-06	-1.193687e-09	-2.109587e+01	-1.466193e+02
1.170000e-06	-3.859260e-06	-1.186230e-09	-2.081801e+01	-1.457640e+02
1.180000e-06	-3.807409e-06	-1.177672e-09	-2.053832e+01	-1.448962e+02
1.190000e-06	-3.755278e-06	-1.169413e-09	-2.025711e+01	-1.440154e+02
1.200000e-06	-3.702825e-06	-1.161585e-09	-1.997416e+01	-1.431209e+02
1.210000e-06	-3.650066e-06	-1.153893e-09	-1.968956e+01	-1.422121e+02
1.220000e-06	-3.596952e-06	-1.146269e-09	-1.940305e+01	-1.412883e+02
1.230000e-06	-3.543570e-06	-1.138183e-09	-1.911509e+01	-1.403489e+02
1.240000e-06	-3.490064e-06	-1.128907e-09	-1.882646e+01	-1.393933e+02
1.250000e-06	-3.436344e-06	-1.119588e-09	-1.853668e+01	-1.384209e+02
1.260000e-06	-3.382428e-06	-1.111703e-09	-1.824584e+01	-1.374310e+02
1.270000e-06	-3.328386e-06	-1.102914e-09	-1.795432e+01	-1.364232e+02
1.280000e-06	-3.274075e-06	-1.092408e-09	-1.766135e+01	-1.353971e+02
1.290000e-06	-3.219373e-06	-1.083064e-09	-1.736627e+01	-1.343520e+02
1.300000e-06	-3.164392e-06	-1.075434e-09	-1.706969e+01	-1.332878e+02
1.310000e-06	-3.109169e-06	-1.067000e-09	-1.677180e+01	-1.322042e+02
1.320000e-06	-3.053753e-06	-1.057321e-09	-1.647287e+01	-1.311008e+02
1.330000e-06	-2.998187e-06	-1.047499e-09	-1.617313e+01	-1.299777e+02
1.340000e-06	-2.942453e-06	-1.037625e-09	-1.587248e+01	-1.288347e+02
1.350000e-06	-2.886629e-06	-1.027889e-09	-1.557135e+01	-1.276720e+02
1.360000e-06	-2.830761e-06	-1.018463e-09	-1.526998e+01	-1.264895e+02
1.370000e-06	-2.774858e-06	-1.008791e-09	-1.496842e+01	-1.252875e+02
1.380000e-06	-2.718909e-06	-9.988488e-10	-1.466662e+01	-1.240663e+02
1.390000e-06	-2.662790e-06	-9.894176e-10	-1.436389e+01	-1.228262e+02
1.400000e-06	-2.606518e-06	-9.805684e-10	-1.406034e+01	-1.215675e+02
1.410000e-06	-2.550063e-06	-9.704674e-10	-1.375581e+01	-1.202907e+02
1.420000e-06	-2.493295e-06	-9.596799e-10	-1.344958e+01	-1.189962e+02
1.430000e-06	-2.436160e-06	-9.498745e-10	-1.314138e+01	-1.176846e+02
1.440000e-06	-2.378630e-06	-9.400794e-10	-1.283105e+01	-1.163561e+02
1.450000e-06	-2.320838e-06	-9.291044e-10	-1.251930e+01	-1.150113e+02
1.460000e-06	-2.262725e-06	-9.172084e-10	-1.220582e+01	-1.136506e+02
1.470000e-06	-2.204214e-06	-9.048775e-10	-1.189020e+01	-1.122743e+02
1.480000e-06	-2.145350e-06	-8.925265e-10	-1.157266e+01	-1.108827e+02
1.490000e-06	-2.086279e-06	-8.807744e-10	-1.125402e+01	-1.094760e+02
1.500000e-06	-2.027133e-06	-8.692648e-10	-1.093497e+01	-1.080542e+02
1.510000e-06	-1.967854e-06	-8.568576e-10	-1.061520e+01	-1.066173e+02
1.520000e-06	-1.908392e-06	-8.441025e-10	-1.029444e+01	-1.051651e+02
1.530000e-06	-1.848826e-06	-8.327619e-10	-9.973128e+00	-1.036973e+02
1.540000e-06	-1.789311e-06	-8.218987e-10	-9.652082e+00	-1.022133e+02
1.550000e-06	-1.729720e-06	-8.098610e-10	-9.330633e+00	-1.007125e+02
1.560000e-06	-1.669898e-06	-7.968469e-10	-9.007936e+00	-9.919402e+01
1.570000e-06	-1.610019e-06	-7.830662e-10	-8.684928e+00	-9.765690e+01
1.580000e-06	-1.550165e-06	-7.698913e-10	-8.362061e+00	-9.609992e+01
1.590000e-06	-1.490283e-06	-7.578534e-10	-8.039034e+00	-9.452173e+01
1.600000e-06	-1.430363e-06	-7.454439e-10	-7.715809e+00	-9.292081e+01
1.610000e-06	-1.370291e-06	-7.328480e-10	-7.391766e+00	-9.129547e+01
1.620000e-06	-1.310127e-06	-7.198343e-10	-7.067220e+00	-8.964393e+01
1.630000e-06	-1.249923e-06	-7.062143e-10	-6.742463e+00	-8.796425e+01
1.640000e-06	-1.189634e-06	-6.921675e-10	-6.417244e+00	-8.625442e+01
1.650000e-06	-1.129224e-06	-6.773758e-10	-6.091374e+00	-8.451233e+01
1.660000e-06	-1.068772e-06	-6.624840e-10	-5.765281e+00	-8.273586e+01
1.670000e-06	-1.008290e-06	-6.484635e-10	-5.439019e+00	-8.092283e+01
1.680000e-06	-9.476629e-07	-6.342433e-10	-5.111980e+00	-7.907110e+01
1.690000e-06	-8.870114e-07	-6.184540e-10	-4.784808e+00	-7.717854e+01
1.700000e-06	-8.263350e-07	-6.026944e-10	-4.457500e+00	-7.524313e+01
1.710000e-06	-7.655909e-07	-5.876482e-10	-4.129829e+00	-7.326293e+01
1.720000e-06	-7.047390e-07	-5.722421e-10	-3.801575e+00	-7.123614e+01
1.730000e-06	-6.437774e-07	-5.569491e-10	-3.472730e+00	-6.916112e+01
1.740000e-06	-5.827750e-07	-5.414793e-10	-3.143664e+00	-6.703645e+01
1.750000e-06	-5.217403e-07	-5.247591e-10	-2.814425e+00	-6.486091e+01
1.760000e-06	-4.607468e-07	-5.070192e-10	-2.485408e+00	-6.263355e+01
1.770000e-06	-3.997164e-07	-4.891689e-10	-2.156191e+00	-6.035367e+01
1.780000e-06	-3.386151e-07	-4.710590e-10	-1.826592e+00	-5.802090e+01
1.790000e-06	-2.775461e-07	-4.518478e-10	-1.497167e+00	-5.563514e+01
1.800000e-06	-2.163728e-07	-4.318365e-10	-1.167180e+00	-5.319665e+01
1.810000e-06	-1.551407e-07	-4.113342e-10	-8.368761e-01	-5.070601e+01
1.820000e-06	-9.398331e-08	-3.903208e-10	-5.069744e-01	-4.816413e+01
1.830000e-06	-3.289491e-08	-3.682754e-10	-1.774451e-01	-4.557227e+01
1.840000e-06	2.817281e-08	-3.453983e-10	1.519726e-01	-4.293203e+01
1.850000e-06	8.926866e-08	-3.224850e-10	4.815421e-01	-4.024532e+01
1.860000e-06	1.503365e-07	-2.998551e-10	8.109602e-01	-3.751440e+01
1.870000e-06	2.114303e-07	-2.773056e-10	1.140519e+00	-3.474181e+01
1.880000e-06	2.725093e-07	-2.537161e-10	1.469997e+00	-3.193036e+01
1.890000e-06	3.335412e-07	-2.294340e-10	1.799222e+00	-2.908316e+01
1.900000e-06	3.946009e-07	-2.047747e-10	2.128597e+00	-2.620351e+01
1.910000e-06	4.556508e-07	-1.788659e-10	2.457918e+00	-2.329496e+01
1.920000e-06	5.166199e-07	-1.530655e-10	2.786804e+00	-2.036120e+01
1.930000e-06	5.774928e-07	-1.288999e-10	3.115171e+00	-1.740608e+01
1.940000e-06	6.383607e-07	-1.048195e-10	3.443511e+00	-1.443356e+01
1.950000e-06	6.991912e-07	-7.913648e-11	3.771648e+00	-1.144767e+01
1.960000e-06	7.599349e-07	-5.280648e-11	4.099318e+00	-8.452481e+00
1.970000e-06	8.206081e-07	-2.724359e-11	4.426608e+00	-5.452069e+00
1.980000e-06	8.812012e-07	-2.655496e-12	4.753466e+00	-2.450479e+00
1.990000e-06	9.418099e-07	2.156329e-11	5.080407e+00	5.483031e-01
2.000000e-06	1.002359e-06	4.565609e-11	5.407025e+00	3.540389e+00
2.010000e-06	1.062750e-06	6.991262e-11	5.732794e+00	6.522014e+00
2.020000e-06	1.123069e-06	9.498932e-11	6.058175e+00	9.489566e+00
2.030000e-06	1.183391e-06	1.202011e-10	6.383569e+00	1.243961e+01
2.040000e-06	1.243668e-06	1.444900e-10	6.708721e+00	1.536890e+01
2.050000e-06	1.303811e-06	1.682688e-10	7.033153e+00	1.827444e+01
2.060000e-06	1.363878e-06	1.914447e-10	7.357168e+00	2.115343e+01
2.070000e-06	1.423903e-06	2.134885e-10	7.680964e+00	2.400333e+01
2.080000e-06	1.483871e-06	2.352045e-10	8.004451e+00	2.682187e+01
2.090000e-06	1.543767e-06	2.575984e-10	8.327547e+00	2.960704e+01
2.100000e-06	1.603598e-06	2.805757e-10	8.650292e+00	3.235709e+01
2.110000e-06	1.663382e-06	3.033931e-10	8.972785e+00	3.507052e+01
2.120000e-06	1.723104e-06	3.260304e-10	9.294944e+00	3.774612e+01
2.130000e-06	1.782765e-06	3.481499e-10	9.616772e+00	4.038293e+01
2.140000e-06	1.842324e-06	3.686929e-10	9.938051e+00	4.298023e+01
2.150000e-06	1.901747e-06	3.876832e-10	1.025860e+01	4.553754e+01
2.160000e-06	1.961095e-06	4.064364e-10	1.057874e+01	4.805460e+01
2.170000e-06	2.020411e-06	4.257809e-10	1.089871e+01	5.053139e+01
2.180000e-06	2.079380e-06	4.455529e-10	1.121680e+01	5.296804e+01
2.190000e-06	2.137968e-06	4.653794e-10	1.153285e+01	5.536488e+01
2.200000e-06	2.196418e-06	4.847396e-10	1.184814e+01	5.772241e+01
2.210000e-06	2.254524e-06	5.030497e-10	1.216158e+01	6.004125e+01
2.220000e-06	2.312346e-06	5.206014e-10	1.247349e+01	6.232215e+01
2.230000e-06	2.370024e-06	5.376182e-10	1.278463e+01	6.456597e+01
2.240000e-06	2.427368e-06	5.539553e-10	1.309396e+01	6.677365e+01
2.250000e-06	2.484405e-06	5.701397e-10	1.340163e+01	6.894619e+01
2.260000e-06	2.541242e-06	5.868914e-10	1.370823e+01	7.108466e+01
2.270000e-06	2.597818e-06	6.036326e-10	1.401342e+01	7.319013e+01
2.280000e-06	2.654099e-06	6.193868e-10	1.431701e+01	7.526374e+01
2.290000e-06	2.710212e-06	6.345121e-10	1.461970e+01	7.730657e+01
2.300000e-06	2.766263e-06	6.492199e-10	1.492206e+01	7.931975e+01
2.310000e-06	2.822183e-06	6.644648e-10	1.522371e+01	8.130436e+01
2.320000e-06	2.877919e-06	6.810433e-10	1.552436e+01	8.326145e+01
2.330000e-06	2.933555e-06	6.980153e-10	1.582448e+01	8.519202e+01
2.340000e-06	2.989143e-06	7.138888e-10	1.612434e+01	8.709705e+01
2.350000e-06	3.044548e-06	7.282775e-10	1.642321e+01	8.897744e+01
2.360000e-06	3.099686e-06	7.418115e-10	1.672064e+01	9.083403e+01
2.370000e-06	3.154624e-06	7.545072e-10	1.701700e+01	9.266761e+01
2.380000e-06	3.209402e-06	7.666534e-10	1.731248e+01	9.447889e+01
2.390000e-06	3.263903e-06	7.792793e-10	1.760648e+01	9.626850e+01
2.400000e-06	3.318111e-06	7.933749e-10	1.789889e+01	9.803702e+01
2.410000e-06	3.372134e-06	8.084372e-10	1.819031e+01	9.978493e+01
2.420000e-06	3.425996e-06	8.232983e-10	1.848086e+01	1.015126e+02
2.430000e-06	3.479483e-06	8.374160e-10	1.876938e+01	1.032205e+02
2.440000e-06	3.532601e-06	8.506543e-10	1.905592e+01	1.049088e+02
2.450000e-06	3.585646e-06	8.635523e-10	1.934206e+01	1.065778e+02
2.460000e-06	3.638560e-06	8.766587e-10	1.962749e+01	1.082274e+02
2.470000e-06	3.691098e-06	8.899809e-10	1.991090e+01	1.098580e+02
2.480000e-06	3.743296e-06	9.028968e-10	2.019247e+01	1.114694e+02
2.490000e-06	3.795210e-06	9.152901e-10	2.047251e+01	1.130616e+02
2.500000e-06	3.846839e-06	9.276030e-10	2.075101e+01	1.146345e+02
2.510000e-06	3.898208e-06	9.401091e-10	2.102811e+01	1.161879e+02
2.520000e-06	3.949223e-06	9.530493e-10	2.130330e+01	1.177217e+02
2.530000e-06	3.999737e-06	9.656566e-10	2.157579e+01	1.192357e+02
2.540000e-06	4.049684e-06	9.772640e-10	2.184522e+01	1.207295e+02
2.550000e-06	4.099189e-06	9.884723e-10	2.211226e+01	1.222029e+02
2.560000e-06	4.148249e-06	9.998719e-10	2.237691e+01	1.236556e+02
2.570000e-06	4.196911e-06	1.010852e-09	2.263940e+01	1.250873e+02
2.580000e-06	4.245229e-06	1.021187e-09	2.290005e+01	1.264975e+02
2.590000e-06	4.293303e-06	1.032062e-09	2.315937e+01	1.278861e+02
2.600000e-06	4.341155e-06	1.043853e-09	2.341750e+01	1.292526e+02
2.610000e-06	4.388751e-06	1.055718e-09	2.367425e+01	1.305968e+02
2.620000e-06	4.436105e-06	1.066913e-09	2.392969e+01	1.319183e+02
2.630000e-06	4.483162e-06	1.076422e-09	2.418353e+01	1.332169e+02
2.640000e-06	4.529918e-06	1.085466e-09	2.443575e+01	1.344923e+02
2.650000e-06	4.576408e-06	1.095664e-09	2.468653e+01	1.357443e+02
2.660000e-06	4.622680e-06	1.105981e-09	2.493613e+01	1.369727e+02
2.670000e-06	4.668546e-06	1.115205e-09	2.518355e+01	1.381775e+02
2.680000e-06	4.713981e-06	1.123764e-09	2.542864e+01	1.393586e+02
2.690000e-06	4.759057e-06	1.132937e-09	2.567179e+01	1.405158e+02
2.700000e-06	4.803858e-06	1.142214e-09	2.591346e+01	1.416494e+02
2.710000e-06	4.848366e-06	1.150521e-09	2.615355e+01	1.427593e+02
2.720000e-06	4.892520e-06	1.159069e-09	2.639173e+01	1.438458e+02
2.730000e-06	4.936476e-06	1.168417e-09	2.662884e+01	1.449091e+02
2.740000e-06	4.980323e-06	1.177648e-09	2.686537e+01	1.459494e+02
2.750000e-06	5.023975e-06	1.186791e-09	2.710084e+01	1.469671e+02
2.760000e-06	5.067220e-06	1.194813e-09	2.733411e+01	1.479627e+02
2.770000e-06	5.109958e-06	1.201188e-09	2.756466e+01	1.489366e+02
2.780000e-06	5.152207e-06	1.208196e-09	2.779256e+01	1.498892e+02
2.790000e-06	5.193737e-06	1.217095e-09	2.801659e+01	1.508213e+02
2.800000e-06	5.234544e-06	1.226501e-09	2.823671e+01	1.517333e+02
2.810000e-06	5.274862e-06	1.234971e-09	2.845420e+01	1.526259e+02
2.820000e-06	5.314850e-06	1.242617e-09	2.866990e+01	1.534998e+02
2.830000e-06	5.354661e-06	1.250043e-09	2.888466e+01	1.543558e+02
2.840000e-06	5.394286e-06	1.257369e-09	2.909841e+01	1.551943e+02
2.850000e-06	5.433569e-06	1.264349e-09	2.931031e+01	1.560163e+02
2.860000e-06	5.472471e-06	1.270108e-09	2.952016e+01	1.568224e+02
2.870000e-06	5.511091e-06	1.275236e-09	2.972849e+01	1.576133e+02
2.880000e-06	5.549313e-06	1.281662e-09	2.993467e+01	1.583896e+02
2.890000e-06	5.587068e-06	1.289504e-09	3.013834e+01	1.591521e+02
2.900000e-06	5.624465e-06	1.297093e-09	3.034006e+01	1.599014e+02
2.910000e-06	5.661446e-06	1.302928e-09	3.053955e+01	1.606380e+02
2.920000e-06	5.697927e-06	1.308664e-09	3.073634e+01	1.613626e+02
2.930000e-06	5.734014e-06	1.316525e-09	3.093100e+01	1.620755e+02
2.940000e-06	5.769854e-06	1.325573e-09	3.112434e+01	1.627774e+02
2.950000e-06	5.805593e-06	1.332623e-09	3.131713e+01	1.634685e+02
2.960000e-06	5.841135e-06	1.336503e-09	3.150885e+01	1.641492e+02
2.970000e-06	5.876289e-06	1.340566e-09	3.169848e+01	1.648199e+02
2.980000e-06	5.910841e-06	1.346867e-09	3.188486e+01	1.654808e+02
2.990000e-06	5.944607e-06	1.354081e-09	3.206701e+01	1.661320e+02
3.000000e-06	5.977591e-06	1.360178e-09	3.224493e+01	1.667739e+02
3.010000e-06	6.009918e-06	1.364958e-09	3.241931e+01	1.674064e+02
3.020000e-06	6.041833e-06	1.370095e-09	3.259147e+01	1.680296e+02
3.030000e-06	6.073483e-06	1.376340e-09	3.276220e+01	1.686437e+02
3.040000e-06	6.104900e-06	1.382921e-09	3.293167e+01	1.692487e+02
3.050000e-06	6.136039e-06	1.389049e-09	3.309965e+01	1.698444e+02
3.060000e-06	6.166723e-06	1.394993e-09	3.326516e+01	1.704310e+02
3.070000e-06	6.196898e-06	1.401099e-09	3.342794e+01	1.710085e+02
3.080000e-06	6.226633e-06	1.406475e-09	3.358834e+01	1.715767e+02
3.090000e-06	6.255947e-06	1.410954e-09	3.374647e+01	1.721358e+02
3.100000e-06	6.284806e-06	1.416078e-09	3.390214e+01	1.726857e+02
3.110000e-06	6.313265e-06	1.422411e-09	3.405566e+01	1.732264e+02
3.120000e-06	6.341382e-06	1.428509e-09	3.420733e+01	1.737579e+02
3.130000e-06	6.369213e-06	1.434352e-09	3.435746e+01	1.742804e+02
3.140000e-06	6.396715e-06	1.440410e-09	3.450581e+01	1.747940e+02
3.150000e-06	6.423855e-06	1.445113e-09	3.465222e+01	1.752986e+02
3.160000e-06	6.450561e-06	1.448864e-09	3.479628e+01	1.757946e+02
3.170000e-06	6.476494e-06	1.453470e-09	3.493616e+01	1.762820e+02
3.180000e-06	6.501544e-06	1.458557e-09	3.507129e+01	1.767611e+02
3.190000e-06	6.525931e-06	1.463435e-09	3.520284e+01	1.772321e+02
3.200000e-06	6.549901e-06	1.467588e-09	3.533215e+01	1.776952e+02
3.210000e-06	6.573445e-06	1.470946e-09	3.545915e+01	1.781506e+02
3.220000e-06	6.596524e-06	1.474183e-09	3.558365e+01	1.785987e+02
3.230000e-06	6.619184e-06	1.477810e-09	3.570588e+01	1.790397e+02
3.240000e-06	6.641371e-06	1.482139e-09	3.582556e+01	1.794739e+02
3.250000e-06	6.663070e-06	1.486866e-09	3.594261e+01	1.799015e+02
3.260000e-06	6.684346e-06	1.491451e-09	3.605738e+01	1.803228e+02
3.270000e-06	6.705191e-06	1.496125e-09	3.616982e+01	1.807380e+02
3.280000e-06	6.725552e-06	1.500303e-09	3.627966e+01	1.811472e+02
3.290000e-06	6.745533e-06	1.503663e-09	3.638744e+01	1.815506e+02
3.300000e-06	6.765261e-06	1.507537e-09	3.649386e+01	1.819484e+02
3.310000e-06	6.784660e-06	1.512040e-09	3.659851e+01	1.823405e+02
3.320000e-06	6.803580e-06	1.516569e-09	3.670057e+01	1.827271e+02
3.330000e-06	6.821873e-06	1.521342e-09	3.679924e+01	1.831079e+02
3.340000e-06	6.839563e-06	1.525055e-09	3.689467e+01	1.834831e+02
3.350000e-06	6.856804e-06	1.528034e-09	3.698767e+01	1.838523e+02
3.360000e-06	6.873615e-06	1.532215e-09	3.707836e+01	1.842153e+02
3.370000e-06	6.889905e-06	1.536599e-09	3.716623e+01	1.845720e+02
3.380000e-06	6.905669e-06	1.540304e-09	3.725127e+01	1.849219e+02
3.390000e-06	6.920915e-06	1.543578e-09	3.733351e+01	1.852647e+02
3.400000e-06	6.935654e-06	1.546643e-09	3.741301e+01	1.856000e+02
3.410000e-06	6.949830e-06	1.550688e-09	3.748949e+01	1.859273e+02
3.420000e-06	6.963455e-06	1.555033e-09	3.756298e+01	1.862462e+02
3.430000e-06	6.976616e-06	1.558367e-09	3.763397e+01	1.865560e+02
3.440000e-06	6.989258e-06	1.561228e-09	3.770217e+01	1.868564e+02
3.450000e-06	7.001411e-06	1.564441e-09	3.776773e+01	1.871466e+02
3.460000e-06	7.013094e-06	1.569089e-09	3.783075e+01	1.874263e+02
3.470000e-06	7.024227e-06	1.573902e-09	3.789080e+01	1.876949e+02
3.480000e-06	7.034666e-06	1.577131e-09	3.794712e+01	1.879519e+02
3.490000e-06	7.044223e-06	1.579069e-09	3.799867e+01	1.881969e+02
3.500000e-06	7.052965e-06	1.581587e-09	3.804583e+01	1.884293e+02
3.510000e-06	7.061136e-06	1.585134e-09	3.808990e+01	1.886488e+02
3.520000e-06	7.068889e-06	1.588055e-09	3.813172e+01	1.888550e+02
3.530000e-06	7.076332e-06	1.588972e-09	3.817188e+01	1.890478e+02
3.540000e-06	7.083398e-06	1.588503e-09	3.820999e+01	1.892268e+02
3.550000e-06	7.089940e-06	1.589815e-09	3.824528e+01	1.893920e+02
3.560000e-06	7.095945e-06	1.593391e-09	3.827767e+01	1.895432e+02
3.570000e-06	7.101417e-06	1.597466e-09	3.830719e+01	1.896805e+02
3.580000e-06	7.106414e-06	1.600471e-09	3.833414e+01	1.898039e+02
3.590000e-06	7.110906e-06	1.602256e-09	3.835837e+01	1.899135e+02
3.600000e-06	7.114980e-06	1.604650e-09	3.838035e+01	1.900096e+02
3.610000e-06	7.118832e-06	1.607513e-09	3.840113e+01	1.900925e+02
3.620000e-06	7.122322e-06	1.609301e-09	3.841996e+01	1.901624e+02
3.630000e-06	7.125262e-06	1.609860e-09	3.843582e+01	1.902198e+02
3.640000e-06	7.127522e-06	1.610821e-09	3.844801e+01	1.902651e+02
3.650000e-06	7.128939e-06	1.612405e-09	3.845565e+01	1.902987e+02
3.660000e-06	7.129600e-06	1.613586e-09	3.845922e+01	1.903213e+02
3.670000e-06	7.129745e-06	1.615064e-09	3.846000e+01	1.903334e+02
3.680000e-06	7.129512e-06	1.615751e-09	3.845874e+01	1.903354e+02
3.690000e-06	7.128982e-06	1.614921e-09	3.845588e+01	1.903281e+02
3.700000e-06	7.128056e-06	1.614934e-09	3.845089e+01	1.903119e+02
3.710000e-06	7.126563e-06	1.616119e-09	3.844283e+01	1.902875e+02
3.720000e-06	7.124552e-06	1.616804e-09	3.843199e+01	1.902554e+02
3.730000e-06	7.122078e-06	1.616780e-09	3.841864e+01	1.902161e+02
3.740000e-06	7.119153e-06	1.616385e-09	3.840286e+01	1.901702e+02
3.750000e-06	7.115838e-06	1.606170e-09	3.838498e+01	1.901183e+02
3.760000e-06	7.111997e-06	1.598113e-09	3.836426e+01	1.900606e+02
3.770000e-06	7.107494e-06	1.646726e-09	3.833997e+01	1.899977e+02
3.780000e-06	7.102082e-06	1.699793e-09	3.831077e+01	1.899300e+02
3.790000e-06	7.095772e-06	1.609178e-09	3.827674e+01	1.898577e+02
3.800000e-06	7.089113e-06	1.513503e-09	3.824082e+01	1.897812e+02
3.810000e-06	7.082405e-06	1.608736e-09	3.820463e+01	1.897007e+02
3.820000e-06	7.075268e-06	1.726137e-09	3.816613e+01	1.896165e+02
3.830000e-06	7.067447e-06	1.625401e-09	3.812394e+01	1.895287e+02
3.840000e-06	7.059202e-06	1.492377e-09	3.807947e+01	1.894374e+02
3.850000e-06	7.050687e-06	1.629083e-09	3.803354e+01	1.893428e+02
3.860000e-06	7.041588e-06	1.787784e-09	3.798445e+01	1.892448e+02
3.870000e-06	7.031800e-06	1.617429e-09	3.793165e+01	1.891436e+02
3.880000e-06	7.021626e-06	1.427146e-09	3.787677e+01	1.890391e+02
3.890000e-06	7.011236e-06	1.612097e-09	3.782073e+01	1.889313e+02
3.900000e-06	7.000365e-06	1.798850e-09	3.776208e+01	1.888202e+02
3.910000e-06	6.988766e-06	1.609301e-09	3.769951e+01	1.887056e+02
3.920000e-06	6.976577e-06	1.467879e-09	3.763377e+01	1.885876e+02
3.930000e-06	6.963796e-06	1.679902e-09	3.756482e+01	1.884660e+02
3.940000e-06	6.950212e-06	1.752432e-09	3.749155e+01	1.883408e+02
3.950000e-06	6.935881e-06	1.517808e-09	3.741424e+01	1.882118e+02
3.960000e-06	6.921035e-06	1.511335e-09	3.733415e+01	1.880789e+02
3.970000e-06	6.905554e-06	1.740675e-09	3.725065e+01	1.879421e+02
3.980000e-06	6.889494e-06	1.681336e-09	3.716401e+01	1.878012e+02
3.990000e-06	6.873113e-06	1.496801e-09	3.707565e+01	1.876561e+02
4.000000e-06	6.856534e-06	1.627877e-09	3.698622e+01	1.875067e+02
4.010000e-06	6.839458e-06	1.731601e-09	3.689411e+01	1.873529e+02
4.020000e-06	6.821700e-06	1.537324e-09	3.679831e+01	1.871944e+02
4.030000e-06	6.803502e-06	1.517014e-09	3.670015e+01	1.870313e+02
4.040000e-06	6.784807e-06	1.727358e-09	3.659930e+01	1.868633e+02
4.050000e-06	6.765508e-06	1.669659e-09	3.649519e+01	1.866904e+02
4.060000e-06	6.745820e-06	1.500456e-09	3.638899e+01	1.865122e+02
4.070000e-06	6.725850e-06	1.623330e-09	3.628127e+01	1.863288e+02
4.080000e-06	6.705554e-06	1.709816e-09	3.617178e+01	1.861398e+02
4.090000e-06	6.684887e-06	1.550104e-09	3.606030e+01	1.859450e+02
4.100000e-06	6.663610e-06	1.551475e-09	3.594553e+01	1.857444e+02
4.110000e-06	6.641561e-06	1.691038e-09	3.582659e+01	1.855375e+02
4.120000e-06	6.618677e-06	1.620120e-09	3.570314e+01	1.853242e+02
4.130000e-06	6.595173e-06	1.544997e-09	3.557635e+01	1.851042e+02
4.140000e-06	6.571310e-06	1.645140e-09	3.544763e+01	1.848773e+02
4.150000e-06	6.547092e-06	1.638036e-09	3.531699e+01	1.846431e+02
4.160000e-06	6.522499e-06	1.545578e-09	3.518433e+01	1.844014e+02
4.170000e-06	6.497490e-06	1.604526e-09	3.504943e+01	1.841518e+02
4.180000e-06	6.472066e-06	1.650171e-09	3.491228e+01	1.838941e+02
4.190000e-06	6.446163e-06	1.579101e-09	3.477255e+01	1.836279e+02
4.200000e-06	6.419701e-06	1.584368e-09	3.462981e+01	1.833529e+02
4.210000e-06	6.392826e-06	1.625465e-09	3.448483e+01	1.830689e+02
4.220000e-06	6.365482e-06	1.584339e-09	3.433733e+01	1.827755e+02
4.230000e-06	6.337635e-06	1.575795e-09	3.418712e+01	1.824724e+02
4.240000e-06	6.309532e-06	1.608574e-09	3.403552e+01	1.821595e+02
4.250000e-06	6.281195e-06	1.590781e-09	3.388266e+01	1.818364e+02
4.260000e-06	6.252509e-06	1.581658e-09	3.372792e+01	1.815029e+02
4.270000e-06	6.223342e-06	1.598904e-09	3.357059e+01	1.811588e+02
4.280000e-06	6.193514e-06	1.583504e-09	3.340969e+01	1.808041e+02
4.290000e-06	6.162919e-06	1.575431e-09	3.324465e+01	1.804384e+02
4.300000e-06	6.131587e-06	1.584690e-09	3.307563e+01	1.800618e+02
4.310000e-06	6.099722e-06	1.573241e-09	3.290374e+01	1.796741e+02
4.320000e-06	6.067641e-06	1.575381e-09	3.273069e+01	1.792754e+02
4.330000e-06	6.035267e-06	1.585321e-09	3.255606e+01	1.788656e+02
4.340000e-06	6.002455e-06	1.564863e-09	3.237906e+01	1.784448e+02
4.350000e-06	5.969103e-06	1.558134e-09	3.219914e+01	1.780129e+02
4.360000e-06	5.935272e-06	1.569190e-09	3.201665e+01	1.775702e+02
4.370000e-06	5.901127e-06	1.554742e-09	3.183246e+01	1.771167e+02
4.380000e-06	5.866620e-06	1.548065e-09	3.164632e+01	1.766525e+02
4.390000e-06	5.831691e-06	1.560478e-09	3.145790e+01	1.761779e+02
4.400000e-06	5.796351e-06	1.548961e-09	3.126727e+01	1.756930e+02
4.410000e-06	5.760637e-06	1.537111e-09	3.107462e+01	1.751979e+02
4.420000e-06	5.724599e-06	1.547390e-09	3.088022e+01	1.746930e+02
4.430000e-06	5.688381e-06	1.541586e-09	3.068484e+01	1.741784e+02
4.440000e-06	5.651984e-06	1.526479e-09	3.048851e+01	1.736543e+02
4.450000e-06	5.615087e-06	1.530399e-09	3.028948e+01	1.731210e+02
4.460000e-06	5.577481e-06	1.532965e-09	3.008662e+01	1.725787e+02
4.470000e-06	5.539176e-06	1.524048e-09	2.987999e+01	1.720275e+02
4.480000e-06	5.500239e-06	1.518959e-09	2.966995e+01	1.714677e+02
4.490000e-06	5.460738e-06	1.515835e-09	2.945687e+01	1.708994e+02
4.500000e-06	5.420834e-06	1.510525e-09	2.924162e+01	1.703229e+02
4.510000e-06	5.380711e-06	1.507632e-09	2.902518e+01	1.697383e+02
4.520000e-06	5.340299e-06	1.506942e-09	2.880719e+01	1.691458e+02
4.530000e-06	5.299619e-06	1.502933e-09	2.858775e+01	1.685455e+02
4.540000e-06	5.258541e-06	1.494626e-09	2.836616e+01	1.679375e+02
4.550000e-06	5.217051e-06	1.487378e-09	2.814235e+01	1.673219e+02
4.560000e-06	5.175249e-06	1.485325e-09	2.791686e+01	1.666989e+02
4.570000e-06	5.133083e-06	1.482762e-09	2.768940e+01	1.660685e+02
4.580000e-06	5.090589e-06	1.475209e-09	2.746018e+01	1.654307e+02
4.590000e-06	5.047763e-06	1.469024e-09	2.722916e+01	1.647857e+02
4.600000e-06	5.004573e-06	1.466807e-09	2.699618e+01	1.641335e+02
4.610000e-06	4.961008e-06	1.462488e-09	2.676118e+01	1.634741e+02
4.620000e-06	4.917136e-06	1.455324e-09	2.652452e+01	1.628076e+02
4.630000e-06	4.873106e-06	1.449723e-09	2.628701e+01	1.621339e+02
4.640000e-06	4.828807e-06	1.446070e-09	2.604804e+01	1.614532e+02
4.650000e-06	4.784139e-06	1.441911e-09	2.580709e+01	1.607653e+02
4.660000e-06	4.739163e-06	1.436204e-09	2.556448e+01	1.600702e+02
4.670000e-06	4.693905e-06	1.429232e-09	2.532034e+01	1.593680e+02
4.680000e-06	4.648349e-06	1.421258e-09	2.507460e+01	1.586587e+02
4.690000e-06	4.602429e-06	1.414259e-09	2.482689e+01	1.579420e+02
4.700000e-06	4.555991e-06	1.409373e-09	2.457639e+01	1.572181e+02
4.710000e-06	4.509139e-06	1.405145e-09	2.432366e+01	1.564867e+02
4.720000e-06	4.462205e-06	1.399820e-09	2.407048e+01	1.557478e+02
4.730000e-06	4.415066e-06	1.392561e-09	2.381620e+01	1.550013e+02
4.740000e-06	4.367599e-06	1.384454e-09	2.356015e+01	1.542469e+02
4.750000e-06	4.319736e-06	1.378246e-09	2.330196e+01	1.534844e+02
4.760000e-06	4.271350e-06	1.372818e-09	2.304095e+01	1.527137e+02
4.770000e-06	4.222561e-06	1.365238e-09	2.277777e+01	1.519344e+02
4.780000e-06	4.173467e-06	1.358010e-09	2.251294e+01	1.511462e+02
4.790000e-06	4.124021e-06	1.353771e-09	2.224621e+01	1.503488e+02
4.800000e-06	4.074196e-06	1.348950e-09	2.197744e+01	1.495417e+02
4.810000e-06	4.024134e-06	1.341469e-09	2.170739e+01	1.487246e+02
4.820000e-06	3.973847e-06	1.332649e-09	2.143613e+01	1.478969e+02
4.830000e-06	3.923193e-06	1.324484e-09	2.116289e+01	1.470582e+02
4.840000e-06	3.872207e-06	1.317896e-09	2.088786e+01	1.462079e+02
4.850000e-06	3.820916e-06	1.311296e-09	2.061118e+01	1.453454e+02
4.860000e-06	3.769363e-06	1.303731e-09	2.033308e+01	1.444701e+02
4.870000e-06	3.717670e-06	1.295283e-09	2.005424e+01	1.435814e+02
4.880000e-06	3.665760e-06	1.286886e-09	1.977422e+01	1.426786e+02
4.890000e-06	3.613485e-06	1.279915e-09	1.949223e+01	1.417612e+02
4.900000e-06	3.560936e-06	1.273203e-09	1.920876e+01	1.408284e+02
4.910000e-06	3.508062e-06	1.265253e-09	1.892355e+01	1.398796e+02
4.920000e-06	3.454881e-06	1.256765e-09	1.863667e+01	1.389143e+02
4.930000e-06	3.401403e-06	1.248461e-09	1.834819e+01	1.379317e+02
4.940000e-06	3.347536e-06	1.239901e-09	1.805762e+01	1.369315e+02
4.950000e-06	3.293239e-06	1.230885e-09	1.776473e+01	1.359130e+02
4.960000e-06	3.238561e-06	1.220630e-09	1.746978e+01	1.348759e+02
4.970000e-06	3.183550e-06	1.210070e-09	1.717303e+01	1.338197e+02
4.980000e-06	3.128129e-06	1.201387e-09	1.687407e+01	1.327442e+02
4.990000e-06	3.072375e-06	1.193116e-09	1.657332e+01	1.316491e+02
5.000000e-06	3.016443e-06	1.183386e-09	1.627161e+01	1.305342e+02
5.010000e-06	2.960435e-06	1.172434e-09	1.596948e+01	1.293995e+02
5.020000e-06	2.904340e-06	1.160792e-09	1.566689e+01	1.282450e+02
5.030000e-06	2.848129e-06	1.149451e-09	1.536367e+01	1.270707e+02
5.040000e-06	2.791751e-06	1.140139e-09	1.505955e+01	1.258768e+02
5.050000e-06	2.735066e-06	1.131288e-09	1.475377e+01	1.246636e+02
5.060000e-06	2.678121e-06	1.120724e-09	1.444659e+01	1.234313e+02
5.070000e-06	2.621099e-06	1.109301e-09	1.413900e+01	1.221803e+02
5.080000e-06	2.563971e-06	1.097924e-09	1.383083e+01	1.209110e+02
5.090000e-06	2.506724e-06	1.086262e-09	1.352203e+01	1.196239e+02
5.100000e-06	2.449343e-06	1.074269e-09	1.321250e+01	1.183193e+02
5.110000e-06	2.391777e-06	1.061951e-09	1.290197e+01	1.169978e+02
5.120000e-06	2.334098e-06	1.050147e-09	1.259083e+01	1.156598e+02
5.130000e-06	2.276292e-06	1.039327e-09	1.227901e+01	1.143057e+02
5.140000e-06	2.218181e-06	1.028178e-09	1.196554e+01	1.129359e+02
5.150000e-06	2.159821e-06	1.015917e-09	1.165073e+01	1.115506e+02
5.160000e-06	2.101364e-06	1.002872e-09	1.133539e+01	1.101502e+02
5.170000e-06	2.042760e-06	9.895980e-10	1.101927e+01	1.087347e+02
5.180000e-06	1.983941e-06	9.763385e-10	1.070198e+01	1.073041e+02
5.190000e-06	1.924859e-06	9.638146e-10	1.038327e+01	1.058583e+02
5.200000e-06	1.865651e-06	9.509037e-10	1.006388e+01	1.043970e+02
5.210000e-06	1.806364e-06	9.367142e-10	9.744073e+00	1.029198e+02
5.220000e-06	1.746879e-06	9.230786e-10	9.423194e+00	1.014261e+02
5.230000e-06	1.687272e-06	9.109643e-10	9.101657e+00	9.991513e+01
5.240000e-06	1.627596e-06	8.980032e-10	8.779746e+00	9.838592e+01
5.250000e-06	1.567850e-06	8.833484e-10	8.457458e+00	9.683738e+01
5.260000e-06	1.507998e-06	8.689155e-10	8.134596e+00	9.526821e+01
5.270000e-06	1.448101e-06	8.545072e-10	7.811492e+00	9.367695e+01
5.280000e-06	1.388183e-06	8.394458e-10	7.488277e+00	9.206200e+01
5.290000e-06	1.328198e-06	8.241160e-10	7.164700e+00	9.042161e+01
5.300000e-06	1.268194e-06	8.081658e-10	6.841020e+00	8.875390e+01
5.310000e-06	1.208124e-06	7.914559e-10	6.516989e+00	8.705688e+01
5.320000e-06	1.147985e-06	7.751284e-10	6.192580e+00	8.532850e+01
5.330000e-06	1.087841e-06	7.593000e-10	5.868143e+00	8.356662e+01
5.340000e-06	1.027626e-06	7.434149e-10	5.543325e+00	8.176909e+01
5.350000e-06	9.673724e-07	7.270397e-10	5.218299e+00	7.993374e+01
5.360000e-06	9.071344e-07	7.093123e-10	4.893357e+00	7.805845e+01
5.370000e-06	8.468646e-07	6.906535e-10	4.568244e+00	7.614115e+01
5.380000e-06	7.865286e-07	6.724227e-10	4.242773e+00	7.417984e+01
5.390000e-06	7.261058e-07	6.545281e-10	3.916834e+00	7.217267e+01
5.400000e-06	6.656012e-07	6.361679e-10	3.590454e+00	7.011793e+01
5.410000e-06	6.050153e-07	6.168185e-10	3.263635e+00	6.801412e+01
5.420000e-06	5.444402e-07	5.973099e-10	2.936875e+00	6.585991e+01
5.430000e-06	4.838531e-07	5.780624e-10	2.610050e+00	6.365424e+01
5.440000e-06	4.232343e-07	5.580869e-10	2.283054e+00	6.139631e+01
5.450000e-06	3.626107e-07	5.370473e-10	1.956032e+00	5.908561e+01
5.460000e-06	3.019528e-07	5.155847e-10	1.628824e+00	5.672192e+01
5.470000e-06	2.413198e-07	4.936887e-10	1.301752e+00	5.430536e+01
5.480000e-06	1.807357e-07	4.710652e-10	9.749430e-01	5.183635e+01
5.490000e-06	1.201541e-07	4.482993e-10	6.481476e-01	4.931569e+01
5.500000e-06	5.952571e-08	4.254391e-10	3.210997e-01	4.674449e+01
5.510000e-06	-1.070672e-09	4.018015e-10	-5.775529e-03	4.412419e+01
5.520000e-06	-6.167215e-08	3.776566e-10	-3.326782e-01	4.145660e+01
5.530000e-06	-1.223133e-07	3.538467e-10	-6.597948e-01	3.874381e+01
5.540000e-06	-1.828585e-07	3.300185e-10	-9.863938e-01	3.598825e+01
5.550000e-06	-2.433861e-07	3.058235e-10	-1.312898e+00	3.319264e+01
5.560000e-06	-3.039613e-07	2.814672e-10	-1.639659e+00	3.035995e+01
5.570000e-06	-3.646425e-07	2.571214e-10	-1.966992e+00	2.749340e+01
5.580000e-06	-4.253078e-07	2.324523e-10	-2.294239e+00	2.459646e+01
5.590000e-06	-4.859132e-07	2.069764e-10	-2.621163e+00	2.167275e+01
5.600000e-06	-5.465129e-07	1.806725e-10	-2.948056e+00	1.872605e+01
5.610000e-06	-6.070252e-07	1.540969e-10	-3.274477e+00	1.576030e+01
5.620000e-06	-6.674663e-07	1.278799e-10	-3.600515e+00	1.277949e+01
5.630000e-06	-7.278138e-07	1.016200e-10	-3.926048e+00	9.787683e+00
5.640000e-06	-7.881295e-07	7.492432e-11	-4.251409e+00	6.788956e+00
5.650000e-06	-8.484806e-07	4.798404e-11	-4.576961e+00	3.787371e+00
5.660000e-06	-9.087910e-07	2.072761e-11	-4.902293e+00	7.869438e-01
5.670000e-06	-9.689720e-07	-5.910513e-12	-5.226928e+00	-2.208395e+00
5.680000e-06	-1.029114e-06	-3.132215e-11	-5.551350e+00	-5.194824e+00
5.690000e-06	-1.089257e-06	-5.656635e-11	-5.875783e+00	-8.168664e+00
5.700000e-06	-1.149370e-06	-8.289373e-11	-6.200049e+00	-1.112640e+01
5.710000e-06	-1.209528e-06	-1.097578e-10	-6.524561e+00	-1.406472e+01
5.720000e-06	-1.269672e-06	-1.350280e-10	-6.848995e+00	-1.698051e+01
5.730000e-06	-1.329633e-06	-1.586218e-10	-7.172441e+00	-1.987087e+01
5.740000e-06	-1.389516e-06	-1.823990e-10	-7.495469e+00	-2.273318e+01
5.750000e-06	-1.449468e-06	-2.075009e-10	-7.818867e+00	-2.556505e+01
5.760000e-06	-1.509291e-06	-2.336209e-10	-8.141569e+00	-2.836435e+01
5.770000e-06	-1.568918e-06	-2.595093e-10	-8.463216e+00	-3.112922e+01
5.780000e-06	-1.628462e-06	-2.841377e-10	-8.784415e+00	-3.385807e+01
5.790000e-06	-1.687867e-06	-3.080794e-10	-9.104864e+00	-3.654956e+01
5.800000e-06	-1.747116e-06	-3.332845e-10	-9.424471e+00	-3.920263e+01
5.810000e-06	-1.806305e-06	-3.585750e-10	-9.743755e+00	-4.181646e+01
5.820000e-06	-1.865454e-06	-3.816854e-10	-1.006282e+01	-4.439047e+01
5.830000e-06	-1.924424e-06	-4.044379e-10	-1.038092e+01	-4.692432e+01
5.840000e-06	-1.983212e-06	-4.285871e-10	-1.069805e+01	-4.941788e+01
5.850000e-06	-2.041927e-06	-4.523859e-10	-1.101477e+01	-5.187122e+01
5.860000e-06	-2.100425e-06	-4.746467e-10	-1.133033e+01	-5.428460e+01
5.870000e-06	-2.158683e-06	-4.957504e-10	-1.164459e+01	-5.665843e+01
5.880000e-06	-2.216819e-06	-5.166720e-10	-1.195819e+01	-5.899331e+01
5.890000e-06	-2.274862e-06	-5.382898e-10	-1.227129e+01	-6.128991e+01
5.900000e-06	-2.332732e-06	-5.600123e-10	-1.258346e+01	-6.354907e+01
5.910000e-06	-2.390378e-06	-5.812005e-10	-1.289442e+01	-6.577169e+01
5.920000e-06	-2.447804e-06	-6.013110e-10	-1.320419e+01	-6.795874e+01
5.930000e-06	-2.505055e-06	-6.208448e-10	-1.351302e+01	-7.011127e+01
5.940000e-06	-2.562042e-06	-6.408768e-10	-1.382043e+01	-7.223035e+01
5.950000e-06	-2.618903e-06	-6.612287e-10	-1.412715e+01	-7.431710e+01
5.960000e-06	-2.675668e-06	-6.810852e-10	-1.443336e+01	-7.637262e+01
5.970000e-06	-2.732160e-06	-6.999170e-10	-1.473810e+01	-7.839802e+01
5.980000e-06	-2.788542e-06	-7.185462e-10	-1.504224e+01	-8.039440e+01
5.990000e-06	-2.844761e-06	-7.376389e-10	-1.534550e+01	-8.236282e+01
6.000000e-06	-2.900768e-06	-7.562385e-10	-1.564762e+01	-8.430432e+01
6.010000e-06	-2.956767e-06	-7.740632e-10	-1.594970e+01	-8.621988e+01
6.020000e-06	-3.012713e-06	-7.913011e-10	-1.625148e+01	-8.811042e+01
6.030000e-06	-3.068436e-06	-8.081922e-10	-1.655207e+01	-8.997683e+01
6.040000e-06	-3.123892e-06	-8.254754e-10	-1.685122e+01	-9.181991e+01
6.050000e-06	-3.178937e-06	-8.427583e-10	-1.714815e+01	-9.364039e+01
6.060000e-06	-3.233623e-06	-8.592554e-10	-1.744314e+01	-9.543895e+01
6.070000e-06	-3.287971e-06	-8.746241e-10	-1.773631e+01	-9.721619e+01
6.080000e-06	-3.342008e-06	-8.900916e-10	-1.802780e+01	-9.897263e+01
6.090000e-06	-3.395722e-06	-9.067326e-10	-1.831755e+01	-1.007087e+02
6.100000e-06	-3.449067e-06	-9.240643e-10	-1.860531e+01	-1.024248e+02
6.110000e-06	-3.502073e-06	-9.406591e-10	-1.889124e+01	-1.041212e+02
6.120000e-06	-3.554750e-06	-9.554643e-10	-1.917539e+01	-1.057982e+02
6.130000e-06	-3.607140e-06	-9.702989e-10	-1.945800e+01	-1.074559e+02
6.140000e-06	-3.659308e-06	-9.859351e-10	-1.973941e+01	-1.090944e+02
6.150000e-06	-3.711184e-06	-1.001245e-09	-2.001925e+01	-1.107138e+02
6.160000e-06	-3.762704e-06	-1.016126e-09	-2.029716e+01	-1.123140e+02
6.170000e-06	-3.813957e-06	-1.031261e-09	-2.057363e+01	-1.138949e+02
6.180000e-06	-3.864916e-06	-1.046010e-09	-2.084852e+01	-1.154565e+02
6.190000e-06	-3.915692e-06	-1.059055e-09	-2.112243e+01	-1.169985e+02
6.200000e-06	-3.966277e-06	-1.071264e-09	-2.139530e+01	-1.185208e+02
6.210000e-06	-4.016431e-06	-1.084400e-09	-2.166584e+01	-1.200230e+02
6.220000e-06	-4.066194e-06	-1.098490e-09	-2.193428e+01	-1.215050e+02
6.230000e-06	-4.115558e-06	-1.112593e-09	-2.220056e+01	-1.229663e+02
6.240000e-06	-4.164364e-06	-1.125519e-09	-2.246384e+01	-1.244068e+02
6.250000e-06	-4.212517e-06	-1.137604e-09	-2.272359e+01	-1.258260e+02
6.260000e-06	-4.260281e-06	-1.150005e-09	-2.298124e+01	-1.272236e+02
6.270000e-06	-4.308050e-06	-1.161667e-09	-2.323892e+01	-1.285994e+02
6.280000e-06	-4.355548e-06	-1.173024e-09	-2.349514e+01	-1.299529e+02
6.290000e-06	-4.402660e-06	-1.186154e-09	-2.374928e+01	-1.312839e+02
6.300000e-06	-4.449501e-06	-1.200660e-09	-2.400196e+01	-1.325921e+02
6.310000e-06	-4.496065e-06	-1.215058e-09	-2.425313e+01	-1.338771e+02
6.320000e-06	-4.542401e-06	-1.227699e-09	-2.450308e+01	-1.351389e+02
6.330000e-06	-4.588504e-06	-1.237907e-09	-2.475178e+01	-1.363772e+02
6.340000e-06	-4.634341e-06	-1.247474e-09	-2.499904e+01	-1.375919e+02
6.350000e-06	-4.679675e-06	-1.258459e-09	-2.524358e+01	-1.387828e+02
6.360000e-06	-4.724528e-06	-1.269639e-09	-2.548553e+01	-1.399500e+02
6.370000e-06	-4.769133e-06	-1.279927e-09	-2.572615e+01	-1.410934e+02
6.380000e-06	-4.813508e-06	-1.290229e-09	-2.596552e+01	-1.422131e+02
6.390000e-06	-4.857656e-06	-1.299929e-09	-2.620367e+01	-1.433094e+02
6.400000e-06	-4.901631e-06	-1.309129e-09	-2.644088e+01	-1.443823e+02
6.410000e-06	-4.945374e-06	-1.318049e-09	-2.667684e+01	-1.454321e+02
6.420000e-06	-4.988840e-06	-1.326411e-09	-2.691131e+01	-1.464592e+02
6.430000e-06	-5.031920e-06	-1.335068e-09	-2.714370e+01	-1.474640e+02
6.440000e-06	-5.074523e-06	-1.344566e-09	-2.737351e+01	-1.484468e+02
6.450000e-06	-5.116806e-06	-1.354286e-09	-2.760160e+01	-1.494082e+02
6.460000e-06	-5.158858e-06	-1.362330e-09	-2.782844e+01	-1.503488e+02
6.470000e-06	-5.200557e-06	-1.368801e-09	-2.805338e+01	-1.512691e+02
6.480000e-06	-5.241786e-06	-1.376228e-09	-2.827578e+01	-1.521697e+02
6.490000e-06	-5.282580e-06	-1.385199e-09	-2.849583e+01	-1.530513e+02
6.500000e-06	-5.323033e-06	-1.394563e-09	-2.871405e+01	-1.539147e+02
6.510000e-06	-5.363199e-06	-1.402643e-09	-2.893072e+01	-1.547604e+02
6.520000e-06	-5.403156e-06	-1.408773e-09	-2.914626e+01	-1.555892e+02
6.530000e-06	-5.442924e-06	-1.413831e-09	-2.936078e+01	-1.564018e+02
6.540000e-06	-5.482316e-06	-1.418922e-09	-2.957327e+01	-1.571989e+02
6.550000e-06	-5.521151e-06	-1.425012e-09	-2.978276e+01	-1.579813e+02
6.560000e-06	-5.559271e-06	-1.431928e-09	-2.998839e+01	-1.587495e+02
6.570000e-06	-5.596757e-06	-1.438836e-09	-3.019060e+01	-1.595042e+02
6.580000e-06	-5.633767e-06	-1.445792e-09	-3.039024e+01	-1.602460e+02
6.590000e-06	-5.670292e-06	-1.452641e-09	-3.058727e+01	-1.609755e+02
6.600000e-06	-5.706421e-06	-1.458227e-09	-3.078216e+01	-1.616932e+02
6.610000e-06	-5.742232e-06	-1.462513e-09	-3.097533e+01	-1.623996e+02
6.620000e-06	-5.777728e-06	-1.466793e-09	-3.116681e+01	-1.630951e+02
6.630000e-06	-5.812875e-06	-1.472081e-09	-3.135640e+01	-1.637802e+02
6.640000e-06	-5.847608e-06	-1.478557e-09	-3.154376e+01	-1.644550e+02
6.650000e-06	-5.881970e-06	-1.485504e-09	-3.172912e+01	-1.651199e+02
6.660000e-06	-5.915987e-06	-1.490442e-09	-3.191262e+01	-1.657752e+02
6.670000e-06	-5.949355e-06	-1.493478e-09	-3.209262e+01	-1.664209e+02
6.680000e-06	-5.982170e-06	-1.497084e-09	-3.226963e+01	-1.670573e+02
6.690000e-06	-6.014795e-06	-1.501881e-09	-3.244562e+01	-1.676844e+02
6.700000e-06	-6.047142e-06	-1.507620e-09	-3.262011e+01	-1.683023e+02
6.710000e-06	-6.079157e-06	-1.513470e-09	-3.279281e+01	-1.689110e+02
6.720000e-06	-6.110817e-06	-1.518562e-09	-3.296359e+01	-1.695106e+02
6.730000e-06	-6.142107e-06	-1.523108e-09	-3.313238e+01	-1.701010e+02
6.740000e-06	-6.172896e-06	-1.527845e-09	-3.329847e+01	-1.706823e+02
6.750000e-06	-6.202938e-06	-1.532428e-09	-3.346052e+01	-1.712544e+02
6.760000e-06	-6.232280e-06	-1.536059e-09	-3.361880e+01	-1.718173e+02
6.770000e-06	-6.261039e-06	-1.539503e-09	-3.377394e+01	-1.723710e+02
6.780000e-06	-6.289345e-06	-1.543665e-09	-3.392663e+01	-1.729155e+02
6.790000e-06	-6.317377e-06	-1.548361e-09	-3.407784e+01	-1.734508e+02
6.800000e-06	-6.345187e-06	-1.552499e-09	-3.422786e+01	-1.739771e+02
6.810000e-06	-6.372544e-06	-1.555125e-09	-3.437543e+01	-1.744944e+02
6.820000e-06	-6.399313e-06	-1.557429e-09	-3.451983e+01	-1.750027e+02
6.830000e-06	-6.425643e-06	-1.561834e-09	-3.466186e+01	-1.755023e+02
6.840000e-06	-6.451535e-06	-1.566916e-09	-3.480153e+01	-1.759932e+02
6.850000e-06	-6.476855e-06	-1.570336e-09	-3.493811e+01	-1.764758e+02
6.860000e-06	-6.501671e-06	-1.573139e-09	-3.507198e+01	-1.769501e+02
6.870000e-06	-6.526118e-06	-1.576004e-09	-3.520385e+01	-1.774164e+02
6.880000e-06	-6.550323e-06	-1.578921e-09	-3.533442e+01	-1.778750e+02
6.890000e-06	-6.574343e-06	-1.582148e-09	-3.546399e+01	-1.783262e+02
6.900000e-06	-6.597984e-06	-1.585420e-09	-3.559152e+01	-1.787701e+02
6.910000e-06	-6.620952e-06	-1.587143e-09	-3.571542e+01	-1.792071e+02
6.920000e-06	-6.643156e-06	-1.588936e-09	-3.583519e+01	-1.796374e+02
6.930000e-06	-6.664675e-06	-1.593155e-09	-3.595127e+01	-1.800613e+02
6.940000e-06	-6.685533e-06	-1.597527e-09	-3.606378e+01	-1.804790e+02
6.950000e-06	-6.705899e-06	-1.600623e-09	-3.617365e+01	-1.808906e+02
6.960000e-06	-6.726033e-06	-1.603311e-09	-3.628225e+01	-1.812965e+02
6.970000e-06	-6.745830e-06	-1.606502e-09	-3.638905e+01	-1.816966e+02
6.980000e-06	-6.765103e-06	-1.610511e-09	-3.649301e+01	-1.820911e+02
6.990000e-06	-6.783870e-06	-1.613643e-09	-3.659424e+01	-1.824799e+02
7.000000e-06	-6.802184e-06	-1.615458e-09	-3.669304e+01	-1.828632e+02
7.010000e-06	-6.820184e-06	-1.617180e-09	-3.679013e+01	-1.832407e+02
7.020000e-06	-6.837733e-06	-1.619464e-09	-3.688480e+01	-1.836124e+02
7.030000e-06	-6.854662e-06	-1.621804e-09	-3.697612e+01	-1.839780e+02
7.040000e-06	-6.871065e-06	-1.623612e-09	-3.706460e+01	-1.843374e+02
7.050000e-06	-6.887124e-06	-1.625551e-09	-3.715123e+01	-1.846902e+02
7.060000e-06	-6.902982e-06	-1.628171e-09	-3.723677e+01	-1.850360e+02
7.070000e-06	-6.918293e-06	-1.631407e-09	-3.731936e+01	-1.853745e+02
7.080000e-06	-6.932832e-06	-1.633892e-09	-3.739779e+01	-1.857052e+02
7.090000e-06	-6.946630e-06	-1.635335e-09	-3.747222e+01	-1.860276e+02
7.100000e-06	-6.959630e-06	-1.636240e-09	-3.754234e+01	-1.863412e+02
7.110000e-06	-6.972046e-06	-1.637144e-09	-3.760932e+01	-1.866456e+02
7.120000e-06	-6.984054e-06	-1.639379e-09	-3.767410e+01	-1.869401e+02
7.130000e-06	-6.995619e-06	-1.643408e-09	-3.773648e+01	-1.872243e+02
7.140000e-06	-7.006570e-06	-1.647083e-09	-3.779555e+01	-1.874976e+02
7.150000e-06	-7.016931e-06	-1.647742e-09	-3.785145e+01	-1.877595e+02
7.160000e-06	-7.026877e-06	-1.646921e-09	-3.790510e+01	-1.880095e+02
7.170000e-06	-7.036331e-06	-1.647333e-09	-3.795610e+01	-1.882472e+02
7.180000e-06	-7.045287e-06	-1.648783e-09	-3.800441e+01	-1.884721e+02
7.190000e-06	-7.053810e-06	-1.649841e-09	-3.805038e+01	-1.886839e+02
7.200000e-06	-7.061961e-06	-1.649901e-09	-3.809435e+01	-1.888823e+02
7.210000e-06	-7.069813e-06	-1.649984e-09	-3.813671e+01	-1.890671e+02
7.220000e-06	-7.077255e-06	-1.650465e-09	-3.817685e+01	-1.892380e+02
7.230000e-06	-7.084049e-06	-1.649822e-09	-3.821350e+01	-1.893951e+02
7.240000e-06	-7.090041e-06	-1.647999e-09	-3.824582e+01	-1.895381e+02
7.250000e-06	-7.095222e-06	-1.646472e-09	-3.827377e+01	-1.896673e+02
7.260000e-06	-7.099801e-06	-1.646857e-09	-3.829847e+01	-1.897826e+02
7.270000e-06	-7.104012e-06	-1.647883e-09	-3.832119e+01	-1.898844e+02
7.280000e-06	-7.107841e-06	-1.648215e-09	-3.834184e+01	-1.899727e+02
7.290000e-06	-7.111266e-06	-1.648876e-09	-3.836032e+01	-1.900479e+02
7.300000e-06	-7.114360e-06	-1.649655e-09	-3.837701e+01	-1.901105e+02
7.310000e-06	-7.116864e-06	-1.649549e-09	-3.839052e+01	-1.901608e+02
7.320000e-06	-7.118850e-06	-1.648739e-09	-3.840123e+01	-1.901992e+02
7.330000e-06	-7.120462e-06	-1.648117e-09	-3.840992e+01	-1.902264e+02
7.340000e-06	-7.121487e-06	-1.647643e-09	-3.841545e+01	-1.902427e+02
