# Temperatura_=_20.0
# Concentracion g/m^3_=_7400.0
# C_Vs_to_Am_M_A/Vsm_=_116720831517.84952
# pendiente_HvsI_1/m_=_3716.3
# ordenada_HvsI_A/m_=_1297.0
# frecuencia_Hz_=_136110.7740084227

Tiempo_(s)	Campo_(V.s)	Magnetizacion_(V.s)	Campo_(kA/m)	Magnetizacion_(A/m)
0.000000e+00	-7.114726e-06	-1.490718e-09	-3.842709e+01	-1.724415e+02
1.000000e-08	-7.114982e-06	-1.491091e-09	-3.842847e+01	-1.724404e+02
2.000000e-08	-7.114811e-06	-1.491494e-09	-3.842755e+01	-1.724324e+02
3.000000e-08	-7.114063e-06	-1.490011e-09	-3.842351e+01	-1.724177e+02
4.000000e-08	-7.112882e-06	-1.488828e-09	-3.841713e+01	-1.723962e+02
5.000000e-08	-7.110927e-06	-1.488314e-09	-3.840657e+01	-1.723680e+02
6.000000e-08	-7.108160e-06	-1.487264e-09	-3.839163e+01	-1.723333e+02
7.000000e-08	-7.104914e-06	-1.486514e-09	-3.837410e+01	-1.722921e+02
8.000000e-08	-7.101250e-06	-1.488644e-09	-3.835430e+01	-1.722444e+02
9.000000e-08	-7.096993e-06	-1.483240e-09	-3.833131e+01	-1.721905e+02
1.000000e-07	-7.091760e-06	-1.459129e-09	-3.830305e+01	-1.721302e+02
1.100000e-07	-7.085893e-06	-1.452365e-09	-3.827136e+01	-1.720638e+02
1.200000e-07	-7.080010e-06	-1.501289e-09	-3.823959e+01	-1.719915e+02
1.300000e-07	-7.073823e-06	-1.517906e-09	-3.820617e+01	-1.719133e+02
1.400000e-07	-7.066985e-06	-1.460645e-09	-3.816924e+01	-1.718294e+02
1.500000e-07	-7.059685e-06	-1.431933e-09	-3.812981e+01	-1.717400e+02
1.600000e-07	-7.052120e-06	-1.493845e-09	-3.808895e+01	-1.716454e+02
1.700000e-07	-7.044279e-06	-1.519865e-09	-3.804660e+01	-1.715458e+02
1.800000e-07	-7.035629e-06	-1.431000e-09	-3.799988e+01	-1.714416e+02
1.900000e-07	-7.026070e-06	-1.407743e-09	-3.794825e+01	-1.713329e+02
2.000000e-07	-7.015953e-06	-1.503749e-09	-3.789361e+01	-1.712202e+02
2.100000e-07	-7.005611e-06	-1.527920e-09	-3.783775e+01	-1.711038e+02
2.200000e-07	-6.994739e-06	-1.429786e-09	-3.777903e+01	-1.709840e+02
2.300000e-07	-6.983064e-06	-1.412671e-09	-3.771598e+01	-1.708612e+02
2.400000e-07	-6.970882e-06	-1.488976e-09	-3.765018e+01	-1.707357e+02
2.500000e-07	-6.958239e-06	-1.480957e-09	-3.758189e+01	-1.706078e+02
2.600000e-07	-6.944901e-06	-1.418967e-09	-3.750985e+01	-1.704780e+02
2.700000e-07	-6.930945e-06	-1.447836e-09	-3.743448e+01	-1.703464e+02
2.800000e-07	-6.916291e-06	-1.485468e-09	-3.735533e+01	-1.702134e+02
2.900000e-07	-6.900617e-06	-1.436326e-09	-3.727067e+01	-1.700791e+02
3.000000e-07	-6.884341e-06	-1.421306e-09	-3.718277e+01	-1.699439e+02
3.100000e-07	-6.867818e-06	-1.465539e-09	-3.709353e+01	-1.698077e+02
3.200000e-07	-6.850926e-06	-1.446031e-09	-3.700229e+01	-1.696708e+02
3.300000e-07	-6.833540e-06	-1.402854e-09	-3.690839e+01	-1.695330e+02
3.400000e-07	-6.815670e-06	-1.450909e-09	-3.681187e+01	-1.693944e+02
3.500000e-07	-6.797370e-06	-1.476002e-09	-3.671303e+01	-1.692549e+02
3.600000e-07	-6.778559e-06	-1.408983e-09	-3.661143e+01	-1.691142e+02
3.700000e-07	-6.759232e-06	-1.397719e-09	-3.650704e+01	-1.689721e+02
3.800000e-07	-6.739768e-06	-1.453196e-09	-3.640192e+01	-1.688285e+02
3.900000e-07	-6.720110e-06	-1.435154e-09	-3.629574e+01	-1.686827e+02
4.000000e-07	-6.699919e-06	-1.393345e-09	-3.618669e+01	-1.685346e+02
4.100000e-07	-6.679041e-06	-1.426706e-09	-3.607393e+01	-1.683835e+02
4.200000e-07	-6.657556e-06	-1.443621e-09	-3.595789e+01	-1.682289e+02
4.300000e-07	-6.635649e-06	-1.404156e-09	-3.583956e+01	-1.680704e+02
4.400000e-07	-6.613367e-06	-1.406161e-09	-3.571922e+01	-1.679074e+02
4.500000e-07	-6.590526e-06	-1.425316e-09	-3.559585e+01	-1.677391e+02
4.600000e-07	-6.567227e-06	-1.400168e-09	-3.547001e+01	-1.675652e+02
4.700000e-07	-6.543704e-06	-1.395709e-09	-3.534296e+01	-1.673848e+02
4.800000e-07	-6.519970e-06	-1.421513e-09	-3.521477e+01	-1.671974e+02
4.900000e-07	-6.495732e-06	-1.405634e-09	-3.508386e+01	-1.670026e+02
5.000000e-07	-6.470835e-06	-1.381875e-09	-3.494940e+01	-1.667996e+02
5.100000e-07	-6.445228e-06	-1.397129e-09	-3.481109e+01	-1.665880e+02
5.200000e-07	-6.418862e-06	-1.399670e-09	-3.466868e+01	-1.663673e+02
5.300000e-07	-6.391861e-06	-1.381333e-09	-3.452285e+01	-1.661371e+02
5.400000e-07	-6.364425e-06	-1.384319e-09	-3.437467e+01	-1.658971e+02
5.500000e-07	-6.336743e-06	-1.388766e-09	-3.422516e+01	-1.656469e+02
5.600000e-07	-6.308717e-06	-1.379083e-09	-3.407379e+01	-1.653863e+02
5.700000e-07	-6.280219e-06	-1.378358e-09	-3.391987e+01	-1.651152e+02
5.800000e-07	-6.251136e-06	-1.377435e-09	-3.376279e+01	-1.648335e+02
5.900000e-07	-6.221588e-06	-1.368483e-09	-3.360319e+01	-1.645411e+02
6.000000e-07	-6.191789e-06	-1.367904e-09	-3.344225e+01	-1.642381e+02
6.100000e-07	-6.161736e-06	-1.369552e-09	-3.327993e+01	-1.639245e+02
6.200000e-07	-6.131167e-06	-1.363648e-09	-3.311482e+01	-1.636005e+02
6.300000e-07	-6.100134e-06	-1.360406e-09	-3.294721e+01	-1.632664e+02
6.400000e-07	-6.068769e-06	-1.356979e-09	-3.277781e+01	-1.629224e+02
6.500000e-07	-6.037170e-06	-1.350364e-09	-3.260714e+01	-1.625687e+02
6.600000e-07	-6.005274e-06	-1.349799e-09	-3.243487e+01	-1.622056e+02
6.700000e-07	-5.972861e-06	-1.350000e-09	-3.225980e+01	-1.618336e+02
6.800000e-07	-5.939787e-06	-1.342967e-09	-3.208117e+01	-1.614529e+02
6.900000e-07	-5.906118e-06	-1.338910e-09	-3.189932e+01	-1.610639e+02
7.000000e-07	-5.871786e-06	-1.336464e-09	-3.171389e+01	-1.606668e+02
7.100000e-07	-5.836726e-06	-1.329181e-09	-3.152453e+01	-1.602622e+02
7.200000e-07	-5.801293e-06	-1.324415e-09	-3.133316e+01	-1.598501e+02
7.300000e-07	-5.765693e-06	-1.323340e-09	-3.114088e+01	-1.594310e+02
7.400000e-07	-5.729902e-06	-1.317679e-09	-3.094757e+01	-1.590050e+02
7.500000e-07	-5.693803e-06	-1.313893e-09	-3.075259e+01	-1.585724e+02
7.600000e-07	-5.657300e-06	-1.314023e-09	-3.055544e+01	-1.581332e+02
7.700000e-07	-5.620417e-06	-1.309080e-09	-3.035623e+01	-1.576877e+02
7.800000e-07	-5.583084e-06	-1.300865e-09	-3.015459e+01	-1.572359e+02
7.900000e-07	-5.545188e-06	-1.295545e-09	-2.994991e+01	-1.567778e+02
8.000000e-07	-5.506807e-06	-1.290723e-09	-2.974262e+01	-1.563134e+02
8.100000e-07	-5.468028e-06	-1.285322e-09	-2.953317e+01	-1.558426e+02
8.200000e-07	-5.428918e-06	-1.280618e-09	-2.932193e+01	-1.553654e+02
8.300000e-07	-5.389541e-06	-1.274745e-09	-2.910925e+01	-1.548817e+02
8.400000e-07	-5.349975e-06	-1.268767e-09	-2.889556e+01	-1.543912e+02
8.500000e-07	-5.310159e-06	-1.264554e-09	-2.868051e+01	-1.538938e+02
8.600000e-07	-5.269977e-06	-1.261248e-09	-2.846348e+01	-1.533894e+02
8.700000e-07	-5.229309e-06	-1.256690e-09	-2.824383e+01	-1.528777e+02
8.800000e-07	-5.188058e-06	-1.250995e-09	-2.802103e+01	-1.523585e+02
8.900000e-07	-5.146127e-06	-1.243739e-09	-2.779456e+01	-1.518316e+02
9.000000e-07	-5.103534e-06	-1.236330e-09	-2.756451e+01	-1.512970e+02
9.100000e-07	-5.060518e-06	-1.229278e-09	-2.733218e+01	-1.507543e+02
9.200000e-07	-5.017204e-06	-1.222257e-09	-2.709824e+01	-1.502034e+02
9.300000e-07	-4.973718e-06	-1.216493e-09	-2.686337e+01	-1.496443e+02
9.400000e-07	-4.929971e-06	-1.213545e-09	-2.662709e+01	-1.490767e+02
9.500000e-07	-4.885806e-06	-1.210590e-09	-2.638855e+01	-1.485007e+02
9.600000e-07	-4.841372e-06	-1.206007e-09	-2.614856e+01	-1.479162e+02
9.700000e-07	-4.796739e-06	-1.200055e-09	-2.590749e+01	-1.473230e+02
9.800000e-07	-4.751796e-06	-1.192990e-09	-2.566476e+01	-1.467214e+02
9.900000e-07	-4.706482e-06	-1.186318e-09	-2.542001e+01	-1.461111e+02
1.000000e-06	-4.660873e-06	-1.181137e-09	-2.517368e+01	-1.454923e+02
1.010000e-06	-4.614925e-06	-1.175915e-09	-2.492551e+01	-1.448651e+02
1.020000e-06	-4.568504e-06	-1.170274e-09	-2.467478e+01	-1.442293e+02
1.030000e-06	-4.521812e-06	-1.164932e-09	-2.442260e+01	-1.435851e+02
1.040000e-06	-4.474843e-06	-1.159661e-09	-2.416891e+01	-1.429325e+02
1.050000e-06	-4.427481e-06	-1.155015e-09	-2.391311e+01	-1.422715e+02
1.060000e-06	-4.379807e-06	-1.150976e-09	-2.365562e+01	-1.416020e+02
1.070000e-06	-4.331936e-06	-1.146437e-09	-2.339706e+01	-1.409241e+02
1.080000e-06	-4.283854e-06	-1.140210e-09	-2.313737e+01	-1.402375e+02
1.090000e-06	-4.235430e-06	-1.133248e-09	-2.287583e+01	-1.395423e+02
1.100000e-06	-4.186678e-06	-1.126010e-09	-2.261252e+01	-1.388381e+02
1.110000e-06	-4.137379e-06	-1.118313e-09	-2.234625e+01	-1.381247e+02
1.120000e-06	-4.087619e-06	-1.111026e-09	-2.207749e+01	-1.374019e+02
1.130000e-06	-4.037514e-06	-1.105402e-09	-2.180687e+01	-1.366693e+02
1.140000e-06	-3.986902e-06	-1.100304e-09	-2.153351e+01	-1.359265e+02
1.150000e-06	-3.935863e-06	-1.095342e-09	-2.125785e+01	-1.351730e+02
1.160000e-06	-3.884520e-06	-1.089369e-09	-2.098054e+01	-1.344083e+02
1.170000e-06	-3.832964e-06	-1.081930e-09	-2.070208e+01	-1.336319e+02
1.180000e-06	-3.781045e-06	-1.074820e-09	-2.042167e+01	-1.328431e+02
1.190000e-06	-3.728758e-06	-1.068034e-09	-2.013926e+01	-1.320414e+02
1.200000e-06	-3.676224e-06	-1.060912e-09	-1.985552e+01	-1.312260e+02
1.210000e-06	-3.623354e-06	-1.053755e-09	-1.956997e+01	-1.303964e+02
1.220000e-06	-3.570259e-06	-1.046817e-09	-1.928319e+01	-1.295519e+02
1.230000e-06	-3.516990e-06	-1.040101e-09	-1.899549e+01	-1.286918e+02
1.240000e-06	-3.463503e-06	-1.031802e-09	-1.870660e+01	-1.278154e+02
1.250000e-06	-3.409836e-06	-1.023842e-09	-1.841674e+01	-1.269223e+02
1.260000e-06	-3.355922e-06	-1.017539e-09	-1.812555e+01	-1.260118e+02
1.270000e-06	-3.301740e-06	-1.009366e-09	-1.783291e+01	-1.250834e+02
1.280000e-06	-3.247271e-06	-1.000553e-09	-1.753872e+01	-1.241369e+02
1.290000e-06	-3.192624e-06	-9.929085e-10	-1.724357e+01	-1.231716e+02
1.300000e-06	-3.137802e-06	-9.850035e-10	-1.694747e+01	-1.221876e+02
1.310000e-06	-3.082660e-06	-9.756211e-10	-1.664964e+01	-1.211844e+02
1.320000e-06	-3.027266e-06	-9.668139e-10	-1.635046e+01	-1.201622e+02
1.330000e-06	-2.971759e-06	-9.593534e-10	-1.605066e+01	-1.191208e+02
1.340000e-06	-2.916161e-06	-9.506014e-10	-1.575037e+01	-1.180604e+02
1.350000e-06	-2.860440e-06	-9.414917e-10	-1.544942e+01	-1.169812e+02
1.360000e-06	-2.804732e-06	-9.335209e-10	-1.514854e+01	-1.158835e+02
1.370000e-06	-2.748966e-06	-9.251226e-10	-1.484734e+01	-1.147676e+02
1.380000e-06	-2.692988e-06	-9.160184e-10	-1.454500e+01	-1.136340e+02
1.390000e-06	-2.636724e-06	-9.067471e-10	-1.424111e+01	-1.124831e+02
1.400000e-06	-2.580114e-06	-8.978321e-10	-1.393536e+01	-1.113156e+02
1.410000e-06	-2.523218e-06	-8.887664e-10	-1.362806e+01	-1.101319e+02
1.420000e-06	-2.466165e-06	-8.796779e-10	-1.331992e+01	-1.089326e+02
1.430000e-06	-2.408963e-06	-8.704022e-10	-1.301096e+01	-1.077183e+02
1.440000e-06	-2.351377e-06	-8.594879e-10	-1.269994e+01	-1.064896e+02
1.450000e-06	-2.293311e-06	-8.480398e-10	-1.238632e+01	-1.052469e+02
1.460000e-06	-2.234939e-06	-8.370878e-10	-1.207105e+01	-1.039907e+02
1.470000e-06	-2.176279e-06	-8.257770e-10	-1.175422e+01	-1.027213e+02
1.480000e-06	-2.117411e-06	-8.149545e-10	-1.143627e+01	-1.014390e+02
1.490000e-06	-2.058463e-06	-8.046786e-10	-1.111789e+01	-1.001439e+02
1.500000e-06	-1.999365e-06	-7.937063e-10	-1.079870e+01	-9.883593e+01
1.510000e-06	-1.940050e-06	-7.822090e-10	-1.047833e+01	-9.751500e+01
1.520000e-06	-1.880659e-06	-7.708708e-10	-1.015756e+01	-9.618078e+01
1.530000e-06	-1.821279e-06	-7.604547e-10	-9.836845e+00	-9.483277e+01
1.540000e-06	-1.761780e-06	-7.500072e-10	-9.515488e+00	-9.347032e+01
1.550000e-06	-1.702198e-06	-7.381566e-10	-9.193683e+00	-9.209258e+01
1.560000e-06	-1.642587e-06	-7.259127e-10	-8.871720e+00	-9.069853e+01
1.570000e-06	-1.582886e-06	-7.139777e-10	-8.549268e+00	-8.928696e+01
1.580000e-06	-1.523138e-06	-7.022399e-10	-8.226565e+00	-8.785653e+01
1.590000e-06	-1.463365e-06	-6.897899e-10	-7.903726e+00	-8.640570e+01
1.600000e-06	-1.403545e-06	-6.774639e-10	-7.580637e+00	-8.493280e+01
1.610000e-06	-1.343652e-06	-6.663027e-10	-7.257150e+00	-8.343604e+01
1.620000e-06	-1.283664e-06	-6.543119e-10	-6.933150e+00	-8.191352e+01
1.630000e-06	-1.223573e-06	-6.416055e-10	-6.608597e+00	-8.036324e+01
1.640000e-06	-1.163371e-06	-6.286454e-10	-6.283442e+00	-7.878315e+01
1.650000e-06	-1.103110e-06	-6.152135e-10	-5.957968e+00	-7.717116e+01
1.660000e-06	-1.042822e-06	-6.015668e-10	-5.632350e+00	-7.552518e+01
1.670000e-06	-9.824181e-07	-5.883829e-10	-5.306103e+00	-7.384312e+01
1.680000e-06	-9.219292e-07	-5.754525e-10	-4.979399e+00	-7.212297e+01
1.690000e-06	-8.614466e-07	-5.616997e-10	-4.652728e+00	-7.036278e+01
1.700000e-06	-8.009298e-07	-5.481827e-10	-4.325873e+00	-6.856072e+01
1.710000e-06	-7.404246e-07	-5.345176e-10	-3.999081e+00	-6.671509e+01
1.720000e-06	-6.798398e-07	-5.193931e-10	-3.671858e+00	-6.482438e+01
1.730000e-06	-6.190144e-07	-5.041278e-10	-3.343336e+00	-6.288726e+01
1.740000e-06	-5.579862e-07	-4.893317e-10	-3.013719e+00	-6.090261e+01
1.750000e-06	-4.969563e-07	-4.735613e-10	-2.684093e+00	-5.886957e+01
1.760000e-06	-4.360742e-07	-4.562777e-10	-2.355264e+00	-5.678752e+01
1.770000e-06	-3.752017e-07	-4.385144e-10	-2.026489e+00	-5.465613e+01
1.780000e-06	-3.142106e-07	-4.211132e-10	-1.697072e+00	-5.247535e+01
1.790000e-06	-2.531917e-07	-4.043363e-10	-1.367505e+00	-5.024543e+01
1.800000e-06	-1.921406e-07	-3.863502e-10	-1.037764e+00	-4.796693e+01
1.810000e-06	-1.310397e-07	-3.663347e-10	-7.077536e-01	-4.564069e+01
1.820000e-06	-7.000782e-08	-3.470440e-10	-3.781167e-01	-4.326789e+01
1.830000e-06	-8.998338e-09	-3.279416e-10	-4.860060e-02	-4.084997e+01
1.840000e-06	5.207845e-08	-3.070632e-10	2.812790e-01	-3.838869e+01
1.850000e-06	1.131026e-07	-2.855687e-10	6.108744e-01	-3.588604e+01
1.860000e-06	1.740498e-07	-2.644495e-10	9.400541e-01	-3.334433e+01
1.870000e-06	2.349862e-07	-2.438301e-10	1.269176e+00	-3.076605e+01
1.880000e-06	2.958720e-07	-2.240356e-10	1.598024e+00	-2.815396e+01
1.890000e-06	3.568663e-07	-2.035019e-10	1.927458e+00	-2.551099e+01
1.900000e-06	4.180043e-07	-1.819012e-10	2.257668e+00	-2.284024e+01
1.910000e-06	4.790959e-07	-1.595111e-10	2.587628e+00	-2.014495e+01
1.920000e-06	5.400494e-07	-1.371704e-10	2.916842e+00	-1.742851e+01
1.930000e-06	6.008354e-07	-1.162568e-10	3.245151e+00	-1.469435e+01
1.940000e-06	6.615717e-07	-9.431651e-11	3.573191e+00	-1.194599e+01
1.950000e-06	7.222547e-07	-7.069599e-11	3.900944e+00	-9.186960e+00
1.960000e-06	7.827908e-07	-4.760299e-11	4.227903e+00	-6.420810e+00
1.970000e-06	8.432584e-07	-2.528105e-11	4.554492e+00	-3.651050e+00
1.980000e-06	9.037085e-07	-3.972861e-12	4.880988e+00	-8.811377e-01
1.990000e-06	9.641171e-07	1.742094e-11	5.207258e+00	1.885546e+00
2.000000e-06	1.024499e-06	4.028820e-11	5.533382e+00	4.645723e+00
2.010000e-06	1.084785e-06	6.250224e-11	5.858995e+00	7.396237e+00
2.020000e-06	1.144996e-06	8.369342e-11	6.184195e+00	1.013408e+01
2.030000e-06	1.205247e-06	1.053540e-10	6.509616e+00	1.285638e+01
2.040000e-06	1.265469e-06	1.276393e-10	6.834880e+00	1.556048e+01
2.050000e-06	1.325614e-06	1.499308e-10	7.159728e+00	1.824388e+01
2.060000e-06	1.385665e-06	1.717121e-10	7.484063e+00	2.090427e+01
2.070000e-06	1.445638e-06	1.922081e-10	7.807985e+00	2.353956e+01
2.080000e-06	1.505517e-06	2.120530e-10	8.131392e+00	2.614786e+01
2.090000e-06	1.565246e-06	2.324034e-10	8.453995e+00	2.872749e+01
2.100000e-06	1.624878e-06	2.528119e-10	8.776069e+00	3.127697e+01
2.110000e-06	1.684460e-06	2.727834e-10	9.097878e+00	3.379503e+01
2.120000e-06	1.743974e-06	2.921000e-10	9.419316e+00	3.628061e+01
2.130000e-06	1.803385e-06	3.119159e-10	9.740199e+00	3.873283e+01
2.140000e-06	1.862798e-06	3.314400e-10	1.006109e+01	4.115101e+01
2.150000e-06	1.922180e-06	3.488351e-10	1.038182e+01	4.353466e+01
2.160000e-06	1.981398e-06	3.661329e-10	1.070166e+01	4.588342e+01
2.170000e-06	2.040441e-06	3.845236e-10	1.102055e+01	4.819713e+01
2.180000e-06	2.099245e-06	4.027762e-10	1.133816e+01	5.047575e+01
2.190000e-06	2.157757e-06	4.207015e-10	1.165418e+01	5.271938e+01
2.200000e-06	2.216159e-06	4.388125e-10	1.196961e+01	5.492824e+01
2.210000e-06	2.274392e-06	4.563448e-10	1.228414e+01	5.710266e+01
2.220000e-06	2.332342e-06	4.727384e-10	1.259713e+01	5.924305e+01
2.230000e-06	2.389968e-06	4.889329e-10	1.290837e+01	6.134993e+01
2.240000e-06	2.447235e-06	5.061311e-10	1.321767e+01	6.342384e+01
2.250000e-06	2.504287e-06	5.240630e-10	1.352581e+01	6.546543e+01
2.260000e-06	2.561037e-06	5.408363e-10	1.383233e+01	6.747535e+01
2.270000e-06	2.617452e-06	5.558287e-10	1.413703e+01	6.945431e+01
2.280000e-06	2.673753e-06	5.701928e-10	1.444111e+01	7.140302e+01
2.290000e-06	2.729961e-06	5.844925e-10	1.474469e+01	7.332222e+01
2.300000e-06	2.786011e-06	5.985417e-10	1.504743e+01	7.521265e+01
2.310000e-06	2.841873e-06	6.136854e-10	1.534914e+01	7.707502e+01
2.320000e-06	2.897480e-06	6.298534e-10	1.564948e+01	7.891006e+01
2.330000e-06	2.952880e-06	6.461541e-10	1.594869e+01	8.071847e+01
2.340000e-06	3.008134e-06	6.618702e-10	1.624713e+01	8.250091e+01
2.350000e-06	3.063278e-06	6.762603e-10	1.654496e+01	8.425801e+01
2.360000e-06	3.118106e-06	6.887384e-10	1.684109e+01	8.599039e+01
2.370000e-06	3.172590e-06	6.996971e-10	1.713536e+01	8.769860e+01
2.380000e-06	3.226905e-06	7.108849e-10	1.742872e+01	8.938317e+01
2.390000e-06	3.281070e-06	7.232993e-10	1.772127e+01	9.104458e+01
2.400000e-06	3.335050e-06	7.374413e-10	1.801282e+01	9.268325e+01
2.410000e-06	3.388796e-06	7.515175e-10	1.830310e+01	9.429957e+01
2.420000e-06	3.442381e-06	7.642087e-10	1.859252e+01	9.589389e+01
2.430000e-06	3.495729e-06	7.768055e-10	1.888066e+01	9.746650e+01
2.440000e-06	3.548864e-06	7.903666e-10	1.916764e+01	9.901764e+01
2.450000e-06	3.601806e-06	8.043362e-10	1.945358e+01	1.005475e+02
2.460000e-06	3.654416e-06	8.170742e-10	1.973773e+01	1.020563e+02
2.470000e-06	3.706706e-06	8.284475e-10	2.002016e+01	1.035442e+02
2.480000e-06	3.758745e-06	8.395409e-10	2.030122e+01	1.050112e+02
2.490000e-06	3.810571e-06	8.502359e-10	2.058114e+01	1.064573e+02
2.500000e-06	3.862025e-06	8.605661e-10	2.085905e+01	1.078827e+02
2.510000e-06	3.913133e-06	8.711393e-10	2.113508e+01	1.092874e+02
2.520000e-06	3.964085e-06	8.815710e-10	2.141028e+01	1.106712e+02
2.530000e-06	4.014634e-06	8.922837e-10	2.168330e+01	1.120343e+02
2.540000e-06	4.064595e-06	9.039662e-10	2.195314e+01	1.133764e+02
2.550000e-06	4.114087e-06	9.150367e-10	2.222045e+01	1.146977e+02
2.560000e-06	4.163022e-06	9.248297e-10	2.248475e+01	1.159981e+02
2.570000e-06	4.211501e-06	9.329495e-10	2.274659e+01	1.172774e+02
2.580000e-06	4.259639e-06	9.411293e-10	2.300658e+01	1.185356e+02
2.590000e-06	4.307515e-06	9.508617e-10	2.326516e+01	1.197728e+02
2.600000e-06	4.355263e-06	9.606826e-10	2.352306e+01	1.209888e+02
2.610000e-06	4.402740e-06	9.702498e-10	2.377948e+01	1.221837e+02
2.620000e-06	4.449870e-06	9.795928e-10	2.403403e+01	1.233574e+02
2.630000e-06	4.496693e-06	9.886226e-10	2.428693e+01	1.245100e+02
2.640000e-06	4.543163e-06	9.977023e-10	2.453792e+01	1.256416e+02
2.650000e-06	4.589346e-06	1.006527e-09	2.478735e+01	1.267521e+02
2.660000e-06	4.635275e-06	1.014046e-09	2.503542e+01	1.278418e+02
2.670000e-06	4.680832e-06	1.020154e-09	2.528147e+01	1.289106e+02
2.680000e-06	4.726149e-06	1.026698e-09	2.552623e+01	1.299588e+02
2.690000e-06	4.771133e-06	1.034670e-09	2.576919e+01	1.309866e+02
2.700000e-06	4.815695e-06	1.042388e-09	2.600988e+01	1.319941e+02
2.710000e-06	4.859980e-06	1.050021e-09	2.624907e+01	1.329815e+02
2.720000e-06	4.904032e-06	1.058822e-09	2.648699e+01	1.339492e+02
2.730000e-06	4.947837e-06	1.068407e-09	2.672358e+01	1.348972e+02
2.740000e-06	4.991433e-06	1.077676e-09	2.695905e+01	1.358260e+02
2.750000e-06	5.034795e-06	1.085520e-09	2.719325e+01	1.367358e+02
2.760000e-06	5.077734e-06	1.092354e-09	2.742516e+01	1.376270e+02
2.770000e-06	5.120124e-06	1.098892e-09	2.765412e+01	1.384997e+02
2.780000e-06	5.162010e-06	1.106096e-09	2.788035e+01	1.393543e+02
2.790000e-06	5.203389e-06	1.114223e-09	2.810384e+01	1.401913e+02
2.800000e-06	5.244150e-06	1.122358e-09	2.832399e+01	1.410107e+02
2.810000e-06	5.284466e-06	1.130404e-09	2.854174e+01	1.418130e+02
2.820000e-06	5.324504e-06	1.138258e-09	2.875799e+01	1.425985e+02
2.830000e-06	5.364221e-06	1.145872e-09	2.897250e+01	1.433675e+02
2.840000e-06	5.403681e-06	1.152875e-09	2.918563e+01	1.441202e+02
2.850000e-06	5.442854e-06	1.159579e-09	2.939720e+01	1.448570e+02
2.860000e-06	5.481551e-06	1.165390e-09	2.960621e+01	1.455780e+02
2.870000e-06	5.519923e-06	1.170411e-09	2.981346e+01	1.462836e+02
2.880000e-06	5.557962e-06	1.176479e-09	3.001891e+01	1.469741e+02
2.890000e-06	5.595524e-06	1.183011e-09	3.022179e+01	1.476495e+02
2.900000e-06	5.632649e-06	1.188862e-09	3.042230e+01	1.483103e+02
2.910000e-06	5.669348e-06	1.195324e-09	3.062051e+01	1.489566e+02
2.920000e-06	5.705605e-06	1.202998e-09	3.081634e+01	1.495886e+02
2.930000e-06	5.741521e-06	1.210860e-09	3.101032e+01	1.502066e+02
2.940000e-06	5.777264e-06	1.217683e-09	3.120337e+01	1.508108e+02
2.950000e-06	5.812759e-06	1.222299e-09	3.139508e+01	1.514014e+02
2.960000e-06	5.847953e-06	1.225939e-09	3.158517e+01	1.519787e+02
2.970000e-06	5.882836e-06	1.231025e-09	3.177357e+01	1.525429e+02
2.980000e-06	5.917116e-06	1.237126e-09	3.195872e+01	1.530944e+02
2.990000e-06	5.950469e-06	1.241716e-09	3.213886e+01	1.536333e+02
3.000000e-06	5.983064e-06	1.245613e-09	3.231491e+01	1.541600e+02
3.010000e-06	6.015244e-06	1.250680e-09	3.248872e+01	1.546748e+02
3.020000e-06	6.047122e-06	1.256508e-09	3.266089e+01	1.551781e+02
3.030000e-06	6.078682e-06	1.263173e-09	3.283135e+01	1.556703e+02
3.040000e-06	6.109956e-06	1.269823e-09	3.300027e+01	1.561516e+02
3.050000e-06	6.140725e-06	1.275106e-09	3.316645e+01	1.566226e+02
3.060000e-06	6.171047e-06	1.281427e-09	3.333022e+01	1.570837e+02
3.070000e-06	6.201091e-06	1.288702e-09	3.349249e+01	1.575353e+02
3.080000e-06	6.230620e-06	1.293301e-09	3.365198e+01	1.579780e+02
3.090000e-06	6.259627e-06	1.297212e-09	3.380864e+01	1.584121e+02
3.100000e-06	6.288183e-06	1.303190e-09	3.396288e+01	1.588381e+02
3.110000e-06	6.316326e-06	1.309545e-09	3.411488e+01	1.592566e+02
3.120000e-06	6.344190e-06	1.314524e-09	3.426537e+01	1.596681e+02
3.130000e-06	6.371873e-06	1.318694e-09	3.441489e+01	1.600730e+02
3.140000e-06	6.399368e-06	1.322149e-09	3.456340e+01	1.604718e+02
3.150000e-06	6.426367e-06	1.325098e-09	3.470922e+01	1.608649e+02
3.160000e-06	6.452597e-06	1.329237e-09	3.485089e+01	1.612527e+02
3.170000e-06	6.478072e-06	1.334166e-09	3.498848e+01	1.616357e+02
3.180000e-06	6.502865e-06	1.338533e-09	3.512239e+01	1.620142e+02
3.190000e-06	6.527082e-06	1.341955e-09	3.525319e+01	1.623884e+02
3.200000e-06	6.550820e-06	1.344741e-09	3.538140e+01	1.627587e+02
3.210000e-06	6.574187e-06	1.348405e-09	3.550760e+01	1.631252e+02
3.220000e-06	6.597096e-06	1.352063e-09	3.563134e+01	1.634881e+02
3.230000e-06	6.619463e-06	1.354778e-09	3.575214e+01	1.638475e+02
3.240000e-06	6.641458e-06	1.358018e-09	3.587094e+01	1.642034e+02
3.250000e-06	6.663031e-06	1.361418e-09	3.598746e+01	1.645558e+02
3.260000e-06	6.684109e-06	1.364905e-09	3.610130e+01	1.649046e+02
3.270000e-06	6.704677e-06	1.369302e-09	3.621239e+01	1.652496e+02
3.280000e-06	6.724791e-06	1.373244e-09	3.632103e+01	1.655906e+02
3.290000e-06	6.744632e-06	1.376552e-09	3.642819e+01	1.659274e+02
3.300000e-06	6.764199e-06	1.380862e-09	3.653387e+01	1.662597e+02
3.310000e-06	6.783388e-06	1.384466e-09	3.663751e+01	1.665870e+02
3.320000e-06	6.802063e-06	1.386922e-09	3.673838e+01	1.669091e+02
3.330000e-06	6.820175e-06	1.389071e-09	3.683620e+01	1.672255e+02
3.340000e-06	6.837695e-06	1.390496e-09	3.693083e+01	1.675358e+02
3.350000e-06	6.854697e-06	1.393743e-09	3.702266e+01	1.678394e+02
3.360000e-06	6.871290e-06	1.398551e-09	3.711228e+01	1.681360e+02
3.370000e-06	6.887497e-06	1.401672e-09	3.719981e+01	1.684251e+02
3.380000e-06	6.903172e-06	1.405020e-09	3.728447e+01	1.687061e+02
3.390000e-06	6.918200e-06	1.408887e-09	3.736564e+01	1.689788e+02
3.400000e-06	6.932620e-06	1.411974e-09	3.744352e+01	1.692426e+02
3.410000e-06	6.946617e-06	1.416476e-09	3.751912e+01	1.694971e+02
3.420000e-06	6.960072e-06	1.421545e-09	3.759179e+01	1.697421e+02
3.430000e-06	6.972862e-06	1.425168e-09	3.766088e+01	1.699772e+02
3.440000e-06	6.985125e-06	1.428184e-09	3.772710e+01	1.702021e+02
3.450000e-06	6.996957e-06	1.432202e-09	3.779101e+01	1.704165e+02
3.460000e-06	7.008426e-06	1.436630e-09	3.785296e+01	1.706205e+02
3.470000e-06	7.019353e-06	1.440632e-09	3.791198e+01	1.708137e+02
3.480000e-06	7.029425e-06	1.443035e-09	3.796637e+01	1.709961e+02
3.490000e-06	7.038558e-06	1.444117e-09	3.801570e+01	1.711678e+02
3.500000e-06	7.047004e-06	1.446298e-09	3.806132e+01	1.713287e+02
3.510000e-06	7.055005e-06	1.449437e-09	3.810453e+01	1.714790e+02
3.520000e-06	7.062714e-06	1.451454e-09	3.814617e+01	1.716186e+02
3.530000e-06	7.069993e-06	1.452892e-09	3.818548e+01	1.717479e+02
3.540000e-06	7.076772e-06	1.455586e-09	3.822210e+01	1.718670e+02
3.550000e-06	7.083102e-06	1.458588e-09	3.825629e+01	1.719760e+02
3.560000e-06	7.088977e-06	1.462316e-09	3.828802e+01	1.720753e+02
3.570000e-06	7.094387e-06	1.465839e-09	3.831724e+01	1.721651e+02
3.580000e-06	7.099205e-06	1.466942e-09	3.834326e+01	1.722456e+02
3.590000e-06	7.103529e-06	1.467671e-09	3.836662e+01	1.723171e+02
3.600000e-06	7.107562e-06	1.469963e-09	3.838840e+01	1.723800e+02
3.610000e-06	7.111283e-06	1.473377e-09	3.840849e+01	1.724343e+02
3.620000e-06	7.114557e-06	1.475762e-09	3.842618e+01	1.724805e+02
3.630000e-06	7.117334e-06	1.477546e-09	3.844118e+01	1.725187e+02
3.640000e-06	7.119348e-06	1.478876e-09	3.845205e+01	1.725492e+02
3.650000e-06	7.120403e-06	1.478560e-09	3.845775e+01	1.725721e+02
3.660000e-06	7.120816e-06	1.479344e-09	3.845998e+01	1.725876e+02
3.670000e-06	7.120819e-06	1.481057e-09	3.846000e+01	1.725960e+02
3.680000e-06	7.120468e-06	1.482251e-09	3.845810e+01	1.725972e+02
3.690000e-06	7.119664e-06	1.482884e-09	3.845376e+01	1.725916e+02
3.700000e-06	7.118245e-06	1.483320e-09	3.844610e+01	1.725790e+02
3.710000e-06	7.116383e-06	1.484494e-09	3.843604e+01	1.725598e+02
3.720000e-06	7.114180e-06	1.485454e-09	3.842414e+01	1.725338e+02
3.730000e-06	7.111442e-06	1.485505e-09	3.840935e+01	1.725013e+02
3.740000e-06	7.108250e-06	1.484002e-09	3.839211e+01	1.724623e+02
3.750000e-06	7.104664e-06	1.478232e-09	3.837274e+01	1.724167e+02
3.760000e-06	7.100561e-06	1.491400e-09	3.835058e+01	1.723649e+02
3.770000e-06	7.095648e-06	1.528305e-09	3.832405e+01	1.723067e+02
3.780000e-06	7.089899e-06	1.504818e-09	3.829300e+01	1.722424e+02
3.790000e-06	7.083884e-06	1.436839e-09	3.826051e+01	1.721720e+02
3.800000e-06	7.077767e-06	1.458426e-09	3.822747e+01	1.720957e+02
3.810000e-06	7.071017e-06	1.533116e-09	3.819101e+01	1.720137e+02
3.820000e-06	7.063350e-06	1.519741e-09	3.814960e+01	1.719261e+02
3.830000e-06	7.055174e-06	1.433387e-09	3.810544e+01	1.718333e+02
3.840000e-06	7.046892e-06	1.456194e-09	3.806071e+01	1.717353e+02
3.850000e-06	7.038273e-06	1.566186e-09	3.801416e+01	1.716326e+02
3.860000e-06	7.028882e-06	1.528160e-09	3.796344e+01	1.715254e+02
3.870000e-06	7.018973e-06	1.400494e-09	3.790992e+01	1.714140e+02
3.880000e-06	7.008885e-06	1.439220e-09	3.785544e+01	1.712988e+02
3.890000e-06	6.998332e-06	1.572590e-09	3.779844e+01	1.711801e+02
3.900000e-06	6.987065e-06	1.526739e-09	3.773759e+01	1.710582e+02
3.910000e-06	6.975313e-06	1.409715e-09	3.767411e+01	1.709336e+02
3.920000e-06	6.963115e-06	1.474634e-09	3.760823e+01	1.708065e+02
3.930000e-06	6.950198e-06	1.564716e-09	3.753847e+01	1.706772e+02
3.940000e-06	6.936442e-06	1.468939e-09	3.746417e+01	1.705462e+02
3.950000e-06	6.922034e-06	1.407550e-09	3.738635e+01	1.704137e+02
3.960000e-06	6.906913e-06	1.520652e-09	3.730468e+01	1.702798e+02
3.970000e-06	6.891000e-06	1.546157e-09	3.721873e+01	1.701449e+02
3.980000e-06	6.874737e-06	1.435803e-09	3.713089e+01	1.700090e+02
3.990000e-06	6.858266e-06	1.454048e-09	3.704193e+01	1.698723e+02
4.000000e-06	6.841285e-06	1.543977e-09	3.695022e+01	1.697348e+02
4.010000e-06	6.823667e-06	1.473496e-09	3.685506e+01	1.695965e+02
4.020000e-06	6.805688e-06	1.411496e-09	3.675795e+01	1.694573e+02
4.030000e-06	6.787349e-06	1.512924e-09	3.665890e+01	1.693170e+02
4.040000e-06	6.768468e-06	1.537510e-09	3.655693e+01	1.691755e+02
4.050000e-06	6.749138e-06	1.437627e-09	3.645253e+01	1.690324e+02
4.060000e-06	6.729388e-06	1.457465e-09	3.634585e+01	1.688874e+02
4.070000e-06	6.709255e-06	1.530610e-09	3.623712e+01	1.687401e+02
4.080000e-06	6.688795e-06	1.471735e-09	3.612661e+01	1.685900e+02
4.090000e-06	6.667941e-06	1.434457e-09	3.601398e+01	1.684367e+02
4.100000e-06	6.646486e-06	1.506083e-09	3.589810e+01	1.682796e+02
4.110000e-06	6.624217e-06	1.499267e-09	3.577782e+01	1.681181e+02
4.120000e-06	6.601246e-06	1.444202e-09	3.565375e+01	1.679517e+02
4.130000e-06	6.577692e-06	1.480561e-09	3.552654e+01	1.677797e+02
4.140000e-06	6.553662e-06	1.501048e-09	3.539675e+01	1.676015e+02
4.150000e-06	6.529312e-06	1.454050e-09	3.526523e+01	1.674166e+02
4.160000e-06	6.504601e-06	1.465741e-09	3.513176e+01	1.672243e+02
4.170000e-06	6.479451e-06	1.499827e-09	3.499593e+01	1.670241e+02
4.180000e-06	6.453855e-06	1.471752e-09	3.485768e+01	1.668154e+02
4.190000e-06	6.427802e-06	1.460334e-09	3.471697e+01	1.665978e+02
4.200000e-06	6.401218e-06	1.482642e-09	3.457339e+01	1.663708e+02
4.210000e-06	6.374009e-06	1.471043e-09	3.442643e+01	1.661341e+02
4.220000e-06	6.346382e-06	1.459927e-09	3.427721e+01	1.658874e+02
4.230000e-06	6.318504e-06	1.472813e-09	3.412664e+01	1.656303e+02
4.240000e-06	6.290287e-06	1.468850e-09	3.397424e+01	1.653627e+02
4.250000e-06	6.261773e-06	1.462764e-09	3.382024e+01	1.650845e+02
4.260000e-06	6.232966e-06	1.466204e-09	3.366465e+01	1.647957e+02
4.270000e-06	6.203695e-06	1.458508e-09	3.350655e+01	1.644962e+02
4.280000e-06	6.173688e-06	1.454871e-09	3.334448e+01	1.641861e+02
4.290000e-06	6.142758e-06	1.457223e-09	3.317743e+01	1.638656e+02
4.300000e-06	6.111167e-06	1.447548e-09	3.300680e+01	1.635349e+02
4.310000e-06	6.079185e-06	1.448766e-09	3.283407e+01	1.631941e+02
4.320000e-06	6.046839e-06	1.455541e-09	3.265937e+01	1.628436e+02
4.330000e-06	6.014181e-06	1.442619e-09	3.248298e+01	1.624836e+02
4.340000e-06	5.981173e-06	1.438392e-09	3.230470e+01	1.621146e+02
4.350000e-06	5.947722e-06	1.447961e-09	3.212403e+01	1.617367e+02
4.360000e-06	5.913813e-06	1.440242e-09	3.194088e+01	1.613504e+02
4.370000e-06	5.879557e-06	1.434843e-09	3.175586e+01	1.609560e+02
4.380000e-06	5.844924e-06	1.440548e-09	3.156881e+01	1.605539e+02
4.390000e-06	5.809975e-06	1.431109e-09	3.138005e+01	1.601443e+02
4.400000e-06	5.774636e-06	1.421849e-09	3.118918e+01	1.597275e+02
4.410000e-06	5.738736e-06	1.428246e-09	3.099528e+01	1.593037e+02
4.420000e-06	5.702550e-06	1.425793e-09	3.079984e+01	1.588733e+02
4.430000e-06	5.666243e-06	1.416199e-09	3.060374e+01	1.584363e+02
4.440000e-06	5.629636e-06	1.416415e-09	3.040603e+01	1.579929e+02
4.450000e-06	5.592531e-06	1.415268e-09	3.020562e+01	1.575432e+02
4.460000e-06	5.554973e-06	1.408887e-09	3.000276e+01	1.570872e+02
4.470000e-06	5.516699e-06	1.405483e-09	2.979604e+01	1.566249e+02
4.480000e-06	5.477664e-06	1.402093e-09	2.958521e+01	1.561563e+02
4.490000e-06	5.438154e-06	1.397985e-09	2.937182e+01	1.556813e+02
4.500000e-06	5.398174e-06	1.396429e-09	2.915588e+01	1.551997e+02
4.510000e-06	5.357896e-06	1.394175e-09	2.893834e+01	1.547115e+02
4.520000e-06	5.317390e-06	1.389605e-09	2.871956e+01	1.542164e+02
4.530000e-06	5.276598e-06	1.384630e-09	2.849924e+01	1.537144e+02
4.540000e-06	5.235431e-06	1.381090e-09	2.827690e+01	1.532051e+02
4.550000e-06	5.193921e-06	1.379821e-09	2.805270e+01	1.526884e+02
4.560000e-06	5.152146e-06	1.377698e-09	2.782707e+01	1.521642e+02
4.570000e-06	5.110008e-06	1.370812e-09	2.759948e+01	1.516321e+02
4.580000e-06	5.067520e-06	1.363077e-09	2.737000e+01	1.510921e+02
4.590000e-06	5.024723e-06	1.357504e-09	2.713885e+01	1.505440e+02
4.600000e-06	4.981509e-06	1.352148e-09	2.690545e+01	1.499877e+02
4.610000e-06	4.937935e-06	1.346855e-09	2.667010e+01	1.494229e+02
4.620000e-06	4.894032e-06	1.343344e-09	2.643298e+01	1.488497e+02
4.630000e-06	4.849829e-06	1.342409e-09	2.619423e+01	1.482681e+02
4.640000e-06	4.805458e-06	1.340746e-09	2.595459e+01	1.476778e+02
4.650000e-06	4.760806e-06	1.334979e-09	2.571342e+01	1.470790e+02
4.660000e-06	4.715891e-06	1.326566e-09	2.547083e+01	1.464716e+02
4.670000e-06	4.670706e-06	1.318128e-09	2.522678e+01	1.458557e+02
4.680000e-06	4.625232e-06	1.310983e-09	2.498118e+01	1.452312e+02
4.690000e-06	4.579321e-06	1.305739e-09	2.473321e+01	1.445983e+02
4.700000e-06	4.532891e-06	1.302463e-09	2.448243e+01	1.439569e+02
4.710000e-06	4.486170e-06	1.299124e-09	2.423009e+01	1.433071e+02
4.720000e-06	4.439253e-06	1.294322e-09	2.397669e+01	1.426489e+02
4.730000e-06	4.392029e-06	1.287591e-09	2.372163e+01	1.419823e+02
4.740000e-06	4.344441e-06	1.280023e-09	2.346460e+01	1.413072e+02
4.750000e-06	4.296512e-06	1.273853e-09	2.320574e+01	1.406235e+02
4.760000e-06	4.248282e-06	1.268474e-09	2.294524e+01	1.399311e+02
4.770000e-06	4.199689e-06	1.261985e-09	2.268279e+01	1.392300e+02
4.780000e-06	4.150643e-06	1.256501e-09	2.241789e+01	1.385197e+02
4.790000e-06	4.101169e-06	1.252727e-09	2.215068e+01	1.378001e+02
4.800000e-06	4.051296e-06	1.247166e-09	2.188131e+01	1.370708e+02
4.810000e-06	4.001236e-06	1.240218e-09	2.161093e+01	1.363314e+02
4.820000e-06	3.950923e-06	1.233345e-09	2.133919e+01	1.355815e+02
4.830000e-06	3.900256e-06	1.228087e-09	2.106553e+01	1.348207e+02
4.840000e-06	3.849327e-06	1.223215e-09	2.079046e+01	1.340482e+02
4.850000e-06	3.798146e-06	1.216618e-09	2.051403e+01	1.332636e+02
4.860000e-06	3.746639e-06	1.209757e-09	2.023583e+01	1.324663e+02
4.870000e-06	3.694884e-06	1.203560e-09	1.995630e+01	1.316556e+02
4.880000e-06	3.642850e-06	1.197118e-09	1.967527e+01	1.308308e+02
4.890000e-06	3.590529e-06	1.190984e-09	1.939268e+01	1.299913e+02
4.900000e-06	3.538015e-06	1.184706e-09	1.910905e+01	1.291365e+02
4.910000e-06	3.485234e-06	1.178252e-09	1.882397e+01	1.282656e+02
4.920000e-06	3.432152e-06	1.171565e-09	1.853727e+01	1.273781e+02
4.930000e-06	3.378786e-06	1.163560e-09	1.824904e+01	1.264735e+02
4.940000e-06	3.325063e-06	1.155062e-09	1.795888e+01	1.255511e+02
4.950000e-06	3.270827e-06	1.146072e-09	1.766595e+01	1.246107e+02
4.960000e-06	3.216075e-06	1.136196e-09	1.737022e+01	1.236517e+02
4.970000e-06	3.160934e-06	1.127325e-09	1.707240e+01	1.226740e+02
4.980000e-06	3.105590e-06	1.119446e-09	1.677349e+01	1.216772e+02
4.990000e-06	3.049965e-06	1.110755e-09	1.647306e+01	1.206613e+02
5.000000e-06	2.994090e-06	1.101643e-09	1.617127e+01	1.196263e+02
5.010000e-06	2.938052e-06	1.091001e-09	1.586861e+01	1.185722e+02
5.020000e-06	2.881866e-06	1.079210e-09	1.556514e+01	1.174993e+02
5.030000e-06	2.825529e-06	1.069704e-09	1.526086e+01	1.164077e+02
5.040000e-06	2.769044e-06	1.062003e-09	1.495579e+01	1.152978e+02
5.050000e-06	2.712478e-06	1.053202e-09	1.465027e+01	1.141701e+02
5.060000e-06	2.655730e-06	1.044167e-09	1.434377e+01	1.130249e+02
5.070000e-06	2.598840e-06	1.034774e-09	1.403650e+01	1.118629e+02
5.080000e-06	2.541884e-06	1.023758e-09	1.372888e+01	1.106845e+02
5.090000e-06	2.484706e-06	1.011959e-09	1.342005e+01	1.094904e+02
5.100000e-06	2.427190e-06	9.995779e-10	1.310941e+01	1.082810e+02
5.110000e-06	2.369387e-06	9.871642e-10	1.279721e+01	1.070571e+02
5.120000e-06	2.311374e-06	9.761692e-10	1.248388e+01	1.058190e+02
5.130000e-06	2.253303e-06	9.656424e-10	1.217023e+01	1.045673e+02
5.140000e-06	2.195166e-06	9.545987e-10	1.185623e+01	1.033022e+02
5.150000e-06	2.136913e-06	9.425294e-10	1.154160e+01	1.020242e+02
5.160000e-06	2.078496e-06	9.305925e-10	1.122609e+01	1.007333e+02
5.170000e-06	2.019863e-06	9.183257e-10	1.090941e+01	9.942967e+01
5.180000e-06	1.960976e-06	9.056885e-10	1.059136e+01	9.811310e+01
5.190000e-06	1.901989e-06	8.937903e-10	1.027277e+01	9.678337e+01
5.200000e-06	1.842978e-06	8.809583e-10	9.954040e+00	9.544002e+01
5.210000e-06	1.783798e-06	8.674524e-10	9.634410e+00	9.408248e+01
5.220000e-06	1.724545e-06	8.550210e-10	9.314376e+00	9.270994e+01
5.230000e-06	1.665202e-06	8.429506e-10	8.993864e+00	9.132145e+01
5.240000e-06	1.605639e-06	8.299744e-10	8.672157e+00	8.991588e+01
5.250000e-06	1.545920e-06	8.169289e-10	8.349614e+00	8.849190e+01
5.260000e-06	1.486139e-06	8.041155e-10	8.026730e+00	8.704805e+01
5.270000e-06	1.426195e-06	7.910517e-10	7.702973e+00	8.558270e+01
5.280000e-06	1.366140e-06	7.766625e-10	7.378611e+00	8.409411e+01
5.290000e-06	1.306116e-06	7.609045e-10	7.054413e+00	8.258040e+01
5.300000e-06	1.245981e-06	7.443554e-10	6.729622e+00	8.103960e+01
5.310000e-06	1.185716e-06	7.283614e-10	6.404126e+00	7.946968e+01
5.320000e-06	1.125405e-06	7.136074e-10	6.078387e+00	7.786856e+01
5.330000e-06	1.065068e-06	6.998332e-10	5.752503e+00	7.623415e+01
5.340000e-06	1.004717e-06	6.863444e-10	5.426542e+00	7.456435e+01
5.350000e-06	9.443659e-07	6.711780e-10	5.100580e+00	7.285712e+01
5.360000e-06	8.839873e-07	6.542820e-10	4.774472e+00	7.111049e+01
5.370000e-06	8.235542e-07	6.372153e-10	4.448069e+00	6.932258e+01
5.380000e-06	7.631045e-07	6.197580e-10	4.121576e+00	6.749166e+01
5.390000e-06	7.025893e-07	6.016927e-10	3.794730e+00	6.561614e+01
5.400000e-06	6.420642e-07	5.832707e-10	3.467830e+00	6.369463e+01
5.410000e-06	5.815857e-07	5.649321e-10	3.141181e+00	6.172594e+01
5.420000e-06	5.210926e-07	5.473246e-10	2.814455e+00	5.970911e+01
5.430000e-06	4.605326e-07	5.291916e-10	2.487366e+00	5.764345e+01
5.440000e-06	3.999153e-07	5.101477e-10	2.159968e+00	5.552853e+01
5.450000e-06	3.392518e-07	4.905227e-10	1.832320e+00	5.336421e+01
5.460000e-06	2.785106e-07	4.702026e-10	1.504253e+00	5.115063e+01
5.470000e-06	2.176850e-07	4.495617e-10	1.175730e+00	4.888824e+01
5.480000e-06	1.568587e-07	4.291988e-10	8.472039e-01	4.657781e+01
5.490000e-06	9.608458e-08	4.081803e-10	5.189589e-01	4.422039e+01
5.500000e-06	3.532725e-08	3.861823e-10	1.908047e-01	4.181733e+01
5.510000e-06	-2.533965e-08	3.631894e-10	-1.368611e-01	3.937030e+01
5.520000e-06	-8.592887e-08	3.398408e-10	-4.641073e-01	3.688120e+01
5.530000e-06	-1.465376e-07	3.175197e-10	-7.914592e-01	3.435225e+01
5.540000e-06	-2.071690e-07	2.954714e-10	-1.118933e+00	3.178587e+01
5.550000e-06	-2.678098e-07	2.736566e-10	-1.446458e+00	2.918474e+01
5.560000e-06	-3.284334e-07	2.510450e-10	-1.773890e+00	2.655173e+01
5.570000e-06	-3.890484e-07	2.265314e-10	-2.101275e+00	2.388988e+01
5.580000e-06	-4.496049e-07	2.010149e-10	-2.428345e+00	2.120241e+01
5.590000e-06	-5.101596e-07	1.747012e-10	-2.755405e+00	1.849264e+01
5.600000e-06	-5.707606e-07	1.493382e-10	-3.082714e+00	1.576401e+01
5.610000e-06	-6.313120e-07	1.256458e-10	-3.409756e+00	1.301999e+01
5.620000e-06	-6.918396e-07	1.021758e-10	-3.736670e+00	1.026413e+01
5.630000e-06	-7.523595e-07	7.858947e-11	-4.063542e+00	7.499966e+00
5.640000e-06	-8.127795e-07	5.395901e-11	-4.389874e+00	4.731026e+00
5.650000e-06	-8.731177e-07	2.777242e-11	-4.715764e+00	1.960789e+00
5.660000e-06	-9.334438e-07	1.396262e-12	-5.041589e+00	-8.073365e-01
5.670000e-06	-9.937027e-07	-2.373869e-11	-5.367052e+00	-3.570035e+00
5.680000e-06	-1.053920e-06	-4.708576e-11	-5.692288e+00	-6.324108e+00
5.690000e-06	-1.114141e-06	-6.971768e-11	-6.017549e+00	-9.066492e+00
5.700000e-06	-1.174344e-06	-9.394186e-11	-6.342709e+00	-1.179428e+01
5.710000e-06	-1.234433e-06	-1.186769e-10	-6.667254e+00	-1.450473e+01
5.720000e-06	-1.294466e-06	-1.423945e-10	-6.991495e+00	-1.719529e+01
5.730000e-06	-1.354479e-06	-1.656619e-10	-7.315628e+00	-1.986359e+01
5.740000e-06	-1.414358e-06	-1.886383e-10	-7.639036e+00	-2.250746e+01
5.750000e-06	-1.474085e-06	-2.124313e-10	-7.961625e+00	-2.512495e+01
5.760000e-06	-1.533674e-06	-2.380005e-10	-8.283473e+00	-2.771431e+01
5.770000e-06	-1.593225e-06	-2.638819e-10	-8.605108e+00	-3.027398e+01
5.780000e-06	-1.652764e-06	-2.881769e-10	-8.926685e+00	-3.280264e+01
5.790000e-06	-1.712097e-06	-3.114481e-10	-9.247147e+00	-3.529915e+01
5.800000e-06	-1.771201e-06	-3.356539e-10	-9.566371e+00	-3.776257e+01
5.810000e-06	-1.830198e-06	-3.592606e-10	-9.885016e+00	-4.019216e+01
5.820000e-06	-1.889139e-06	-3.800799e-10	-1.020336e+01	-4.258736e+01
5.830000e-06	-1.948028e-06	-4.012401e-10	-1.052143e+01	-4.494777e+01
5.840000e-06	-2.006803e-06	-4.247016e-10	-1.083887e+01	-4.727317e+01
5.850000e-06	-2.065476e-06	-4.482368e-10	-1.115577e+01	-4.956348e+01
5.860000e-06	-2.123833e-06	-4.696104e-10	-1.147096e+01	-5.181875e+01
5.870000e-06	-2.181874e-06	-4.890580e-10	-1.178444e+01	-5.403916e+01
5.880000e-06	-2.239847e-06	-5.084017e-10	-1.209756e+01	-5.622502e+01
5.890000e-06	-2.297661e-06	-5.277643e-10	-1.240981e+01	-5.837670e+01
5.900000e-06	-2.355205e-06	-5.481515e-10	-1.272062e+01	-6.049468e+01
5.910000e-06	-2.412616e-06	-5.693571e-10	-1.303069e+01	-6.257951e+01
5.920000e-06	-2.469890e-06	-5.880530e-10	-1.334003e+01	-6.463180e+01
5.930000e-06	-2.526968e-06	-6.063188e-10	-1.364832e+01	-6.665219e+01
5.940000e-06	-2.583880e-06	-6.266688e-10	-1.395570e+01	-6.864139e+01
5.950000e-06	-2.640681e-06	-6.471990e-10	-1.426249e+01	-7.060010e+01
5.960000e-06	-2.697344e-06	-6.658415e-10	-1.456853e+01	-7.252905e+01
5.970000e-06	-2.753905e-06	-6.832039e-10	-1.487402e+01	-7.442898e+01
5.980000e-06	-2.810356e-06	-7.005837e-10	-1.517891e+01	-7.630062e+01
5.990000e-06	-2.866601e-06	-7.181007e-10	-1.548269e+01	-7.814469e+01
6.000000e-06	-2.922804e-06	-7.357118e-10	-1.578625e+01	-7.996189e+01
6.010000e-06	-2.978778e-06	-7.515165e-10	-1.608857e+01	-8.175291e+01
6.020000e-06	-3.034413e-06	-7.652314e-10	-1.638906e+01	-8.351839e+01
6.030000e-06	-3.089727e-06	-7.801026e-10	-1.668781e+01	-8.525894e+01
6.040000e-06	-3.144779e-06	-7.979936e-10	-1.698515e+01	-8.697514e+01
6.050000e-06	-3.199569e-06	-8.154844e-10	-1.728108e+01	-8.866753e+01
6.060000e-06	-3.253888e-06	-8.310598e-10	-1.757446e+01	-9.033660e+01
6.070000e-06	-3.307759e-06	-8.460680e-10	-1.786542e+01	-9.198280e+01
6.080000e-06	-3.361356e-06	-8.607751e-10	-1.815490e+01	-9.360653e+01
6.090000e-06	-3.414638e-06	-8.767191e-10	-1.844268e+01	-9.520815e+01
6.100000e-06	-3.467585e-06	-8.935715e-10	-1.872865e+01	-9.678796e+01
6.110000e-06	-3.520399e-06	-9.080452e-10	-1.901390e+01	-9.834623e+01
6.120000e-06	-3.572953e-06	-9.203757e-10	-1.929775e+01	-9.988318e+01
6.130000e-06	-3.625145e-06	-9.337580e-10	-1.957964e+01	-1.013990e+02
6.140000e-06	-3.677056e-06	-9.484508e-10	-1.986002e+01	-1.028938e+02
6.150000e-06	-3.728746e-06	-9.623868e-10	-2.013919e+01	-1.043677e+02
6.160000e-06	-3.780108e-06	-9.747188e-10	-2.041661e+01	-1.058208e+02
6.170000e-06	-3.831084e-06	-9.873501e-10	-2.069193e+01	-1.072531e+02
6.180000e-06	-3.881804e-06	-1.001043e-09	-2.096587e+01	-1.086647e+02
6.190000e-06	-3.932409e-06	-1.014451e-09	-2.123919e+01	-1.100555e+02
6.200000e-06	-3.982760e-06	-1.026717e-09	-2.151114e+01	-1.114254e+02
6.210000e-06	-4.032765e-06	-1.037730e-09	-2.178122e+01	-1.127746e+02
6.220000e-06	-4.082533e-06	-1.048475e-09	-2.205002e+01	-1.141028e+02
6.230000e-06	-4.131680e-06	-1.059951e-09	-2.231547e+01	-1.154102e+02
6.240000e-06	-4.180180e-06	-1.072125e-09	-2.257742e+01	-1.166965e+02
6.250000e-06	-4.228423e-06	-1.084352e-09	-2.283799e+01	-1.179617e+02
6.260000e-06	-4.276307e-06	-1.095967e-09	-2.309661e+01	-1.192059e+02
6.270000e-06	-4.323624e-06	-1.106277e-09	-2.335217e+01	-1.204290e+02
6.280000e-06	-4.370638e-06	-1.116612e-09	-2.360610e+01	-1.216309e+02
6.290000e-06	-4.417553e-06	-1.128708e-09	-2.385949e+01	-1.228117e+02
6.300000e-06	-4.464261e-06	-1.140027e-09	-2.411176e+01	-1.239713e+02
6.310000e-06	-4.510692e-06	-1.149432e-09	-2.436253e+01	-1.251099e+02
6.320000e-06	-4.556676e-06	-1.158832e-09	-2.461090e+01	-1.262274e+02
6.330000e-06	-4.602334e-06	-1.169138e-09	-2.485750e+01	-1.273240e+02
6.340000e-06	-4.647728e-06	-1.179884e-09	-2.510268e+01	-1.283998e+02
6.350000e-06	-4.692757e-06	-1.189596e-09	-2.534588e+01	-1.294549e+02
6.360000e-06	-4.737550e-06	-1.198519e-09	-2.558781e+01	-1.304894e+02
6.370000e-06	-4.782156e-06	-1.207048e-09	-2.582873e+01	-1.315036e+02
6.380000e-06	-4.826581e-06	-1.215817e-09	-2.606868e+01	-1.324977e+02
6.390000e-06	-4.870744e-06	-1.226018e-09	-2.630720e+01	-1.334719e+02
6.400000e-06	-4.914634e-06	-1.235149e-09	-2.654425e+01	-1.344265e+02
6.410000e-06	-4.958213e-06	-1.242462e-09	-2.677963e+01	-1.353617e+02
6.420000e-06	-5.001390e-06	-1.250405e-09	-2.701283e+01	-1.362778e+02
6.430000e-06	-5.044210e-06	-1.258786e-09	-2.724410e+01	-1.371751e+02
6.440000e-06	-5.086678e-06	-1.267268e-09	-2.747347e+01	-1.380539e+02
6.450000e-06	-5.128786e-06	-1.275278e-09	-2.770090e+01	-1.389146e+02
6.460000e-06	-5.170391e-06	-1.282354e-09	-2.792561e+01	-1.397573e+02
6.470000e-06	-5.211611e-06	-1.290628e-09	-2.814825e+01	-1.405826e+02
6.480000e-06	-5.252649e-06	-1.299227e-09	-2.836989e+01	-1.413906e+02
6.490000e-06	-5.293367e-06	-1.305679e-09	-2.858981e+01	-1.421817e+02
6.500000e-06	-5.333877e-06	-1.311082e-09	-2.880861e+01	-1.429561e+02
6.510000e-06	-5.374130e-06	-1.317308e-09	-2.902602e+01	-1.437142e+02
6.520000e-06	-5.413951e-06	-1.325104e-09	-2.924110e+01	-1.444562e+02
6.530000e-06	-5.453357e-06	-1.331913e-09	-2.945393e+01	-1.451825e+02
6.540000e-06	-5.492203e-06	-1.336664e-09	-2.966374e+01	-1.458932e+02
6.550000e-06	-5.530461e-06	-1.341545e-09	-2.987037e+01	-1.465887e+02
6.560000e-06	-5.568226e-06	-1.347765e-09	-3.007435e+01	-1.472691e+02
6.570000e-06	-5.605454e-06	-1.354369e-09	-3.027541e+01	-1.479347e+02
6.580000e-06	-5.642279e-06	-1.359950e-09	-3.047431e+01	-1.485858e+02
6.590000e-06	-5.678775e-06	-1.365066e-09	-3.067143e+01	-1.492226e+02
6.600000e-06	-5.714866e-06	-1.369573e-09	-3.086635e+01	-1.498452e+02
6.610000e-06	-5.750633e-06	-1.373155e-09	-3.105953e+01	-1.504540e+02
6.620000e-06	-5.786055e-06	-1.377028e-09	-3.125085e+01	-1.510491e+02
6.630000e-06	-5.820982e-06	-1.381343e-09	-3.143950e+01	-1.516308e+02
6.640000e-06	-5.855564e-06	-1.385467e-09	-3.162627e+01	-1.521993e+02
6.650000e-06	-5.889905e-06	-1.388842e-09	-3.181176e+01	-1.527550e+02
6.660000e-06	-5.923709e-06	-1.392226e-09	-3.199433e+01	-1.532981e+02
6.670000e-06	-5.956963e-06	-1.396740e-09	-3.217394e+01	-1.538288e+02
6.680000e-06	-5.989820e-06	-1.400867e-09	-3.235140e+01	-1.543475e+02
6.690000e-06	-6.022218e-06	-1.403516e-09	-3.252639e+01	-1.548546e+02
6.700000e-06	-6.054393e-06	-1.406371e-09	-3.270016e+01	-1.553504e+02
6.710000e-06	-6.086399e-06	-1.411432e-09	-3.287303e+01	-1.558353e+02
6.720000e-06	-6.117944e-06	-1.416851e-09	-3.304341e+01	-1.563098e+02
6.730000e-06	-6.148830e-06	-1.420579e-09	-3.321023e+01	-1.567741e+02
6.740000e-06	-6.178986e-06	-1.422941e-09	-3.337310e+01	-1.572288e+02
6.750000e-06	-6.208528e-06	-1.425599e-09	-3.353266e+01	-1.576744e+02
6.760000e-06	-6.237642e-06	-1.428865e-09	-3.368990e+01	-1.581112e+02
6.770000e-06	-6.266434e-06	-1.431259e-09	-3.384541e+01	-1.585399e+02
6.780000e-06	-6.294763e-06	-1.433618e-09	-3.399842e+01	-1.589609e+02
6.790000e-06	-6.322648e-06	-1.436035e-09	-3.414903e+01	-1.593747e+02
6.800000e-06	-6.350162e-06	-1.437105e-09	-3.429763e+01	-1.597817e+02
6.810000e-06	-6.377206e-06	-1.438351e-09	-3.444370e+01	-1.601824e+02
6.820000e-06	-6.403719e-06	-1.439619e-09	-3.458690e+01	-1.605774e+02
6.830000e-06	-6.429811e-06	-1.440708e-09	-3.472782e+01	-1.609669e+02
6.840000e-06	-6.455515e-06	-1.443417e-09	-3.486665e+01	-1.613515e+02
6.850000e-06	-6.480728e-06	-1.445336e-09	-3.500283e+01	-1.617314e+02
6.860000e-06	-6.505494e-06	-1.446584e-09	-3.513659e+01	-1.621071e+02
6.870000e-06	-6.530003e-06	-1.449225e-09	-3.526896e+01	-1.624786e+02
6.880000e-06	-6.554353e-06	-1.452524e-09	-3.540048e+01	-1.628464e+02
6.890000e-06	-6.578230e-06	-1.456060e-09	-3.552944e+01	-1.632105e+02
6.900000e-06	-6.601449e-06	-1.458643e-09	-3.565485e+01	-1.635711e+02
6.910000e-06	-6.623973e-06	-1.459522e-09	-3.577650e+01	-1.639281e+02
6.920000e-06	-6.645684e-06	-1.459977e-09	-3.589377e+01	-1.642817e+02
6.930000e-06	-6.666684e-06	-1.461803e-09	-3.600719e+01	-1.646317e+02
6.940000e-06	-6.687255e-06	-1.464276e-09	-3.611829e+01	-1.649779e+02
6.950000e-06	-6.707550e-06	-1.465354e-09	-3.622790e+01	-1.653203e+02
6.960000e-06	-6.727433e-06	-1.465955e-09	-3.633530e+01	-1.656585e+02
6.970000e-06	-6.746817e-06	-1.468189e-09	-3.643999e+01	-1.659923e+02
6.980000e-06	-6.765855e-06	-1.470613e-09	-3.654282e+01	-1.663214e+02
6.990000e-06	-6.784458e-06	-1.471492e-09	-3.664329e+01	-1.666453e+02
7.000000e-06	-6.802580e-06	-1.472800e-09	-3.674117e+01	-1.669636e+02
7.010000e-06	-6.820285e-06	-1.474695e-09	-3.683679e+01	-1.672759e+02
7.020000e-06	-6.837533e-06	-1.476240e-09	-3.692995e+01	-1.675818e+02
7.030000e-06	-6.854432e-06	-1.478375e-09	-3.702123e+01	-1.678808e+02
7.040000e-06	-6.871043e-06	-1.481212e-09	-3.711094e+01	-1.681724e+02
7.050000e-06	-6.887234e-06	-1.483652e-09	-3.719839e+01	-1.684562e+02
7.060000e-06	-6.902807e-06	-1.485989e-09	-3.728250e+01	-1.687317e+02
7.070000e-06	-6.917707e-06	-1.488862e-09	-3.736298e+01	-1.689985e+02
7.080000e-06	-6.931736e-06	-1.490076e-09	-3.743875e+01	-1.692562e+02
7.090000e-06	-6.945050e-06	-1.490044e-09	-3.751066e+01	-1.695044e+02
7.100000e-06	-6.957920e-06	-1.491073e-09	-3.758017e+01	-1.697428e+02
7.110000e-06	-6.970204e-06	-1.492443e-09	-3.764652e+01	-1.699711e+02
7.120000e-06	-6.981833e-06	-1.492882e-09	-3.770933e+01	-1.701890e+02
7.130000e-06	-6.992905e-06	-1.493616e-09	-3.776913e+01	-1.703965e+02
7.140000e-06	-7.003614e-06	-1.494893e-09	-3.782697e+01	-1.705933e+02
7.150000e-06	-7.013941e-06	-1.495217e-09	-3.788275e+01	-1.707793e+02
7.160000e-06	-7.023668e-06	-1.496114e-09	-3.793528e+01	-1.709546e+02
7.170000e-06	-7.032894e-06	-1.497796e-09	-3.798511e+01	-1.711191e+02
7.180000e-06	-7.041691e-06	-1.498589e-09	-3.803262e+01	-1.712729e+02
7.190000e-06	-7.050144e-06	-1.498723e-09	-3.807828e+01	-1.714160e+02
7.200000e-06	-7.058347e-06	-1.499059e-09	-3.812259e+01	-1.715488e+02
7.210000e-06	-7.066018e-06	-1.498378e-09	-3.816402e+01	-1.716712e+02
7.220000e-06	-7.072934e-06	-1.497076e-09	-3.820137e+01	-1.717835e+02
7.230000e-06	-7.079055e-06	-1.495808e-09	-3.823443e+01	-1.718861e+02
7.240000e-06	-7.084469e-06	-1.493892e-09	-3.826367e+01	-1.719790e+02
7.250000e-06	-7.089329e-06	-1.493316e-09	-3.828992e+01	-1.720625e+02
7.260000e-06	-7.093776e-06	-1.494302e-09	-3.831394e+01	-1.721370e+02
7.270000e-06	-7.097960e-06	-1.495228e-09	-3.833653e+01	-1.722027e+02
7.280000e-06	-7.101813e-06	-1.495564e-09	-3.835735e+01	-1.722599e+02
7.290000e-06	-7.105099e-06	-1.495138e-09	-3.837510e+01	-1.723088e+02
7.300000e-06	-7.107789e-06	-1.494248e-09	-3.838962e+01	-1.723496e+02
7.310000e-06	-7.110103e-06	-1.493517e-09	-3.840212e+01	-1.723826e+02
7.320000e-06	-7.112070e-06	-1.493292e-09	-3.841274e+01	-1.724080e+02
7.330000e-06	-7.113403e-06	-1.493207e-09	-3.841994e+01	-1.724260e+02
7.340000e-06	-7.114208e-06	-1.492161e-09	-3.842429e+01	-1.724367e+02
