# Temperatura_=_20.0
# Concentracion g/m^3_=_7400.0
# C_Vs_to_Am_M_A/Vsm_=_116720831517.84952
# pendiente_HvsI_1/m_=_3716.3
# ordenada_HvsI_A/m_=_1297.0
# frecuencia_Hz_=_136121.03901722765

Tiempo_(s)	Campo_(V.s)	Magnetizacion_(V.s)	Campo_(kA/m)	Magnetizacion_(A/m)
0.000000e+00	-7.088119e-06	-1.203912e-09	-3.841792e+01	-1.398218e+02
1.000000e-08	-7.088342e-06	-1.203236e-09	-3.841913e+01	-1.398170e+02
2.000000e-08	-7.088358e-06	-1.203751e-09	-3.841922e+01	-1.398048e+02
3.000000e-08	-7.088034e-06	-1.203435e-09	-3.841746e+01	-1.397854e+02
4.000000e-08	-7.087107e-06	-1.202031e-09	-3.841244e+01	-1.397591e+02
5.000000e-08	-7.085355e-06	-1.199817e-09	-3.840294e+01	-1.397261e+02
6.000000e-08	-7.082740e-06	-1.198143e-09	-3.838877e+01	-1.396864e+02
7.000000e-08	-7.079474e-06	-1.197854e-09	-3.837106e+01	-1.396405e+02
8.000000e-08	-7.075841e-06	-1.204675e-09	-3.835138e+01	-1.395885e+02
9.000000e-08	-7.071835e-06	-1.209072e-09	-3.832966e+01	-1.395308e+02
1.000000e-07	-7.067026e-06	-1.172212e-09	-3.830359e+01	-1.394675e+02
1.100000e-07	-7.061187e-06	-1.126626e-09	-3.827195e+01	-1.393989e+02
1.200000e-07	-7.055011e-06	-1.195475e-09	-3.823847e+01	-1.393254e+02
1.300000e-07	-7.048991e-06	-1.288577e-09	-3.820585e+01	-1.392472e+02
1.400000e-07	-7.042539e-06	-1.208085e-09	-3.817087e+01	-1.391645e+02
1.500000e-07	-7.035213e-06	-1.084182e-09	-3.813117e+01	-1.390776e+02
1.600000e-07	-7.027475e-06	-1.176376e-09	-3.808923e+01	-1.389868e+02
1.700000e-07	-7.019708e-06	-1.315648e-09	-3.804713e+01	-1.388922e+02
1.800000e-07	-7.011630e-06	-1.179726e-09	-3.800335e+01	-1.387941e+02
1.900000e-07	-7.002769e-06	-1.021881e-09	-3.795532e+01	-1.386925e+02
2.000000e-07	-6.993038e-06	-1.185671e-09	-3.790258e+01	-1.385877e+02
2.100000e-07	-6.982963e-06	-1.353338e-09	-3.784797e+01	-1.384798e+02
2.200000e-07	-6.972418e-06	-1.175603e-09	-3.779082e+01	-1.383688e+02
2.300000e-07	-6.960925e-06	-1.028069e-09	-3.772852e+01	-1.382547e+02
2.400000e-07	-6.948853e-06	-1.196497e-09	-3.766309e+01	-1.381377e+02
2.500000e-07	-6.936460e-06	-1.285109e-09	-3.759592e+01	-1.380177e+02
2.600000e-07	-6.923431e-06	-1.117630e-09	-3.752531e+01	-1.378946e+02
2.700000e-07	-6.909654e-06	-1.096773e-09	-3.745064e+01	-1.377684e+02
2.800000e-07	-6.895298e-06	-1.247655e-09	-3.737282e+01	-1.376390e+02
2.900000e-07	-6.880388e-06	-1.199537e-09	-3.729201e+01	-1.375063e+02
3.000000e-07	-6.864715e-06	-1.086488e-09	-3.720706e+01	-1.373701e+02
3.100000e-07	-6.848307e-06	-1.180594e-09	-3.711813e+01	-1.372304e+02
3.200000e-07	-6.831586e-06	-1.222336e-09	-3.702750e+01	-1.370869e+02
3.300000e-07	-6.814406e-06	-1.084794e-09	-3.693439e+01	-1.369395e+02
3.400000e-07	-6.796723e-06	-1.124404e-09	-3.683854e+01	-1.367880e+02
3.500000e-07	-6.778691e-06	-1.270786e-09	-3.674081e+01	-1.366322e+02
3.600000e-07	-6.760203e-06	-1.160213e-09	-3.664060e+01	-1.364720e+02
3.700000e-07	-6.741137e-06	-1.033289e-09	-3.653726e+01	-1.363072e+02
3.800000e-07	-6.721606e-06	-1.173731e-09	-3.643140e+01	-1.361377e+02
3.900000e-07	-6.701721e-06	-1.229508e-09	-3.632363e+01	-1.359632e+02
4.000000e-07	-6.681473e-06	-1.080324e-09	-3.621388e+01	-1.357838e+02
4.100000e-07	-6.660810e-06	-1.095945e-09	-3.610189e+01	-1.355992e+02
4.200000e-07	-6.639682e-06	-1.212542e-09	-3.598738e+01	-1.354094e+02
4.300000e-07	-6.618059e-06	-1.139007e-09	-3.587017e+01	-1.352143e+02
4.400000e-07	-6.595990e-06	-1.079497e-09	-3.575056e+01	-1.350138e+02
4.500000e-07	-6.573527e-06	-1.163962e-09	-3.562881e+01	-1.348080e+02
4.600000e-07	-6.550549e-06	-1.145115e-09	-3.550427e+01	-1.345968e+02
4.700000e-07	-6.527142e-06	-1.074677e-09	-3.537740e+01	-1.343803e+02
4.800000e-07	-6.503418e-06	-1.144119e-09	-3.524882e+01	-1.341584e+02
4.900000e-07	-6.479377e-06	-1.172310e-09	-3.511852e+01	-1.339313e+02
5.000000e-07	-6.454804e-06	-1.082962e-09	-3.498533e+01	-1.336989e+02
5.100000e-07	-6.429349e-06	-1.090571e-09	-3.484736e+01	-1.334614e+02
5.200000e-07	-6.403049e-06	-1.150063e-09	-3.470481e+01	-1.332189e+02
5.300000e-07	-6.376128e-06	-1.108551e-09	-3.455890e+01	-1.329714e+02
5.400000e-07	-6.348696e-06	-1.082810e-09	-3.441021e+01	-1.327190e+02
5.500000e-07	-6.320987e-06	-1.122326e-09	-3.426003e+01	-1.324618e+02
5.600000e-07	-6.293106e-06	-1.110819e-09	-3.410892e+01	-1.322000e+02
5.700000e-07	-6.264963e-06	-1.084655e-09	-3.395638e+01	-1.319335e+02
5.800000e-07	-6.236363e-06	-1.103371e-09	-3.380136e+01	-1.316625e+02
5.900000e-07	-6.207245e-06	-1.099289e-09	-3.364355e+01	-1.313870e+02
6.000000e-07	-6.177689e-06	-1.075611e-09	-3.348335e+01	-1.311070e+02
6.100000e-07	-6.147749e-06	-1.085961e-09	-3.332107e+01	-1.308226e+02
6.200000e-07	-6.117404e-06	-1.092331e-09	-3.315660e+01	-1.305337e+02
6.300000e-07	-6.086547e-06	-1.079002e-09	-3.298935e+01	-1.302403e+02
6.400000e-07	-6.055197e-06	-1.076183e-09	-3.281944e+01	-1.299423e+02
6.500000e-07	-6.023544e-06	-1.073148e-09	-3.264788e+01	-1.296397e+02
6.600000e-07	-5.991691e-06	-1.065983e-09	-3.247523e+01	-1.293324e+02
6.700000e-07	-5.959577e-06	-1.069047e-09	-3.230117e+01	-1.290201e+02
6.800000e-07	-5.926983e-06	-1.068028e-09	-3.212451e+01	-1.287028e+02
6.900000e-07	-5.893765e-06	-1.061291e-09	-3.194447e+01	-1.283802e+02
7.000000e-07	-5.859782e-06	-1.058951e-09	-3.176028e+01	-1.280522e+02
7.100000e-07	-5.824987e-06	-1.051698e-09	-3.157169e+01	-1.277185e+02
7.200000e-07	-5.789691e-06	-1.044435e-09	-3.138039e+01	-1.273788e+02
7.300000e-07	-5.754125e-06	-1.047046e-09	-3.118761e+01	-1.270330e+02
7.400000e-07	-5.718392e-06	-1.043315e-09	-3.099394e+01	-1.266807e+02
7.500000e-07	-5.682392e-06	-1.033853e-09	-3.079882e+01	-1.263216e+02
7.600000e-07	-5.646052e-06	-1.034828e-09	-3.060185e+01	-1.259555e+02
7.700000e-07	-5.609304e-06	-1.036275e-09	-3.040268e+01	-1.255820e+02
7.800000e-07	-5.572021e-06	-1.029315e-09	-3.020060e+01	-1.252010e+02
7.900000e-07	-5.534353e-06	-1.023610e-09	-2.999644e+01	-1.248121e+02
8.000000e-07	-5.496333e-06	-1.019273e-09	-2.979037e+01	-1.244150e+02
8.100000e-07	-5.457848e-06	-1.013339e-09	-2.958178e+01	-1.240096e+02
8.200000e-07	-5.418920e-06	-1.011512e-09	-2.937079e+01	-1.235955e+02
8.300000e-07	-5.379562e-06	-1.009416e-09	-2.915747e+01	-1.231726e+02
8.400000e-07	-5.339931e-06	-1.002435e-09	-2.894266e+01	-1.227406e+02
8.500000e-07	-5.300154e-06	-9.952817e-10	-2.872707e+01	-1.222994e+02
8.600000e-07	-5.260145e-06	-9.920216e-10	-2.851022e+01	-1.218488e+02
8.700000e-07	-5.219765e-06	-9.893838e-10	-2.829136e+01	-1.213888e+02
8.800000e-07	-5.179011e-06	-9.850781e-10	-2.807047e+01	-1.209191e+02
8.900000e-07	-5.137806e-06	-9.783369e-10	-2.784714e+01	-1.204397e+02
9.000000e-07	-5.095880e-06	-9.708548e-10	-2.761990e+01	-1.199506e+02
9.100000e-07	-5.053129e-06	-9.653597e-10	-2.738818e+01	-1.194517e+02
9.200000e-07	-5.009819e-06	-9.610952e-10	-2.715344e+01	-1.189431e+02
9.300000e-07	-4.966321e-06	-9.550173e-10	-2.691768e+01	-1.184246e+02
9.400000e-07	-4.922672e-06	-9.488718e-10	-2.668110e+01	-1.178963e+02
9.500000e-07	-4.878641e-06	-9.452686e-10	-2.644245e+01	-1.173583e+02
9.600000e-07	-4.834310e-06	-9.428264e-10	-2.620218e+01	-1.168105e+02
9.700000e-07	-4.789936e-06	-9.389850e-10	-2.596167e+01	-1.162531e+02
9.800000e-07	-4.745235e-06	-9.328982e-10	-2.571939e+01	-1.156860e+02
9.900000e-07	-4.700069e-06	-9.259639e-10	-2.547458e+01	-1.151094e+02
1.000000e-06	-4.654588e-06	-9.204382e-10	-2.522807e+01	-1.145231e+02
1.010000e-06	-4.608781e-06	-9.171429e-10	-2.497980e+01	-1.139274e+02
1.020000e-06	-4.562683e-06	-9.133377e-10	-2.472994e+01	-1.133221e+02
1.030000e-06	-4.516336e-06	-9.072408e-10	-2.447874e+01	-1.127073e+02
1.040000e-06	-4.469475e-06	-9.000705e-10	-2.422475e+01	-1.120830e+02
1.050000e-06	-4.422066e-06	-8.954004e-10	-2.396779e+01	-1.114492e+02
1.060000e-06	-4.374476e-06	-8.921443e-10	-2.370986e+01	-1.108058e+02
1.070000e-06	-4.326758e-06	-8.870689e-10	-2.345122e+01	-1.101528e+02
1.080000e-06	-4.278883e-06	-8.810233e-10	-2.319174e+01	-1.094900e+02
1.090000e-06	-4.230784e-06	-8.754004e-10	-2.293104e+01	-1.088173e+02
1.100000e-06	-4.182402e-06	-8.707364e-10	-2.266880e+01	-1.081347e+02
1.110000e-06	-4.133788e-06	-8.658844e-10	-2.240531e+01	-1.074420e+02
1.120000e-06	-4.084704e-06	-8.585393e-10	-2.213928e+01	-1.067390e+02
1.130000e-06	-4.034897e-06	-8.498722e-10	-2.186932e+01	-1.060255e+02
1.140000e-06	-3.984444e-06	-8.430256e-10	-2.159586e+01	-1.053013e+02
1.150000e-06	-3.933570e-06	-8.395523e-10	-2.132012e+01	-1.045662e+02
1.160000e-06	-3.882446e-06	-8.356546e-10	-2.104303e+01	-1.038200e+02
1.170000e-06	-3.831088e-06	-8.283509e-10	-2.076467e+01	-1.030624e+02
1.180000e-06	-3.779381e-06	-8.198316e-10	-2.048441e+01	-1.022932e+02
1.190000e-06	-3.727359e-06	-8.127619e-10	-2.020245e+01	-1.015122e+02
1.200000e-06	-3.675093e-06	-8.069980e-10	-1.991917e+01	-1.007191e+02
1.210000e-06	-3.622603e-06	-8.007352e-10	-1.963467e+01	-9.991365e+01
1.220000e-06	-3.569938e-06	-7.932160e-10	-1.934922e+01	-9.909570e+01
1.230000e-06	-3.516976e-06	-7.857180e-10	-1.906217e+01	-9.826501e+01
1.240000e-06	-3.463639e-06	-7.787212e-10	-1.877308e+01	-9.742138e+01
1.250000e-06	-3.410017e-06	-7.725715e-10	-1.848244e+01	-9.656464e+01
1.260000e-06	-3.356178e-06	-7.665169e-10	-1.819064e+01	-9.569464e+01
1.270000e-06	-3.302213e-06	-7.573128e-10	-1.789814e+01	-9.481125e+01
1.280000e-06	-3.248156e-06	-7.467673e-10	-1.760515e+01	-9.391437e+01
1.290000e-06	-3.193840e-06	-7.391949e-10	-1.731075e+01	-9.300392e+01
1.300000e-06	-3.139230e-06	-7.337730e-10	-1.701477e+01	-9.207984e+01
1.310000e-06	-3.084269e-06	-7.261053e-10	-1.671688e+01	-9.114212e+01
1.320000e-06	-3.029007e-06	-7.168769e-10	-1.641735e+01	-9.019076e+01
1.330000e-06	-2.973619e-06	-7.085615e-10	-1.611715e+01	-8.922580e+01
1.340000e-06	-2.918063e-06	-6.999554e-10	-1.581603e+01	-8.824728e+01
1.350000e-06	-2.862393e-06	-6.918492e-10	-1.551430e+01	-8.725529e+01
1.360000e-06	-2.806643e-06	-6.848030e-10	-1.521213e+01	-8.624993e+01
1.370000e-06	-2.750835e-06	-6.767187e-10	-1.490965e+01	-8.523132e+01
1.380000e-06	-2.694922e-06	-6.681508e-10	-1.460660e+01	-8.419959e+01
1.390000e-06	-2.638832e-06	-6.601800e-10	-1.430259e+01	-8.315488e+01
1.400000e-06	-2.582574e-06	-6.529149e-10	-1.399766e+01	-8.209735e+01
1.410000e-06	-2.526151e-06	-6.440337e-10	-1.369185e+01	-8.102714e+01
1.420000e-06	-2.469624e-06	-6.333336e-10	-1.338547e+01	-7.994442e+01
1.430000e-06	-2.412932e-06	-6.245150e-10	-1.307820e+01	-7.884932e+01
1.440000e-06	-2.355913e-06	-6.168257e-10	-1.276916e+01	-7.774199e+01
1.450000e-06	-2.298718e-06	-6.077005e-10	-1.245915e+01	-7.662253e+01
1.460000e-06	-2.241291e-06	-5.975068e-10	-1.214790e+01	-7.549105e+01
1.470000e-06	-2.183420e-06	-5.870242e-10	-1.183424e+01	-7.434763e+01
1.480000e-06	-2.125157e-06	-5.767660e-10	-1.151845e+01	-7.319231e+01
1.490000e-06	-2.066511e-06	-5.670649e-10	-1.120058e+01	-7.202510e+01
1.500000e-06	-2.007602e-06	-5.577376e-10	-1.088130e+01	-7.084598e+01
1.510000e-06	-1.948503e-06	-5.476772e-10	-1.056097e+01	-6.965491e+01
1.520000e-06	-1.889271e-06	-5.367749e-10	-1.023993e+01	-6.845176e+01
1.530000e-06	-1.829927e-06	-5.272497e-10	-9.918288e+00	-6.723641e+01
1.540000e-06	-1.770422e-06	-5.185097e-10	-9.595764e+00	-6.600868e+01
1.550000e-06	-1.710826e-06	-5.084167e-10	-9.272751e+00	-6.476833e+01
1.560000e-06	-1.651211e-06	-4.971423e-10	-8.949639e+00	-6.351508e+01
1.570000e-06	-1.591548e-06	-4.857405e-10	-8.626264e+00	-6.224864e+01
1.580000e-06	-1.531768e-06	-4.756301e-10	-8.302251e+00	-6.096865e+01
1.590000e-06	-1.471917e-06	-4.661948e-10	-7.977853e+00	-5.967471e+01
1.600000e-06	-1.412033e-06	-4.558279e-10	-7.653281e+00	-5.836640e+01
1.610000e-06	-1.352132e-06	-4.444884e-10	-7.328617e+00	-5.704326e+01
1.620000e-06	-1.292229e-06	-4.326538e-10	-7.003936e+00	-5.570480e+01
1.630000e-06	-1.232291e-06	-4.219390e-10	-6.679071e+00	-5.435053e+01
1.640000e-06	-1.172213e-06	-4.117240e-10	-6.353444e+00	-5.297992e+01
1.650000e-06	-1.112048e-06	-4.004164e-10	-6.027351e+00	-5.159244e+01
1.660000e-06	-1.051886e-06	-3.888246e-10	-5.701269e+00	-5.018755e+01
1.670000e-06	-9.916871e-07	-3.780185e-10	-5.374988e+00	-4.876473e+01
1.680000e-06	-9.314272e-07	-3.671999e-10	-5.048377e+00	-4.732345e+01
1.690000e-06	-8.710872e-07	-3.546655e-10	-4.721331e+00	-4.586322e+01
1.700000e-06	-8.107177e-07	-3.417869e-10	-4.394126e+00	-4.438356e+01
1.710000e-06	-7.503421e-07	-3.300431e-10	-4.066888e+00	-4.288403e+01
1.720000e-06	-6.899699e-07	-3.184050e-10	-3.739667e+00	-4.136423e+01
1.730000e-06	-6.294807e-07	-3.069491e-10	-3.411813e+00	-3.982380e+01
1.740000e-06	-5.688635e-07	-2.955976e-10	-3.083266e+00	-3.826247e+01
1.750000e-06	-5.081331e-07	-2.832459e-10	-2.754104e+00	-3.667998e+01
1.760000e-06	-4.472199e-07	-2.699964e-10	-2.423952e+00	-3.507618e+01
1.770000e-06	-3.863975e-07	-2.566248e-10	-2.094292e+00	-3.345097e+01
1.780000e-06	-3.257035e-07	-2.426990e-10	-1.765327e+00	-3.180436e+01
1.790000e-06	-2.649890e-07	-2.295520e-10	-1.436252e+00	-3.013641e+01
1.800000e-06	-2.042671e-07	-2.169104e-10	-1.107137e+00	-2.844730e+01
1.810000e-06	-1.435143e-07	-2.029683e-10	-7.778539e-01	-2.673727e+01
1.820000e-06	-8.275287e-08	-1.884944e-10	-4.485242e-01	-2.500668e+01
1.830000e-06	-2.193950e-08	-1.735658e-10	-1.189131e-01	-2.325598e+01
1.840000e-06	3.895699e-08	-1.583339e-10	2.111486e-01	-2.148572e+01
1.850000e-06	9.981324e-08	-1.429635e-10	5.409922e-01	-1.969654e+01
1.860000e-06	1.606186e-07	-1.288895e-10	8.705598e-01	-1.788917e+01
1.870000e-06	2.213660e-07	-1.163085e-10	1.199813e+00	-1.606445e+01
1.880000e-06	2.820279e-07	-1.034346e-10	1.528604e+00	-1.422330e+01
1.890000e-06	3.427623e-07	-8.925539e-11	1.857787e+00	-1.236673e+01
1.900000e-06	4.035396e-07	-7.351811e-11	2.187202e+00	-1.049585e+01
1.910000e-06	4.641971e-07	-5.699667e-11	2.515969e+00	-8.611807e+00
1.920000e-06	5.247077e-07	-4.081696e-11	2.843939e+00	-6.715863e+00
1.930000e-06	5.852090e-07	-2.616090e-11	3.171859e+00	-4.809325e+00
1.940000e-06	6.457162e-07	-1.239456e-11	3.499810e+00	-2.893562e+00
1.950000e-06	7.061009e-07	1.994875e-12	3.827098e+00	-9.699957e-01
1.960000e-06	7.664058e-07	1.664464e-11	4.153954e+00	9.599113e-01
1.970000e-06	8.266553e-07	3.123744e-11	4.480508e+00	2.894660e+00
1.980000e-06	8.868763e-07	4.563912e-11	4.806909e+00	4.832724e+00
1.990000e-06	9.470866e-07	5.990662e-11	5.133251e+00	6.772562e+00
2.000000e-06	1.007259e-06	7.543052e-11	5.459389e+00	8.712623e+00
2.010000e-06	1.067345e-06	9.133055e-11	5.785057e+00	1.065135e+01
2.020000e-06	1.127386e-06	1.063095e-10	6.110484e+00	1.258721e+01
2.030000e-06	1.187377e-06	1.210864e-10	6.435639e+00	1.451867e+01
2.040000e-06	1.247241e-06	1.358679e-10	6.760100e+00	1.644423e+01
2.050000e-06	1.307082e-06	1.505749e-10	7.084441e+00	1.836243e+01
2.060000e-06	1.366950e-06	1.654407e-10	7.408928e+00	2.027183e+01
2.070000e-06	1.426783e-06	1.801929e-10	7.733229e+00	2.217105e+01
2.080000e-06	1.486546e-06	1.942240e-10	8.057144e+00	2.405878e+01
2.090000e-06	1.546258e-06	2.083867e-10	8.380786e+00	2.593374e+01
2.100000e-06	1.605948e-06	2.232649e-10	8.704308e+00	2.779474e+01
2.110000e-06	1.665572e-06	2.382991e-10	9.027473e+00	2.964064e+01
2.120000e-06	1.725036e-06	2.530385e-10	9.349770e+00	3.147039e+01
2.130000e-06	1.784342e-06	2.670798e-10	9.671212e+00	3.328300e+01
2.140000e-06	1.843680e-06	2.806076e-10	9.992830e+00	3.507756e+01
2.150000e-06	1.902843e-06	2.932209e-10	1.031349e+01	3.685327e+01
2.160000e-06	1.961694e-06	3.057643e-10	1.063247e+01	3.860938e+01
2.170000e-06	2.020467e-06	3.193125e-10	1.095102e+01	4.034523e+01
2.180000e-06	2.079084e-06	3.330862e-10	1.126873e+01	4.206024e+01
2.190000e-06	2.137436e-06	3.468268e-10	1.158500e+01	4.375393e+01
2.200000e-06	2.195581e-06	3.610745e-10	1.190015e+01	4.542587e+01
2.210000e-06	2.253405e-06	3.748836e-10	1.221356e+01	4.707573e+01
2.220000e-06	2.310892e-06	3.874913e-10	1.252514e+01	4.870326e+01
2.230000e-06	2.368095e-06	3.994023e-10	1.283518e+01	5.030825e+01
2.240000e-06	2.424977e-06	4.112591e-10	1.314349e+01	5.189060e+01
2.250000e-06	2.481681e-06	4.242778e-10	1.345082e+01	5.345025e+01
2.260000e-06	2.538142e-06	4.375584e-10	1.375684e+01	5.498720e+01
2.270000e-06	2.594306e-06	4.496776e-10	1.406125e+01	5.650153e+01
2.280000e-06	2.650314e-06	4.607380e-10	1.436482e+01	5.799336e+01
2.290000e-06	2.706274e-06	4.711438e-10	1.466812e+01	5.946286e+01
2.300000e-06	2.762190e-06	4.816558e-10	1.497119e+01	6.091023e+01
2.310000e-06	2.817942e-06	4.937235e-10	1.527337e+01	6.233574e+01
2.320000e-06	2.873536e-06	5.070780e-10	1.557470e+01	6.373968e+01
2.330000e-06	2.929063e-06	5.202331e-10	1.587565e+01	6.512237e+01
2.340000e-06	2.984428e-06	5.322164e-10	1.617573e+01	6.648416e+01
2.350000e-06	3.039508e-06	5.427244e-10	1.647427e+01	6.782541e+01
2.360000e-06	3.094347e-06	5.519849e-10	1.677150e+01	6.914653e+01
2.370000e-06	3.149009e-06	5.603819e-10	1.706777e+01	7.044791e+01
2.380000e-06	3.203379e-06	5.682473e-10	1.736246e+01	7.172996e+01
2.390000e-06	3.257428e-06	5.768566e-10	1.765541e+01	7.299311e+01
2.400000e-06	3.311333e-06	5.879673e-10	1.794757e+01	7.423779e+01
2.410000e-06	3.365126e-06	5.996918e-10	1.823914e+01	7.546442e+01
2.420000e-06	3.418588e-06	6.107822e-10	1.852890e+01	7.667341e+01
2.430000e-06	3.471756e-06	6.213047e-10	1.881707e+01	7.786519e+01
2.440000e-06	3.524885e-06	6.310923e-10	1.910504e+01	7.904015e+01
2.450000e-06	3.577782e-06	6.409791e-10	1.939174e+01	8.019870e+01
2.460000e-06	3.630303e-06	6.505033e-10	1.967640e+01	8.134122e+01
2.470000e-06	3.682539e-06	6.593366e-10	1.995952e+01	8.246808e+01
2.480000e-06	3.734523e-06	6.678571e-10	2.024128e+01	8.357961e+01
2.490000e-06	3.786280e-06	6.767917e-10	2.052180e+01	8.467617e+01
2.500000e-06	3.837688e-06	6.863549e-10	2.080044e+01	8.575804e+01
2.510000e-06	3.888780e-06	6.957932e-10	2.107736e+01	8.682554e+01
2.520000e-06	3.939581e-06	7.047635e-10	2.135271e+01	8.787892e+01
2.530000e-06	3.989730e-06	7.126690e-10	2.162451e+01	8.891842e+01
2.540000e-06	4.039312e-06	7.202892e-10	2.189325e+01	8.994428e+01
2.550000e-06	4.088578e-06	7.278796e-10	2.216028e+01	9.095669e+01
2.560000e-06	4.137367e-06	7.346001e-10	2.242471e+01	9.195583e+01
2.570000e-06	4.185746e-06	7.413279e-10	2.268693e+01	9.294185e+01
2.580000e-06	4.233840e-06	7.489625e-10	2.294760e+01	9.391488e+01
2.590000e-06	4.281689e-06	7.572409e-10	2.320695e+01	9.487504e+01
2.600000e-06	4.329268e-06	7.659033e-10	2.346483e+01	9.582240e+01
2.610000e-06	4.376519e-06	7.743601e-10	2.372093e+01	9.675704e+01
2.620000e-06	4.423524e-06	7.819715e-10	2.397570e+01	9.767901e+01
2.630000e-06	4.470337e-06	7.888581e-10	2.422943e+01	9.858835e+01
2.640000e-06	4.516769e-06	7.954500e-10	2.448109e+01	9.948507e+01
2.650000e-06	4.562778e-06	8.022372e-10	2.473046e+01	1.003692e+02
2.660000e-06	4.608531e-06	8.088926e-10	2.497844e+01	1.012407e+02
2.670000e-06	4.653975e-06	8.145789e-10	2.522475e+01	1.020996e+02
2.680000e-06	4.699136e-06	8.201169e-10	2.546953e+01	1.029458e+02
2.690000e-06	4.744050e-06	8.270276e-10	2.571296e+01	1.037793e+02
2.700000e-06	4.788670e-06	8.343641e-10	2.595481e+01	1.046002e+02
2.710000e-06	4.832912e-06	8.410608e-10	2.619460e+01	1.054084e+02
2.720000e-06	4.876848e-06	8.479895e-10	2.643274e+01	1.062038e+02
2.730000e-06	4.920641e-06	8.555322e-10	2.667009e+01	1.069865e+02
2.740000e-06	4.964221e-06	8.628744e-10	2.690630e+01	1.077564e+02
2.750000e-06	5.007556e-06	8.688120e-10	2.714118e+01	1.085136e+02
2.760000e-06	5.050579e-06	8.733410e-10	2.737436e+01	1.092581e+02
2.770000e-06	5.093155e-06	8.779223e-10	2.760512e+01	1.099899e+02
2.780000e-06	5.135117e-06	8.841187e-10	2.783257e+01	1.107090e+02
2.790000e-06	5.176272e-06	8.920167e-10	2.805563e+01	1.114156e+02
2.800000e-06	5.216761e-06	8.996745e-10	2.827508e+01	1.121097e+02
2.810000e-06	5.256849e-06	9.059575e-10	2.849236e+01	1.127915e+02
2.820000e-06	5.296718e-06	9.120313e-10	2.870845e+01	1.134610e+02
2.830000e-06	5.336480e-06	9.185426e-10	2.892396e+01	1.141184e+02
2.840000e-06	5.375997e-06	9.247523e-10	2.913815e+01	1.147638e+02
2.850000e-06	5.415137e-06	9.308227e-10	2.935028e+01	1.153976e+02
2.860000e-06	5.453882e-06	9.354784e-10	2.956028e+01	1.160198e+02
2.870000e-06	5.492150e-06	9.387080e-10	2.976770e+01	1.166307e+02
2.880000e-06	5.529984e-06	9.435190e-10	2.997276e+01	1.172305e+02
2.890000e-06	5.567461e-06	9.500311e-10	3.017589e+01	1.178195e+02
2.900000e-06	5.604530e-06	9.558296e-10	3.037680e+01	1.183980e+02
2.910000e-06	5.641186e-06	9.603855e-10	3.057548e+01	1.189662e+02
2.920000e-06	5.677465e-06	9.658338e-10	3.077212e+01	1.195243e+02
2.930000e-06	5.713468e-06	9.728209e-10	3.096725e+01	1.200728e+02
2.940000e-06	5.749251e-06	9.791511e-10	3.116120e+01	1.206118e+02
2.950000e-06	5.784706e-06	9.826979e-10	3.135336e+01	1.211417e+02
2.960000e-06	5.819787e-06	9.849943e-10	3.154350e+01	1.216627e+02
2.970000e-06	5.854468e-06	9.894434e-10	3.173148e+01	1.221751e+02
2.980000e-06	5.888434e-06	9.959029e-10	3.191557e+01	1.226792e+02
2.990000e-06	5.921665e-06	1.001650e-09	3.209569e+01	1.231751e+02
3.000000e-06	5.954385e-06	1.005899e-09	3.227303e+01	1.236631e+02
3.010000e-06	5.986596e-06	1.009822e-09	3.244762e+01	1.241435e+02
3.020000e-06	6.018474e-06	1.014783e-09	3.262040e+01	1.246164e+02
3.030000e-06	6.050144e-06	1.020891e-09	3.279205e+01	1.250820e+02
3.040000e-06	6.081487e-06	1.026364e-09	3.296193e+01	1.255404e+02
3.050000e-06	6.112418e-06	1.030194e-09	3.312958e+01	1.259917e+02
3.060000e-06	6.142823e-06	1.034807e-09	3.329437e+01	1.264361e+02
3.070000e-06	6.172680e-06	1.040540e-09	3.345620e+01	1.268736e+02
3.080000e-06	6.202072e-06	1.044487e-09	3.361551e+01	1.273042e+02
3.090000e-06	6.231064e-06	1.047518e-09	3.377264e+01	1.277280e+02
3.100000e-06	6.259722e-06	1.051842e-09	3.392797e+01	1.281450e+02
3.110000e-06	6.288014e-06	1.057351e-09	3.408132e+01	1.285552e+02
3.120000e-06	6.315977e-06	1.062496e-09	3.423288e+01	1.289585e+02
3.130000e-06	6.343717e-06	1.066778e-09	3.438323e+01	1.293549e+02
3.140000e-06	6.371244e-06	1.070673e-09	3.453242e+01	1.297443e+02
3.150000e-06	6.398341e-06	1.073711e-09	3.467929e+01	1.301267e+02
3.160000e-06	6.424683e-06	1.076557e-09	3.482207e+01	1.305019e+02
3.170000e-06	6.450166e-06	1.080988e-09	3.496019e+01	1.308699e+02
3.180000e-06	6.474791e-06	1.086028e-09	3.509366e+01	1.312305e+02
3.190000e-06	6.498858e-06	1.089560e-09	3.522410e+01	1.315838e+02
3.200000e-06	6.522690e-06	1.091983e-09	3.535327e+01	1.319296e+02
3.210000e-06	6.546127e-06	1.094657e-09	3.548030e+01	1.322678e+02
3.220000e-06	6.569075e-06	1.097347e-09	3.560468e+01	1.325984e+02
3.230000e-06	6.591615e-06	1.100115e-09	3.572685e+01	1.329213e+02
3.240000e-06	6.613776e-06	1.103768e-09	3.584696e+01	1.332365e+02
3.250000e-06	6.635536e-06	1.107960e-09	3.596490e+01	1.335439e+02
3.260000e-06	6.656728e-06	1.111785e-09	3.607976e+01	1.338435e+02
3.270000e-06	6.677299e-06	1.114869e-09	3.619126e+01	1.341353e+02
3.280000e-06	6.697468e-06	1.116674e-09	3.630058e+01	1.344194e+02
3.290000e-06	6.717422e-06	1.118208e-09	3.640873e+01	1.346957e+02
3.300000e-06	6.737105e-06	1.121824e-09	3.651541e+01	1.349642e+02
3.310000e-06	6.756397e-06	1.125690e-09	3.661997e+01	1.352252e+02
3.320000e-06	6.775364e-06	1.127478e-09	3.672277e+01	1.354785e+02
3.330000e-06	6.793709e-06	1.128918e-09	3.682220e+01	1.357244e+02
3.340000e-06	6.811185e-06	1.130824e-09	3.691692e+01	1.359628e+02
3.350000e-06	6.828183e-06	1.132131e-09	3.700906e+01	1.361939e+02
3.360000e-06	6.844791e-06	1.133303e-09	3.709907e+01	1.364178e+02
3.370000e-06	6.860938e-06	1.134856e-09	3.718659e+01	1.366346e+02
3.380000e-06	6.876572e-06	1.137133e-09	3.727133e+01	1.368443e+02
3.390000e-06	6.891620e-06	1.140916e-09	3.735289e+01	1.370472e+02
3.400000e-06	6.906070e-06	1.145247e-09	3.743121e+01	1.372432e+02
3.410000e-06	6.919930e-06	1.148872e-09	3.750633e+01	1.374324e+02
3.420000e-06	6.933287e-06	1.150323e-09	3.757873e+01	1.376150e+02
3.430000e-06	6.946129e-06	1.150203e-09	3.764833e+01	1.377909e+02
3.440000e-06	6.958408e-06	1.151092e-09	3.771488e+01	1.379602e+02
3.450000e-06	6.970293e-06	1.153473e-09	3.777930e+01	1.381230e+02
3.460000e-06	6.981933e-06	1.157435e-09	3.784239e+01	1.382793e+02
3.470000e-06	6.992881e-06	1.161667e-09	3.790173e+01	1.384290e+02
3.480000e-06	7.002828e-06	1.163953e-09	3.795564e+01	1.385721e+02
3.490000e-06	7.011974e-06	1.164924e-09	3.800521e+01	1.387086e+02
3.500000e-06	7.020471e-06	1.165903e-09	3.805127e+01	1.388385e+02
3.510000e-06	7.028569e-06	1.166721e-09	3.809516e+01	1.389617e+02
3.520000e-06	7.036356e-06	1.167462e-09	3.813736e+01	1.390780e+02
3.530000e-06	7.043750e-06	1.168636e-09	3.817744e+01	1.391875e+02
3.540000e-06	7.050652e-06	1.170708e-09	3.821485e+01	1.392900e+02
3.550000e-06	7.056998e-06	1.173299e-09	3.824924e+01	1.393854e+02
3.560000e-06	7.062880e-06	1.174980e-09	3.828112e+01	1.394736e+02
3.570000e-06	7.068194e-06	1.176231e-09	3.830993e+01	1.395546e+02
3.580000e-06	7.072873e-06	1.177380e-09	3.833529e+01	1.396282e+02
3.590000e-06	7.077139e-06	1.178981e-09	3.835841e+01	1.396943e+02
3.600000e-06	7.081128e-06	1.182364e-09	3.838003e+01	1.397528e+02
3.610000e-06	7.084873e-06	1.185904e-09	3.840033e+01	1.398038e+02
3.620000e-06	7.088396e-06	1.187234e-09	3.841942e+01	1.398471e+02
3.630000e-06	7.091538e-06	1.186633e-09	3.843645e+01	1.398827e+02
3.640000e-06	7.093917e-06	1.186191e-09	3.844935e+01	1.399106e+02
3.650000e-06	7.095302e-06	1.185443e-09	3.845685e+01	1.399308e+02
3.660000e-06	7.095856e-06	1.185874e-09	3.845986e+01	1.399434e+02
3.670000e-06	7.095883e-06	1.189476e-09	3.846000e+01	1.399485e+02
3.680000e-06	7.095643e-06	1.192750e-09	3.845870e+01	1.399461e+02
3.690000e-06	7.095104e-06	1.193585e-09	3.845578e+01	1.399363e+02
3.700000e-06	7.094112e-06	1.193691e-09	3.845040e+01	1.399193e+02
3.710000e-06	7.092594e-06	1.193618e-09	3.844218e+01	1.398953e+02
3.720000e-06	7.090567e-06	1.192110e-09	3.843119e+01	1.398645e+02
3.730000e-06	7.088168e-06	1.190760e-09	3.841818e+01	1.398270e+02
3.740000e-06	7.085352e-06	1.187980e-09	3.840292e+01	1.397832e+02
3.750000e-06	7.081944e-06	1.171472e-09	3.838445e+01	1.397332e+02
3.760000e-06	7.078039e-06	1.174112e-09	3.836329e+01	1.396773e+02
3.770000e-06	7.073541e-06	1.250629e-09	3.833891e+01	1.396158e+02
3.780000e-06	7.067954e-06	1.268862e-09	3.830862e+01	1.395490e+02
3.790000e-06	7.061638e-06	1.122481e-09	3.827439e+01	1.394771e+02
3.800000e-06	7.055336e-06	1.082188e-09	3.824024e+01	1.394004e+02
3.810000e-06	7.048818e-06	1.251354e-09	3.820491e+01	1.393192e+02
3.820000e-06	7.041558e-06	1.309181e-09	3.816556e+01	1.392337e+02
3.830000e-06	7.033583e-06	1.119838e-09	3.812233e+01	1.391442e+02
3.840000e-06	7.025312e-06	1.056298e-09	3.807750e+01	1.390508e+02
3.850000e-06	7.016868e-06	1.297538e-09	3.803174e+01	1.389539e+02
3.860000e-06	7.007775e-06	1.360622e-09	3.798246e+01	1.388534e+02
3.870000e-06	6.997916e-06	1.066456e-09	3.792902e+01	1.387497e+02
3.880000e-06	6.987730e-06	9.947315e-10	3.787381e+01	1.386428e+02
3.890000e-06	6.977333e-06	1.315771e-09	3.781745e+01	1.385328e+02
3.900000e-06	6.966263e-06	1.370227e-09	3.775746e+01	1.384198e+02
3.910000e-06	6.954486e-06	1.055604e-09	3.769363e+01	1.383037e+02
3.920000e-06	6.942394e-06	1.058342e-09	3.762809e+01	1.381847e+02
3.930000e-06	6.929719e-06	1.358423e-09	3.755939e+01	1.380627e+02
3.940000e-06	6.915969e-06	1.268693e-09	3.748486e+01	1.379375e+02
3.950000e-06	6.901255e-06	9.942895e-10	3.740511e+01	1.378092e+02
3.960000e-06	6.886266e-06	1.159344e-09	3.732387e+01	1.376776e+02
3.970000e-06	6.870857e-06	1.375981e-09	3.724035e+01	1.375426e+02
3.980000e-06	6.854816e-06	1.158714e-09	3.715341e+01	1.374041e+02
3.990000e-06	6.838555e-06	1.046632e-09	3.706527e+01	1.372618e+02
4.000000e-06	6.821931e-06	1.297926e-09	3.697517e+01	1.371158e+02
4.010000e-06	6.804591e-06	1.273410e-09	3.688119e+01	1.369656e+02
4.020000e-06	6.786705e-06	1.018610e-09	3.678424e+01	1.368113e+02
4.030000e-06	6.768528e-06	1.161034e-09	3.668573e+01	1.366526e+02
4.040000e-06	6.749886e-06	1.364536e-09	3.658468e+01	1.364894e+02
4.050000e-06	6.730607e-06	1.146224e-09	3.648019e+01	1.363214e+02
4.060000e-06	6.710854e-06	1.045000e-09	3.637313e+01	1.361486e+02
4.070000e-06	6.690814e-06	1.282210e-09	3.626451e+01	1.359709e+02
4.080000e-06	6.670522e-06	1.253974e-09	3.615453e+01	1.357880e+02
4.090000e-06	6.649921e-06	1.049430e-09	3.604287e+01	1.355999e+02
4.100000e-06	6.628727e-06	1.178418e-09	3.592800e+01	1.354066e+02
4.110000e-06	6.606661e-06	1.291266e-09	3.580840e+01	1.352080e+02
4.120000e-06	6.583826e-06	1.122185e-09	3.568463e+01	1.350039e+02
4.130000e-06	6.560337e-06	1.122219e-09	3.555732e+01	1.347945e+02
4.140000e-06	6.536342e-06	1.261003e-09	3.542726e+01	1.345798e+02
4.150000e-06	6.512075e-06	1.163072e-09	3.529573e+01	1.343597e+02
4.160000e-06	6.487539e-06	1.092841e-09	3.516275e+01	1.341343e+02
4.170000e-06	6.462584e-06	1.223726e-09	3.502749e+01	1.339037e+02
4.180000e-06	6.437088e-06	1.214924e-09	3.488931e+01	1.336679e+02
4.190000e-06	6.411196e-06	1.115514e-09	3.474897e+01	1.334270e+02
4.200000e-06	6.384913e-06	1.173766e-09	3.460651e+01	1.331812e+02
4.210000e-06	6.358074e-06	1.202441e-09	3.446104e+01	1.329304e+02
4.220000e-06	6.330630e-06	1.131908e-09	3.431230e+01	1.326748e+02
4.230000e-06	6.302740e-06	1.152941e-09	3.416113e+01	1.324145e+02
4.240000e-06	6.274610e-06	1.190241e-09	3.400866e+01	1.321496e+02
4.250000e-06	6.246311e-06	1.150898e-09	3.385528e+01	1.318801e+02
4.260000e-06	6.217747e-06	1.149710e-09	3.370047e+01	1.316061e+02
4.270000e-06	6.188787e-06	1.172877e-09	3.354350e+01	1.313276e+02
4.280000e-06	6.159100e-06	1.152131e-09	3.338260e+01	1.310446e+02
4.290000e-06	6.128615e-06	1.144808e-09	3.321737e+01	1.307572e+02
4.300000e-06	6.097366e-06	1.151324e-09	3.304799e+01	1.304653e+02
4.310000e-06	6.065514e-06	1.147413e-09	3.287536e+01	1.301689e+02
4.320000e-06	6.033404e-06	1.156100e-09	3.270132e+01	1.298678e+02
4.330000e-06	6.001060e-06	1.149788e-09	3.252601e+01	1.295621e+02
4.340000e-06	5.968349e-06	1.130790e-09	3.234872e+01	1.292515e+02
4.350000e-06	5.935254e-06	1.141054e-09	3.216934e+01	1.289359e+02
4.360000e-06	5.901684e-06	1.142026e-09	3.198739e+01	1.286151e+02
4.370000e-06	5.867664e-06	1.126275e-09	3.180300e+01	1.282889e+02
4.380000e-06	5.833166e-06	1.138132e-09	3.161602e+01	1.279571e+02
4.390000e-06	5.798159e-06	1.140593e-09	3.142628e+01	1.276195e+02
4.400000e-06	5.762823e-06	1.118438e-09	3.123476e+01	1.272757e+02
4.410000e-06	5.727041e-06	1.124536e-09	3.104082e+01	1.269256e+02
4.420000e-06	5.690986e-06	1.134827e-09	3.084540e+01	1.265688e+02
4.430000e-06	5.654838e-06	1.116745e-09	3.064947e+01	1.262051e+02
4.440000e-06	5.618502e-06	1.112445e-09	3.045253e+01	1.258341e+02
4.450000e-06	5.581826e-06	1.123690e-09	3.025375e+01	1.254556e+02
4.460000e-06	5.544631e-06	1.118693e-09	3.005215e+01	1.250694e+02
4.470000e-06	5.506648e-06	1.110346e-09	2.984628e+01	1.246751e+02
4.480000e-06	5.467799e-06	1.108428e-09	2.963571e+01	1.242724e+02
4.490000e-06	5.428291e-06	1.103127e-09	2.942158e+01	1.238613e+02
4.500000e-06	5.388375e-06	1.099435e-09	2.920523e+01	1.234413e+02
4.510000e-06	5.348215e-06	1.100009e-09	2.898757e+01	1.230124e+02
4.520000e-06	5.307890e-06	1.098754e-09	2.876900e+01	1.225743e+02
4.530000e-06	5.267338e-06	1.093030e-09	2.854920e+01	1.221268e+02
4.540000e-06	5.226377e-06	1.086384e-09	2.832720e+01	1.216699e+02
4.550000e-06	5.185049e-06	1.084283e-09	2.810320e+01	1.212035e+02
4.560000e-06	5.143399e-06	1.084372e-09	2.787745e+01	1.207274e+02
4.570000e-06	5.101381e-06	1.079509e-09	2.764971e+01	1.202415e+02
4.580000e-06	5.059040e-06	1.072392e-09	2.742022e+01	1.197459e+02
4.590000e-06	5.016375e-06	1.068879e-09	2.718898e+01	1.192405e+02
4.600000e-06	4.973307e-06	1.067543e-09	2.695554e+01	1.187253e+02
4.610000e-06	4.929785e-06	1.063414e-09	2.671965e+01	1.182003e+02
4.620000e-06	4.885934e-06	1.057858e-09	2.648198e+01	1.176655e+02
4.630000e-06	4.841947e-06	1.055450e-09	2.624357e+01	1.171210e+02
4.640000e-06	4.797839e-06	1.055350e-09	2.600450e+01	1.165668e+02
4.650000e-06	4.753500e-06	1.052379e-09	2.576418e+01	1.160029e+02
4.660000e-06	4.708866e-06	1.045389e-09	2.552226e+01	1.154294e+02
4.670000e-06	4.663860e-06	1.037070e-09	2.527833e+01	1.148464e+02
4.680000e-06	4.618387e-06	1.029071e-09	2.503186e+01	1.142538e+02
4.690000e-06	4.572609e-06	1.023090e-09	2.478374e+01	1.136517e+02
4.700000e-06	4.526565e-06	1.019458e-09	2.453418e+01	1.130401e+02
4.710000e-06	4.480067e-06	1.016527e-09	2.428217e+01	1.124190e+02
4.720000e-06	4.433175e-06	1.012540e-09	2.402801e+01	1.117883e+02
4.730000e-06	4.386051e-06	1.006635e-09	2.377259e+01	1.111481e+02
4.740000e-06	4.338746e-06	9.995941e-10	2.351619e+01	1.104983e+02
4.750000e-06	4.291106e-06	9.938526e-10	2.325798e+01	1.098388e+02
4.760000e-06	4.243054e-06	9.879935e-10	2.299754e+01	1.091694e+02
4.770000e-06	4.194674e-06	9.809326e-10	2.273532e+01	1.084902e+02
4.780000e-06	4.146053e-06	9.760043e-10	2.247179e+01	1.078008e+02
4.790000e-06	4.096929e-06	9.733485e-10	2.220554e+01	1.071013e+02
4.800000e-06	4.047310e-06	9.692377e-10	2.193660e+01	1.063913e+02
4.810000e-06	3.997467e-06	9.626561e-10	2.166645e+01	1.056707e+02
4.820000e-06	3.947345e-06	9.550768e-10	2.139479e+01	1.049392e+02
4.830000e-06	3.896979e-06	9.483616e-10	2.112180e+01	1.041968e+02
4.840000e-06	3.846358e-06	9.423722e-10	2.084743e+01	1.034430e+02
4.850000e-06	3.795363e-06	9.356038e-10	2.057103e+01	1.026777e+02
4.860000e-06	3.744011e-06	9.286126e-10	2.029271e+01	1.019007e+02
4.870000e-06	3.692306e-06	9.225205e-10	2.001247e+01	1.011116e+02
4.880000e-06	3.640323e-06	9.158501e-10	1.973071e+01	1.003103e+02
4.890000e-06	3.588221e-06	9.092240e-10	1.944832e+01	9.949656e+01
4.900000e-06	3.535867e-06	9.031471e-10	1.916455e+01	9.867014e+01
4.910000e-06	3.483223e-06	8.958455e-10	1.887922e+01	9.783085e+01
4.920000e-06	3.430266e-06	8.883682e-10	1.859220e+01	9.697850e+01
4.930000e-06	3.376915e-06	8.814098e-10	1.830303e+01	9.611294e+01
4.940000e-06	3.323307e-06	8.742917e-10	1.801247e+01	9.523403e+01
4.950000e-06	3.269276e-06	8.665205e-10	1.771962e+01	9.434165e+01
4.960000e-06	3.214865e-06	8.575384e-10	1.742471e+01	9.343573e+01
4.970000e-06	3.160239e-06	8.488430e-10	1.712864e+01	9.251620e+01
4.980000e-06	3.105291e-06	8.409906e-10	1.683082e+01	9.158303e+01
4.990000e-06	3.049925e-06	8.331263e-10	1.653073e+01	9.063622e+01
5.000000e-06	2.994223e-06	8.251635e-10	1.622882e+01	8.967578e+01
5.010000e-06	2.938329e-06	8.161925e-10	1.592587e+01	8.870178e+01
5.020000e-06	2.882283e-06	8.057360e-10	1.562210e+01	8.771427e+01
5.030000e-06	2.826132e-06	7.951389e-10	1.531776e+01	8.671336e+01
5.040000e-06	2.769873e-06	7.864489e-10	1.501284e+01	8.569915e+01
5.050000e-06	2.713477e-06	7.784969e-10	1.470717e+01	8.467178e+01
5.060000e-06	2.656923e-06	7.696316e-10	1.440064e+01	8.363138e+01
5.070000e-06	2.600277e-06	7.605778e-10	1.409362e+01	8.257810e+01
5.080000e-06	2.543466e-06	7.517493e-10	1.378570e+01	8.151211e+01
5.090000e-06	2.486489e-06	7.421676e-10	1.347688e+01	8.043354e+01
5.100000e-06	2.429267e-06	7.315851e-10	1.316674e+01	7.934256e+01
5.110000e-06	2.371864e-06	7.207965e-10	1.285561e+01	7.823929e+01
5.120000e-06	2.314349e-06	7.102301e-10	1.254388e+01	7.712386e+01
5.130000e-06	2.256543e-06	6.998099e-10	1.223056e+01	7.599638e+01
5.140000e-06	2.198551e-06	6.905276e-10	1.191625e+01	7.485693e+01
5.150000e-06	2.140481e-06	6.815138e-10	1.160150e+01	7.370557e+01
5.160000e-06	2.082204e-06	6.707688e-10	1.128564e+01	7.254233e+01
5.170000e-06	2.023784e-06	6.579731e-10	1.096900e+01	7.136719e+01
5.180000e-06	1.965244e-06	6.451596e-10	1.065171e+01	7.018011e+01
5.190000e-06	1.906529e-06	6.344313e-10	1.033347e+01	6.898100e+01
5.200000e-06	1.847787e-06	6.242024e-10	1.001509e+01	6.776974e+01
5.210000e-06	1.788998e-06	6.130146e-10	9.696451e+00	6.654616e+01
5.220000e-06	1.729916e-06	6.018450e-10	9.376222e+00	6.531004e+01
5.230000e-06	1.670560e-06	5.913312e-10	9.054509e+00	6.406113e+01
5.240000e-06	1.611240e-06	5.798756e-10	8.732993e+00	6.279913e+01
5.250000e-06	1.551954e-06	5.678121e-10	8.411658e+00	6.152369e+01
5.260000e-06	1.492437e-06	5.560764e-10	8.089078e+00	6.023445e+01
5.270000e-06	1.432714e-06	5.438311e-10	7.765374e+00	5.893098e+01
5.280000e-06	1.372933e-06	5.325132e-10	7.441356e+00	5.761283e+01
5.290000e-06	1.313021e-06	5.220613e-10	7.116630e+00	5.627954e+01
5.300000e-06	1.253019e-06	5.094844e-10	6.791418e+00	5.493060e+01
5.310000e-06	1.193018e-06	4.946207e-10	6.466210e+00	5.356549e+01
5.320000e-06	1.133043e-06	4.796282e-10	6.141144e+00	5.218370e+01
5.330000e-06	1.073104e-06	4.674371e-10	5.816273e+00	5.078467e+01
5.340000e-06	1.013097e-06	4.577301e-10	5.491032e+00	4.936789e+01
5.350000e-06	9.529145e-07	4.466585e-10	5.164839e+00	4.793282e+01
5.360000e-06	8.927244e-07	4.326735e-10	4.838606e+00	4.647896e+01
5.370000e-06	8.326297e-07	4.176239e-10	4.512890e+00	4.500583e+01
5.380000e-06	7.724941e-07	4.033305e-10	4.186952e+00	4.351297e+01
5.390000e-06	7.123196e-07	3.898515e-10	3.860804e+00	4.199997e+01
5.400000e-06	6.521125e-07	3.757065e-10	3.534479e+00	4.046646e+01
5.410000e-06	5.918286e-07	3.614996e-10	3.207737e+00	3.891212e+01
5.420000e-06	5.315153e-07	3.484569e-10	2.880837e+00	3.733670e+01
5.430000e-06	4.711903e-07	3.353987e-10	2.553873e+00	3.574002e+01
5.440000e-06	4.108035e-07	3.221277e-10	2.226573e+00	3.412196e+01
5.450000e-06	3.503994e-07	3.072115e-10	1.899180e+00	3.248248e+01
5.460000e-06	2.900687e-07	2.904770e-10	1.572185e+00	3.082163e+01
5.470000e-06	2.297464e-07	2.743373e-10	1.245236e+00	2.913955e+01
5.480000e-06	1.693623e-07	2.592025e-10	9.179510e-01	2.743646e+01
5.490000e-06	1.089728e-07	2.440555e-10	5.906374e-01	2.571268e+01
5.500000e-06	4.853675e-08	2.280754e-10	2.630713e-01	2.396863e+01
5.510000e-06	-1.193807e-08	2.103551e-10	-6.470486e-02	2.220483e+01
5.520000e-06	-7.238968e-08	1.924956e-10	-3.923553e-01	2.042187e+01
5.530000e-06	-1.327860e-07	1.767785e-10	-7.197062e-01	1.862048e+01
5.540000e-06	-1.932010e-07	1.613141e-10	-1.047158e+00	1.680145e+01
5.550000e-06	-2.537011e-07	1.451024e-10	-1.375071e+00	1.496567e+01
5.560000e-06	-3.141583e-07	1.285513e-10	-1.702752e+00	1.311412e+01
5.570000e-06	-3.746194e-07	1.114882e-10	-2.030454e+00	1.124788e+01
5.580000e-06	-4.350567e-07	9.426712e-11	-2.358027e+00	9.368094e+00
5.590000e-06	-4.953927e-07	7.578299e-11	-2.685051e+00	7.475977e+00
5.600000e-06	-5.556810e-07	5.676648e-11	-3.011816e+00	5.572823e+00
5.610000e-06	-6.159429e-07	3.881380e-11	-3.338438e+00	3.659980e+00
5.620000e-06	-6.762255e-07	2.156699e-11	-3.665173e+00	1.738855e+00
5.630000e-06	-7.365598e-07	4.638312e-12	-3.992187e+00	-1.891019e-01
5.640000e-06	-7.968903e-07	-1.319944e-11	-4.319181e+00	-2.122404e+00
5.650000e-06	-8.571187e-07	-3.254357e-11	-4.645622e+00	-4.059532e+00
5.660000e-06	-9.172478e-07	-5.233659e-11	-4.971524e+00	-5.998950e+00
5.670000e-06	-9.772909e-07	-7.126918e-11	-5.296960e+00	-7.939108e+00
5.680000e-06	-1.037242e-06	-8.853786e-11	-5.621895e+00	-9.878453e+00
5.690000e-06	-1.097174e-06	-1.052531e-10	-5.946730e+00	-1.181544e+01
5.700000e-06	-1.157196e-06	-1.230845e-10	-6.272053e+00	-1.374853e+01
5.710000e-06	-1.217204e-06	-1.420800e-10	-6.597298e+00	-1.567622e+01
5.720000e-06	-1.277138e-06	-1.599131e-10	-6.922144e+00	-1.759703e+01
5.730000e-06	-1.337067e-06	-1.758940e-10	-7.246964e+00	-1.950952e+01
5.740000e-06	-1.396923e-06	-1.923825e-10	-7.571384e+00	-2.141228e+01
5.750000e-06	-1.456652e-06	-2.103341e-10	-7.895116e+00	-2.330399e+01
5.760000e-06	-1.516244e-06	-2.293119e-10	-8.218109e+00	-2.518334e+01
5.770000e-06	-1.575690e-06	-2.476681e-10	-8.540308e+00	-2.704912e+01
5.780000e-06	-1.634909e-06	-2.653704e-10	-8.861282e+00	-2.890017e+01
5.790000e-06	-1.693933e-06	-2.834392e-10	-9.181194e+00	-3.073542e+01
5.800000e-06	-1.752846e-06	-3.017460e-10	-9.500505e+00	-3.255384e+01
5.810000e-06	-1.811667e-06	-3.195974e-10	-9.819318e+00	-3.435452e+01
5.820000e-06	-1.870349e-06	-3.359637e-10	-1.013738e+01	-3.613660e+01
5.830000e-06	-1.928901e-06	-3.518141e-10	-1.045473e+01	-3.789931e+01
5.840000e-06	-1.987350e-06	-3.690612e-10	-1.077153e+01	-3.964198e+01
5.850000e-06	-2.045623e-06	-3.878252e-10	-1.108737e+01	-4.136400e+01
5.860000e-06	-2.103786e-06	-4.044993e-10	-1.140262e+01	-4.306484e+01
5.870000e-06	-2.161817e-06	-4.180507e-10	-1.171714e+01	-4.474407e+01
5.880000e-06	-2.219671e-06	-4.320154e-10	-1.203072e+01	-4.640133e+01
5.890000e-06	-2.277401e-06	-4.471133e-10	-1.234362e+01	-4.803632e+01
5.900000e-06	-2.334956e-06	-4.623260e-10	-1.265557e+01	-4.964884e+01
5.910000e-06	-2.392179e-06	-4.776939e-10	-1.296572e+01	-5.123874e+01
5.920000e-06	-2.449022e-06	-4.920995e-10	-1.327381e+01	-5.280596e+01
5.930000e-06	-2.505737e-06	-5.051153e-10	-1.358121e+01	-5.435047e+01
5.940000e-06	-2.562369e-06	-5.192281e-10	-1.388816e+01	-5.587233e+01
5.950000e-06	-2.618906e-06	-5.350604e-10	-1.419459e+01	-5.737165e+01
5.960000e-06	-2.675374e-06	-5.503284e-10	-1.450065e+01	-5.884856e+01
5.970000e-06	-2.731707e-06	-5.635652e-10	-1.480597e+01	-6.030328e+01
5.980000e-06	-2.787902e-06	-5.758907e-10	-1.511055e+01	-6.173605e+01
5.990000e-06	-2.843933e-06	-5.885251e-10	-1.541424e+01	-6.314715e+01
6.000000e-06	-2.899810e-06	-6.007661e-10	-1.571710e+01	-6.453688e+01
6.010000e-06	-2.955617e-06	-6.119555e-10	-1.601958e+01	-6.590559e+01
6.020000e-06	-3.011307e-06	-6.227810e-10	-1.632142e+01	-6.725365e+01
6.030000e-06	-3.066641e-06	-6.343127e-10	-1.662133e+01	-6.858143e+01
6.040000e-06	-3.121491e-06	-6.468016e-10	-1.691862e+01	-6.988934e+01
6.050000e-06	-3.175919e-06	-6.599465e-10	-1.721362e+01	-7.117779e+01
6.060000e-06	-3.229879e-06	-6.726716e-10	-1.750609e+01	-7.244719e+01
6.070000e-06	-3.283598e-06	-6.835151e-10	-1.779725e+01	-7.369798e+01
6.080000e-06	-3.337174e-06	-6.935667e-10	-1.808763e+01	-7.493057e+01
6.090000e-06	-3.390304e-06	-7.051541e-10	-1.837560e+01	-7.614540e+01
6.100000e-06	-3.443095e-06	-7.179403e-10	-1.866173e+01	-7.734286e+01
6.110000e-06	-3.495634e-06	-7.294093e-10	-1.894649e+01	-7.852339e+01
6.120000e-06	-3.547948e-06	-7.396043e-10	-1.923004e+01	-7.968737e+01
6.130000e-06	-3.599970e-06	-7.496386e-10	-1.951200e+01	-8.083519e+01
6.140000e-06	-3.651684e-06	-7.598139e-10	-1.979229e+01	-8.196722e+01
6.150000e-06	-3.703236e-06	-7.706051e-10	-2.007170e+01	-8.308383e+01
6.160000e-06	-3.754440e-06	-7.812051e-10	-2.034923e+01	-8.418534e+01
6.170000e-06	-3.805285e-06	-7.914010e-10	-2.062481e+01	-8.527207e+01
6.180000e-06	-3.855918e-06	-8.008921e-10	-2.089925e+01	-8.634433e+01
6.190000e-06	-3.906293e-06	-8.088065e-10	-2.117228e+01	-8.740238e+01
6.200000e-06	-3.956396e-06	-8.168863e-10	-2.144385e+01	-8.844649e+01
6.210000e-06	-4.006174e-06	-8.254752e-10	-2.171364e+01	-8.947687e+01
6.220000e-06	-4.055555e-06	-8.335494e-10	-2.198129e+01	-9.049374e+01
6.230000e-06	-4.104408e-06	-8.420530e-10	-2.224607e+01	-9.149729e+01
6.240000e-06	-4.152840e-06	-8.509562e-10	-2.250858e+01	-9.248766e+01
6.250000e-06	-4.200940e-06	-8.600900e-10	-2.276928e+01	-9.346501e+01
6.260000e-06	-4.248660e-06	-8.692708e-10	-2.302793e+01	-9.442944e+01
6.270000e-06	-4.296126e-06	-8.769599e-10	-2.328519e+01	-9.538106e+01
6.280000e-06	-4.343276e-06	-8.834393e-10	-2.354075e+01	-9.631993e+01
6.290000e-06	-4.390131e-06	-8.912511e-10	-2.379470e+01	-9.724612e+01
6.300000e-06	-4.436811e-06	-8.998865e-10	-2.404772e+01	-9.815967e+01
6.310000e-06	-4.483164e-06	-9.082734e-10	-2.429895e+01	-9.906059e+01
6.320000e-06	-4.529200e-06	-9.160568e-10	-2.454846e+01	-9.994890e+01
6.330000e-06	-4.575065e-06	-9.232818e-10	-2.479706e+01	-1.008246e+02
6.340000e-06	-4.620607e-06	-9.310743e-10	-2.504389e+01	-1.016877e+02
6.350000e-06	-4.665667e-06	-9.393605e-10	-2.528812e+01	-1.025381e+02
6.360000e-06	-4.710430e-06	-9.468505e-10	-2.553074e+01	-1.033759e+02
6.370000e-06	-4.754943e-06	-9.534035e-10	-2.577200e+01	-1.042010e+02
6.380000e-06	-4.799197e-06	-9.599150e-10	-2.601186e+01	-1.050134e+02
6.390000e-06	-4.843273e-06	-9.664415e-10	-2.625076e+01	-1.058131e+02
6.400000e-06	-4.887003e-06	-9.730182e-10	-2.648778e+01	-1.066000e+02
6.410000e-06	-4.930344e-06	-9.789936e-10	-2.672269e+01	-1.073742e+02
6.420000e-06	-4.973410e-06	-9.847745e-10	-2.695610e+01	-1.081357e+02
6.430000e-06	-5.016203e-06	-9.907978e-10	-2.718804e+01	-1.088844e+02
6.440000e-06	-5.058621e-06	-9.972744e-10	-2.741795e+01	-1.096204e+02
6.450000e-06	-5.100597e-06	-1.003822e-09	-2.764546e+01	-1.103437e+02
6.460000e-06	-5.142252e-06	-1.010094e-09	-2.787124e+01	-1.110545e+02
6.470000e-06	-5.183651e-06	-1.017175e-09	-2.809562e+01	-1.117528e+02
6.480000e-06	-5.224672e-06	-1.024701e-09	-2.831796e+01	-1.124386e+02
6.490000e-06	-5.265294e-06	-1.031135e-09	-2.853813e+01	-1.131122e+02
6.500000e-06	-5.305582e-06	-1.035923e-09	-2.875649e+01	-1.137736e+02
6.510000e-06	-5.345594e-06	-1.040700e-09	-2.897336e+01	-1.144230e+02
6.520000e-06	-5.385417e-06	-1.045709e-09	-2.918920e+01	-1.150606e+02
6.530000e-06	-5.424879e-06	-1.050396e-09	-2.940309e+01	-1.156867e+02
6.540000e-06	-5.463854e-06	-1.055007e-09	-2.961433e+01	-1.163013e+02
6.550000e-06	-5.502222e-06	-1.059634e-09	-2.982229e+01	-1.169048e+02
6.560000e-06	-5.539849e-06	-1.064712e-09	-3.002623e+01	-1.174974e+02
6.570000e-06	-5.576910e-06	-1.070257e-09	-3.022710e+01	-1.180793e+02
6.580000e-06	-5.613494e-06	-1.075016e-09	-3.042539e+01	-1.186509e+02
6.590000e-06	-5.649717e-06	-1.078708e-09	-3.062172e+01	-1.192124e+02
6.600000e-06	-5.685713e-06	-1.082603e-09	-3.081682e+01	-1.197640e+02
6.610000e-06	-5.721419e-06	-1.086606e-09	-3.101034e+01	-1.203062e+02
6.620000e-06	-5.756755e-06	-1.090992e-09	-3.120187e+01	-1.208391e+02
6.630000e-06	-5.791679e-06	-1.095614e-09	-3.139116e+01	-1.213630e+02
6.640000e-06	-5.826259e-06	-1.098747e-09	-3.157859e+01	-1.218782e+02
6.650000e-06	-5.860471e-06	-1.101144e-09	-3.176402e+01	-1.223850e+02
6.660000e-06	-5.894303e-06	-1.104717e-09	-3.194739e+01	-1.228837e+02
6.670000e-06	-5.927730e-06	-1.108985e-09	-3.212856e+01	-1.233743e+02
6.680000e-06	-5.960637e-06	-1.113143e-09	-3.230692e+01	-1.238572e+02
6.690000e-06	-5.993125e-06	-1.116606e-09	-3.248301e+01	-1.243326e+02
6.700000e-06	-6.025439e-06	-1.119689e-09	-3.265815e+01	-1.248006e+02
6.710000e-06	-6.057536e-06	-1.122843e-09	-3.283212e+01	-1.252614e+02
6.720000e-06	-6.089164e-06	-1.126175e-09	-3.300354e+01	-1.257150e+02
6.730000e-06	-6.120163e-06	-1.129561e-09	-3.317155e+01	-1.261617e+02
6.740000e-06	-6.150492e-06	-1.132427e-09	-3.333594e+01	-1.266015e+02
6.750000e-06	-6.180200e-06	-1.135186e-09	-3.349696e+01	-1.270344e+02
6.760000e-06	-6.209234e-06	-1.138546e-09	-3.365433e+01	-1.274605e+02
6.770000e-06	-6.237737e-06	-1.141541e-09	-3.380881e+01	-1.278798e+02
6.780000e-06	-6.265971e-06	-1.143336e-09	-3.396184e+01	-1.282922e+02
6.790000e-06	-6.293977e-06	-1.145073e-09	-3.411364e+01	-1.286978e+02
6.800000e-06	-6.321634e-06	-1.147082e-09	-3.426354e+01	-1.290965e+02
6.810000e-06	-6.348821e-06	-1.149987e-09	-3.441089e+01	-1.294883e+02
6.820000e-06	-6.375488e-06	-1.154109e-09	-3.455543e+01	-1.298730e+02
6.830000e-06	-6.401695e-06	-1.158003e-09	-3.469747e+01	-1.302506e+02
6.840000e-06	-6.427567e-06	-1.160529e-09	-3.483770e+01	-1.306210e+02
6.850000e-06	-6.452855e-06	-1.161292e-09	-3.497476e+01	-1.309841e+02
6.860000e-06	-6.477506e-06	-1.162410e-09	-3.510837e+01	-1.313398e+02
6.870000e-06	-6.501865e-06	-1.164874e-09	-3.524040e+01	-1.316881e+02
6.880000e-06	-6.526028e-06	-1.167695e-09	-3.537137e+01	-1.320289e+02
6.890000e-06	-6.549869e-06	-1.171040e-09	-3.550058e+01	-1.323620e+02
6.900000e-06	-6.573116e-06	-1.173836e-09	-3.562658e+01	-1.326875e+02
6.910000e-06	-6.595597e-06	-1.175589e-09	-3.574843e+01	-1.330053e+02
6.920000e-06	-6.617372e-06	-1.177244e-09	-3.586645e+01	-1.333152e+02
6.930000e-06	-6.638473e-06	-1.179064e-09	-3.598082e+01	-1.336175e+02
6.940000e-06	-6.659013e-06	-1.180919e-09	-3.609215e+01	-1.339119e+02
6.950000e-06	-6.679303e-06	-1.183457e-09	-3.620212e+01	-1.341985e+02
6.960000e-06	-6.699393e-06	-1.187095e-09	-3.631101e+01	-1.344774e+02
6.970000e-06	-6.719038e-06	-1.190200e-09	-3.641749e+01	-1.347485e+02
6.980000e-06	-6.738148e-06	-1.191496e-09	-3.652107e+01	-1.350120e+02
6.990000e-06	-6.756712e-06	-1.191844e-09	-3.662168e+01	-1.352679e+02
7.000000e-06	-6.774822e-06	-1.192900e-09	-3.671984e+01	-1.355162e+02
7.010000e-06	-6.792586e-06	-1.194866e-09	-3.681612e+01	-1.357571e+02
7.020000e-06	-6.809794e-06	-1.196445e-09	-3.690939e+01	-1.359906e+02
7.030000e-06	-6.826430e-06	-1.197530e-09	-3.699956e+01	-1.362169e+02
7.040000e-06	-6.842739e-06	-1.198827e-09	-3.708795e+01	-1.364361e+02
7.050000e-06	-6.858807e-06	-1.200134e-09	-3.717504e+01	-1.366481e+02
7.060000e-06	-6.874540e-06	-1.201252e-09	-3.726031e+01	-1.368533e+02
7.070000e-06	-6.889600e-06	-1.202757e-09	-3.734194e+01	-1.370515e+02
7.080000e-06	-6.903694e-06	-1.203863e-09	-3.741833e+01	-1.372430e+02
7.090000e-06	-6.917083e-06	-1.204561e-09	-3.749090e+01	-1.374278e+02
7.100000e-06	-6.929883e-06	-1.205615e-09	-3.756028e+01	-1.376059e+02
7.110000e-06	-6.942113e-06	-1.206071e-09	-3.762656e+01	-1.377774e+02
7.120000e-06	-6.953920e-06	-1.206749e-09	-3.769056e+01	-1.379424e+02
7.130000e-06	-6.965166e-06	-1.207401e-09	-3.775151e+01	-1.381008e+02
7.140000e-06	-6.975850e-06	-1.208344e-09	-3.780942e+01	-1.382527e+02
7.150000e-06	-6.986071e-06	-1.209616e-09	-3.786482e+01	-1.383980e+02
7.160000e-06	-6.995807e-06	-1.210425e-09	-3.791759e+01	-1.385368e+02
7.170000e-06	-7.004999e-06	-1.211068e-09	-3.796741e+01	-1.386689e+02
7.180000e-06	-7.013714e-06	-1.211544e-09	-3.801464e+01	-1.387943e+02
7.190000e-06	-7.022105e-06	-1.212640e-09	-3.806012e+01	-1.389129e+02
7.200000e-06	-7.030293e-06	-1.213852e-09	-3.810450e+01	-1.390247e+02
7.210000e-06	-7.038102e-06	-1.214354e-09	-3.814683e+01	-1.391295e+02
7.220000e-06	-7.045295e-06	-1.213371e-09	-3.818581e+01	-1.392273e+02
7.230000e-06	-7.051807e-06	-1.211406e-09	-3.822111e+01	-1.393179e+02
7.240000e-06	-7.057523e-06	-1.209414e-09	-3.825209e+01	-1.394013e+02
7.250000e-06	-7.062462e-06	-1.208502e-09	-3.827886e+01	-1.394774e+02
7.260000e-06	-7.066911e-06	-1.209036e-09	-3.830297e+01	-1.395460e+02
7.270000e-06	-7.071106e-06	-1.208935e-09	-3.832571e+01	-1.396071e+02
7.280000e-06	-7.074970e-06	-1.208352e-09	-3.834665e+01	-1.396605e+02
7.290000e-06	-7.078254e-06	-1.208850e-09	-3.836445e+01	-1.397064e+02
7.300000e-06	-7.080949e-06	-1.208347e-09	-3.837906e+01	-1.397446e+02
7.310000e-06	-7.083301e-06	-1.206151e-09	-3.839181e+01	-1.397750e+02
7.320000e-06	-7.085299e-06	-1.204811e-09	-3.840264e+01	-1.397978e+02
7.330000e-06	-7.086840e-06	-1.205028e-09	-3.841099e+01	-1.398130e+02
7.340000e-06	-7.087734e-06	-1.205180e-09	-3.841583e+01	-1.398205e+02
