# Temperatura_=_20.0
# Concentracion g/m^3_=_7400.0
# C_Vs_to_Am_M_A/Vsm_=_116720831517.84952
# pendiente_HvsI_1/m_=_3716.3
# ordenada_HvsI_A/m_=_1297.0
# frecuencia_Hz_=_136113.32437967727

Tiempo_(s)	Campo_(V.s)	Magnetizacion_(V.s)	Campo_(kA/m)	Magnetizacion_(A/m)
0.000000e+00	-7.103389e-06	-1.603351e-09	-3.842356e+01	-1.856467e+02
1.000000e-08	-7.103616e-06	-1.602490e-09	-3.842478e+01	-1.856884e+02
2.000000e-08	-7.103538e-06	-1.602959e-09	-3.842436e+01	-1.857182e+02
3.000000e-08	-7.102885e-06	-1.603047e-09	-3.842083e+01	-1.857360e+02
4.000000e-08	-7.101455e-06	-1.602524e-09	-3.841310e+01	-1.857417e+02
5.000000e-08	-7.099275e-06	-1.601541e-09	-3.840130e+01	-1.857353e+02
6.000000e-08	-7.096531e-06	-1.600053e-09	-3.838646e+01	-1.857168e+02
7.000000e-08	-7.093300e-06	-1.598032e-09	-3.836898e+01	-1.856863e+02
8.000000e-08	-7.089623e-06	-1.601525e-09	-3.834909e+01	-1.856440e+02
9.000000e-08	-7.085457e-06	-1.613276e-09	-3.832656e+01	-1.855900e+02
1.000000e-07	-7.080592e-06	-1.598791e-09	-3.830024e+01	-1.855248e+02
1.100000e-07	-7.074950e-06	-1.546554e-09	-3.826972e+01	-1.854485e+02
1.200000e-07	-7.068874e-06	-1.567488e-09	-3.823686e+01	-1.853616e+02
1.300000e-07	-7.062678e-06	-1.659157e-09	-3.820334e+01	-1.852645e+02
1.400000e-07	-7.056061e-06	-1.644204e-09	-3.816755e+01	-1.851578e+02
1.500000e-07	-7.048842e-06	-1.521758e-09	-3.812850e+01	-1.850419e+02
1.600000e-07	-7.041155e-06	-1.536108e-09	-3.808692e+01	-1.849175e+02
1.700000e-07	-7.033157e-06	-1.684604e-09	-3.804366e+01	-1.847851e+02
1.800000e-07	-7.024707e-06	-1.644216e-09	-3.799795e+01	-1.846454e+02
1.900000e-07	-7.015544e-06	-1.467855e-09	-3.794838e+01	-1.844990e+02
2.000000e-07	-7.005623e-06	-1.520530e-09	-3.789472e+01	-1.843465e+02
2.100000e-07	-6.995140e-06	-1.710365e-09	-3.783802e+01	-1.841887e+02
2.200000e-07	-6.984126e-06	-1.639430e-09	-3.777844e+01	-1.840261e+02
2.300000e-07	-6.972432e-06	-1.460103e-09	-3.771518e+01	-1.838594e+02
2.400000e-07	-6.960234e-06	-1.538642e-09	-3.764920e+01	-1.836891e+02
2.500000e-07	-6.947685e-06	-1.672588e-09	-3.758133e+01	-1.835158e+02
2.600000e-07	-6.934532e-06	-1.568385e-09	-3.751018e+01	-1.833400e+02
2.700000e-07	-6.920737e-06	-1.484949e-09	-3.743556e+01	-1.831620e+02
2.800000e-07	-6.906474e-06	-1.601799e-09	-3.735841e+01	-1.829824e+02
2.900000e-07	-6.891368e-06	-1.619690e-09	-3.727669e+01	-1.828013e+02
3.000000e-07	-6.875439e-06	-1.504606e-09	-3.719053e+01	-1.826191e+02
3.100000e-07	-6.859003e-06	-1.541058e-09	-3.710163e+01	-1.824359e+02
3.200000e-07	-6.842118e-06	-1.623312e-09	-3.701029e+01	-1.822518e+02
3.300000e-07	-6.824755e-06	-1.521088e-09	-3.691637e+01	-1.820669e+02
3.400000e-07	-6.806928e-06	-1.482465e-09	-3.681994e+01	-1.818811e+02
3.500000e-07	-6.788750e-06	-1.619205e-09	-3.672161e+01	-1.816943e+02
3.600000e-07	-6.770000e-06	-1.600589e-09	-3.662019e+01	-1.815064e+02
3.700000e-07	-6.750644e-06	-1.454517e-09	-3.651549e+01	-1.813170e+02
3.800000e-07	-6.730989e-06	-1.514171e-09	-3.640918e+01	-1.811260e+02
3.900000e-07	-6.711069e-06	-1.618694e-09	-3.630142e+01	-1.809330e+02
4.000000e-07	-6.690773e-06	-1.520449e-09	-3.619164e+01	-1.807376e+02
4.100000e-07	-6.669997e-06	-1.470485e-09	-3.607925e+01	-1.805394e+02
4.200000e-07	-6.648744e-06	-1.574634e-09	-3.596429e+01	-1.803381e+02
4.300000e-07	-6.626973e-06	-1.561347e-09	-3.584653e+01	-1.801331e+02
4.400000e-07	-6.604707e-06	-1.477084e-09	-3.572609e+01	-1.799240e+02
4.500000e-07	-6.581976e-06	-1.528317e-09	-3.560314e+01	-1.797104e+02
4.600000e-07	-6.558800e-06	-1.557169e-09	-3.547777e+01	-1.794919e+02
4.700000e-07	-6.535292e-06	-1.482617e-09	-3.535061e+01	-1.792680e+02
4.800000e-07	-6.511485e-06	-1.500069e-09	-3.522183e+01	-1.790384e+02
4.900000e-07	-6.487178e-06	-1.559237e-09	-3.509036e+01	-1.788027e+02
5.000000e-07	-6.462339e-06	-1.502818e-09	-3.495599e+01	-1.785607e+02
5.100000e-07	-6.436800e-06	-1.466994e-09	-3.481785e+01	-1.783119e+02
5.200000e-07	-6.410348e-06	-1.520552e-09	-3.467477e+01	-1.780563e+02
5.300000e-07	-6.383295e-06	-1.513214e-09	-3.452843e+01	-1.777935e+02
5.400000e-07	-6.355813e-06	-1.468250e-09	-3.437978e+01	-1.775235e+02
5.500000e-07	-6.327966e-06	-1.490367e-09	-3.422915e+01	-1.772462e+02
5.600000e-07	-6.299867e-06	-1.502947e-09	-3.407716e+01	-1.769614e+02
5.700000e-07	-6.271483e-06	-1.471451e-09	-3.392362e+01	-1.766691e+02
5.800000e-07	-6.242765e-06	-1.473814e-09	-3.376828e+01	-1.763694e+02
5.900000e-07	-6.213656e-06	-1.488143e-09	-3.361083e+01	-1.760622e+02
6.000000e-07	-6.184116e-06	-1.468023e-09	-3.345104e+01	-1.757476e+02
6.100000e-07	-6.154101e-06	-1.459292e-09	-3.328868e+01	-1.754256e+02
6.200000e-07	-6.123567e-06	-1.470757e-09	-3.312351e+01	-1.750964e+02
6.300000e-07	-6.092639e-06	-1.465840e-09	-3.295622e+01	-1.747598e+02
6.400000e-07	-6.061407e-06	-1.455429e-09	-3.278728e+01	-1.744160e+02
6.500000e-07	-6.029848e-06	-1.455075e-09	-3.261657e+01	-1.740650e+02
6.600000e-07	-5.997993e-06	-1.452050e-09	-3.244426e+01	-1.737069e+02
6.700000e-07	-5.965737e-06	-1.447140e-09	-3.226978e+01	-1.733415e+02
6.800000e-07	-5.932811e-06	-1.445069e-09	-3.209168e+01	-1.729688e+02
6.900000e-07	-5.899099e-06	-1.442307e-09	-3.190932e+01	-1.725888e+02
7.000000e-07	-5.864695e-06	-1.437663e-09	-3.172323e+01	-1.722012e+02
7.100000e-07	-5.829762e-06	-1.429919e-09	-3.153427e+01	-1.718060e+02
7.200000e-07	-5.794443e-06	-1.422982e-09	-3.134322e+01	-1.714029e+02
7.300000e-07	-5.758859e-06	-1.423718e-09	-3.115074e+01	-1.709917e+02
7.400000e-07	-5.722921e-06	-1.421288e-09	-3.095635e+01	-1.705720e+02
7.500000e-07	-5.686648e-06	-1.412225e-09	-3.076014e+01	-1.701436e+02
7.600000e-07	-5.650105e-06	-1.408536e-09	-3.056247e+01	-1.697061e+02
7.700000e-07	-5.613146e-06	-1.407626e-09	-3.036255e+01	-1.692591e+02
7.800000e-07	-5.575713e-06	-1.401359e-09	-3.016007e+01	-1.688023e+02
7.900000e-07	-5.537959e-06	-1.393965e-09	-2.995585e+01	-1.683353e+02
8.000000e-07	-5.499832e-06	-1.387644e-09	-2.974962e+01	-1.678576e+02
8.100000e-07	-5.461236e-06	-1.380472e-09	-2.954084e+01	-1.673690e+02
8.200000e-07	-5.422212e-06	-1.376491e-09	-2.932975e+01	-1.668690e+02
8.300000e-07	-5.382818e-06	-1.374163e-09	-2.911667e+01	-1.663573e+02
8.400000e-07	-5.343134e-06	-1.368904e-09	-2.890201e+01	-1.658337e+02
8.500000e-07	-5.303254e-06	-1.361282e-09	-2.868629e+01	-1.652980e+02
8.600000e-07	-5.263167e-06	-1.355908e-09	-2.846945e+01	-1.647498e+02
8.700000e-07	-5.222663e-06	-1.352688e-09	-2.825036e+01	-1.641891e+02
8.800000e-07	-5.181617e-06	-1.348281e-09	-2.802833e+01	-1.636159e+02
8.900000e-07	-5.140165e-06	-1.340672e-09	-2.780411e+01	-1.630302e+02
9.000000e-07	-5.098212e-06	-1.331684e-09	-2.757718e+01	-1.624319e+02
9.100000e-07	-5.055423e-06	-1.325370e-09	-2.734572e+01	-1.618214e+02
9.200000e-07	-5.012058e-06	-1.321291e-09	-2.711116e+01	-1.611988e+02
9.300000e-07	-4.968455e-06	-1.315886e-09	-2.687530e+01	-1.605644e+02
9.400000e-07	-4.924615e-06	-1.309326e-09	-2.663816e+01	-1.599185e+02
9.500000e-07	-4.880482e-06	-1.302643e-09	-2.639944e+01	-1.592616e+02
9.600000e-07	-4.836059e-06	-1.297122e-09	-2.615914e+01	-1.585942e+02
9.700000e-07	-4.791400e-06	-1.292065e-09	-2.591757e+01	-1.579167e+02
9.800000e-07	-4.746404e-06	-1.285508e-09	-2.567418e+01	-1.572296e+02
9.900000e-07	-4.700994e-06	-1.277429e-09	-2.542855e+01	-1.565336e+02
1.000000e-06	-4.655262e-06	-1.270320e-09	-2.518118e+01	-1.558291e+02
1.010000e-06	-4.609254e-06	-1.265195e-09	-2.493232e+01	-1.551167e+02
1.020000e-06	-4.562919e-06	-1.260326e-09	-2.468168e+01	-1.543968e+02
1.030000e-06	-4.516222e-06	-1.253903e-09	-2.442909e+01	-1.536701e+02
1.040000e-06	-4.469289e-06	-1.246367e-09	-2.417522e+01	-1.529369e+02
1.050000e-06	-4.422108e-06	-1.241116e-09	-2.392001e+01	-1.521975e+02
1.060000e-06	-4.374610e-06	-1.236635e-09	-2.366308e+01	-1.514524e+02
1.070000e-06	-4.326845e-06	-1.231323e-09	-2.340471e+01	-1.507015e+02
1.080000e-06	-4.278839e-06	-1.224904e-09	-2.314504e+01	-1.499451e+02
1.090000e-06	-4.230560e-06	-1.216887e-09	-2.288389e+01	-1.491832e+02
1.100000e-06	-4.182061e-06	-1.209251e-09	-2.262155e+01	-1.484157e+02
1.110000e-06	-4.133097e-06	-1.202848e-09	-2.235669e+01	-1.476423e+02
1.120000e-06	-4.083517e-06	-1.195908e-09	-2.208851e+01	-1.468627e+02
1.130000e-06	-4.033400e-06	-1.188001e-09	-2.181741e+01	-1.460765e+02
1.140000e-06	-3.982732e-06	-1.180598e-09	-2.154334e+01	-1.452832e+02
1.150000e-06	-3.931723e-06	-1.175143e-09	-2.126742e+01	-1.444820e+02
1.160000e-06	-3.880427e-06	-1.170060e-09	-2.098995e+01	-1.436723e+02
1.170000e-06	-3.828873e-06	-1.163486e-09	-2.071109e+01	-1.428532e+02
1.180000e-06	-3.776991e-06	-1.155843e-09	-2.043045e+01	-1.420238e+02
1.190000e-06	-3.724842e-06	-1.148239e-09	-2.014837e+01	-1.411832e+02
1.200000e-06	-3.672410e-06	-1.140512e-09	-1.986475e+01	-1.403304e+02
1.210000e-06	-3.619697e-06	-1.132536e-09	-1.957962e+01	-1.394643e+02
1.220000e-06	-3.566804e-06	-1.124640e-09	-1.929351e+01	-1.385840e+02
1.230000e-06	-3.513609e-06	-1.116379e-09	-1.900576e+01	-1.376884e+02
1.240000e-06	-3.460024e-06	-1.107758e-09	-1.871591e+01	-1.367764e+02
1.250000e-06	-3.406183e-06	-1.101244e-09	-1.842468e+01	-1.358473e+02
1.260000e-06	-3.352249e-06	-1.096029e-09	-1.813294e+01	-1.349000e+02
1.270000e-06	-3.298151e-06	-1.087465e-09	-1.784031e+01	-1.339338e+02
1.280000e-06	-3.243827e-06	-1.077035e-09	-1.754647e+01	-1.329480e+02
1.290000e-06	-3.189359e-06	-1.068355e-09	-1.725184e+01	-1.319419e+02
1.300000e-06	-3.134705e-06	-1.060804e-09	-1.695621e+01	-1.309150e+02
1.310000e-06	-3.079847e-06	-1.051880e-09	-1.665946e+01	-1.298670e+02
1.320000e-06	-3.024697e-06	-1.042638e-09	-1.636115e+01	-1.287976e+02
1.330000e-06	-2.969119e-06	-1.033756e-09	-1.606052e+01	-1.277067e+02
1.340000e-06	-2.913360e-06	-1.024571e-09	-1.575890e+01	-1.265943e+02
1.350000e-06	-2.857520e-06	-1.016094e-09	-1.545686e+01	-1.254605e+02
1.360000e-06	-2.801601e-06	-1.007193e-09	-1.515438e+01	-1.243056e+02
1.370000e-06	-2.745651e-06	-9.965655e-10	-1.485174e+01	-1.231299e+02
1.380000e-06	-2.689539e-06	-9.862498e-10	-1.454822e+01	-1.219339e+02
1.390000e-06	-2.633244e-06	-9.771549e-10	-1.424371e+01	-1.207182e+02
1.400000e-06	-2.576853e-06	-9.680815e-10	-1.393868e+01	-1.194832e+02
1.410000e-06	-2.520393e-06	-9.576078e-10	-1.363328e+01	-1.182298e+02
1.420000e-06	-2.463726e-06	-9.470837e-10	-1.332675e+01	-1.169584e+02
1.430000e-06	-2.406688e-06	-9.379970e-10	-1.301823e+01	-1.156699e+02
1.440000e-06	-2.349434e-06	-9.285867e-10	-1.270853e+01	-1.143649e+02
1.450000e-06	-2.291948e-06	-9.181720e-10	-1.239757e+01	-1.130440e+02
1.460000e-06	-2.234039e-06	-9.069766e-10	-1.208433e+01	-1.117077e+02
1.470000e-06	-2.175776e-06	-8.951133e-10	-1.176918e+01	-1.103564e+02
1.480000e-06	-2.117257e-06	-8.829911e-10	-1.145264e+01	-1.089906e+02
1.490000e-06	-2.058574e-06	-8.713927e-10	-1.113521e+01	-1.076104e+02
1.500000e-06	-1.999684e-06	-8.606281e-10	-1.081666e+01	-1.062159e+02
1.510000e-06	-1.940531e-06	-8.491311e-10	-1.049669e+01	-1.048069e+02
1.520000e-06	-1.881222e-06	-8.366847e-10	-1.017588e+01	-1.033832e+02
1.530000e-06	-1.821781e-06	-8.256508e-10	-9.854353e+00	-1.019443e+02
1.540000e-06	-1.762286e-06	-8.150686e-10	-9.532534e+00	-1.004894e+02
1.550000e-06	-1.702715e-06	-8.022703e-10	-9.210304e+00	-9.901782e+01
1.560000e-06	-1.643049e-06	-7.883929e-10	-8.887560e+00	-9.752832e+01
1.570000e-06	-1.583303e-06	-7.760414e-10	-8.564382e+00	-9.601965e+01
1.580000e-06	-1.523504e-06	-7.648034e-10	-8.240918e+00	-9.449033e+01
1.590000e-06	-1.463677e-06	-7.524944e-10	-7.917301e+00	-9.293872e+01
1.600000e-06	-1.403757e-06	-7.389195e-10	-7.593186e+00	-9.136300e+01
1.610000e-06	-1.343800e-06	-7.255302e-10	-7.268865e+00	-8.976121e+01
1.620000e-06	-1.283799e-06	-7.116085e-10	-6.944310e+00	-8.813126e+01
1.630000e-06	-1.223696e-06	-6.973310e-10	-6.619201e+00	-8.647099e+01
1.640000e-06	-1.163473e-06	-6.841543e-10	-6.293443e+00	-8.477815e+01
1.650000e-06	-1.103120e-06	-6.706824e-10	-5.966983e+00	-8.305046e+01
1.660000e-06	-1.042745e-06	-6.570082e-10	-5.640402e+00	-8.128563e+01
1.670000e-06	-9.824020e-07	-6.441880e-10	-5.313995e+00	-7.948140e+01
1.680000e-06	-9.220318e-07	-6.299718e-10	-4.987442e+00	-7.763557e+01
1.690000e-06	-8.616080e-07	-6.127791e-10	-4.660598e+00	-7.574603e+01
1.700000e-06	-8.011027e-07	-5.958167e-10	-4.333314e+00	-7.381081e+01
1.710000e-06	-7.405042e-07	-5.807880e-10	-4.005525e+00	-7.182809e+01
1.720000e-06	-6.798623e-07	-5.660038e-10	-3.677502e+00	-6.979623e+01
1.730000e-06	-6.192149e-07	-5.516442e-10	-3.349449e+00	-6.771383e+01
1.740000e-06	-5.584466e-07	-5.365357e-10	-3.020742e+00	-6.557974e+01
1.750000e-06	-4.975287e-07	-5.186316e-10	-2.691226e+00	-6.339305e+01
1.760000e-06	-4.366941e-07	-4.998630e-10	-2.362160e+00	-6.115318e+01
1.770000e-06	-3.758565e-07	-4.815707e-10	-2.033078e+00	-5.885983e+01
1.780000e-06	-3.149796e-07	-4.631239e-10	-1.703783e+00	-5.651304e+01
1.790000e-06	-2.541055e-07	-4.441520e-10	-1.374504e+00	-5.411317e+01
1.800000e-06	-1.932230e-07	-4.242680e-10	-1.045179e+00	-5.166094e+01
1.810000e-06	-1.323332e-07	-4.037823e-10	-7.158149e-01	-4.915738e+01
1.820000e-06	-7.131722e-08	-3.829056e-10	-3.857682e-01	-4.660388e+01
1.830000e-06	-1.027744e-08	-3.605476e-10	-5.559259e-02	-4.400214e+01
1.840000e-06	5.066371e-08	-3.369926e-10	2.740495e-01	-4.135420e+01
1.850000e-06	1.115984e-07	-3.136743e-10	6.036567e-01	-3.866238e+01
1.860000e-06	1.725586e-07	-2.907203e-10	9.334019e-01	-3.592930e+01
1.870000e-06	2.335590e-07	-2.683602e-10	1.263364e+00	-3.315783e+01
1.880000e-06	2.945361e-07	-2.450994e-10	1.593201e+00	-3.035110e+01
1.890000e-06	3.554153e-07	-2.201389e-10	1.922507e+00	-2.751244e+01
1.900000e-06	4.162487e-07	-1.950126e-10	2.251567e+00	-2.464535e+01
1.910000e-06	4.770769e-07	-1.689973e-10	2.580598e+00	-2.175350e+01
1.920000e-06	5.379385e-07	-1.442233e-10	2.909809e+00	-1.884066e+01
1.930000e-06	5.987164e-07	-1.222606e-10	3.238569e+00	-1.591070e+01
1.940000e-06	6.593865e-07	-9.925976e-11	3.566744e+00	-1.296753e+01
1.950000e-06	7.199973e-07	-7.319689e-11	3.894600e+00	-1.001510e+01
1.960000e-06	7.805910e-07	-4.607985e-11	4.222362e+00	-7.057316e+00
1.970000e-06	8.411133e-07	-2.000829e-11	4.549739e+00	-4.098063e+00
1.980000e-06	9.014937e-07	3.756284e-12	4.876348e+00	-1.141136e+00
1.990000e-06	9.618454e-07	2.633865e-11	5.202801e+00	1.809768e+00
2.000000e-06	1.022228e-06	4.998928e-11	5.529422e+00	4.751086e+00
2.010000e-06	1.082505e-06	7.413679e-11	5.855471e+00	7.679409e+00
2.020000e-06	1.142783e-06	9.787451e-11	6.181526e+00	1.059150e+01
2.030000e-06	1.203001e-06	1.220917e-10	6.507257e+00	1.348433e+01
2.040000e-06	1.263040e-06	1.471342e-10	6.832021e+00	1.635507e+01
2.050000e-06	1.323048e-06	1.715814e-10	7.156614e+00	1.920112e+01
2.060000e-06	1.383006e-06	1.940982e-10	7.480936e+00	2.202009e+01
2.070000e-06	1.442972e-06	2.155221e-10	7.805306e+00	2.480988e+01
2.080000e-06	1.502890e-06	2.375220e-10	8.129413e+00	2.756858e+01
2.090000e-06	1.562679e-06	2.584906e-10	8.452820e+00	3.029455e+01
2.100000e-06	1.622467e-06	2.785743e-10	8.776225e+00	3.298640e+01
2.110000e-06	1.682177e-06	2.997528e-10	9.099208e+00	3.564296e+01
2.120000e-06	1.741713e-06	3.207671e-10	9.421251e+00	3.826330e+01
2.130000e-06	1.801131e-06	3.408607e-10	9.742654e+00	4.084670e+01
2.140000e-06	1.860454e-06	3.602804e-10	1.006354e+01	4.339267e+01
2.150000e-06	1.919631e-06	3.794645e-10	1.038364e+01	4.590090e+01
2.160000e-06	1.978672e-06	3.990208e-10	1.070300e+01	4.837126e+01
2.170000e-06	2.037638e-06	4.181132e-10	1.102196e+01	5.080381e+01
2.180000e-06	2.096390e-06	4.368250e-10	1.133976e+01	5.319873e+01
2.190000e-06	2.154827e-06	4.556961e-10	1.165586e+01	5.555638e+01
2.200000e-06	2.213035e-06	4.745623e-10	1.197072e+01	5.787718e+01
2.210000e-06	2.271131e-06	4.932686e-10	1.228497e+01	6.016171e+01
2.220000e-06	2.328949e-06	5.109445e-10	1.259772e+01	6.241059e+01
2.230000e-06	2.386282e-06	5.272583e-10	1.290785e+01	6.462453e+01
2.240000e-06	2.443242e-06	5.446987e-10	1.321595e+01	6.680428e+01
2.250000e-06	2.500045e-06	5.635930e-10	1.352321e+01	6.895065e+01
2.260000e-06	2.556649e-06	5.805928e-10	1.382939e+01	7.106445e+01
2.270000e-06	2.613054e-06	5.955234e-10	1.413450e+01	7.314650e+01
2.280000e-06	2.669292e-06	6.104589e-10	1.443870e+01	7.519764e+01
2.290000e-06	2.725333e-06	6.254653e-10	1.474183e+01	7.721869e+01
2.300000e-06	2.781275e-06	6.405094e-10	1.504444e+01	7.921043e+01
2.310000e-06	2.837016e-06	6.571299e-10	1.534595e+01	8.117364e+01
2.320000e-06	2.892533e-06	6.744102e-10	1.564625e+01	8.310904e+01
2.330000e-06	2.947885e-06	6.915854e-10	1.594566e+01	8.501732e+01
2.340000e-06	3.003138e-06	7.077694e-10	1.624453e+01	8.689914e+01
2.350000e-06	3.058276e-06	7.217690e-10	1.654279e+01	8.875509e+01
2.360000e-06	3.113203e-06	7.340574e-10	1.683989e+01	9.058571e+01
2.370000e-06	3.167920e-06	7.456376e-10	1.713587e+01	9.239150e+01
2.380000e-06	3.222333e-06	7.571641e-10	1.743020e+01	9.417292e+01
2.390000e-06	3.276490e-06	7.703214e-10	1.772314e+01	9.593035e+01
2.400000e-06	3.330450e-06	7.861804e-10	1.801502e+01	9.766415e+01
2.410000e-06	3.384163e-06	8.021893e-10	1.830557e+01	9.937462e+01
2.420000e-06	3.437633e-06	8.174995e-10	1.859480e+01	1.010620e+02
2.430000e-06	3.490928e-06	8.321411e-10	1.888308e+01	1.027266e+02
2.440000e-06	3.544073e-06	8.454125e-10	1.917055e+01	1.043685e+02
2.450000e-06	3.596963e-06	8.583396e-10	1.945664e+01	1.059879e+02
2.460000e-06	3.649534e-06	8.708360e-10	1.974101e+01	1.075849e+02
2.470000e-06	3.701832e-06	8.825896e-10	2.002390e+01	1.091596e+02
2.480000e-06	3.753779e-06	8.944111e-10	2.030489e+01	1.107122e+02
2.490000e-06	3.805333e-06	9.069249e-10	2.058376e+01	1.122426e+02
2.500000e-06	3.856613e-06	9.198321e-10	2.086114e+01	1.137509e+02
2.510000e-06	3.907614e-06	9.318922e-10	2.113702e+01	1.152373e+02
2.520000e-06	3.958207e-06	9.433938e-10	2.141068e+01	1.167016e+02
2.530000e-06	4.008369e-06	9.546744e-10	2.168202e+01	1.181440e+02
2.540000e-06	4.058144e-06	9.661674e-10	2.195126e+01	1.195645e+02
2.550000e-06	4.107482e-06	9.771824e-10	2.221813e+01	1.209631e+02
2.560000e-06	4.156285e-06	9.872990e-10	2.248212e+01	1.223398e+02
2.570000e-06	4.204678e-06	9.967993e-10	2.274389e+01	1.236948e+02
2.580000e-06	4.252937e-06	1.006328e-09	2.300493e+01	1.250281e+02
2.590000e-06	4.300951e-06	1.016796e-09	2.326464e+01	1.263397e+02
2.600000e-06	4.348632e-06	1.027718e-09	2.352256e+01	1.276297e+02
2.610000e-06	4.396052e-06	1.037662e-09	2.377907e+01	1.288983e+02
2.620000e-06	4.443260e-06	1.047044e-09	2.403442e+01	1.301454e+02
2.630000e-06	4.490162e-06	1.056686e-09	2.428812e+01	1.313713e+02
2.640000e-06	4.536622e-06	1.066283e-09	2.453944e+01	1.325760e+02
2.650000e-06	4.582762e-06	1.075442e-09	2.478901e+01	1.337596e+02
2.660000e-06	4.628604e-06	1.084174e-09	2.503698e+01	1.349224e+02
2.670000e-06	4.674085e-06	1.091933e-09	2.528300e+01	1.360644e+02
2.680000e-06	4.719322e-06	1.098304e-09	2.552769e+01	1.371858e+02
2.690000e-06	4.764220e-06	1.106294e-09	2.577056e+01	1.382869e+02
2.700000e-06	4.808683e-06	1.115340e-09	2.601106e+01	1.393677e+02
2.710000e-06	4.852930e-06	1.123488e-09	2.625040e+01	1.404284e+02
2.720000e-06	4.897046e-06	1.132463e-09	2.648904e+01	1.414693e+02
2.730000e-06	4.940904e-06	1.141995e-09	2.672627e+01	1.424906e+02
2.740000e-06	4.984446e-06	1.151047e-09	2.696180e+01	1.434924e+02
2.750000e-06	5.027791e-06	1.159283e-09	2.719626e+01	1.444751e+02
2.760000e-06	5.070829e-06	1.166062e-09	2.742906e+01	1.454387e+02
2.770000e-06	5.113246e-06	1.172691e-09	2.765850e+01	1.463835e+02
2.780000e-06	5.155085e-06	1.180724e-09	2.788482e+01	1.473098e+02
2.790000e-06	5.196352e-06	1.189389e-09	2.810804e+01	1.482179e+02
2.800000e-06	5.237043e-06	1.197183e-09	2.832814e+01	1.491078e+02
2.810000e-06	5.277283e-06	1.204339e-09	2.854581e+01	1.499800e+02
2.820000e-06	5.317132e-06	1.211298e-09	2.876136e+01	1.508347e+02
2.830000e-06	5.356760e-06	1.218014e-09	2.897571e+01	1.516721e+02
2.840000e-06	5.396189e-06	1.224533e-09	2.918899e+01	1.524926e+02
2.850000e-06	5.435283e-06	1.230884e-09	2.940046e+01	1.532963e+02
2.860000e-06	5.473965e-06	1.236630e-09	2.960970e+01	1.540837e+02
2.870000e-06	5.512210e-06	1.242403e-09	2.981657e+01	1.548550e+02
2.880000e-06	5.550021e-06	1.249622e-09	3.002110e+01	1.556105e+02
2.890000e-06	5.587344e-06	1.256947e-09	3.022299e+01	1.563505e+02
2.900000e-06	5.624250e-06	1.263226e-09	3.042261e+01	1.570754e+02
2.910000e-06	5.660871e-06	1.269310e-09	3.062071e+01	1.577856e+02
2.920000e-06	5.697134e-06	1.276101e-09	3.081686e+01	1.584812e+02
2.930000e-06	5.733022e-06	1.284138e-09	3.101099e+01	1.591629e+02
2.940000e-06	5.768722e-06	1.292543e-09	3.120409e+01	1.598308e+02
2.950000e-06	5.804239e-06	1.298726e-09	3.139621e+01	1.604854e+02
2.960000e-06	5.839441e-06	1.303511e-09	3.158663e+01	1.611270e+02
2.970000e-06	5.874121e-06	1.309882e-09	3.177421e+01	1.617561e+02
2.980000e-06	5.908245e-06	1.316842e-09	3.195880e+01	1.623730e+02
2.990000e-06	5.941718e-06	1.322495e-09	3.213986e+01	1.629781e+02
3.000000e-06	5.974415e-06	1.327403e-09	3.231673e+01	1.635719e+02
3.010000e-06	6.006537e-06	1.332735e-09	3.249048e+01	1.641547e+02
3.020000e-06	6.038262e-06	1.338999e-09	3.266208e+01	1.647269e+02
3.030000e-06	6.069723e-06	1.346417e-09	3.283226e+01	1.652890e+02
3.040000e-06	6.100904e-06	1.353527e-09	3.300093e+01	1.658412e+02
3.050000e-06	6.131755e-06	1.359232e-09	3.316780e+01	1.663840e+02
3.060000e-06	6.162232e-06	1.366360e-09	3.333266e+01	1.669178e+02
3.070000e-06	6.192214e-06	1.373977e-09	3.349484e+01	1.674428e+02
3.080000e-06	6.221706e-06	1.377954e-09	3.365437e+01	1.679595e+02
3.090000e-06	6.250816e-06	1.380599e-09	3.381183e+01	1.684681e+02
3.100000e-06	6.279559e-06	1.385759e-09	3.396731e+01	1.689689e+02
3.110000e-06	6.307912e-06	1.392771e-09	3.412067e+01	1.694623e+02
3.120000e-06	6.335900e-06	1.398890e-09	3.427206e+01	1.699483e+02
3.130000e-06	6.363526e-06	1.403952e-09	3.442150e+01	1.704274e+02
3.140000e-06	6.390813e-06	1.408642e-09	3.456910e+01	1.708996e+02
3.150000e-06	6.417712e-06	1.412917e-09	3.471460e+01	1.713652e+02
3.160000e-06	6.444042e-06	1.418136e-09	3.485702e+01	1.718242e+02
3.170000e-06	6.469571e-06	1.423842e-09	3.499511e+01	1.722769e+02
3.180000e-06	6.494244e-06	1.429611e-09	3.512858e+01	1.727232e+02
3.190000e-06	6.518292e-06	1.433984e-09	3.525866e+01	1.731632e+02
3.200000e-06	6.541966e-06	1.436898e-09	3.538671e+01	1.735971e+02
3.210000e-06	6.565231e-06	1.441411e-09	3.551256e+01	1.740247e+02
3.220000e-06	6.588087e-06	1.446899e-09	3.563619e+01	1.744461e+02
3.230000e-06	6.610592e-06	1.451587e-09	3.575792e+01	1.748612e+02
3.240000e-06	6.632562e-06	1.455844e-09	3.587676e+01	1.752700e+02
3.250000e-06	6.654024e-06	1.460279e-09	3.599286e+01	1.756724e+02
3.260000e-06	6.674994e-06	1.464519e-09	3.610629e+01	1.760684e+02
3.270000e-06	6.695561e-06	1.468878e-09	3.621753e+01	1.764578e+02
3.280000e-06	6.715819e-06	1.472697e-09	3.632712e+01	1.768406e+02
3.290000e-06	6.735701e-06	1.476656e-09	3.643466e+01	1.772166e+02
3.300000e-06	6.755307e-06	1.481962e-09	3.654072e+01	1.775858e+02
3.310000e-06	6.774471e-06	1.486257e-09	3.664438e+01	1.779480e+02
3.320000e-06	6.792976e-06	1.489142e-09	3.674447e+01	1.783032e+02
3.330000e-06	6.810911e-06	1.491632e-09	3.684149e+01	1.786512e+02
3.340000e-06	6.828440e-06	1.493801e-09	3.693630e+01	1.789920e+02
3.350000e-06	6.845608e-06	1.496855e-09	3.702917e+01	1.793256e+02
3.360000e-06	6.862153e-06	1.501142e-09	3.711866e+01	1.796517e+02
3.370000e-06	6.878125e-06	1.504541e-09	3.720506e+01	1.799704e+02
3.380000e-06	6.893707e-06	1.507870e-09	3.728935e+01	1.802816e+02
3.390000e-06	6.908628e-06	1.511737e-09	3.737006e+01	1.805853e+02
3.400000e-06	6.922814e-06	1.515601e-09	3.744679e+01	1.808815e+02
3.410000e-06	6.936524e-06	1.520214e-09	3.752095e+01	1.811700e+02
3.420000e-06	6.949860e-06	1.523160e-09	3.759309e+01	1.814510e+02
3.430000e-06	6.962748e-06	1.524291e-09	3.766280e+01	1.817244e+02
3.440000e-06	6.975129e-06	1.526307e-09	3.772977e+01	1.819901e+02
3.450000e-06	6.986958e-06	1.530834e-09	3.779376e+01	1.822482e+02
3.460000e-06	6.998358e-06	1.536145e-09	3.785543e+01	1.824986e+02
3.470000e-06	7.009240e-06	1.539253e-09	3.791429e+01	1.827413e+02
3.480000e-06	7.019419e-06	1.540388e-09	3.796935e+01	1.829763e+02
3.490000e-06	7.028709e-06	1.542369e-09	3.801960e+01	1.832035e+02
3.500000e-06	7.037147e-06	1.545936e-09	3.806524e+01	1.834228e+02
3.510000e-06	7.045109e-06	1.549584e-09	3.810831e+01	1.836342e+02
3.520000e-06	7.052739e-06	1.551804e-09	3.814958e+01	1.838376e+02
3.530000e-06	7.059942e-06	1.553321e-09	3.818854e+01	1.840328e+02
3.540000e-06	7.066710e-06	1.556433e-09	3.822515e+01	1.842196e+02
3.550000e-06	7.073066e-06	1.559886e-09	3.825953e+01	1.843980e+02
3.560000e-06	7.078871e-06	1.562732e-09	3.829093e+01	1.845677e+02
3.570000e-06	7.084177e-06	1.565251e-09	3.831963e+01	1.847284e+02
3.580000e-06	7.089033e-06	1.566855e-09	3.834590e+01	1.848801e+02
3.590000e-06	7.093394e-06	1.569302e-09	3.836949e+01	1.850223e+02
3.600000e-06	7.097322e-06	1.573693e-09	3.839074e+01	1.851549e+02
3.610000e-06	7.100922e-06	1.577933e-09	3.841021e+01	1.852776e+02
3.620000e-06	7.104004e-06	1.580116e-09	3.842688e+01	1.853901e+02
3.630000e-06	7.106472e-06	1.581825e-09	3.844023e+01	1.854921e+02
3.640000e-06	7.108424e-06	1.583580e-09	3.845079e+01	1.855834e+02
3.650000e-06	7.109660e-06	1.584811e-09	3.845748e+01	1.856636e+02
3.660000e-06	7.110127e-06	1.585986e-09	3.846000e+01	1.857325e+02
3.670000e-06	7.110105e-06	1.586974e-09	3.845988e+01	1.857900e+02
3.680000e-06	7.109795e-06	1.587708e-09	3.845821e+01	1.858357e+02
3.690000e-06	7.109093e-06	1.588233e-09	3.845441e+01	1.858696e+02
3.700000e-06	7.107828e-06	1.589918e-09	3.844757e+01	1.858914e+02
3.710000e-06	7.106044e-06	1.591866e-09	3.843792e+01	1.859012e+02
3.720000e-06	7.103882e-06	1.592782e-09	3.842622e+01	1.858989e+02
3.730000e-06	7.101303e-06	1.595514e-09	3.841227e+01	1.858844e+02
3.740000e-06	7.098206e-06	1.598722e-09	3.839552e+01	1.858580e+02
3.750000e-06	7.094676e-06	1.584406e-09	3.837642e+01	1.858196e+02
3.760000e-06	7.090802e-06	1.567325e-09	3.835547e+01	1.857696e+02
3.770000e-06	7.086267e-06	1.616800e-09	3.833094e+01	1.857081e+02
3.780000e-06	7.080701e-06	1.673806e-09	3.830083e+01	1.856355e+02
3.790000e-06	7.074422e-06	1.586994e-09	3.826687e+01	1.855521e+02
3.800000e-06	7.067934e-06	1.495379e-09	3.823177e+01	1.854584e+02
3.810000e-06	7.061148e-06	1.595407e-09	3.819507e+01	1.853549e+02
3.820000e-06	7.053756e-06	1.707972e-09	3.815508e+01	1.852421e+02
3.830000e-06	7.045804e-06	1.591159e-09	3.811207e+01	1.851204e+02
3.840000e-06	7.037506e-06	1.457277e-09	3.806718e+01	1.849907e+02
3.850000e-06	7.028882e-06	1.609209e-09	3.802053e+01	1.848534e+02
3.860000e-06	7.019720e-06	1.763154e-09	3.797097e+01	1.847092e+02
3.870000e-06	7.009970e-06	1.576701e-09	3.791823e+01	1.845588e+02
3.880000e-06	6.999776e-06	1.401261e-09	3.786310e+01	1.844027e+02
3.890000e-06	6.989136e-06	1.609341e-09	3.780554e+01	1.842417e+02
3.900000e-06	6.977868e-06	1.773544e-09	3.774459e+01	1.840763e+02
3.910000e-06	6.966022e-06	1.551838e-09	3.768051e+01	1.839072e+02
3.920000e-06	6.953711e-06	1.431756e-09	3.761392e+01	1.837349e+02
3.930000e-06	6.940624e-06	1.670473e-09	3.754313e+01	1.835599e+02
3.940000e-06	6.926659e-06	1.719052e-09	3.746759e+01	1.833826e+02
3.950000e-06	6.912052e-06	1.465326e-09	3.738858e+01	1.832036e+02
3.960000e-06	6.896892e-06	1.486626e-09	3.730657e+01	1.830230e+02
3.970000e-06	6.881252e-06	1.720561e-09	3.722197e+01	1.828412e+02
3.980000e-06	6.865166e-06	1.625727e-09	3.713496e+01	1.826583e+02
3.990000e-06	6.848621e-06	1.445615e-09	3.704547e+01	1.824746e+02
4.000000e-06	6.831594e-06	1.613430e-09	3.695337e+01	1.822900e+02
4.010000e-06	6.814006e-06	1.704781e-09	3.685823e+01	1.821046e+02
4.020000e-06	6.796018e-06	1.482152e-09	3.676093e+01	1.819182e+02
4.030000e-06	6.777678e-06	1.484118e-09	3.666172e+01	1.817307e+02
4.040000e-06	6.758755e-06	1.706748e-09	3.655936e+01	1.815419e+02
4.050000e-06	6.739356e-06	1.615687e-09	3.645444e+01	1.813515e+02
4.060000e-06	6.719597e-06	1.443671e-09	3.634755e+01	1.811592e+02
4.070000e-06	6.699460e-06	1.596855e-09	3.623863e+01	1.809647e+02
4.080000e-06	6.679018e-06	1.674990e-09	3.612805e+01	1.807676e+02
4.090000e-06	6.658288e-06	1.493253e-09	3.601592e+01	1.805674e+02
4.100000e-06	6.636959e-06	1.511796e-09	3.590055e+01	1.803637e+02
4.110000e-06	6.614811e-06	1.658971e-09	3.578075e+01	1.801561e+02
4.120000e-06	6.592008e-06	1.564482e-09	3.565740e+01	1.799441e+02
4.130000e-06	6.568504e-06	1.491114e-09	3.553026e+01	1.797273e+02
4.140000e-06	6.544491e-06	1.614106e-09	3.540037e+01	1.795053e+02
4.150000e-06	6.520222e-06	1.599252e-09	3.526910e+01	1.792777e+02
4.160000e-06	6.495689e-06	1.492702e-09	3.513639e+01	1.790441e+02
4.170000e-06	6.470673e-06	1.563460e-09	3.500108e+01	1.788043e+02
4.180000e-06	6.445062e-06	1.614359e-09	3.486254e+01	1.785578e+02
4.190000e-06	6.418939e-06	1.528679e-09	3.472124e+01	1.783046e+02
4.200000e-06	6.392254e-06	1.535498e-09	3.457689e+01	1.780442e+02
4.210000e-06	6.365081e-06	1.592239e-09	3.442991e+01	1.777767e+02
4.220000e-06	6.337460e-06	1.544679e-09	3.428050e+01	1.775019e+02
4.230000e-06	6.309513e-06	1.524498e-09	3.412933e+01	1.772196e+02
4.240000e-06	6.281317e-06	1.569231e-09	3.397681e+01	1.769299e+02
4.250000e-06	6.252801e-06	1.556226e-09	3.382257e+01	1.766327e+02
4.260000e-06	6.223955e-06	1.532200e-09	3.366653e+01	1.763280e+02
4.270000e-06	6.194698e-06	1.554193e-09	3.350828e+01	1.760160e+02
4.280000e-06	6.164814e-06	1.554124e-09	3.334663e+01	1.756965e+02
4.290000e-06	6.134113e-06	1.535599e-09	3.318056e+01	1.753697e+02
4.300000e-06	6.102699e-06	1.536046e-09	3.301064e+01	1.750356e+02
4.310000e-06	6.070780e-06	1.536588e-09	3.283798e+01	1.746943e+02
4.320000e-06	6.038489e-06	1.535404e-09	3.266331e+01	1.743457e+02
4.330000e-06	6.005921e-06	1.535032e-09	3.248715e+01	1.739900e+02
4.340000e-06	5.973004e-06	1.527914e-09	3.230909e+01	1.736271e+02
4.350000e-06	5.939681e-06	1.529820e-09	3.212884e+01	1.732569e+02
4.360000e-06	5.905912e-06	1.531510e-09	3.194618e+01	1.728793e+02
4.370000e-06	5.871722e-06	1.520444e-09	3.176124e+01	1.724944e+02
4.380000e-06	5.837146e-06	1.521314e-09	3.157421e+01	1.721018e+02
4.390000e-06	5.802168e-06	1.526544e-09	3.138501e+01	1.717014e+02
4.400000e-06	5.766660e-06	1.513995e-09	3.119294e+01	1.712929e+02
4.410000e-06	5.730745e-06	1.510612e-09	3.099867e+01	1.708761e+02
4.420000e-06	5.694692e-06	1.520257e-09	3.080365e+01	1.704507e+02
4.430000e-06	5.658451e-06	1.513097e-09	3.060762e+01	1.700163e+02
4.440000e-06	5.621872e-06	1.502225e-09	3.040975e+01	1.695726e+02
4.450000e-06	5.584784e-06	1.505677e-09	3.020914e+01	1.691192e+02
4.460000e-06	5.547158e-06	1.506272e-09	3.000561e+01	1.686556e+02
4.470000e-06	5.508796e-06	1.499146e-09	2.979811e+01	1.681816e+02
4.480000e-06	5.469799e-06	1.494831e-09	2.958716e+01	1.676967e+02
4.490000e-06	5.430360e-06	1.492063e-09	2.937383e+01	1.672006e+02
4.500000e-06	5.390455e-06	1.487117e-09	2.915798e+01	1.666929e+02
4.510000e-06	5.350238e-06	1.482335e-09	2.894043e+01	1.661734e+02
4.520000e-06	5.309846e-06	1.480323e-09	2.872194e+01	1.656417e+02
4.530000e-06	5.269204e-06	1.477946e-09	2.850211e+01	1.650978e+02
4.540000e-06	5.228307e-06	1.472620e-09	2.828089e+01	1.645413e+02
4.550000e-06	5.187052e-06	1.468778e-09	2.805773e+01	1.639723e+02
4.560000e-06	5.145324e-06	1.467897e-09	2.783202e+01	1.633908e+02
4.570000e-06	5.103208e-06	1.462925e-09	2.760420e+01	1.627968e+02
4.580000e-06	5.060788e-06	1.454264e-09	2.737475e+01	1.621904e+02
4.590000e-06	5.017993e-06	1.447182e-09	2.714326e+01	1.615718e+02
4.600000e-06	4.974738e-06	1.442599e-09	2.690928e+01	1.609413e+02
4.610000e-06	4.931108e-06	1.438536e-09	2.667328e+01	1.602993e+02
4.620000e-06	4.887212e-06	1.433884e-09	2.643584e+01	1.596461e+02
4.630000e-06	4.843150e-06	1.429826e-09	2.619750e+01	1.589821e+02
4.640000e-06	4.798932e-06	1.426244e-09	2.595832e+01	1.583080e+02
4.650000e-06	4.754364e-06	1.421114e-09	2.571724e+01	1.576241e+02
4.660000e-06	4.709407e-06	1.413800e-09	2.547406e+01	1.569310e+02
4.670000e-06	4.664156e-06	1.405217e-09	2.522929e+01	1.562293e+02
4.680000e-06	4.618604e-06	1.397152e-09	2.498289e+01	1.555195e+02
4.690000e-06	4.572762e-06	1.391007e-09	2.473492e+01	1.548022e+02
4.700000e-06	4.526467e-06	1.386767e-09	2.448450e+01	1.540778e+02
4.710000e-06	4.479785e-06	1.382714e-09	2.423199e+01	1.533467e+02
4.720000e-06	4.432897e-06	1.376578e-09	2.397837e+01	1.526094e+02
4.730000e-06	4.385725e-06	1.368451e-09	2.372321e+01	1.518662e+02
4.740000e-06	4.338209e-06	1.359748e-09	2.346618e+01	1.511173e+02
4.750000e-06	4.290379e-06	1.353431e-09	2.320746e+01	1.503628e+02
4.760000e-06	4.242368e-06	1.348598e-09	2.294776e+01	1.496028e+02
4.770000e-06	4.194043e-06	1.341838e-09	2.268636e+01	1.488372e+02
4.780000e-06	4.145255e-06	1.336126e-09	2.242246e+01	1.480658e+02
4.790000e-06	4.096023e-06	1.333550e-09	2.215615e+01	1.472884e+02
4.800000e-06	4.046311e-06	1.328694e-09	2.188725e+01	1.465045e+02
4.810000e-06	3.996265e-06	1.320032e-09	2.161654e+01	1.457136e+02
4.820000e-06	3.945983e-06	1.311243e-09	2.134456e+01	1.449152e+02
4.830000e-06	3.895461e-06	1.303390e-09	2.107127e+01	1.441085e+02
4.840000e-06	3.844686e-06	1.296582e-09	2.079662e+01	1.432926e+02
4.850000e-06	3.793576e-06	1.289616e-09	2.052016e+01	1.424668e+02
4.860000e-06	3.742064e-06	1.281374e-09	2.024152e+01	1.416301e+02
4.870000e-06	3.690248e-06	1.274260e-09	1.996124e+01	1.407815e+02
4.880000e-06	3.638122e-06	1.267794e-09	1.967928e+01	1.399201e+02
4.890000e-06	3.585686e-06	1.260528e-09	1.939564e+01	1.390446e+02
4.900000e-06	3.533056e-06	1.253120e-09	1.911096e+01	1.381543e+02
4.910000e-06	3.480273e-06	1.245780e-09	1.882545e+01	1.372479e+02
4.920000e-06	3.427230e-06	1.238045e-09	1.853853e+01	1.363247e+02
4.930000e-06	3.373784e-06	1.229665e-09	1.824943e+01	1.353836e+02
4.940000e-06	3.320039e-06	1.221491e-09	1.795871e+01	1.344238e+02
4.950000e-06	3.265995e-06	1.214031e-09	1.766637e+01	1.334447e+02
4.960000e-06	3.211438e-06	1.205701e-09	1.737127e+01	1.324454e+02
4.970000e-06	3.156419e-06	1.196883e-09	1.707366e+01	1.314256e+02
4.980000e-06	3.101154e-06	1.188443e-09	1.677472e+01	1.303847e+02
4.990000e-06	3.045704e-06	1.179380e-09	1.647478e+01	1.293225e+02
5.000000e-06	2.989982e-06	1.169632e-09	1.617337e+01	1.282388e+02
5.010000e-06	2.933936e-06	1.158643e-09	1.587021e+01	1.271336e+02
5.020000e-06	2.877731e-06	1.147664e-09	1.556619e+01	1.260070e+02
5.030000e-06	2.821529e-06	1.138315e-09	1.526218e+01	1.248591e+02
5.040000e-06	2.765129e-06	1.130067e-09	1.495710e+01	1.236904e+02
5.050000e-06	2.708523e-06	1.121236e-09	1.465091e+01	1.225011e+02
5.060000e-06	2.651832e-06	1.112039e-09	1.434425e+01	1.212919e+02
5.070000e-06	2.595069e-06	1.101880e-09	1.403721e+01	1.200634e+02
5.080000e-06	2.538139e-06	1.090128e-09	1.372927e+01	1.188161e+02
5.090000e-06	2.480888e-06	1.078124e-09	1.341958e+01	1.175507e+02
5.100000e-06	2.423422e-06	1.066188e-09	1.310874e+01	1.162679e+02
5.110000e-06	2.365814e-06	1.053554e-09	1.279713e+01	1.149683e+02
5.120000e-06	2.308081e-06	1.041814e-09	1.248484e+01	1.136527e+02
5.130000e-06	2.250183e-06	1.031251e-09	1.217166e+01	1.123215e+02
5.140000e-06	2.192096e-06	1.020287e-09	1.185746e+01	1.109752e+02
5.150000e-06	2.133829e-06	1.007750e-09	1.154228e+01	1.096142e+02
5.160000e-06	2.075370e-06	9.939932e-10	1.122606e+01	1.082389e+02
5.170000e-06	2.016739e-06	9.806743e-10	1.090892e+01	1.068492e+02
5.180000e-06	1.958032e-06	9.680904e-10	1.059136e+01	1.054451e+02
5.190000e-06	1.899183e-06	9.552471e-10	1.027304e+01	1.040264e+02
5.200000e-06	1.840079e-06	9.416525e-10	9.953331e+00	1.025926e+02
5.210000e-06	1.780868e-06	9.272647e-10	9.633049e+00	1.011433e+02
5.220000e-06	1.721651e-06	9.120932e-10	9.312731e+00	9.967739e+01
5.230000e-06	1.662401e-06	8.982110e-10	8.992236e+00	9.819402e+01
5.240000e-06	1.603096e-06	8.850853e-10	8.671443e+00	9.669195e+01
5.250000e-06	1.543712e-06	8.706300e-10	8.350224e+00	9.516973e+01
5.260000e-06	1.484192e-06	8.557887e-10	8.028269e+00	9.362580e+01
5.270000e-06	1.424506e-06	8.416656e-10	7.705419e+00	9.205837e+01
5.280000e-06	1.364685e-06	8.268851e-10	7.381838e+00	9.046554e+01
5.290000e-06	1.304801e-06	8.109655e-10	7.057910e+00	8.884526e+01
5.300000e-06	1.244801e-06	7.939199e-10	6.733358e+00	8.719539e+01
5.310000e-06	1.184662e-06	7.772051e-10	6.408056e+00	8.551371e+01
5.320000e-06	1.124492e-06	7.619850e-10	6.082586e+00	8.379794e+01
5.330000e-06	1.064270e-06	7.468782e-10	5.756833e+00	8.204579e+01
5.340000e-06	1.004030e-06	7.315001e-10	5.430984e+00	8.025498e+01
5.350000e-06	9.438552e-07	7.154532e-10	5.105489e+00	7.842331e+01
5.360000e-06	8.836875e-07	6.976751e-10	4.780030e+00	7.654861e+01
5.370000e-06	8.234436e-07	6.791215e-10	4.454160e+00	7.462888e+01
5.380000e-06	7.631054e-07	6.605731e-10	4.127779e+00	7.266223e+01
5.390000e-06	7.027489e-07	6.417463e-10	3.801300e+00	7.064696e+01
5.400000e-06	6.423844e-07	6.218666e-10	3.474777e+00	6.858160e+01
5.410000e-06	5.819666e-07	6.014143e-10	3.147966e+00	6.646490e+01
5.420000e-06	5.215108e-07	5.821341e-10	2.820949e+00	6.429587e+01
5.430000e-06	4.609976e-07	5.627403e-10	2.493622e+00	6.207382e+01
5.440000e-06	4.004315e-07	5.424688e-10	2.166009e+00	5.979835e+01
5.450000e-06	3.398211e-07	5.209774e-10	1.838155e+00	5.746940e+01
5.460000e-06	2.791509e-07	4.982416e-10	1.509979e+00	5.508721e+01
5.470000e-06	2.185271e-07	4.758927e-10	1.182054e+00	5.265238e+01
5.480000e-06	1.579232e-07	4.542673e-10	8.542361e-01	5.016584e+01
5.490000e-06	9.732722e-08	4.318633e-10	5.264611e-01	4.762886e+01
5.500000e-06	3.676281e-08	4.087306e-10	1.988569e-01	4.504304e+01
5.510000e-06	-2.383440e-08	3.848357e-10	-1.289247e-01	4.241030e+01
5.520000e-06	-8.446592e-08	3.603859e-10	-4.568919e-01	3.973287e+01
5.530000e-06	-1.451111e-07	3.371401e-10	-7.849330e-01	3.701328e+01
5.540000e-06	-2.057517e-07	3.136378e-10	-1.112949e+00	3.425433e+01
5.550000e-06	-2.663539e-07	2.897321e-10	-1.440758e+00	3.145904e+01
5.560000e-06	-3.269788e-07	2.660913e-10	-1.768689e+00	2.863069e+01
5.570000e-06	-3.876366e-07	2.414206e-10	-2.096799e+00	2.577272e+01
5.580000e-06	-4.481720e-07	2.157185e-10	-2.424246e+00	2.288875e+01
5.590000e-06	-5.086613e-07	1.890117e-10	-2.751444e+00	1.998253e+01
5.600000e-06	-5.692083e-07	1.629079e-10	-3.078954e+00	1.705789e+01
5.610000e-06	-6.296631e-07	1.380628e-10	-3.405965e+00	1.411874e+01
5.620000e-06	-6.900210e-07	1.136877e-10	-3.732452e+00	1.116900e+01
5.630000e-06	-7.503525e-07	8.924094e-11	-4.058797e+00	8.212615e+00
5.640000e-06	-8.106315e-07	6.322056e-11	-4.384857e+00	5.253473e+00
5.650000e-06	-8.709583e-07	3.608451e-11	-4.711176e+00	2.295401e+00
5.660000e-06	-9.312655e-07	9.362483e-12	-5.037388e+00	-6.578663e-01
5.670000e-06	-9.914505e-07	-1.639630e-11	-5.362941e+00	-3.602720e+00
5.680000e-06	-1.051630e-06	-4.105385e-11	-5.688463e+00	-6.535696e+00
5.690000e-06	-1.111775e-06	-6.539684e-11	-6.013796e+00	-9.453501e+00
5.700000e-06	-1.171852e-06	-9.114510e-11	-6.338768e+00	-1.235303e+01
5.710000e-06	-1.231906e-06	-1.173024e-10	-6.663609e+00	-1.523139e+01
5.720000e-06	-1.291916e-06	-1.419718e-10	-6.988216e+00	-1.808589e+01
5.730000e-06	-1.351804e-06	-1.658246e-10	-7.312159e+00	-2.091409e+01
5.740000e-06	-1.411594e-06	-1.895478e-10	-7.635573e+00	-2.371378e+01
5.750000e-06	-1.471332e-06	-2.136330e-10	-7.958711e+00	-2.648299e+01
5.760000e-06	-1.530955e-06	-2.389853e-10	-8.281221e+00	-2.921999e+01
5.770000e-06	-1.590467e-06	-2.642452e-10	-8.603130e+00	-3.192331e+01
5.780000e-06	-1.649811e-06	-2.890676e-10	-8.924135e+00	-3.459170e+01
5.790000e-06	-1.708929e-06	-3.144334e-10	-9.243916e+00	-3.722416e+01
5.800000e-06	-1.767961e-06	-3.398477e-10	-9.563233e+00	-3.981989e+01
5.810000e-06	-1.826966e-06	-3.634529e-10	-9.882400e+00	-4.237833e+01
5.820000e-06	-1.885849e-06	-3.854669e-10	-1.020091e+01	-4.489912e+01
5.830000e-06	-1.944634e-06	-4.085325e-10	-1.051889e+01	-4.738206e+01
5.840000e-06	-2.003295e-06	-4.335185e-10	-1.083620e+01	-4.982715e+01
5.850000e-06	-2.061811e-06	-4.582304e-10	-1.115272e+01	-5.223454e+01
5.860000e-06	-2.120200e-06	-4.800127e-10	-1.146855e+01	-5.460452e+01
5.870000e-06	-2.178433e-06	-4.996599e-10	-1.178355e+01	-5.693750e+01
5.880000e-06	-2.236532e-06	-5.199597e-10	-1.209782e+01	-5.923401e+01
5.890000e-06	-2.294421e-06	-5.413400e-10	-1.241095e+01	-6.149465e+01
5.900000e-06	-2.352085e-06	-5.629789e-10	-1.272286e+01	-6.372010e+01
5.910000e-06	-2.409494e-06	-5.851256e-10	-1.303340e+01	-6.591112e+01
5.920000e-06	-2.466714e-06	-6.065287e-10	-1.334291e+01	-6.806848e+01
5.930000e-06	-2.523848e-06	-6.272333e-10	-1.365196e+01	-7.019299e+01
5.940000e-06	-2.580707e-06	-6.478652e-10	-1.395953e+01	-7.228549e+01
5.950000e-06	-2.637345e-06	-6.681153e-10	-1.426589e+01	-7.434680e+01
5.960000e-06	-2.693899e-06	-6.875259e-10	-1.457180e+01	-7.637774e+01
5.970000e-06	-2.750273e-06	-7.062694e-10	-1.487674e+01	-7.837911e+01
5.980000e-06	-2.806465e-06	-7.253018e-10	-1.518069e+01	-8.035170e+01
5.990000e-06	-2.862565e-06	-7.443746e-10	-1.548415e+01	-8.229624e+01
6.000000e-06	-2.918581e-06	-7.617580e-10	-1.578715e+01	-8.421345e+01
6.010000e-06	-2.974411e-06	-7.775044e-10	-1.608915e+01	-8.610397e+01
6.020000e-06	-3.029956e-06	-7.931274e-10	-1.638960e+01	-8.796843e+01
6.030000e-06	-3.085268e-06	-8.090946e-10	-1.668879e+01	-8.980739e+01
6.040000e-06	-3.140220e-06	-8.262450e-10	-1.698604e+01	-9.162136e+01
6.050000e-06	-3.194653e-06	-8.437021e-10	-1.728047e+01	-9.341081e+01
6.060000e-06	-3.248820e-06	-8.606226e-10	-1.757347e+01	-9.517615e+01
6.070000e-06	-3.302724e-06	-8.763788e-10	-1.786505e+01	-9.691774e+01
6.080000e-06	-3.356213e-06	-8.914393e-10	-1.815438e+01	-9.863591e+01
6.090000e-06	-3.409541e-06	-9.075700e-10	-1.844284e+01	-1.003309e+02
6.100000e-06	-3.462629e-06	-9.238748e-10	-1.873000e+01	-1.020030e+02
6.110000e-06	-3.515218e-06	-9.390224e-10	-1.901447e+01	-1.036524e+02
6.120000e-06	-3.567523e-06	-9.534874e-10	-1.929740e+01	-1.052792e+02
6.130000e-06	-3.619622e-06	-9.683671e-10	-1.957921e+01	-1.068837e+02
6.140000e-06	-3.671424e-06	-9.828893e-10	-1.985941e+01	-1.084658e+02
6.150000e-06	-3.722936e-06	-9.976025e-10	-2.013805e+01	-1.100257e+02
6.160000e-06	-3.774167e-06	-1.012808e-09	-2.041517e+01	-1.115634e+02
6.170000e-06	-3.825129e-06	-1.027596e-09	-2.069084e+01	-1.130791e+02
6.180000e-06	-3.875897e-06	-1.041470e-09	-2.096545e+01	-1.145727e+02
6.190000e-06	-3.926480e-06	-1.054267e-09	-2.123906e+01	-1.160443e+02
6.200000e-06	-3.976697e-06	-1.066833e-09	-2.151070e+01	-1.174939e+02
6.210000e-06	-4.026384e-06	-1.079114e-09	-2.177946e+01	-1.189217e+02
6.220000e-06	-4.075597e-06	-1.091429e-09	-2.204566e+01	-1.203275e+02
6.230000e-06	-4.124444e-06	-1.103943e-09	-2.230988e+01	-1.217115e+02
6.240000e-06	-4.172957e-06	-1.115643e-09	-2.257230e+01	-1.230737e+02
6.250000e-06	-4.221078e-06	-1.127263e-09	-2.283259e+01	-1.244141e+02
6.260000e-06	-4.268952e-06	-1.140159e-09	-2.309156e+01	-1.257329e+02
6.270000e-06	-4.316555e-06	-1.152422e-09	-2.334905e+01	-1.270301e+02
6.280000e-06	-4.363694e-06	-1.163200e-09	-2.360404e+01	-1.283057e+02
6.290000e-06	-4.410519e-06	-1.174579e-09	-2.385732e+01	-1.295599e+02
6.300000e-06	-4.457065e-06	-1.186004e-09	-2.410909e+01	-1.307928e+02
6.310000e-06	-4.503438e-06	-1.196667e-09	-2.435993e+01	-1.320045e+02
6.320000e-06	-4.549601e-06	-1.207442e-09	-2.460964e+01	-1.331951e+02
6.330000e-06	-4.595454e-06	-1.218710e-09	-2.485767e+01	-1.343648e+02
6.340000e-06	-4.640901e-06	-1.230102e-09	-2.510350e+01	-1.355137e+02
6.350000e-06	-4.685888e-06	-1.241423e-09	-2.534684e+01	-1.366419e+02
6.360000e-06	-4.730668e-06	-1.251429e-09	-2.558906e+01	-1.377497e+02
6.370000e-06	-4.775226e-06	-1.259347e-09	-2.583009e+01	-1.388372e+02
6.380000e-06	-4.819521e-06	-1.267912e-09	-2.606969e+01	-1.399045e+02
6.390000e-06	-4.863574e-06	-1.277590e-09	-2.630798e+01	-1.409520e+02
6.400000e-06	-4.907330e-06	-1.286167e-09	-2.654466e+01	-1.419797e+02
6.410000e-06	-4.950802e-06	-1.293285e-09	-2.677981e+01	-1.429880e+02
6.420000e-06	-4.993928e-06	-1.301738e-09	-2.701309e+01	-1.439769e+02
6.430000e-06	-5.036706e-06	-1.311933e-09	-2.724448e+01	-1.449468e+02
6.440000e-06	-5.079099e-06	-1.321523e-09	-2.747380e+01	-1.458978e+02
6.450000e-06	-5.121084e-06	-1.330147e-09	-2.770090e+01	-1.468302e+02
6.460000e-06	-5.162664e-06	-1.338640e-09	-2.792581e+01	-1.477443e+02
6.470000e-06	-5.203971e-06	-1.347288e-09	-2.814925e+01	-1.486402e+02
6.480000e-06	-5.244956e-06	-1.355332e-09	-2.837095e+01	-1.495183e+02
6.490000e-06	-5.285523e-06	-1.362811e-09	-2.859038e+01	-1.503787e+02
6.500000e-06	-5.325821e-06	-1.370471e-09	-2.880836e+01	-1.512218e+02
6.510000e-06	-5.365875e-06	-1.377760e-09	-2.902502e+01	-1.520478e+02
6.520000e-06	-5.405637e-06	-1.385217e-09	-2.924010e+01	-1.528571e+02
6.530000e-06	-5.444929e-06	-1.393046e-09	-2.945264e+01	-1.536498e+02
6.540000e-06	-5.483729e-06	-1.400136e-09	-2.966251e+01	-1.544264e+02
6.550000e-06	-5.522094e-06	-1.407015e-09	-2.987004e+01	-1.551871e+02
6.560000e-06	-5.559882e-06	-1.414365e-09	-3.007444e+01	-1.559322e+02
6.570000e-06	-5.596986e-06	-1.420421e-09	-3.027514e+01	-1.566620e+02
6.580000e-06	-5.633647e-06	-1.424715e-09	-3.047345e+01	-1.573770e+02
6.590000e-06	-5.669968e-06	-1.430199e-09	-3.066991e+01	-1.580774e+02
6.600000e-06	-5.705946e-06	-1.437173e-09	-3.086453e+01	-1.587636e+02
6.610000e-06	-5.741710e-06	-1.443796e-09	-3.105798e+01	-1.594360e+02
6.620000e-06	-5.777146e-06	-1.449765e-09	-3.124966e+01	-1.600950e+02
6.630000e-06	-5.812123e-06	-1.455667e-09	-3.143886e+01	-1.607408e+02
6.640000e-06	-5.846632e-06	-1.460635e-09	-3.162552e+01	-1.613740e+02
6.650000e-06	-5.880709e-06	-1.464935e-09	-3.180985e+01	-1.619949e+02
6.660000e-06	-5.914398e-06	-1.469574e-09	-3.199208e+01	-1.626039e+02
6.670000e-06	-5.947779e-06	-1.474450e-09	-3.217264e+01	-1.632013e+02
6.680000e-06	-5.980716e-06	-1.478590e-09	-3.235081e+01	-1.637877e+02
6.690000e-06	-6.013228e-06	-1.481695e-09	-3.252667e+01	-1.643634e+02
6.700000e-06	-6.045427e-06	-1.485870e-09	-3.270084e+01	-1.649287e+02
6.710000e-06	-6.077270e-06	-1.491290e-09	-3.287309e+01	-1.654841e+02
6.720000e-06	-6.108756e-06	-1.496162e-09	-3.304340e+01	-1.660300e+02
6.730000e-06	-6.139684e-06	-1.500073e-09	-3.321070e+01	-1.665667e+02
6.740000e-06	-6.169801e-06	-1.503153e-09	-3.337360e+01	-1.670946e+02
6.750000e-06	-6.199168e-06	-1.506126e-09	-3.353246e+01	-1.676139e+02
6.760000e-06	-6.228003e-06	-1.510153e-09	-3.368843e+01	-1.681251e+02
6.770000e-06	-6.256462e-06	-1.513649e-09	-3.384237e+01	-1.686285e+02
6.780000e-06	-6.284606e-06	-1.515868e-09	-3.399460e+01	-1.691242e+02
6.790000e-06	-6.312409e-06	-1.518630e-09	-3.414499e+01	-1.696127e+02
6.800000e-06	-6.339955e-06	-1.521912e-09	-3.429400e+01	-1.700940e+02
6.810000e-06	-6.367125e-06	-1.525194e-09	-3.444096e+01	-1.705684e+02
6.820000e-06	-6.393716e-06	-1.527904e-09	-3.458480e+01	-1.710361e+02
6.830000e-06	-6.419860e-06	-1.531072e-09	-3.472622e+01	-1.714973e+02
6.840000e-06	-6.445477e-06	-1.535128e-09	-3.486479e+01	-1.719520e+02
6.850000e-06	-6.470516e-06	-1.537161e-09	-3.500022e+01	-1.724004e+02
6.860000e-06	-6.495125e-06	-1.537867e-09	-3.513334e+01	-1.728425e+02
6.870000e-06	-6.519415e-06	-1.539367e-09	-3.526473e+01	-1.732783e+02
6.880000e-06	-6.543497e-06	-1.542278e-09	-3.539499e+01	-1.737080e+02
6.890000e-06	-6.567278e-06	-1.547217e-09	-3.552363e+01	-1.741314e+02
6.900000e-06	-6.590501e-06	-1.551264e-09	-3.564925e+01	-1.745485e+02
6.910000e-06	-6.612933e-06	-1.552629e-09	-3.577059e+01	-1.749594e+02
6.920000e-06	-6.634654e-06	-1.553783e-09	-3.588808e+01	-1.753639e+02
6.930000e-06	-6.655664e-06	-1.556296e-09	-3.600173e+01	-1.757620e+02
6.940000e-06	-6.676054e-06	-1.558882e-09	-3.611202e+01	-1.761536e+02
6.950000e-06	-6.696112e-06	-1.560990e-09	-3.622052e+01	-1.765385e+02
6.960000e-06	-6.716047e-06	-1.563493e-09	-3.632835e+01	-1.769168e+02
6.970000e-06	-6.735635e-06	-1.566305e-09	-3.643431e+01	-1.772882e+02
6.980000e-06	-6.754630e-06	-1.569210e-09	-3.653705e+01	-1.776527e+02
6.990000e-06	-6.773193e-06	-1.571204e-09	-3.663746e+01	-1.780102e+02
7.000000e-06	-6.791346e-06	-1.572691e-09	-3.673565e+01	-1.783606e+02
7.010000e-06	-6.809050e-06	-1.575254e-09	-3.683142e+01	-1.787038e+02
7.020000e-06	-6.826288e-06	-1.577365e-09	-3.692466e+01	-1.790397e+02
7.030000e-06	-6.843114e-06	-1.578263e-09	-3.701568e+01	-1.793682e+02
7.040000e-06	-6.859492e-06	-1.579344e-09	-3.710427e+01	-1.796894e+02
7.050000e-06	-6.875455e-06	-1.580269e-09	-3.719062e+01	-1.800030e+02
7.060000e-06	-6.891028e-06	-1.581097e-09	-3.727486e+01	-1.803092e+02
7.070000e-06	-6.905959e-06	-1.583998e-09	-3.735562e+01	-1.806078e+02
7.080000e-06	-6.920119e-06	-1.587840e-09	-3.743221e+01	-1.808989e+02
7.090000e-06	-6.933374e-06	-1.590949e-09	-3.750391e+01	-1.811824e+02
7.100000e-06	-6.945873e-06	-1.593705e-09	-3.757152e+01	-1.814582e+02
7.110000e-06	-6.957949e-06	-1.595174e-09	-3.763685e+01	-1.817264e+02
7.120000e-06	-6.969588e-06	-1.595314e-09	-3.769980e+01	-1.819870e+02
7.130000e-06	-6.980775e-06	-1.595586e-09	-3.776031e+01	-1.822400e+02
7.140000e-06	-6.991510e-06	-1.596361e-09	-3.781838e+01	-1.824852e+02
7.150000e-06	-7.001787e-06	-1.596836e-09	-3.787397e+01	-1.827227e+02
7.160000e-06	-7.011626e-06	-1.597756e-09	-3.792719e+01	-1.829525e+02
7.170000e-06	-7.021041e-06	-1.600142e-09	-3.797812e+01	-1.831744e+02
7.180000e-06	-7.029920e-06	-1.602375e-09	-3.802615e+01	-1.833884e+02
7.190000e-06	-7.038357e-06	-1.603326e-09	-3.807178e+01	-1.835944e+02
7.200000e-06	-7.046565e-06	-1.603921e-09	-3.811618e+01	-1.837923e+02
7.210000e-06	-7.054322e-06	-1.604169e-09	-3.815814e+01	-1.839819e+02
7.220000e-06	-7.061436e-06	-1.603821e-09	-3.819662e+01	-1.841630e+02
7.230000e-06	-7.067788e-06	-1.603282e-09	-3.823098e+01	-1.843356e+02
7.240000e-06	-7.073313e-06	-1.603131e-09	-3.826087e+01	-1.844993e+02
7.250000e-06	-7.078158e-06	-1.603790e-09	-3.828708e+01	-1.846539e+02
7.260000e-06	-7.082592e-06	-1.604688e-09	-3.831106e+01	-1.847993e+02
7.270000e-06	-7.086735e-06	-1.604639e-09	-3.833347e+01	-1.849351e+02
7.280000e-06	-7.090555e-06	-1.605064e-09	-3.835413e+01	-1.850611e+02
7.290000e-06	-7.093879e-06	-1.606233e-09	-3.837211e+01	-1.851770e+02
7.300000e-06	-7.096665e-06	-1.606554e-09	-3.838718e+01	-1.852825e+02
7.310000e-06	-7.099038e-06	-1.605956e-09	-3.840002e+01	-1.853773e+02
7.320000e-06	-7.100883e-06	-1.604145e-09	-3.841000e+01	-1.854612e+02
7.330000e-06	-7.102136e-06	-1.603616e-09	-3.841677e+01	-1.855338e+02
7.340000e-06	-7.102926e-06	-1.604379e-09	-3.842105e+01	-1.855951e+02
