# Temperatura_=_20.0
# Concentracion g/m^3_=_7400.0
# C_Vs_to_Am_M_A/Vsm_=_116720831517.84952
# pendiente_HvsI_1/m_=_3716.3
# ordenada_HvsI_A/m_=_1297.0
# frecuencia_Hz_=_136112.6855351042

Tiempo_(s)	Campo_(V.s)	Magnetizacion_(V.s)	Campo_(kA/m)	Magnetizacion_(A/m)
0.000000e+00	-7.091528e-06	-1.404062e-09	-3.842050e+01	-1.622228e+02
1.000000e-08	-7.091635e-06	-1.404071e-09	-3.842108e+01	-1.622213e+02
2.000000e-08	-7.091352e-06	-1.404244e-09	-3.841955e+01	-1.622113e+02
3.000000e-08	-7.090624e-06	-1.402912e-09	-3.841561e+01	-1.621929e+02
4.000000e-08	-7.089110e-06	-1.400384e-09	-3.840740e+01	-1.621662e+02
5.000000e-08	-7.086692e-06	-1.398961e-09	-3.839430e+01	-1.621312e+02
6.000000e-08	-7.083659e-06	-1.398724e-09	-3.837787e+01	-1.620881e+02
7.000000e-08	-7.080236e-06	-1.398637e-09	-3.835933e+01	-1.620370e+02
8.000000e-08	-7.076435e-06	-1.399152e-09	-3.833873e+01	-1.619781e+02
9.000000e-08	-7.072046e-06	-1.399919e-09	-3.831495e+01	-1.619116e+02
1.000000e-07	-7.066991e-06	-1.388366e-09	-3.828757e+01	-1.618377e+02
1.100000e-07	-7.061386e-06	-1.367824e-09	-3.825720e+01	-1.617568e+02
1.200000e-07	-7.055532e-06	-1.391414e-09	-3.822548e+01	-1.616691e+02
1.300000e-07	-7.049377e-06	-1.430969e-09	-3.819214e+01	-1.615749e+02
1.400000e-07	-7.042539e-06	-1.407986e-09	-3.815509e+01	-1.614746e+02
1.500000e-07	-7.035174e-06	-1.349425e-09	-3.811519e+01	-1.613685e+02
1.600000e-07	-7.027606e-06	-1.368777e-09	-3.807419e+01	-1.612571e+02
1.700000e-07	-7.019717e-06	-1.435951e-09	-3.803145e+01	-1.611407e+02
1.800000e-07	-7.011143e-06	-1.394572e-09	-3.798499e+01	-1.610198e+02
1.900000e-07	-7.001886e-06	-1.311855e-09	-3.793484e+01	-1.608946e+02
2.000000e-07	-6.992107e-06	-1.359185e-09	-3.788186e+01	-1.607658e+02
2.100000e-07	-6.981921e-06	-1.452987e-09	-3.782667e+01	-1.606336e+02
2.200000e-07	-6.971066e-06	-1.394923e-09	-3.776787e+01	-1.604985e+02
2.300000e-07	-6.959321e-06	-1.302125e-09	-3.770423e+01	-1.603608e+02
2.400000e-07	-6.946981e-06	-1.355776e-09	-3.763737e+01	-1.602209e+02
2.500000e-07	-6.934197e-06	-1.421965e-09	-3.756811e+01	-1.600792e+02
2.600000e-07	-6.920946e-06	-1.357204e-09	-3.749632e+01	-1.599359e+02
2.700000e-07	-6.907024e-06	-1.317612e-09	-3.742090e+01	-1.597912e+02
2.800000e-07	-6.892378e-06	-1.384899e-09	-3.734155e+01	-1.596455e+02
2.900000e-07	-6.876894e-06	-1.389763e-09	-3.725766e+01	-1.594989e+02
3.000000e-07	-6.860636e-06	-1.326898e-09	-3.716958e+01	-1.593516e+02
3.100000e-07	-6.844011e-06	-1.345954e-09	-3.707951e+01	-1.592035e+02
3.200000e-07	-6.827121e-06	-1.385204e-09	-3.698800e+01	-1.590549e+02
3.300000e-07	-6.809828e-06	-1.327625e-09	-3.689431e+01	-1.589056e+02
3.400000e-07	-6.792068e-06	-1.312438e-09	-3.679809e+01	-1.587556e+02
3.500000e-07	-6.773763e-06	-1.383488e-09	-3.669892e+01	-1.586049e+02
3.600000e-07	-6.754943e-06	-1.363886e-09	-3.659695e+01	-1.584533e+02
3.700000e-07	-6.735720e-06	-1.287406e-09	-3.649281e+01	-1.583005e+02
3.800000e-07	-6.716152e-06	-1.328299e-09	-3.638679e+01	-1.581464e+02
3.900000e-07	-6.696191e-06	-1.381909e-09	-3.627865e+01	-1.579907e+02
4.000000e-07	-6.675768e-06	-1.320556e-09	-3.616799e+01	-1.578332e+02
4.100000e-07	-6.654940e-06	-1.294804e-09	-3.605515e+01	-1.576735e+02
4.200000e-07	-6.633653e-06	-1.353652e-09	-3.593983e+01	-1.575113e+02
4.300000e-07	-6.611865e-06	-1.340956e-09	-3.582178e+01	-1.573462e+02
4.400000e-07	-6.589647e-06	-1.293198e-09	-3.570141e+01	-1.571780e+02
4.500000e-07	-6.566926e-06	-1.324319e-09	-3.557831e+01	-1.570062e+02
4.600000e-07	-6.543742e-06	-1.339508e-09	-3.545271e+01	-1.568305e+02
4.700000e-07	-6.520242e-06	-1.297571e-09	-3.532539e+01	-1.566505e+02
4.800000e-07	-6.496435e-06	-1.307867e-09	-3.519641e+01	-1.564660e+02
4.900000e-07	-6.472147e-06	-1.337073e-09	-3.506482e+01	-1.562766e+02
5.000000e-07	-6.447171e-06	-1.302663e-09	-3.492950e+01	-1.560819e+02
5.100000e-07	-6.421575e-06	-1.284135e-09	-3.479083e+01	-1.558818e+02
5.200000e-07	-6.395303e-06	-1.313116e-09	-3.464849e+01	-1.556760e+02
5.300000e-07	-6.368344e-06	-1.306130e-09	-3.450243e+01	-1.554642e+02
5.400000e-07	-6.340969e-06	-1.280736e-09	-3.435412e+01	-1.552462e+02
5.500000e-07	-6.313336e-06	-1.293208e-09	-3.420441e+01	-1.550220e+02
5.600000e-07	-6.285330e-06	-1.300460e-09	-3.405268e+01	-1.547912e+02
5.700000e-07	-6.256905e-06	-1.283833e-09	-3.389868e+01	-1.545539e+02
5.800000e-07	-6.228106e-06	-1.282750e-09	-3.374265e+01	-1.543098e+02
5.900000e-07	-6.198804e-06	-1.288514e-09	-3.358390e+01	-1.540590e+02
6.000000e-07	-6.169036e-06	-1.279209e-09	-3.342262e+01	-1.538013e+02
6.100000e-07	-6.138907e-06	-1.273950e-09	-3.325939e+01	-1.535367e+02
6.200000e-07	-6.108159e-06	-1.276770e-09	-3.309280e+01	-1.532652e+02
6.300000e-07	-6.077003e-06	-1.274472e-09	-3.292401e+01	-1.529867e+02
6.400000e-07	-6.045845e-06	-1.269562e-09	-3.275520e+01	-1.527012e+02
6.500000e-07	-6.014478e-06	-1.266546e-09	-3.258526e+01	-1.524087e+02
6.600000e-07	-5.982608e-06	-1.265091e-09	-3.241259e+01	-1.521091e+02
6.700000e-07	-5.950204e-06	-1.263542e-09	-3.223703e+01	-1.518023e+02
6.800000e-07	-5.917284e-06	-1.258191e-09	-3.205868e+01	-1.514884e+02
6.900000e-07	-5.883617e-06	-1.253899e-09	-3.187628e+01	-1.511672e+02
7.000000e-07	-5.849241e-06	-1.251739e-09	-3.169004e+01	-1.508386e+02
7.100000e-07	-5.814439e-06	-1.245222e-09	-3.150149e+01	-1.505026e+02
7.200000e-07	-5.779293e-06	-1.239477e-09	-3.131107e+01	-1.501590e+02
7.300000e-07	-5.743777e-06	-1.240631e-09	-3.111865e+01	-1.498077e+02
7.400000e-07	-5.707966e-06	-1.238477e-09	-3.092464e+01	-1.494485e+02
7.500000e-07	-5.671826e-06	-1.232268e-09	-3.072884e+01	-1.490813e+02
7.600000e-07	-5.635246e-06	-1.230634e-09	-3.053066e+01	-1.487059e+02
7.700000e-07	-5.598117e-06	-1.229515e-09	-3.032950e+01	-1.483221e+02
7.800000e-07	-5.560543e-06	-1.223818e-09	-3.012593e+01	-1.479298e+02
7.900000e-07	-5.522759e-06	-1.218338e-09	-2.992122e+01	-1.475286e+02
8.000000e-07	-5.484503e-06	-1.213494e-09	-2.971396e+01	-1.471185e+02
8.100000e-07	-5.445759e-06	-1.207344e-09	-2.950405e+01	-1.466994e+02
8.200000e-07	-5.406689e-06	-1.203164e-09	-2.929238e+01	-1.462709e+02
8.300000e-07	-5.367279e-06	-1.200217e-09	-2.907886e+01	-1.458331e+02
8.400000e-07	-5.327634e-06	-1.196130e-09	-2.886407e+01	-1.453857e+02
8.500000e-07	-5.287752e-06	-1.191654e-09	-2.864800e+01	-1.449287e+02
8.600000e-07	-5.247513e-06	-1.187739e-09	-2.842999e+01	-1.444622e+02
8.700000e-07	-5.206659e-06	-1.183198e-09	-2.820865e+01	-1.439859e+02
8.800000e-07	-5.165377e-06	-1.177917e-09	-2.798499e+01	-1.435000e+02
8.900000e-07	-5.123821e-06	-1.170227e-09	-2.775986e+01	-1.430046e+02
9.000000e-07	-5.081641e-06	-1.161468e-09	-2.753133e+01	-1.424997e+02
9.100000e-07	-5.038833e-06	-1.155272e-09	-2.729940e+01	-1.419855e+02
9.200000e-07	-4.995610e-06	-1.151146e-09	-2.706523e+01	-1.414621e+02
9.300000e-07	-4.952100e-06	-1.146990e-09	-2.682951e+01	-1.409299e+02
9.400000e-07	-4.908342e-06	-1.142695e-09	-2.659243e+01	-1.403889e+02
9.500000e-07	-4.864288e-06	-1.137540e-09	-2.635376e+01	-1.398396e+02
9.600000e-07	-4.819929e-06	-1.131928e-09	-2.611343e+01	-1.392821e+02
9.700000e-07	-4.775281e-06	-1.126419e-09	-2.587153e+01	-1.387169e+02
9.800000e-07	-4.730358e-06	-1.120588e-09	-2.562815e+01	-1.381441e+02
9.900000e-07	-4.684975e-06	-1.114306e-09	-2.538227e+01	-1.375643e+02
1.000000e-06	-4.639178e-06	-1.108295e-09	-2.513416e+01	-1.369775e+02
1.010000e-06	-4.593270e-06	-1.102949e-09	-2.488543e+01	-1.363842e+02
1.020000e-06	-4.547127e-06	-1.098140e-09	-2.463544e+01	-1.357847e+02
1.030000e-06	-4.500621e-06	-1.092836e-09	-2.438348e+01	-1.351790e+02
1.040000e-06	-4.453815e-06	-1.086962e-09	-2.412989e+01	-1.345674e+02
1.050000e-06	-4.406644e-06	-1.082573e-09	-2.387433e+01	-1.339501e+02
1.060000e-06	-4.359143e-06	-1.078520e-09	-2.361698e+01	-1.333270e+02
1.070000e-06	-4.311288e-06	-1.074174e-09	-2.335771e+01	-1.326983e+02
1.080000e-06	-4.263196e-06	-1.068917e-09	-2.309716e+01	-1.320638e+02
1.090000e-06	-4.214916e-06	-1.061856e-09	-2.283559e+01	-1.314234e+02
1.100000e-06	-4.166255e-06	-1.054951e-09	-2.257195e+01	-1.307768e+02
1.110000e-06	-4.117117e-06	-1.049456e-09	-2.230573e+01	-1.301237e+02
1.120000e-06	-4.067431e-06	-1.044064e-09	-2.203654e+01	-1.294638e+02
1.130000e-06	-4.017207e-06	-1.037801e-09	-2.176444e+01	-1.287966e+02
1.140000e-06	-3.966513e-06	-1.031569e-09	-2.148978e+01	-1.281216e+02
1.150000e-06	-3.915547e-06	-1.026374e-09	-2.121366e+01	-1.274380e+02
1.160000e-06	-3.864289e-06	-1.020918e-09	-2.093596e+01	-1.267454e+02
1.170000e-06	-3.812708e-06	-1.014419e-09	-2.065650e+01	-1.260428e+02
1.180000e-06	-3.760920e-06	-1.007725e-09	-2.037592e+01	-1.253295e+02
1.190000e-06	-3.708835e-06	-1.000703e-09	-2.009374e+01	-1.246048e+02
1.200000e-06	-3.656434e-06	-9.933896e-10	-1.980984e+01	-1.238678e+02
1.210000e-06	-3.603786e-06	-9.870012e-10	-1.952461e+01	-1.231176e+02
1.220000e-06	-3.550939e-06	-9.809313e-10	-1.923829e+01	-1.223534e+02
1.230000e-06	-3.497969e-06	-9.738859e-10	-1.895131e+01	-1.215744e+02
1.240000e-06	-3.444759e-06	-9.660819e-10	-1.866303e+01	-1.207798e+02
1.250000e-06	-3.391210e-06	-9.599625e-10	-1.837291e+01	-1.199687e+02
1.260000e-06	-3.337469e-06	-9.547826e-10	-1.808175e+01	-1.191406e+02
1.270000e-06	-3.283461e-06	-9.473752e-10	-1.778914e+01	-1.182947e+02
1.280000e-06	-3.229119e-06	-9.390287e-10	-1.749473e+01	-1.174305e+02
1.290000e-06	-3.174507e-06	-9.312959e-10	-1.719886e+01	-1.165475e+02
1.300000e-06	-3.119647e-06	-9.237192e-10	-1.690164e+01	-1.156454e+02
1.310000e-06	-3.064593e-06	-9.155559e-10	-1.660336e+01	-1.147239e+02
1.320000e-06	-3.009317e-06	-9.074315e-10	-1.630389e+01	-1.137827e+02
1.330000e-06	-2.953900e-06	-8.989897e-10	-1.600365e+01	-1.128219e+02
1.340000e-06	-2.898381e-06	-8.897590e-10	-1.570286e+01	-1.118414e+02
1.350000e-06	-2.842783e-06	-8.817032e-10	-1.540164e+01	-1.108414e+02
1.360000e-06	-2.787130e-06	-8.748553e-10	-1.510012e+01	-1.098221e+02
1.370000e-06	-2.731388e-06	-8.672263e-10	-1.479812e+01	-1.087839e+02
1.380000e-06	-2.675498e-06	-8.588726e-10	-1.449532e+01	-1.077270e+02
1.390000e-06	-2.619380e-06	-8.502378e-10	-1.419129e+01	-1.066522e+02
1.400000e-06	-2.563099e-06	-8.413010e-10	-1.388637e+01	-1.055597e+02
1.410000e-06	-2.506681e-06	-8.318858e-10	-1.358070e+01	-1.044502e+02
1.420000e-06	-2.450049e-06	-8.219480e-10	-1.327388e+01	-1.033244e+02
1.430000e-06	-2.392994e-06	-8.125920e-10	-1.296477e+01	-1.021827e+02
1.440000e-06	-2.335519e-06	-8.037772e-10	-1.265338e+01	-1.010258e+02
1.450000e-06	-2.277761e-06	-7.946589e-10	-1.234046e+01	-9.985415e+01
1.460000e-06	-2.219767e-06	-7.841855e-10	-1.202626e+01	-9.866837e+01
1.470000e-06	-2.161535e-06	-7.723175e-10	-1.171077e+01	-9.746885e+01
1.480000e-06	-2.103064e-06	-7.609003e-10	-1.139398e+01	-9.625594e+01
1.490000e-06	-2.044447e-06	-7.506738e-10	-1.107641e+01	-9.502987e+01
1.500000e-06	-1.985642e-06	-7.408071e-10	-1.075782e+01	-9.379078e+01
1.510000e-06	-1.926576e-06	-7.304420e-10	-1.043781e+01	-9.253867e+01
1.520000e-06	-1.867359e-06	-7.201742e-10	-1.011699e+01	-9.127338e+01
1.530000e-06	-1.808031e-06	-7.103840e-10	-9.795558e+00	-8.999460e+01
1.540000e-06	-1.748532e-06	-6.997392e-10	-9.473204e+00	-8.870189e+01
1.550000e-06	-1.688970e-06	-6.881564e-10	-9.150505e+00	-8.739460e+01
1.560000e-06	-1.629383e-06	-6.767777e-10	-8.827679e+00	-8.607196e+01
1.570000e-06	-1.569783e-06	-6.661890e-10	-8.504777e+00	-8.473300e+01
1.580000e-06	-1.510169e-06	-6.564543e-10	-8.181799e+00	-8.337661e+01
1.590000e-06	-1.450492e-06	-6.454231e-10	-7.858479e+00	-8.200153e+01
1.600000e-06	-1.390686e-06	-6.326692e-10	-7.534461e+00	-8.060636e+01
1.610000e-06	-1.330857e-06	-6.199986e-10	-7.210319e+00	-7.918955e+01
1.620000e-06	-1.271017e-06	-6.075404e-10	-6.886117e+00	-7.774949e+01
1.630000e-06	-1.211079e-06	-5.955682e-10	-6.561387e+00	-7.628444e+01
1.640000e-06	-1.151039e-06	-5.835203e-10	-6.236105e+00	-7.479260e+01
1.650000e-06	-1.090841e-06	-5.714916e-10	-5.909960e+00	-7.327214e+01
1.660000e-06	-1.030612e-06	-5.595355e-10	-5.583654e+00	-7.172120e+01
1.670000e-06	-9.703910e-07	-5.472036e-10	-5.257388e+00	-7.013792e+01
1.680000e-06	-9.100947e-07	-5.338233e-10	-4.930714e+00	-6.852048e+01
1.690000e-06	-8.496837e-07	-5.188271e-10	-4.603419e+00	-6.686713e+01
1.700000e-06	-7.891712e-07	-5.046167e-10	-4.275574e+00	-6.517618e+01
1.710000e-06	-7.286368e-07	-4.922399e-10	-3.947611e+00	-6.344609e+01
1.720000e-06	-6.680715e-07	-4.798944e-10	-3.619480e+00	-6.167544e+01
1.730000e-06	-6.073703e-07	-4.669810e-10	-3.290613e+00	-5.986297e+01
1.740000e-06	-5.466422e-07	-4.542428e-10	-2.961600e+00	-5.800763e+01
1.750000e-06	-4.859861e-07	-4.401553e-10	-2.632977e+00	-5.610855e+01
1.760000e-06	-4.251950e-07	-4.237303e-10	-2.303623e+00	-5.416512e+01
1.770000e-06	-3.643059e-07	-4.067164e-10	-1.973738e+00	-5.217694e+01
1.780000e-06	-3.035032e-07	-3.899127e-10	-1.644320e+00	-5.014390e+01
1.790000e-06	-2.427470e-07	-3.733179e-10	-1.315156e+00	-4.806613e+01
1.800000e-06	-1.820171e-07	-3.564042e-10	-9.861329e-01	-4.594404e+01
1.810000e-06	-1.212527e-07	-3.392789e-10	-6.569231e-01	-4.377831e+01
1.820000e-06	-6.045818e-08	-3.219138e-10	-3.275505e-01	-4.156992e+01
1.830000e-06	2.614234e-10	-3.029167e-10	1.416341e-03	-3.932009e+01
1.840000e-06	6.102485e-08	-2.833071e-10	3.306206e-01	-3.703032e+01
1.850000e-06	1.218711e-07	-2.650029e-10	6.602738e-01	-3.470236e+01
1.860000e-06	1.826829e-07	-2.469207e-10	9.897403e-01	-3.233819e+01
1.870000e-06	2.435418e-07	-2.279599e-10	1.319461e+00	-2.994004e+01
1.880000e-06	3.044325e-07	-2.086261e-10	1.649356e+00	-2.751032e+01
1.890000e-06	3.651213e-07	-1.892885e-10	1.978155e+00	-2.505163e+01
1.900000e-06	4.257892e-07	-1.693750e-10	2.306842e+00	-2.256674e+01
1.910000e-06	4.865335e-07	-1.480844e-10	2.635943e+00	-2.005855e+01
1.920000e-06	5.472742e-07	-1.275865e-10	2.965024e+00	-1.753006e+01
1.930000e-06	6.080741e-07	-1.090317e-10	3.294426e+00	-1.498436e+01
1.940000e-06	6.687199e-07	-9.034813e-11	3.622993e+00	-1.242461e+01
1.950000e-06	7.291989e-07	-6.990075e-11	3.950656e+00	-9.853980e+00
1.960000e-06	7.897376e-07	-4.778300e-11	4.278643e+00	-7.275651e+00
1.970000e-06	8.501998e-07	-2.510472e-11	4.606215e+00	-4.692778e+00
1.980000e-06	9.105089e-07	-4.454320e-12	4.932958e+00	-2.108465e+00
1.990000e-06	9.707834e-07	1.424454e-11	5.259513e+00	4.742540e-01
2.000000e-06	1.030903e-06	3.409729e-11	5.585227e+00	3.052443e+00
2.010000e-06	1.090987e-06	5.453512e-11	5.910754e+00	5.623281e+00
2.020000e-06	1.151117e-06	7.474590e-11	6.236526e+00	8.184079e+00
2.030000e-06	1.211133e-06	9.497287e-11	6.561679e+00	1.073230e+01
2.040000e-06	1.271011e-06	1.151796e-10	6.886085e+00	1.326556e+01
2.050000e-06	1.330819e-06	1.352738e-10	7.210113e+00	1.578167e+01
2.060000e-06	1.390601e-06	1.550789e-10	7.534001e+00	1.827860e+01
2.070000e-06	1.450334e-06	1.740657e-10	7.857623e+00	2.075451e+01
2.080000e-06	1.509993e-06	1.919230e-10	8.180845e+00	2.320776e+01
2.090000e-06	1.569518e-06	2.096509e-10	8.503340e+00	2.563689e+01
2.100000e-06	1.628955e-06	2.281802e-10	8.825360e+00	2.804063e+01
2.110000e-06	1.688423e-06	2.475827e-10	9.147546e+00	3.041791e+01
2.120000e-06	1.747880e-06	2.667927e-10	9.469670e+00	3.276782e+01
2.130000e-06	1.807270e-06	2.848399e-10	9.791434e+00	3.508961e+01
2.140000e-06	1.866534e-06	3.016859e-10	1.011251e+01	3.738272e+01
2.150000e-06	1.925611e-06	3.175992e-10	1.043258e+01	3.964672e+01
2.160000e-06	1.984673e-06	3.349220e-10	1.075257e+01	4.188131e+01
2.170000e-06	2.043705e-06	3.537511e-10	1.107239e+01	4.408634e+01
2.180000e-06	2.102416e-06	3.709692e-10	1.139047e+01	4.626174e+01
2.190000e-06	2.160834e-06	3.872221e-10	1.170697e+01	4.840755e+01
2.200000e-06	2.218933e-06	4.041829e-10	1.202174e+01	5.052391e+01
2.210000e-06	2.276729e-06	4.215756e-10	1.233487e+01	5.261100e+01
2.220000e-06	2.334140e-06	4.379458e-10	1.264591e+01	5.466906e+01
2.230000e-06	2.391211e-06	4.527533e-10	1.295511e+01	5.669840e+01
2.240000e-06	2.448054e-06	4.682759e-10	1.326308e+01	5.869932e+01
2.250000e-06	2.504582e-06	4.849413e-10	1.356933e+01	6.067217e+01
2.260000e-06	2.560831e-06	5.006932e-10	1.387408e+01	6.261729e+01
2.270000e-06	2.616838e-06	5.148271e-10	1.417751e+01	6.453504e+01
2.280000e-06	2.672777e-06	5.283136e-10	1.448058e+01	6.642575e+01
2.290000e-06	2.728657e-06	5.419889e-10	1.478333e+01	6.828975e+01
2.300000e-06	2.784423e-06	5.559679e-10	1.508545e+01	7.012734e+01
2.310000e-06	2.839978e-06	5.709191e-10	1.538644e+01	7.193882e+01
2.320000e-06	2.895330e-06	5.860753e-10	1.568633e+01	7.372444e+01
2.330000e-06	2.950557e-06	6.016540e-10	1.598554e+01	7.548443e+01
2.340000e-06	3.005675e-06	6.171423e-10	1.628416e+01	7.721899e+01
2.350000e-06	3.060726e-06	6.306682e-10	1.658241e+01	7.892831e+01
2.360000e-06	3.115619e-06	6.421679e-10	1.687981e+01	8.061254e+01
2.370000e-06	3.170210e-06	6.526349e-10	1.717558e+01	8.227180e+01
2.380000e-06	3.224473e-06	6.634901e-10	1.746956e+01	8.390622e+01
2.390000e-06	3.278511e-06	6.763661e-10	1.776232e+01	8.551588e+01
2.400000e-06	3.332315e-06	6.914834e-10	1.805383e+01	8.710088e+01
2.410000e-06	3.385997e-06	7.062516e-10	1.834466e+01	8.866130e+01
2.420000e-06	3.439551e-06	7.195858e-10	1.863481e+01	9.019721e+01
2.430000e-06	3.492812e-06	7.322231e-10	1.892337e+01	9.170869e+01
2.440000e-06	3.545793e-06	7.447524e-10	1.921041e+01	9.319583e+01
2.450000e-06	3.598518e-06	7.568775e-10	1.949606e+01	9.465873e+01
2.460000e-06	3.651010e-06	7.676245e-10	1.978046e+01	9.609749e+01
2.470000e-06	3.703167e-06	7.772908e-10	2.006303e+01	9.751225e+01
2.480000e-06	3.755014e-06	7.872819e-10	2.034393e+01	9.890315e+01
2.490000e-06	3.806581e-06	7.986383e-10	2.062330e+01	1.002704e+02
2.500000e-06	3.857697e-06	8.105916e-10	2.090024e+01	1.016141e+02
2.510000e-06	3.908547e-06	8.216067e-10	2.117574e+01	1.029346e+02
2.520000e-06	3.959055e-06	8.313229e-10	2.144938e+01	1.042320e+02
2.530000e-06	4.008935e-06	8.412748e-10	2.171962e+01	1.055067e+02
2.540000e-06	4.058541e-06	8.523270e-10	2.198837e+01	1.067589e+02
2.550000e-06	4.107943e-06	8.621141e-10	2.225603e+01	1.079889e+02
2.560000e-06	4.156816e-06	8.700902e-10	2.252081e+01	1.091972e+02
2.570000e-06	4.205079e-06	8.776527e-10	2.278229e+01	1.103839e+02
2.580000e-06	4.252986e-06	8.861034e-10	2.304184e+01	1.115496e+02
2.590000e-06	4.300761e-06	8.959326e-10	2.330068e+01	1.126946e+02
2.600000e-06	4.348347e-06	9.059113e-10	2.355849e+01	1.138192e+02
2.610000e-06	4.395666e-06	9.144766e-10	2.381485e+01	1.149238e+02
2.620000e-06	4.442660e-06	9.220397e-10	2.406946e+01	1.160089e+02
2.630000e-06	4.489223e-06	9.305431e-10	2.432172e+01	1.170747e+02
2.640000e-06	4.535522e-06	9.397296e-10	2.457256e+01	1.181218e+02
2.650000e-06	4.581684e-06	9.474380e-10	2.482266e+01	1.191504e+02
2.660000e-06	4.627532e-06	9.532896e-10	2.507106e+01	1.201608e+02
2.670000e-06	4.672998e-06	9.594286e-10	2.531738e+01	1.211535e+02
2.680000e-06	4.718089e-06	9.673810e-10	2.556168e+01	1.221288e+02
2.690000e-06	4.762790e-06	9.764466e-10	2.580386e+01	1.230868e+02
2.700000e-06	4.807109e-06	9.841223e-10	2.604397e+01	1.240279e+02
2.710000e-06	4.851130e-06	9.905328e-10	2.628247e+01	1.249523e+02
2.720000e-06	4.894942e-06	9.979108e-10	2.651983e+01	1.258603e+02
2.730000e-06	4.938588e-06	1.006227e-09	2.675630e+01	1.267520e+02
2.740000e-06	4.982103e-06	1.014576e-09	2.699206e+01	1.276276e+02
2.750000e-06	5.025383e-06	1.021438e-09	2.722653e+01	1.284872e+02
2.760000e-06	5.068248e-06	1.027774e-09	2.745877e+01	1.293309e+02
2.770000e-06	5.110563e-06	1.034575e-09	2.768802e+01	1.301590e+02
2.780000e-06	5.152290e-06	1.041854e-09	2.791409e+01	1.309713e+02
2.790000e-06	5.193495e-06	1.049823e-09	2.813734e+01	1.317681e+02
2.800000e-06	5.234138e-06	1.057145e-09	2.835753e+01	1.325494e+02
2.810000e-06	5.274316e-06	1.063940e-09	2.857521e+01	1.333152e+02
2.820000e-06	5.314168e-06	1.070761e-09	2.879112e+01	1.340656e+02
2.830000e-06	5.353744e-06	1.077906e-09	2.900553e+01	1.348006e+02
2.840000e-06	5.393042e-06	1.084568e-09	2.921844e+01	1.355203e+02
2.850000e-06	5.432042e-06	1.089730e-09	2.942974e+01	1.362248e+02
2.860000e-06	5.470748e-06	1.094081e-09	2.963944e+01	1.369142e+02
2.870000e-06	5.509037e-06	1.099346e-09	2.984688e+01	1.375884e+02
2.880000e-06	5.546836e-06	1.106348e-09	3.005166e+01	1.382478e+02
2.890000e-06	5.584154e-06	1.112933e-09	3.025385e+01	1.388923e+02
2.900000e-06	5.620943e-06	1.118158e-09	3.045316e+01	1.395221e+02
2.910000e-06	5.657308e-06	1.124261e-09	3.065018e+01	1.401375e+02
2.920000e-06	5.693354e-06	1.131329e-09	3.084547e+01	1.407385e+02
2.930000e-06	5.729053e-06	1.138554e-09	3.103888e+01	1.413256e+02
2.940000e-06	5.764572e-06	1.144981e-09	3.123132e+01	1.418989e+02
2.950000e-06	5.799892e-06	1.148634e-09	3.142268e+01	1.424587e+02
2.960000e-06	5.834895e-06	1.151270e-09	3.161231e+01	1.430053e+02
2.970000e-06	5.869532e-06	1.156467e-09	3.179997e+01	1.435392e+02
2.980000e-06	5.903553e-06	1.162789e-09	3.198429e+01	1.440606e+02
2.990000e-06	5.936686e-06	1.167828e-09	3.216379e+01	1.445700e+02
3.000000e-06	5.969116e-06	1.172189e-09	3.233950e+01	1.450678e+02
3.010000e-06	6.001132e-06	1.175969e-09	3.251295e+01	1.455545e+02
3.020000e-06	6.032804e-06	1.179886e-09	3.268455e+01	1.460304e+02
3.030000e-06	6.064223e-06	1.185965e-09	3.285477e+01	1.464961e+02
3.040000e-06	6.095282e-06	1.191728e-09	3.302304e+01	1.469520e+02
3.050000e-06	6.125776e-06	1.195965e-09	3.318825e+01	1.473985e+02
3.060000e-06	6.155915e-06	1.201795e-09	3.335154e+01	1.478363e+02
3.070000e-06	6.185793e-06	1.207633e-09	3.351341e+01	1.482656e+02
3.080000e-06	6.215176e-06	1.210792e-09	3.367260e+01	1.486870e+02
3.090000e-06	6.244117e-06	1.213913e-09	3.382940e+01	1.491009e+02
3.100000e-06	6.272730e-06	1.218676e-09	3.398442e+01	1.495076e+02
3.110000e-06	6.300979e-06	1.223252e-09	3.413746e+01	1.499077e+02
3.120000e-06	6.328837e-06	1.227347e-09	3.428840e+01	1.503014e+02
3.130000e-06	6.356370e-06	1.231052e-09	3.443756e+01	1.506891e+02
3.140000e-06	6.383625e-06	1.234376e-09	3.458522e+01	1.510711e+02
3.150000e-06	6.410366e-06	1.238354e-09	3.473010e+01	1.514477e+02
3.160000e-06	6.436391e-06	1.244129e-09	3.487110e+01	1.518190e+02
3.170000e-06	6.461759e-06	1.250665e-09	3.500854e+01	1.521853e+02
3.180000e-06	6.486314e-06	1.255358e-09	3.514157e+01	1.525467e+02
3.190000e-06	6.510270e-06	1.258135e-09	3.527136e+01	1.529033e+02
3.200000e-06	6.533971e-06	1.259599e-09	3.539977e+01	1.532552e+02
3.210000e-06	6.557336e-06	1.261211e-09	3.552636e+01	1.536025e+02
3.220000e-06	6.580190e-06	1.263926e-09	3.565017e+01	1.539450e+02
3.230000e-06	6.602499e-06	1.267080e-09	3.577104e+01	1.542829e+02
3.240000e-06	6.624411e-06	1.270994e-09	3.588975e+01	1.546159e+02
3.250000e-06	6.645878e-06	1.274575e-09	3.600606e+01	1.549441e+02
3.260000e-06	6.666762e-06	1.278212e-09	3.611921e+01	1.552673e+02
3.270000e-06	6.687097e-06	1.282497e-09	3.622938e+01	1.555852e+02
3.280000e-06	6.707048e-06	1.285541e-09	3.633746e+01	1.558979e+02
3.290000e-06	6.726700e-06	1.287563e-09	3.644393e+01	1.562050e+02
3.300000e-06	6.746126e-06	1.291242e-09	3.654918e+01	1.565064e+02
3.310000e-06	6.765243e-06	1.296118e-09	3.665276e+01	1.568019e+02
3.320000e-06	6.783717e-06	1.300251e-09	3.675284e+01	1.570912e+02
3.330000e-06	6.801483e-06	1.302243e-09	3.684909e+01	1.573742e+02
3.340000e-06	6.818780e-06	1.302969e-09	3.694281e+01	1.576506e+02
3.350000e-06	6.835697e-06	1.305000e-09	3.703446e+01	1.579203e+02
3.360000e-06	6.852219e-06	1.308309e-09	3.712398e+01	1.581830e+02
3.370000e-06	6.868346e-06	1.311460e-09	3.721135e+01	1.584386e+02
3.380000e-06	6.883921e-06	1.314137e-09	3.729573e+01	1.586868e+02
3.390000e-06	6.898971e-06	1.316759e-09	3.737727e+01	1.589276e+02
3.400000e-06	6.913561e-06	1.319709e-09	3.745631e+01	1.591607e+02
3.410000e-06	6.927512e-06	1.323235e-09	3.753190e+01	1.593861e+02
3.420000e-06	6.940741e-06	1.326487e-09	3.760357e+01	1.596037e+02
3.430000e-06	6.953402e-06	1.329024e-09	3.767216e+01	1.598133e+02
3.440000e-06	6.965682e-06	1.330525e-09	3.773870e+01	1.600148e+02
3.450000e-06	6.977550e-06	1.333178e-09	3.780299e+01	1.602083e+02
3.460000e-06	6.988955e-06	1.337916e-09	3.786478e+01	1.603936e+02
3.470000e-06	6.999803e-06	1.341241e-09	3.792355e+01	1.605707e+02
3.480000e-06	7.009871e-06	1.342833e-09	3.797810e+01	1.607395e+02
3.490000e-06	7.019007e-06	1.345169e-09	3.802760e+01	1.609002e+02
3.500000e-06	7.027307e-06	1.348829e-09	3.807257e+01	1.610525e+02
3.510000e-06	7.035123e-06	1.352820e-09	3.811491e+01	1.611967e+02
3.520000e-06	7.042696e-06	1.355557e-09	3.815594e+01	1.613325e+02
3.530000e-06	7.049812e-06	1.356188e-09	3.819449e+01	1.614600e+02
3.540000e-06	7.056337e-06	1.356654e-09	3.822985e+01	1.615793e+02
3.550000e-06	7.062423e-06	1.358972e-09	3.826282e+01	1.616902e+02
3.560000e-06	7.068173e-06	1.360995e-09	3.829397e+01	1.617929e+02
3.570000e-06	7.073543e-06	1.361749e-09	3.832307e+01	1.618872e+02
3.580000e-06	7.078289e-06	1.363451e-09	3.834877e+01	1.619731e+02
3.590000e-06	7.082429e-06	1.366600e-09	3.837121e+01	1.620508e+02
3.600000e-06	7.086203e-06	1.370683e-09	3.839165e+01	1.621200e+02
3.610000e-06	7.089783e-06	1.373811e-09	3.841105e+01	1.621808e+02
3.620000e-06	7.092937e-06	1.374998e-09	3.842814e+01	1.622332e+02
3.630000e-06	7.095505e-06	1.375916e-09	3.844205e+01	1.622771e+02
3.640000e-06	7.097392e-06	1.376989e-09	3.845227e+01	1.623125e+02
3.650000e-06	7.098412e-06	1.377715e-09	3.845780e+01	1.623394e+02
3.660000e-06	7.098818e-06	1.379049e-09	3.846000e+01	1.623578e+02
3.670000e-06	7.098760e-06	1.380359e-09	3.845968e+01	1.623676e+02
3.680000e-06	7.098299e-06	1.380337e-09	3.845718e+01	1.623690e+02
3.690000e-06	7.097452e-06	1.380026e-09	3.845260e+01	1.623618e+02
3.700000e-06	7.096215e-06	1.380939e-09	3.844590e+01	1.623463e+02
3.710000e-06	7.094440e-06	1.382291e-09	3.843628e+01	1.623223e+02
3.720000e-06	7.092070e-06	1.382154e-09	3.842344e+01	1.622901e+02
3.730000e-06	7.089259e-06	1.381740e-09	3.840821e+01	1.622496e+02
3.740000e-06	7.085961e-06	1.382129e-09	3.839034e+01	1.622012e+02
3.750000e-06	7.082253e-06	1.377958e-09	3.837025e+01	1.621449e+02
3.760000e-06	7.078130e-06	1.377975e-09	3.834792e+01	1.620809e+02
3.770000e-06	7.073287e-06	1.403788e-09	3.832168e+01	1.620095e+02
3.780000e-06	7.067634e-06	1.418979e-09	3.829105e+01	1.619309e+02
3.790000e-06	7.061599e-06	1.363588e-09	3.825835e+01	1.618454e+02
3.800000e-06	7.055484e-06	1.328333e-09	3.822522e+01	1.617533e+02
3.810000e-06	7.048827e-06	1.390531e-09	3.818916e+01	1.616550e+02
3.820000e-06	7.041312e-06	1.437812e-09	3.814844e+01	1.615509e+02
3.830000e-06	7.033283e-06	1.367804e-09	3.810494e+01	1.614412e+02
3.840000e-06	7.024965e-06	1.312150e-09	3.805988e+01	1.613264e+02
3.850000e-06	7.016256e-06	1.403019e-09	3.801269e+01	1.612069e+02
3.860000e-06	7.006897e-06	1.463955e-09	3.796199e+01	1.610832e+02
3.870000e-06	6.996961e-06	1.349969e-09	3.790816e+01	1.609555e+02
3.880000e-06	6.986665e-06	1.276799e-09	3.785237e+01	1.608244e+02
3.890000e-06	6.975958e-06	1.409538e-09	3.779437e+01	1.606902e+02
3.900000e-06	6.964638e-06	1.482359e-09	3.773304e+01	1.605534e+02
3.910000e-06	6.952715e-06	1.347164e-09	3.766844e+01	1.604142e+02
3.920000e-06	6.940282e-06	1.293908e-09	3.760108e+01	1.602730e+02
3.930000e-06	6.927090e-06	1.430487e-09	3.752961e+01	1.601302e+02
3.940000e-06	6.913063e-06	1.439671e-09	3.745361e+01	1.599860e+02
3.950000e-06	6.898535e-06	1.297507e-09	3.737491e+01	1.598406e+02
3.960000e-06	6.883438e-06	1.327844e-09	3.729311e+01	1.596943e+02
3.970000e-06	6.867644e-06	1.458137e-09	3.720754e+01	1.595472e+02
3.980000e-06	6.851420e-06	1.392157e-09	3.711964e+01	1.593994e+02
3.990000e-06	6.834797e-06	1.293646e-09	3.702959e+01	1.592509e+02
4.000000e-06	6.817691e-06	1.395445e-09	3.693691e+01	1.591019e+02
4.010000e-06	6.800224e-06	1.438601e-09	3.684228e+01	1.589522e+02
4.020000e-06	6.782416e-06	1.310841e-09	3.674580e+01	1.588017e+02
4.030000e-06	6.764010e-06	1.325934e-09	3.664607e+01	1.586504e+02
4.040000e-06	6.744933e-06	1.452657e-09	3.654272e+01	1.584980e+02
4.050000e-06	6.725457e-06	1.389573e-09	3.643720e+01	1.583444e+02
4.060000e-06	6.705742e-06	1.294882e-09	3.633039e+01	1.581893e+02
4.070000e-06	6.685685e-06	1.390697e-09	3.622172e+01	1.580324e+02
4.080000e-06	6.665281e-06	1.430199e-09	3.611118e+01	1.578735e+02
4.090000e-06	6.644462e-06	1.322505e-09	3.599838e+01	1.577122e+02
4.100000e-06	6.623168e-06	1.343283e-09	3.588302e+01	1.575481e+02
4.110000e-06	6.601078e-06	1.429685e-09	3.576334e+01	1.573810e+02
4.120000e-06	6.578089e-06	1.366937e-09	3.563879e+01	1.572104e+02
4.130000e-06	6.554453e-06	1.324571e-09	3.551074e+01	1.570360e+02
4.140000e-06	6.530376e-06	1.397486e-09	3.538029e+01	1.568575e+02
4.150000e-06	6.506032e-06	1.385775e-09	3.524840e+01	1.566746e+02
4.160000e-06	6.481390e-06	1.326028e-09	3.511490e+01	1.564868e+02
4.170000e-06	6.456282e-06	1.369575e-09	3.497887e+01	1.562939e+02
4.180000e-06	6.430730e-06	1.395510e-09	3.484043e+01	1.560957e+02
4.190000e-06	6.404744e-06	1.344440e-09	3.469964e+01	1.558918e+02
4.200000e-06	6.378185e-06	1.350427e-09	3.455575e+01	1.556820e+02
4.210000e-06	6.351123e-06	1.381751e-09	3.440913e+01	1.554661e+02
4.220000e-06	6.323611e-06	1.354744e-09	3.426008e+01	1.552440e+02
4.230000e-06	6.295668e-06	1.345933e-09	3.410869e+01	1.550154e+02
4.240000e-06	6.267399e-06	1.369541e-09	3.395554e+01	1.547803e+02
4.250000e-06	6.238862e-06	1.361239e-09	3.380093e+01	1.545385e+02
4.260000e-06	6.209915e-06	1.347736e-09	3.364410e+01	1.542899e+02
4.270000e-06	6.180443e-06	1.354553e-09	3.348442e+01	1.540345e+02
4.280000e-06	6.150364e-06	1.352837e-09	3.332146e+01	1.537723e+02
4.290000e-06	6.119672e-06	1.348489e-09	3.315518e+01	1.535031e+02
4.300000e-06	6.088349e-06	1.348053e-09	3.298548e+01	1.532269e+02
4.310000e-06	6.056483e-06	1.347070e-09	3.281283e+01	1.529438e+02
4.320000e-06	6.024278e-06	1.349978e-09	3.263835e+01	1.526536e+02
4.330000e-06	5.991795e-06	1.344639e-09	3.246236e+01	1.523563e+02
4.340000e-06	5.958896e-06	1.333496e-09	3.228412e+01	1.520520e+02
4.350000e-06	5.925478e-06	1.337842e-09	3.210307e+01	1.517405e+02
4.360000e-06	5.891613e-06	1.339273e-09	3.191960e+01	1.514217e+02
4.370000e-06	5.857378e-06	1.328576e-09	3.173412e+01	1.510956e+02
4.380000e-06	5.822798e-06	1.331855e-09	3.154677e+01	1.507621e+02
4.390000e-06	5.787810e-06	1.336094e-09	3.135722e+01	1.504210e+02
4.400000e-06	5.752382e-06	1.323714e-09	3.116527e+01	1.500723e+02
4.410000e-06	5.716572e-06	1.321288e-09	3.097126e+01	1.497158e+02
4.420000e-06	5.680407e-06	1.327305e-09	3.077532e+01	1.493513e+02
4.430000e-06	5.643962e-06	1.319853e-09	3.057787e+01	1.489787e+02
4.440000e-06	5.607322e-06	1.313832e-09	3.037936e+01	1.485977e+02
4.450000e-06	5.570368e-06	1.316745e-09	3.017916e+01	1.482082e+02
4.460000e-06	5.532797e-06	1.313606e-09	2.997560e+01	1.478100e+02
4.470000e-06	5.494535e-06	1.306890e-09	2.976831e+01	1.474029e+02
4.480000e-06	5.455523e-06	1.304600e-09	2.955695e+01	1.469868e+02
4.490000e-06	5.415810e-06	1.303167e-09	2.934180e+01	1.465614e+02
4.500000e-06	5.375759e-06	1.300383e-09	2.912480e+01	1.461267e+02
4.510000e-06	5.335452e-06	1.295977e-09	2.890643e+01	1.456826e+02
4.520000e-06	5.294913e-06	1.292182e-09	2.868680e+01	1.452288e+02
4.530000e-06	5.254176e-06	1.289067e-09	2.846609e+01	1.447655e+02
4.540000e-06	5.213131e-06	1.285218e-09	2.824372e+01	1.442924e+02
4.550000e-06	5.171662e-06	1.282851e-09	2.801905e+01	1.438098e+02
4.560000e-06	5.129744e-06	1.282337e-09	2.779194e+01	1.433175e+02
4.570000e-06	5.087526e-06	1.278696e-09	2.756322e+01	1.428158e+02
4.580000e-06	5.045073e-06	1.272404e-09	2.733321e+01	1.423047e+02
4.590000e-06	5.002243e-06	1.267116e-09	2.710117e+01	1.417843e+02
4.600000e-06	4.959002e-06	1.262283e-09	2.686690e+01	1.412550e+02
4.610000e-06	4.915378e-06	1.257685e-09	2.663055e+01	1.407169e+02
4.620000e-06	4.871432e-06	1.255220e-09	2.639246e+01	1.401704e+02
4.630000e-06	4.827275e-06	1.254153e-09	2.615322e+01	1.396156e+02
4.640000e-06	4.782823e-06	1.251610e-09	2.591240e+01	1.390529e+02
4.650000e-06	4.738150e-06	1.245832e-09	2.567037e+01	1.384826e+02
4.660000e-06	4.693308e-06	1.238294e-09	2.542742e+01	1.379051e+02
4.670000e-06	4.648129e-06	1.231168e-09	2.518265e+01	1.373206e+02
4.680000e-06	4.602686e-06	1.225296e-09	2.493645e+01	1.367295e+02
4.690000e-06	4.556903e-06	1.220817e-09	2.468840e+01	1.361320e+02
4.700000e-06	4.510544e-06	1.216957e-09	2.443724e+01	1.355283e+02
4.710000e-06	4.463827e-06	1.213936e-09	2.418413e+01	1.349187e+02
4.720000e-06	4.416908e-06	1.211208e-09	2.392994e+01	1.343033e+02
4.730000e-06	4.369640e-06	1.206088e-09	2.367385e+01	1.336822e+02
4.740000e-06	4.321963e-06	1.198549e-09	2.341555e+01	1.330553e+02
4.750000e-06	4.274171e-06	1.193168e-09	2.315662e+01	1.324228e+02
4.760000e-06	4.226164e-06	1.189670e-09	2.289652e+01	1.317843e+02
4.770000e-06	4.177715e-06	1.185155e-09	2.263404e+01	1.311398e+02
4.780000e-06	4.128963e-06	1.180587e-09	2.236991e+01	1.304890e+02
4.790000e-06	4.079729e-06	1.176124e-09	2.210317e+01	1.298314e+02
4.800000e-06	4.030051e-06	1.170206e-09	2.183402e+01	1.291667e+02
4.810000e-06	3.980057e-06	1.164342e-09	2.156317e+01	1.284944e+02
4.820000e-06	3.929803e-06	1.159864e-09	2.129090e+01	1.278137e+02
4.830000e-06	3.879338e-06	1.155720e-09	2.101749e+01	1.271242e+02
4.840000e-06	3.828595e-06	1.149428e-09	2.074257e+01	1.264250e+02
4.850000e-06	3.777512e-06	1.142151e-09	2.046581e+01	1.257154e+02
4.860000e-06	3.726093e-06	1.135920e-09	2.018724e+01	1.249946e+02
4.870000e-06	3.674381e-06	1.129940e-09	1.990707e+01	1.242618e+02
4.880000e-06	3.622397e-06	1.124471e-09	1.962543e+01	1.235161e+02
4.890000e-06	3.570190e-06	1.119333e-09	1.934259e+01	1.227567e+02
4.900000e-06	3.517872e-06	1.114877e-09	1.905914e+01	1.219827e+02
4.910000e-06	3.465293e-06	1.111187e-09	1.877428e+01	1.211933e+02
4.920000e-06	3.412388e-06	1.105490e-09	1.848765e+01	1.203878e+02
4.930000e-06	3.359274e-06	1.096123e-09	1.819989e+01	1.195655e+02
4.940000e-06	3.305760e-06	1.086721e-09	1.790996e+01	1.187256e+02
4.950000e-06	3.251734e-06	1.079736e-09	1.761726e+01	1.178675e+02
4.960000e-06	3.197312e-06	1.073195e-09	1.732241e+01	1.169909e+02
4.970000e-06	3.142524e-06	1.066478e-09	1.702558e+01	1.160952e+02
4.980000e-06	3.087338e-06	1.059155e-09	1.672659e+01	1.151802e+02
4.990000e-06	3.031849e-06	1.050606e-09	1.642596e+01	1.142456e+02
5.000000e-06	2.976134e-06	1.041691e-09	1.612411e+01	1.132913e+02
5.010000e-06	2.920190e-06	1.032142e-09	1.582101e+01	1.123173e+02
5.020000e-06	2.864101e-06	1.022038e-09	1.551714e+01	1.113238e+02
5.030000e-06	2.807822e-06	1.013201e-09	1.521223e+01	1.103109e+02
5.040000e-06	2.751392e-06	1.005833e-09	1.490650e+01	1.092790e+02
5.050000e-06	2.694883e-06	9.989800e-10	1.460035e+01	1.082283e+02
5.060000e-06	2.638254e-06	9.915683e-10	1.429354e+01	1.071594e+02
5.070000e-06	2.581462e-06	9.814958e-10	1.398585e+01	1.060727e+02
5.080000e-06	2.524589e-06	9.701892e-10	1.367772e+01	1.049689e+02
5.090000e-06	2.467613e-06	9.597784e-10	1.336904e+01	1.038484e+02
5.100000e-06	2.410301e-06	9.496330e-10	1.305854e+01	1.027120e+02
5.110000e-06	2.352834e-06	9.392168e-10	1.274719e+01	1.015601e+02
5.120000e-06	2.295343e-06	9.291293e-10	1.243572e+01	1.003933e+02
5.130000e-06	2.237588e-06	9.189906e-10	1.212281e+01	9.921219e+01
5.140000e-06	2.179498e-06	9.083772e-10	1.180809e+01	9.801722e+01
5.150000e-06	2.121265e-06	8.980235e-10	1.149260e+01	9.680874e+01
5.160000e-06	2.062915e-06	8.871021e-10	1.117647e+01	9.558704e+01
5.170000e-06	2.004365e-06	8.744293e-10	1.085926e+01	9.435229e+01
5.180000e-06	1.945640e-06	8.626275e-10	1.054110e+01	9.310453e+01
5.190000e-06	1.886796e-06	8.520115e-10	1.022229e+01	9.184366e+01
5.200000e-06	1.827877e-06	8.401765e-10	9.903077e+00	9.056943e+01
5.210000e-06	1.768877e-06	8.282145e-10	9.583426e+00	8.928143e+01
5.220000e-06	1.709754e-06	8.163811e-10	9.263112e+00	8.797909e+01
5.230000e-06	1.650479e-06	8.046169e-10	8.941970e+00	8.666167e+01
5.240000e-06	1.591131e-06	7.926478e-10	8.620433e+00	8.532827e+01
5.250000e-06	1.531679e-06	7.792944e-10	8.298333e+00	8.397783e+01
5.260000e-06	1.472144e-06	7.657040e-10	7.975789e+00	8.260913e+01
5.270000e-06	1.412551e-06	7.532715e-10	7.652924e+00	8.122083e+01
5.280000e-06	1.352794e-06	7.409821e-10	7.329174e+00	7.981141e+01
5.290000e-06	1.292873e-06	7.276634e-10	7.004533e+00	7.837930e+01
5.300000e-06	1.232817e-06	7.130345e-10	6.679161e+00	7.692278e+01
5.310000e-06	1.172712e-06	6.978676e-10	6.353522e+00	7.544008e+01
5.320000e-06	1.112622e-06	6.833090e-10	6.027965e+00	7.392937e+01
5.330000e-06	1.052520e-06	6.697794e-10	5.702349e+00	7.238880e+01
5.340000e-06	9.924285e-07	6.571741e-10	5.376782e+00	7.081651e+01
5.350000e-06	9.322523e-07	6.439616e-10	5.050759e+00	6.921066e+01
5.360000e-06	8.719741e-07	6.285003e-10	4.724184e+00	6.756947e+01
5.370000e-06	8.116438e-07	6.118499e-10	4.397326e+00	6.589124e+01
5.380000e-06	7.512146e-07	5.959784e-10	4.069933e+00	6.417437e+01
5.390000e-06	6.908317e-07	5.807572e-10	3.742790e+00	6.241739e+01
5.400000e-06	6.305437e-07	5.642673e-10	3.416162e+00	6.061900e+01
5.410000e-06	5.702167e-07	5.472318e-10	3.089322e+00	5.877805e+01
5.420000e-06	5.098316e-07	5.308714e-10	2.762167e+00	5.689364e+01
5.430000e-06	4.493742e-07	5.141077e-10	2.434621e+00	5.496505e+01
5.440000e-06	3.888254e-07	4.963171e-10	2.106580e+00	5.299182e+01
5.450000e-06	3.282333e-07	4.768874e-10	1.778304e+00	5.097374e+01
5.460000e-06	2.676909e-07	4.573307e-10	1.450297e+00	4.891085e+01
5.470000e-06	2.071109e-07	4.384255e-10	1.122086e+00	4.680347e+01
5.480000e-06	1.464177e-07	4.192168e-10	7.932622e-01	4.465221e+01
5.490000e-06	8.583677e-08	3.998960e-10	4.650467e-01	4.245792e+01
5.500000e-06	2.529191e-08	3.799874e-10	1.370266e-01	4.022175e+01
5.510000e-06	-3.526864e-08	3.576330e-10	-1.910786e-01	3.794512e+01
5.520000e-06	-9.569717e-08	3.345651e-10	-5.184685e-01	3.562968e+01
5.530000e-06	-1.560485e-07	3.137042e-10	-8.454401e-01	3.327735e+01
5.540000e-06	-2.164430e-07	2.933205e-10	-1.172645e+00	3.089028e+01
5.550000e-06	-2.769451e-07	2.721103e-10	-1.500434e+00	2.847081e+01
5.560000e-06	-3.375247e-07	2.503907e-10	-1.828643e+00	2.602148e+01
5.570000e-06	-3.980465e-07	2.276230e-10	-2.156538e+00	2.354501e+01
5.580000e-06	-4.584560e-07	2.042356e-10	-2.483824e+00	2.104426e+01
5.590000e-06	-5.188495e-07	1.806888e-10	-2.811024e+00	1.852220e+01
5.600000e-06	-5.792593e-07	1.574413e-10	-3.138313e+00	1.598190e+01
5.610000e-06	-6.396542e-07	1.346364e-10	-3.465520e+00	1.342648e+01
5.620000e-06	-6.999756e-07	1.119587e-10	-3.792330e+00	1.085913e+01
5.630000e-06	-7.602360e-07	8.943015e-11	-4.118809e+00	8.283022e+00
5.640000e-06	-8.204794e-07	6.617306e-11	-4.445196e+00	5.701321e+00
5.650000e-06	-8.807559e-07	4.114708e-11	-4.771762e+00	3.117152e+00
5.660000e-06	-9.410272e-07	1.543098e-11	-5.098300e+00	5.335755e-01
5.670000e-06	-1.001267e-06	-9.309888e-12	-5.424668e+00	-2.046438e+00
5.680000e-06	-1.061419e-06	-3.194572e-11	-5.750559e+00	-4.620027e+00
5.690000e-06	-1.121445e-06	-5.371433e-11	-6.075766e+00	-7.184457e+00
5.700000e-06	-1.181428e-06	-7.661032e-11	-6.400746e+00	-9.737136e+00
5.710000e-06	-1.241439e-06	-9.961981e-11	-6.725872e+00	-1.227563e+01
5.720000e-06	-1.301383e-06	-1.215898e-10	-7.050638e+00	-1.479769e+01
5.730000e-06	-1.361187e-06	-1.429234e-10	-7.374642e+00	-1.730122e+01
5.740000e-06	-1.420933e-06	-1.647225e-10	-7.698334e+00	-1.978432e+01
5.750000e-06	-1.480575e-06	-1.870308e-10	-8.021463e+00	-2.224529e+01
5.760000e-06	-1.540049e-06	-2.107322e-10	-8.343682e+00	-2.468260e+01
5.770000e-06	-1.599349e-06	-2.346291e-10	-8.664960e+00	-2.709494e+01
5.780000e-06	-1.658464e-06	-2.572643e-10	-8.985232e+00	-2.948114e+01
5.790000e-06	-1.717539e-06	-2.801929e-10	-9.305286e+00	-3.184026e+01
5.800000e-06	-1.776526e-06	-3.035858e-10	-9.624870e+00	-3.417149e+01
5.810000e-06	-1.835315e-06	-3.258036e-10	-9.943374e+00	-3.647421e+01
5.820000e-06	-1.893956e-06	-3.462746e-10	-1.026108e+01	-3.874794e+01
5.830000e-06	-1.952375e-06	-3.673682e-10	-1.057758e+01	-4.099236e+01
5.840000e-06	-2.010575e-06	-3.904626e-10	-1.089290e+01	-4.320724e+01
5.850000e-06	-2.068787e-06	-4.128587e-10	-1.120828e+01	-4.539251e+01
5.860000e-06	-2.126931e-06	-4.325968e-10	-1.152329e+01	-4.754818e+01
5.870000e-06	-2.184953e-06	-4.511131e-10	-1.183765e+01	-4.967433e+01
5.880000e-06	-2.242840e-06	-4.703401e-10	-1.215127e+01	-5.177114e+01
5.890000e-06	-2.300437e-06	-4.893569e-10	-1.246331e+01	-5.383885e+01
5.900000e-06	-2.357810e-06	-5.076554e-10	-1.277415e+01	-5.587772e+01
5.910000e-06	-2.414871e-06	-5.263566e-10	-1.308330e+01	-5.788807e+01
5.920000e-06	-2.471832e-06	-5.448188e-10	-1.339190e+01	-5.987023e+01
5.930000e-06	-2.528714e-06	-5.639011e-10	-1.370007e+01	-6.182455e+01
5.940000e-06	-2.585322e-06	-5.844063e-10	-1.400677e+01	-6.375138e+01
5.950000e-06	-2.641803e-06	-6.046720e-10	-1.431277e+01	-6.565106e+01
5.960000e-06	-2.698160e-06	-6.228897e-10	-1.461810e+01	-6.752393e+01
5.970000e-06	-2.754364e-06	-6.395396e-10	-1.492260e+01	-6.937029e+01
5.980000e-06	-2.810574e-06	-6.560264e-10	-1.522714e+01	-7.119044e+01
5.990000e-06	-2.866800e-06	-6.727481e-10	-1.553176e+01	-7.298464e+01
6.000000e-06	-2.922892e-06	-6.887945e-10	-1.583565e+01	-7.475314e+01
6.010000e-06	-2.978726e-06	-7.039163e-10	-1.613815e+01	-7.649616e+01
6.020000e-06	-3.034361e-06	-7.189148e-10	-1.643957e+01	-7.821387e+01
6.030000e-06	-3.089698e-06	-7.341503e-10	-1.673937e+01	-7.990644e+01
6.040000e-06	-3.144553e-06	-7.498200e-10	-1.703657e+01	-8.157400e+01
6.050000e-06	-3.198883e-06	-7.645719e-10	-1.733092e+01	-8.321669e+01
6.060000e-06	-3.252794e-06	-7.787522e-10	-1.762300e+01	-8.483459e+01
6.070000e-06	-3.306388e-06	-7.933594e-10	-1.791336e+01	-8.642779e+01
6.080000e-06	-3.359491e-06	-8.078111e-10	-1.820106e+01	-8.799639e+01
6.090000e-06	-3.412292e-06	-8.222592e-10	-1.848713e+01	-8.954046e+01
6.100000e-06	-3.465003e-06	-8.369607e-10	-1.877271e+01	-9.106007e+01
6.110000e-06	-3.517517e-06	-8.502256e-10	-1.905721e+01	-9.255531e+01
6.120000e-06	-3.569785e-06	-8.623704e-10	-1.934039e+01	-9.402627e+01
6.130000e-06	-3.621828e-06	-8.754362e-10	-1.962235e+01	-9.547306e+01
6.140000e-06	-3.673574e-06	-8.892799e-10	-1.990270e+01	-9.689580e+01
6.150000e-06	-3.725081e-06	-9.033753e-10	-2.018176e+01	-9.829463e+01
6.160000e-06	-3.776311e-06	-9.172051e-10	-2.045931e+01	-9.966971e+01
6.170000e-06	-3.827072e-06	-9.300377e-10	-2.073432e+01	-1.010212e+02
6.180000e-06	-3.877570e-06	-9.405807e-10	-2.100791e+01	-1.023494e+02
6.190000e-06	-3.927842e-06	-9.498764e-10	-2.128028e+01	-1.036545e+02
6.200000e-06	-3.977630e-06	-9.604240e-10	-2.155002e+01	-1.049367e+02
6.210000e-06	-4.027072e-06	-9.718708e-10	-2.181788e+01	-1.061964e+02
6.220000e-06	-4.076206e-06	-9.828130e-10	-2.208408e+01	-1.074338e+02
6.230000e-06	-4.124833e-06	-9.928441e-10	-2.234753e+01	-1.086492e+02
6.240000e-06	-4.172901e-06	-1.002034e-09	-2.260796e+01	-1.098431e+02
6.250000e-06	-4.220559e-06	-1.011744e-09	-2.286616e+01	-1.110158e+02
6.260000e-06	-4.268029e-06	-1.022287e-09	-2.312334e+01	-1.121676e+02
6.270000e-06	-4.315341e-06	-1.032514e-09	-2.337967e+01	-1.132989e+02
6.280000e-06	-4.362408e-06	-1.043026e-09	-2.363467e+01	-1.144102e+02
6.290000e-06	-4.409185e-06	-1.054149e-09	-2.388810e+01	-1.155017e+02
6.300000e-06	-4.455837e-06	-1.064417e-09	-2.414085e+01	-1.165739e+02
6.310000e-06	-4.502329e-06	-1.073701e-09	-2.439273e+01	-1.176272e+02
6.320000e-06	-4.548405e-06	-1.082287e-09	-2.464236e+01	-1.186619e+02
6.330000e-06	-4.594014e-06	-1.090460e-09	-2.488946e+01	-1.196784e+02
6.340000e-06	-4.639187e-06	-1.099573e-09	-2.513420e+01	-1.206770e+02
6.350000e-06	-4.684037e-06	-1.109742e-09	-2.537719e+01	-1.216580e+02
6.360000e-06	-4.728687e-06	-1.119452e-09	-2.561910e+01	-1.226217e+02
6.370000e-06	-4.773157e-06	-1.127195e-09	-2.586003e+01	-1.235684e+02
6.380000e-06	-4.817410e-06	-1.134252e-09	-2.609978e+01	-1.244984e+02
6.390000e-06	-4.861373e-06	-1.142400e-09	-2.633796e+01	-1.254118e+02
6.400000e-06	-4.905138e-06	-1.150132e-09	-2.657507e+01	-1.263089e+02
6.410000e-06	-4.948672e-06	-1.156719e-09	-2.681093e+01	-1.271898e+02
6.420000e-06	-4.991778e-06	-1.164180e-09	-2.704447e+01	-1.280547e+02
6.430000e-06	-5.034431e-06	-1.171568e-09	-2.727556e+01	-1.289038e+02
6.440000e-06	-5.076566e-06	-1.178955e-09	-2.750384e+01	-1.297370e+02
6.450000e-06	-5.118275e-06	-1.187115e-09	-2.772980e+01	-1.305546e+02
6.460000e-06	-5.159743e-06	-1.194015e-09	-2.795447e+01	-1.313566e+02
6.470000e-06	-5.200795e-06	-1.200799e-09	-2.817688e+01	-1.321430e+02
6.480000e-06	-5.241480e-06	-1.207526e-09	-2.839731e+01	-1.329139e+02
6.490000e-06	-5.281995e-06	-1.214181e-09	-2.861681e+01	-1.336695e+02
6.500000e-06	-5.322260e-06	-1.221630e-09	-2.883496e+01	-1.344096e+02
6.510000e-06	-5.362335e-06	-1.228568e-09	-2.905207e+01	-1.351344e+02
6.520000e-06	-5.402129e-06	-1.234144e-09	-2.926767e+01	-1.358440e+02
6.530000e-06	-5.441404e-06	-1.237990e-09	-2.948045e+01	-1.365383e+02
6.540000e-06	-5.480100e-06	-1.241980e-09	-2.969010e+01	-1.372176e+02
6.550000e-06	-5.518131e-06	-1.248702e-09	-2.989615e+01	-1.378819e+02
6.560000e-06	-5.555430e-06	-1.256354e-09	-3.009822e+01	-1.385313e+02
6.570000e-06	-5.592203e-06	-1.262349e-09	-3.029746e+01	-1.391660e+02
6.580000e-06	-5.628780e-06	-1.267166e-09	-3.049562e+01	-1.397862e+02
6.590000e-06	-5.665217e-06	-1.271441e-09	-3.069303e+01	-1.403920e+02
6.600000e-06	-5.701278e-06	-1.276463e-09	-3.088840e+01	-1.409837e+02
6.610000e-06	-5.736988e-06	-1.281479e-09	-3.108187e+01	-1.415615e+02
6.620000e-06	-5.772301e-06	-1.285120e-09	-3.127319e+01	-1.421258e+02
6.630000e-06	-5.807134e-06	-1.288873e-09	-3.146191e+01	-1.426768e+02
6.640000e-06	-5.841653e-06	-1.293383e-09	-3.164893e+01	-1.432148e+02
6.650000e-06	-5.875730e-06	-1.298165e-09	-3.183355e+01	-1.437404e+02
6.660000e-06	-5.909211e-06	-1.302291e-09	-3.201494e+01	-1.442537e+02
6.670000e-06	-5.942289e-06	-1.305288e-09	-3.219415e+01	-1.447554e+02
6.680000e-06	-5.975073e-06	-1.308266e-09	-3.237177e+01	-1.452457e+02
6.690000e-06	-6.007539e-06	-1.311943e-09	-3.254766e+01	-1.457251e+02
6.700000e-06	-6.039833e-06	-1.316586e-09	-3.272263e+01	-1.461942e+02
6.710000e-06	-6.071794e-06	-1.320995e-09	-3.289579e+01	-1.466533e+02
6.720000e-06	-6.103096e-06	-1.323355e-09	-3.306537e+01	-1.471029e+02
6.730000e-06	-6.133709e-06	-1.325320e-09	-3.323123e+01	-1.475435e+02
6.740000e-06	-6.163761e-06	-1.327924e-09	-3.339404e+01	-1.479756e+02
6.750000e-06	-6.193190e-06	-1.331745e-09	-3.355349e+01	-1.483995e+02
6.760000e-06	-6.222052e-06	-1.336212e-09	-3.370985e+01	-1.488159e+02
6.770000e-06	-6.250576e-06	-1.338892e-09	-3.386439e+01	-1.492250e+02
6.780000e-06	-6.278813e-06	-1.340128e-09	-3.401737e+01	-1.496272e+02
6.790000e-06	-6.306709e-06	-1.341605e-09	-3.416851e+01	-1.500230e+02
6.800000e-06	-6.334057e-06	-1.343650e-09	-3.431668e+01	-1.504127e+02
6.810000e-06	-6.360915e-06	-1.346082e-09	-3.446218e+01	-1.507966e+02
6.820000e-06	-6.387480e-06	-1.348088e-09	-3.460611e+01	-1.511749e+02
6.830000e-06	-6.413520e-06	-1.350290e-09	-3.474719e+01	-1.515479e+02
6.840000e-06	-6.439118e-06	-1.353652e-09	-3.488588e+01	-1.519159e+02
6.850000e-06	-6.464325e-06	-1.355932e-09	-3.502244e+01	-1.522789e+02
6.860000e-06	-6.489023e-06	-1.356605e-09	-3.515625e+01	-1.526371e+02
6.870000e-06	-6.513388e-06	-1.357728e-09	-3.528825e+01	-1.529906e+02
6.880000e-06	-6.537469e-06	-1.361103e-09	-3.541872e+01	-1.533394e+02
6.890000e-06	-6.561178e-06	-1.366497e-09	-3.554717e+01	-1.536835e+02
6.900000e-06	-6.584162e-06	-1.369443e-09	-3.567169e+01	-1.540229e+02
6.910000e-06	-6.606294e-06	-1.369226e-09	-3.579160e+01	-1.543575e+02
6.920000e-06	-6.627772e-06	-1.369471e-09	-3.590797e+01	-1.546873e+02
6.930000e-06	-6.648691e-06	-1.370244e-09	-3.602130e+01	-1.550122e+02
6.940000e-06	-6.669237e-06	-1.372354e-09	-3.613261e+01	-1.553319e+02
6.950000e-06	-6.689513e-06	-1.375138e-09	-3.624247e+01	-1.556463e+02
6.960000e-06	-6.709415e-06	-1.377459e-09	-3.635029e+01	-1.559553e+02
6.970000e-06	-6.728791e-06	-1.380445e-09	-3.645527e+01	-1.562586e+02
6.980000e-06	-6.747708e-06	-1.382828e-09	-3.655775e+01	-1.565561e+02
6.990000e-06	-6.766250e-06	-1.383777e-09	-3.665821e+01	-1.568475e+02
7.000000e-06	-6.784302e-06	-1.383976e-09	-3.675601e+01	-1.571326e+02
7.010000e-06	-6.801851e-06	-1.384130e-09	-3.685109e+01	-1.574112e+02
7.020000e-06	-6.818981e-06	-1.386039e-09	-3.694390e+01	-1.576832e+02
7.030000e-06	-6.835619e-06	-1.388670e-09	-3.703404e+01	-1.579482e+02
7.040000e-06	-6.851908e-06	-1.390444e-09	-3.712229e+01	-1.582062e+02
7.050000e-06	-6.867904e-06	-1.391729e-09	-3.720895e+01	-1.584569e+02
7.060000e-06	-6.883299e-06	-1.392317e-09	-3.729236e+01	-1.587002e+02
7.070000e-06	-6.897840e-06	-1.393320e-09	-3.737114e+01	-1.589359e+02
7.080000e-06	-6.911558e-06	-1.394986e-09	-3.744546e+01	-1.591639e+02
7.090000e-06	-6.924734e-06	-1.396569e-09	-3.751685e+01	-1.593840e+02
7.100000e-06	-6.937434e-06	-1.397532e-09	-3.758565e+01	-1.595963e+02
7.110000e-06	-6.949600e-06	-1.398531e-09	-3.765156e+01	-1.598005e+02
7.120000e-06	-6.961107e-06	-1.400546e-09	-3.771391e+01	-1.599967e+02
7.130000e-06	-6.972064e-06	-1.402815e-09	-3.777327e+01	-1.601847e+02
7.140000e-06	-6.982638e-06	-1.404177e-09	-3.783056e+01	-1.603645e+02
7.150000e-06	-6.992670e-06	-1.403430e-09	-3.788491e+01	-1.605361e+02
7.160000e-06	-7.002272e-06	-1.403181e-09	-3.793693e+01	-1.606995e+02
7.170000e-06	-7.011429e-06	-1.405603e-09	-3.798654e+01	-1.608546e+02
7.180000e-06	-7.020092e-06	-1.407922e-09	-3.803348e+01	-1.610015e+02
7.190000e-06	-7.028553e-06	-1.407781e-09	-3.807931e+01	-1.611401e+02
7.200000e-06	-7.036649e-06	-1.406432e-09	-3.812318e+01	-1.612704e+02
7.210000e-06	-7.044241e-06	-1.405647e-09	-3.816431e+01	-1.613924e+02
7.220000e-06	-7.051216e-06	-1.405455e-09	-3.820210e+01	-1.615061e+02
7.230000e-06	-7.057282e-06	-1.406494e-09	-3.823496e+01	-1.616115e+02
7.240000e-06	-7.062555e-06	-1.407545e-09	-3.826353e+01	-1.617086e+02
7.250000e-06	-7.067339e-06	-1.406854e-09	-3.828945e+01	-1.617973e+02
7.260000e-06	-7.071786e-06	-1.405787e-09	-3.831354e+01	-1.618777e+02
7.270000e-06	-7.075925e-06	-1.404928e-09	-3.833597e+01	-1.619497e+02
7.280000e-06	-7.079590e-06	-1.404440e-09	-3.835583e+01	-1.620134e+02
7.290000e-06	-7.082682e-06	-1.404612e-09	-3.837257e+01	-1.620685e+02
7.300000e-06	-7.085321e-06	-1.403926e-09	-3.838687e+01	-1.621153e+02
7.310000e-06	-7.087526e-06	-1.404303e-09	-3.839882e+01	-1.621535e+02
7.320000e-06	-7.089309e-06	-1.405785e-09	-3.840848e+01	-1.621833e+02
7.330000e-06	-7.090487e-06	-1.405821e-09	-3.841486e+01	-1.622045e+02
7.340000e-06	-7.091123e-06	-1.404897e-09	-3.841831e+01	-1.622172e+02
