# Temperatura_=_20.0
# Concentracion g/m^3_=_7400.0
# C_Vs_to_Am_M_A/Vsm_=_116720831517.84952
# pendiente_HvsI_1/m_=_3716.3
# ordenada_HvsI_A/m_=_1297.0
# frecuencia_Hz_=_136117.60079435425

Tiempo_(s)	Campo_(V.s)	Magnetizacion_(V.s)	Campo_(kA/m)	Magnetizacion_(A/m)
0.000000e+00	-7.141941e-06	-1.231458e-09	-3.843886e+01	-1.438300e+02
1.000000e-08	-7.142077e-06	-1.232422e-09	-3.843959e+01	-1.438212e+02
2.000000e-08	-7.141807e-06	-1.233219e-09	-3.843814e+01	-1.438048e+02
3.000000e-08	-7.140982e-06	-1.233364e-09	-3.843369e+01	-1.437806e+02
4.000000e-08	-7.139526e-06	-1.233166e-09	-3.842586e+01	-1.437486e+02
5.000000e-08	-7.137398e-06	-1.232515e-09	-3.841441e+01	-1.437086e+02
6.000000e-08	-7.134613e-06	-1.231409e-09	-3.839942e+01	-1.436607e+02
7.000000e-08	-7.131353e-06	-1.229147e-09	-3.838187e+01	-1.436050e+02
8.000000e-08	-7.127536e-06	-1.226368e-09	-3.836133e+01	-1.435414e+02
9.000000e-08	-7.122945e-06	-1.231462e-09	-3.833662e+01	-1.434703e+02
1.000000e-07	-7.117661e-06	-1.241275e-09	-3.830818e+01	-1.433917e+02
1.100000e-07	-7.112044e-06	-1.223891e-09	-3.827795e+01	-1.433059e+02
1.200000e-07	-7.106149e-06	-1.199523e-09	-3.824622e+01	-1.432133e+02
1.300000e-07	-7.099683e-06	-1.226762e-09	-3.821142e+01	-1.431141e+02
1.400000e-07	-7.092655e-06	-1.264403e-09	-3.817359e+01	-1.430088e+02
1.500000e-07	-7.085289e-06	-1.220599e-09	-3.813395e+01	-1.428977e+02
1.600000e-07	-7.077583e-06	-1.166845e-09	-3.809248e+01	-1.427813e+02
1.700000e-07	-7.069441e-06	-1.221256e-09	-3.804865e+01	-1.426600e+02
1.800000e-07	-7.060525e-06	-1.277499e-09	-3.800066e+01	-1.425343e+02
1.900000e-07	-7.050852e-06	-1.202114e-09	-3.794860e+01	-1.424046e+02
2.000000e-07	-7.040883e-06	-1.136686e-09	-3.789495e+01	-1.422713e+02
2.100000e-07	-7.030458e-06	-1.226891e-09	-3.783884e+01	-1.421348e+02
2.200000e-07	-7.019210e-06	-1.284347e-09	-3.777830e+01	-1.419955e+02
2.300000e-07	-7.007342e-06	-1.183334e-09	-3.771443e+01	-1.418538e+02
2.400000e-07	-6.995108e-06	-1.138146e-09	-3.764858e+01	-1.417100e+02
2.500000e-07	-6.982361e-06	-1.236929e-09	-3.757998e+01	-1.415642e+02
2.600000e-07	-6.968988e-06	-1.250226e-09	-3.750800e+01	-1.414168e+02
2.700000e-07	-6.955104e-06	-1.152505e-09	-3.743328e+01	-1.412677e+02
2.800000e-07	-6.940473e-06	-1.166658e-09	-3.735453e+01	-1.411172e+02
2.900000e-07	-6.924919e-06	-1.240585e-09	-3.727082e+01	-1.409651e+02
3.000000e-07	-6.908785e-06	-1.190072e-09	-3.718398e+01	-1.408115e+02
3.100000e-07	-6.892210e-06	-1.142152e-09	-3.709478e+01	-1.406563e+02
3.200000e-07	-6.875229e-06	-1.214428e-09	-3.700338e+01	-1.404992e+02
3.300000e-07	-6.857958e-06	-1.214007e-09	-3.691043e+01	-1.403400e+02
3.400000e-07	-6.840198e-06	-1.126492e-09	-3.681484e+01	-1.401786e+02
3.500000e-07	-6.821885e-06	-1.167528e-09	-3.671627e+01	-1.400145e+02
3.600000e-07	-6.803142e-06	-1.240903e-09	-3.661540e+01	-1.398475e+02
3.700000e-07	-6.783906e-06	-1.159822e-09	-3.651187e+01	-1.396771e+02
3.800000e-07	-6.764120e-06	-1.112516e-09	-3.640537e+01	-1.395029e+02
3.900000e-07	-6.743908e-06	-1.205763e-09	-3.629659e+01	-1.393247e+02
4.000000e-07	-6.723260e-06	-1.205552e-09	-3.618546e+01	-1.391419e+02
4.100000e-07	-6.702136e-06	-1.118120e-09	-3.607177e+01	-1.389542e+02
4.200000e-07	-6.680613e-06	-1.156876e-09	-3.595593e+01	-1.387612e+02
4.300000e-07	-6.658591e-06	-1.208225e-09	-3.583740e+01	-1.385625e+02
4.400000e-07	-6.636060e-06	-1.141266e-09	-3.571614e+01	-1.383579e+02
4.500000e-07	-6.613048e-06	-1.130973e-09	-3.559229e+01	-1.381470e+02
4.600000e-07	-6.589738e-06	-1.190516e-09	-3.546683e+01	-1.379296e+02
4.700000e-07	-6.566157e-06	-1.151781e-09	-3.533991e+01	-1.377055e+02
4.800000e-07	-6.542075e-06	-1.110850e-09	-3.521030e+01	-1.374746e+02
4.900000e-07	-6.517386e-06	-1.166395e-09	-3.507742e+01	-1.372366e+02
5.000000e-07	-6.492091e-06	-1.166728e-09	-3.494128e+01	-1.369916e+02
5.100000e-07	-6.466234e-06	-1.110973e-09	-3.480212e+01	-1.367395e+02
5.200000e-07	-6.439761e-06	-1.136129e-09	-3.465963e+01	-1.364804e+02
5.300000e-07	-6.412754e-06	-1.161790e-09	-3.451428e+01	-1.362143e+02
5.400000e-07	-6.385278e-06	-1.118367e-09	-3.436640e+01	-1.359413e+02
5.500000e-07	-6.357346e-06	-1.115836e-09	-3.421607e+01	-1.356616e+02
5.600000e-07	-6.329017e-06	-1.144826e-09	-3.406360e+01	-1.353753e+02
5.700000e-07	-6.300350e-06	-1.121194e-09	-3.390930e+01	-1.350826e+02
5.800000e-07	-6.271261e-06	-1.106008e-09	-3.375274e+01	-1.347836e+02
5.900000e-07	-6.241683e-06	-1.127491e-09	-3.359355e+01	-1.344785e+02
6.000000e-07	-6.211759e-06	-1.118116e-09	-3.343250e+01	-1.341676e+02
6.100000e-07	-6.181419e-06	-1.099507e-09	-3.326920e+01	-1.338509e+02
6.200000e-07	-6.150516e-06	-1.110386e-09	-3.310288e+01	-1.335287e+02
6.300000e-07	-6.119256e-06	-1.109238e-09	-3.293464e+01	-1.332010e+02
6.400000e-07	-6.087667e-06	-1.093214e-09	-3.276462e+01	-1.328679e+02
6.500000e-07	-6.055815e-06	-1.094651e-09	-3.259318e+01	-1.325294e+02
6.600000e-07	-6.023661e-06	-1.096247e-09	-3.242013e+01	-1.321856e+02
6.700000e-07	-5.990928e-06	-1.086557e-09	-3.224395e+01	-1.318364e+02
6.800000e-07	-5.957503e-06	-1.082861e-09	-3.206406e+01	-1.314817e+02
6.900000e-07	-5.923488e-06	-1.081106e-09	-3.188098e+01	-1.311215e+02
7.000000e-07	-5.888941e-06	-1.074963e-09	-3.169505e+01	-1.307555e+02
7.100000e-07	-5.853880e-06	-1.071762e-09	-3.150634e+01	-1.303835e+02
7.200000e-07	-5.818504e-06	-1.068858e-09	-3.131595e+01	-1.300053e+02
7.300000e-07	-5.782825e-06	-1.064966e-09	-3.112392e+01	-1.296206e+02
7.400000e-07	-5.746786e-06	-1.062464e-09	-3.092995e+01	-1.292292e+02
7.500000e-07	-5.710380e-06	-1.058378e-09	-3.073401e+01	-1.288305e+02
7.600000e-07	-5.673600e-06	-1.053732e-09	-3.053605e+01	-1.284244e+02
7.700000e-07	-5.636358e-06	-1.051940e-09	-3.033561e+01	-1.280104e+02
7.800000e-07	-5.598576e-06	-1.048297e-09	-3.013227e+01	-1.275882e+02
7.900000e-07	-5.560330e-06	-1.042281e-09	-2.992642e+01	-1.271575e+02
8.000000e-07	-5.521687e-06	-1.037896e-09	-2.971844e+01	-1.267179e+02
8.100000e-07	-5.482665e-06	-1.032632e-09	-2.950842e+01	-1.262690e+02
8.200000e-07	-5.443433e-06	-1.027150e-09	-2.929726e+01	-1.258106e+02
8.300000e-07	-5.403967e-06	-1.024392e-09	-2.908486e+01	-1.253425e+02
8.400000e-07	-5.364125e-06	-1.020995e-09	-2.887042e+01	-1.248644e+02
8.500000e-07	-5.323865e-06	-1.014977e-09	-2.865374e+01	-1.243761e+02
8.600000e-07	-5.283197e-06	-1.009668e-09	-2.843485e+01	-1.238774e+02
8.700000e-07	-5.242259e-06	-1.004954e-09	-2.821452e+01	-1.233684e+02
8.800000e-07	-5.200905e-06	-9.993662e-10	-2.799195e+01	-1.228489e+02
8.900000e-07	-5.158959e-06	-9.930096e-10	-2.776619e+01	-1.223190e+02
9.000000e-07	-5.116507e-06	-9.861331e-10	-2.753771e+01	-1.217786e+02
9.100000e-07	-5.073518e-06	-9.804361e-10	-2.730634e+01	-1.212280e+02
9.200000e-07	-5.030035e-06	-9.759073e-10	-2.707230e+01	-1.206671e+02
9.300000e-07	-4.986295e-06	-9.703374e-10	-2.683689e+01	-1.200962e+02
9.400000e-07	-4.942227e-06	-9.629447e-10	-2.659971e+01	-1.195153e+02
9.500000e-07	-4.897778e-06	-9.559705e-10	-2.636048e+01	-1.189249e+02
9.600000e-07	-4.853117e-06	-9.513873e-10	-2.612011e+01	-1.183249e+02
9.700000e-07	-4.808164e-06	-9.474881e-10	-2.587816e+01	-1.177156e+02
9.800000e-07	-4.762852e-06	-9.431910e-10	-2.563429e+01	-1.170974e+02
9.900000e-07	-4.717283e-06	-9.379656e-10	-2.538903e+01	-1.164702e+02
1.000000e-06	-4.671238e-06	-9.320026e-10	-2.514121e+01	-1.158344e+02
1.010000e-06	-4.624539e-06	-9.261043e-10	-2.488987e+01	-1.151900e+02
1.020000e-06	-4.577637e-06	-9.201260e-10	-2.463744e+01	-1.145373e+02
1.030000e-06	-4.530646e-06	-9.139310e-10	-2.438453e+01	-1.138762e+02
1.040000e-06	-4.483377e-06	-9.085197e-10	-2.413012e+01	-1.132068e+02
1.050000e-06	-4.435841e-06	-9.046390e-10	-2.387428e+01	-1.125290e+02
1.060000e-06	-4.388189e-06	-9.012115e-10	-2.361780e+01	-1.118430e+02
1.070000e-06	-4.340375e-06	-8.967937e-10	-2.336046e+01	-1.111484e+02
1.080000e-06	-4.292083e-06	-8.904062e-10	-2.310055e+01	-1.104452e+02
1.090000e-06	-4.243169e-06	-8.824328e-10	-2.283729e+01	-1.097331e+02
1.100000e-06	-4.193752e-06	-8.752711e-10	-2.257132e+01	-1.090120e+02
1.110000e-06	-4.143947e-06	-8.693321e-10	-2.230326e+01	-1.082813e+02
1.120000e-06	-4.093710e-06	-8.632054e-10	-2.203288e+01	-1.075409e+02
1.130000e-06	-4.043163e-06	-8.568150e-10	-2.176083e+01	-1.067904e+02
1.140000e-06	-3.992318e-06	-8.501511e-10	-2.148718e+01	-1.060293e+02
1.150000e-06	-3.941038e-06	-8.439554e-10	-2.121118e+01	-1.052572e+02
1.160000e-06	-3.889383e-06	-8.378834e-10	-2.093317e+01	-1.044736e+02
1.170000e-06	-3.837393e-06	-8.308619e-10	-2.065335e+01	-1.036782e+02
1.180000e-06	-3.785118e-06	-8.240171e-10	-2.037200e+01	-1.028704e+02
1.190000e-06	-3.732621e-06	-8.178881e-10	-2.008945e+01	-1.020499e+02
1.200000e-06	-3.679834e-06	-8.116020e-10	-1.980535e+01	-1.012162e+02
1.210000e-06	-3.626766e-06	-8.051505e-10	-1.951973e+01	-1.003690e+02
1.220000e-06	-3.573546e-06	-7.978624e-10	-1.923329e+01	-9.950798e+01
1.230000e-06	-3.520054e-06	-7.896709e-10	-1.894539e+01	-9.863277e+01
1.240000e-06	-3.466240e-06	-7.814644e-10	-1.865576e+01	-9.774316e+01
1.250000e-06	-3.412293e-06	-7.743880e-10	-1.836541e+01	-9.683897e+01
1.260000e-06	-3.358129e-06	-7.672231e-10	-1.807389e+01	-9.592005e+01
1.270000e-06	-3.303716e-06	-7.583434e-10	-1.778103e+01	-9.498636e+01
1.280000e-06	-3.249002e-06	-7.496144e-10	-1.748655e+01	-9.403787e+01
1.290000e-06	-3.193998e-06	-7.416934e-10	-1.719051e+01	-9.307465e+01
1.300000e-06	-3.138873e-06	-7.336227e-10	-1.689382e+01	-9.209681e+01
1.310000e-06	-3.083564e-06	-7.249709e-10	-1.659615e+01	-9.110451e+01
1.320000e-06	-3.027975e-06	-7.162110e-10	-1.629696e+01	-9.009798e+01
1.330000e-06	-2.972211e-06	-7.077937e-10	-1.599682e+01	-8.907749e+01
1.340000e-06	-2.916388e-06	-6.993625e-10	-1.569638e+01	-8.804335e+01
1.350000e-06	-2.860413e-06	-6.915786e-10	-1.539511e+01	-8.699590e+01
1.360000e-06	-2.804254e-06	-6.840788e-10	-1.509286e+01	-8.593552e+01
1.370000e-06	-2.748044e-06	-6.754485e-10	-1.479033e+01	-8.486257e+01
1.380000e-06	-2.691691e-06	-6.664521e-10	-1.448703e+01	-8.377745e+01
1.390000e-06	-2.635011e-06	-6.577925e-10	-1.418197e+01	-8.268055e+01
1.400000e-06	-2.577950e-06	-6.497702e-10	-1.387486e+01	-8.157225e+01
1.410000e-06	-2.520627e-06	-6.408405e-10	-1.356634e+01	-8.045288e+01
1.420000e-06	-2.463088e-06	-6.307208e-10	-1.325666e+01	-7.932278e+01
1.430000e-06	-2.405262e-06	-6.209812e-10	-1.294543e+01	-7.818223e+01
1.440000e-06	-2.347160e-06	-6.115336e-10	-1.263272e+01	-7.703146e+01
1.450000e-06	-2.288783e-06	-6.017076e-10	-1.231853e+01	-7.587065e+01
1.460000e-06	-2.230216e-06	-5.912676e-10	-1.200331e+01	-7.469993e+01
1.470000e-06	-2.171420e-06	-5.804847e-10	-1.168686e+01	-7.351935e+01
1.480000e-06	-2.112345e-06	-5.692873e-10	-1.136892e+01	-7.232890e+01
1.490000e-06	-2.053095e-06	-5.586638e-10	-1.105002e+01	-7.112849e+01
1.500000e-06	-1.993749e-06	-5.493656e-10	-1.073062e+01	-6.991797e+01
1.510000e-06	-1.934334e-06	-5.403441e-10	-1.041084e+01	-6.869712e+01
1.520000e-06	-1.874805e-06	-5.308367e-10	-1.009044e+01	-6.746562e+01
1.530000e-06	-1.815165e-06	-5.218299e-10	-9.769453e+00	-6.622312e+01
1.540000e-06	-1.755444e-06	-5.128159e-10	-9.448030e+00	-6.496919e+01
1.550000e-06	-1.695633e-06	-5.025860e-10	-9.126119e+00	-6.370332e+01
1.560000e-06	-1.635733e-06	-4.915420e-10	-8.803726e+00	-6.242498e+01
1.570000e-06	-1.575848e-06	-4.798016e-10	-8.481419e+00	-6.113358e+01
1.580000e-06	-1.516024e-06	-4.684699e-10	-8.159440e+00	-5.982848e+01
1.590000e-06	-1.456051e-06	-4.583115e-10	-7.836657e+00	-5.850901e+01
1.600000e-06	-1.395895e-06	-4.482810e-10	-7.512887e+00	-5.717449e+01
1.610000e-06	-1.335611e-06	-4.380249e-10	-7.188434e+00	-5.582422e+01
1.620000e-06	-1.275209e-06	-4.270736e-10	-6.863344e+00	-5.445749e+01
1.630000e-06	-1.214820e-06	-4.155925e-10	-6.538320e+00	-5.307359e+01
1.640000e-06	-1.154336e-06	-4.040894e-10	-6.212787e+00	-5.167185e+01
1.650000e-06	-1.093702e-06	-3.925790e-10	-5.886446e+00	-5.025158e+01
1.660000e-06	-1.033057e-06	-3.813886e-10	-5.560048e+00	-4.881215e+01
1.670000e-06	-9.724017e-07	-3.703980e-10	-5.233593e+00	-4.735296e+01
1.680000e-06	-9.117278e-07	-3.588769e-10	-4.907038e+00	-4.587346e+01
1.690000e-06	-8.509217e-07	-3.464209e-10	-4.579772e+00	-4.437316e+01
1.700000e-06	-7.899610e-07	-3.344444e-10	-4.251673e+00	-4.285161e+01
1.710000e-06	-7.290977e-07	-3.234188e-10	-3.924099e+00	-4.130843e+01
1.720000e-06	-6.682257e-07	-3.117371e-10	-3.596478e+00	-3.974333e+01
1.730000e-06	-6.071754e-07	-2.994261e-10	-3.267897e+00	-3.815608e+01
1.740000e-06	-5.460279e-07	-2.871065e-10	-2.938793e+00	-3.654654e+01
1.750000e-06	-4.848435e-07	-2.743281e-10	-2.609491e+00	-3.491462e+01
1.760000e-06	-4.237248e-07	-2.604570e-10	-2.280542e+00	-3.326036e+01
1.770000e-06	-3.625362e-07	-2.458922e-10	-1.951217e+00	-3.158386e+01
1.780000e-06	-3.012628e-07	-2.318319e-10	-1.621436e+00	-2.988531e+01
1.790000e-06	-2.400038e-07	-2.188830e-10	-1.291732e+00	-2.816499e+01
1.800000e-06	-1.787410e-07	-2.059911e-10	-9.620076e-01	-2.642326e+01
1.810000e-06	-1.175456e-07	-1.919630e-10	-6.326459e-01	-2.466057e+01
1.820000e-06	-5.640603e-08	-1.772520e-10	-3.035846e-01	-2.287748e+01
1.830000e-06	4.814561e-09	-1.621870e-10	2.591259e-02	-2.107459e+01
1.840000e-06	6.609664e-08	-1.473809e-10	3.557407e-01	-1.925262e+01
1.850000e-06	1.274025e-07	-1.334826e-10	6.856967e-01	-1.741236e+01
1.860000e-06	1.887674e-07	-1.192994e-10	1.015971e+00	-1.555467e+01
1.870000e-06	2.501080e-07	-1.044109e-10	1.346114e+00	-1.368049e+01
1.880000e-06	3.113959e-07	-8.938584e-11	1.675974e+00	-1.179084e+01
1.890000e-06	3.726346e-07	-7.438295e-11	2.005568e+00	-9.886803e+00
1.900000e-06	4.338328e-07	-5.950319e-11	2.334944e+00	-7.969522e+00
1.910000e-06	4.950059e-07	-4.399270e-11	2.664186e+00	-6.040212e+00
1.920000e-06	5.561669e-07	-2.903853e-11	2.993363e+00	-4.100141e+00
1.930000e-06	6.172930e-07	-1.558716e-11	3.322351e+00	-2.150630e+00
1.940000e-06	6.783599e-07	-2.372320e-12	3.651021e+00	-1.930492e-01
1.950000e-06	7.393487e-07	1.245809e-11	3.979271e+00	1.771189e+00
1.960000e-06	8.002665e-07	2.924044e-11	4.307138e+00	3.740633e+00
1.970000e-06	8.611051e-07	4.566033e-11	4.634580e+00	5.713802e+00
1.980000e-06	9.218555e-07	5.998128e-11	4.961546e+00	7.689188e+00
1.990000e-06	9.825966e-07	7.279346e-11	5.288463e+00	9.665265e+00
2.000000e-06	1.043271e-06	8.645916e-11	5.615020e+00	1.164049e+01
2.010000e-06	1.103795e-06	1.019540e-10	5.940769e+00	1.361333e+01
2.020000e-06	1.164199e-06	1.181939e-10	6.265870e+00	1.558223e+01
2.030000e-06	1.224488e-06	1.344292e-10	6.590354e+00	1.754566e+01
2.040000e-06	1.284707e-06	1.502089e-10	6.914459e+00	1.950211e+01
2.050000e-06	1.344868e-06	1.657013e-10	7.238253e+00	2.145008e+01
2.060000e-06	1.404948e-06	1.812094e-10	7.561613e+00	2.338813e+01
2.070000e-06	1.464917e-06	1.957664e-10	7.884374e+00	2.531482e+01
2.080000e-06	1.524798e-06	2.088021e-10	8.206660e+00	2.722880e+01
2.090000e-06	1.584712e-06	2.209420e-10	8.529127e+00	2.912876e+01
2.100000e-06	1.644549e-06	2.350013e-10	8.851179e+00	3.101343e+01
2.110000e-06	1.704238e-06	2.517955e-10	9.172430e+00	3.288163e+01
2.120000e-06	1.763884e-06	2.675205e-10	9.493455e+00	3.473227e+01
2.130000e-06	1.823511e-06	2.811301e-10	9.814376e+00	3.656431e+01
2.140000e-06	1.883119e-06	2.940638e-10	1.013519e+01	3.837680e+01
2.150000e-06	1.942607e-06	3.068905e-10	1.045536e+01	4.016890e+01
2.160000e-06	2.001938e-06	3.204294e-10	1.077469e+01	4.193984e+01
2.170000e-06	2.061245e-06	3.341276e-10	1.109389e+01	4.368895e+01
2.180000e-06	2.120510e-06	3.471360e-10	1.141286e+01	4.541566e+01
2.190000e-06	2.179548e-06	3.603261e-10	1.173061e+01	4.711950e+01
2.200000e-06	2.238348e-06	3.746167e-10	1.204708e+01	4.880007e+01
2.210000e-06	2.296959e-06	3.892530e-10	1.236253e+01	5.045709e+01
2.220000e-06	2.355252e-06	4.022022e-10	1.267627e+01	5.209036e+01
2.230000e-06	2.413086e-06	4.136054e-10	1.298754e+01	5.369976e+01
2.240000e-06	2.470593e-06	4.260433e-10	1.329705e+01	5.528527e+01
2.250000e-06	2.527822e-06	4.398772e-10	1.360507e+01	5.684693e+01
2.260000e-06	2.584667e-06	4.532617e-10	1.391101e+01	5.838488e+01
2.270000e-06	2.641224e-06	4.648550e-10	1.421541e+01	5.989928e+01
2.280000e-06	2.697568e-06	4.748822e-10	1.451866e+01	6.139040e+01
2.290000e-06	2.753651e-06	4.848863e-10	1.482051e+01	6.285852e+01
2.300000e-06	2.809585e-06	4.969152e-10	1.512155e+01	6.430400e+01
2.310000e-06	2.865434e-06	5.105094e-10	1.542214e+01	6.572722e+01
2.320000e-06	2.921160e-06	5.232122e-10	1.572207e+01	6.712859e+01
2.330000e-06	2.976756e-06	5.357138e-10	1.602129e+01	6.850855e+01
2.340000e-06	3.032249e-06	5.481506e-10	1.631996e+01	6.986756e+01
2.350000e-06	3.087530e-06	5.588448e-10	1.661749e+01	7.120609e+01
2.360000e-06	3.142543e-06	5.675274e-10	1.691358e+01	7.252460e+01
2.370000e-06	3.197345e-06	5.747924e-10	1.720853e+01	7.382356e+01
2.380000e-06	3.251834e-06	5.823971e-10	1.750179e+01	7.510346e+01
2.390000e-06	3.306095e-06	5.932432e-10	1.779383e+01	7.636473e+01
2.400000e-06	3.360272e-06	6.066106e-10	1.808542e+01	7.760784e+01
2.410000e-06	3.414325e-06	6.190719e-10	1.837634e+01	7.883321e+01
2.420000e-06	3.468150e-06	6.296644e-10	1.866603e+01	8.004125e+01
2.430000e-06	3.521819e-06	6.387194e-10	1.895489e+01	8.123237e+01
2.440000e-06	3.575260e-06	6.477386e-10	1.924251e+01	8.240694e+01
2.450000e-06	3.628395e-06	6.578291e-10	1.952849e+01	8.356532e+01
2.460000e-06	3.681295e-06	6.674621e-10	1.981321e+01	8.470785e+01
2.470000e-06	3.733824e-06	6.756487e-10	2.009593e+01	8.583487e+01
2.480000e-06	3.785935e-06	6.833021e-10	2.037640e+01	8.694667e+01
2.490000e-06	3.837722e-06	6.916211e-10	2.065512e+01	8.804357e+01
2.500000e-06	3.889129e-06	7.009281e-10	2.093180e+01	8.912584e+01
2.510000e-06	3.940364e-06	7.103922e-10	2.120755e+01	9.019375e+01
2.520000e-06	3.991449e-06	7.187934e-10	2.148250e+01	9.124759e+01
2.530000e-06	4.042003e-06	7.264376e-10	2.175459e+01	9.228759e+01
2.540000e-06	4.092076e-06	7.347148e-10	2.202409e+01	9.331403e+01
2.550000e-06	4.141679e-06	7.429635e-10	2.229106e+01	9.432714e+01
2.560000e-06	4.190807e-06	7.499471e-10	2.255547e+01	9.532718e+01
2.570000e-06	4.239441e-06	7.558044e-10	2.281722e+01	9.631439e+01
2.580000e-06	4.287617e-06	7.626790e-10	2.307651e+01	9.728901e+01
2.590000e-06	4.335578e-06	7.719677e-10	2.333465e+01	9.825127e+01
2.600000e-06	4.383321e-06	7.819276e-10	2.359161e+01	9.920142e+01
2.610000e-06	4.430885e-06	7.903165e-10	2.384760e+01	1.001397e+02
2.620000e-06	4.478241e-06	7.964653e-10	2.410248e+01	1.010662e+02
2.630000e-06	4.525228e-06	8.021941e-10	2.435537e+01	1.019813e+02
2.640000e-06	4.571870e-06	8.094895e-10	2.460640e+01	1.028852e+02
2.650000e-06	4.618174e-06	8.172204e-10	2.485562e+01	1.037779e+02
2.660000e-06	4.664132e-06	8.239404e-10	2.510297e+01	1.046597e+02
2.670000e-06	4.709741e-06	8.296705e-10	2.534844e+01	1.055306e+02
2.680000e-06	4.755062e-06	8.355003e-10	2.559237e+01	1.063909e+02
2.690000e-06	4.800163e-06	8.431905e-10	2.583510e+01	1.072407e+02
2.700000e-06	4.844935e-06	8.511755e-10	2.607607e+01	1.080798e+02
2.710000e-06	4.889297e-06	8.578162e-10	2.631483e+01	1.089085e+02
2.720000e-06	4.933331e-06	8.646903e-10	2.655183e+01	1.097267e+02
2.730000e-06	4.977181e-06	8.726411e-10	2.678784e+01	1.105344e+02
2.740000e-06	5.020869e-06	8.808696e-10	2.702297e+01	1.113315e+02
2.750000e-06	5.064289e-06	8.880989e-10	2.725666e+01	1.121179e+02
2.760000e-06	5.107348e-06	8.940094e-10	2.748841e+01	1.128936e+02
2.770000e-06	5.150001e-06	8.993086e-10	2.771798e+01	1.136583e+02
2.780000e-06	5.192086e-06	9.056914e-10	2.794448e+01	1.144119e+02
2.790000e-06	5.233420e-06	9.133142e-10	2.816695e+01	1.151542e+02
2.800000e-06	5.274108e-06	9.204677e-10	2.838594e+01	1.158850e+02
2.810000e-06	5.314419e-06	9.268714e-10	2.860290e+01	1.166041e+02
2.820000e-06	5.354372e-06	9.330153e-10	2.881793e+01	1.173113e+02
2.830000e-06	5.394044e-06	9.391732e-10	2.903145e+01	1.180064e+02
2.840000e-06	5.433583e-06	9.452349e-10	2.924425e+01	1.186891e+02
2.850000e-06	5.472781e-06	9.508899e-10	2.945522e+01	1.193593e+02
2.860000e-06	5.511543e-06	9.556035e-10	2.966385e+01	1.200167e+02
2.870000e-06	5.550006e-06	9.595939e-10	2.987086e+01	1.206613e+02
2.880000e-06	5.588023e-06	9.646941e-10	3.007547e+01	1.212929e+02
2.890000e-06	5.625545e-06	9.713418e-10	3.027742e+01	1.219115e+02
2.900000e-06	5.662698e-06	9.773105e-10	3.047738e+01	1.225170e+02
2.910000e-06	5.699389e-06	9.817675e-10	3.067486e+01	1.231095e+02
2.920000e-06	5.735618e-06	9.867080e-10	3.086984e+01	1.236890e+02
2.930000e-06	5.771602e-06	9.929721e-10	3.106352e+01	1.242555e+02
2.940000e-06	5.807384e-06	9.991844e-10	3.125610e+01	1.248094e+02
2.950000e-06	5.842961e-06	1.003551e-09	3.144758e+01	1.253508e+02
2.960000e-06	5.878249e-06	1.007127e-09	3.163751e+01	1.258801e+02
2.970000e-06	5.913116e-06	1.012681e-09	3.182516e+01	1.263974e+02
2.980000e-06	5.947336e-06	1.018941e-09	3.200934e+01	1.269033e+02
2.990000e-06	5.980798e-06	1.023535e-09	3.218943e+01	1.273981e+02
3.000000e-06	6.013612e-06	1.027895e-09	3.236604e+01	1.278823e+02
3.010000e-06	6.045861e-06	1.033242e-09	3.253961e+01	1.283564e+02
3.020000e-06	6.077750e-06	1.038735e-09	3.271124e+01	1.288208e+02
3.030000e-06	6.109271e-06	1.045483e-09	3.288089e+01	1.292762e+02
3.040000e-06	6.140439e-06	1.052385e-09	3.304864e+01	1.297231e+02
3.050000e-06	6.171345e-06	1.057459e-09	3.321498e+01	1.301620e+02
3.060000e-06	6.201897e-06	1.062703e-09	3.337942e+01	1.305934e+02
3.070000e-06	6.231952e-06	1.067775e-09	3.354118e+01	1.310178e+02
3.080000e-06	6.261481e-06	1.071289e-09	3.370011e+01	1.314357e+02
3.090000e-06	6.290533e-06	1.075513e-09	3.385647e+01	1.318476e+02
3.100000e-06	6.319141e-06	1.081073e-09	3.401044e+01	1.322538e+02
3.110000e-06	6.347388e-06	1.085498e-09	3.416247e+01	1.326547e+02
3.120000e-06	6.375354e-06	1.088079e-09	3.431299e+01	1.330506e+02
3.130000e-06	6.403105e-06	1.090392e-09	3.446235e+01	1.334417e+02
3.140000e-06	6.430500e-06	1.093623e-09	3.460979e+01	1.338283e+02
3.150000e-06	6.457229e-06	1.097327e-09	3.475365e+01	1.342103e+02
3.160000e-06	6.483241e-06	1.100717e-09	3.489365e+01	1.345878e+02
3.170000e-06	6.508643e-06	1.104157e-09	3.503037e+01	1.349608e+02
3.180000e-06	6.533373e-06	1.108309e-09	3.516347e+01	1.353292e+02
3.190000e-06	6.557482e-06	1.112426e-09	3.529322e+01	1.356929e+02
3.200000e-06	6.581154e-06	1.114299e-09	3.542063e+01	1.360515e+02
3.210000e-06	6.604407e-06	1.115716e-09	3.554578e+01	1.364049e+02
3.220000e-06	6.627127e-06	1.119762e-09	3.566806e+01	1.367527e+02
3.230000e-06	6.649348e-06	1.125151e-09	3.578766e+01	1.370946e+02
3.240000e-06	6.671227e-06	1.129836e-09	3.590541e+01	1.374301e+02
3.250000e-06	6.692787e-06	1.132771e-09	3.602145e+01	1.377589e+02
3.260000e-06	6.713959e-06	1.135064e-09	3.613541e+01	1.380806e+02
3.270000e-06	6.734621e-06	1.138794e-09	3.624661e+01	1.383947e+02
3.280000e-06	6.754835e-06	1.142765e-09	3.635540e+01	1.387008e+02
3.290000e-06	6.774811e-06	1.145375e-09	3.646292e+01	1.389985e+02
3.300000e-06	6.794493e-06	1.147370e-09	3.656885e+01	1.392875e+02
3.310000e-06	6.813655e-06	1.149639e-09	3.667198e+01	1.395675e+02
3.320000e-06	6.832247e-06	1.153268e-09	3.677205e+01	1.398380e+02
3.330000e-06	6.850289e-06	1.157371e-09	3.686915e+01	1.400989e+02
3.340000e-06	6.867886e-06	1.159928e-09	3.696386e+01	1.403500e+02
3.350000e-06	6.884972e-06	1.162327e-09	3.705582e+01	1.405911e+02
3.360000e-06	6.901540e-06	1.165076e-09	3.714499e+01	1.408221e+02
3.370000e-06	6.917703e-06	1.166108e-09	3.723198e+01	1.410431e+02
3.380000e-06	6.933277e-06	1.167419e-09	3.731580e+01	1.412540e+02
3.390000e-06	6.948179e-06	1.170491e-09	3.739601e+01	1.414549e+02
3.400000e-06	6.962492e-06	1.174224e-09	3.747304e+01	1.416459e+02
3.410000e-06	6.976234e-06	1.178933e-09	3.754700e+01	1.418273e+02
3.420000e-06	6.989452e-06	1.183694e-09	3.761814e+01	1.419992e+02
3.430000e-06	7.002184e-06	1.185789e-09	3.768667e+01	1.421620e+02
3.440000e-06	7.014383e-06	1.185315e-09	3.775232e+01	1.423159e+02
3.450000e-06	7.026140e-06	1.185853e-09	3.781560e+01	1.424613e+02
3.460000e-06	7.037391e-06	1.188833e-09	3.787616e+01	1.425984e+02
3.470000e-06	7.047905e-06	1.192546e-09	3.793274e+01	1.427276e+02
3.480000e-06	7.057582e-06	1.194522e-09	3.798483e+01	1.428493e+02
3.490000e-06	7.066438e-06	1.195100e-09	3.803249e+01	1.429638e+02
3.500000e-06	7.074699e-06	1.196178e-09	3.807695e+01	1.430713e+02
3.510000e-06	7.082647e-06	1.198564e-09	3.811973e+01	1.431722e+02
3.520000e-06	7.090246e-06	1.201474e-09	3.816063e+01	1.432668e+02
3.530000e-06	7.097324e-06	1.203342e-09	3.819873e+01	1.433551e+02
3.540000e-06	7.103956e-06	1.204645e-09	3.823442e+01	1.434375e+02
3.550000e-06	7.110203e-06	1.206529e-09	3.826804e+01	1.435139e+02
3.560000e-06	7.115990e-06	1.208874e-09	3.829919e+01	1.435846e+02
3.570000e-06	7.121242e-06	1.210667e-09	3.832746e+01	1.436496e+02
3.580000e-06	7.125897e-06	1.211324e-09	3.835250e+01	1.437088e+02
3.590000e-06	7.130084e-06	1.212480e-09	3.837504e+01	1.437621e+02
3.600000e-06	7.133961e-06	1.215735e-09	3.839591e+01	1.438095e+02
3.610000e-06	7.137383e-06	1.219725e-09	3.841433e+01	1.438509e+02
3.620000e-06	7.140335e-06	1.221118e-09	3.843022e+01	1.438861e+02
3.630000e-06	7.142811e-06	1.220358e-09	3.844354e+01	1.439150e+02
3.640000e-06	7.144558e-06	1.220213e-09	3.845294e+01	1.439372e+02
3.650000e-06	7.145526e-06	1.220871e-09	3.845815e+01	1.439526e+02
3.660000e-06	7.145869e-06	1.222207e-09	3.846000e+01	1.439610e+02
3.670000e-06	7.145720e-06	1.223415e-09	3.845920e+01	1.439621e+02
3.680000e-06	7.145217e-06	1.224167e-09	3.845649e+01	1.439559e+02
3.690000e-06	7.144443e-06	1.224656e-09	3.845233e+01	1.439420e+02
3.700000e-06	7.143164e-06	1.225305e-09	3.844544e+01	1.439205e+02
3.710000e-06	7.141380e-06	1.225905e-09	3.843584e+01	1.438911e+02
3.720000e-06	7.139158e-06	1.225615e-09	3.842388e+01	1.438537e+02
3.730000e-06	7.136336e-06	1.226420e-09	3.840869e+01	1.438085e+02
3.740000e-06	7.133060e-06	1.230175e-09	3.839106e+01	1.437553e+02
3.750000e-06	7.129443e-06	1.230125e-09	3.837159e+01	1.436944e+02
3.760000e-06	7.125252e-06	1.216834e-09	3.834904e+01	1.436257e+02
3.770000e-06	7.120205e-06	1.213451e-09	3.832187e+01	1.435496e+02
3.780000e-06	7.114469e-06	1.252734e-09	3.829100e+01	1.434662e+02
3.790000e-06	7.108331e-06	1.259574e-09	3.825796e+01	1.433758e+02
3.800000e-06	7.101834e-06	1.193757e-09	3.822300e+01	1.432788e+02
3.810000e-06	7.094821e-06	1.183587e-09	3.818525e+01	1.431755e+02
3.820000e-06	7.087297e-06	1.262433e-09	3.814476e+01	1.430663e+02
3.830000e-06	7.079415e-06	1.275030e-09	3.810233e+01	1.429516e+02
3.840000e-06	7.071059e-06	1.180327e-09	3.805736e+01	1.428319e+02
3.850000e-06	7.062170e-06	1.164479e-09	3.800952e+01	1.427076e+02
3.860000e-06	7.052781e-06	1.280512e-09	3.795899e+01	1.425791e+02
3.870000e-06	7.042951e-06	1.295502e-09	3.790608e+01	1.424470e+02
3.880000e-06	7.032612e-06	1.156821e-09	3.785043e+01	1.423115e+02
3.890000e-06	7.021775e-06	1.153701e-09	3.779211e+01	1.421731e+02
3.900000e-06	7.010504e-06	1.307539e-09	3.773145e+01	1.420322e+02
3.910000e-06	6.998659e-06	1.293378e-09	3.766770e+01	1.418890e+02
3.920000e-06	6.986064e-06	1.136385e-09	3.759991e+01	1.417439e+02
3.930000e-06	6.972582e-06	1.179469e-09	3.752734e+01	1.415970e+02
3.940000e-06	6.958381e-06	1.323544e-09	3.745091e+01	1.414485e+02
3.950000e-06	6.943652e-06	1.238830e-09	3.737164e+01	1.412984e+02
3.960000e-06	6.928301e-06	1.118607e-09	3.728902e+01	1.411468e+02
3.970000e-06	6.912382e-06	1.237609e-09	3.720334e+01	1.409938e+02
3.980000e-06	6.896139e-06	1.313506e-09	3.711592e+01	1.408391e+02
3.990000e-06	6.879468e-06	1.168939e-09	3.702620e+01	1.406826e+02
4.000000e-06	6.862214e-06	1.157518e-09	3.693333e+01	1.405242e+02
4.010000e-06	6.844571e-06	1.308259e-09	3.683837e+01	1.403635e+02
4.020000e-06	6.826506e-06	1.249116e-09	3.674115e+01	1.402004e+02
4.030000e-06	6.807979e-06	1.121903e-09	3.664143e+01	1.400343e+02
4.040000e-06	6.789039e-06	1.239469e-09	3.653950e+01	1.398651e+02
4.050000e-06	6.769599e-06	1.314056e-09	3.643486e+01	1.396923e+02
4.060000e-06	6.749639e-06	1.163391e-09	3.632744e+01	1.395154e+02
4.070000e-06	6.729278e-06	1.158449e-09	3.621785e+01	1.393342e+02
4.080000e-06	6.708578e-06	1.300456e-09	3.610644e+01	1.391482e+02
4.090000e-06	6.687400e-06	1.232770e-09	3.599246e+01	1.389570e+02
4.100000e-06	6.665693e-06	1.138474e-09	3.587563e+01	1.387602e+02
4.110000e-06	6.643294e-06	1.248862e-09	3.575508e+01	1.385576e+02
4.120000e-06	6.620129e-06	1.266262e-09	3.563040e+01	1.383489e+02
4.130000e-06	6.596482e-06	1.150153e-09	3.550313e+01	1.381337e+02
4.140000e-06	6.572396e-06	1.200153e-09	3.537349e+01	1.379118e+02
4.150000e-06	6.547760e-06	1.272615e-09	3.524090e+01	1.376831e+02
4.160000e-06	6.522809e-06	1.180325e-09	3.510661e+01	1.374475e+02
4.170000e-06	6.497631e-06	1.167635e-09	3.497110e+01	1.372049e+02
4.180000e-06	6.471926e-06	1.252410e-09	3.483275e+01	1.369551e+02
4.190000e-06	6.445554e-06	1.208694e-09	3.469081e+01	1.366983e+02
4.200000e-06	6.418730e-06	1.163351e-09	3.454644e+01	1.364346e+02
4.210000e-06	6.391516e-06	1.225469e-09	3.439998e+01	1.361639e+02
4.220000e-06	6.363824e-06	1.216118e-09	3.425093e+01	1.358864e+02
4.230000e-06	6.335841e-06	1.165677e-09	3.410032e+01	1.356022e+02
4.240000e-06	6.307543e-06	1.204059e-09	3.394802e+01	1.353116e+02
4.250000e-06	6.278791e-06	1.217500e-09	3.379327e+01	1.350147e+02
4.260000e-06	6.249604e-06	1.175716e-09	3.363618e+01	1.347117e+02
4.270000e-06	6.219732e-06	1.188209e-09	3.347541e+01	1.344027e+02
4.280000e-06	6.189179e-06	1.206026e-09	3.331097e+01	1.340879e+02
4.290000e-06	6.158183e-06	1.182445e-09	3.314414e+01	1.337675e+02
4.300000e-06	6.126696e-06	1.181400e-09	3.297468e+01	1.334416e+02
4.310000e-06	6.094637e-06	1.189469e-09	3.280213e+01	1.331103e+02
4.320000e-06	6.062036e-06	1.176794e-09	3.262667e+01	1.327736e+02
4.330000e-06	6.029088e-06	1.176696e-09	3.244934e+01	1.324316e+02
4.340000e-06	5.995869e-06	1.180539e-09	3.227055e+01	1.320842e+02
4.350000e-06	5.962324e-06	1.173648e-09	3.209001e+01	1.317313e+02
4.360000e-06	5.928379e-06	1.174311e-09	3.190731e+01	1.313730e+02
4.370000e-06	5.893925e-06	1.171443e-09	3.172187e+01	1.310089e+02
4.380000e-06	5.859070e-06	1.164315e-09	3.153428e+01	1.306390e+02
4.390000e-06	5.823930e-06	1.168873e-09	3.134515e+01	1.302629e+02
4.400000e-06	5.788482e-06	1.165435e-09	3.115437e+01	1.298804e+02
4.410000e-06	5.752632e-06	1.154106e-09	3.096141e+01	1.294912e+02
4.420000e-06	5.716383e-06	1.158205e-09	3.076632e+01	1.290950e+02
4.430000e-06	5.679790e-06	1.160655e-09	3.056937e+01	1.286914e+02
4.440000e-06	5.642681e-06	1.149701e-09	3.036965e+01	1.282801e+02
4.450000e-06	5.604989e-06	1.145976e-09	3.016678e+01	1.278607e+02
4.460000e-06	5.566746e-06	1.146796e-09	2.996095e+01	1.274328e+02
4.470000e-06	5.527990e-06	1.140250e-09	2.975236e+01	1.269962e+02
4.480000e-06	5.488817e-06	1.136022e-09	2.954153e+01	1.265504e+02
4.490000e-06	5.449139e-06	1.136002e-09	2.932798e+01	1.260952e+02
4.500000e-06	5.409140e-06	1.130541e-09	2.911270e+01	1.256304e+02
4.510000e-06	5.368855e-06	1.124125e-09	2.889588e+01	1.251556e+02
4.520000e-06	5.328125e-06	1.122709e-09	2.867666e+01	1.246707e+02
4.530000e-06	5.287006e-06	1.120780e-09	2.845536e+01	1.241755e+02
4.540000e-06	5.245688e-06	1.115953e-09	2.823298e+01	1.236700e+02
4.550000e-06	5.204050e-06	1.111305e-09	2.800888e+01	1.231540e+02
4.560000e-06	5.161861e-06	1.107785e-09	2.778181e+01	1.226275e+02
4.570000e-06	5.119322e-06	1.104094e-09	2.755286e+01	1.220906e+02
4.580000e-06	5.076412e-06	1.098565e-09	2.732191e+01	1.215434e+02
4.590000e-06	5.033194e-06	1.090969e-09	2.708931e+01	1.209859e+02
4.600000e-06	4.989766e-06	1.085138e-09	2.685557e+01	1.204183e+02
4.610000e-06	4.946061e-06	1.082651e-09	2.662035e+01	1.198408e+02
4.620000e-06	4.902036e-06	1.081629e-09	2.638340e+01	1.192535e+02
4.630000e-06	4.857562e-06	1.079038e-09	2.614403e+01	1.186566e+02
4.640000e-06	4.812771e-06	1.073906e-09	2.590296e+01	1.180505e+02
4.650000e-06	4.767852e-06	1.067738e-09	2.566120e+01	1.174352e+02
4.660000e-06	4.722666e-06	1.062301e-09	2.541800e+01	1.168109e+02
4.670000e-06	4.677164e-06	1.057693e-09	2.517310e+01	1.161780e+02
4.680000e-06	4.631281e-06	1.051840e-09	2.492616e+01	1.155365e+02
4.690000e-06	4.585040e-06	1.044713e-09	2.467728e+01	1.148865e+02
4.700000e-06	4.538436e-06	1.037936e-09	2.442646e+01	1.142281e+02
4.710000e-06	4.491565e-06	1.033196e-09	2.417419e+01	1.135615e+02
4.720000e-06	4.444375e-06	1.030221e-09	2.392021e+01	1.128866e+02
4.730000e-06	4.396634e-06	1.025369e-09	2.366326e+01	1.122033e+02
4.740000e-06	4.348703e-06	1.017803e-09	2.340529e+01	1.115116e+02
4.750000e-06	4.300562e-06	1.012315e-09	2.314618e+01	1.108113e+02
4.760000e-06	4.251937e-06	1.008955e-09	2.288448e+01	1.101022e+02
4.770000e-06	4.202996e-06	1.001991e-09	2.262107e+01	1.093841e+02
4.780000e-06	4.153797e-06	9.923334e-10	2.235628e+01	1.086566e+02
4.790000e-06	4.104255e-06	9.847247e-10	2.208963e+01	1.079195e+02
4.800000e-06	4.054363e-06	9.792615e-10	2.182111e+01	1.071724e+02
4.810000e-06	4.004051e-06	9.757911e-10	2.155033e+01	1.064149e+02
4.820000e-06	3.953371e-06	9.729347e-10	2.127756e+01	1.056464e+02
4.830000e-06	3.902414e-06	9.676116e-10	2.100330e+01	1.048668e+02
4.840000e-06	3.851147e-06	9.599703e-10	2.072737e+01	1.040753e+02
4.850000e-06	3.799661e-06	9.515814e-10	2.045027e+01	1.032717e+02
4.860000e-06	3.748036e-06	9.425562e-10	2.017242e+01	1.024555e+02
4.870000e-06	3.696220e-06	9.340822e-10	1.989354e+01	1.016263e+02
4.880000e-06	3.644010e-06	9.277948e-10	1.961253e+01	1.007836e+02
4.890000e-06	3.591287e-06	9.227621e-10	1.932878e+01	9.992722e+01
4.900000e-06	3.538208e-06	9.173306e-10	1.904310e+01	9.905675e+01
4.910000e-06	3.484906e-06	9.117569e-10	1.875622e+01	9.817196e+01
4.920000e-06	3.431257e-06	9.042446e-10	1.846747e+01	9.727265e+01
4.930000e-06	3.377181e-06	8.941734e-10	1.817643e+01	9.635865e+01
4.940000e-06	3.322737e-06	8.852992e-10	1.788340e+01	9.542988e+01
4.950000e-06	3.267989e-06	8.777911e-10	1.758874e+01	9.448632e+01
4.960000e-06	3.212922e-06	8.697949e-10	1.729237e+01	9.352800e+01
4.970000e-06	3.157536e-06	8.615250e-10	1.699427e+01	9.255501e+01
4.980000e-06	3.102013e-06	8.527436e-10	1.669544e+01	9.156750e+01
4.990000e-06	3.046340e-06	8.438368e-10	1.639580e+01	9.056569e+01
5.000000e-06	2.990430e-06	8.355120e-10	1.609488e+01	8.954982e+01
5.010000e-06	2.934298e-06	8.264462e-10	1.579278e+01	8.852019e+01
5.020000e-06	2.877937e-06	8.167307e-10	1.548943e+01	8.747714e+01
5.030000e-06	2.821394e-06	8.081858e-10	1.518511e+01	8.642102e+01
5.040000e-06	2.764582e-06	8.003420e-10	1.487934e+01	8.535221e+01
5.050000e-06	2.707492e-06	7.910843e-10	1.457207e+01	8.427111e+01
5.060000e-06	2.650390e-06	7.805769e-10	1.426474e+01	8.317809e+01
5.070000e-06	2.593211e-06	7.698804e-10	1.395700e+01	8.207354e+01
5.080000e-06	2.535715e-06	7.593641e-10	1.364755e+01	8.095783e+01
5.090000e-06	2.478057e-06	7.496795e-10	1.333723e+01	7.983127e+01
5.100000e-06	2.420430e-06	7.399103e-10	1.302707e+01	7.869417e+01
5.110000e-06	2.362603e-06	7.292450e-10	1.271584e+01	7.754678e+01
5.120000e-06	2.304489e-06	7.183061e-10	1.240306e+01	7.638930e+01
5.130000e-06	2.246254e-06	7.078989e-10	1.208963e+01	7.522187e+01
5.140000e-06	2.187836e-06	6.980436e-10	1.177522e+01	7.404457e+01
5.150000e-06	2.129189e-06	6.872114e-10	1.145957e+01	7.285742e+01
5.160000e-06	2.070415e-06	6.752307e-10	1.114324e+01	7.166034e+01
5.170000e-06	2.011588e-06	6.631867e-10	1.082663e+01	7.045321e+01
5.180000e-06	1.952532e-06	6.516258e-10	1.050878e+01	6.923583e+01
5.190000e-06	1.893262e-06	6.401436e-10	1.018978e+01	6.800791e+01
5.200000e-06	1.833970e-06	6.284668e-10	9.870666e+00	6.676912e+01
5.210000e-06	1.774642e-06	6.168442e-10	9.551356e+00	6.551905e+01
5.220000e-06	1.715220e-06	6.056574e-10	9.231536e+00	6.425722e+01
5.230000e-06	1.655690e-06	5.947319e-10	8.911138e+00	6.298310e+01
5.240000e-06	1.596050e-06	5.833374e-10	8.590151e+00	6.169612e+01
5.250000e-06	1.536263e-06	5.701116e-10	8.268368e+00	6.039565e+01
5.260000e-06	1.476376e-06	5.562317e-10	7.946046e+00	5.908104e+01
5.270000e-06	1.416403e-06	5.446237e-10	7.623265e+00	5.775162e+01
5.280000e-06	1.356267e-06	5.332676e-10	7.299604e+00	5.640667e+01
5.290000e-06	1.296076e-06	5.206442e-10	6.975652e+00	5.504551e+01
5.300000e-06	1.235936e-06	5.078355e-10	6.651970e+00	5.366741e+01
5.310000e-06	1.175740e-06	4.947133e-10	6.327987e+00	5.227168e+01
5.320000e-06	1.115499e-06	4.815460e-10	6.003763e+00	5.085766e+01
5.330000e-06	1.055254e-06	4.690956e-10	5.679513e+00	4.942468e+01
5.340000e-06	9.949582e-07	4.574536e-10	5.354995e+00	4.797214e+01
5.350000e-06	9.346504e-07	4.450455e-10	5.030410e+00	4.649947e+01
5.360000e-06	8.742955e-07	4.309077e-10	4.705573e+00	4.500615e+01
5.370000e-06	8.137941e-07	4.169405e-10	4.379946e+00	4.349173e+01
5.380000e-06	7.532811e-07	4.034305e-10	4.054257e+00	4.195579e+01
5.390000e-06	6.927613e-07	3.892086e-10	3.728532e+00	4.039803e+01
5.400000e-06	6.320801e-07	3.740933e-10	3.401938e+00	3.881818e+01
5.410000e-06	5.712725e-07	3.585427e-10	3.074663e+00	3.721608e+01
5.420000e-06	5.104296e-07	3.432830e-10	2.747199e+00	3.559162e+01
5.430000e-06	4.496924e-07	3.282410e-10	2.420303e+00	3.394480e+01
5.440000e-06	3.889497e-07	3.132241e-10	2.093378e+00	3.227569e+01
5.450000e-06	3.280708e-07	2.969506e-10	1.765720e+00	3.058446e+01
5.460000e-06	2.671149e-07	2.796705e-10	1.437647e+00	2.887136e+01
5.470000e-06	2.061305e-07	2.633189e-10	1.109421e+00	2.713671e+01
5.480000e-06	1.452454e-07	2.484249e-10	7.817299e-01	2.538096e+01
5.490000e-06	8.458458e-08	2.333122e-10	4.552453e-01	2.360460e+01
5.500000e-06	2.392929e-08	2.161207e-10	1.287906e-01	2.180823e+01
5.510000e-06	-3.689959e-08	1.981362e-10	-1.985984e-01	1.999254e+01
5.520000e-06	-9.777028e-08	1.813795e-10	-5.262124e-01	1.815828e+01
5.530000e-06	-1.586591e-07	1.651404e-10	-8.539240e-01	1.630630e+01
5.540000e-06	-2.194732e-07	1.481546e-10	-1.181233e+00	1.443750e+01
5.550000e-06	-2.801706e-07	1.309471e-10	-1.507914e+00	1.255289e+01
5.560000e-06	-3.409276e-07	1.134632e-10	-1.834917e+00	1.065352e+01
5.570000e-06	-4.017584e-07	9.570781e-11	-2.162316e+00	8.740518e+00
5.580000e-06	-4.626126e-07	7.757373e-11	-2.489841e+00	6.815077e+00
5.590000e-06	-5.234157e-07	5.865406e-11	-2.817091e+00	4.878446e+00
5.600000e-06	-5.841439e-07	4.005787e-11	-3.143939e+00	2.931930e+00
5.610000e-06	-6.448130e-07	2.163132e-11	-3.470467e+00	9.768820e-01
5.620000e-06	-7.052913e-07	3.401422e-12	-3.795970e+00	-9.852984e-01
5.630000e-06	-7.656765e-07	-1.434934e-11	-4.120971e+00	-2.953173e+00
5.640000e-06	-8.260713e-07	-3.403866e-11	-4.446024e+00	-4.925269e+00
5.650000e-06	-8.863977e-07	-5.495961e-11	-4.770708e+00	-6.900087e+00
5.660000e-06	-9.466589e-07	-7.387907e-11	-5.095042e+00	-8.876107e+00
5.670000e-06	-1.006915e-06	-9.128682e-11	-5.419349e+00	-1.085179e+01
5.680000e-06	-1.067148e-06	-1.079851e-10	-5.743532e+00	-1.282560e+01
5.690000e-06	-1.127356e-06	-1.243271e-10	-6.067576e+00	-1.479598e+01
5.700000e-06	-1.187546e-06	-1.423861e-10	-6.391528e+00	-1.676141e+01
5.710000e-06	-1.247675e-06	-1.618889e-10	-6.715152e+00	-1.872035e+01
5.720000e-06	-1.307775e-06	-1.808726e-10	-7.038617e+00	-2.067132e+01
5.730000e-06	-1.367867e-06	-1.996712e-10	-7.362037e+00	-2.261283e+01
5.740000e-06	-1.427879e-06	-2.179960e-10	-7.685031e+00	-2.454347e+01
5.750000e-06	-1.487810e-06	-2.351974e-10	-8.007589e+00	-2.646184e+01
5.760000e-06	-1.547679e-06	-2.527197e-10	-8.329809e+00	-2.836661e+01
5.770000e-06	-1.607486e-06	-2.704478e-10	-8.651701e+00	-3.025652e+01
5.780000e-06	-1.667280e-06	-2.883433e-10	-8.973516e+00	-3.213034e+01
5.790000e-06	-1.727005e-06	-3.073044e-10	-9.294967e+00	-3.398695e+01
5.800000e-06	-1.786554e-06	-3.271235e-10	-9.615469e+00	-3.582530e+01
5.810000e-06	-1.846014e-06	-3.457742e-10	-9.935487e+00	-3.764441e+01
5.820000e-06	-1.905318e-06	-3.621348e-10	-1.025467e+01	-3.944340e+01
5.830000e-06	-1.964351e-06	-3.783259e-10	-1.057239e+01	-4.122147e+01
5.840000e-06	-2.023257e-06	-3.944887e-10	-1.088943e+01	-4.297793e+01
5.850000e-06	-2.082065e-06	-4.099223e-10	-1.120594e+01	-4.471217e+01
5.860000e-06	-2.140711e-06	-4.252452e-10	-1.152159e+01	-4.642368e+01
5.870000e-06	-2.199007e-06	-4.407501e-10	-1.183534e+01	-4.811205e+01
5.880000e-06	-2.257127e-06	-4.565014e-10	-1.214815e+01	-4.977695e+01
5.890000e-06	-2.315232e-06	-4.716828e-10	-1.246088e+01	-5.141815e+01
5.900000e-06	-2.373190e-06	-4.866678e-10	-1.277282e+01	-5.303552e+01
5.910000e-06	-2.430908e-06	-5.018345e-10	-1.308346e+01	-5.462899e+01
5.920000e-06	-2.488349e-06	-5.161973e-10	-1.339262e+01	-5.619860e+01
5.930000e-06	-2.545635e-06	-5.306021e-10	-1.370094e+01	-5.774443e+01
5.940000e-06	-2.602724e-06	-5.460795e-10	-1.400820e+01	-5.926666e+01
5.950000e-06	-2.659648e-06	-5.614375e-10	-1.431457e+01	-6.076551e+01
5.960000e-06	-2.716398e-06	-5.754401e-10	-1.462001e+01	-6.224126e+01
5.970000e-06	-2.772894e-06	-5.881386e-10	-1.492408e+01	-6.369425e+01
5.980000e-06	-2.829226e-06	-5.992523e-10	-1.522726e+01	-6.512485e+01
5.990000e-06	-2.885411e-06	-6.101753e-10	-1.552966e+01	-6.653346e+01
6.000000e-06	-2.941533e-06	-6.224804e-10	-1.583171e+01	-6.792051e+01
6.010000e-06	-2.997677e-06	-6.351123e-10	-1.613389e+01	-6.928645e+01
6.020000e-06	-3.053701e-06	-6.469966e-10	-1.643541e+01	-7.063176e+01
6.030000e-06	-3.109477e-06	-6.586515e-10	-1.673561e+01	-7.195689e+01
6.040000e-06	-3.164993e-06	-6.705583e-10	-1.703441e+01	-7.326232e+01
6.050000e-06	-3.220151e-06	-6.821217e-10	-1.733127e+01	-7.454852e+01
6.060000e-06	-3.275014e-06	-6.941090e-10	-1.762655e+01	-7.581596e+01
6.070000e-06	-3.329554e-06	-7.062054e-10	-1.792009e+01	-7.706507e+01
6.080000e-06	-3.383495e-06	-7.180827e-10	-1.821041e+01	-7.829631e+01
6.090000e-06	-3.436925e-06	-7.307885e-10	-1.849798e+01	-7.951008e+01
6.100000e-06	-3.490064e-06	-7.434428e-10	-1.878398e+01	-8.070680e+01
6.110000e-06	-3.542908e-06	-7.545263e-10	-1.906840e+01	-8.188685e+01
6.120000e-06	-3.595475e-06	-7.648848e-10	-1.935131e+01	-8.305059e+01
6.130000e-06	-3.647797e-06	-7.752766e-10	-1.963292e+01	-8.419837e+01
6.140000e-06	-3.699796e-06	-7.851582e-10	-1.991279e+01	-8.533052e+01
6.150000e-06	-3.751606e-06	-7.958173e-10	-2.019163e+01	-8.644737e+01
6.160000e-06	-3.803177e-06	-8.072237e-10	-2.046920e+01	-8.754921e+01
6.170000e-06	-3.854340e-06	-8.172969e-10	-2.074456e+01	-8.863632e+01
6.180000e-06	-3.905154e-06	-8.255807e-10	-2.101805e+01	-8.970899e+01
6.190000e-06	-3.955715e-06	-8.332714e-10	-2.129017e+01	-9.076749e+01
6.200000e-06	-4.006026e-06	-8.411646e-10	-2.156096e+01	-9.181208e+01
6.210000e-06	-4.055992e-06	-8.500081e-10	-2.182988e+01	-9.284301e+01
6.220000e-06	-4.105637e-06	-8.591911e-10	-2.209708e+01	-9.386054e+01
6.230000e-06	-4.155062e-06	-8.677590e-10	-2.236309e+01	-9.486492e+01
6.240000e-06	-4.204250e-06	-8.763525e-10	-2.262782e+01	-9.585638e+01
6.250000e-06	-4.252839e-06	-8.854246e-10	-2.288933e+01	-9.683517e+01
6.260000e-06	-4.300782e-06	-8.943997e-10	-2.314737e+01	-9.780153e+01
6.270000e-06	-4.348338e-06	-9.021296e-10	-2.340332e+01	-9.875569e+01
6.280000e-06	-4.395574e-06	-9.093791e-10	-2.365755e+01	-9.969788e+01
6.290000e-06	-4.442612e-06	-9.180958e-10	-2.391072e+01	-1.006283e+02
6.300000e-06	-4.489411e-06	-9.277541e-10	-2.416259e+01	-1.015472e+02
6.310000e-06	-4.535997e-06	-9.358445e-10	-2.441333e+01	-1.024548e+02
6.320000e-06	-4.582302e-06	-9.425271e-10	-2.466255e+01	-1.033512e+02
6.330000e-06	-4.628254e-06	-9.503117e-10	-2.490987e+01	-1.042366e+02
6.340000e-06	-4.673880e-06	-9.591086e-10	-2.515543e+01	-1.051112e+02
6.350000e-06	-4.719152e-06	-9.675190e-10	-2.539909e+01	-1.059750e+02
6.360000e-06	-4.764074e-06	-9.748753e-10	-2.564087e+01	-1.068283e+02
6.370000e-06	-4.808645e-06	-9.812488e-10	-2.588075e+01	-1.076710e+02
6.380000e-06	-4.853008e-06	-9.884206e-10	-2.611952e+01	-1.085031e+02
6.390000e-06	-4.897159e-06	-9.967818e-10	-2.635715e+01	-1.093248e+02
6.400000e-06	-4.941066e-06	-1.004485e-09	-2.659346e+01	-1.101360e+02
6.410000e-06	-4.984739e-06	-1.010656e-09	-2.682851e+01	-1.109367e+02
6.420000e-06	-5.028079e-06	-1.017489e-09	-2.706177e+01	-1.117267e+02
6.430000e-06	-5.071029e-06	-1.025413e-09	-2.729294e+01	-1.125059e+02
6.440000e-06	-5.113523e-06	-1.032964e-09	-2.752165e+01	-1.132743e+02
6.450000e-06	-5.155638e-06	-1.040239e-09	-2.774832e+01	-1.140316e+02
6.460000e-06	-5.197440e-06	-1.047003e-09	-2.797330e+01	-1.147777e+02
6.470000e-06	-5.238824e-06	-1.053600e-09	-2.819603e+01	-1.155124e+02
6.480000e-06	-5.279782e-06	-1.060191e-09	-2.841648e+01	-1.162354e+02
6.490000e-06	-5.320331e-06	-1.066986e-09	-2.863471e+01	-1.169466e+02
6.500000e-06	-5.360592e-06	-1.073750e-09	-2.885140e+01	-1.176458e+02
6.510000e-06	-5.400719e-06	-1.079952e-09	-2.906737e+01	-1.183326e+02
6.520000e-06	-5.440662e-06	-1.085309e-09	-2.928235e+01	-1.190070e+02
6.530000e-06	-5.480253e-06	-1.089173e-09	-2.949543e+01	-1.196687e+02
6.540000e-06	-5.519428e-06	-1.093278e-09	-2.970628e+01	-1.203176e+02
6.550000e-06	-5.558070e-06	-1.099186e-09	-2.991426e+01	-1.209536e+02
6.560000e-06	-5.595968e-06	-1.105305e-09	-3.011823e+01	-1.215765e+02
6.570000e-06	-5.633218e-06	-1.110865e-09	-3.031871e+01	-1.221864e+02
6.580000e-06	-5.669903e-06	-1.116422e-09	-3.051616e+01	-1.227832e+02
6.590000e-06	-5.706281e-06	-1.121370e-09	-3.071195e+01	-1.233670e+02
6.600000e-06	-5.742504e-06	-1.125105e-09	-3.090691e+01	-1.239378e+02
6.610000e-06	-5.778409e-06	-1.127826e-09	-3.110015e+01	-1.244959e+02
6.620000e-06	-5.814016e-06	-1.130405e-09	-3.129179e+01	-1.250415e+02
6.630000e-06	-5.849180e-06	-1.133897e-09	-3.148105e+01	-1.255747e+02
6.640000e-06	-5.883865e-06	-1.137686e-09	-3.166773e+01	-1.260960e+02
6.650000e-06	-5.918076e-06	-1.140679e-09	-3.185186e+01	-1.266056e+02
6.660000e-06	-5.951846e-06	-1.143218e-09	-3.203361e+01	-1.271041e+02
6.670000e-06	-5.985254e-06	-1.146654e-09	-3.221342e+01	-1.275918e+02
6.680000e-06	-6.018125e-06	-1.150923e-09	-3.239034e+01	-1.280692e+02
6.690000e-06	-6.050647e-06	-1.154723e-09	-3.256537e+01	-1.285368e+02
6.700000e-06	-6.082954e-06	-1.158530e-09	-3.273925e+01	-1.289952e+02
6.710000e-06	-6.114907e-06	-1.162499e-09	-3.291123e+01	-1.294448e+02
6.720000e-06	-6.146532e-06	-1.166155e-09	-3.308143e+01	-1.298863e+02
6.730000e-06	-6.177665e-06	-1.168878e-09	-3.324900e+01	-1.303201e+02
6.740000e-06	-6.208064e-06	-1.170860e-09	-3.341261e+01	-1.307468e+02
6.750000e-06	-6.237767e-06	-1.173971e-09	-3.357248e+01	-1.311668e+02
6.760000e-06	-6.266792e-06	-1.177434e-09	-3.372869e+01	-1.315807e+02
6.770000e-06	-6.295255e-06	-1.180590e-09	-3.388188e+01	-1.319887e+02
6.780000e-06	-6.323477e-06	-1.183729e-09	-3.403378e+01	-1.323914e+02
6.790000e-06	-6.351495e-06	-1.185992e-09	-3.418457e+01	-1.327889e+02
6.800000e-06	-6.379017e-06	-1.187209e-09	-3.433270e+01	-1.331817e+02
6.810000e-06	-6.406002e-06	-1.188396e-09	-3.447794e+01	-1.335697e+02
6.820000e-06	-6.432608e-06	-1.190371e-09	-3.462113e+01	-1.339532e+02
6.830000e-06	-6.458885e-06	-1.193592e-09	-3.476256e+01	-1.343322e+02
6.840000e-06	-6.484719e-06	-1.197342e-09	-3.490160e+01	-1.347068e+02
6.850000e-06	-6.509998e-06	-1.199320e-09	-3.503766e+01	-1.350767e+02
6.860000e-06	-6.534772e-06	-1.200604e-09	-3.517099e+01	-1.354420e+02
6.870000e-06	-6.559179e-06	-1.202249e-09	-3.530236e+01	-1.358023e+02
6.880000e-06	-6.583384e-06	-1.203749e-09	-3.543263e+01	-1.361575e+02
6.890000e-06	-6.607215e-06	-1.206425e-09	-3.556089e+01	-1.365072e+02
6.900000e-06	-6.630434e-06	-1.209135e-09	-3.568586e+01	-1.368511e+02
6.910000e-06	-6.652984e-06	-1.210883e-09	-3.580723e+01	-1.371888e+02
6.920000e-06	-6.674721e-06	-1.213421e-09	-3.592422e+01	-1.375199e+02
6.930000e-06	-6.695694e-06	-1.216510e-09	-3.603710e+01	-1.378440e+02
6.940000e-06	-6.716191e-06	-1.218610e-09	-3.614742e+01	-1.381606e+02
6.950000e-06	-6.736432e-06	-1.220240e-09	-3.625636e+01	-1.384695e+02
6.960000e-06	-6.756414e-06	-1.221717e-09	-3.636390e+01	-1.387700e+02
6.970000e-06	-6.775955e-06	-1.223670e-09	-3.646908e+01	-1.390620e+02
6.980000e-06	-6.795032e-06	-1.225839e-09	-3.657175e+01	-1.393450e+02
6.990000e-06	-6.813626e-06	-1.227135e-09	-3.667182e+01	-1.396187e+02
7.000000e-06	-6.831704e-06	-1.228418e-09	-3.676912e+01	-1.398828e+02
7.010000e-06	-6.849328e-06	-1.229340e-09	-3.686397e+01	-1.401372e+02
7.020000e-06	-6.866536e-06	-1.230089e-09	-3.695659e+01	-1.403817e+02
7.030000e-06	-6.883384e-06	-1.232174e-09	-3.704727e+01	-1.406161e+02
7.040000e-06	-6.899875e-06	-1.234904e-09	-3.713603e+01	-1.408404e+02
7.050000e-06	-6.915948e-06	-1.236643e-09	-3.722253e+01	-1.410546e+02
7.060000e-06	-6.931330e-06	-1.237661e-09	-3.730532e+01	-1.412588e+02
7.070000e-06	-6.946021e-06	-1.238579e-09	-3.738439e+01	-1.414531e+02
7.080000e-06	-6.960182e-06	-1.239300e-09	-3.746061e+01	-1.416377e+02
7.090000e-06	-6.973703e-06	-1.240001e-09	-3.753338e+01	-1.418128e+02
7.100000e-06	-6.986500e-06	-1.240297e-09	-3.760225e+01	-1.419786e+02
7.110000e-06	-6.998604e-06	-1.240313e-09	-3.766740e+01	-1.421354e+02
7.120000e-06	-7.010196e-06	-1.240586e-09	-3.772979e+01	-1.422836e+02
7.130000e-06	-7.021255e-06	-1.241194e-09	-3.778931e+01	-1.424234e+02
7.140000e-06	-7.031859e-06	-1.241797e-09	-3.784638e+01	-1.425553e+02
7.150000e-06	-7.042054e-06	-1.241695e-09	-3.790125e+01	-1.426794e+02
7.160000e-06	-7.051683e-06	-1.242080e-09	-3.795308e+01	-1.427963e+02
7.170000e-06	-7.060880e-06	-1.243488e-09	-3.800258e+01	-1.429061e+02
7.180000e-06	-7.069691e-06	-1.244148e-09	-3.805000e+01	-1.430092e+02
7.190000e-06	-7.078062e-06	-1.243851e-09	-3.809505e+01	-1.431058e+02
7.200000e-06	-7.086113e-06	-1.243633e-09	-3.813839e+01	-1.431962e+02
7.210000e-06	-7.093695e-06	-1.243476e-09	-3.817919e+01	-1.432805e+02
7.220000e-06	-7.100611e-06	-1.242591e-09	-3.821641e+01	-1.433590e+02
7.230000e-06	-7.106919e-06	-1.241384e-09	-3.825036e+01	-1.434316e+02
7.240000e-06	-7.112534e-06	-1.241025e-09	-3.828059e+01	-1.434984e+02
7.250000e-06	-7.117487e-06	-1.241278e-09	-3.830725e+01	-1.435595e+02
7.260000e-06	-7.121994e-06	-1.240664e-09	-3.833150e+01	-1.436148e+02
7.270000e-06	-7.126043e-06	-1.238450e-09	-3.835329e+01	-1.436643e+02
7.280000e-06	-7.129702e-06	-1.237243e-09	-3.837298e+01	-1.437077e+02
7.290000e-06	-7.132973e-06	-1.237208e-09	-3.839059e+01	-1.437450e+02
7.300000e-06	-7.135692e-06	-1.236708e-09	-3.840522e+01	-1.437760e+02
7.310000e-06	-7.137948e-06	-1.235679e-09	-3.841737e+01	-1.438004e+02
7.320000e-06	-7.139710e-06	-1.233791e-09	-3.842685e+01	-1.438181e+02
7.330000e-06	-7.140805e-06	-1.232250e-09	-3.843275e+01	-1.438289e+02
7.340000e-06	-7.141477e-06	-1.231544e-09	-3.843636e+01	-1.438325e+02
