# Temperatura_=_20.0
# Concentracion g/m^3_=_7400.0
# C_Vs_to_Am_M_A/Vsm_=_116720831517.84952
# pendiente_HvsI_1/m_=_3716.3
# ordenada_HvsI_A/m_=_1297.0
# frecuencia_Hz_=_136114.31401141197

Tiempo_(s)	Campo_(V.s)	Magnetizacion_(V.s)	Campo_(kA/m)	Magnetizacion_(A/m)
0.000000e+00	-7.114893e-06	-1.381898e-09	-3.842896e+01	-1.598277e+02
1.000000e-08	-7.114830e-06	-1.380882e-09	-3.842862e+01	-1.598225e+02
2.000000e-08	-7.114411e-06	-1.380894e-09	-3.842636e+01	-1.598105e+02
3.000000e-08	-7.113483e-06	-1.380131e-09	-3.842135e+01	-1.597919e+02
4.000000e-08	-7.111803e-06	-1.378814e-09	-3.841228e+01	-1.597671e+02
5.000000e-08	-7.109386e-06	-1.377794e-09	-3.839922e+01	-1.597362e+02
6.000000e-08	-7.106374e-06	-1.377875e-09	-3.838295e+01	-1.596995e+02
7.000000e-08	-7.103006e-06	-1.377703e-09	-3.836476e+01	-1.596571e+02
8.000000e-08	-7.099177e-06	-1.376759e-09	-3.834408e+01	-1.596093e+02
9.000000e-08	-7.094755e-06	-1.378472e-09	-3.832020e+01	-1.595561e+02
1.000000e-07	-7.089578e-06	-1.369075e-09	-3.829223e+01	-1.594978e+02
1.100000e-07	-7.083803e-06	-1.344509e-09	-3.826104e+01	-1.594345e+02
1.200000e-07	-7.077812e-06	-1.364143e-09	-3.822868e+01	-1.593662e+02
1.300000e-07	-7.071564e-06	-1.418024e-09	-3.819494e+01	-1.592931e+02
1.400000e-07	-7.064801e-06	-1.399568e-09	-3.815840e+01	-1.592153e+02
1.500000e-07	-7.057490e-06	-1.322620e-09	-3.811892e+01	-1.591328e+02
1.600000e-07	-7.049816e-06	-1.338100e-09	-3.807747e+01	-1.590457e+02
1.700000e-07	-7.041637e-06	-1.428280e-09	-3.803329e+01	-1.589540e+02
1.800000e-07	-7.032662e-06	-1.393214e-09	-3.798482e+01	-1.588579e+02
1.900000e-07	-7.023081e-06	-1.282785e-09	-3.793307e+01	-1.587573e+02
2.000000e-07	-7.013029e-06	-1.329314e-09	-3.787878e+01	-1.586523e+02
2.100000e-07	-7.002396e-06	-1.453531e-09	-3.782135e+01	-1.585430e+02
2.200000e-07	-6.991207e-06	-1.391666e-09	-3.776091e+01	-1.584295e+02
2.300000e-07	-6.979424e-06	-1.266247e-09	-3.769727e+01	-1.583118e+02
2.400000e-07	-6.967085e-06	-1.329753e-09	-3.763063e+01	-1.581901e+02
2.500000e-07	-6.954186e-06	-1.426929e-09	-3.756095e+01	-1.580645e+02
2.600000e-07	-6.940707e-06	-1.345777e-09	-3.748815e+01	-1.579351e+02
2.700000e-07	-6.926505e-06	-1.282037e-09	-3.741144e+01	-1.578019e+02
2.800000e-07	-6.911505e-06	-1.371992e-09	-3.733043e+01	-1.576653e+02
2.900000e-07	-6.896029e-06	-1.389285e-09	-3.724683e+01	-1.575252e+02
3.000000e-07	-6.880017e-06	-1.297563e-09	-3.716035e+01	-1.573819e+02
3.100000e-07	-6.863320e-06	-1.317243e-09	-3.707017e+01	-1.572356e+02
3.200000e-07	-6.846323e-06	-1.385509e-09	-3.697836e+01	-1.570863e+02
3.300000e-07	-6.829084e-06	-1.314444e-09	-3.688525e+01	-1.569344e+02
3.400000e-07	-6.811259e-06	-1.281603e-09	-3.678897e+01	-1.567798e+02
3.500000e-07	-6.792828e-06	-1.382989e-09	-3.668943e+01	-1.566228e+02
3.600000e-07	-6.773880e-06	-1.370330e-09	-3.658709e+01	-1.564635e+02
3.700000e-07	-6.754522e-06	-1.255607e-09	-3.648253e+01	-1.563020e+02
3.800000e-07	-6.734817e-06	-1.304003e-09	-3.637610e+01	-1.561383e+02
3.900000e-07	-6.714758e-06	-1.389509e-09	-3.626776e+01	-1.559727e+02
4.000000e-07	-6.694327e-06	-1.306343e-09	-3.615740e+01	-1.558050e+02
4.100000e-07	-6.673424e-06	-1.264257e-09	-3.604450e+01	-1.556354e+02
4.200000e-07	-6.651874e-06	-1.353217e-09	-3.592811e+01	-1.554637e+02
4.300000e-07	-6.629780e-06	-1.338829e-09	-3.580877e+01	-1.552899e+02
4.400000e-07	-6.607404e-06	-1.263466e-09	-3.568791e+01	-1.551139e+02
4.500000e-07	-6.584650e-06	-1.311173e-09	-3.556501e+01	-1.549356e+02
4.600000e-07	-6.561462e-06	-1.336598e-09	-3.543977e+01	-1.547547e+02
4.700000e-07	-6.537869e-06	-1.269218e-09	-3.531234e+01	-1.545712e+02
4.800000e-07	-6.513885e-06	-1.288389e-09	-3.518280e+01	-1.543846e+02
4.900000e-07	-6.489323e-06	-1.341110e-09	-3.505013e+01	-1.541948e+02
5.000000e-07	-6.463957e-06	-1.286642e-09	-3.491313e+01	-1.540014e+02
5.100000e-07	-6.437917e-06	-1.259989e-09	-3.477248e+01	-1.538042e+02
5.200000e-07	-6.411341e-06	-1.310384e-09	-3.462894e+01	-1.536026e+02
5.300000e-07	-6.384320e-06	-1.294822e-09	-3.448299e+01	-1.533964e+02
5.400000e-07	-6.356883e-06	-1.256434e-09	-3.433480e+01	-1.531851e+02
5.500000e-07	-6.329119e-06	-1.286735e-09	-3.418484e+01	-1.529684e+02
5.600000e-07	-6.301027e-06	-1.291640e-09	-3.403311e+01	-1.527459e+02
5.700000e-07	-6.272528e-06	-1.258029e-09	-3.387918e+01	-1.525170e+02
5.800000e-07	-6.243559e-06	-1.269340e-09	-3.372271e+01	-1.522815e+02
5.900000e-07	-6.214148e-06	-1.280149e-09	-3.356386e+01	-1.520390e+02
6.000000e-07	-6.184310e-06	-1.254416e-09	-3.340270e+01	-1.517890e+02
6.100000e-07	-6.153923e-06	-1.255147e-09	-3.323857e+01	-1.515312e+02
6.200000e-07	-6.123067e-06	-1.268621e-09	-3.307191e+01	-1.512653e+02
6.300000e-07	-6.091948e-06	-1.255109e-09	-3.290383e+01	-1.509909e+02
6.400000e-07	-6.060435e-06	-1.249928e-09	-3.273362e+01	-1.507079e+02
6.500000e-07	-6.028571e-06	-1.256000e-09	-3.256152e+01	-1.504159e+02
6.600000e-07	-5.996447e-06	-1.247035e-09	-3.238802e+01	-1.501147e+02
6.700000e-07	-5.963821e-06	-1.242476e-09	-3.221179e+01	-1.498041e+02
6.800000e-07	-5.930637e-06	-1.246903e-09	-3.203256e+01	-1.494840e+02
6.900000e-07	-5.896872e-06	-1.241040e-09	-3.185019e+01	-1.491543e+02
7.000000e-07	-5.862404e-06	-1.233646e-09	-3.166402e+01	-1.488148e+02
7.100000e-07	-5.827306e-06	-1.230953e-09	-3.147445e+01	-1.484656e+02
7.200000e-07	-5.791908e-06	-1.225149e-09	-3.128326e+01	-1.481065e+02
7.300000e-07	-5.756243e-06	-1.222321e-09	-3.109062e+01	-1.477376e+02
7.400000e-07	-5.720223e-06	-1.222190e-09	-3.089607e+01	-1.473590e+02
7.500000e-07	-5.683853e-06	-1.216516e-09	-3.069963e+01	-1.469706e+02
7.600000e-07	-5.647085e-06	-1.212566e-09	-3.050104e+01	-1.465725e+02
7.700000e-07	-5.610016e-06	-1.212169e-09	-3.030082e+01	-1.461648e+02
7.800000e-07	-5.572608e-06	-1.206927e-09	-3.009877e+01	-1.457475e+02
7.900000e-07	-5.534638e-06	-1.199325e-09	-2.989369e+01	-1.453209e+02
8.000000e-07	-5.496112e-06	-1.194818e-09	-2.968560e+01	-1.448850e+02
8.100000e-07	-5.457183e-06	-1.190439e-09	-2.947534e+01	-1.444398e+02
8.200000e-07	-5.417934e-06	-1.187322e-09	-2.926335e+01	-1.439857e+02
8.300000e-07	-5.378357e-06	-1.186010e-09	-2.904958e+01	-1.435225e+02
8.400000e-07	-5.338541e-06	-1.181853e-09	-2.883453e+01	-1.430506e+02
8.500000e-07	-5.298447e-06	-1.175523e-09	-2.861797e+01	-1.425699e+02
8.600000e-07	-5.258014e-06	-1.170209e-09	-2.839959e+01	-1.420807e+02
8.700000e-07	-5.217309e-06	-1.164892e-09	-2.817973e+01	-1.415830e+02
8.800000e-07	-5.176062e-06	-1.159161e-09	-2.795695e+01	-1.410769e+02
8.900000e-07	-5.134181e-06	-1.152342e-09	-2.773074e+01	-1.405627e+02
9.000000e-07	-5.091894e-06	-1.145548e-09	-2.750234e+01	-1.400403e+02
9.100000e-07	-5.049109e-06	-1.141065e-09	-2.727125e+01	-1.395099e+02
9.200000e-07	-5.005778e-06	-1.137235e-09	-2.703721e+01	-1.389717e+02
9.300000e-07	-4.962117e-06	-1.131161e-09	-2.680139e+01	-1.384256e+02
9.400000e-07	-4.918138e-06	-1.124616e-09	-2.656385e+01	-1.378719e+02
9.500000e-07	-4.873909e-06	-1.119037e-09	-2.632496e+01	-1.373107e+02
9.600000e-07	-4.829496e-06	-1.113903e-09	-2.608508e+01	-1.367420e+02
9.700000e-07	-4.784783e-06	-1.109527e-09	-2.584357e+01	-1.361659e+02
9.800000e-07	-4.739681e-06	-1.104403e-09	-2.559997e+01	-1.355827e+02
9.900000e-07	-4.694218e-06	-1.097909e-09	-2.535441e+01	-1.349923e+02
1.000000e-06	-4.648399e-06	-1.092324e-09	-2.510694e+01	-1.343948e+02
1.010000e-06	-4.602259e-06	-1.088117e-09	-2.485772e+01	-1.337905e+02
1.020000e-06	-4.555771e-06	-1.083488e-09	-2.460663e+01	-1.331793e+02
1.030000e-06	-4.508892e-06	-1.077944e-09	-2.435343e+01	-1.325613e+02
1.040000e-06	-4.461765e-06	-1.072438e-09	-2.409889e+01	-1.319365e+02
1.050000e-06	-4.414336e-06	-1.068295e-09	-2.384271e+01	-1.313051e+02
1.060000e-06	-4.366656e-06	-1.064383e-09	-2.358519e+01	-1.306671e+02
1.070000e-06	-4.318777e-06	-1.059771e-09	-2.332658e+01	-1.300223e+02
1.080000e-06	-4.270438e-06	-1.053207e-09	-2.306549e+01	-1.293709e+02
1.090000e-06	-4.221654e-06	-1.045842e-09	-2.280200e+01	-1.287127e+02
1.100000e-06	-4.172572e-06	-1.039169e-09	-2.253690e+01	-1.280477e+02
1.110000e-06	-4.123025e-06	-1.032561e-09	-2.226929e+01	-1.273757e+02
1.120000e-06	-4.073141e-06	-1.025923e-09	-2.199985e+01	-1.266965e+02
1.130000e-06	-4.022865e-06	-1.019378e-09	-2.172830e+01	-1.260099e+02
1.140000e-06	-3.972116e-06	-1.012831e-09	-2.145420e+01	-1.253157e+02
1.150000e-06	-3.921061e-06	-1.006737e-09	-2.117844e+01	-1.246135e+02
1.160000e-06	-3.869601e-06	-1.001110e-09	-2.090049e+01	-1.239031e+02
1.170000e-06	-3.817773e-06	-9.947318e-10	-2.062056e+01	-1.231839e+02
1.180000e-06	-3.765608e-06	-9.877176e-10	-2.033881e+01	-1.224557e+02
1.190000e-06	-3.713274e-06	-9.810194e-10	-2.005614e+01	-1.217178e+02
1.200000e-06	-3.660775e-06	-9.746944e-10	-1.977258e+01	-1.209699e+02
1.210000e-06	-3.607899e-06	-9.681150e-10	-1.948699e+01	-1.202113e+02
1.220000e-06	-3.554729e-06	-9.613581e-10	-1.919981e+01	-1.194415e+02
1.230000e-06	-3.501361e-06	-9.542325e-10	-1.891155e+01	-1.186600e+02
1.240000e-06	-3.447724e-06	-9.469334e-10	-1.862185e+01	-1.178660e+02
1.250000e-06	-3.393714e-06	-9.410749e-10	-1.833013e+01	-1.170591e+02
1.260000e-06	-3.339487e-06	-9.353985e-10	-1.803724e+01	-1.162386e+02
1.270000e-06	-3.285189e-06	-9.277362e-10	-1.774396e+01	-1.154039e+02
1.280000e-06	-3.230646e-06	-9.190439e-10	-1.744937e+01	-1.145544e+02
1.290000e-06	-3.175838e-06	-9.110670e-10	-1.715334e+01	-1.136897e+02
1.300000e-06	-3.120887e-06	-9.034838e-10	-1.685654e+01	-1.128091e+02
1.310000e-06	-3.065797e-06	-8.953473e-10	-1.655899e+01	-1.119123e+02
1.320000e-06	-3.010589e-06	-8.877167e-10	-1.626080e+01	-1.109987e+02
1.330000e-06	-2.955175e-06	-8.804946e-10	-1.596149e+01	-1.100679e+02
1.340000e-06	-2.899548e-06	-8.734411e-10	-1.566104e+01	-1.091198e+02
1.350000e-06	-2.843851e-06	-8.665147e-10	-1.536021e+01	-1.081539e+02
1.360000e-06	-2.787957e-06	-8.579421e-10	-1.505832e+01	-1.071702e+02
1.370000e-06	-2.731867e-06	-8.478418e-10	-1.475536e+01	-1.061684e+02
1.380000e-06	-2.675679e-06	-8.383042e-10	-1.445188e+01	-1.051485e+02
1.390000e-06	-2.619357e-06	-8.302347e-10	-1.414767e+01	-1.041105e+02
1.400000e-06	-2.562783e-06	-8.226210e-10	-1.384211e+01	-1.030544e+02
1.410000e-06	-2.505968e-06	-8.139969e-10	-1.353524e+01	-1.019804e+02
1.420000e-06	-2.448956e-06	-8.054099e-10	-1.322730e+01	-1.008885e+02
1.430000e-06	-2.391720e-06	-7.966767e-10	-1.291816e+01	-9.977894e+01
1.440000e-06	-2.334295e-06	-7.865423e-10	-1.260800e+01	-9.865196e+01
1.450000e-06	-2.276436e-06	-7.759284e-10	-1.229549e+01	-9.750777e+01
1.460000e-06	-2.218152e-06	-7.654128e-10	-1.198068e+01	-9.634661e+01
1.470000e-06	-2.159661e-06	-7.549533e-10	-1.166476e+01	-9.516871e+01
1.480000e-06	-2.100894e-06	-7.449485e-10	-1.134735e+01	-9.397429e+01
1.490000e-06	-2.041823e-06	-7.355239e-10	-1.102830e+01	-9.276353e+01
1.500000e-06	-1.982655e-06	-7.255362e-10	-1.070872e+01	-9.153658e+01
1.510000e-06	-1.923399e-06	-7.142661e-10	-1.038866e+01	-9.029352e+01
1.520000e-06	-1.864045e-06	-7.034587e-10	-1.006808e+01	-8.903437e+01
1.530000e-06	-1.804581e-06	-6.936721e-10	-9.746904e+00	-8.775907e+01
1.540000e-06	-1.744986e-06	-6.831279e-10	-9.425020e+00	-8.646748e+01
1.550000e-06	-1.685339e-06	-6.719843e-10	-9.102855e+00	-8.515934e+01
1.560000e-06	-1.625588e-06	-6.609692e-10	-8.780127e+00	-8.383430e+01
1.570000e-06	-1.565778e-06	-6.499437e-10	-8.457083e+00	-8.249189e+01
1.580000e-06	-1.505927e-06	-6.391687e-10	-8.133812e+00	-8.113155e+01
1.590000e-06	-1.446056e-06	-6.274649e-10	-7.810438e+00	-7.975256e+01
1.600000e-06	-1.386165e-06	-6.149907e-10	-7.486955e+00	-7.835412e+01
1.610000e-06	-1.326105e-06	-6.036295e-10	-7.162558e+00	-7.693530e+01
1.620000e-06	-1.265880e-06	-5.932902e-10	-6.837273e+00	-7.549507e+01
1.630000e-06	-1.205657e-06	-5.821708e-10	-6.511995e+00	-7.403231e+01
1.640000e-06	-1.145408e-06	-5.698381e-10	-6.186578e+00	-7.254578e+01
1.650000e-06	-1.085095e-06	-5.576060e-10	-5.860815e+00	-7.103420e+01
1.660000e-06	-1.024708e-06	-5.456831e-10	-5.534652e+00	-6.949619e+01
1.670000e-06	-9.642169e-07	-5.342596e-10	-5.207929e+00	-6.793036e+01
1.680000e-06	-9.036411e-07	-5.220832e-10	-4.880747e+00	-6.633526e+01
1.690000e-06	-8.430491e-07	-5.080279e-10	-4.553477e+00	-6.470945e+01
1.700000e-06	-7.824966e-07	-4.931484e-10	-4.226421e+00	-6.305149e+01
1.710000e-06	-7.218865e-07	-4.795717e-10	-3.899054e+00	-6.135997e+01
1.720000e-06	-6.611028e-07	-4.674822e-10	-3.570749e+00	-5.963354e+01
1.730000e-06	-6.002208e-07	-4.551450e-10	-3.241913e+00	-5.787092e+01
1.740000e-06	-5.394186e-07	-4.413343e-10	-2.913508e+00	-5.607091e+01
1.750000e-06	-4.785569e-07	-4.261797e-10	-2.584782e+00	-5.423246e+01
1.760000e-06	-4.176406e-07	-4.104673e-10	-2.255760e+00	-5.235463e+01
1.770000e-06	-3.568164e-07	-3.945066e-10	-1.927237e+00	-5.043665e+01
1.780000e-06	-2.958135e-07	-3.787204e-10	-1.597748e+00	-4.847790e+01
1.790000e-06	-2.346385e-07	-3.624121e-10	-1.267329e+00	-4.647798e+01
1.800000e-06	-1.735414e-07	-3.450322e-10	-9.373319e-01	-4.443667e+01
1.810000e-06	-1.124882e-07	-3.284715e-10	-6.075711e-01	-4.235396e+01
1.820000e-06	-5.135495e-08	-3.130182e-10	-2.773784e-01	-4.023007e+01
1.830000e-06	9.787484e-09	-2.954162e-10	5.286416e-02	-3.806546e+01
1.840000e-06	7.097050e-08	-2.759423e-10	3.833259e-01	-3.586079e+01
1.850000e-06	1.321146e-07	-2.572782e-10	7.135774e-01	-3.361698e+01
1.860000e-06	1.931026e-07	-2.391199e-10	1.042986e+00	-3.133516e+01
1.870000e-06	2.540155e-07	-2.210029e-10	1.371989e+00	-2.901670e+01
1.880000e-06	3.149260e-07	-2.028762e-10	1.700979e+00	-2.666318e+01
1.890000e-06	3.759251e-07	-1.835407e-10	2.030447e+00	-2.427638e+01
1.900000e-06	4.369628e-07	-1.635794e-10	2.360123e+00	-2.185829e+01
1.910000e-06	4.979985e-07	-1.443328e-10	2.689790e+00	-1.941108e+01
1.920000e-06	5.589933e-07	-1.261093e-10	3.019235e+00	-1.693708e+01
1.930000e-06	6.198700e-07	-1.080058e-10	3.348042e+00	-1.443877e+01
1.940000e-06	6.805586e-07	-8.841408e-11	3.675833e+00	-1.191875e+01
1.950000e-06	7.410695e-07	-6.730438e-11	4.002665e+00	-9.379734e+00
1.960000e-06	8.015851e-07	-4.665496e-11	4.329522e+00	-6.824534e+00
1.970000e-06	8.620739e-07	-2.709981e-11	4.656234e+00	-4.256016e+00
1.980000e-06	9.225166e-07	-7.579551e-12	4.982697e+00	-1.677090e+00
1.990000e-06	9.828736e-07	1.309117e-11	5.308697e+00	9.093069e-01
2.000000e-06	1.043012e-06	3.412716e-11	5.633517e+00	3.500239e+00
2.010000e-06	1.103210e-06	5.419707e-11	5.958658e+00	6.092788e+00
2.020000e-06	1.163550e-06	7.444275e-11	6.284569e+00	8.684074e+00
2.030000e-06	1.223763e-06	9.561563e-11	6.609788e+00	1.127128e+01
2.040000e-06	1.283769e-06	1.173367e-10	6.933893e+00	1.385164e+01
2.050000e-06	1.343711e-06	1.392922e-10	7.257654e+00	1.642251e+01
2.060000e-06	1.403615e-06	1.601723e-10	7.581208e+00	1.898133e+01
2.070000e-06	1.463417e-06	1.793175e-10	7.904207e+00	2.152566e+01
2.080000e-06	1.523151e-06	1.978911e-10	8.226846e+00	2.405318e+01
2.090000e-06	1.582891e-06	2.166604e-10	8.549514e+00	2.656170e+01
2.100000e-06	1.642598e-06	2.364506e-10	8.871999e+00	2.904918e+01
2.110000e-06	1.702181e-06	2.568028e-10	9.193822e+00	3.151373e+01
2.120000e-06	1.761719e-06	2.760599e-10	9.515399e+00	3.395359e+01
2.130000e-06	1.821169e-06	2.944311e-10	9.836500e+00	3.636716e+01
2.140000e-06	1.880481e-06	3.124910e-10	1.015685e+01	3.875300e+01
2.150000e-06	1.939764e-06	3.302676e-10	1.047706e+01	4.110979e+01
2.160000e-06	1.999023e-06	3.483535e-10	1.079713e+01	4.343638e+01
2.170000e-06	2.058173e-06	3.666885e-10	1.111660e+01	4.573175e+01
2.180000e-06	2.117210e-06	3.852859e-10	1.143548e+01	4.799502e+01
2.190000e-06	2.175971e-06	4.039410e-10	1.175286e+01	5.022544e+01
2.200000e-06	2.234433e-06	4.219092e-10	1.206862e+01	5.242236e+01
2.210000e-06	2.292821e-06	4.383871e-10	1.238398e+01	5.458529e+01
2.220000e-06	2.350837e-06	4.533903e-10	1.269734e+01	5.671382e+01
2.230000e-06	2.408301e-06	4.683565e-10	1.300772e+01	5.880765e+01
2.240000e-06	2.465399e-06	4.850755e-10	1.331611e+01	6.086656e+01
2.250000e-06	2.522241e-06	5.030853e-10	1.362313e+01	6.289045e+01
2.260000e-06	2.578742e-06	5.195115e-10	1.392830e+01	6.487926e+01
2.270000e-06	2.634953e-06	5.332975e-10	1.423191e+01	6.683304e+01
2.280000e-06	2.691084e-06	5.467662e-10	1.453509e+01	6.875188e+01
2.290000e-06	2.747114e-06	5.608970e-10	1.483772e+01	7.063594e+01
2.300000e-06	2.802914e-06	5.751558e-10	1.513910e+01	7.248543e+01
2.310000e-06	2.858547e-06	5.905338e-10	1.543958e+01	7.430062e+01
2.320000e-06	2.914105e-06	6.070719e-10	1.573967e+01	7.608181e+01
2.330000e-06	2.969510e-06	6.235376e-10	1.603892e+01	7.782935e+01
2.340000e-06	3.024747e-06	6.381396e-10	1.633726e+01	7.954362e+01
2.350000e-06	3.079905e-06	6.501137e-10	1.663519e+01	8.122503e+01
2.360000e-06	3.134914e-06	6.609292e-10	1.693230e+01	8.287403e+01
2.370000e-06	3.189655e-06	6.717542e-10	1.722797e+01	8.449108e+01
2.380000e-06	3.244170e-06	6.832026e-10	1.752241e+01	8.607667e+01
2.390000e-06	3.298291e-06	6.968806e-10	1.781473e+01	8.763131e+01
2.400000e-06	3.352197e-06	7.117765e-10	1.810589e+01	8.915553e+01
2.410000e-06	3.406049e-06	7.252144e-10	1.839675e+01	9.064988e+01
2.420000e-06	3.459661e-06	7.377355e-10	1.868632e+01	9.211492e+01
2.430000e-06	3.513034e-06	7.501267e-10	1.897460e+01	9.355121e+01
2.440000e-06	3.566163e-06	7.620821e-10	1.926156e+01	9.495933e+01
2.450000e-06	3.618992e-06	7.734231e-10	1.954690e+01	9.633987e+01
2.460000e-06	3.671435e-06	7.843098e-10	1.983016e+01	9.769342e+01
2.470000e-06	3.723484e-06	7.949990e-10	2.011129e+01	9.902058e+01
2.480000e-06	3.775276e-06	8.051261e-10	2.039102e+01	1.003219e+02
2.490000e-06	3.826897e-06	8.151436e-10	2.066984e+01	1.015981e+02
2.500000e-06	3.878299e-06	8.253692e-10	2.094747e+01	1.028497e+02
2.510000e-06	3.929357e-06	8.355295e-10	2.122325e+01	1.040772e+02
2.520000e-06	3.979960e-06	8.459437e-10	2.149656e+01	1.052813e+02
2.530000e-06	4.030037e-06	8.561231e-10	2.176704e+01	1.064626e+02
2.540000e-06	4.079659e-06	8.654594e-10	2.203505e+01	1.076216e+02
2.550000e-06	4.128821e-06	8.733622e-10	2.230059e+01	1.087588e+02
2.560000e-06	4.177508e-06	8.798239e-10	2.256356e+01	1.098748e+02
2.570000e-06	4.225783e-06	8.866779e-10	2.282430e+01	1.109701e+02
2.580000e-06	4.273761e-06	8.951433e-10	2.308344e+01	1.120453e+02
2.590000e-06	4.321534e-06	9.043760e-10	2.334147e+01	1.131007e+02
2.600000e-06	4.369131e-06	9.131650e-10	2.359855e+01	1.141370e+02
2.610000e-06	4.416604e-06	9.209406e-10	2.385496e+01	1.151545e+02
2.620000e-06	4.463726e-06	9.281627e-10	2.410948e+01	1.161536e+02
2.630000e-06	4.510511e-06	9.343062e-10	2.436217e+01	1.171349e+02
2.640000e-06	4.556982e-06	9.401466e-10	2.461317e+01	1.180986e+02
2.650000e-06	4.603070e-06	9.477722e-10	2.486210e+01	1.190453e+02
2.660000e-06	4.648871e-06	9.556201e-10	2.510948e+01	1.199752e+02
2.670000e-06	4.694382e-06	9.617679e-10	2.535530e+01	1.208887e+02
2.680000e-06	4.739592e-06	9.681122e-10	2.559949e+01	1.217861e+02
2.690000e-06	4.784585e-06	9.755164e-10	2.584251e+01	1.226678e+02
2.700000e-06	4.829208e-06	9.818582e-10	2.608352e+01	1.235341e+02
2.710000e-06	4.873421e-06	9.879067e-10	2.632232e+01	1.243853e+02
2.720000e-06	4.917329e-06	9.954427e-10	2.655948e+01	1.252217e+02
2.730000e-06	4.960993e-06	1.003830e-09	2.679532e+01	1.260435e+02
2.740000e-06	5.004556e-06	1.011563e-09	2.703061e+01	1.268511e+02
2.750000e-06	5.047940e-06	1.017846e-09	2.726494e+01	1.276447e+02
2.760000e-06	5.090875e-06	1.023525e-09	2.749684e+01	1.284246e+02
2.770000e-06	5.133244e-06	1.029314e-09	2.772568e+01	1.291909e+02
2.780000e-06	5.175027e-06	1.035157e-09	2.795136e+01	1.299441e+02
2.790000e-06	5.216114e-06	1.041770e-09	2.817328e+01	1.306843e+02
2.800000e-06	5.256617e-06	1.048893e-09	2.839205e+01	1.314117e+02
2.810000e-06	5.296655e-06	1.055034e-09	2.860830e+01	1.321266e+02
2.820000e-06	5.336394e-06	1.060609e-09	2.882294e+01	1.328292e+02
2.830000e-06	5.375979e-06	1.066789e-09	2.903674e+01	1.335196e+02
2.840000e-06	5.415275e-06	1.072670e-09	2.924899e+01	1.341982e+02
2.850000e-06	5.454305e-06	1.077618e-09	2.945980e+01	1.348650e+02
2.860000e-06	5.493022e-06	1.082645e-09	2.966891e+01	1.355203e+02
2.870000e-06	5.531212e-06	1.088582e-09	2.987519e+01	1.361643e+02
2.880000e-06	5.569044e-06	1.095165e-09	3.007952e+01	1.367969e+02
2.890000e-06	5.606570e-06	1.101320e-09	3.028221e+01	1.374185e+02
2.900000e-06	5.643585e-06	1.105766e-09	3.048214e+01	1.380291e+02
2.910000e-06	5.680103e-06	1.109704e-09	3.067938e+01	1.386289e+02
2.920000e-06	5.716280e-06	1.114890e-09	3.087477e+01	1.392178e+02
2.930000e-06	5.752159e-06	1.121589e-09	3.106856e+01	1.397961e+02
2.940000e-06	5.787747e-06	1.128133e-09	3.126078e+01	1.403637e+02
2.950000e-06	5.823147e-06	1.132230e-09	3.145198e+01	1.409208e+02
2.960000e-06	5.858310e-06	1.135728e-09	3.164191e+01	1.414673e+02
2.970000e-06	5.892984e-06	1.141128e-09	3.182919e+01	1.420033e+02
2.980000e-06	5.926925e-06	1.146989e-09	3.201251e+01	1.425288e+02
2.990000e-06	5.960025e-06	1.151611e-09	3.219129e+01	1.430439e+02
3.000000e-06	5.992474e-06	1.156062e-09	3.236655e+01	1.435485e+02
3.010000e-06	6.024440e-06	1.161390e-09	3.253921e+01	1.440428e+02
3.020000e-06	6.056108e-06	1.168118e-09	3.271026e+01	1.445267e+02
3.030000e-06	6.087619e-06	1.175430e-09	3.288045e+01	1.450002e+02
3.040000e-06	6.118835e-06	1.181840e-09	3.304906e+01	1.454634e+02
3.050000e-06	6.149700e-06	1.187155e-09	3.321576e+01	1.459164e+02
3.060000e-06	6.180033e-06	1.192589e-09	3.337960e+01	1.463592e+02
3.070000e-06	6.209765e-06	1.197463e-09	3.354019e+01	1.467920e+02
3.080000e-06	6.239102e-06	1.201478e-09	3.369864e+01	1.472148e+02
3.090000e-06	6.268047e-06	1.206483e-09	3.385498e+01	1.476277e+02
3.100000e-06	6.296515e-06	1.211640e-09	3.400874e+01	1.480310e+02
3.110000e-06	6.324570e-06	1.216196e-09	3.416027e+01	1.484247e+02
3.120000e-06	6.352381e-06	1.220571e-09	3.431049e+01	1.488092e+02
3.130000e-06	6.380044e-06	1.224803e-09	3.445990e+01	1.491846e+02
3.140000e-06	6.407295e-06	1.228225e-09	3.460708e+01	1.495511e+02
3.150000e-06	6.433906e-06	1.230728e-09	3.475081e+01	1.499092e+02
3.160000e-06	6.459893e-06	1.233692e-09	3.489118e+01	1.502590e+02
3.170000e-06	6.485142e-06	1.237363e-09	3.502755e+01	1.506008e+02
3.180000e-06	6.509669e-06	1.241177e-09	3.516003e+01	1.509350e+02
3.190000e-06	6.533698e-06	1.245064e-09	3.528981e+01	1.512620e+02
3.200000e-06	6.557309e-06	1.248437e-09	3.541734e+01	1.515820e+02
3.210000e-06	6.580521e-06	1.251289e-09	3.554272e+01	1.518953e+02
3.220000e-06	6.603292e-06	1.253568e-09	3.566570e+01	1.522024e+02
3.230000e-06	6.625578e-06	1.255888e-09	3.578607e+01	1.525036e+02
3.240000e-06	6.647396e-06	1.258920e-09	3.590392e+01	1.527991e+02
3.250000e-06	6.668802e-06	1.261815e-09	3.601954e+01	1.530893e+02
3.260000e-06	6.689716e-06	1.264906e-09	3.613250e+01	1.533744e+02
3.270000e-06	6.710231e-06	1.268493e-09	3.624330e+01	1.536546e+02
3.280000e-06	6.730392e-06	1.271861e-09	3.635220e+01	1.539303e+02
3.290000e-06	6.750126e-06	1.275064e-09	3.645879e+01	1.542015e+02
3.300000e-06	6.769541e-06	1.277477e-09	3.656365e+01	1.544684e+02
3.310000e-06	6.788562e-06	1.279030e-09	3.666639e+01	1.547311e+02
3.320000e-06	6.807030e-06	1.280473e-09	3.676613e+01	1.549896e+02
3.330000e-06	6.824970e-06	1.282394e-09	3.686303e+01	1.552439e+02
3.340000e-06	6.842401e-06	1.285275e-09	3.695718e+01	1.554941e+02
3.350000e-06	6.859307e-06	1.288921e-09	3.704849e+01	1.557399e+02
3.360000e-06	6.875900e-06	1.292859e-09	3.713811e+01	1.559814e+02
3.370000e-06	6.892085e-06	1.296132e-09	3.722553e+01	1.562182e+02
3.380000e-06	6.907495e-06	1.298328e-09	3.730877e+01	1.564503e+02
3.390000e-06	6.922077e-06	1.300623e-09	3.738753e+01	1.566774e+02
3.400000e-06	6.936092e-06	1.303251e-09	3.746322e+01	1.568992e+02
3.410000e-06	6.949710e-06	1.306026e-09	3.753678e+01	1.571154e+02
3.420000e-06	6.962954e-06	1.308557e-09	3.760831e+01	1.573257e+02
3.430000e-06	6.975675e-06	1.310601e-09	3.767702e+01	1.575297e+02
3.440000e-06	6.987938e-06	1.312683e-09	3.774325e+01	1.577273e+02
3.450000e-06	6.999839e-06	1.315507e-09	3.780754e+01	1.579179e+02
3.460000e-06	7.011137e-06	1.319033e-09	3.786856e+01	1.581013e+02
3.470000e-06	7.021671e-06	1.321538e-09	3.792545e+01	1.582772e+02
3.480000e-06	7.031610e-06	1.322760e-09	3.797914e+01	1.584452e+02
3.490000e-06	7.040972e-06	1.324729e-09	3.802970e+01	1.586051e+02
3.500000e-06	7.049578e-06	1.328074e-09	3.807618e+01	1.587566e+02
3.510000e-06	7.057585e-06	1.330504e-09	3.811943e+01	1.588994e+02
3.520000e-06	7.065183e-06	1.331450e-09	3.816047e+01	1.590335e+02
3.530000e-06	7.072400e-06	1.332983e-09	3.819945e+01	1.591586e+02
3.540000e-06	7.079128e-06	1.336761e-09	3.823579e+01	1.592746e+02
3.550000e-06	7.085260e-06	1.340477e-09	3.826891e+01	1.593814e+02
3.560000e-06	7.090840e-06	1.342741e-09	3.829905e+01	1.594791e+02
3.570000e-06	7.095961e-06	1.344149e-09	3.832671e+01	1.595675e+02
3.580000e-06	7.100556e-06	1.344910e-09	3.835153e+01	1.596468e+02
3.590000e-06	7.104734e-06	1.346955e-09	3.837409e+01	1.597170e+02
3.600000e-06	7.108586e-06	1.349963e-09	3.839490e+01	1.597783e+02
3.610000e-06	7.112065e-06	1.351787e-09	3.841369e+01	1.598308e+02
3.620000e-06	7.115097e-06	1.353240e-09	3.843007e+01	1.598747e+02
3.630000e-06	7.117559e-06	1.354399e-09	3.844337e+01	1.599101e+02
3.640000e-06	7.119263e-06	1.354598e-09	3.845256e+01	1.599374e+02
3.650000e-06	7.120220e-06	1.355339e-09	3.845773e+01	1.599568e+02
3.660000e-06	7.120639e-06	1.357624e-09	3.846000e+01	1.599685e+02
3.670000e-06	7.120492e-06	1.360346e-09	3.845920e+01	1.599728e+02
3.680000e-06	7.120034e-06	1.361453e-09	3.845673e+01	1.599699e+02
3.690000e-06	7.119239e-06	1.361711e-09	3.845244e+01	1.599601e+02
3.700000e-06	7.117807e-06	1.363249e-09	3.844470e+01	1.599437e+02
3.710000e-06	7.115867e-06	1.364821e-09	3.843423e+01	1.599210e+02
3.720000e-06	7.113532e-06	1.365785e-09	3.842161e+01	1.598921e+02
3.730000e-06	7.110801e-06	1.366541e-09	3.840686e+01	1.598573e+02
3.740000e-06	7.107645e-06	1.366466e-09	3.838982e+01	1.598168e+02
3.750000e-06	7.104014e-06	1.363120e-09	3.837021e+01	1.597707e+02
3.760000e-06	7.099759e-06	1.360538e-09	3.834722e+01	1.597193e+02
3.770000e-06	7.094571e-06	1.383773e-09	3.831920e+01	1.596628e+02
3.780000e-06	7.088658e-06	1.413543e-09	3.828726e+01	1.596011e+02
3.790000e-06	7.082535e-06	1.353461e-09	3.825419e+01	1.595345e+02
3.800000e-06	7.076350e-06	1.302567e-09	3.822079e+01	1.594630e+02
3.810000e-06	7.069849e-06	1.374902e-09	3.818567e+01	1.593867e+02
3.820000e-06	7.062576e-06	1.436590e-09	3.814639e+01	1.593058e+02
3.830000e-06	7.054555e-06	1.359900e-09	3.810307e+01	1.592202e+02
3.840000e-06	7.046143e-06	1.285072e-09	3.805763e+01	1.591300e+02
3.850000e-06	7.037318e-06	1.383813e-09	3.800997e+01	1.590354e+02
3.860000e-06	7.027875e-06	1.470620e-09	3.795896e+01	1.589362e+02
3.870000e-06	7.017919e-06	1.344669e-09	3.790519e+01	1.588327e+02
3.880000e-06	7.007576e-06	1.241735e-09	3.784932e+01	1.587249e+02
3.890000e-06	6.996756e-06	1.391995e-09	3.779088e+01	1.586127e+02
3.900000e-06	6.985384e-06	1.495997e-09	3.772946e+01	1.584965e+02
3.910000e-06	6.973453e-06	1.335771e-09	3.766502e+01	1.583761e+02
3.920000e-06	6.960932e-06	1.253544e-09	3.759739e+01	1.582518e+02
3.930000e-06	6.947670e-06	1.427180e-09	3.752576e+01	1.581236e+02
3.940000e-06	6.933699e-06	1.460115e-09	3.745030e+01	1.579917e+02
3.950000e-06	6.919130e-06	1.272714e-09	3.737161e+01	1.578561e+02
3.960000e-06	6.904023e-06	1.289299e-09	3.729001e+01	1.577172e+02
3.970000e-06	6.888270e-06	1.470272e-09	3.720493e+01	1.575750e+02
3.980000e-06	6.871902e-06	1.401892e-09	3.711652e+01	1.574296e+02
3.990000e-06	6.855109e-06	1.254746e-09	3.702582e+01	1.572813e+02
4.000000e-06	6.837931e-06	1.380196e-09	3.693304e+01	1.571303e+02
4.010000e-06	6.820337e-06	1.460570e-09	3.683801e+01	1.569765e+02
4.020000e-06	6.802305e-06	1.290028e-09	3.674061e+01	1.568203e+02
4.030000e-06	6.783790e-06	1.287361e-09	3.664061e+01	1.566618e+02
4.040000e-06	6.764724e-06	1.467707e-09	3.653763e+01	1.565010e+02
4.050000e-06	6.745116e-06	1.395686e-09	3.643172e+01	1.563381e+02
4.060000e-06	6.725124e-06	1.249488e-09	3.632374e+01	1.561731e+02
4.070000e-06	6.704828e-06	1.379500e-09	3.621412e+01	1.560061e+02
4.080000e-06	6.684097e-06	1.449755e-09	3.610215e+01	1.558371e+02
4.090000e-06	6.662989e-06	1.290686e-09	3.598814e+01	1.556661e+02
4.100000e-06	6.641584e-06	1.306775e-09	3.587253e+01	1.554930e+02
4.110000e-06	6.619492e-06	1.440232e-09	3.575320e+01	1.553178e+02
4.120000e-06	6.596433e-06	1.352240e-09	3.562866e+01	1.551402e+02
4.130000e-06	6.572767e-06	1.285188e-09	3.550083e+01	1.549603e+02
4.140000e-06	6.548640e-06	1.401745e-09	3.537052e+01	1.547776e+02
4.150000e-06	6.524118e-06	1.384384e-09	3.523807e+01	1.545921e+02
4.160000e-06	6.499234e-06	1.283491e-09	3.510367e+01	1.544034e+02
4.170000e-06	6.473963e-06	1.358055e-09	3.496717e+01	1.542113e+02
4.180000e-06	6.448227e-06	1.401401e-09	3.482817e+01	1.540153e+02
4.190000e-06	6.421968e-06	1.313274e-09	3.468634e+01	1.538152e+02
4.200000e-06	6.395228e-06	1.332894e-09	3.454191e+01	1.536106e+02
4.210000e-06	6.368034e-06	1.388971e-09	3.439503e+01	1.534011e+02
4.220000e-06	6.340408e-06	1.331289e-09	3.424582e+01	1.531863e+02
4.230000e-06	6.312330e-06	1.323804e-09	3.409416e+01	1.529657e+02
4.240000e-06	6.283934e-06	1.374988e-09	3.394079e+01	1.527390e+02
4.250000e-06	6.255274e-06	1.345019e-09	3.378599e+01	1.525058e+02
4.260000e-06	6.226226e-06	1.325474e-09	3.362910e+01	1.522656e+02
4.270000e-06	6.196539e-06	1.360446e-09	3.346875e+01	1.520181e+02
4.280000e-06	6.166145e-06	1.346440e-09	3.330459e+01	1.517630e+02
4.290000e-06	6.135168e-06	1.326398e-09	3.313727e+01	1.514998e+02
4.300000e-06	6.103603e-06	1.344925e-09	3.296678e+01	1.512283e+02
4.310000e-06	6.071470e-06	1.339129e-09	3.279322e+01	1.509482e+02
4.320000e-06	6.038935e-06	1.329326e-09	3.261750e+01	1.506592e+02
4.330000e-06	6.006151e-06	1.341111e-09	3.244043e+01	1.503611e+02
4.340000e-06	5.972991e-06	1.331707e-09	3.226132e+01	1.500536e+02
4.350000e-06	5.939402e-06	1.323062e-09	3.207990e+01	1.497367e+02
4.360000e-06	5.905377e-06	1.332655e-09	3.189613e+01	1.494102e+02
4.370000e-06	5.870906e-06	1.324417e-09	3.170994e+01	1.490740e+02
4.380000e-06	5.836088e-06	1.318368e-09	3.152188e+01	1.487280e+02
4.390000e-06	5.800927e-06	1.327195e-09	3.133197e+01	1.483722e+02
4.400000e-06	5.765393e-06	1.317511e-09	3.114005e+01	1.480066e+02
4.410000e-06	5.729493e-06	1.308807e-09	3.094614e+01	1.476312e+02
4.420000e-06	5.693255e-06	1.317979e-09	3.075041e+01	1.472461e+02
4.430000e-06	5.656649e-06	1.312574e-09	3.055270e+01	1.468512e+02
4.440000e-06	5.619665e-06	1.301089e-09	3.035294e+01	1.464467e+02
4.450000e-06	5.582279e-06	1.305358e-09	3.015101e+01	1.460326e+02
4.460000e-06	5.544381e-06	1.306343e-09	2.994632e+01	1.456091e+02
4.470000e-06	5.505897e-06	1.298518e-09	2.973846e+01	1.451763e+02
4.480000e-06	5.466801e-06	1.295774e-09	2.952729e+01	1.447342e+02
4.490000e-06	5.427139e-06	1.293296e-09	2.931307e+01	1.442830e+02
4.500000e-06	5.387046e-06	1.287710e-09	2.909651e+01	1.438229e+02
4.510000e-06	5.346630e-06	1.285428e-09	2.887822e+01	1.433538e+02
4.520000e-06	5.305913e-06	1.284351e-09	2.865830e+01	1.428761e+02
4.530000e-06	5.264944e-06	1.280267e-09	2.843702e+01	1.423897e+02
4.540000e-06	5.223736e-06	1.275829e-09	2.821444e+01	1.418948e+02
4.550000e-06	5.182221e-06	1.272396e-09	2.799022e+01	1.413915e+02
4.560000e-06	5.140205e-06	1.268725e-09	2.776328e+01	1.408800e+02
4.570000e-06	5.097687e-06	1.262872e-09	2.753363e+01	1.403603e+02
4.580000e-06	5.054821e-06	1.255448e-09	2.730210e+01	1.398326e+02
4.590000e-06	5.011690e-06	1.249367e-09	2.706914e+01	1.392970e+02
4.600000e-06	4.968384e-06	1.245656e-09	2.683524e+01	1.387535e+02
4.610000e-06	4.924752e-06	1.242759e-09	2.659957e+01	1.382023e+02
4.620000e-06	4.880757e-06	1.239634e-09	2.636195e+01	1.376436e+02
4.630000e-06	4.836419e-06	1.236938e-09	2.612247e+01	1.370774e+02
4.640000e-06	4.791667e-06	1.233623e-09	2.588076e+01	1.365037e+02
4.650000e-06	4.746704e-06	1.228325e-09	2.563790e+01	1.359229e+02
4.660000e-06	4.701684e-06	1.221601e-09	2.539474e+01	1.353348e+02
4.670000e-06	4.656336e-06	1.213942e-09	2.514980e+01	1.347397e+02
4.680000e-06	4.610445e-06	1.206673e-09	2.490194e+01	1.341377e+02
4.690000e-06	4.564293e-06	1.202021e-09	2.465266e+01	1.335287e+02
4.700000e-06	4.517988e-06	1.199020e-09	2.440256e+01	1.329130e+02
4.710000e-06	4.471241e-06	1.195794e-09	2.415007e+01	1.322905e+02
4.720000e-06	4.424210e-06	1.190606e-09	2.389604e+01	1.316613e+02
4.730000e-06	4.376790e-06	1.182035e-09	2.363992e+01	1.310255e+02
4.740000e-06	4.328852e-06	1.173544e-09	2.338100e+01	1.303830e+02
4.750000e-06	4.280590e-06	1.168966e-09	2.312032e+01	1.297338e+02
4.760000e-06	4.232081e-06	1.165146e-09	2.285832e+01	1.290779e+02
4.770000e-06	4.183361e-06	1.159593e-09	2.259517e+01	1.284151e+02
4.780000e-06	4.134287e-06	1.155226e-09	2.233012e+01	1.277455e+02
4.790000e-06	4.084836e-06	1.151676e-09	2.206302e+01	1.270687e+02
4.800000e-06	4.035115e-06	1.146273e-09	2.179446e+01	1.263846e+02
4.810000e-06	3.985156e-06	1.139671e-09	2.152463e+01	1.256930e+02
4.820000e-06	3.934833e-06	1.132991e-09	2.125282e+01	1.249935e+02
4.830000e-06	3.884120e-06	1.127445e-09	2.097891e+01	1.242858e+02
4.840000e-06	3.833200e-06	1.123372e-09	2.070388e+01	1.235696e+02
4.850000e-06	3.782002e-06	1.119096e-09	2.042735e+01	1.228445e+02
4.860000e-06	3.730416e-06	1.112505e-09	2.014873e+01	1.221099e+02
4.870000e-06	3.678512e-06	1.105470e-09	1.986838e+01	1.213653e+02
4.880000e-06	3.626299e-06	1.098760e-09	1.958637e+01	1.206104e+02
4.890000e-06	3.573841e-06	1.092330e-09	1.930303e+01	1.198444e+02
4.900000e-06	3.521188e-06	1.087158e-09	1.901864e+01	1.190668e+02
4.910000e-06	3.468270e-06	1.082153e-09	1.873282e+01	1.182771e+02
4.920000e-06	3.415047e-06	1.075769e-09	1.844535e+01	1.174745e+02
4.930000e-06	3.361395e-06	1.068211e-09	1.815557e+01	1.166586e+02
4.940000e-06	3.307385e-06	1.061159e-09	1.786385e+01	1.158287e+02
4.950000e-06	3.253075e-06	1.054242e-09	1.757051e+01	1.149843e+02
4.960000e-06	3.198286e-06	1.046684e-09	1.727459e+01	1.141247e+02
4.970000e-06	3.143054e-06	1.038853e-09	1.697626e+01	1.132494e+02
4.980000e-06	3.087575e-06	1.031721e-09	1.667661e+01	1.123581e+02
4.990000e-06	3.031848e-06	1.024570e-09	1.637562e+01	1.114501e+02
5.000000e-06	2.975812e-06	1.016521e-09	1.607296e+01	1.105251e+02
5.010000e-06	2.919581e-06	1.007351e-09	1.576924e+01	1.095828e+02
5.020000e-06	2.863226e-06	9.978878e-10	1.546486e+01	1.086229e+02
5.030000e-06	2.806783e-06	9.894420e-10	1.516000e+01	1.076451e+02
5.040000e-06	2.750245e-06	9.830353e-10	1.485462e+01	1.066494e+02
5.050000e-06	2.693563e-06	9.778465e-10	1.454848e+01	1.056355e+02
5.060000e-06	2.636676e-06	9.703586e-10	1.424122e+01	1.046035e+02
5.070000e-06	2.579651e-06	9.602839e-10	1.393321e+01	1.035535e+02
5.080000e-06	2.522500e-06	9.493932e-10	1.362453e+01	1.024854e+02
5.090000e-06	2.465123e-06	9.383428e-10	1.331462e+01	1.013994e+02
5.100000e-06	2.407582e-06	9.282945e-10	1.300383e+01	1.002957e+02
5.110000e-06	2.349951e-06	9.189797e-10	1.269255e+01	9.917456e+01
5.120000e-06	2.292170e-06	9.096939e-10	1.238047e+01	9.803608e+01
5.130000e-06	2.234215e-06	9.008780e-10	1.206745e+01	9.688055e+01
5.140000e-06	2.176060e-06	8.920053e-10	1.175333e+01	9.570820e+01
5.150000e-06	2.117606e-06	8.814384e-10	1.143761e+01	9.451927e+01
5.160000e-06	2.059016e-06	8.687078e-10	1.112116e+01	9.331394e+01
5.170000e-06	2.000391e-06	8.553366e-10	1.080451e+01	9.209237e+01
5.180000e-06	1.941530e-06	8.438769e-10	1.048660e+01	9.085467e+01
5.190000e-06	1.882560e-06	8.343485e-10	1.016809e+01	8.960089e+01
5.200000e-06	1.823594e-06	8.244077e-10	9.849599e+00	8.833099e+01
5.210000e-06	1.764505e-06	8.129841e-10	9.530447e+00	8.704485e+01
5.220000e-06	1.705324e-06	8.002658e-10	9.210799e+00	8.574226e+01
5.230000e-06	1.645954e-06	7.875174e-10	8.890126e+00	8.442290e+01
5.240000e-06	1.586473e-06	7.745498e-10	8.568858e+00	8.308634e+01
5.250000e-06	1.526891e-06	7.610954e-10	8.247043e+00	8.173205e+01
5.260000e-06	1.467075e-06	7.481433e-10	7.923965e+00	8.035936e+01
5.270000e-06	1.407166e-06	7.350057e-10	7.600388e+00	7.896750e+01
5.280000e-06	1.347139e-06	7.209886e-10	7.276169e+00	7.755558e+01
5.290000e-06	1.287065e-06	7.064669e-10	6.951697e+00	7.612262e+01
5.300000e-06	1.226959e-06	6.919349e-10	6.627051e+00	7.466749e+01
5.310000e-06	1.166733e-06	6.773853e-10	6.301757e+00	7.318903e+01
5.320000e-06	1.106436e-06	6.629801e-10	5.976084e+00	7.168595e+01
5.330000e-06	1.046144e-06	6.498145e-10	5.650433e+00	7.015691e+01
5.340000e-06	9.858283e-07	6.370865e-10	5.324657e+00	6.860051e+01
5.350000e-06	9.254764e-07	6.224931e-10	4.998684e+00	6.701533e+01
5.360000e-06	8.650767e-07	6.063494e-10	4.672453e+00	6.539992e+01
5.370000e-06	8.045817e-07	5.906958e-10	4.345707e+00	6.375283e+01
5.380000e-06	7.440728e-07	5.750194e-10	4.018886e+00	6.207265e+01
5.390000e-06	6.836149e-07	5.585958e-10	3.692341e+00	6.035801e+01
5.400000e-06	6.231238e-07	5.425658e-10	3.365617e+00	5.860758e+01
5.410000e-06	5.625547e-07	5.271760e-10	3.038471e+00	5.682016e+01
5.420000e-06	5.018805e-07	5.112807e-10	2.710757e+00	5.499464e+01
5.430000e-06	4.411691e-07	4.946004e-10	2.382843e+00	5.313003e+01
5.440000e-06	3.804847e-07	4.772880e-10	2.055074e+00	5.122551e+01
5.450000e-06	3.197320e-07	4.587781e-10	1.726937e+00	4.928041e+01
5.460000e-06	2.590195e-07	4.394958e-10	1.399016e+00	4.729425e+01
5.470000e-06	1.984054e-07	4.211880e-10	1.071627e+00	4.526674e+01
5.480000e-06	1.377904e-07	4.043003e-10	7.442336e-01	4.319782e+01
5.490000e-06	7.708954e-08	3.865212e-10	4.163761e-01	4.108762e+01
5.500000e-06	1.634417e-08	3.670492e-10	8.827812e-02	3.893652e+01
5.510000e-06	-4.427975e-08	3.466152e-10	-2.391638e-01	3.674511e+01
5.520000e-06	-1.048962e-07	3.255959e-10	-5.665655e-01	3.451424e+01
5.530000e-06	-1.655791e-07	3.045415e-10	-8.943261e-01	3.224495e+01
5.540000e-06	-2.262917e-07	2.835133e-10	-1.222247e+00	2.993854e+01
5.550000e-06	-2.869763e-07	2.628802e-10	-1.550016e+00	2.759651e+01
5.560000e-06	-3.476325e-07	2.416701e-10	-1.877633e+00	2.522060e+01
5.570000e-06	-4.083017e-07	2.191508e-10	-2.205320e+00	2.281271e+01
5.580000e-06	-4.688861e-07	1.958227e-10	-2.532548e+00	2.037495e+01
5.590000e-06	-5.294081e-07	1.723150e-10	-2.859439e+00	1.790962e+01
5.600000e-06	-5.898571e-07	1.501325e-10	-3.185937e+00	1.541912e+01
5.610000e-06	-6.502661e-07	1.285492e-10	-3.512218e+00	1.290604e+01
5.620000e-06	-7.107446e-07	1.060383e-10	-3.838874e+00	1.037305e+01
5.630000e-06	-7.712051e-07	8.290997e-11	-4.165433e+00	7.822932e+00
5.640000e-06	-8.315742e-07	5.840460e-11	-4.491499e+00	5.258531e+00
5.650000e-06	-8.919443e-07	3.297958e-11	-4.817570e+00	2.682750e+00
5.660000e-06	-9.523034e-07	8.855184e-12	-5.143581e+00	9.851725e-02
5.670000e-06	-1.012603e-06	-1.411566e-11	-5.469274e+00	-2.491228e+00
5.680000e-06	-1.072817e-06	-3.586295e-11	-5.794500e+00	-5.083560e+00
5.690000e-06	-1.133007e-06	-5.754846e-11	-6.119597e+00	-7.675583e+00
5.700000e-06	-1.193216e-06	-8.123605e-11	-6.444798e+00	-1.026445e+01
5.710000e-06	-1.253350e-06	-1.054663e-10	-6.769594e+00	-1.284740e+01
5.720000e-06	-1.313381e-06	-1.285621e-10	-7.093835e+00	-1.542173e+01
5.730000e-06	-1.373263e-06	-1.504908e-10	-7.417271e+00	-1.798484e+01
5.740000e-06	-1.433023e-06	-1.723212e-10	-7.740043e+00	-2.053426e+01
5.750000e-06	-1.492727e-06	-1.955065e-10	-8.062520e+00	-2.306763e+01
5.760000e-06	-1.552269e-06	-2.200334e-10	-8.384115e+00	-2.558271e+01
5.770000e-06	-1.611622e-06	-2.443078e-10	-8.704695e+00	-2.807743e+01
5.780000e-06	-1.670914e-06	-2.676694e-10	-9.024944e+00	-3.054982e+01
5.790000e-06	-1.730196e-06	-2.911620e-10	-9.345135e+00	-3.299809e+01
5.800000e-06	-1.789359e-06	-3.144186e-10	-9.664685e+00	-3.542060e+01
5.810000e-06	-1.848315e-06	-3.362275e-10	-9.983123e+00	-3.781583e+01
5.820000e-06	-1.907164e-06	-3.573681e-10	-1.030098e+01	-4.018244e+01
5.830000e-06	-1.965998e-06	-3.795525e-10	-1.061875e+01	-4.251922e+01
5.840000e-06	-2.024698e-06	-4.026662e-10	-1.093580e+01	-4.482510e+01
5.850000e-06	-2.083145e-06	-4.249172e-10	-1.125148e+01	-4.709916e+01
5.860000e-06	-2.141422e-06	-4.455082e-10	-1.156625e+01	-4.934060e+01
5.870000e-06	-2.199520e-06	-4.649893e-10	-1.188005e+01	-5.154875e+01
5.880000e-06	-2.257428e-06	-4.845439e-10	-1.219282e+01	-5.372307e+01
5.890000e-06	-2.315221e-06	-5.045155e-10	-1.250497e+01	-5.586310e+01
5.900000e-06	-2.372836e-06	-5.246793e-10	-1.281616e+01	-5.796852e+01
5.910000e-06	-2.430198e-06	-5.443875e-10	-1.312598e+01	-6.003909e+01
5.920000e-06	-2.487385e-06	-5.629590e-10	-1.343487e+01	-6.207466e+01
5.930000e-06	-2.544384e-06	-5.820796e-10	-1.374273e+01	-6.407516e+01
5.940000e-06	-2.601190e-06	-6.025732e-10	-1.404955e+01	-6.604061e+01
5.950000e-06	-2.657971e-06	-6.225624e-10	-1.435623e+01	-6.797108e+01
5.960000e-06	-2.714631e-06	-6.401945e-10	-1.466227e+01	-6.986671e+01
5.970000e-06	-2.771078e-06	-6.564058e-10	-1.496715e+01	-7.172770e+01
5.980000e-06	-2.827383e-06	-6.725737e-10	-1.527126e+01	-7.355429e+01
5.990000e-06	-2.883592e-06	-6.888564e-10	-1.557486e+01	-7.534678e+01
6.000000e-06	-2.939673e-06	-7.053093e-10	-1.587776e+01	-7.710549e+01
6.010000e-06	-2.995610e-06	-7.213393e-10	-1.617989e+01	-7.883080e+01
6.020000e-06	-3.051383e-06	-7.371539e-10	-1.648113e+01	-8.052312e+01
6.030000e-06	-3.106724e-06	-7.534233e-10	-1.678004e+01	-8.218287e+01
6.040000e-06	-3.161614e-06	-7.694347e-10	-1.707651e+01	-8.381051e+01
6.050000e-06	-3.216252e-06	-7.834492e-10	-1.737162e+01	-8.540653e+01
6.060000e-06	-3.270664e-06	-7.964465e-10	-1.766551e+01	-8.697144e+01
6.070000e-06	-3.324826e-06	-8.097003e-10	-1.795805e+01	-8.850574e+01
6.080000e-06	-3.378466e-06	-8.232084e-10	-1.824777e+01	-9.000999e+01
6.090000e-06	-3.431424e-06	-8.382327e-10	-1.853381e+01	-9.148473e+01
6.100000e-06	-3.484042e-06	-8.535257e-10	-1.881801e+01	-9.293053e+01
6.110000e-06	-3.536542e-06	-8.666175e-10	-1.910157e+01	-9.434798e+01
6.120000e-06	-3.588897e-06	-8.786902e-10	-1.938435e+01	-9.573765e+01
6.130000e-06	-3.641041e-06	-8.903153e-10	-1.966599e+01	-9.710013e+01
6.140000e-06	-3.692901e-06	-9.015762e-10	-1.994610e+01	-9.843602e+01
6.150000e-06	-3.744519e-06	-9.136649e-10	-2.022490e+01	-9.974592e+01
6.160000e-06	-3.795824e-06	-9.255609e-10	-2.050201e+01	-1.010304e+02
6.170000e-06	-3.846769e-06	-9.368855e-10	-2.077717e+01	-1.022901e+02
6.180000e-06	-3.897462e-06	-9.478255e-10	-2.105097e+01	-1.035256e+02
6.190000e-06	-3.947844e-06	-9.581146e-10	-2.132310e+01	-1.047375e+02
6.200000e-06	-3.997976e-06	-9.679648e-10	-2.159387e+01	-1.059263e+02
6.210000e-06	-4.047949e-06	-9.772383e-10	-2.186378e+01	-1.070926e+02
6.220000e-06	-4.097448e-06	-9.870894e-10	-2.213114e+01	-1.082370e+02
6.230000e-06	-4.146316e-06	-9.975667e-10	-2.239509e+01	-1.093600e+02
6.240000e-06	-4.194685e-06	-1.007567e-09	-2.265634e+01	-1.104622e+02
6.250000e-06	-4.242667e-06	-1.017386e-09	-2.291549e+01	-1.115440e+02
6.260000e-06	-4.290225e-06	-1.026352e-09	-2.317237e+01	-1.126060e+02
6.270000e-06	-4.337338e-06	-1.034403e-09	-2.342683e+01	-1.136486e+02
6.280000e-06	-4.384278e-06	-1.043561e-09	-2.368036e+01	-1.146723e+02
6.290000e-06	-4.431005e-06	-1.053447e-09	-2.393275e+01	-1.156775e+02
6.300000e-06	-4.477443e-06	-1.062669e-09	-2.418357e+01	-1.166647e+02
6.310000e-06	-4.523743e-06	-1.071291e-09	-2.443364e+01	-1.176342e+02
6.320000e-06	-4.569815e-06	-1.079328e-09	-2.468248e+01	-1.185865e+02
6.330000e-06	-4.615583e-06	-1.087498e-09	-2.492969e+01	-1.195220e+02
6.340000e-06	-4.661039e-06	-1.096257e-09	-2.517521e+01	-1.204409e+02
6.350000e-06	-4.706056e-06	-1.104712e-09	-2.541835e+01	-1.213436e+02
6.360000e-06	-4.750650e-06	-1.112608e-09	-2.565921e+01	-1.222306e+02
6.370000e-06	-4.795023e-06	-1.120287e-09	-2.589888e+01	-1.231020e+02
6.380000e-06	-4.839285e-06	-1.128047e-09	-2.613795e+01	-1.239582e+02
6.390000e-06	-4.883383e-06	-1.135638e-09	-2.637613e+01	-1.247994e+02
6.400000e-06	-4.927110e-06	-1.142295e-09	-2.661231e+01	-1.256261e+02
6.410000e-06	-4.970482e-06	-1.148910e-09	-2.684657e+01	-1.264384e+02
6.420000e-06	-5.013506e-06	-1.156483e-09	-2.707895e+01	-1.272366e+02
6.430000e-06	-5.056080e-06	-1.164026e-09	-2.730890e+01	-1.280210e+02
6.440000e-06	-5.098387e-06	-1.171186e-09	-2.753741e+01	-1.287919e+02
6.450000e-06	-5.140338e-06	-1.177572e-09	-2.776400e+01	-1.295494e+02
6.460000e-06	-5.181809e-06	-1.183084e-09	-2.798799e+01	-1.302939e+02
6.470000e-06	-5.222871e-06	-1.189396e-09	-2.820978e+01	-1.310255e+02
6.480000e-06	-5.263453e-06	-1.196642e-09	-2.842896e+01	-1.317446e+02
6.490000e-06	-5.303774e-06	-1.203543e-09	-2.864675e+01	-1.324512e+02
6.500000e-06	-5.344058e-06	-1.209476e-09	-2.886433e+01	-1.331457e+02
6.510000e-06	-5.384267e-06	-1.215100e-09	-2.908151e+01	-1.338282e+02
6.520000e-06	-5.424284e-06	-1.221171e-09	-2.929764e+01	-1.344990e+02
6.530000e-06	-5.463849e-06	-1.226352e-09	-2.951134e+01	-1.351581e+02
6.540000e-06	-5.502642e-06	-1.230359e-09	-2.972087e+01	-1.358058e+02
6.550000e-06	-5.540659e-06	-1.235182e-09	-2.992621e+01	-1.364422e+02
6.560000e-06	-5.578066e-06	-1.241233e-09	-3.012825e+01	-1.370675e+02
6.570000e-06	-5.614908e-06	-1.247550e-09	-3.032725e+01	-1.376817e+02
6.580000e-06	-5.651374e-06	-1.253125e-09	-3.052420e+01	-1.382851e+02
6.590000e-06	-5.687626e-06	-1.258668e-09	-3.072001e+01	-1.388776e+02
6.600000e-06	-5.723624e-06	-1.264073e-09	-3.091444e+01	-1.394594e+02
6.610000e-06	-5.759389e-06	-1.268739e-09	-3.110761e+01	-1.400306e+02
6.620000e-06	-5.794888e-06	-1.272390e-09	-3.129935e+01	-1.405911e+02
6.630000e-06	-5.829887e-06	-1.274993e-09	-3.148839e+01	-1.411412e+02
6.640000e-06	-5.864333e-06	-1.278524e-09	-3.167444e+01	-1.416807e+02
6.650000e-06	-5.898405e-06	-1.283980e-09	-3.185847e+01	-1.422097e+02
6.660000e-06	-5.932102e-06	-1.289469e-09	-3.204047e+01	-1.427283e+02
6.670000e-06	-5.965262e-06	-1.293390e-09	-3.221957e+01	-1.432364e+02
6.680000e-06	-5.997957e-06	-1.296713e-09	-3.239617e+01	-1.437341e+02
6.690000e-06	-6.030381e-06	-1.300447e-09	-3.257129e+01	-1.442214e+02
6.700000e-06	-6.062639e-06	-1.304892e-09	-3.274553e+01	-1.446984e+02
6.710000e-06	-6.094549e-06	-1.310103e-09	-3.291788e+01	-1.451651e+02
6.720000e-06	-6.125818e-06	-1.314629e-09	-3.308677e+01	-1.456215e+02
6.730000e-06	-6.156427e-06	-1.317912e-09	-3.325210e+01	-1.460677e+02
6.740000e-06	-6.186443e-06	-1.320898e-09	-3.341422e+01	-1.465037e+02
6.750000e-06	-6.215854e-06	-1.323684e-09	-3.357307e+01	-1.469298e+02
6.760000e-06	-6.244680e-06	-1.325730e-09	-3.372877e+01	-1.473460e+02
6.770000e-06	-6.273134e-06	-1.327449e-09	-3.388245e+01	-1.477525e+02
6.780000e-06	-6.301346e-06	-1.329504e-09	-3.403483e+01	-1.481494e+02
6.790000e-06	-6.329225e-06	-1.332138e-09	-3.418541e+01	-1.485369e+02
6.800000e-06	-6.356688e-06	-1.333999e-09	-3.433374e+01	-1.489153e+02
6.810000e-06	-6.383664e-06	-1.336003e-09	-3.447945e+01	-1.492848e+02
6.820000e-06	-6.410156e-06	-1.338962e-09	-3.462254e+01	-1.496457e+02
6.830000e-06	-6.436169e-06	-1.341587e-09	-3.476304e+01	-1.499982e+02
6.840000e-06	-6.461780e-06	-1.343708e-09	-3.490137e+01	-1.503426e+02
6.850000e-06	-6.486888e-06	-1.345592e-09	-3.503698e+01	-1.506793e+02
6.860000e-06	-6.511469e-06	-1.348132e-09	-3.516975e+01	-1.510087e+02
6.870000e-06	-6.535786e-06	-1.350559e-09	-3.530109e+01	-1.513309e+02
6.880000e-06	-6.559883e-06	-1.353233e-09	-3.543124e+01	-1.516465e+02
6.890000e-06	-6.583584e-06	-1.355939e-09	-3.555926e+01	-1.519556e+02
6.900000e-06	-6.606649e-06	-1.356991e-09	-3.568384e+01	-1.522587e+02
6.910000e-06	-6.628949e-06	-1.357180e-09	-3.580428e+01	-1.525561e+02
6.920000e-06	-6.650498e-06	-1.357386e-09	-3.592068e+01	-1.528480e+02
6.930000e-06	-6.671450e-06	-1.357613e-09	-3.603384e+01	-1.531348e+02
6.940000e-06	-6.691973e-06	-1.359133e-09	-3.614469e+01	-1.534166e+02
6.950000e-06	-6.712222e-06	-1.360692e-09	-3.625405e+01	-1.536938e+02
6.960000e-06	-6.732304e-06	-1.361537e-09	-3.636253e+01	-1.539665e+02
6.970000e-06	-6.751941e-06	-1.363602e-09	-3.646859e+01	-1.542348e+02
6.980000e-06	-6.770951e-06	-1.365685e-09	-3.657126e+01	-1.544988e+02
6.990000e-06	-6.789523e-06	-1.366748e-09	-3.667157e+01	-1.547587e+02
7.000000e-06	-6.807749e-06	-1.367734e-09	-3.677002e+01	-1.550145e+02
7.010000e-06	-6.825465e-06	-1.369218e-09	-3.686571e+01	-1.552660e+02
7.020000e-06	-6.842584e-06	-1.371307e-09	-3.695817e+01	-1.555133e+02
7.030000e-06	-6.859307e-06	-1.373633e-09	-3.704849e+01	-1.557563e+02
7.040000e-06	-6.875750e-06	-1.375656e-09	-3.713731e+01	-1.559947e+02
7.050000e-06	-6.891883e-06	-1.376363e-09	-3.722444e+01	-1.562284e+02
7.060000e-06	-6.907346e-06	-1.377231e-09	-3.730796e+01	-1.564571e+02
7.070000e-06	-6.922013e-06	-1.379189e-09	-3.738718e+01	-1.566807e+02
7.080000e-06	-6.936014e-06	-1.380409e-09	-3.746280e+01	-1.568988e+02
7.090000e-06	-6.949182e-06	-1.380901e-09	-3.753392e+01	-1.571111e+02
7.100000e-06	-6.961683e-06	-1.381323e-09	-3.760145e+01	-1.573173e+02
7.110000e-06	-6.973673e-06	-1.381584e-09	-3.766621e+01	-1.575170e+02
7.120000e-06	-6.985109e-06	-1.382329e-09	-3.772797e+01	-1.577100e+02
7.130000e-06	-6.996072e-06	-1.383964e-09	-3.778719e+01	-1.578959e+02
7.140000e-06	-7.006628e-06	-1.385513e-09	-3.784420e+01	-1.580743e+02
7.150000e-06	-7.016722e-06	-1.385966e-09	-3.789872e+01	-1.582449e+02
7.160000e-06	-7.026327e-06	-1.386423e-09	-3.795060e+01	-1.584076e+02
7.170000e-06	-7.035407e-06	-1.387552e-09	-3.799964e+01	-1.585619e+02
7.180000e-06	-7.043978e-06	-1.388537e-09	-3.804594e+01	-1.587077e+02
7.190000e-06	-7.052303e-06	-1.389330e-09	-3.809091e+01	-1.588447e+02
7.200000e-06	-7.060420e-06	-1.390114e-09	-3.813475e+01	-1.589728e+02
7.210000e-06	-7.068065e-06	-1.389865e-09	-3.817604e+01	-1.590918e+02
7.220000e-06	-7.075039e-06	-1.388766e-09	-3.821370e+01	-1.592017e+02
7.230000e-06	-7.081197e-06	-1.388818e-09	-3.824697e+01	-1.593024e+02
7.240000e-06	-7.086568e-06	-1.388688e-09	-3.827598e+01	-1.593939e+02
7.250000e-06	-7.091390e-06	-1.387855e-09	-3.830202e+01	-1.594762e+02
7.260000e-06	-7.095780e-06	-1.387400e-09	-3.832573e+01	-1.595495e+02
7.270000e-06	-7.099737e-06	-1.386941e-09	-3.834710e+01	-1.596137e+02
7.280000e-06	-7.103281e-06	-1.387132e-09	-3.836625e+01	-1.596691e+02
7.290000e-06	-7.106294e-06	-1.387080e-09	-3.838252e+01	-1.597159e+02
7.300000e-06	-7.108823e-06	-1.385963e-09	-3.839618e+01	-1.597541e+02
7.310000e-06	-7.111134e-06	-1.384711e-09	-3.840866e+01	-1.597841e+02
7.320000e-06	-7.112994e-06	-1.383923e-09	-3.841871e+01	-1.598061e+02
7.330000e-06	-7.114034e-06	-1.383880e-09	-3.842432e+01	-1.598203e+02
7.340000e-06	-7.114556e-06	-1.383605e-09	-3.842714e+01	-1.598270e+02
