# Temperatura_=_20.0
# Concentracion g/m^3_=_7400.0
# C_Vs_to_Am_M_A/Vsm_=_116720831517.84952
# pendiente_HvsI_1/m_=_3716.3
# ordenada_HvsI_A/m_=_1297.0
# frecuencia_Hz_=_136117.84191619916

Tiempo_(s)	Campo_(V.s)	Magnetizacion_(V.s)	Campo_(kA/m)	Magnetizacion_(A/m)
0.000000e+00	-7.112837e-06	-1.332043e-09	-3.842951e+01	-1.542120e+02
1.000000e-08	-7.113084e-06	-1.331254e-09	-3.843085e+01	-1.542024e+02
2.000000e-08	-7.113065e-06	-1.331119e-09	-3.843074e+01	-1.541861e+02
3.000000e-08	-7.112510e-06	-1.330405e-09	-3.842775e+01	-1.541636e+02
4.000000e-08	-7.111150e-06	-1.329050e-09	-3.842040e+01	-1.541350e+02
5.000000e-08	-7.109003e-06	-1.328318e-09	-3.840880e+01	-1.541007e+02
6.000000e-08	-7.106157e-06	-1.328670e-09	-3.839342e+01	-1.540611e+02
7.000000e-08	-7.102807e-06	-1.330462e-09	-3.837532e+01	-1.540164e+02
8.000000e-08	-7.099041e-06	-1.332275e-09	-3.835498e+01	-1.539671e+02
9.000000e-08	-7.094658e-06	-1.325773e-09	-3.833130e+01	-1.539135e+02
1.000000e-07	-7.089393e-06	-1.305852e-09	-3.830285e+01	-1.538558e+02
1.100000e-07	-7.083384e-06	-1.300289e-09	-3.827039e+01	-1.537944e+02
1.200000e-07	-7.077193e-06	-1.335552e-09	-3.823693e+01	-1.537297e+02
1.300000e-07	-7.070905e-06	-1.365718e-09	-3.820296e+01	-1.536617e+02
1.400000e-07	-7.064145e-06	-1.328588e-09	-3.816644e+01	-1.535909e+02
1.500000e-07	-7.056783e-06	-1.281857e-09	-3.812666e+01	-1.535174e+02
1.600000e-07	-7.049063e-06	-1.320000e-09	-3.808495e+01	-1.534414e+02
1.700000e-07	-7.041100e-06	-1.367807e-09	-3.804193e+01	-1.533631e+02
1.800000e-07	-7.032640e-06	-1.314364e-09	-3.799622e+01	-1.532824e+02
1.900000e-07	-7.023298e-06	-1.255082e-09	-3.794575e+01	-1.531997e+02
2.000000e-07	-7.013182e-06	-1.318218e-09	-3.789109e+01	-1.531147e+02
2.100000e-07	-7.002549e-06	-1.387517e-09	-3.783365e+01	-1.530276e+02
2.200000e-07	-6.991477e-06	-1.321984e-09	-3.777382e+01	-1.529383e+02
2.300000e-07	-6.979851e-06	-1.251113e-09	-3.771101e+01	-1.528466e+02
2.400000e-07	-6.967602e-06	-1.305346e-09	-3.764483e+01	-1.527526e+02
2.500000e-07	-6.954955e-06	-1.354606e-09	-3.757650e+01	-1.526559e+02
2.600000e-07	-6.941740e-06	-1.302202e-09	-3.750510e+01	-1.525565e+02
2.700000e-07	-6.927871e-06	-1.274808e-09	-3.743017e+01	-1.524541e+02
2.800000e-07	-6.913407e-06	-1.321718e-09	-3.735202e+01	-1.523485e+02
2.900000e-07	-6.898097e-06	-1.323884e-09	-3.726931e+01	-1.522395e+02
3.000000e-07	-6.882054e-06	-1.280081e-09	-3.718263e+01	-1.521267e+02
3.100000e-07	-6.865666e-06	-1.289710e-09	-3.709409e+01	-1.520099e+02
3.200000e-07	-6.848884e-06	-1.308753e-09	-3.700342e+01	-1.518888e+02
3.300000e-07	-6.831588e-06	-1.277321e-09	-3.690997e+01	-1.517631e+02
3.400000e-07	-6.813788e-06	-1.279758e-09	-3.681380e+01	-1.516327e+02
3.500000e-07	-6.795491e-06	-1.324619e-09	-3.671494e+01	-1.514971e+02
3.600000e-07	-6.776686e-06	-1.299505e-09	-3.661334e+01	-1.513563e+02
3.700000e-07	-6.757433e-06	-1.244579e-09	-3.650932e+01	-1.512100e+02
3.800000e-07	-6.737878e-06	-1.275134e-09	-3.640367e+01	-1.510579e+02
3.900000e-07	-6.718037e-06	-1.312823e-09	-3.629647e+01	-1.509000e+02
4.000000e-07	-6.697678e-06	-1.270614e-09	-3.618648e+01	-1.507361e+02
4.100000e-07	-6.676838e-06	-1.251881e-09	-3.607388e+01	-1.505661e+02
4.200000e-07	-6.655549e-06	-1.292762e-09	-3.595886e+01	-1.503900e+02
4.300000e-07	-6.633673e-06	-1.286141e-09	-3.584067e+01	-1.502077e+02
4.400000e-07	-6.611399e-06	-1.247948e-09	-3.572032e+01	-1.500192e+02
4.500000e-07	-6.588701e-06	-1.259937e-09	-3.559769e+01	-1.498245e+02
4.600000e-07	-6.565441e-06	-1.270015e-09	-3.547202e+01	-1.496237e+02
4.700000e-07	-6.541844e-06	-1.245764e-09	-3.534453e+01	-1.494170e+02
4.800000e-07	-6.517951e-06	-1.253707e-09	-3.521544e+01	-1.492043e+02
4.900000e-07	-6.493604e-06	-1.271850e-09	-3.508390e+01	-1.489859e+02
5.000000e-07	-6.468695e-06	-1.244783e-09	-3.494932e+01	-1.487618e+02
5.100000e-07	-6.443036e-06	-1.230249e-09	-3.481068e+01	-1.485322e+02
5.200000e-07	-6.416579e-06	-1.251479e-09	-3.466774e+01	-1.482973e+02
5.300000e-07	-6.389488e-06	-1.245387e-09	-3.452137e+01	-1.480571e+02
5.400000e-07	-6.361992e-06	-1.225603e-09	-3.437282e+01	-1.478120e+02
5.500000e-07	-6.334275e-06	-1.236040e-09	-3.422307e+01	-1.475618e+02
5.600000e-07	-6.306204e-06	-1.241382e-09	-3.407141e+01	-1.473069e+02
5.700000e-07	-6.277653e-06	-1.226655e-09	-3.391715e+01	-1.470472e+02
5.800000e-07	-6.248722e-06	-1.225781e-09	-3.376084e+01	-1.467829e+02
5.900000e-07	-6.219404e-06	-1.228080e-09	-3.360244e+01	-1.465139e+02
6.000000e-07	-6.189643e-06	-1.216481e-09	-3.344164e+01	-1.462402e+02
6.100000e-07	-6.159411e-06	-1.215065e-09	-3.327831e+01	-1.459619e+02
6.200000e-07	-6.128720e-06	-1.221538e-09	-3.311249e+01	-1.456788e+02
6.300000e-07	-6.097696e-06	-1.213857e-09	-3.294487e+01	-1.453909e+02
6.400000e-07	-6.066305e-06	-1.206010e-09	-3.277527e+01	-1.450979e+02
6.500000e-07	-6.034560e-06	-1.207074e-09	-3.260376e+01	-1.447997e+02
6.600000e-07	-6.002578e-06	-1.204906e-09	-3.243096e+01	-1.444961e+02
6.700000e-07	-5.970267e-06	-1.201732e-09	-3.225639e+01	-1.441867e+02
6.800000e-07	-5.937214e-06	-1.201204e-09	-3.207781e+01	-1.438714e+02
6.900000e-07	-5.903215e-06	-1.196419e-09	-3.189412e+01	-1.435498e+02
7.000000e-07	-5.868693e-06	-1.190138e-09	-3.170760e+01	-1.432215e+02
7.100000e-07	-5.833740e-06	-1.187488e-09	-3.151876e+01	-1.428863e+02
7.200000e-07	-5.798367e-06	-1.183524e-09	-3.132765e+01	-1.425437e+02
7.300000e-07	-5.762728e-06	-1.178893e-09	-3.113509e+01	-1.421935e+02
7.400000e-07	-5.726851e-06	-1.176572e-09	-3.094125e+01	-1.418351e+02
7.500000e-07	-5.690686e-06	-1.174162e-09	-3.074586e+01	-1.414683e+02
7.600000e-07	-5.654028e-06	-1.172250e-09	-3.054780e+01	-1.410927e+02
7.700000e-07	-5.616946e-06	-1.171346e-09	-3.034745e+01	-1.407080e+02
7.800000e-07	-5.579565e-06	-1.166095e-09	-3.014549e+01	-1.403138e+02
7.900000e-07	-5.541720e-06	-1.157170e-09	-2.994102e+01	-1.399100e+02
8.000000e-07	-5.503325e-06	-1.151341e-09	-2.973358e+01	-1.394962e+02
8.100000e-07	-5.464454e-06	-1.147696e-09	-2.952357e+01	-1.390723e+02
8.200000e-07	-5.425183e-06	-1.143524e-09	-2.931139e+01	-1.386380e+02
8.300000e-07	-5.385676e-06	-1.139608e-09	-2.909794e+01	-1.381933e+02
8.400000e-07	-5.346031e-06	-1.135357e-09	-2.888375e+01	-1.377381e+02
8.500000e-07	-5.306153e-06	-1.131330e-09	-2.866829e+01	-1.372723e+02
8.600000e-07	-5.265782e-06	-1.127669e-09	-2.845017e+01	-1.367960e+02
8.700000e-07	-5.225059e-06	-1.123256e-09	-2.823015e+01	-1.363092e+02
8.800000e-07	-5.184032e-06	-1.117558e-09	-2.800849e+01	-1.358119e+02
8.900000e-07	-5.142388e-06	-1.110555e-09	-2.778349e+01	-1.353044e+02
9.000000e-07	-5.100002e-06	-1.104117e-09	-2.755449e+01	-1.347869e+02
9.100000e-07	-5.056938e-06	-1.099063e-09	-2.732182e+01	-1.342594e+02
9.200000e-07	-5.013486e-06	-1.093604e-09	-2.708706e+01	-1.337222e+02
9.300000e-07	-4.969856e-06	-1.086906e-09	-2.685133e+01	-1.331756e+02
9.400000e-07	-4.926066e-06	-1.081255e-09	-2.661474e+01	-1.326199e+02
9.500000e-07	-4.881940e-06	-1.077027e-09	-2.637634e+01	-1.320553e+02
9.600000e-07	-4.837447e-06	-1.072607e-09	-2.613595e+01	-1.314820e+02
9.700000e-07	-4.792625e-06	-1.066807e-09	-2.589378e+01	-1.309005e+02
9.800000e-07	-4.747428e-06	-1.059884e-09	-2.564959e+01	-1.303109e+02
9.900000e-07	-4.701972e-06	-1.053652e-09	-2.540400e+01	-1.297134e+02
1.000000e-06	-4.656298e-06	-1.048952e-09	-2.515723e+01	-1.291084e+02
1.010000e-06	-4.610268e-06	-1.044627e-09	-2.490854e+01	-1.284959e+02
1.020000e-06	-4.563867e-06	-1.039287e-09	-2.465784e+01	-1.278762e+02
1.030000e-06	-4.517005e-06	-1.033018e-09	-2.440465e+01	-1.272494e+02
1.040000e-06	-4.469762e-06	-1.027157e-09	-2.414940e+01	-1.266156e+02
1.050000e-06	-4.422270e-06	-1.022372e-09	-2.389281e+01	-1.259748e+02
1.060000e-06	-4.374482e-06	-1.017351e-09	-2.363462e+01	-1.253270e+02
1.070000e-06	-4.326589e-06	-1.012348e-09	-2.337586e+01	-1.246722e+02
1.080000e-06	-4.278640e-06	-1.007632e-09	-2.311680e+01	-1.240103e+02
1.090000e-06	-4.230344e-06	-1.001572e-09	-2.285587e+01	-1.233410e+02
1.100000e-06	-4.181614e-06	-9.945188e-10	-2.259258e+01	-1.226643e+02
1.110000e-06	-4.132407e-06	-9.878706e-10	-2.232673e+01	-1.219798e+02
1.120000e-06	-4.082605e-06	-9.814017e-10	-2.205766e+01	-1.212873e+02
1.130000e-06	-4.032325e-06	-9.747768e-10	-2.178600e+01	-1.205865e+02
1.140000e-06	-3.981676e-06	-9.684237e-10	-2.151236e+01	-1.198769e+02
1.150000e-06	-3.930656e-06	-9.631822e-10	-2.123670e+01	-1.191582e+02
1.160000e-06	-3.879258e-06	-9.583498e-10	-2.095901e+01	-1.184300e+02
1.170000e-06	-3.827565e-06	-9.519383e-10	-2.067972e+01	-1.176918e+02
1.180000e-06	-3.775639e-06	-9.444640e-10	-2.039917e+01	-1.169430e+02
1.190000e-06	-3.723470e-06	-9.375196e-10	-2.011731e+01	-1.161834e+02
1.200000e-06	-3.671018e-06	-9.314396e-10	-1.983392e+01	-1.154123e+02
1.210000e-06	-3.618234e-06	-9.250667e-10	-1.954873e+01	-1.146293e+02
1.220000e-06	-3.565206e-06	-9.182616e-10	-1.926223e+01	-1.138339e+02
1.230000e-06	-3.511888e-06	-9.117743e-10	-1.897417e+01	-1.130257e+02
1.240000e-06	-3.458297e-06	-9.046340e-10	-1.868462e+01	-1.122041e+02
1.250000e-06	-3.404513e-06	-8.978243e-10	-1.839404e+01	-1.113689e+02
1.260000e-06	-3.350453e-06	-8.917314e-10	-1.810196e+01	-1.105196e+02
1.270000e-06	-3.296186e-06	-8.844286e-10	-1.780876e+01	-1.096558e+02
1.280000e-06	-3.241780e-06	-8.764263e-10	-1.751482e+01	-1.087772e+02
1.290000e-06	-3.187052e-06	-8.693952e-10	-1.721913e+01	-1.078836e+02
1.300000e-06	-3.132010e-06	-8.629012e-10	-1.692175e+01	-1.069746e+02
1.310000e-06	-3.076853e-06	-8.554256e-10	-1.662374e+01	-1.060502e+02
1.320000e-06	-3.021475e-06	-8.474389e-10	-1.632454e+01	-1.051100e+02
1.330000e-06	-2.965901e-06	-8.399521e-10	-1.602429e+01	-1.041541e+02
1.340000e-06	-2.910290e-06	-8.317573e-10	-1.572383e+01	-1.031823e+02
1.350000e-06	-2.854631e-06	-8.226444e-10	-1.542311e+01	-1.021947e+02
1.360000e-06	-2.798865e-06	-8.147302e-10	-1.512182e+01	-1.011911e+02
1.370000e-06	-2.742902e-06	-8.080476e-10	-1.481946e+01	-1.001717e+02
1.380000e-06	-2.686751e-06	-8.007723e-10	-1.451609e+01	-9.913645e+01
1.390000e-06	-2.630434e-06	-7.924248e-10	-1.421181e+01	-9.808553e+01
1.400000e-06	-2.573980e-06	-7.835845e-10	-1.390680e+01	-9.701902e+01
1.410000e-06	-2.517239e-06	-7.743302e-10	-1.360023e+01	-9.593705e+01
1.420000e-06	-2.460167e-06	-7.644063e-10	-1.329189e+01	-9.483975e+01
1.430000e-06	-2.402939e-06	-7.541246e-10	-1.298269e+01	-9.372725e+01
1.440000e-06	-2.345371e-06	-7.441971e-10	-1.267166e+01	-9.259969e+01
1.450000e-06	-2.287532e-06	-7.348492e-10	-1.235917e+01	-9.145718e+01
1.460000e-06	-2.229641e-06	-7.249162e-10	-1.204639e+01	-9.029982e+01
1.470000e-06	-2.171461e-06	-7.142256e-10	-1.173205e+01	-8.912768e+01
1.480000e-06	-2.112899e-06	-7.039550e-10	-1.141565e+01	-8.794081e+01
1.490000e-06	-2.053953e-06	-6.943284e-10	-1.109718e+01	-8.673919e+01
1.500000e-06	-1.994728e-06	-6.848550e-10	-1.077720e+01	-8.552278e+01
1.510000e-06	-1.935394e-06	-6.746054e-10	-1.045662e+01	-8.429147e+01
1.520000e-06	-1.875961e-06	-6.639718e-10	-1.013551e+01	-8.304512e+01
1.530000e-06	-1.816430e-06	-6.542055e-10	-9.813878e+00	-8.178348e+01
1.540000e-06	-1.756860e-06	-6.444446e-10	-9.492032e+00	-8.050628e+01
1.550000e-06	-1.697269e-06	-6.334390e-10	-9.170071e+00	-7.921315e+01
1.560000e-06	-1.637547e-06	-6.218545e-10	-8.847403e+00	-7.790365e+01
1.570000e-06	-1.577778e-06	-6.103830e-10	-8.524482e+00	-7.657728e+01
1.580000e-06	-1.518034e-06	-5.993705e-10	-8.201694e+00	-7.523344e+01
1.590000e-06	-1.458131e-06	-5.883462e-10	-7.878046e+00	-7.387147e+01
1.600000e-06	-1.398157e-06	-5.767180e-10	-7.554019e+00	-7.249065e+01
1.610000e-06	-1.338156e-06	-5.647412e-10	-7.229842e+00	-7.109016e+01
1.620000e-06	-1.278020e-06	-5.522800e-10	-6.904938e+00	-6.966913e+01
1.630000e-06	-1.217875e-06	-5.397910e-10	-6.579981e+00	-6.822664e+01
1.640000e-06	-1.157670e-06	-5.275274e-10	-6.254703e+00	-6.676168e+01
1.650000e-06	-1.097452e-06	-5.155605e-10	-5.929357e+00	-6.527322e+01
1.660000e-06	-1.037246e-06	-5.040122e-10	-5.604075e+00	-6.376020e+01
1.670000e-06	-9.768825e-07	-4.924850e-10	-5.277939e+00	-6.222150e+01
1.680000e-06	-9.163973e-07	-4.801197e-10	-4.951147e+00	-6.065601e+01
1.690000e-06	-8.558832e-07	-4.665030e-10	-4.624199e+00	-5.906259e+01
1.700000e-06	-7.952981e-07	-4.536749e-10	-4.296868e+00	-5.744013e+01
1.710000e-06	-7.346214e-07	-4.415591e-10	-3.969041e+00	-5.578751e+01
1.720000e-06	-6.739187e-07	-4.275918e-10	-3.641074e+00	-5.410368e+01
1.730000e-06	-6.132455e-07	-4.136987e-10	-3.313267e+00	-5.238761e+01
1.740000e-06	-5.524918e-07	-4.013118e-10	-2.985025e+00	-5.063833e+01
1.750000e-06	-4.916516e-07	-3.876587e-10	-2.656314e+00	-4.885497e+01
1.760000e-06	-4.307198e-07	-3.717054e-10	-2.327110e+00	-4.703672e+01
1.770000e-06	-3.696893e-07	-3.551219e-10	-1.997372e+00	-4.518291e+01
1.780000e-06	-3.087308e-07	-3.393890e-10	-1.668023e+00	-4.329295e+01
1.790000e-06	-2.478272e-07	-3.244758e-10	-1.338971e+00	-4.136642e+01
1.800000e-06	-1.868598e-07	-3.091880e-10	-1.009573e+00	-3.940303e+01
1.810000e-06	-1.258663e-07	-2.932076e-10	-6.800353e-01	-3.740262e+01
1.820000e-06	-6.491837e-08	-2.773975e-10	-3.507435e-01	-3.536524e+01
1.830000e-06	-3.992197e-09	-2.616359e-10	-2.156920e-02	-3.329110e+01
1.840000e-06	5.692005e-08	-2.445455e-10	3.075299e-01	-3.118058e+01
1.850000e-06	1.178493e-07	-2.264231e-10	6.367206e-01	-2.903425e+01
1.860000e-06	1.789076e-07	-2.086993e-10	9.666088e-01	-2.685290e+01
1.870000e-06	2.399839e-07	-1.916108e-10	1.296595e+00	-2.463748e+01
1.880000e-06	3.009762e-07	-1.746070e-10	1.626126e+00	-2.238917e+01
1.890000e-06	3.619547e-07	-1.574339e-10	1.955583e+00	-2.010932e+01
1.900000e-06	4.229534e-07	-1.398158e-10	2.285149e+00	-1.779948e+01
1.910000e-06	4.838554e-07	-1.206151e-10	2.614193e+00	-1.546138e+01
1.920000e-06	5.446192e-07	-1.009639e-10	2.942490e+00	-1.309694e+01
1.930000e-06	6.053962e-07	-8.241961e-11	3.270858e+00	-1.070825e+01
1.940000e-06	6.661765e-07	-6.357045e-11	3.599244e+00	-8.297535e+00
1.950000e-06	7.268431e-07	-4.368895e-11	3.927017e+00	-5.867190e+00
1.960000e-06	7.873668e-07	-2.348475e-11	4.254016e+00	-3.419731e+00
1.970000e-06	8.478164e-07	-3.812334e-12	4.580616e+00	-9.577889e-01
1.980000e-06	9.082881e-07	1.434149e-11	4.907335e+00	1.515908e+00
1.990000e-06	9.687940e-07	3.204987e-11	5.234238e+00	3.998550e+00
2.000000e-06	1.029244e-06	5.157634e-11	5.560838e+00	6.487270e+00
2.010000e-06	1.089646e-06	7.184616e-11	5.887180e+00	8.979157e+00
2.020000e-06	1.149970e-06	9.158966e-11	6.213101e+00	1.147128e+01
2.030000e-06	1.210179e-06	1.114689e-10	6.538400e+00	1.396072e+01
2.040000e-06	1.270353e-06	1.315922e-10	6.863513e+00	1.644455e+01
2.050000e-06	1.330444e-06	1.518897e-10	7.188176e+00	1.891991e+01
2.060000e-06	1.390424e-06	1.716907e-10	7.512237e+00	2.138398e+01
2.070000e-06	1.450328e-06	1.910894e-10	7.835889e+00	2.383404e+01
2.080000e-06	1.510124e-06	2.103732e-10	8.158958e+00	2.626744e+01
2.090000e-06	1.569881e-06	2.292135e-10	8.481816e+00	2.868166e+01
2.100000e-06	1.629649e-06	2.475631e-10	8.804729e+00	3.107429e+01
2.110000e-06	1.689324e-06	2.659406e-10	9.127147e+00	3.344307e+01
2.120000e-06	1.748927e-06	2.844517e-10	9.449173e+00	3.578589e+01
2.130000e-06	1.808510e-06	3.030740e-10	9.771091e+00	3.810080e+01
2.140000e-06	1.867960e-06	3.211376e-10	1.009229e+01	4.038601e+01
2.150000e-06	1.927322e-06	3.381197e-10	1.041301e+01	4.263991e+01
2.160000e-06	1.986664e-06	3.548871e-10	1.073363e+01	4.486108e+01
2.170000e-06	2.045811e-06	3.716131e-10	1.105319e+01	4.704826e+01
2.180000e-06	2.104684e-06	3.880657e-10	1.137127e+01	4.920037e+01
2.190000e-06	2.163405e-06	4.041157e-10	1.168853e+01	5.131653e+01
2.200000e-06	2.222005e-06	4.198828e-10	1.200514e+01	5.339602e+01
2.210000e-06	2.280232e-06	4.357230e-10	1.231973e+01	5.543829e+01
2.220000e-06	2.338019e-06	4.516990e-10	1.263194e+01	5.744295e+01
2.230000e-06	2.395556e-06	4.670990e-10	1.294280e+01	5.940976e+01
2.240000e-06	2.452833e-06	4.818618e-10	1.325226e+01	6.133866e+01
2.250000e-06	2.509748e-06	4.966761e-10	1.355977e+01	6.322967e+01
2.260000e-06	2.566340e-06	5.114663e-10	1.386552e+01	6.508299e+01
2.270000e-06	2.622673e-06	5.255995e-10	1.416988e+01	6.689889e+01
2.280000e-06	2.678808e-06	5.394582e-10	1.447317e+01	6.867777e+01
2.290000e-06	2.734845e-06	5.528344e-10	1.477593e+01	7.042010e+01
2.300000e-06	2.790806e-06	5.646059e-10	1.507828e+01	7.212643e+01
2.310000e-06	2.846647e-06	5.770421e-10	1.537998e+01	7.379740e+01
2.320000e-06	2.902307e-06	5.916446e-10	1.568070e+01	7.543367e+01
2.330000e-06	2.957824e-06	6.078195e-10	1.598064e+01	7.703596e+01
2.340000e-06	3.013206e-06	6.226995e-10	1.627987e+01	7.860501e+01
2.350000e-06	3.068451e-06	6.350769e-10	1.657835e+01	8.014161e+01
2.360000e-06	3.123555e-06	6.459869e-10	1.687607e+01	8.164653e+01
2.370000e-06	3.178431e-06	6.550465e-10	1.717255e+01	8.312057e+01
2.380000e-06	3.233028e-06	6.633148e-10	1.746753e+01	8.456453e+01
2.390000e-06	3.287337e-06	6.731225e-10	1.776095e+01	8.597919e+01
2.400000e-06	3.341383e-06	6.858286e-10	1.805295e+01	8.736532e+01
2.410000e-06	3.395296e-06	6.996319e-10	1.834424e+01	8.872369e+01
2.420000e-06	3.449092e-06	7.135171e-10	1.863489e+01	9.005505e+01
2.430000e-06	3.502608e-06	7.271783e-10	1.892403e+01	9.136012e+01
2.440000e-06	3.555832e-06	7.392294e-10	1.921159e+01	9.263961e+01
2.450000e-06	3.608822e-06	7.492263e-10	1.949788e+01	9.389420e+01
2.460000e-06	3.661510e-06	7.579207e-10	1.978255e+01	9.512457e+01
2.470000e-06	3.713837e-06	7.660015e-10	2.006526e+01	9.633135e+01
2.480000e-06	3.765872e-06	7.738120e-10	2.034640e+01	9.751519e+01
2.490000e-06	3.817652e-06	7.820733e-10	2.062616e+01	9.867670e+01
2.500000e-06	3.869064e-06	7.909133e-10	2.090393e+01	9.981648e+01
2.510000e-06	3.920113e-06	8.002440e-10	2.117974e+01	1.009351e+02
2.520000e-06	3.970804e-06	8.100520e-10	2.145362e+01	1.020332e+02
2.530000e-06	4.021031e-06	8.195415e-10	2.172498e+01	1.031112e+02
2.540000e-06	4.070737e-06	8.286019e-10	2.199354e+01	1.041699e+02
2.550000e-06	4.119955e-06	8.368369e-10	2.225945e+01	1.052096e+02
2.560000e-06	4.168747e-06	8.435232e-10	2.252307e+01	1.062311e+02
2.570000e-06	4.217147e-06	8.493325e-10	2.278457e+01	1.072347e+02
2.580000e-06	4.265220e-06	8.556422e-10	2.304430e+01	1.082211e+02
2.590000e-06	4.313043e-06	8.633390e-10	2.330268e+01	1.091908e+02
2.600000e-06	4.360712e-06	8.725593e-10	2.356023e+01	1.101443e+02
2.610000e-06	4.408227e-06	8.815807e-10	2.381694e+01	1.110821e+02
2.620000e-06	4.455482e-06	8.896246e-10	2.407225e+01	1.120047e+02
2.630000e-06	4.502375e-06	8.971199e-10	2.432561e+01	1.129127e+02
2.640000e-06	4.548905e-06	9.037430e-10	2.457700e+01	1.138065e+02
2.650000e-06	4.595088e-06	9.098666e-10	2.482652e+01	1.146865e+02
2.660000e-06	4.640945e-06	9.155739e-10	2.507428e+01	1.155533e+02
2.670000e-06	4.686468e-06	9.204975e-10	2.532023e+01	1.164071e+02
2.680000e-06	4.731666e-06	9.254865e-10	2.556443e+01	1.172485e+02
2.690000e-06	4.776594e-06	9.320270e-10	2.580717e+01	1.180778e+02
2.700000e-06	4.821120e-06	9.393980e-10	2.604774e+01	1.188952e+02
2.710000e-06	4.865303e-06	9.469442e-10	2.628645e+01	1.197012e+02
2.720000e-06	4.909290e-06	9.550526e-10	2.652410e+01	1.204959e+02
2.730000e-06	4.953071e-06	9.627759e-10	2.676064e+01	1.212796e+02
2.740000e-06	4.996624e-06	9.696827e-10	2.699595e+01	1.220525e+02
2.750000e-06	5.039913e-06	9.762996e-10	2.722984e+01	1.228148e+02
2.760000e-06	5.082840e-06	9.828829e-10	2.746177e+01	1.235664e+02
2.770000e-06	5.125307e-06	9.885329e-10	2.769121e+01	1.243076e+02
2.780000e-06	5.167182e-06	9.943435e-10	2.791745e+01	1.250384e+02
2.790000e-06	5.208417e-06	1.001463e-09	2.814024e+01	1.257587e+02
2.800000e-06	5.249024e-06	1.007946e-09	2.835963e+01	1.264686e+02
2.810000e-06	5.289122e-06	1.013532e-09	2.857628e+01	1.271679e+02
2.820000e-06	5.328992e-06	1.018920e-09	2.879169e+01	1.278568e+02
2.830000e-06	5.368694e-06	1.025237e-09	2.900619e+01	1.285349e+02
2.840000e-06	5.408177e-06	1.032689e-09	2.921951e+01	1.292023e+02
2.850000e-06	5.447318e-06	1.040123e-09	2.943098e+01	1.298588e+02
2.860000e-06	5.486058e-06	1.046017e-09	2.964029e+01	1.305043e+02
2.870000e-06	5.524391e-06	1.050085e-09	2.984739e+01	1.311387e+02
2.880000e-06	5.562283e-06	1.054788e-09	3.005212e+01	1.317619e+02
2.890000e-06	5.599763e-06	1.060525e-09	3.025462e+01	1.323737e+02
2.900000e-06	5.636784e-06	1.065594e-09	3.045463e+01	1.329740e+02
2.910000e-06	5.673388e-06	1.070416e-09	3.065240e+01	1.335629e+02
2.920000e-06	5.709576e-06	1.076231e-09	3.084792e+01	1.341401e+02
2.930000e-06	5.745460e-06	1.083778e-09	3.104179e+01	1.347057e+02
2.940000e-06	5.781192e-06	1.090878e-09	3.123485e+01	1.352597e+02
2.950000e-06	5.816684e-06	1.094578e-09	3.142661e+01	1.358020e+02
2.960000e-06	5.851793e-06	1.096827e-09	3.161630e+01	1.363328e+02
2.970000e-06	5.886284e-06	1.101025e-09	3.180264e+01	1.368521e+02
2.980000e-06	5.920048e-06	1.107220e-09	3.198507e+01	1.373600e+02
2.990000e-06	5.953111e-06	1.112927e-09	3.216370e+01	1.378567e+02
3.000000e-06	5.985567e-06	1.117376e-09	3.233906e+01	1.383423e+02
3.010000e-06	6.017617e-06	1.121584e-09	3.251222e+01	1.388171e+02
3.020000e-06	6.049387e-06	1.126667e-09	3.268386e+01	1.392813e+02
3.030000e-06	6.080925e-06	1.132297e-09	3.285426e+01	1.397351e+02
3.040000e-06	6.112158e-06	1.137929e-09	3.302300e+01	1.401788e+02
3.050000e-06	6.142853e-06	1.143728e-09	3.318885e+01	1.406128e+02
3.060000e-06	6.173092e-06	1.150685e-09	3.335222e+01	1.410373e+02
3.070000e-06	6.202956e-06	1.157088e-09	3.351357e+01	1.414526e+02
3.080000e-06	6.232470e-06	1.161026e-09	3.367303e+01	1.418592e+02
3.090000e-06	6.261682e-06	1.165225e-09	3.383086e+01	1.422573e+02
3.100000e-06	6.290405e-06	1.170851e-09	3.398605e+01	1.426473e+02
3.110000e-06	6.318615e-06	1.176374e-09	3.413846e+01	1.430294e+02
3.120000e-06	6.346519e-06	1.180982e-09	3.428922e+01	1.434041e+02
3.130000e-06	6.374238e-06	1.185489e-09	3.443898e+01	1.437716e+02
3.140000e-06	6.401660e-06	1.189227e-09	3.458714e+01	1.441323e+02
3.150000e-06	6.428493e-06	1.191795e-09	3.473212e+01	1.444863e+02
3.160000e-06	6.454570e-06	1.195031e-09	3.487300e+01	1.448341e+02
3.170000e-06	6.479967e-06	1.199275e-09	3.501022e+01	1.451757e+02
3.180000e-06	6.504546e-06	1.203488e-09	3.514302e+01	1.455115e+02
3.190000e-06	6.528477e-06	1.207126e-09	3.527231e+01	1.458416e+02
3.200000e-06	6.552144e-06	1.210068e-09	3.540018e+01	1.461661e+02
3.210000e-06	6.575541e-06	1.213213e-09	3.552659e+01	1.464853e+02
3.220000e-06	6.598516e-06	1.217082e-09	3.565072e+01	1.467992e+02
3.230000e-06	6.620968e-06	1.221306e-09	3.577203e+01	1.471079e+02
3.240000e-06	6.642988e-06	1.225570e-09	3.589099e+01	1.474114e+02
3.250000e-06	6.664607e-06	1.229632e-09	3.600780e+01	1.477098e+02
3.260000e-06	6.685736e-06	1.233177e-09	3.612195e+01	1.480031e+02
3.270000e-06	6.706278e-06	1.236328e-09	3.623294e+01	1.482913e+02
3.280000e-06	6.726345e-06	1.238815e-09	3.634136e+01	1.485743e+02
3.290000e-06	6.746186e-06	1.240684e-09	3.644856e+01	1.488522e+02
3.300000e-06	6.765784e-06	1.243181e-09	3.655444e+01	1.491247e+02
3.310000e-06	6.784877e-06	1.246351e-09	3.665760e+01	1.493919e+02
3.320000e-06	6.803450e-06	1.249680e-09	3.675794e+01	1.496536e+02
3.330000e-06	6.821502e-06	1.252653e-09	3.685548e+01	1.499097e+02
3.340000e-06	6.838867e-06	1.254727e-09	3.694930e+01	1.501600e+02
3.350000e-06	6.855827e-06	1.257506e-09	3.704093e+01	1.504046e+02
3.360000e-06	6.872461e-06	1.261137e-09	3.713080e+01	1.506431e+02
3.370000e-06	6.888559e-06	1.262491e-09	3.721778e+01	1.508756e+02
3.380000e-06	6.904095e-06	1.263559e-09	3.730171e+01	1.511017e+02
3.390000e-06	6.918985e-06	1.266505e-09	3.738216e+01	1.513214e+02
3.400000e-06	6.933343e-06	1.270479e-09	3.745974e+01	1.515345e+02
3.410000e-06	6.947185e-06	1.275645e-09	3.753452e+01	1.517408e+02
3.420000e-06	6.960469e-06	1.279560e-09	3.760629e+01	1.519402e+02
3.430000e-06	6.973201e-06	1.281176e-09	3.767508e+01	1.521326e+02
3.440000e-06	6.985439e-06	1.282159e-09	3.774120e+01	1.523177e+02
3.450000e-06	6.997302e-06	1.284363e-09	3.780530e+01	1.524954e+02
3.460000e-06	7.008678e-06	1.287963e-09	3.786676e+01	1.526656e+02
3.470000e-06	7.019366e-06	1.291227e-09	3.792451e+01	1.528282e+02
3.480000e-06	7.029167e-06	1.292826e-09	3.797746e+01	1.529829e+02
3.490000e-06	7.038239e-06	1.293114e-09	3.802647e+01	1.531297e+02
3.500000e-06	7.046732e-06	1.294759e-09	3.807236e+01	1.532684e+02
3.510000e-06	7.054698e-06	1.297414e-09	3.811540e+01	1.533990e+02
3.520000e-06	7.062348e-06	1.299375e-09	3.815673e+01	1.535213e+02
3.530000e-06	7.069680e-06	1.300805e-09	3.819634e+01	1.536353e+02
3.540000e-06	7.076508e-06	1.302877e-09	3.823323e+01	1.537409e+02
3.550000e-06	7.082688e-06	1.307282e-09	3.826662e+01	1.538380e+02
3.560000e-06	7.088374e-06	1.311373e-09	3.829735e+01	1.539266e+02
3.570000e-06	7.093587e-06	1.312436e-09	3.832551e+01	1.540067e+02
3.580000e-06	7.098213e-06	1.311442e-09	3.835050e+01	1.540783e+02
3.590000e-06	7.102386e-06	1.311627e-09	3.837305e+01	1.541414e+02
3.600000e-06	7.106245e-06	1.314294e-09	3.839390e+01	1.541962e+02
3.610000e-06	7.109753e-06	1.317357e-09	3.841285e+01	1.542426e+02
3.620000e-06	7.112817e-06	1.319063e-09	3.842940e+01	1.542808e+02
3.630000e-06	7.115331e-06	1.319013e-09	3.844299e+01	1.543109e+02
3.640000e-06	7.117013e-06	1.318471e-09	3.845208e+01	1.543331e+02
3.650000e-06	7.117948e-06	1.318279e-09	3.845713e+01	1.543476e+02
3.660000e-06	7.118440e-06	1.319305e-09	3.845978e+01	1.543546e+02
3.670000e-06	7.118480e-06	1.320170e-09	3.846000e+01	1.543542e+02
3.680000e-06	7.118071e-06	1.319953e-09	3.845779e+01	1.543469e+02
3.690000e-06	7.117234e-06	1.321260e-09	3.845327e+01	1.543329e+02
3.700000e-06	7.115894e-06	1.324020e-09	3.844603e+01	1.543124e+02
3.710000e-06	7.114103e-06	1.325881e-09	3.843636e+01	1.542857e+02
3.720000e-06	7.111910e-06	1.325942e-09	3.842450e+01	1.542533e+02
3.730000e-06	7.109299e-06	1.325403e-09	3.841040e+01	1.542154e+02
3.740000e-06	7.106215e-06	1.322326e-09	3.839374e+01	1.541724e+02
3.750000e-06	7.102648e-06	1.319272e-09	3.837447e+01	1.541246e+02
3.760000e-06	7.098519e-06	1.334272e-09	3.835216e+01	1.540724e+02
3.770000e-06	7.093448e-06	1.361965e-09	3.832476e+01	1.540160e+02
3.780000e-06	7.087627e-06	1.352708e-09	3.829331e+01	1.539558e+02
3.790000e-06	7.081630e-06	1.294260e-09	3.826091e+01	1.538922e+02
3.800000e-06	7.075569e-06	1.280115e-09	3.822816e+01	1.538253e+02
3.810000e-06	7.069036e-06	1.350668e-09	3.819286e+01	1.537554e+02
3.820000e-06	7.061643e-06	1.371295e-09	3.815292e+01	1.536828e+02
3.830000e-06	7.053598e-06	1.292116e-09	3.810946e+01	1.536076e+02
3.840000e-06	7.045265e-06	1.274398e-09	3.806443e+01	1.535300e+02
3.850000e-06	7.036459e-06	1.370060e-09	3.801686e+01	1.534501e+02
3.860000e-06	7.027055e-06	1.389184e-09	3.796605e+01	1.533680e+02
3.870000e-06	7.017234e-06	1.269452e-09	3.791299e+01	1.532838e+02
3.880000e-06	7.007033e-06	1.237884e-09	3.785787e+01	1.531974e+02
3.890000e-06	6.996330e-06	1.366166e-09	3.780004e+01	1.531088e+02
3.900000e-06	6.984954e-06	1.402089e-09	3.773858e+01	1.530179e+02
3.910000e-06	6.973056e-06	1.282649e-09	3.767430e+01	1.529247e+02
3.920000e-06	6.960766e-06	1.264160e-09	3.760790e+01	1.528289e+02
3.930000e-06	6.947783e-06	1.374764e-09	3.753776e+01	1.527305e+02
3.940000e-06	6.933901e-06	1.361896e-09	3.746275e+01	1.526291e+02
3.950000e-06	6.919415e-06	1.256033e-09	3.738449e+01	1.525246e+02
3.960000e-06	6.904333e-06	1.293703e-09	3.730300e+01	1.524167e+02
3.970000e-06	6.888620e-06	1.385029e-09	3.721811e+01	1.523052e+02
3.980000e-06	6.872453e-06	1.331685e-09	3.713076e+01	1.521897e+02
3.990000e-06	6.855860e-06	1.272186e-09	3.704111e+01	1.520701e+02
4.000000e-06	6.838807e-06	1.341476e-09	3.694897e+01	1.519460e+02
4.010000e-06	6.821253e-06	1.357511e-09	3.685413e+01	1.518172e+02
4.020000e-06	6.803268e-06	1.274106e-09	3.675696e+01	1.516834e+02
4.030000e-06	6.784949e-06	1.297020e-09	3.665799e+01	1.515443e+02
4.040000e-06	6.766090e-06	1.380469e-09	3.655610e+01	1.513998e+02
4.050000e-06	6.746634e-06	1.329407e-09	3.645098e+01	1.512497e+02
4.060000e-06	6.726776e-06	1.264799e-09	3.634369e+01	1.510938e+02
4.070000e-06	6.706639e-06	1.330618e-09	3.623489e+01	1.509319e+02
4.080000e-06	6.686215e-06	1.357050e-09	3.612454e+01	1.507639e+02
4.090000e-06	6.665440e-06	1.285484e-09	3.601230e+01	1.505898e+02
4.100000e-06	6.644079e-06	1.296292e-09	3.589689e+01	1.504096e+02
4.110000e-06	6.621815e-06	1.356595e-09	3.577660e+01	1.502231e+02
4.120000e-06	6.598685e-06	1.319193e-09	3.565163e+01	1.500305e+02
4.130000e-06	6.574927e-06	1.285172e-09	3.552327e+01	1.498318e+02
4.140000e-06	6.550840e-06	1.329200e-09	3.539313e+01	1.496270e+02
4.150000e-06	6.526519e-06	1.322674e-09	3.526173e+01	1.494163e+02
4.160000e-06	6.501836e-06	1.279563e-09	3.512837e+01	1.491997e+02
4.170000e-06	6.476731e-06	1.311147e-09	3.499273e+01	1.489775e+02
4.180000e-06	6.451199e-06	1.337410e-09	3.485479e+01	1.487497e+02
4.190000e-06	6.425250e-06	1.299120e-09	3.471459e+01	1.485166e+02
4.200000e-06	6.398747e-06	1.295515e-09	3.457140e+01	1.482782e+02
4.210000e-06	6.371628e-06	1.319551e-09	3.442488e+01	1.480346e+02
4.220000e-06	6.344070e-06	1.298957e-09	3.427599e+01	1.477861e+02
4.230000e-06	6.316155e-06	1.288960e-09	3.412517e+01	1.475328e+02
4.240000e-06	6.287894e-06	1.311761e-09	3.397248e+01	1.472747e+02
4.250000e-06	6.259399e-06	1.305112e-09	3.381852e+01	1.470119e+02
4.260000e-06	6.230744e-06	1.292006e-09	3.366371e+01	1.467444e+02
4.270000e-06	6.201379e-06	1.306246e-09	3.350505e+01	1.464723e+02
4.280000e-06	6.171024e-06	1.304736e-09	3.334105e+01	1.461956e+02
4.290000e-06	6.140069e-06	1.289219e-09	3.317380e+01	1.459141e+02
4.300000e-06	6.108649e-06	1.293603e-09	3.300405e+01	1.456278e+02
4.310000e-06	6.076733e-06	1.295814e-09	3.283161e+01	1.453365e+02
4.320000e-06	6.044479e-06	1.287717e-09	3.265735e+01	1.450400e+02
4.330000e-06	6.011927e-06	1.288673e-09	3.248147e+01	1.447382e+02
4.340000e-06	5.978899e-06	1.286427e-09	3.230303e+01	1.444308e+02
4.350000e-06	5.945355e-06	1.279526e-09	3.212180e+01	1.441175e+02
4.360000e-06	5.911375e-06	1.282463e-09	3.193821e+01	1.437981e+02
4.370000e-06	5.877039e-06	1.282913e-09	3.175270e+01	1.434721e+02
4.380000e-06	5.842342e-06	1.276770e-09	3.156523e+01	1.431392e+02
4.390000e-06	5.807242e-06	1.275548e-09	3.137559e+01	1.427991e+02
4.400000e-06	5.771751e-06	1.272407e-09	3.118384e+01	1.424514e+02
4.410000e-06	5.735893e-06	1.267216e-09	3.099011e+01	1.420958e+02
4.420000e-06	5.699772e-06	1.268693e-09	3.079495e+01	1.417318e+02
4.430000e-06	5.663453e-06	1.266416e-09	3.059873e+01	1.413592e+02
4.440000e-06	5.626721e-06	1.258823e-09	3.040027e+01	1.409776e+02
4.450000e-06	5.589581e-06	1.258289e-09	3.019961e+01	1.405866e+02
4.460000e-06	5.551833e-06	1.259647e-09	2.999566e+01	1.401860e+02
4.470000e-06	5.513258e-06	1.254668e-09	2.978725e+01	1.397756e+02
4.480000e-06	5.474142e-06	1.248423e-09	2.957591e+01	1.393550e+02
4.490000e-06	5.434578e-06	1.244593e-09	2.936215e+01	1.389242e+02
4.500000e-06	5.394665e-06	1.241507e-09	2.914651e+01	1.384830e+02
4.510000e-06	5.354425e-06	1.239262e-09	2.892910e+01	1.380313e+02
4.520000e-06	5.313969e-06	1.237640e-09	2.871052e+01	1.375690e+02
4.530000e-06	5.273274e-06	1.234342e-09	2.849065e+01	1.370962e+02
4.540000e-06	5.232206e-06	1.230191e-09	2.826877e+01	1.366129e+02
4.550000e-06	5.190703e-06	1.227679e-09	2.804453e+01	1.361191e+02
4.560000e-06	5.148694e-06	1.225958e-09	2.781757e+01	1.356150e+02
4.570000e-06	5.106365e-06	1.221604e-09	2.758887e+01	1.351008e+02
4.580000e-06	5.063686e-06	1.214547e-09	2.735828e+01	1.345766e+02
4.590000e-06	5.020611e-06	1.208599e-09	2.712555e+01	1.340426e+02
4.600000e-06	4.977194e-06	1.205067e-09	2.689098e+01	1.334991e+02
4.610000e-06	4.933422e-06	1.201693e-09	2.665448e+01	1.329464e+02
4.620000e-06	4.889471e-06	1.197187e-09	2.641702e+01	1.323847e+02
4.630000e-06	4.845399e-06	1.193471e-09	2.617891e+01	1.318143e+02
4.640000e-06	4.801078e-06	1.190806e-09	2.593945e+01	1.312355e+02
4.650000e-06	4.756509e-06	1.186624e-09	2.569865e+01	1.306485e+02
4.660000e-06	4.711666e-06	1.180182e-09	2.545638e+01	1.300536e+02
4.670000e-06	4.666393e-06	1.172369e-09	2.521177e+01	1.294511e+02
4.680000e-06	4.620649e-06	1.165201e-09	2.496462e+01	1.288411e+02
4.690000e-06	4.574478e-06	1.160506e-09	2.471517e+01	1.282238e+02
4.700000e-06	4.527855e-06	1.157950e-09	2.446327e+01	1.275994e+02
4.710000e-06	4.480856e-06	1.155510e-09	2.420934e+01	1.269679e+02
4.720000e-06	4.433603e-06	1.151045e-09	2.395404e+01	1.263294e+02
4.730000e-06	4.386163e-06	1.144180e-09	2.369773e+01	1.256839e+02
4.740000e-06	4.338420e-06	1.135704e-09	2.343978e+01	1.250315e+02
4.750000e-06	4.290343e-06	1.129050e-09	2.318003e+01	1.243719e+02
4.760000e-06	4.242074e-06	1.124147e-09	2.291924e+01	1.237051e+02
4.770000e-06	4.193369e-06	1.118134e-09	2.265610e+01	1.230309e+02
4.780000e-06	4.144321e-06	1.112473e-09	2.239110e+01	1.223490e+02
4.790000e-06	4.095031e-06	1.107877e-09	2.212479e+01	1.216593e+02
4.800000e-06	4.045212e-06	1.102782e-09	2.185563e+01	1.209612e+02
4.810000e-06	3.994962e-06	1.096567e-09	2.158413e+01	1.202546e+02
4.820000e-06	3.944502e-06	1.090644e-09	2.131151e+01	1.195390e+02
4.830000e-06	3.893890e-06	1.085327e-09	2.103806e+01	1.188140e+02
4.840000e-06	3.843067e-06	1.080273e-09	2.076347e+01	1.180792e+02
4.850000e-06	3.791938e-06	1.075246e-09	2.048723e+01	1.173340e+02
4.860000e-06	3.740471e-06	1.068242e-09	2.020916e+01	1.165780e+02
4.870000e-06	3.688647e-06	1.061553e-09	1.992916e+01	1.158108e+02
4.880000e-06	3.636574e-06	1.056495e-09	1.964782e+01	1.150318e+02
4.890000e-06	3.584330e-06	1.050497e-09	1.936556e+01	1.142406e+02
4.900000e-06	3.531779e-06	1.043423e-09	1.908163e+01	1.134367e+02
4.910000e-06	3.478873e-06	1.036943e-09	1.879579e+01	1.126196e+02
4.920000e-06	3.425637e-06	1.030359e-09	1.850817e+01	1.117890e+02
4.930000e-06	3.371979e-06	1.021370e-09	1.821826e+01	1.109444e+02
4.940000e-06	3.317855e-06	1.012193e-09	1.792584e+01	1.100855e+02
4.950000e-06	3.263340e-06	1.004365e-09	1.763130e+01	1.092119e+02
4.960000e-06	3.208454e-06	9.959205e-10	1.733476e+01	1.083233e+02
4.970000e-06	3.153243e-06	9.885780e-10	1.703647e+01	1.074194e+02
4.980000e-06	3.097814e-06	9.825074e-10	1.673699e+01	1.065002e+02
4.990000e-06	3.042182e-06	9.750992e-10	1.643642e+01	1.055653e+02
5.000000e-06	2.986312e-06	9.665119e-10	1.613456e+01	1.046146e+02
5.010000e-06	2.930165e-06	9.571189e-10	1.583121e+01	1.036481e+02
5.020000e-06	2.873871e-06	9.476953e-10	1.552706e+01	1.026658e+02
5.030000e-06	2.817484e-06	9.391454e-10	1.522241e+01	1.016675e+02
5.040000e-06	2.761011e-06	9.308093e-10	1.491730e+01	1.006533e+02
5.050000e-06	2.704521e-06	9.225732e-10	1.461209e+01	9.962337e+01
5.060000e-06	2.647876e-06	9.148544e-10	1.430605e+01	9.857767e+01
5.070000e-06	2.590957e-06	9.061465e-10	1.399852e+01	9.751634e+01
5.080000e-06	2.533823e-06	8.958186e-10	1.368984e+01	9.643951e+01
5.090000e-06	2.476568e-06	8.846386e-10	1.338050e+01	9.534730e+01
5.100000e-06	2.419095e-06	8.729099e-10	1.306998e+01	9.423985e+01
5.110000e-06	2.361367e-06	8.622807e-10	1.275809e+01	9.311729e+01
5.120000e-06	2.303484e-06	8.532519e-10	1.244536e+01	9.197975e+01
5.130000e-06	2.245427e-06	8.437167e-10	1.213168e+01	9.082733e+01
5.140000e-06	2.187187e-06	8.335197e-10	1.181702e+01	8.966010e+01
5.150000e-06	2.128820e-06	8.228422e-10	1.150167e+01	8.847814e+01
5.160000e-06	2.070338e-06	8.118772e-10	1.118570e+01	8.728143e+01
5.170000e-06	2.011724e-06	8.005715e-10	1.086902e+01	8.606995e+01
5.180000e-06	1.952935e-06	7.894276e-10	1.055140e+01	8.484363e+01
5.190000e-06	1.893992e-06	7.793955e-10	1.023293e+01	8.360231e+01
5.200000e-06	1.835011e-06	7.695747e-10	9.914271e+00	8.234579e+01
5.210000e-06	1.775910e-06	7.593540e-10	9.594956e+00	8.107381e+01
5.220000e-06	1.716577e-06	7.481102e-10	9.274389e+00	7.978603e+01
5.230000e-06	1.657100e-06	7.357476e-10	8.953044e+00	7.848204e+01
5.240000e-06	1.597535e-06	7.224842e-10	8.631227e+00	7.716135e+01
5.250000e-06	1.537959e-06	7.087247e-10	8.309346e+00	7.582339e+01
5.260000e-06	1.478333e-06	6.961982e-10	7.987194e+00	7.446755e+01
5.270000e-06	1.418553e-06	6.849637e-10	7.664212e+00	7.309309e+01
5.280000e-06	1.358665e-06	6.727831e-10	7.340649e+00	7.169925e+01
5.290000e-06	1.298649e-06	6.584490e-10	7.016391e+00	7.028516e+01
5.300000e-06	1.238556e-06	6.433552e-10	6.691720e+00	6.884993e+01
5.310000e-06	1.178411e-06	6.292263e-10	6.366763e+00	6.739257e+01
5.320000e-06	1.118182e-06	6.158342e-10	6.041359e+00	6.591206e+01
5.330000e-06	1.057941e-06	6.026096e-10	5.715887e+00	6.440734e+01
5.340000e-06	9.977138e-07	5.899402e-10	5.390487e+00	6.287732e+01
5.350000e-06	9.374895e-07	5.772251e-10	5.065105e+00	6.132088e+01
5.360000e-06	8.771748e-07	5.623709e-10	4.739234e+00	5.973689e+01
5.370000e-06	8.168070e-07	5.462191e-10	4.413077e+00	5.812423e+01
5.380000e-06	7.563948e-07	5.302743e-10	4.086679e+00	5.648179e+01
5.390000e-06	6.959045e-07	5.143853e-10	3.759860e+00	5.480848e+01
5.400000e-06	6.353964e-07	4.983357e-10	3.432944e+00	5.310326e+01
5.410000e-06	5.748400e-07	4.825981e-10	3.105768e+00	5.136515e+01
5.420000e-06	5.142779e-07	4.675104e-10	2.778561e+00	4.959323e+01
5.430000e-06	4.537757e-07	4.515327e-10	2.451677e+00	4.778669e+01
5.440000e-06	3.932681e-07	4.342619e-10	2.124764e+00	4.594480e+01
5.450000e-06	3.327005e-07	4.160558e-10	1.797527e+00	4.406694e+01
5.460000e-06	2.720748e-07	3.982280e-10	1.469976e+00	4.215264e+01
5.470000e-06	2.113571e-07	3.808267e-10	1.141928e+00	4.020155e+01
5.480000e-06	1.505318e-07	3.624516e-10	8.132993e-01	3.821349e+01
5.490000e-06	8.972371e-08	3.433053e-10	4.847628e-01	3.618842e+01
5.500000e-06	2.903744e-08	3.243745e-10	1.568846e-01	3.412649e+01
5.510000e-06	-3.162642e-08	3.053110e-10	-1.708724e-01	3.202803e+01
5.520000e-06	-9.231065e-08	2.857287e-10	-4.987396e-01	2.989356e+01
5.530000e-06	-1.528745e-07	2.670100e-10	-8.259564e-01	2.772378e+01
5.540000e-06	-2.133498e-07	2.480127e-10	-1.152694e+00	2.551960e+01
5.550000e-06	-2.739224e-07	2.281201e-10	-1.479959e+00	2.328211e+01
5.560000e-06	-3.346055e-07	2.068928e-10	-1.807820e+00	2.101260e+01
5.570000e-06	-3.952255e-07	1.837815e-10	-2.135340e+00	1.871257e+01
5.580000e-06	-4.558004e-07	1.607895e-10	-2.462616e+00	1.638369e+01
5.590000e-06	-5.164138e-07	1.385916e-10	-2.790101e+00	1.402780e+01
5.600000e-06	-5.770502e-07	1.179151e-10	-3.117709e+00	1.164695e+01
5.610000e-06	-6.375841e-07	9.776251e-11	-3.444764e+00	9.243312e+00
5.620000e-06	-6.979807e-07	7.626465e-11	-3.771077e+00	6.819234e+00
5.630000e-06	-7.583644e-07	5.378825e-11	-4.097321e+00	4.377189e+00
5.640000e-06	-8.187107e-07	2.970741e-11	-4.423362e+00	1.919772e+00
5.650000e-06	-8.789930e-07	4.560218e-12	-4.749058e+00	-5.503181e-01
5.660000e-06	-9.392679e-07	-1.963503e-11	-5.074713e+00	-3.030298e+00
5.670000e-06	-9.995160e-07	-4.209114e-11	-5.400224e+00	-5.517317e+00
5.680000e-06	-1.059753e-06	-6.302047e-11	-5.725677e+00	-8.008477e+00
5.690000e-06	-1.120031e-06	-8.400054e-11	-6.051348e+00	-1.050085e+01
5.700000e-06	-1.180213e-06	-1.061442e-10	-6.376501e+00	-1.299151e+01
5.710000e-06	-1.240268e-06	-1.290996e-10	-6.700969e+00	-1.547753e+01
5.720000e-06	-1.300256e-06	-1.522708e-10	-7.025076e+00	-1.795604e+01
5.730000e-06	-1.360173e-06	-1.753092e-10	-7.348796e+00	-2.042418e+01
5.740000e-06	-1.420049e-06	-1.974893e-10	-7.672298e+00	-2.287922e+01
5.750000e-06	-1.479826e-06	-2.197218e-10	-7.995260e+00	-2.531846e+01
5.760000e-06	-1.539549e-06	-2.440519e-10	-8.317937e+00	-2.773935e+01
5.770000e-06	-1.599242e-06	-2.679280e-10	-8.640448e+00	-3.013944e+01
5.780000e-06	-1.658694e-06	-2.896564e-10	-8.961659e+00	-3.251641e+01
5.790000e-06	-1.717939e-06	-3.115384e-10	-9.281748e+00	-3.486812e+01
5.800000e-06	-1.777108e-06	-3.338056e-10	-9.601429e+00	-3.719254e+01
5.810000e-06	-1.836183e-06	-3.547953e-10	-9.920602e+00	-3.948784e+01
5.820000e-06	-1.895041e-06	-3.750002e-10	-1.023860e+01	-4.175235e+01
5.830000e-06	-1.953681e-06	-3.959845e-10	-1.055542e+01	-4.398458e+01
5.840000e-06	-2.012146e-06	-4.177819e-10	-1.087130e+01	-4.618322e+01
5.850000e-06	-2.070449e-06	-4.391829e-10	-1.118630e+01	-4.834714e+01
5.860000e-06	-2.128657e-06	-4.584576e-10	-1.150079e+01	-5.047537e+01
5.870000e-06	-2.186778e-06	-4.764225e-10	-1.181481e+01	-5.256716e+01
5.880000e-06	-2.244838e-06	-4.952624e-10	-1.212850e+01	-5.462189e+01
5.890000e-06	-2.302740e-06	-5.140572e-10	-1.244134e+01	-5.663912e+01
5.900000e-06	-2.360335e-06	-5.325755e-10	-1.275251e+01	-5.861857e+01
5.910000e-06	-2.417712e-06	-5.515984e-10	-1.306251e+01	-6.056011e+01
5.920000e-06	-2.475013e-06	-5.701459e-10	-1.337210e+01	-6.246374e+01
5.930000e-06	-2.532177e-06	-5.887118e-10	-1.368094e+01	-6.432960e+01
5.940000e-06	-2.589086e-06	-6.075596e-10	-1.398842e+01	-6.615794e+01
5.950000e-06	-2.645834e-06	-6.262164e-10	-1.429502e+01	-6.794911e+01
5.960000e-06	-2.702422e-06	-6.439930e-10	-1.460075e+01	-6.970357e+01
5.970000e-06	-2.758873e-06	-6.601033e-10	-1.490575e+01	-7.142184e+01
5.980000e-06	-2.815215e-06	-6.750094e-10	-1.521015e+01	-7.310453e+01
5.990000e-06	-2.871412e-06	-6.894594e-10	-1.551378e+01	-7.475229e+01
6.000000e-06	-2.927473e-06	-7.032906e-10	-1.581667e+01	-7.636582e+01
6.010000e-06	-2.983401e-06	-7.163717e-10	-1.611884e+01	-7.794587e+01
6.020000e-06	-3.039098e-06	-7.291788e-10	-1.641976e+01	-7.949321e+01
6.030000e-06	-3.094470e-06	-7.421747e-10	-1.671892e+01	-8.100860e+01
6.040000e-06	-3.149571e-06	-7.563399e-10	-1.701662e+01	-8.249285e+01
6.050000e-06	-3.204370e-06	-7.702630e-10	-1.731270e+01	-8.394676e+01
6.060000e-06	-3.258869e-06	-7.829443e-10	-1.760715e+01	-8.537110e+01
6.070000e-06	-3.312962e-06	-7.956589e-10	-1.789940e+01	-8.676665e+01
6.080000e-06	-3.366657e-06	-8.088441e-10	-1.818951e+01	-8.813420e+01
6.090000e-06	-3.419968e-06	-8.225961e-10	-1.847754e+01	-8.947449e+01
6.100000e-06	-3.472862e-06	-8.362070e-10	-1.876331e+01	-9.078824e+01
6.110000e-06	-3.525454e-06	-8.484228e-10	-1.904746e+01	-9.207618e+01
6.120000e-06	-3.577853e-06	-8.591361e-10	-1.933056e+01	-9.333900e+01
6.130000e-06	-3.630069e-06	-8.700743e-10	-1.961268e+01	-9.457738e+01
6.140000e-06	-3.681990e-06	-8.818954e-10	-1.989320e+01	-9.579196e+01
6.150000e-06	-3.733601e-06	-8.931489e-10	-2.017204e+01	-9.698338e+01
6.160000e-06	-3.784929e-06	-9.031480e-10	-2.044936e+01	-9.815227e+01
6.170000e-06	-3.835879e-06	-9.135058e-10	-2.072464e+01	-9.929922e+01
6.180000e-06	-3.886578e-06	-9.243836e-10	-2.099856e+01	-1.004248e+02
6.190000e-06	-3.937127e-06	-9.336652e-10	-2.127166e+01	-1.015297e+02
6.200000e-06	-3.987317e-06	-9.415865e-10	-2.154283e+01	-1.026144e+02
6.210000e-06	-4.037200e-06	-9.495143e-10	-2.181234e+01	-1.036794e+02
6.220000e-06	-4.086819e-06	-9.582159e-10	-2.208042e+01	-1.047254e+02
6.230000e-06	-4.135982e-06	-9.675237e-10	-2.234604e+01	-1.057529e+02
6.240000e-06	-4.184586e-06	-9.771050e-10	-2.260865e+01	-1.067624e+02
6.250000e-06	-4.232745e-06	-9.870331e-10	-2.286884e+01	-1.077545e+02
6.260000e-06	-4.280601e-06	-9.961867e-10	-2.312740e+01	-1.087297e+02
6.270000e-06	-4.327970e-06	-1.004386e-09	-2.338333e+01	-1.096885e+02
6.280000e-06	-4.375001e-06	-1.012633e-09	-2.363743e+01	-1.106315e+02
6.290000e-06	-4.421846e-06	-1.021513e-09	-2.389052e+01	-1.115592e+02
6.300000e-06	-4.468436e-06	-1.029981e-09	-2.414224e+01	-1.124720e+02
6.310000e-06	-4.514881e-06	-1.037523e-09	-2.439318e+01	-1.133705e+02
6.320000e-06	-4.561004e-06	-1.044949e-09	-2.464237e+01	-1.142550e+02
6.330000e-06	-4.606712e-06	-1.052740e-09	-2.488932e+01	-1.151262e+02
6.340000e-06	-4.652109e-06	-1.060769e-09	-2.513460e+01	-1.159843e+02
6.350000e-06	-4.697126e-06	-1.067921e-09	-2.537781e+01	-1.168298e+02
6.360000e-06	-4.741753e-06	-1.074195e-09	-2.561893e+01	-1.176630e+02
6.370000e-06	-4.786170e-06	-1.081019e-09	-2.585891e+01	-1.184844e+02
6.380000e-06	-4.830398e-06	-1.088922e-09	-2.609786e+01	-1.192942e+02
6.390000e-06	-4.874379e-06	-1.096717e-09	-2.633548e+01	-1.200926e+02
6.400000e-06	-4.918132e-06	-1.103553e-09	-2.657187e+01	-1.208800e+02
6.410000e-06	-4.961576e-06	-1.109924e-09	-2.680659e+01	-1.216565e+02
6.420000e-06	-5.004685e-06	-1.117281e-09	-2.703951e+01	-1.224222e+02
6.430000e-06	-5.047489e-06	-1.125121e-09	-2.727077e+01	-1.231774e+02
6.440000e-06	-5.089952e-06	-1.131624e-09	-2.750019e+01	-1.239221e+02
6.450000e-06	-5.131990e-06	-1.137304e-09	-2.772732e+01	-1.246563e+02
6.460000e-06	-5.173557e-06	-1.143568e-09	-2.795189e+01	-1.253801e+02
6.470000e-06	-5.214608e-06	-1.150797e-09	-2.817369e+01	-1.260935e+02
6.480000e-06	-5.255373e-06	-1.157787e-09	-2.839394e+01	-1.267964e+02
6.490000e-06	-5.296005e-06	-1.163440e-09	-2.861346e+01	-1.274887e+02
6.500000e-06	-5.336346e-06	-1.168136e-09	-2.883142e+01	-1.281705e+02
6.510000e-06	-5.376442e-06	-1.173366e-09	-2.904805e+01	-1.288415e+02
6.520000e-06	-5.416336e-06	-1.179699e-09	-2.926359e+01	-1.295016e+02
6.530000e-06	-5.455870e-06	-1.185092e-09	-2.947719e+01	-1.301508e+02
6.540000e-06	-5.494787e-06	-1.189199e-09	-2.968745e+01	-1.307889e+02
6.550000e-06	-5.532998e-06	-1.193941e-09	-2.989390e+01	-1.314159e+02
6.560000e-06	-5.570615e-06	-1.200018e-09	-3.009714e+01	-1.320315e+02
6.570000e-06	-5.607651e-06	-1.206787e-09	-3.029724e+01	-1.326356e+02
6.580000e-06	-5.644188e-06	-1.212933e-09	-3.049464e+01	-1.332283e+02
6.590000e-06	-5.680466e-06	-1.217775e-09	-3.069065e+01	-1.338094e+02
6.600000e-06	-5.716576e-06	-1.222439e-09	-3.088574e+01	-1.343789e+02
6.610000e-06	-5.752494e-06	-1.226942e-09	-3.107980e+01	-1.349367e+02
6.620000e-06	-5.788070e-06	-1.230878e-09	-3.127201e+01	-1.354830e+02
6.630000e-06	-5.823169e-06	-1.234961e-09	-3.146165e+01	-1.360176e+02
6.640000e-06	-5.857815e-06	-1.238445e-09	-3.164883e+01	-1.365407e+02
6.650000e-06	-5.891897e-06	-1.241951e-09	-3.183297e+01	-1.370524e+02
6.660000e-06	-5.925427e-06	-1.246631e-09	-3.201413e+01	-1.375528e+02
6.670000e-06	-5.958636e-06	-1.250551e-09	-3.219355e+01	-1.380421e+02
6.680000e-06	-5.991501e-06	-1.252770e-09	-3.237112e+01	-1.385205e+02
6.690000e-06	-6.023960e-06	-1.254680e-09	-3.254649e+01	-1.389882e+02
6.700000e-06	-6.056177e-06	-1.257679e-09	-3.272055e+01	-1.394454e+02
6.710000e-06	-6.088081e-06	-1.262787e-09	-3.289292e+01	-1.398925e+02
6.720000e-06	-6.119509e-06	-1.267465e-09	-3.306272e+01	-1.403297e+02
6.730000e-06	-6.150325e-06	-1.270355e-09	-3.322922e+01	-1.407573e+02
6.740000e-06	-6.180459e-06	-1.273285e-09	-3.339203e+01	-1.411757e+02
6.750000e-06	-6.209969e-06	-1.276400e-09	-3.355146e+01	-1.415851e+02
6.760000e-06	-6.238842e-06	-1.279424e-09	-3.370746e+01	-1.419860e+02
6.770000e-06	-6.267245e-06	-1.281595e-09	-3.386091e+01	-1.423787e+02
6.780000e-06	-6.295427e-06	-1.282552e-09	-3.401318e+01	-1.427634e+02
6.790000e-06	-6.323418e-06	-1.284108e-09	-3.416441e+01	-1.431405e+02
6.800000e-06	-6.350997e-06	-1.285246e-09	-3.431341e+01	-1.435104e+02
6.810000e-06	-6.378020e-06	-1.285647e-09	-3.445941e+01	-1.438733e+02
6.820000e-06	-6.404552e-06	-1.286376e-09	-3.460276e+01	-1.442296e+02
6.830000e-06	-6.430697e-06	-1.287459e-09	-3.474402e+01	-1.445794e+02
6.840000e-06	-6.456318e-06	-1.289672e-09	-3.488245e+01	-1.449230e+02
6.850000e-06	-6.481382e-06	-1.290724e-09	-3.501786e+01	-1.452607e+02
6.860000e-06	-6.506066e-06	-1.291184e-09	-3.515123e+01	-1.455927e+02
6.870000e-06	-6.530504e-06	-1.292405e-09	-3.528326e+01	-1.459191e+02
6.880000e-06	-6.554691e-06	-1.294471e-09	-3.541394e+01	-1.462400e+02
6.890000e-06	-6.578459e-06	-1.298548e-09	-3.554235e+01	-1.465557e+02
6.900000e-06	-6.601718e-06	-1.301685e-09	-3.566802e+01	-1.468661e+02
6.910000e-06	-6.624379e-06	-1.302128e-09	-3.579045e+01	-1.471713e+02
6.920000e-06	-6.646229e-06	-1.302232e-09	-3.590850e+01	-1.474715e+02
6.930000e-06	-6.667281e-06	-1.302909e-09	-3.602224e+01	-1.477665e+02
6.940000e-06	-6.687807e-06	-1.304376e-09	-3.613314e+01	-1.480564e+02
6.950000e-06	-6.707955e-06	-1.306852e-09	-3.624200e+01	-1.483411e+02
6.960000e-06	-6.727847e-06	-1.309339e-09	-3.634948e+01	-1.486207e+02
6.970000e-06	-6.747407e-06	-1.311711e-09	-3.645515e+01	-1.488950e+02
6.980000e-06	-6.766464e-06	-1.313635e-09	-3.655812e+01	-1.491640e+02
6.990000e-06	-6.784921e-06	-1.314599e-09	-3.665783e+01	-1.494275e+02
7.000000e-06	-6.802987e-06	-1.315660e-09	-3.675545e+01	-1.496855e+02
7.010000e-06	-6.820692e-06	-1.317278e-09	-3.685110e+01	-1.499378e+02
7.020000e-06	-6.837779e-06	-1.318459e-09	-3.694342e+01	-1.501843e+02
7.030000e-06	-6.854452e-06	-1.319303e-09	-3.703350e+01	-1.504249e+02
7.040000e-06	-6.870850e-06	-1.321098e-09	-3.712210e+01	-1.506594e+02
7.050000e-06	-6.887000e-06	-1.322521e-09	-3.720935e+01	-1.508876e+02
7.060000e-06	-6.902656e-06	-1.323138e-09	-3.729394e+01	-1.511095e+02
7.070000e-06	-6.917392e-06	-1.323498e-09	-3.737356e+01	-1.513248e+02
7.080000e-06	-6.931315e-06	-1.323903e-09	-3.744878e+01	-1.515334e+02
7.090000e-06	-6.944551e-06	-1.325468e-09	-3.752029e+01	-1.517351e+02
7.100000e-06	-6.957232e-06	-1.327352e-09	-3.758881e+01	-1.519299e+02
7.110000e-06	-6.969430e-06	-1.328982e-09	-3.765471e+01	-1.521174e+02
7.120000e-06	-6.981110e-06	-1.330954e-09	-3.771782e+01	-1.522976e+02
7.130000e-06	-6.992303e-06	-1.333311e-09	-3.777829e+01	-1.524704e+02
7.140000e-06	-7.002902e-06	-1.334473e-09	-3.783555e+01	-1.526355e+02
7.150000e-06	-7.012978e-06	-1.333685e-09	-3.788999e+01	-1.527928e+02
7.160000e-06	-7.022642e-06	-1.332849e-09	-3.794220e+01	-1.529423e+02
7.170000e-06	-7.031834e-06	-1.333061e-09	-3.799187e+01	-1.530837e+02
7.180000e-06	-7.040534e-06	-1.333794e-09	-3.803887e+01	-1.532171e+02
7.190000e-06	-7.048901e-06	-1.334477e-09	-3.808408e+01	-1.533421e+02
7.200000e-06	-7.056947e-06	-1.335282e-09	-3.812755e+01	-1.534589e+02
7.210000e-06	-7.064614e-06	-1.336008e-09	-3.816897e+01	-1.535673e+02
7.220000e-06	-7.071691e-06	-1.335640e-09	-3.820721e+01	-1.536672e+02
7.230000e-06	-7.077966e-06	-1.334872e-09	-3.824111e+01	-1.537586e+02
7.240000e-06	-7.083477e-06	-1.334907e-09	-3.827088e+01	-1.538416e+02
7.250000e-06	-7.088290e-06	-1.334813e-09	-3.829689e+01	-1.539160e+02
7.260000e-06	-7.092631e-06	-1.333539e-09	-3.832034e+01	-1.539820e+02
7.270000e-06	-7.096706e-06	-1.332302e-09	-3.834236e+01	-1.540395e+02
7.280000e-06	-7.100419e-06	-1.333011e-09	-3.836242e+01	-1.540887e+02
7.290000e-06	-7.103618e-06	-1.334950e-09	-3.837971e+01	-1.541296e+02
7.300000e-06	-7.106284e-06	-1.335246e-09	-3.839411e+01	-1.541624e+02
7.310000e-06	-7.108519e-06	-1.333508e-09	-3.840618e+01	-1.541873e+02
7.320000e-06	-7.110346e-06	-1.331772e-09	-3.841605e+01	-1.542043e+02
7.330000e-06	-7.111642e-06	-1.331674e-09	-3.842306e+01	-1.542138e+02
7.340000e-06	-7.112401e-06	-1.332443e-09	-3.842716e+01	-1.542159e+02
