# Temperatura_=_20.0
# Concentracion g/m^3_=_7400.0
# C_Vs_to_Am_M_A/Vsm_=_116720831517.84952
# pendiente_HvsI_1/m_=_3716.3
# ordenada_HvsI_A/m_=_1297.0
# frecuencia_Hz_=_136116.9487219207

Tiempo_(s)	Campo_(V.s)	Magnetizacion_(V.s)	Campo_(kA/m)	Magnetizacion_(A/m)
0.000000e+00	-7.124833e-06	-1.239414e-09	-3.841992e+01	-1.439998e+02
1.000000e-08	-7.125158e-06	-1.238259e-09	-3.842167e+01	-1.439819e+02
2.000000e-08	-7.124944e-06	-1.238954e-09	-3.842052e+01	-1.439542e+02
3.000000e-08	-7.124337e-06	-1.239515e-09	-3.841725e+01	-1.439169e+02
4.000000e-08	-7.123191e-06	-1.239044e-09	-3.841107e+01	-1.438703e+02
5.000000e-08	-7.121204e-06	-1.237143e-09	-3.840035e+01	-1.438148e+02
6.000000e-08	-7.118417e-06	-1.234285e-09	-3.838533e+01	-1.437510e+02
7.000000e-08	-7.115146e-06	-1.229113e-09	-3.836769e+01	-1.436792e+02
8.000000e-08	-7.111547e-06	-1.227679e-09	-3.834828e+01	-1.436001e+02
9.000000e-08	-7.107384e-06	-1.242218e-09	-3.832583e+01	-1.435142e+02
1.000000e-07	-7.102366e-06	-1.244526e-09	-3.829877e+01	-1.434223e+02
1.100000e-07	-7.096644e-06	-1.193265e-09	-3.826792e+01	-1.433250e+02
1.200000e-07	-7.090657e-06	-1.182503e-09	-3.823563e+01	-1.432229e+02
1.300000e-07	-7.084572e-06	-1.260424e-09	-3.820282e+01	-1.431167e+02
1.400000e-07	-7.077931e-06	-1.284857e-09	-3.816701e+01	-1.430070e+02
1.500000e-07	-7.070663e-06	-1.181360e-09	-3.812782e+01	-1.428945e+02
1.600000e-07	-7.063073e-06	-1.148447e-09	-3.808689e+01	-1.427796e+02
1.700000e-07	-7.055190e-06	-1.277326e-09	-3.804438e+01	-1.426630e+02
1.800000e-07	-7.046749e-06	-1.296863e-09	-3.799886e+01	-1.425450e+02
1.900000e-07	-7.037583e-06	-1.143783e-09	-3.794944e+01	-1.424260e+02
2.000000e-07	-7.027725e-06	-1.124875e-09	-3.789628e+01	-1.423063e+02
2.100000e-07	-7.017372e-06	-1.291287e-09	-3.784045e+01	-1.421861e+02
2.200000e-07	-7.006428e-06	-1.293599e-09	-3.778144e+01	-1.420655e+02
2.300000e-07	-6.994895e-06	-1.134707e-09	-3.771925e+01	-1.419445e+02
2.400000e-07	-6.982860e-06	-1.149066e-09	-3.765435e+01	-1.418231e+02
2.500000e-07	-6.970138e-06	-1.279279e-09	-3.758575e+01	-1.417011e+02
2.600000e-07	-6.956710e-06	-1.229206e-09	-3.751334e+01	-1.415782e+02
2.700000e-07	-6.942732e-06	-1.130739e-09	-3.743796e+01	-1.414542e+02
2.800000e-07	-6.928114e-06	-1.203206e-09	-3.735914e+01	-1.413286e+02
2.900000e-07	-6.912900e-06	-1.249617e-09	-3.727709e+01	-1.412010e+02
3.000000e-07	-6.896899e-06	-1.162389e-09	-3.719081e+01	-1.410709e+02
3.100000e-07	-6.879973e-06	-1.166062e-09	-3.709954e+01	-1.409377e+02
3.200000e-07	-6.862827e-06	-1.249058e-09	-3.700708e+01	-1.408009e+02
3.300000e-07	-6.845577e-06	-1.182876e-09	-3.691406e+01	-1.406599e+02
3.400000e-07	-6.827946e-06	-1.117698e-09	-3.681899e+01	-1.405141e+02
3.500000e-07	-6.809770e-06	-1.221034e-09	-3.672098e+01	-1.403630e+02
3.600000e-07	-6.791046e-06	-1.247478e-09	-3.662001e+01	-1.402059e+02
3.700000e-07	-6.771815e-06	-1.123229e-09	-3.651631e+01	-1.400424e+02
3.800000e-07	-6.752227e-06	-1.134192e-09	-3.641068e+01	-1.398719e+02
3.900000e-07	-6.732285e-06	-1.238796e-09	-3.630315e+01	-1.396941e+02
4.000000e-07	-6.711939e-06	-1.184655e-09	-3.619344e+01	-1.395087e+02
4.100000e-07	-6.691187e-06	-1.115784e-09	-3.608153e+01	-1.393153e+02
4.200000e-07	-6.669959e-06	-1.189104e-09	-3.596706e+01	-1.391138e+02
4.300000e-07	-6.648181e-06	-1.203660e-09	-3.584963e+01	-1.389040e+02
4.400000e-07	-6.625962e-06	-1.132975e-09	-3.572981e+01	-1.386859e+02
4.500000e-07	-6.603308e-06	-1.159794e-09	-3.560765e+01	-1.384596e+02
4.600000e-07	-6.580113e-06	-1.195528e-09	-3.548258e+01	-1.382252e+02
4.700000e-07	-6.556537e-06	-1.134736e-09	-3.535545e+01	-1.379829e+02
4.800000e-07	-6.532710e-06	-1.132283e-09	-3.522696e+01	-1.377329e+02
4.900000e-07	-6.508458e-06	-1.189219e-09	-3.509618e+01	-1.374757e+02
5.000000e-07	-6.483535e-06	-1.154177e-09	-3.496179e+01	-1.372116e+02
5.100000e-07	-6.457864e-06	-1.112589e-09	-3.482336e+01	-1.369411e+02
5.200000e-07	-6.431474e-06	-1.153963e-09	-3.468105e+01	-1.366645e+02
5.300000e-07	-6.404505e-06	-1.156464e-09	-3.453563e+01	-1.363826e+02
5.400000e-07	-6.377111e-06	-1.115165e-09	-3.438791e+01	-1.360956e+02
5.500000e-07	-6.349372e-06	-1.130555e-09	-3.423833e+01	-1.358042e+02
5.600000e-07	-6.321215e-06	-1.145637e-09	-3.408649e+01	-1.355087e+02
5.700000e-07	-6.292641e-06	-1.117351e-09	-3.393241e+01	-1.352098e+02
5.800000e-07	-6.263700e-06	-1.118816e-09	-3.377635e+01	-1.349077e+02
5.900000e-07	-6.234331e-06	-1.135970e-09	-3.361798e+01	-1.346028e+02
6.000000e-07	-6.204578e-06	-1.116520e-09	-3.345754e+01	-1.342954e+02
6.100000e-07	-6.174461e-06	-1.106618e-09	-3.329514e+01	-1.339858e+02
6.200000e-07	-6.143830e-06	-1.119804e-09	-3.312996e+01	-1.336741e+02
6.300000e-07	-6.112775e-06	-1.112443e-09	-3.296251e+01	-1.333604e+02
6.400000e-07	-6.081475e-06	-1.100144e-09	-3.279372e+01	-1.330446e+02
6.500000e-07	-6.049960e-06	-1.105757e-09	-3.262378e+01	-1.327266e+02
6.600000e-07	-6.018034e-06	-1.103562e-09	-3.245162e+01	-1.324063e+02
6.700000e-07	-5.985595e-06	-1.094067e-09	-3.227670e+01	-1.320834e+02
6.800000e-07	-5.952526e-06	-1.093796e-09	-3.209838e+01	-1.317575e+02
6.900000e-07	-5.918753e-06	-1.092174e-09	-3.191626e+01	-1.314282e+02
7.000000e-07	-5.884371e-06	-1.084049e-09	-3.173086e+01	-1.310950e+02
7.100000e-07	-5.849447e-06	-1.079537e-09	-3.154254e+01	-1.307573e+02
7.200000e-07	-5.814121e-06	-1.076309e-09	-3.135204e+01	-1.304145e+02
7.300000e-07	-5.778457e-06	-1.073066e-09	-3.115973e+01	-1.300660e+02
7.400000e-07	-5.742561e-06	-1.070771e-09	-3.096617e+01	-1.297111e+02
7.500000e-07	-5.706389e-06	-1.067525e-09	-3.077111e+01	-1.293492e+02
7.600000e-07	-5.669858e-06	-1.063155e-09	-3.057412e+01	-1.289795e+02
7.700000e-07	-5.632899e-06	-1.060096e-09	-3.037482e+01	-1.286013e+02
7.800000e-07	-5.595471e-06	-1.056101e-09	-3.017300e+01	-1.282140e+02
7.900000e-07	-5.557713e-06	-1.049450e-09	-2.996939e+01	-1.278170e+02
8.000000e-07	-5.519463e-06	-1.043035e-09	-2.976313e+01	-1.274097e+02
8.100000e-07	-5.480607e-06	-1.037616e-09	-2.955360e+01	-1.269915e+02
8.200000e-07	-5.441380e-06	-1.033280e-09	-2.934208e+01	-1.265621e+02
8.300000e-07	-5.401981e-06	-1.030268e-09	-2.912962e+01	-1.261208e+02
8.400000e-07	-5.362432e-06	-1.027010e-09	-2.891636e+01	-1.256676e+02
8.500000e-07	-5.322542e-06	-1.021487e-09	-2.870126e+01	-1.252020e+02
8.600000e-07	-5.282149e-06	-1.016225e-09	-2.848344e+01	-1.247239e+02
8.700000e-07	-5.241339e-06	-1.012233e-09	-2.826337e+01	-1.242332e+02
8.800000e-07	-5.200175e-06	-1.007978e-09	-2.804140e+01	-1.237299e+02
8.900000e-07	-5.158409e-06	-1.000923e-09	-2.781618e+01	-1.232140e+02
9.000000e-07	-5.116045e-06	-9.934336e-10	-2.758774e+01	-1.226856e+02
9.100000e-07	-5.073180e-06	-9.882993e-10	-2.735660e+01	-1.221449e+02
9.200000e-07	-5.029830e-06	-9.844384e-10	-2.712283e+01	-1.215921e+02
9.300000e-07	-4.986151e-06	-9.792904e-10	-2.688730e+01	-1.210275e+02
9.400000e-07	-4.942302e-06	-9.739437e-10	-2.665085e+01	-1.204514e+02
9.500000e-07	-4.898286e-06	-9.679822e-10	-2.641350e+01	-1.198641e+02
9.600000e-07	-4.853865e-06	-9.621595e-10	-2.617396e+01	-1.192660e+02
9.700000e-07	-4.808971e-06	-9.580452e-10	-2.593187e+01	-1.186574e+02
9.800000e-07	-4.763821e-06	-9.535291e-10	-2.568841e+01	-1.180387e+02
9.900000e-07	-4.718425e-06	-9.471846e-10	-2.544362e+01	-1.174102e+02
1.000000e-06	-4.672735e-06	-9.416954e-10	-2.519724e+01	-1.167722e+02
1.010000e-06	-4.626655e-06	-9.376641e-10	-2.494876e+01	-1.161250e+02
1.020000e-06	-4.580149e-06	-9.330364e-10	-2.469798e+01	-1.154689e+02
1.030000e-06	-4.533241e-06	-9.270442e-10	-2.444503e+01	-1.148040e+02
1.040000e-06	-4.486018e-06	-9.198682e-10	-2.419039e+01	-1.141305e+02
1.050000e-06	-4.438654e-06	-9.140886e-10	-2.393498e+01	-1.134484e+02
1.060000e-06	-4.391080e-06	-9.099370e-10	-2.367845e+01	-1.127578e+02
1.070000e-06	-4.343243e-06	-9.056745e-10	-2.342049e+01	-1.120586e+02
1.080000e-06	-4.295122e-06	-8.995563e-10	-2.316100e+01	-1.113508e+02
1.090000e-06	-4.246650e-06	-8.919956e-10	-2.289962e+01	-1.106341e+02
1.100000e-06	-4.197791e-06	-8.853655e-10	-2.263615e+01	-1.099083e+02
1.110000e-06	-4.148598e-06	-8.798844e-10	-2.237088e+01	-1.091733e+02
1.120000e-06	-4.098805e-06	-8.740732e-10	-2.210238e+01	-1.084285e+02
1.130000e-06	-4.048418e-06	-8.677561e-10	-2.183067e+01	-1.076738e+02
1.140000e-06	-3.997689e-06	-8.612336e-10	-2.155712e+01	-1.069087e+02
1.150000e-06	-3.946652e-06	-8.553830e-10	-2.128191e+01	-1.061328e+02
1.160000e-06	-3.895348e-06	-8.501112e-10	-2.100526e+01	-1.053456e+02
1.170000e-06	-3.843722e-06	-8.433016e-10	-2.072687e+01	-1.045468e+02
1.180000e-06	-3.791765e-06	-8.346660e-10	-2.044670e+01	-1.037359e+02
1.190000e-06	-3.739519e-06	-8.266893e-10	-2.016497e+01	-1.029124e+02
1.200000e-06	-3.687024e-06	-8.202494e-10	-1.988189e+01	-1.020761e+02
1.210000e-06	-3.634286e-06	-8.140606e-10	-1.959751e+01	-1.012264e+02
1.220000e-06	-3.581222e-06	-8.068281e-10	-1.931137e+01	-1.003631e+02
1.230000e-06	-3.527796e-06	-7.986855e-10	-1.902327e+01	-9.948580e+01
1.240000e-06	-3.474172e-06	-7.898449e-10	-1.873411e+01	-9.859434e+01
1.250000e-06	-3.420465e-06	-7.824572e-10	-1.844450e+01	-9.768848e+01
1.260000e-06	-3.366579e-06	-7.766026e-10	-1.815393e+01	-9.676809e+01
1.270000e-06	-3.312374e-06	-7.686254e-10	-1.786163e+01	-9.583308e+01
1.280000e-06	-3.257877e-06	-7.590933e-10	-1.756777e+01	-9.488342e+01
1.290000e-06	-3.203072e-06	-7.507947e-10	-1.727223e+01	-9.391915e+01
1.300000e-06	-3.148084e-06	-7.434549e-10	-1.697572e+01	-9.294033e+01
1.310000e-06	-3.093020e-06	-7.350820e-10	-1.667879e+01	-9.194713e+01
1.320000e-06	-3.037795e-06	-7.259199e-10	-1.638100e+01	-9.093971e+01
1.330000e-06	-2.982361e-06	-7.171477e-10	-1.608207e+01	-8.991833e+01
1.340000e-06	-2.926693e-06	-7.081588e-10	-1.578189e+01	-8.888323e+01
1.350000e-06	-2.870902e-06	-6.999607e-10	-1.548104e+01	-8.783473e+01
1.360000e-06	-2.815042e-06	-6.923525e-10	-1.517982e+01	-8.677315e+01
1.370000e-06	-2.759101e-06	-6.833397e-10	-1.487816e+01	-8.569882e+01
1.380000e-06	-2.703011e-06	-6.740777e-10	-1.457571e+01	-8.461209e+01
1.390000e-06	-2.646844e-06	-6.650990e-10	-1.427283e+01	-8.351330e+01
1.400000e-06	-2.590464e-06	-6.568086e-10	-1.396881e+01	-8.240277e+01
1.410000e-06	-2.533691e-06	-6.478220e-10	-1.366266e+01	-8.128083e+01
1.420000e-06	-2.476645e-06	-6.380280e-10	-1.335505e+01	-8.014774e+01
1.430000e-06	-2.419346e-06	-6.288685e-10	-1.304607e+01	-7.900377e+01
1.440000e-06	-2.361789e-06	-6.193381e-10	-1.273570e+01	-7.784911e+01
1.450000e-06	-2.303846e-06	-6.091685e-10	-1.242325e+01	-7.668391e+01
1.460000e-06	-2.245507e-06	-5.991278e-10	-1.210866e+01	-7.550829e+01
1.470000e-06	-2.186889e-06	-5.891092e-10	-1.179257e+01	-7.432228e+01
1.480000e-06	-2.128041e-06	-5.786244e-10	-1.147524e+01	-7.312586e+01
1.490000e-06	-2.068958e-06	-5.681307e-10	-1.115664e+01	-7.191895e+01
1.500000e-06	-2.009623e-06	-5.581062e-10	-1.083668e+01	-7.070139e+01
1.510000e-06	-1.950211e-06	-5.476130e-10	-1.051631e+01	-6.947298e+01
1.520000e-06	-1.890798e-06	-5.368132e-10	-1.019593e+01	-6.823341e+01
1.530000e-06	-1.831304e-06	-5.275206e-10	-9.875116e+00	-6.698236e+01
1.540000e-06	-1.771695e-06	-5.178776e-10	-9.553684e+00	-6.571940e+01
1.550000e-06	-1.712018e-06	-5.066633e-10	-9.231878e+00	-6.444407e+01
1.560000e-06	-1.652346e-06	-4.956105e-10	-8.910105e+00	-6.315586e+01
1.570000e-06	-1.592660e-06	-4.847919e-10	-8.588256e+00	-6.185420e+01
1.580000e-06	-1.532889e-06	-4.744662e-10	-8.265946e+00	-6.053849e+01
1.590000e-06	-1.473035e-06	-4.637087e-10	-7.943190e+00	-5.920809e+01
1.600000e-06	-1.413150e-06	-4.522465e-10	-7.620265e+00	-5.786234e+01
1.610000e-06	-1.353093e-06	-4.416435e-10	-7.296412e+00	-5.650056e+01
1.620000e-06	-1.292906e-06	-4.307982e-10	-6.971863e+00	-5.512206e+01
1.630000e-06	-1.232705e-06	-4.191453e-10	-6.647235e+00	-5.372616e+01
1.640000e-06	-1.172421e-06	-4.070445e-10	-6.322159e+00	-5.231216e+01
1.650000e-06	-1.112070e-06	-3.950278e-10	-5.996723e+00	-5.087942e+01
1.660000e-06	-1.051630e-06	-3.836268e-10	-5.670808e+00	-4.942729e+01
1.670000e-06	-9.910583e-07	-3.726061e-10	-5.344179e+00	-4.795517e+01
1.680000e-06	-9.303148e-07	-3.609837e-10	-5.016626e+00	-4.646249e+01
1.690000e-06	-8.696740e-07	-3.481780e-10	-4.689627e+00	-4.494874e+01
1.700000e-06	-8.090726e-07	-3.356929e-10	-4.362840e+00	-4.341347e+01
1.710000e-06	-7.483500e-07	-3.240943e-10	-4.035400e+00	-4.185629e+01
1.720000e-06	-6.875629e-07	-3.120733e-10	-3.707612e+00	-4.027686e+01
1.730000e-06	-6.266572e-07	-2.998532e-10	-3.379184e+00	-3.867495e+01
1.740000e-06	-5.656843e-07	-2.875750e-10	-3.050394e+00	-3.705039e+01
1.750000e-06	-5.046305e-07	-2.744720e-10	-2.721168e+00	-3.540310e+01
1.760000e-06	-4.435674e-07	-2.611110e-10	-2.391891e+00	-3.373308e+01
1.770000e-06	-3.824652e-07	-2.474293e-10	-2.062404e+00	-3.204044e+01
1.780000e-06	-3.213179e-07	-2.332882e-10	-1.732673e+00	-3.032537e+01
1.790000e-06	-2.601485e-07	-2.193343e-10	-1.402824e+00	-2.858817e+01
1.800000e-06	-1.990509e-07	-2.047761e-10	-1.073361e+00	-2.682922e+01
1.810000e-06	-1.379809e-07	-1.897756e-10	-7.440475e-01	-2.504901e+01
1.820000e-06	-7.680827e-08	-1.755288e-10	-4.141806e-01	-2.324812e+01
1.830000e-06	-1.569865e-08	-1.608850e-10	-8.465336e-02	-2.142724e+01
1.840000e-06	4.543325e-08	-1.450186e-10	2.449941e-01	-1.958714e+01
1.850000e-06	1.065294e-07	-1.296953e-10	5.744488e-01	-1.772869e+01
1.860000e-06	1.675430e-07	-1.150848e-10	9.034585e-01	-1.585284e+01
1.870000e-06	2.285549e-07	-1.004738e-10	1.232458e+00	-1.396064e+01
1.880000e-06	2.895565e-07	-8.578753e-11	1.561403e+00	-1.205321e+01
1.890000e-06	3.507133e-07	-7.048912e-11	1.891185e+00	-1.013176e+01
1.900000e-06	4.118475e-07	-5.540804e-11	2.220845e+00	-8.197551e+00
1.910000e-06	4.728691e-07	-4.028820e-11	2.549897e+00	-6.251923e+00
1.920000e-06	5.338563e-07	-2.530697e-11	2.878765e+00	-4.296274e+00
1.930000e-06	5.946931e-07	-1.123428e-11	3.206821e+00	-2.332052e+00
1.940000e-06	6.554992e-07	2.780831e-12	3.534712e+00	-3.607505e-01
1.950000e-06	7.163200e-07	1.798840e-11	3.862681e+00	1.616100e+00
1.960000e-06	7.771309e-07	3.422744e-11	4.190598e+00	3.596940e+00
1.970000e-06	8.378032e-07	5.055364e-11	4.517767e+00	5.580187e+00
1.980000e-06	8.982784e-07	6.569606e-11	4.843873e+00	7.564245e+00
1.990000e-06	9.587384e-07	7.998771e-11	5.169897e+00	9.547516e+00
2.000000e-06	1.019153e-06	9.548695e-11	5.495677e+00	1.152840e+01
2.010000e-06	1.079450e-06	1.112913e-10	5.820820e+00	1.350532e+01
2.020000e-06	1.139604e-06	1.266437e-10	6.145198e+00	1.547671e+01
2.030000e-06	1.199799e-06	1.422740e-10	6.469792e+00	1.744103e+01
2.040000e-06	1.260035e-06	1.575982e-10	6.794611e+00	1.939679e+01
2.050000e-06	1.320125e-06	1.728010e-10	7.118639e+00	2.134252e+01
2.060000e-06	1.380094e-06	1.884202e-10	7.442016e+00	2.327683e+01
2.070000e-06	1.440067e-06	2.035382e-10	7.765413e+00	2.519837e+01
2.080000e-06	1.500066e-06	2.175830e-10	8.088949e+00	2.710585e+01
2.090000e-06	1.560045e-06	2.311205e-10	8.412382e+00	2.899806e+01
2.100000e-06	1.619876e-06	2.451529e-10	8.735012e+00	3.087386e+01
2.110000e-06	1.679545e-06	2.601494e-10	9.056773e+00	3.273219e+01
2.120000e-06	1.739161e-06	2.746002e-10	9.378244e+00	3.457208e+01
2.130000e-06	1.798699e-06	2.884623e-10	9.699296e+00	3.639262e+01
2.140000e-06	1.858181e-06	3.027082e-10	1.002005e+01	3.819300e+01
2.150000e-06	1.917491e-06	3.161000e-10	1.033987e+01	3.997252e+01
2.160000e-06	1.976671e-06	3.295114e-10	1.065899e+01	4.173052e+01
2.170000e-06	2.035814e-06	3.436224e-10	1.097791e+01	4.346648e+01
2.180000e-06	2.094872e-06	3.573217e-10	1.129638e+01	4.517993e+01
2.190000e-06	2.153698e-06	3.711368e-10	1.161360e+01	4.687050e+01
2.200000e-06	2.212285e-06	3.855633e-10	1.192952e+01	4.853791e+01
2.210000e-06	2.270742e-06	3.991801e-10	1.224474e+01	5.018194e+01
2.220000e-06	2.328878e-06	4.111830e-10	1.255823e+01	5.180246e+01
2.230000e-06	2.386600e-06	4.225853e-10	1.286949e+01	5.339941e+01
2.240000e-06	2.443969e-06	4.351639e-10	1.317885e+01	5.497281e+01
2.250000e-06	2.501087e-06	4.491643e-10	1.348685e+01	5.652273e+01
2.260000e-06	2.557925e-06	4.620556e-10	1.379335e+01	5.804930e+01
2.270000e-06	2.614469e-06	4.728315e-10	1.409825e+01	5.955271e+01
2.280000e-06	2.670766e-06	4.836168e-10	1.440183e+01	6.103320e+01
2.290000e-06	2.726781e-06	4.949982e-10	1.470388e+01	6.249105e+01
2.300000e-06	2.782689e-06	5.064033e-10	1.500536e+01	6.392658e+01
2.310000e-06	2.838550e-06	5.181473e-10	1.530659e+01	6.534014e+01
2.320000e-06	2.894251e-06	5.304351e-10	1.560695e+01	6.673213e+01
2.330000e-06	2.949752e-06	5.440066e-10	1.590623e+01	6.810295e+01
2.340000e-06	3.005140e-06	5.573018e-10	1.620491e+01	6.945304e+01
2.350000e-06	3.060424e-06	5.688434e-10	1.650302e+01	7.078284e+01
2.360000e-06	3.115517e-06	5.779105e-10	1.680010e+01	7.209280e+01
2.370000e-06	3.170439e-06	5.851617e-10	1.709626e+01	7.338341e+01
2.380000e-06	3.225121e-06	5.932248e-10	1.739113e+01	7.465514e+01
2.390000e-06	3.279562e-06	6.037339e-10	1.768470e+01	7.590846e+01
2.400000e-06	3.333873e-06	6.164489e-10	1.797756e+01	7.714386e+01
2.410000e-06	3.387880e-06	6.285946e-10	1.826879e+01	7.836180e+01
2.420000e-06	3.441509e-06	6.390749e-10	1.855798e+01	7.956277e+01
2.430000e-06	3.494958e-06	6.487513e-10	1.884620e+01	8.074723e+01
2.440000e-06	3.548256e-06	6.581542e-10	1.913360e+01	8.191562e+01
2.450000e-06	3.601285e-06	6.671349e-10	1.941956e+01	8.306841e+01
2.460000e-06	3.654059e-06	6.753342e-10	1.970413e+01	8.420601e+01
2.470000e-06	3.706488e-06	6.838706e-10	1.998685e+01	8.532885e+01
2.480000e-06	3.758563e-06	6.927506e-10	2.026766e+01	8.643733e+01
2.490000e-06	3.810392e-06	7.021391e-10	2.054714e+01	8.753184e+01
2.500000e-06	3.862025e-06	7.115659e-10	2.082557e+01	8.861275e+01
2.510000e-06	3.913393e-06	7.198532e-10	2.110257e+01	8.968039e+01
2.520000e-06	3.964333e-06	7.282013e-10	2.137725e+01	9.073510e+01
2.530000e-06	4.014856e-06	7.371678e-10	2.164969e+01	9.177717e+01
2.540000e-06	4.064784e-06	7.458385e-10	2.191893e+01	9.280688e+01
2.550000e-06	4.114089e-06	7.535929e-10	2.218480e+01	9.382447e+01
2.560000e-06	4.163068e-06	7.610825e-10	2.244891e+01	9.483018e+01
2.570000e-06	4.211911e-06	7.683164e-10	2.271229e+01	9.582418e+01
2.580000e-06	4.260452e-06	7.760685e-10	2.297405e+01	9.680664e+01
2.590000e-06	4.308463e-06	7.849057e-10	2.323294e+01	9.777769e+01
2.600000e-06	4.356096e-06	7.938752e-10	2.348980e+01	9.873744e+01
2.610000e-06	4.403602e-06	8.024000e-10	2.374597e+01	9.968593e+01
2.620000e-06	4.450971e-06	8.104767e-10	2.400140e+01	1.006232e+02
2.630000e-06	4.497985e-06	8.175312e-10	2.425492e+01	1.015493e+02
2.640000e-06	4.544534e-06	8.237262e-10	2.450593e+01	1.024642e+02
2.650000e-06	4.590776e-06	8.301313e-10	2.475528e+01	1.033677e+02
2.660000e-06	4.636795e-06	8.371154e-10	2.500343e+01	1.042599e+02
2.670000e-06	4.682530e-06	8.436753e-10	2.525006e+01	1.051406e+02
2.680000e-06	4.727936e-06	8.495840e-10	2.549491e+01	1.060097e+02
2.690000e-06	4.773022e-06	8.566461e-10	2.573803e+01	1.068671e+02
2.700000e-06	4.817702e-06	8.633823e-10	2.597896e+01	1.077125e+02
2.710000e-06	4.862082e-06	8.694804e-10	2.621827e+01	1.085459e+02
2.720000e-06	4.906145e-06	8.774100e-10	2.645588e+01	1.093670e+02
2.730000e-06	4.949890e-06	8.856384e-10	2.669177e+01	1.101756e+02
2.740000e-06	4.993533e-06	8.924619e-10	2.692711e+01	1.109716e+02
2.750000e-06	5.036988e-06	8.982792e-10	2.716144e+01	1.117548e+02
2.760000e-06	5.080003e-06	9.039090e-10	2.739339e+01	1.125251e+02
2.770000e-06	5.122571e-06	9.096990e-10	2.762293e+01	1.132823e+02
2.780000e-06	5.164733e-06	9.160156e-10	2.785029e+01	1.140263e+02
2.790000e-06	5.206304e-06	9.231324e-10	2.807445e+01	1.147571e+02
2.800000e-06	5.247226e-06	9.302557e-10	2.829512e+01	1.154746e+02
2.810000e-06	5.287677e-06	9.376758e-10	2.851325e+01	1.161787e+02
2.820000e-06	5.327835e-06	9.453713e-10	2.872980e+01	1.168696e+02
2.830000e-06	5.367687e-06	9.519968e-10	2.894469e+01	1.175472e+02
2.840000e-06	5.407205e-06	9.571523e-10	2.915779e+01	1.182118e+02
2.850000e-06	5.446486e-06	9.621242e-10	2.936961e+01	1.188635e+02
2.860000e-06	5.485480e-06	9.670901e-10	2.957988e+01	1.195024e+02
2.870000e-06	5.523989e-06	9.720134e-10	2.978754e+01	1.201290e+02
2.880000e-06	5.562090e-06	9.774985e-10	2.999299e+01	1.207433e+02
2.890000e-06	5.599781e-06	9.825244e-10	3.019624e+01	1.213459e+02
2.900000e-06	5.636966e-06	9.866536e-10	3.039675e+01	1.219370e+02
2.910000e-06	5.673789e-06	9.914995e-10	3.059532e+01	1.225172e+02
2.920000e-06	5.710242e-06	9.977031e-10	3.079189e+01	1.230867e+02
2.930000e-06	5.746318e-06	1.004468e-09	3.098643e+01	1.236461e+02
2.940000e-06	5.782108e-06	1.010999e-09	3.117942e+01	1.241959e+02
2.950000e-06	5.817640e-06	1.015439e-09	3.137102e+01	1.247365e+02
2.960000e-06	5.852953e-06	1.018309e-09	3.156144e+01	1.252684e+02
2.970000e-06	5.887872e-06	1.022248e-09	3.174974e+01	1.257921e+02
2.980000e-06	5.922325e-06	1.027435e-09	3.193552e+01	1.263081e+02
2.990000e-06	5.956082e-06	1.031908e-09	3.211755e+01	1.268167e+02
3.000000e-06	5.988954e-06	1.035528e-09	3.229481e+01	1.273183e+02
3.010000e-06	6.021228e-06	1.040079e-09	3.246885e+01	1.278134e+02
3.020000e-06	6.053139e-06	1.045772e-09	3.264092e+01	1.283022e+02
3.030000e-06	6.084759e-06	1.051776e-09	3.281143e+01	1.287851e+02
3.040000e-06	6.116027e-06	1.057148e-09	3.298004e+01	1.292622e+02
3.050000e-06	6.146909e-06	1.060844e-09	3.314657e+01	1.297336e+02
3.060000e-06	6.177405e-06	1.065229e-09	3.331102e+01	1.301996e+02
3.070000e-06	6.207389e-06	1.071743e-09	3.347270e+01	1.306601e+02
3.080000e-06	6.236821e-06	1.076112e-09	3.363141e+01	1.311151e+02
3.090000e-06	6.265818e-06	1.078938e-09	3.378777e+01	1.315646e+02
3.100000e-06	6.294458e-06	1.083533e-09	3.394221e+01	1.320083e+02
3.110000e-06	6.322757e-06	1.088499e-09	3.409481e+01	1.324462e+02
3.120000e-06	6.350746e-06	1.092153e-09	3.424574e+01	1.328779e+02
3.130000e-06	6.378455e-06	1.095429e-09	3.439516e+01	1.333032e+02
3.140000e-06	6.405838e-06	1.098936e-09	3.454282e+01	1.337217e+02
3.150000e-06	6.432758e-06	1.102213e-09	3.468798e+01	1.341332e+02
3.160000e-06	6.459150e-06	1.106803e-09	3.483029e+01	1.345373e+02
3.170000e-06	6.484882e-06	1.112837e-09	3.496906e+01	1.349335e+02
3.180000e-06	6.509735e-06	1.117590e-09	3.510307e+01	1.353215e+02
3.190000e-06	6.533818e-06	1.120496e-09	3.523294e+01	1.357010e+02
3.200000e-06	6.557502e-06	1.122651e-09	3.536065e+01	1.360715e+02
3.210000e-06	6.580921e-06	1.126138e-09	3.548693e+01	1.364328e+02
3.220000e-06	6.604049e-06	1.130478e-09	3.561165e+01	1.367845e+02
3.230000e-06	6.626711e-06	1.134494e-09	3.573385e+01	1.371264e+02
3.240000e-06	6.648838e-06	1.138713e-09	3.585317e+01	1.374582e+02
3.250000e-06	6.670559e-06	1.142775e-09	3.597030e+01	1.377799e+02
3.260000e-06	6.691824e-06	1.146283e-09	3.608497e+01	1.380913e+02
3.270000e-06	6.712605e-06	1.149737e-09	3.619703e+01	1.383923e+02
3.280000e-06	6.732895e-06	1.153130e-09	3.630644e+01	1.386830e+02
3.290000e-06	6.752723e-06	1.155207e-09	3.641336e+01	1.389634e+02
3.300000e-06	6.772226e-06	1.157551e-09	3.651852e+01	1.392337e+02
3.310000e-06	6.791428e-06	1.161184e-09	3.662207e+01	1.394940e+02
3.320000e-06	6.810284e-06	1.164250e-09	3.672375e+01	1.397447e+02
3.330000e-06	6.828613e-06	1.165723e-09	3.682259e+01	1.399859e+02
3.340000e-06	6.846223e-06	1.166402e-09	3.691755e+01	1.402180e+02
3.350000e-06	6.863270e-06	1.168340e-09	3.700947e+01	1.404414e+02
3.360000e-06	6.879919e-06	1.171884e-09	3.709925e+01	1.406565e+02
3.370000e-06	6.896103e-06	1.174645e-09	3.718652e+01	1.408636e+02
3.380000e-06	6.912004e-06	1.177097e-09	3.727227e+01	1.410633e+02
3.390000e-06	6.927312e-06	1.178884e-09	3.735481e+01	1.412557e+02
3.400000e-06	6.941759e-06	1.179350e-09	3.743271e+01	1.414415e+02
3.410000e-06	6.955796e-06	1.180517e-09	3.750841e+01	1.416209e+02
3.420000e-06	6.969324e-06	1.181770e-09	3.758136e+01	1.417943e+02
3.430000e-06	6.982296e-06	1.183401e-09	3.765130e+01	1.419620e+02
3.440000e-06	6.994755e-06	1.187405e-09	3.771849e+01	1.421242e+02
3.450000e-06	7.006648e-06	1.192633e-09	3.778262e+01	1.422811e+02
3.460000e-06	7.018136e-06	1.196919e-09	3.784457e+01	1.424329e+02
3.470000e-06	7.029115e-06	1.199267e-09	3.790378e+01	1.425797e+02
3.480000e-06	7.039367e-06	1.199663e-09	3.795906e+01	1.427215e+02
3.490000e-06	7.048753e-06	1.200060e-09	3.800967e+01	1.428582e+02
3.500000e-06	7.057363e-06	1.202374e-09	3.805610e+01	1.429897e+02
3.510000e-06	7.065457e-06	1.205797e-09	3.809974e+01	1.431159e+02
3.520000e-06	7.073170e-06	1.208141e-09	3.814134e+01	1.432364e+02
3.530000e-06	7.080645e-06	1.208437e-09	3.818164e+01	1.433511e+02
3.540000e-06	7.087714e-06	1.209311e-09	3.821976e+01	1.434597e+02
3.550000e-06	7.094130e-06	1.212170e-09	3.825436e+01	1.435616e+02
3.560000e-06	7.100009e-06	1.214103e-09	3.828606e+01	1.436567e+02
3.570000e-06	7.105443e-06	1.215344e-09	3.831536e+01	1.437443e+02
3.580000e-06	7.110341e-06	1.216631e-09	3.834178e+01	1.438242e+02
3.590000e-06	7.114630e-06	1.217458e-09	3.836490e+01	1.438960e+02
3.600000e-06	7.118468e-06	1.219060e-09	3.838560e+01	1.439591e+02
3.610000e-06	7.122009e-06	1.220818e-09	3.840469e+01	1.440133e+02
3.620000e-06	7.125274e-06	1.221323e-09	3.842230e+01	1.440582e+02
3.630000e-06	7.128120e-06	1.222325e-09	3.843765e+01	1.440936e+02
3.640000e-06	7.130207e-06	1.225875e-09	3.844890e+01	1.441192e+02
3.650000e-06	7.131509e-06	1.229227e-09	3.845592e+01	1.441348e+02
3.660000e-06	7.132164e-06	1.230070e-09	3.845945e+01	1.441403e+02
3.670000e-06	7.132265e-06	1.229366e-09	3.846000e+01	1.441358e+02
3.680000e-06	7.131991e-06	1.227395e-09	3.845852e+01	1.441212e+02
3.690000e-06	7.131260e-06	1.225582e-09	3.845458e+01	1.440968e+02
3.700000e-06	7.130052e-06	1.226071e-09	3.844807e+01	1.440626e+02
3.710000e-06	7.128440e-06	1.227649e-09	3.843937e+01	1.440191e+02
3.720000e-06	7.126408e-06	1.228007e-09	3.842842e+01	1.439665e+02
3.730000e-06	7.123972e-06	1.229670e-09	3.841528e+01	1.439054e+02
3.740000e-06	7.121050e-06	1.235415e-09	3.839952e+01	1.438362e+02
3.750000e-06	7.117579e-06	1.223450e-09	3.838081e+01	1.437594e+02
3.760000e-06	7.113550e-06	1.189551e-09	3.835908e+01	1.436758e+02
3.770000e-06	7.108867e-06	1.217284e-09	3.833383e+01	1.435858e+02
3.780000e-06	7.103420e-06	1.291026e-09	3.830445e+01	1.434902e+02
3.790000e-06	7.097415e-06	1.246740e-09	3.827207e+01	1.433896e+02
3.800000e-06	7.091077e-06	1.144022e-09	3.823789e+01	1.432847e+02
3.810000e-06	7.084325e-06	1.188742e-09	3.820149e+01	1.431761e+02
3.820000e-06	7.076990e-06	1.313836e-09	3.816193e+01	1.430644e+02
3.830000e-06	7.069066e-06	1.259246e-09	3.811921e+01	1.429503e+02
3.840000e-06	7.060661e-06	1.108036e-09	3.807388e+01	1.428342e+02
3.850000e-06	7.051911e-06	1.182198e-09	3.802670e+01	1.427166e+02
3.860000e-06	7.042680e-06	1.356332e-09	3.797692e+01	1.425979e+02
3.870000e-06	7.032933e-06	1.264684e-09	3.792436e+01	1.424784e+02
3.880000e-06	7.022756e-06	1.068297e-09	3.786948e+01	1.423583e+02
3.890000e-06	7.012178e-06	1.179233e-09	3.781244e+01	1.422378e+02
3.900000e-06	7.001062e-06	1.370036e-09	3.775250e+01	1.421170e+02
3.910000e-06	6.989324e-06	1.237234e-09	3.768921e+01	1.419957e+02
3.920000e-06	6.977050e-06	1.074655e-09	3.762302e+01	1.418739e+02
3.930000e-06	6.964132e-06	1.239918e-09	3.755336e+01	1.417513e+02
3.940000e-06	6.950337e-06	1.355378e-09	3.747897e+01	1.416277e+02
3.950000e-06	6.935884e-06	1.163506e-09	3.740103e+01	1.415027e+02
3.960000e-06	6.920878e-06	1.106864e-09	3.732012e+01	1.413758e+02
3.970000e-06	6.905204e-06	1.302759e-09	3.723560e+01	1.412466e+02
3.980000e-06	6.889088e-06	1.285851e-09	3.714869e+01	1.411145e+02
3.990000e-06	6.872586e-06	1.109554e-09	3.705971e+01	1.409789e+02
4.000000e-06	6.855695e-06	1.206610e-09	3.696862e+01	1.408394e+02
4.010000e-06	6.838255e-06	1.334892e-09	3.687458e+01	1.406953e+02
4.020000e-06	6.820254e-06	1.175373e-09	3.677751e+01	1.405460e+02
4.030000e-06	6.801894e-06	1.116084e-09	3.667851e+01	1.403909e+02
4.040000e-06	6.783110e-06	1.301308e-09	3.657722e+01	1.402296e+02
4.050000e-06	6.763673e-06	1.282043e-09	3.647240e+01	1.400615e+02
4.060000e-06	6.743778e-06	1.113911e-09	3.636512e+01	1.398862e+02
4.070000e-06	6.723657e-06	1.201932e-09	3.625662e+01	1.397033e+02
4.080000e-06	6.703302e-06	1.309711e-09	3.614686e+01	1.395126e+02
4.090000e-06	6.682565e-06	1.174313e-09	3.603504e+01	1.393138e+02
4.100000e-06	6.661212e-06	1.144668e-09	3.591990e+01	1.391068e+02
4.110000e-06	6.638932e-06	1.272322e-09	3.579975e+01	1.388914e+02
4.120000e-06	6.615726e-06	1.224411e-09	3.567462e+01	1.386678e+02
4.130000e-06	6.592046e-06	1.139414e-09	3.554693e+01	1.384361e+02
4.140000e-06	6.568105e-06	1.231665e-09	3.541782e+01	1.381964e+02
4.150000e-06	6.543778e-06	1.247773e-09	3.528664e+01	1.379489e+02
4.160000e-06	6.519038e-06	1.151271e-09	3.515324e+01	1.376941e+02
4.170000e-06	6.493874e-06	1.190181e-09	3.501754e+01	1.374322e+02
4.180000e-06	6.468277e-06	1.246905e-09	3.487951e+01	1.371638e+02
4.190000e-06	6.442255e-06	1.177465e-09	3.473919e+01	1.368892e+02
4.200000e-06	6.415726e-06	1.169775e-09	3.459614e+01	1.366089e+02
4.210000e-06	6.388604e-06	1.226402e-09	3.444989e+01	1.363236e+02
4.220000e-06	6.361011e-06	1.190233e-09	3.430109e+01	1.360336e+02
4.230000e-06	6.333124e-06	1.161685e-09	3.415072e+01	1.357394e+02
4.240000e-06	6.304973e-06	1.204705e-09	3.399891e+01	1.354416e+02
4.250000e-06	6.276513e-06	1.196269e-09	3.384544e+01	1.351405e+02
4.260000e-06	6.247594e-06	1.164499e-09	3.368950e+01	1.348365e+02
4.270000e-06	6.217985e-06	1.187640e-09	3.352984e+01	1.345299e+02
4.280000e-06	6.187597e-06	1.193146e-09	3.336598e+01	1.342210e+02
4.290000e-06	6.156596e-06	1.169945e-09	3.319880e+01	1.339100e+02
4.300000e-06	6.125058e-06	1.175983e-09	3.302874e+01	1.335969e+02
4.310000e-06	6.093024e-06	1.183428e-09	3.285600e+01	1.332818e+02
4.320000e-06	6.060693e-06	1.171110e-09	3.268166e+01	1.329646e+02
4.330000e-06	6.028129e-06	1.169880e-09	3.250606e+01	1.326451e+02
4.340000e-06	5.995073e-06	1.171435e-09	3.232781e+01	1.323231e+02
4.350000e-06	5.961529e-06	1.164793e-09	3.214692e+01	1.319982e+02
4.360000e-06	5.927704e-06	1.163154e-09	3.196453e+01	1.316700e+02
4.370000e-06	5.893540e-06	1.162576e-09	3.178030e+01	1.313382e+02
4.380000e-06	5.858864e-06	1.159255e-09	3.159332e+01	1.310020e+02
4.390000e-06	5.823755e-06	1.158122e-09	3.140399e+01	1.306610e+02
4.400000e-06	5.788313e-06	1.152983e-09	3.121288e+01	1.303145e+02
4.410000e-06	5.752490e-06	1.148298e-09	3.101970e+01	1.299618e+02
4.420000e-06	5.716394e-06	1.150210e-09	3.082506e+01	1.296023e+02
4.430000e-06	5.680000e-06	1.148459e-09	3.062881e+01	1.292352e+02
4.440000e-06	5.643262e-06	1.141615e-09	3.043071e+01	1.288599e+02
4.450000e-06	5.606142e-06	1.139787e-09	3.023054e+01	1.284758e+02
4.460000e-06	5.568474e-06	1.140713e-09	3.002742e+01	1.280821e+02
4.470000e-06	5.530107e-06	1.137143e-09	2.982053e+01	1.276782e+02
4.480000e-06	5.491030e-06	1.132120e-09	2.960981e+01	1.272637e+02
4.490000e-06	5.451410e-06	1.129560e-09	2.939616e+01	1.268381e+02
4.500000e-06	5.411382e-06	1.126996e-09	2.918031e+01	1.264008e+02
4.510000e-06	5.371179e-06	1.123077e-09	2.896353e+01	1.259516e+02
4.520000e-06	5.330831e-06	1.121320e-09	2.874595e+01	1.254901e+02
4.530000e-06	5.290035e-06	1.120042e-09	2.852596e+01	1.250162e+02
4.540000e-06	5.248741e-06	1.115507e-09	2.830329e+01	1.245297e+02
4.550000e-06	5.207117e-06	1.110613e-09	2.807884e+01	1.240306e+02
4.560000e-06	5.165301e-06	1.109037e-09	2.785335e+01	1.235189e+02
4.570000e-06	5.123240e-06	1.106109e-09	2.762654e+01	1.229946e+02
4.580000e-06	5.080783e-06	1.099913e-09	2.739760e+01	1.224580e+02
4.590000e-06	5.037870e-06	1.092903e-09	2.716619e+01	1.219092e+02
4.600000e-06	4.994430e-06	1.087500e-09	2.693194e+01	1.213485e+02
4.610000e-06	4.950667e-06	1.084388e-09	2.669596e+01	1.207761e+02
4.620000e-06	4.906753e-06	1.082543e-09	2.645916e+01	1.201925e+02
4.630000e-06	4.862616e-06	1.081238e-09	2.622115e+01	1.195980e+02
4.640000e-06	4.818222e-06	1.078236e-09	2.598176e+01	1.189928e+02
4.650000e-06	4.773564e-06	1.072046e-09	2.574095e+01	1.183774e+02
4.660000e-06	4.728620e-06	1.064241e-09	2.549859e+01	1.177522e+02
4.670000e-06	4.683259e-06	1.056735e-09	2.525399e+01	1.171173e+02
4.680000e-06	4.637315e-06	1.050098e-09	2.500624e+01	1.164732e+02
4.690000e-06	4.590972e-06	1.043947e-09	2.475634e+01	1.158200e+02
4.700000e-06	4.544451e-06	1.039223e-09	2.450548e+01	1.151580e+02
4.710000e-06	4.497632e-06	1.036879e-09	2.425301e+01	1.144873e+02
4.720000e-06	4.450557e-06	1.034978e-09	2.399917e+01	1.138081e+02
4.730000e-06	4.403224e-06	1.029089e-09	2.374393e+01	1.131203e+02
4.740000e-06	4.355513e-06	1.019005e-09	2.348665e+01	1.124240e+02
4.750000e-06	4.307458e-06	1.010969e-09	2.322752e+01	1.117190e+02
4.760000e-06	4.259140e-06	1.005816e-09	2.296697e+01	1.110053e+02
4.770000e-06	4.210597e-06	9.992358e-10	2.270521e+01	1.102826e+02
4.780000e-06	4.161548e-06	9.930587e-10	2.244071e+01	1.095506e+02
4.790000e-06	4.111981e-06	9.892847e-10	2.217343e+01	1.088092e+02
4.800000e-06	4.062196e-06	9.844512e-10	2.190497e+01	1.080578e+02
4.810000e-06	4.012210e-06	9.787212e-10	2.163543e+01	1.072962e+02
4.820000e-06	3.961874e-06	9.729032e-10	2.136399e+01	1.065239e+02
4.830000e-06	3.911126e-06	9.658655e-10	2.109034e+01	1.057406e+02
4.840000e-06	3.860170e-06	9.580352e-10	2.081556e+01	1.049457e+02
4.850000e-06	3.808976e-06	9.504003e-10	2.053951e+01	1.041388e+02
4.860000e-06	3.757415e-06	9.423905e-10	2.026147e+01	1.033196e+02
4.870000e-06	3.705602e-06	9.347443e-10	1.998208e+01	1.024876e+02
4.880000e-06	3.653558e-06	9.282719e-10	1.970143e+01	1.016423e+02
4.890000e-06	3.601231e-06	9.225102e-10	1.941926e+01	1.007836e+02
4.900000e-06	3.548611e-06	9.166481e-10	1.913552e+01	9.991099e+01
4.910000e-06	3.495727e-06	9.103781e-10	1.885035e+01	9.902428e+01
4.920000e-06	3.442473e-06	9.029623e-10	1.856318e+01	9.812323e+01
4.930000e-06	3.388709e-06	8.933368e-10	1.827326e+01	9.720769e+01
4.940000e-06	3.334633e-06	8.835108e-10	1.798166e+01	9.627755e+01
4.950000e-06	3.280161e-06	8.753960e-10	1.768793e+01	9.533277e+01
4.960000e-06	3.225188e-06	8.668383e-10	1.739149e+01	9.437334e+01
4.970000e-06	3.169915e-06	8.567844e-10	1.709344e+01	9.339935e+01
4.980000e-06	3.114341e-06	8.474202e-10	1.679376e+01	9.241092e+01
4.990000e-06	3.058558e-06	8.395495e-10	1.649296e+01	9.140821e+01
5.000000e-06	3.002645e-06	8.319872e-10	1.619145e+01	9.039144e+01
5.010000e-06	2.946557e-06	8.234069e-10	1.588900e+01	8.936088e+01
5.020000e-06	2.890336e-06	8.140258e-10	1.558584e+01	8.831680e+01
5.030000e-06	2.834050e-06	8.047160e-10	1.528232e+01	8.725954e+01
5.040000e-06	2.777581e-06	7.956124e-10	1.497782e+01	8.618941e+01
5.050000e-06	2.720842e-06	7.852642e-10	1.467186e+01	8.510677e+01
5.060000e-06	2.663945e-06	7.743322e-10	1.436505e+01	8.401195e+01
5.070000e-06	2.606895e-06	7.635560e-10	1.405741e+01	8.290529e+01
5.080000e-06	2.549638e-06	7.532066e-10	1.374866e+01	8.178711e+01
5.090000e-06	2.492188e-06	7.444601e-10	1.343887e+01	8.065770e+01
5.100000e-06	2.434562e-06	7.361854e-10	1.312812e+01	7.951732e+01
5.110000e-06	2.376752e-06	7.261260e-10	1.281639e+01	7.836619e+01
5.120000e-06	2.318769e-06	7.142149e-10	1.250372e+01	7.720448e+01
5.130000e-06	2.260694e-06	7.019950e-10	1.219056e+01	7.603232e+01
5.140000e-06	2.202426e-06	6.913159e-10	1.187635e+01	7.484976e+01
5.150000e-06	2.144003e-06	6.808426e-10	1.156131e+01	7.365681e+01
5.160000e-06	2.085519e-06	6.692352e-10	1.124594e+01	7.245340e+01
5.170000e-06	2.026803e-06	6.568340e-10	1.092932e+01	7.123941e+01
5.180000e-06	1.967879e-06	6.451707e-10	1.061158e+01	7.001463e+01
5.190000e-06	1.908792e-06	6.357004e-10	1.029296e+01	6.877881e+01
5.200000e-06	1.849539e-06	6.258199e-10	9.973447e+00	6.753162e+01
5.210000e-06	1.790148e-06	6.146786e-10	9.653188e+00	6.627267e+01
5.220000e-06	1.730595e-06	6.030477e-10	9.332056e+00	6.500151e+01
5.230000e-06	1.670879e-06	5.915645e-10	9.010040e+00	6.371765e+01
5.240000e-06	1.611150e-06	5.800916e-10	8.687958e+00	6.242053e+01
5.250000e-06	1.551421e-06	5.675176e-10	8.365878e+00	6.110956e+01
5.260000e-06	1.491576e-06	5.544337e-10	8.043171e+00	5.978412e+01
5.270000e-06	1.431691e-06	5.419354e-10	7.720248e+00	5.844355e+01
5.280000e-06	1.371736e-06	5.304439e-10	7.396946e+00	5.708718e+01
5.290000e-06	1.311680e-06	5.182553e-10	7.073099e+00	5.571433e+01
5.300000e-06	1.251557e-06	5.041149e-10	6.748891e+00	5.432429e+01
5.310000e-06	1.191393e-06	4.892472e-10	6.424465e+00	5.291639e+01
5.320000e-06	1.131212e-06	4.752118e-10	6.099941e+00	5.148996e+01
5.330000e-06	1.070950e-06	4.626704e-10	5.774989e+00	5.004436e+01
5.340000e-06	1.010674e-06	4.515286e-10	5.449954e+00	4.857895e+01
5.350000e-06	9.504387e-07	4.401083e-10	5.125142e+00	4.709318e+01
5.360000e-06	8.900345e-07	4.262221e-10	4.799419e+00	4.558650e+01
5.370000e-06	8.295170e-07	4.109812e-10	4.473084e+00	4.405844e+01
5.380000e-06	7.690847e-07	3.965933e-10	4.147210e+00	4.250859e+01
5.390000e-06	7.086390e-07	3.823975e-10	3.821262e+00	4.093660e+01
5.400000e-06	6.481632e-07	3.673585e-10	3.495153e+00	3.934220e+01
5.410000e-06	5.876911e-07	3.528218e-10	3.169063e+00	3.772520e+01
5.420000e-06	5.271889e-07	3.395221e-10	2.842811e+00	3.608547e+01
5.430000e-06	4.667150e-07	3.261541e-10	2.516712e+00	3.442302e+01
5.440000e-06	4.062379e-07	3.116114e-10	2.190596e+00	3.273789e+01
5.450000e-06	3.456303e-07	2.958160e-10	1.863775e+00	3.103026e+01
5.460000e-06	2.849207e-07	2.789435e-10	1.536405e+00	2.930039e+01
5.470000e-06	2.242096e-07	2.621857e-10	1.209027e+00	2.754863e+01
5.480000e-06	1.635092e-07	2.460179e-10	8.817063e-01	2.577544e+01
5.490000e-06	1.028109e-07	2.299101e-10	5.543973e-01	2.398136e+01
5.500000e-06	4.207122e-08	2.143543e-10	2.268647e-01	2.216706e+01
5.510000e-06	-1.864306e-08	1.985509e-10	-1.005308e-01	2.033326e+01
5.520000e-06	-7.933314e-08	1.823515e-10	-4.277957e-01	1.848082e+01
5.530000e-06	-1.400747e-07	1.659311e-10	-7.553384e-01	1.661065e+01
5.540000e-06	-2.007579e-07	1.475572e-10	-1.082566e+00	1.472377e+01
5.550000e-06	-2.614162e-07	1.283511e-10	-1.409660e+00	1.282128e+01
5.560000e-06	-3.221786e-07	1.091078e-10	-1.737315e+00	1.090436e+01
5.570000e-06	-3.829863e-07	8.993350e-11	-2.065214e+00	8.974245e+00
5.580000e-06	-4.437905e-07	7.195264e-11	-2.393094e+00	7.032262e+00
5.590000e-06	-5.045193e-07	5.403016e-11	-2.720568e+00	5.079787e+00
5.600000e-06	-5.651206e-07	3.683683e-11	-3.047354e+00	3.118250e+00
5.610000e-06	-6.256026e-07	2.041533e-11	-3.373497e+00	1.149131e+00
5.620000e-06	-6.860654e-07	2.806117e-12	-3.699537e+00	-8.260514e-01
5.630000e-06	-7.465562e-07	-1.599372e-11	-4.025727e+00	-2.805745e+00
5.640000e-06	-8.069295e-07	-3.612447e-11	-4.351283e+00	-4.788375e+00
5.650000e-06	-8.672198e-07	-5.673468e-11	-4.676393e+00	-6.772349e+00
5.660000e-06	-9.275523e-07	-7.607379e-11	-5.001729e+00	-8.756069e+00
5.670000e-06	-9.878352e-07	-9.387829e-11	-5.326799e+00	-1.073794e+01
5.680000e-06	-1.048063e-06	-1.110723e-10	-5.651570e+00	-1.271636e+01
5.690000e-06	-1.108274e-06	-1.285054e-10	-5.976255e+00	-1.468977e+01
5.700000e-06	-1.168415e-06	-1.469866e-10	-6.300555e+00	-1.665663e+01
5.710000e-06	-1.228514e-06	-1.659265e-10	-6.624637e+00	-1.861541e+01
5.720000e-06	-1.288574e-06	-1.837496e-10	-6.948502e+00	-2.056465e+01
5.730000e-06	-1.348557e-06	-2.009013e-10	-7.271954e+00	-2.250293e+01
5.740000e-06	-1.408466e-06	-2.178721e-10	-7.595009e+00	-2.442888e+01
5.750000e-06	-1.468358e-06	-2.353656e-10	-7.917966e+00	-2.634119e+01
5.760000e-06	-1.528190e-06	-2.540829e-10	-8.240608e+00	-2.823863e+01
5.770000e-06	-1.587925e-06	-2.726401e-10	-8.562721e+00	-3.012004e+01
5.780000e-06	-1.647495e-06	-2.904780e-10	-8.883945e+00	-3.198431e+01
5.790000e-06	-1.706913e-06	-3.081199e-10	-9.204351e+00	-3.383046e+01
5.800000e-06	-1.766233e-06	-3.262569e-10	-9.524230e+00	-3.565755e+01
5.810000e-06	-1.825383e-06	-3.438175e-10	-9.843186e+00	-3.746475e+01
5.820000e-06	-1.884381e-06	-3.595243e-10	-1.016133e+01	-3.925130e+01
5.830000e-06	-1.943261e-06	-3.755754e-10	-1.047884e+01	-4.101655e+01
5.840000e-06	-2.001976e-06	-3.938688e-10	-1.079545e+01	-4.275992e+01
5.850000e-06	-2.060537e-06	-4.120822e-10	-1.111123e+01	-4.448093e+01
5.860000e-06	-2.119033e-06	-4.274704e-10	-1.142666e+01	-4.617917e+01
5.870000e-06	-2.177455e-06	-4.408546e-10	-1.174170e+01	-4.785433e+01
5.880000e-06	-2.235695e-06	-4.552089e-10	-1.205575e+01	-4.950618e+01
5.890000e-06	-2.293725e-06	-4.697832e-10	-1.236867e+01	-5.113456e+01
5.900000e-06	-2.351579e-06	-4.846647e-10	-1.268065e+01	-5.273938e+01
5.910000e-06	-2.409198e-06	-5.007609e-10	-1.299135e+01	-5.432063e+01
5.920000e-06	-2.466709e-06	-5.152620e-10	-1.330147e+01	-5.587838e+01
5.930000e-06	-2.524208e-06	-5.287525e-10	-1.361153e+01	-5.741272e+01
5.940000e-06	-2.581376e-06	-5.431475e-10	-1.391980e+01	-5.892384e+01
5.950000e-06	-2.638308e-06	-5.581142e-10	-1.422680e+01	-6.041194e+01
5.960000e-06	-2.695094e-06	-5.715263e-10	-1.453302e+01	-6.187731e+01
5.970000e-06	-2.751605e-06	-5.833872e-10	-1.483775e+01	-6.332025e+01
5.980000e-06	-2.808050e-06	-5.955987e-10	-1.514212e+01	-6.474111e+01
5.990000e-06	-2.864371e-06	-6.082272e-10	-1.544582e+01	-6.614025e+01
6.000000e-06	-2.920386e-06	-6.211101e-10	-1.574788e+01	-6.751809e+01
6.010000e-06	-2.976170e-06	-6.336644e-10	-1.604869e+01	-6.887505e+01
6.020000e-06	-3.031792e-06	-6.447503e-10	-1.634862e+01	-7.021157e+01
6.030000e-06	-3.087405e-06	-6.555356e-10	-1.664851e+01	-7.152810e+01
6.040000e-06	-3.142854e-06	-6.678910e-10	-1.694752e+01	-7.282512e+01
6.050000e-06	-3.197762e-06	-6.802862e-10	-1.724360e+01	-7.410309e+01
6.060000e-06	-3.252174e-06	-6.911510e-10	-1.753701e+01	-7.536251e+01
6.070000e-06	-3.306423e-06	-7.008727e-10	-1.782954e+01	-7.660383e+01
6.080000e-06	-3.360477e-06	-7.103937e-10	-1.812103e+01	-7.782755e+01
6.090000e-06	-3.414095e-06	-7.217150e-10	-1.841015e+01	-7.903414e+01
6.100000e-06	-3.467240e-06	-7.353047e-10	-1.869673e+01	-8.022405e+01
6.110000e-06	-3.519975e-06	-7.476998e-10	-1.898110e+01	-8.139776e+01
6.120000e-06	-3.572430e-06	-7.567713e-10	-1.926396e+01	-8.255571e+01
6.130000e-06	-3.624700e-06	-7.649900e-10	-1.954582e+01	-8.369833e+01
6.140000e-06	-3.676731e-06	-7.753129e-10	-1.982639e+01	-8.482606e+01
6.150000e-06	-3.728489e-06	-7.866223e-10	-2.010549e+01	-8.593929e+01
6.160000e-06	-3.779972e-06	-7.972796e-10	-2.038311e+01	-8.703843e+01
6.170000e-06	-3.831149e-06	-8.078928e-10	-2.065907e+01	-8.812384e+01
6.180000e-06	-3.882063e-06	-8.182371e-10	-2.093362e+01	-8.919587e+01
6.190000e-06	-3.932650e-06	-8.278107e-10	-2.120641e+01	-9.025486e+01
6.200000e-06	-3.982986e-06	-8.362951e-10	-2.147784e+01	-9.130112e+01
6.210000e-06	-4.033110e-06	-8.441705e-10	-2.174813e+01	-9.233493e+01
6.220000e-06	-4.082902e-06	-8.524649e-10	-2.201663e+01	-9.335655e+01
6.230000e-06	-4.132387e-06	-8.613334e-10	-2.228347e+01	-9.436620e+01
6.240000e-06	-4.181345e-06	-8.703696e-10	-2.254747e+01	-9.536409e+01
6.250000e-06	-4.229778e-06	-8.793318e-10	-2.280864e+01	-9.635040e+01
6.260000e-06	-4.277822e-06	-8.875427e-10	-2.306771e+01	-9.732525e+01
6.270000e-06	-4.325473e-06	-8.944639e-10	-2.332466e+01	-9.828876e+01
6.280000e-06	-4.372853e-06	-9.016243e-10	-2.358016e+01	-9.924101e+01
6.290000e-06	-4.419880e-06	-9.109514e-10	-2.383375e+01	-1.001820e+02
6.300000e-06	-4.466606e-06	-9.205961e-10	-2.408571e+01	-1.011119e+02
6.310000e-06	-4.513081e-06	-9.288093e-10	-2.433632e+01	-1.020305e+02
6.320000e-06	-4.559329e-06	-9.360453e-10	-2.458571e+01	-1.029378e+02
6.330000e-06	-4.605266e-06	-9.434770e-10	-2.483342e+01	-1.038338e+02
6.340000e-06	-4.650716e-06	-9.527391e-10	-2.507851e+01	-1.047184e+02
6.350000e-06	-4.695766e-06	-9.624354e-10	-2.532143e+01	-1.055914e+02
6.360000e-06	-4.740544e-06	-9.705758e-10	-2.556289e+01	-1.064527e+02
6.370000e-06	-4.785125e-06	-9.778906e-10	-2.580329e+01	-1.073021e+02
6.380000e-06	-4.829537e-06	-9.854079e-10	-2.604277e+01	-1.081395e+02
6.390000e-06	-4.873744e-06	-9.928797e-10	-2.628116e+01	-1.089647e+02
6.400000e-06	-4.917640e-06	-1.000027e-09	-2.651786e+01	-1.097775e+02
6.410000e-06	-4.961196e-06	-1.005746e-09	-2.675274e+01	-1.105778e+02
6.420000e-06	-5.004479e-06	-1.010999e-09	-2.698614e+01	-1.113653e+02
6.430000e-06	-5.047412e-06	-1.017410e-09	-2.721764e+01	-1.121399e+02
6.440000e-06	-5.089990e-06	-1.024364e-09	-2.744724e+01	-1.129015e+02
6.450000e-06	-5.132230e-06	-1.031241e-09	-2.767502e+01	-1.136499e+02
6.460000e-06	-5.174138e-06	-1.037266e-09	-2.790100e+01	-1.143851e+02
6.470000e-06	-5.215661e-06	-1.043670e-09	-2.812491e+01	-1.151070e+02
6.480000e-06	-5.256773e-06	-1.051165e-09	-2.834660e+01	-1.158156e+02
6.490000e-06	-5.297503e-06	-1.057758e-09	-2.856624e+01	-1.165109e+02
6.500000e-06	-5.337891e-06	-1.063513e-09	-2.878402e+01	-1.171930e+02
6.510000e-06	-5.378074e-06	-1.069398e-09	-2.900071e+01	-1.178619e+02
6.520000e-06	-5.418001e-06	-1.074998e-09	-2.921601e+01	-1.185179e+02
6.530000e-06	-5.457603e-06	-1.079981e-09	-2.942956e+01	-1.191611e+02
6.540000e-06	-5.496754e-06	-1.084469e-09	-2.964068e+01	-1.197917e+02
6.550000e-06	-5.535288e-06	-1.089997e-09	-2.984847e+01	-1.204101e+02
6.560000e-06	-5.573236e-06	-1.096429e-09	-3.005310e+01	-1.210166e+02
6.570000e-06	-5.610572e-06	-1.101667e-09	-3.025443e+01	-1.216115e+02
6.580000e-06	-5.647415e-06	-1.106322e-09	-3.045310e+01	-1.221952e+02
6.590000e-06	-5.683953e-06	-1.111028e-09	-3.065013e+01	-1.227683e+02
6.600000e-06	-5.720100e-06	-1.115377e-09	-3.084505e+01	-1.233310e+02
6.610000e-06	-5.755890e-06	-1.119704e-09	-3.103804e+01	-1.238840e+02
6.620000e-06	-5.791367e-06	-1.123676e-09	-3.122935e+01	-1.244276e+02
6.630000e-06	-5.826422e-06	-1.127363e-09	-3.141838e+01	-1.249624e+02
6.640000e-06	-5.861055e-06	-1.131130e-09	-3.160513e+01	-1.254888e+02
6.650000e-06	-5.895298e-06	-1.135625e-09	-3.178978e+01	-1.260072e+02
6.660000e-06	-5.929174e-06	-1.140167e-09	-3.197246e+01	-1.265182e+02
6.670000e-06	-5.962678e-06	-1.144143e-09	-3.215312e+01	-1.270222e+02
6.680000e-06	-5.995654e-06	-1.147649e-09	-3.233094e+01	-1.275194e+02
6.690000e-06	-6.028208e-06	-1.150472e-09	-3.250649e+01	-1.280103e+02
6.700000e-06	-6.060590e-06	-1.154057e-09	-3.268110e+01	-1.284951e+02
6.710000e-06	-6.092731e-06	-1.158040e-09	-3.285442e+01	-1.289741e+02
6.720000e-06	-6.124343e-06	-1.161081e-09	-3.302488e+01	-1.294475e+02
6.730000e-06	-6.155270e-06	-1.164625e-09	-3.319166e+01	-1.299153e+02
6.740000e-06	-6.185588e-06	-1.168171e-09	-3.335514e+01	-1.303776e+02
6.750000e-06	-6.215249e-06	-1.170864e-09	-3.351508e+01	-1.308345e+02
6.760000e-06	-6.244285e-06	-1.174315e-09	-3.367166e+01	-1.312858e+02
6.770000e-06	-6.272929e-06	-1.177390e-09	-3.382612e+01	-1.317315e+02
6.780000e-06	-6.301242e-06	-1.179365e-09	-3.397879e+01	-1.321713e+02
6.790000e-06	-6.329167e-06	-1.182208e-09	-3.412938e+01	-1.326051e+02
6.800000e-06	-6.356737e-06	-1.184560e-09	-3.427804e+01	-1.330326e+02
6.810000e-06	-6.383891e-06	-1.186619e-09	-3.442447e+01	-1.334534e+02
6.820000e-06	-6.410530e-06	-1.189361e-09	-3.456812e+01	-1.338673e+02
6.830000e-06	-6.436779e-06	-1.192713e-09	-3.470966e+01	-1.342739e+02
6.840000e-06	-6.462617e-06	-1.196723e-09	-3.484899e+01	-1.346728e+02
6.850000e-06	-6.487962e-06	-1.199428e-09	-3.498566e+01	-1.350636e+02
6.860000e-06	-6.512817e-06	-1.201894e-09	-3.511969e+01	-1.354460e+02
6.870000e-06	-6.537263e-06	-1.204255e-09	-3.525151e+01	-1.358195e+02
6.880000e-06	-6.561460e-06	-1.206820e-09	-3.538199e+01	-1.361839e+02
6.890000e-06	-6.585399e-06	-1.210934e-09	-3.551108e+01	-1.365388e+02
6.900000e-06	-6.608849e-06	-1.214043e-09	-3.563753e+01	-1.368841e+02
6.910000e-06	-6.631542e-06	-1.215290e-09	-3.575990e+01	-1.372193e+02
6.920000e-06	-6.653433e-06	-1.216944e-09	-3.587795e+01	-1.375444e+02
6.930000e-06	-6.674572e-06	-1.219348e-09	-3.599194e+01	-1.378592e+02
6.940000e-06	-6.695188e-06	-1.221248e-09	-3.610311e+01	-1.381637e+02
6.950000e-06	-6.715479e-06	-1.222465e-09	-3.621252e+01	-1.384578e+02
6.960000e-06	-6.735515e-06	-1.223825e-09	-3.632056e+01	-1.387416e+02
6.970000e-06	-6.755271e-06	-1.226024e-09	-3.642710e+01	-1.390153e+02
6.980000e-06	-6.774484e-06	-1.229082e-09	-3.653070e+01	-1.392789e+02
6.990000e-06	-6.793094e-06	-1.231163e-09	-3.663105e+01	-1.395328e+02
7.000000e-06	-6.811266e-06	-1.232143e-09	-3.672905e+01	-1.397771e+02
7.010000e-06	-6.829025e-06	-1.233437e-09	-3.682481e+01	-1.400123e+02
7.020000e-06	-6.846308e-06	-1.235123e-09	-3.691801e+01	-1.402386e+02
7.030000e-06	-6.863139e-06	-1.236986e-09	-3.700877e+01	-1.404564e+02
7.040000e-06	-6.879616e-06	-1.238367e-09	-3.709761e+01	-1.406661e+02
7.050000e-06	-6.895757e-06	-1.238998e-09	-3.718465e+01	-1.408682e+02
7.060000e-06	-6.911404e-06	-1.239206e-09	-3.726903e+01	-1.410630e+02
7.070000e-06	-6.926470e-06	-1.239695e-09	-3.735027e+01	-1.412510e+02
7.080000e-06	-6.940717e-06	-1.241367e-09	-3.742710e+01	-1.414325e+02
7.090000e-06	-6.954208e-06	-1.242299e-09	-3.749985e+01	-1.416078e+02
7.100000e-06	-6.967219e-06	-1.242020e-09	-3.757000e+01	-1.417774e+02
7.110000e-06	-6.979628e-06	-1.243277e-09	-3.763692e+01	-1.419414e+02
7.120000e-06	-6.991362e-06	-1.246231e-09	-3.770019e+01	-1.421001e+02
7.130000e-06	-7.002476e-06	-1.248369e-09	-3.776012e+01	-1.422536e+02
7.140000e-06	-7.013148e-06	-1.248414e-09	-3.781767e+01	-1.424021e+02
7.150000e-06	-7.023462e-06	-1.247317e-09	-3.787329e+01	-1.425455e+02
7.160000e-06	-7.033208e-06	-1.246447e-09	-3.792585e+01	-1.426839e+02
7.170000e-06	-7.042307e-06	-1.246421e-09	-3.797491e+01	-1.428172e+02
7.180000e-06	-7.051026e-06	-1.247071e-09	-3.802193e+01	-1.429452e+02
7.190000e-06	-7.059502e-06	-1.247619e-09	-3.806763e+01	-1.430677e+02
7.200000e-06	-7.067625e-06	-1.247623e-09	-3.811143e+01	-1.431844e+02
7.210000e-06	-7.075299e-06	-1.248647e-09	-3.815282e+01	-1.432950e+02
7.220000e-06	-7.082378e-06	-1.249477e-09	-3.819099e+01	-1.433992e+02
7.230000e-06	-7.088684e-06	-1.248507e-09	-3.822499e+01	-1.434966e+02
7.240000e-06	-7.094219e-06	-1.247294e-09	-3.825484e+01	-1.435868e+02
7.250000e-06	-7.099131e-06	-1.246320e-09	-3.828133e+01	-1.436693e+02
7.260000e-06	-7.103641e-06	-1.245583e-09	-3.830565e+01	-1.437438e+02
7.270000e-06	-7.107747e-06	-1.244623e-09	-3.832779e+01	-1.438099e+02
7.280000e-06	-7.111545e-06	-1.243608e-09	-3.834827e+01	-1.438671e+02
7.290000e-06	-7.114985e-06	-1.243978e-09	-3.836682e+01	-1.439152e+02
7.300000e-06	-7.117785e-06	-1.244639e-09	-3.838192e+01	-1.439538e+02
7.310000e-06	-7.120012e-06	-1.244419e-09	-3.839392e+01	-1.439826e+02
7.320000e-06	-7.121846e-06	-1.243600e-09	-3.840381e+01	-1.440016e+02
7.330000e-06	-7.123285e-06	-1.242694e-09	-3.841158e+01	-1.440105e+02
7.340000e-06	-7.124193e-06	-1.241554e-09	-3.841647e+01	-1.440093e+02
