# Temperatura_=_20.0
# Concentracion g/m^3_=_7400.0
# C_Vs_to_Am_M_A/Vsm_=_116720831517.84952
# pendiente_HvsI_1/m_=_3716.3
# ordenada_HvsI_A/m_=_1297.0
# frecuencia_Hz_=_136108.67536285595

Tiempo_(s)	Campo_(V.s)	Magnetizacion_(V.s)	Campo_(kA/m)	Magnetizacion_(A/m)
0.000000e+00	-7.125898e-06	-1.522684e-09	-3.842351e+01	-1.756307e+02
1.000000e-08	-7.126175e-06	-1.521456e-09	-3.842500e+01	-1.756494e+02
2.000000e-08	-7.126075e-06	-1.520870e-09	-3.842446e+01	-1.756601e+02
3.000000e-08	-7.125444e-06	-1.520380e-09	-3.842106e+01	-1.756626e+02
4.000000e-08	-7.124033e-06	-1.519549e-09	-3.841346e+01	-1.756570e+02
5.000000e-08	-7.121784e-06	-1.518134e-09	-3.840133e+01	-1.756435e+02
6.000000e-08	-7.118940e-06	-1.516082e-09	-3.838599e+01	-1.756222e+02
7.000000e-08	-7.115631e-06	-1.511136e-09	-3.836815e+01	-1.755933e+02
8.000000e-08	-7.111875e-06	-1.513318e-09	-3.834790e+01	-1.755570e+02
9.000000e-08	-7.107490e-06	-1.532115e-09	-3.832425e+01	-1.755134e+02
1.000000e-07	-7.102452e-06	-1.531106e-09	-3.829709e+01	-1.754629e+02
1.100000e-07	-7.096899e-06	-1.477981e-09	-3.826714e+01	-1.754057e+02
1.200000e-07	-7.090827e-06	-1.466413e-09	-3.823440e+01	-1.753422e+02
1.300000e-07	-7.084249e-06	-1.539822e-09	-3.819893e+01	-1.752727e+02
1.400000e-07	-7.077305e-06	-1.566532e-09	-3.816149e+01	-1.751975e+02
1.500000e-07	-7.070015e-06	-1.471136e-09	-3.812218e+01	-1.751170e+02
1.600000e-07	-7.062440e-06	-1.437462e-09	-3.808134e+01	-1.750315e+02
1.700000e-07	-7.054534e-06	-1.553467e-09	-3.803871e+01	-1.749415e+02
1.800000e-07	-7.045865e-06	-1.574562e-09	-3.799197e+01	-1.748473e+02
1.900000e-07	-7.036466e-06	-1.437486e-09	-3.794129e+01	-1.747492e+02
2.000000e-07	-7.026483e-06	-1.412062e-09	-3.788746e+01	-1.746475e+02
2.100000e-07	-7.015999e-06	-1.557346e-09	-3.783092e+01	-1.745426e+02
2.200000e-07	-7.004908e-06	-1.572081e-09	-3.777112e+01	-1.744347e+02
2.300000e-07	-6.993282e-06	-1.436445e-09	-3.770844e+01	-1.743240e+02
2.400000e-07	-6.981118e-06	-1.436665e-09	-3.764284e+01	-1.742107e+02
2.500000e-07	-6.968228e-06	-1.545325e-09	-3.757334e+01	-1.740950e+02
2.600000e-07	-6.954700e-06	-1.512899e-09	-3.750040e+01	-1.739769e+02
2.700000e-07	-6.940634e-06	-1.430240e-09	-3.742455e+01	-1.738565e+02
2.800000e-07	-6.925875e-06	-1.482349e-09	-3.734497e+01	-1.737337e+02
2.900000e-07	-6.910360e-06	-1.521483e-09	-3.726131e+01	-1.736084e+02
3.000000e-07	-6.894425e-06	-1.454279e-09	-3.717539e+01	-1.734806e+02
3.100000e-07	-6.877963e-06	-1.456080e-09	-3.708662e+01	-1.733500e+02
3.200000e-07	-6.860951e-06	-1.519871e-09	-3.699489e+01	-1.732165e+02
3.300000e-07	-6.843661e-06	-1.465591e-09	-3.690166e+01	-1.730796e+02
3.400000e-07	-6.825959e-06	-1.409059e-09	-3.680621e+01	-1.729391e+02
3.500000e-07	-6.807730e-06	-1.492180e-09	-3.670792e+01	-1.727947e+02
3.600000e-07	-6.789029e-06	-1.521383e-09	-3.660708e+01	-1.726458e+02
3.700000e-07	-6.769806e-06	-1.421141e-09	-3.650343e+01	-1.724922e+02
3.800000e-07	-6.750241e-06	-1.417398e-09	-3.639793e+01	-1.723334e+02
3.900000e-07	-6.730233e-06	-1.501536e-09	-3.629005e+01	-1.721688e+02
4.000000e-07	-6.709624e-06	-1.467173e-09	-3.617892e+01	-1.719982e+02
4.100000e-07	-6.688566e-06	-1.405337e-09	-3.606538e+01	-1.718210e+02
4.200000e-07	-6.667261e-06	-1.456055e-09	-3.595050e+01	-1.716369e+02
4.300000e-07	-6.645487e-06	-1.475116e-09	-3.583309e+01	-1.714454e+02
4.400000e-07	-6.623093e-06	-1.418975e-09	-3.571234e+01	-1.712462e+02
4.500000e-07	-6.600173e-06	-1.431592e-09	-3.558875e+01	-1.710389e+02
4.600000e-07	-6.576896e-06	-1.465730e-09	-3.546324e+01	-1.708234e+02
4.700000e-07	-6.553416e-06	-1.419509e-09	-3.533664e+01	-1.705993e+02
4.800000e-07	-6.529653e-06	-1.404008e-09	-3.520850e+01	-1.703664e+02
4.900000e-07	-6.505381e-06	-1.452158e-09	-3.507762e+01	-1.701247e+02
5.000000e-07	-6.480522e-06	-1.438094e-09	-3.494359e+01	-1.698742e+02
5.100000e-07	-6.454929e-06	-1.395034e-09	-3.480558e+01	-1.696147e+02
5.200000e-07	-6.428514e-06	-1.419742e-09	-3.466315e+01	-1.693464e+02
5.300000e-07	-6.401564e-06	-1.434063e-09	-3.451783e+01	-1.690694e+02
5.400000e-07	-6.374171e-06	-1.397985e-09	-3.437013e+01	-1.687839e+02
5.500000e-07	-6.346376e-06	-1.398054e-09	-3.422025e+01	-1.684901e+02
5.600000e-07	-6.318268e-06	-1.420751e-09	-3.406869e+01	-1.681882e+02
5.700000e-07	-6.289779e-06	-1.401787e-09	-3.391508e+01	-1.678785e+02
5.800000e-07	-6.260855e-06	-1.388124e-09	-3.375912e+01	-1.675615e+02
5.900000e-07	-6.231524e-06	-1.404212e-09	-3.360096e+01	-1.672374e+02
6.000000e-07	-6.201801e-06	-1.395845e-09	-3.344069e+01	-1.669067e+02
6.100000e-07	-6.171655e-06	-1.375884e-09	-3.327814e+01	-1.665697e+02
6.200000e-07	-6.140935e-06	-1.383494e-09	-3.311250e+01	-1.662267e+02
6.300000e-07	-6.109804e-06	-1.388303e-09	-3.294464e+01	-1.658782e+02
6.400000e-07	-6.078427e-06	-1.373816e-09	-3.277545e+01	-1.655245e+02
6.500000e-07	-6.046766e-06	-1.370971e-09	-3.260473e+01	-1.651659e+02
6.600000e-07	-6.014766e-06	-1.375174e-09	-3.243218e+01	-1.648027e+02
6.700000e-07	-5.982370e-06	-1.365763e-09	-3.225750e+01	-1.644350e+02
6.800000e-07	-5.949347e-06	-1.356836e-09	-3.207944e+01	-1.640631e+02
6.900000e-07	-5.915504e-06	-1.358704e-09	-3.189695e+01	-1.636872e+02
7.000000e-07	-5.881056e-06	-1.355098e-09	-3.171120e+01	-1.633071e+02
7.100000e-07	-5.846107e-06	-1.346186e-09	-3.152276e+01	-1.629230e+02
7.200000e-07	-5.810716e-06	-1.343052e-09	-3.133193e+01	-1.625348e+02
7.300000e-07	-5.775034e-06	-1.342672e-09	-3.113953e+01	-1.621423e+02
7.400000e-07	-5.739060e-06	-1.337652e-09	-3.094555e+01	-1.617454e+02
7.500000e-07	-5.702808e-06	-1.332861e-09	-3.075007e+01	-1.613437e+02
7.600000e-07	-5.666191e-06	-1.329935e-09	-3.055263e+01	-1.609370e+02
7.700000e-07	-5.629115e-06	-1.325920e-09	-3.035272e+01	-1.605249e+02
7.800000e-07	-5.591556e-06	-1.321309e-09	-3.015019e+01	-1.601070e+02
7.900000e-07	-5.553534e-06	-1.316880e-09	-2.994518e+01	-1.596829e+02
8.000000e-07	-5.515068e-06	-1.310903e-09	-2.973777e+01	-1.592520e+02
8.100000e-07	-5.476337e-06	-1.303847e-09	-2.952892e+01	-1.588139e+02
8.200000e-07	-5.437315e-06	-1.298616e-09	-2.931851e+01	-1.583680e+02
8.300000e-07	-5.397948e-06	-1.295616e-09	-2.910624e+01	-1.579139e+02
8.400000e-07	-5.358385e-06	-1.292996e-09	-2.889291e+01	-1.574510e+02
8.500000e-07	-5.318609e-06	-1.288722e-09	-2.867844e+01	-1.569789e+02
8.600000e-07	-5.278436e-06	-1.284296e-09	-2.846182e+01	-1.564971e+02
8.700000e-07	-5.237742e-06	-1.280431e-09	-2.824239e+01	-1.560052e+02
8.800000e-07	-5.196663e-06	-1.275981e-09	-2.802089e+01	-1.555028e+02
8.900000e-07	-5.155062e-06	-1.268587e-09	-2.779658e+01	-1.549895e+02
9.000000e-07	-5.112704e-06	-1.260849e-09	-2.756818e+01	-1.544651e+02
9.100000e-07	-5.069717e-06	-1.256451e-09	-2.733639e+01	-1.539294e+02
9.200000e-07	-5.026363e-06	-1.253640e-09	-2.710262e+01	-1.533822e+02
9.300000e-07	-4.982819e-06	-1.248768e-09	-2.686783e+01	-1.528234e+02
9.400000e-07	-4.939091e-06	-1.242517e-09	-2.663204e+01	-1.522530e+02
9.500000e-07	-4.895030e-06	-1.236043e-09	-2.639446e+01	-1.516709e+02
9.600000e-07	-4.850609e-06	-1.230717e-09	-2.615494e+01	-1.510773e+02
9.700000e-07	-4.805755e-06	-1.226576e-09	-2.591308e+01	-1.504723e+02
9.800000e-07	-4.760536e-06	-1.221972e-09	-2.566926e+01	-1.498560e+02
9.900000e-07	-4.714945e-06	-1.215554e-09	-2.542343e+01	-1.492287e+02
1.000000e-06	-4.669004e-06	-1.208916e-09	-2.517571e+01	-1.485907e+02
1.010000e-06	-4.622929e-06	-1.203583e-09	-2.492727e+01	-1.479421e+02
1.020000e-06	-4.576597e-06	-1.199025e-09	-2.467744e+01	-1.472833e+02
1.030000e-06	-4.529751e-06	-1.193297e-09	-2.442484e+01	-1.466145e+02
1.040000e-06	-4.482568e-06	-1.186087e-09	-2.417043e+01	-1.459361e+02
1.050000e-06	-4.435246e-06	-1.180408e-09	-2.391526e+01	-1.452483e+02
1.060000e-06	-4.387746e-06	-1.175672e-09	-2.365914e+01	-1.445512e+02
1.070000e-06	-4.340045e-06	-1.170316e-09	-2.340193e+01	-1.438452e+02
1.080000e-06	-4.292003e-06	-1.164237e-09	-2.314288e+01	-1.431303e+02
1.090000e-06	-4.243550e-06	-1.156383e-09	-2.288162e+01	-1.424067e+02
1.100000e-06	-4.194610e-06	-1.148942e-09	-2.261773e+01	-1.416744e+02
1.110000e-06	-4.145005e-06	-1.143787e-09	-2.235026e+01	-1.409333e+02
1.120000e-06	-4.094960e-06	-1.138254e-09	-2.208041e+01	-1.401834e+02
1.130000e-06	-4.044556e-06	-1.131119e-09	-2.180862e+01	-1.394244e+02
1.140000e-06	-3.993649e-06	-1.123408e-09	-2.153413e+01	-1.386562e+02
1.150000e-06	-3.942450e-06	-1.116313e-09	-2.125806e+01	-1.378784e+02
1.160000e-06	-3.891132e-06	-1.110259e-09	-2.098135e+01	-1.370907e+02
1.170000e-06	-3.839560e-06	-1.104406e-09	-2.070327e+01	-1.362926e+02
1.180000e-06	-3.787705e-06	-1.097808e-09	-2.042366e+01	-1.354836e+02
1.190000e-06	-3.735496e-06	-1.090463e-09	-2.014215e+01	-1.346632e+02
1.200000e-06	-3.682845e-06	-1.083283e-09	-1.985824e+01	-1.338308e+02
1.210000e-06	-3.629902e-06	-1.076652e-09	-1.957277e+01	-1.329858e+02
1.220000e-06	-3.576716e-06	-1.068853e-09	-1.928599e+01	-1.321275e+02
1.230000e-06	-3.523349e-06	-1.060527e-09	-1.899823e+01	-1.312553e+02
1.240000e-06	-3.469768e-06	-1.052390e-09	-1.870932e+01	-1.303685e+02
1.250000e-06	-3.415976e-06	-1.045858e-09	-1.841926e+01	-1.294666e+02
1.260000e-06	-3.362013e-06	-1.040603e-09	-1.812829e+01	-1.285489e+02
1.270000e-06	-3.307729e-06	-1.032217e-09	-1.783558e+01	-1.276149e+02
1.280000e-06	-3.253067e-06	-1.022018e-09	-1.754084e+01	-1.266641e+02
1.290000e-06	-3.198170e-06	-1.013617e-09	-1.724483e+01	-1.256960e+02
1.300000e-06	-3.143073e-06	-1.005696e-09	-1.694775e+01	-1.247102e+02
1.310000e-06	-3.087822e-06	-9.966137e-10	-1.664982e+01	-1.237064e+02
1.320000e-06	-3.032456e-06	-9.880690e-10	-1.635129e+01	-1.226845e+02
1.330000e-06	-2.976922e-06	-9.801566e-10	-1.605184e+01	-1.216442e+02
1.340000e-06	-2.921231e-06	-9.706179e-10	-1.575155e+01	-1.205855e+02
1.350000e-06	-2.865486e-06	-9.609363e-10	-1.545097e+01	-1.195084e+02
1.360000e-06	-2.809673e-06	-9.527732e-10	-1.515002e+01	-1.184131e+02
1.370000e-06	-2.753741e-06	-9.444310e-10	-1.484843e+01	-1.172997e+02
1.380000e-06	-2.697689e-06	-9.355572e-10	-1.454619e+01	-1.161685e+02
1.390000e-06	-2.641467e-06	-9.268104e-10	-1.424304e+01	-1.150197e+02
1.400000e-06	-2.584946e-06	-9.179401e-10	-1.393827e+01	-1.138539e+02
1.410000e-06	-2.528106e-06	-9.075244e-10	-1.363178e+01	-1.126712e+02
1.420000e-06	-2.471070e-06	-8.964216e-10	-1.332424e+01	-1.114723e+02
1.430000e-06	-2.413698e-06	-8.861983e-10	-1.301489e+01	-1.102574e+02
1.440000e-06	-2.355959e-06	-8.766032e-10	-1.270355e+01	-1.090271e+02
1.450000e-06	-2.297746e-06	-8.669094e-10	-1.238966e+01	-1.077816e+02
1.460000e-06	-2.239237e-06	-8.560498e-10	-1.207418e+01	-1.065214e+02
1.470000e-06	-2.180570e-06	-8.440251e-10	-1.175784e+01	-1.052468e+02
1.480000e-06	-2.121708e-06	-8.316791e-10	-1.144045e+01	-1.039578e+02
1.490000e-06	-2.062814e-06	-8.202079e-10	-1.112289e+01	-1.026547e+02
1.500000e-06	-2.003727e-06	-8.100574e-10	-1.080428e+01	-1.013374e+02
1.510000e-06	-1.944382e-06	-7.994446e-10	-1.048429e+01	-1.000058e+02
1.520000e-06	-1.884892e-06	-7.883982e-10	-1.016351e+01	-9.865959e+01
1.530000e-06	-1.825323e-06	-7.783251e-10	-9.842310e+00	-9.729834e+01
1.540000e-06	-1.765590e-06	-7.674299e-10	-9.520230e+00	-9.592148e+01
1.550000e-06	-1.705850e-06	-7.544149e-10	-9.198105e+00	-9.452825e+01
1.560000e-06	-1.646206e-06	-7.410268e-10	-8.876496e+00	-9.311775e+01
1.570000e-06	-1.586589e-06	-7.289884e-10	-8.555037e+00	-9.168889e+01
1.580000e-06	-1.526871e-06	-7.181018e-10	-8.233031e+00	-9.024044e+01
1.590000e-06	-1.466959e-06	-7.067106e-10	-7.909980e+00	-8.877100e+01
1.600000e-06	-1.406989e-06	-6.941431e-10	-7.586615e+00	-8.727904e+01
1.610000e-06	-1.346893e-06	-6.812490e-10	-7.262571e+00	-8.576290e+01
1.620000e-06	-1.286732e-06	-6.683640e-10	-6.938180e+00	-8.422078e+01
1.630000e-06	-1.226577e-06	-6.553973e-10	-6.613821e+00	-8.265081e+01
1.640000e-06	-1.166222e-06	-6.421516e-10	-6.288379e+00	-8.105104e+01
1.650000e-06	-1.105727e-06	-6.289210e-10	-5.962186e+00	-7.941945e+01
1.660000e-06	-1.045228e-06	-6.160032e-10	-5.635970e+00	-7.775401e+01
1.670000e-06	-9.846609e-07	-6.034757e-10	-5.309384e+00	-7.605270e+01
1.680000e-06	-9.240242e-07	-5.903682e-10	-4.982425e+00	-7.431351e+01
1.690000e-06	-8.634195e-07	-5.753383e-10	-4.655639e+00	-7.253448e+01
1.700000e-06	-8.027679e-07	-5.607973e-10	-4.328600e+00	-7.071377e+01
1.710000e-06	-7.419977e-07	-5.479348e-10	-4.000921e+00	-6.884963e+01
1.720000e-06	-6.811332e-07	-5.337391e-10	-3.672734e+00	-6.694045e+01
1.730000e-06	-6.202020e-07	-5.188633e-10	-3.344188e+00	-6.498483e+01
1.740000e-06	-5.592725e-07	-5.042181e-10	-3.015650e+00	-6.298152e+01
1.750000e-06	-4.982126e-07	-4.886976e-10	-2.686409e+00	-6.092954e+01
1.760000e-06	-4.371107e-07	-4.720726e-10	-2.356942e+00	-5.882812e+01
1.770000e-06	-3.760563e-07	-4.539427e-10	-2.027731e+00	-5.667677e+01
1.780000e-06	-3.149463e-07	-4.353643e-10	-1.698220e+00	-5.447529e+01
1.790000e-06	-2.538243e-07	-4.174818e-10	-1.368645e+00	-5.222376e+01
1.800000e-06	-1.927203e-07	-3.991604e-10	-1.039166e+00	-4.992259e+01
1.810000e-06	-1.315833e-07	-3.794853e-10	-7.095093e-01	-4.757246e+01
1.820000e-06	-7.043109e-08	-3.597899e-10	-3.797710e-01	-4.517442e+01
1.830000e-06	-9.238231e-09	-3.396772e-10	-4.981341e-02	-4.272978e+01
1.840000e-06	5.196705e-08	-3.185828e-10	2.802112e-01	-4.024020e+01
1.850000e-06	1.131208e-07	-2.978812e-10	6.099581e-01	-3.770762e+01
1.860000e-06	1.743132e-07	-2.778937e-10	9.399129e-01	-3.513428e+01
1.870000e-06	2.354059e-07	-2.576512e-10	1.269330e+00	-3.252267e+01
1.880000e-06	2.964046e-07	-2.355686e-10	1.598241e+00	-2.987555e+01
1.890000e-06	3.574572e-07	-2.122644e-10	1.927443e+00	-2.719591e+01
1.900000e-06	4.185276e-07	-1.900512e-10	2.256740e+00	-2.448695e+01
1.910000e-06	4.795597e-07	-1.673136e-10	2.585831e+00	-2.175203e+01
1.920000e-06	5.405562e-07	-1.438935e-10	2.914730e+00	-1.899468e+01
1.930000e-06	6.015292e-07	-1.220328e-10	3.243502e+00	-1.621853e+01
1.940000e-06	6.624440e-07	-1.003083e-10	3.571960e+00	-1.342732e+01
1.950000e-06	7.232796e-07	-7.667985e-11	3.899991e+00	-1.062481e+01
1.960000e-06	7.840743e-07	-5.218401e-11	4.227802e+00	-7.814810e+00
1.970000e-06	8.448160e-07	-2.856029e-11	4.555327e+00	-5.001109e+00
1.980000e-06	9.054894e-07	-6.349178e-12	4.882484e+00	-2.187449e+00
1.990000e-06	9.660796e-07	1.554817e-11	5.209192e+00	6.224977e-01
2.000000e-06	1.026552e-06	3.826005e-11	5.535266e+00	3.425167e+00
2.010000e-06	1.087025e-06	6.064759e-11	5.861340e+00	6.217125e+00
2.020000e-06	1.147471e-06	8.309831e-11	6.187271e+00	8.995095e+00
2.030000e-06	1.207786e-06	1.065542e-10	6.512497e+00	1.175598e+01
2.040000e-06	1.268034e-06	1.292384e-10	6.837356e+00	1.449689e+01
2.050000e-06	1.328228e-06	1.509222e-10	7.161932e+00	1.721514e+01
2.060000e-06	1.388283e-06	1.727887e-10	7.485753e+00	1.990829e+01
2.070000e-06	1.448246e-06	1.942830e-10	7.809080e+00	2.257414e+01
2.080000e-06	1.508130e-06	2.140696e-10	8.131978e+00	2.521075e+01
2.090000e-06	1.567905e-06	2.331874e-10	8.454288e+00	2.781641e+01
2.100000e-06	1.627659e-06	2.539249e-10	8.776489e+00	3.038969e+01
2.110000e-06	1.687329e-06	2.757595e-10	9.098234e+00	3.292941e+01
2.120000e-06	1.746844e-06	2.970560e-10	9.419148e+00	3.543465e+01
2.130000e-06	1.806360e-06	3.176742e-10	9.740062e+00	3.790471e+01
2.140000e-06	1.865781e-06	3.374285e-10	1.006047e+01	4.033915e+01
2.150000e-06	1.925063e-06	3.552391e-10	1.038012e+01	4.273772e+01
2.160000e-06	1.984381e-06	3.721997e-10	1.069997e+01	4.510039e+01
2.170000e-06	2.043599e-06	3.891786e-10	1.101928e+01	4.742734e+01
2.180000e-06	2.102608e-06	4.066295e-10	1.133746e+01	4.971888e+01
2.190000e-06	2.161410e-06	4.252482e-10	1.165453e+01	5.197549e+01
2.200000e-06	2.220015e-06	4.443930e-10	1.197053e+01	5.419778e+01
2.210000e-06	2.278219e-06	4.629376e-10	1.228437e+01	5.638647e+01
2.220000e-06	2.335907e-06	4.802556e-10	1.259543e+01	5.854237e+01
2.230000e-06	2.393543e-06	4.955534e-10	1.290621e+01	6.066635e+01
2.240000e-06	2.451094e-06	5.104499e-10	1.321653e+01	6.275934e+01
2.250000e-06	2.508391e-06	5.271603e-10	1.352548e+01	6.482227e+01
2.260000e-06	2.565438e-06	5.446442e-10	1.383308e+01	6.685612e+01
2.270000e-06	2.622232e-06	5.613708e-10	1.413932e+01	6.886182e+01
2.280000e-06	2.678760e-06	5.768294e-10	1.444412e+01	7.084030e+01
2.290000e-06	2.734923e-06	5.911893e-10	1.474696e+01	7.279245e+01
2.300000e-06	2.790909e-06	6.055888e-10	1.504884e+01	7.471910e+01
2.310000e-06	2.846763e-06	6.206628e-10	1.535001e+01	7.662102e+01
2.320000e-06	2.902434e-06	6.356494e-10	1.565019e+01	7.849892e+01
2.330000e-06	2.957882e-06	6.518825e-10	1.594918e+01	8.035340e+01
2.340000e-06	3.013116e-06	6.682481e-10	1.624700e+01	8.218502e+01
2.350000e-06	3.068200e-06	6.827872e-10	1.654402e+01	8.399423e+01
2.360000e-06	3.123260e-06	6.954946e-10	1.684091e+01	8.578138e+01
2.370000e-06	3.178238e-06	7.061193e-10	1.713736e+01	8.754677e+01
2.380000e-06	3.232830e-06	7.167840e-10	1.743172e+01	8.929058e+01
2.390000e-06	3.287063e-06	7.303581e-10	1.772415e+01	9.101293e+01
2.400000e-06	3.341168e-06	7.464332e-10	1.801589e+01	9.271387e+01
2.410000e-06	3.395088e-06	7.626360e-10	1.830663e+01	9.439335e+01
2.420000e-06	3.448732e-06	7.777510e-10	1.859589e+01	9.605130e+01
2.430000e-06	3.502167e-06	7.911091e-10	1.888401e+01	9.768757e+01
2.440000e-06	3.555444e-06	8.036163e-10	1.917129e+01	9.930198e+01
2.450000e-06	3.608440e-06	8.159959e-10	1.945705e+01	1.008943e+02
2.460000e-06	3.661196e-06	8.274033e-10	1.974151e+01	1.024643e+02
2.470000e-06	3.713631e-06	8.390224e-10	2.002425e+01	1.040117e+02
2.480000e-06	3.765608e-06	8.506800e-10	2.030451e+01	1.055362e+02
2.490000e-06	3.817211e-06	8.621980e-10	2.058276e+01	1.070376e+02
2.500000e-06	3.868607e-06	8.741758e-10	2.085989e+01	1.085156e+02
2.510000e-06	3.919745e-06	8.858981e-10	2.113563e+01	1.099700e+02
2.520000e-06	3.970452e-06	8.970734e-10	2.140905e+01	1.114005e+02
2.530000e-06	4.020888e-06	9.081050e-10	2.168101e+01	1.128070e+02
2.540000e-06	4.071070e-06	9.200411e-10	2.195159e+01	1.141893e+02
2.550000e-06	4.120696e-06	9.311174e-10	2.221918e+01	1.155474e+02
2.560000e-06	4.169741e-06	9.408498e-10	2.248364e+01	1.168811e+02
2.570000e-06	4.218534e-06	9.496675e-10	2.274673e+01	1.181904e+02
2.580000e-06	4.266930e-06	9.583394e-10	2.300769e+01	1.194754e+02
2.590000e-06	4.314815e-06	9.687267e-10	2.326589e+01	1.207362e+02
2.600000e-06	4.362439e-06	9.799836e-10	2.352268e+01	1.219729e+02
2.610000e-06	4.409803e-06	9.904968e-10	2.377807e+01	1.231856e+02
2.620000e-06	4.456972e-06	9.997578e-10	2.403241e+01	1.243746e+02
2.630000e-06	4.503866e-06	1.008443e-09	2.428527e+01	1.255401e+02
2.640000e-06	4.550437e-06	1.017036e-09	2.453639e+01	1.266825e+02
2.650000e-06	4.596849e-06	1.025626e-09	2.478664e+01	1.278021e+02
2.660000e-06	4.642770e-06	1.034066e-09	2.503425e+01	1.288991e+02
2.670000e-06	4.688174e-06	1.040462e-09	2.527908e+01	1.299741e+02
2.680000e-06	4.733344e-06	1.046778e-09	2.552263e+01	1.310275e+02
2.690000e-06	4.778310e-06	1.056154e-09	2.576510e+01	1.320596e+02
2.700000e-06	4.822970e-06	1.065640e-09	2.600591e+01	1.330709e+02
2.710000e-06	4.867305e-06	1.073075e-09	2.624497e+01	1.340619e+02
2.720000e-06	4.911348e-06	1.081152e-09	2.648245e+01	1.350330e+02
2.730000e-06	4.955128e-06	1.090967e-09	2.671851e+01	1.359846e+02
2.740000e-06	4.998685e-06	1.100051e-09	2.695338e+01	1.369173e+02
2.750000e-06	5.042041e-06	1.107645e-09	2.718716e+01	1.378314e+02
2.760000e-06	5.085042e-06	1.113949e-09	2.741902e+01	1.387274e+02
2.770000e-06	5.127548e-06	1.119267e-09	2.764822e+01	1.396058e+02
2.780000e-06	5.169551e-06	1.126117e-09	2.787471e+01	1.404669e+02
2.790000e-06	5.210972e-06	1.135184e-09	2.809805e+01	1.413111e+02
2.800000e-06	5.251815e-06	1.143794e-09	2.831828e+01	1.421390e+02
2.810000e-06	5.292234e-06	1.151252e-09	2.853622e+01	1.429507e+02
2.820000e-06	5.332208e-06	1.157703e-09	2.875176e+01	1.437468e+02
2.830000e-06	5.371841e-06	1.163917e-09	2.896547e+01	1.445275e+02
2.840000e-06	5.411277e-06	1.170623e-09	2.917811e+01	1.452933e+02
2.850000e-06	5.450504e-06	1.177078e-09	2.938963e+01	1.460445e+02
2.860000e-06	5.489388e-06	1.182806e-09	2.959929e+01	1.467813e+02
2.870000e-06	5.527859e-06	1.187683e-09	2.980673e+01	1.475042e+02
2.880000e-06	5.566008e-06	1.193962e-09	3.001244e+01	1.482134e+02
2.890000e-06	5.603704e-06	1.202257e-09	3.021570e+01	1.489094e+02
2.900000e-06	5.640975e-06	1.209564e-09	3.041667e+01	1.495923e+02
2.910000e-06	5.677822e-06	1.214806e-09	3.061535e+01	1.502626e+02
2.920000e-06	5.714267e-06	1.220173e-09	3.081187e+01	1.509205e+02
2.930000e-06	5.750322e-06	1.227570e-09	3.100627e+01	1.515664e+02
2.940000e-06	5.786113e-06	1.235407e-09	3.119926e+01	1.522006e+02
2.950000e-06	5.821718e-06	1.240392e-09	3.139125e+01	1.528235e+02
2.960000e-06	5.856919e-06	1.243772e-09	3.158105e+01	1.534353e+02
2.970000e-06	5.891593e-06	1.248887e-09	3.176802e+01	1.540364e+02
2.980000e-06	5.925795e-06	1.255364e-09	3.195244e+01	1.546272e+02
2.990000e-06	5.959470e-06	1.261683e-09	3.213402e+01	1.552079e+02
3.000000e-06	5.992486e-06	1.266593e-09	3.231204e+01	1.557789e+02
3.010000e-06	6.024827e-06	1.271039e-09	3.248643e+01	1.563405e+02
3.020000e-06	6.056694e-06	1.276362e-09	3.265826e+01	1.568930e+02
3.030000e-06	6.088231e-06	1.283406e-09	3.282831e+01	1.574367e+02
3.040000e-06	6.119494e-06	1.290928e-09	3.299689e+01	1.579720e+02
3.050000e-06	6.150400e-06	1.295750e-09	3.316354e+01	1.584990e+02
3.060000e-06	6.180813e-06	1.300326e-09	3.332753e+01	1.590180e+02
3.070000e-06	6.210848e-06	1.306520e-09	3.348948e+01	1.595293e+02
3.080000e-06	6.240404e-06	1.311863e-09	3.364884e+01	1.600331e+02
3.090000e-06	6.269526e-06	1.316840e-09	3.380587e+01	1.605296e+02
3.100000e-06	6.298189e-06	1.322220e-09	3.396043e+01	1.610189e+02
3.110000e-06	6.326388e-06	1.327032e-09	3.411248e+01	1.615011e+02
3.120000e-06	6.354308e-06	1.331418e-09	3.426303e+01	1.619764e+02
3.130000e-06	6.381979e-06	1.336434e-09	3.441223e+01	1.624448e+02
3.140000e-06	6.409364e-06	1.341512e-09	3.455989e+01	1.629064e+02
3.150000e-06	6.436269e-06	1.344819e-09	3.470497e+01	1.633612e+02
3.160000e-06	6.462677e-06	1.348267e-09	3.484736e+01	1.638092e+02
3.170000e-06	6.488395e-06	1.353885e-09	3.498603e+01	1.642503e+02
3.180000e-06	6.513225e-06	1.359866e-09	3.511992e+01	1.646844e+02
3.190000e-06	6.537386e-06	1.364045e-09	3.525020e+01	1.651115e+02
3.200000e-06	6.561127e-06	1.366798e-09	3.537821e+01	1.655314e+02
3.210000e-06	6.584517e-06	1.370531e-09	3.550433e+01	1.659441e+02
3.220000e-06	6.607459e-06	1.375076e-09	3.562804e+01	1.663492e+02
3.230000e-06	6.629899e-06	1.379908e-09	3.574904e+01	1.667468e+02
3.240000e-06	6.651813e-06	1.384676e-09	3.586720e+01	1.671366e+02
3.250000e-06	6.673322e-06	1.387918e-09	3.598318e+01	1.675184e+02
3.260000e-06	6.694568e-06	1.390698e-09	3.609774e+01	1.678920e+02
3.270000e-06	6.715410e-06	1.395443e-09	3.621012e+01	1.682573e+02
3.280000e-06	6.735731e-06	1.400596e-09	3.631970e+01	1.686142e+02
3.290000e-06	6.755589e-06	1.403709e-09	3.642677e+01	1.689624e+02
3.300000e-06	6.775049e-06	1.406562e-09	3.653170e+01	1.693018e+02
3.310000e-06	6.794104e-06	1.410533e-09	3.663444e+01	1.696323e+02
3.320000e-06	6.812743e-06	1.414500e-09	3.673495e+01	1.699537e+02
3.330000e-06	6.830907e-06	1.416792e-09	3.683289e+01	1.702661e+02
3.340000e-06	6.848480e-06	1.417495e-09	3.692765e+01	1.705692e+02
3.350000e-06	6.865631e-06	1.419734e-09	3.702013e+01	1.708631e+02
3.360000e-06	6.882372e-06	1.423475e-09	3.711039e+01	1.711478e+02
3.370000e-06	6.898546e-06	1.426530e-09	3.719761e+01	1.714232e+02
3.380000e-06	6.914156e-06	1.430397e-09	3.728178e+01	1.716894e+02
3.390000e-06	6.929114e-06	1.433932e-09	3.736244e+01	1.719465e+02
3.400000e-06	6.943511e-06	1.436697e-09	3.744006e+01	1.721944e+02
3.410000e-06	6.957370e-06	1.441248e-09	3.751479e+01	1.724333e+02
3.420000e-06	6.970601e-06	1.445913e-09	3.758613e+01	1.726633e+02
3.430000e-06	6.983370e-06	1.448072e-09	3.765499e+01	1.728845e+02
3.440000e-06	6.995764e-06	1.449184e-09	3.772182e+01	1.730970e+02
3.450000e-06	7.007619e-06	1.452437e-09	3.778574e+01	1.733009e+02
3.460000e-06	7.019077e-06	1.457155e-09	3.784752e+01	1.734964e+02
3.470000e-06	7.030087e-06	1.460192e-09	3.790689e+01	1.736836e+02
3.480000e-06	7.040295e-06	1.460793e-09	3.796193e+01	1.738625e+02
3.490000e-06	7.049654e-06	1.460562e-09	3.801240e+01	1.740335e+02
3.500000e-06	7.058306e-06	1.462340e-09	3.805905e+01	1.741964e+02
3.510000e-06	7.066447e-06	1.467181e-09	3.810295e+01	1.743515e+02
3.520000e-06	7.074163e-06	1.472152e-09	3.814455e+01	1.744988e+02
3.530000e-06	7.081459e-06	1.473814e-09	3.818389e+01	1.746383e+02
3.540000e-06	7.088297e-06	1.474500e-09	3.822076e+01	1.747702e+02
3.550000e-06	7.094754e-06	1.477993e-09	3.825558e+01	1.748944e+02
3.560000e-06	7.100710e-06	1.481575e-09	3.828769e+01	1.750110e+02
3.570000e-06	7.106035e-06	1.483759e-09	3.831641e+01	1.751199e+02
3.580000e-06	7.110867e-06	1.485263e-09	3.834246e+01	1.752211e+02
3.590000e-06	7.115244e-06	1.486560e-09	3.836606e+01	1.753146e+02
3.600000e-06	7.119224e-06	1.489628e-09	3.838752e+01	1.754003e+02
3.610000e-06	7.122844e-06	1.494354e-09	3.840704e+01	1.754782e+02
3.620000e-06	7.126070e-06	1.497675e-09	3.842444e+01	1.755482e+02
3.630000e-06	7.128778e-06	1.498344e-09	3.843904e+01	1.756103e+02
3.640000e-06	7.130839e-06	1.498550e-09	3.845015e+01	1.756643e+02
3.650000e-06	7.132112e-06	1.498906e-09	3.845702e+01	1.757102e+02
3.660000e-06	7.132665e-06	1.500230e-09	3.846000e+01	1.757481e+02
3.670000e-06	7.132649e-06	1.502234e-09	3.845991e+01	1.757777e+02
3.680000e-06	7.132245e-06	1.503530e-09	3.845774e+01	1.757992e+02
3.690000e-06	7.131407e-06	1.504204e-09	3.845322e+01	1.758126e+02
3.700000e-06	7.129990e-06	1.505978e-09	3.844557e+01	1.758178e+02
3.710000e-06	7.128223e-06	1.508096e-09	3.843605e+01	1.758149e+02
3.720000e-06	7.126088e-06	1.508503e-09	3.842453e+01	1.758041e+02
3.730000e-06	7.123442e-06	1.511354e-09	3.841027e+01	1.757854e+02
3.740000e-06	7.120312e-06	1.518989e-09	3.839339e+01	1.757591e+02
3.750000e-06	7.116727e-06	1.505546e-09	3.837406e+01	1.757252e+02
3.760000e-06	7.112566e-06	1.473102e-09	3.835162e+01	1.756840e+02
3.770000e-06	7.107827e-06	1.507696e-09	3.832607e+01	1.756358e+02
3.780000e-06	7.102301e-06	1.574349e-09	3.829627e+01	1.755808e+02
3.790000e-06	7.096233e-06	1.536169e-09	3.826355e+01	1.755194e+02
3.800000e-06	7.089995e-06	1.438669e-09	3.822992e+01	1.754519e+02
3.810000e-06	7.083325e-06	1.470091e-09	3.819395e+01	1.753786e+02
3.820000e-06	7.076009e-06	1.589070e-09	3.815451e+01	1.752998e+02
3.830000e-06	7.068074e-06	1.545175e-09	3.811172e+01	1.752160e+02
3.840000e-06	7.059692e-06	1.405837e-09	3.806652e+01	1.751275e+02
3.850000e-06	7.050876e-06	1.467697e-09	3.801899e+01	1.750347e+02
3.860000e-06	7.041516e-06	1.630730e-09	3.796851e+01	1.749379e+02
3.870000e-06	7.031704e-06	1.560538e-09	3.791561e+01	1.748374e+02
3.880000e-06	7.021481e-06	1.379653e-09	3.786048e+01	1.747335e+02
3.890000e-06	7.010809e-06	1.459154e-09	3.780294e+01	1.746266e+02
3.900000e-06	6.999529e-06	1.633849e-09	3.774212e+01	1.745168e+02
3.910000e-06	6.987665e-06	1.537060e-09	3.767814e+01	1.744044e+02
3.920000e-06	6.975153e-06	1.389437e-09	3.761068e+01	1.742895e+02
3.930000e-06	6.961959e-06	1.514036e-09	3.753954e+01	1.741723e+02
3.940000e-06	6.948147e-06	1.623671e-09	3.746506e+01	1.740526e+02
3.950000e-06	6.933736e-06	1.474969e-09	3.738736e+01	1.739306e+02
3.960000e-06	6.918726e-06	1.411948e-09	3.730642e+01	1.738062e+02
3.970000e-06	6.903087e-06	1.562767e-09	3.722209e+01	1.736793e+02
3.980000e-06	6.886983e-06	1.562127e-09	3.713526e+01	1.735497e+02
3.990000e-06	6.870464e-06	1.422584e-09	3.704619e+01	1.734172e+02
4.000000e-06	6.853443e-06	1.490146e-09	3.695441e+01	1.732815e+02
4.010000e-06	6.835879e-06	1.599358e-09	3.685970e+01	1.731423e+02
4.020000e-06	6.817944e-06	1.476651e-09	3.676299e+01	1.729992e+02
4.030000e-06	6.799562e-06	1.412255e-09	3.666388e+01	1.728519e+02
4.040000e-06	6.780529e-06	1.559444e-09	3.656125e+01	1.726999e+02
4.050000e-06	6.761093e-06	1.566943e-09	3.645645e+01	1.725429e+02
4.060000e-06	6.741472e-06	1.430781e-09	3.635065e+01	1.723803e+02
4.070000e-06	6.721449e-06	1.479451e-09	3.624269e+01	1.722118e+02
4.080000e-06	6.701122e-06	1.574146e-09	3.613308e+01	1.720369e+02
4.090000e-06	6.680364e-06	1.481781e-09	3.602115e+01	1.718552e+02
4.100000e-06	6.658746e-06	1.442410e-09	3.590458e+01	1.716662e+02
4.110000e-06	6.636294e-06	1.540657e-09	3.578352e+01	1.714696e+02
4.120000e-06	6.613246e-06	1.521421e-09	3.565924e+01	1.712651e+02
4.130000e-06	6.589583e-06	1.444618e-09	3.553165e+01	1.710523e+02
4.140000e-06	6.565463e-06	1.506645e-09	3.540159e+01	1.708311e+02
4.150000e-06	6.541071e-06	1.539791e-09	3.527007e+01	1.706012e+02
4.160000e-06	6.516342e-06	1.460451e-09	3.513673e+01	1.703625e+02
4.170000e-06	6.491237e-06	1.465736e-09	3.500136e+01	1.701150e+02
4.180000e-06	6.465735e-06	1.525351e-09	3.486385e+01	1.698585e+02
4.190000e-06	6.439698e-06	1.486369e-09	3.472346e+01	1.695931e+02
4.200000e-06	6.413033e-06	1.458828e-09	3.457967e+01	1.693191e+02
4.210000e-06	6.385848e-06	1.505565e-09	3.443309e+01	1.690364e+02
4.220000e-06	6.358251e-06	1.497551e-09	3.428429e+01	1.687453e+02
4.230000e-06	6.330314e-06	1.457445e-09	3.413365e+01	1.684461e+02
4.240000e-06	6.302101e-06	1.482480e-09	3.398152e+01	1.681390e+02
4.250000e-06	6.273643e-06	1.498713e-09	3.382807e+01	1.678244e+02
4.260000e-06	6.244774e-06	1.464729e-09	3.367241e+01	1.675027e+02
4.270000e-06	6.215293e-06	1.465160e-09	3.351345e+01	1.671742e+02
4.280000e-06	6.185086e-06	1.488587e-09	3.335057e+01	1.668392e+02
4.290000e-06	6.154135e-06	1.473313e-09	3.318367e+01	1.664982e+02
4.300000e-06	6.122562e-06	1.456660e-09	3.301343e+01	1.661515e+02
4.310000e-06	6.090584e-06	1.468649e-09	3.284100e+01	1.657996e+02
4.320000e-06	6.058232e-06	1.468234e-09	3.266656e+01	1.654426e+02
4.330000e-06	6.025538e-06	1.454182e-09	3.249026e+01	1.650809e+02
4.340000e-06	5.992398e-06	1.457357e-09	3.231157e+01	1.647147e+02
4.350000e-06	5.958771e-06	1.462985e-09	3.213025e+01	1.643442e+02
4.360000e-06	5.924730e-06	1.451954e-09	3.194670e+01	1.639696e+02
4.370000e-06	5.890377e-06	1.445727e-09	3.176147e+01	1.635910e+02
4.380000e-06	5.855683e-06	1.451061e-09	3.157439e+01	1.632083e+02
4.390000e-06	5.820548e-06	1.448594e-09	3.138494e+01	1.628215e+02
4.400000e-06	5.785033e-06	1.440738e-09	3.119344e+01	1.624304e+02
4.410000e-06	5.749161e-06	1.441603e-09	3.100002e+01	1.620350e+02
4.420000e-06	5.713035e-06	1.444236e-09	3.080522e+01	1.616350e+02
4.430000e-06	5.676661e-06	1.439890e-09	3.060909e+01	1.612300e+02
4.440000e-06	5.639918e-06	1.433178e-09	3.041097e+01	1.608198e+02
4.450000e-06	5.602641e-06	1.430422e-09	3.020996e+01	1.604039e+02
4.460000e-06	5.564796e-06	1.429731e-09	3.000590e+01	1.599819e+02
4.470000e-06	5.526325e-06	1.426351e-09	2.979846e+01	1.595533e+02
4.480000e-06	5.487136e-06	1.421542e-09	2.958715e+01	1.591177e+02
4.490000e-06	5.447408e-06	1.418853e-09	2.937293e+01	1.586745e+02
4.500000e-06	5.407460e-06	1.414780e-09	2.915753e+01	1.582232e+02
4.510000e-06	5.367267e-06	1.408605e-09	2.894081e+01	1.577633e+02
4.520000e-06	5.326797e-06	1.406352e-09	2.872259e+01	1.572944e+02
4.530000e-06	5.285981e-06	1.405176e-09	2.850250e+01	1.568159e+02
4.540000e-06	5.244850e-06	1.399991e-09	2.828072e+01	1.563274e+02
4.550000e-06	5.203426e-06	1.395523e-09	2.805736e+01	1.558286e+02
4.560000e-06	5.161515e-06	1.393844e-09	2.783137e+01	1.553190e+02
4.570000e-06	5.119206e-06	1.389600e-09	2.760324e+01	1.547984e+02
4.580000e-06	5.076516e-06	1.382478e-09	2.737305e+01	1.542665e+02
4.590000e-06	5.033431e-06	1.374801e-09	2.714073e+01	1.537231e+02
4.600000e-06	4.990019e-06	1.369552e-09	2.690665e+01	1.531682e+02
4.610000e-06	4.946293e-06	1.367760e-09	2.667087e+01	1.526017e+02
4.620000e-06	4.902255e-06	1.366416e-09	2.643342e+01	1.520235e+02
4.630000e-06	4.857976e-06	1.363123e-09	2.619466e+01	1.514338e+02
4.640000e-06	4.813417e-06	1.357294e-09	2.595439e+01	1.508325e+02
4.650000e-06	4.768554e-06	1.349955e-09	2.571249e+01	1.502200e+02
4.660000e-06	4.723449e-06	1.343287e-09	2.546928e+01	1.495964e+02
4.670000e-06	4.678034e-06	1.336955e-09	2.522440e+01	1.489620e+02
4.680000e-06	4.632267e-06	1.330262e-09	2.497762e+01	1.483169e+02
4.690000e-06	4.586153e-06	1.323574e-09	2.472897e+01	1.476615e+02
4.700000e-06	4.539667e-06	1.318667e-09	2.447831e+01	1.469960e+02
4.710000e-06	4.492899e-06	1.315535e-09	2.422613e+01	1.463208e+02
4.720000e-06	4.445931e-06	1.312251e-09	2.397288e+01	1.456361e+02
4.730000e-06	4.398633e-06	1.306080e-09	2.371784e+01	1.449421e+02
4.740000e-06	4.350836e-06	1.297335e-09	2.346011e+01	1.442391e+02
4.750000e-06	4.302655e-06	1.291012e-09	2.320032e+01	1.435272e+02
4.760000e-06	4.254208e-06	1.287056e-09	2.293909e+01	1.428065e+02
4.770000e-06	4.205435e-06	1.281212e-09	2.267610e+01	1.420771e+02
4.780000e-06	4.156220e-06	1.274003e-09	2.241073e+01	1.413390e+02
4.790000e-06	4.106657e-06	1.268694e-09	2.214348e+01	1.405920e+02
4.800000e-06	4.056836e-06	1.264296e-09	2.187484e+01	1.398361e+02
4.810000e-06	4.006654e-06	1.258593e-09	2.160426e+01	1.390711e+02
4.820000e-06	3.956110e-06	1.251806e-09	2.133172e+01	1.382965e+02
4.830000e-06	3.905295e-06	1.244342e-09	2.105772e+01	1.375122e+02
4.840000e-06	3.854202e-06	1.236943e-09	2.078222e+01	1.367176e+02
4.850000e-06	3.802789e-06	1.230582e-09	2.050499e+01	1.359124e+02
4.860000e-06	3.751035e-06	1.223830e-09	2.022593e+01	1.350959e+02
4.870000e-06	3.699032e-06	1.215948e-09	1.994553e+01	1.342676e+02
4.880000e-06	3.646889e-06	1.208167e-09	1.966437e+01	1.334268e+02
4.890000e-06	3.594605e-06	1.202206e-09	1.938245e+01	1.325730e+02
4.900000e-06	3.542033e-06	1.197089e-09	1.909898e+01	1.317056e+02
4.910000e-06	3.489059e-06	1.190561e-09	1.881333e+01	1.308238e+02
4.920000e-06	3.435737e-06	1.182258e-09	1.852582e+01	1.299270e+02
4.930000e-06	3.382115e-06	1.173293e-09	1.823668e+01	1.290147e+02
4.940000e-06	3.328093e-06	1.164843e-09	1.794539e+01	1.280862e+02
4.950000e-06	3.273666e-06	1.156559e-09	1.765192e+01	1.271410e+02
4.960000e-06	3.218850e-06	1.147007e-09	1.735634e+01	1.261787e+02
4.970000e-06	3.163734e-06	1.137040e-09	1.705915e+01	1.251989e+02
4.980000e-06	3.108288e-06	1.128079e-09	1.676018e+01	1.242012e+02
4.990000e-06	3.052441e-06	1.119696e-09	1.645905e+01	1.231853e+02
5.000000e-06	2.996430e-06	1.111221e-09	1.615703e+01	1.221512e+02
5.010000e-06	2.940272e-06	1.101422e-09	1.585422e+01	1.210986e+02
5.020000e-06	2.883975e-06	1.090723e-09	1.555067e+01	1.200277e+02
5.030000e-06	2.827548e-06	1.081127e-09	1.524640e+01	1.189385e+02
5.040000e-06	2.771014e-06	1.072990e-09	1.494157e+01	1.178311e+02
5.050000e-06	2.714323e-06	1.064786e-09	1.463589e+01	1.167058e+02
5.060000e-06	2.657460e-06	1.055484e-09	1.432928e+01	1.155629e+02
5.070000e-06	2.600348e-06	1.044269e-09	1.402132e+01	1.144027e+02
5.080000e-06	2.542993e-06	1.032468e-09	1.371205e+01	1.132256e+02
5.090000e-06	2.485442e-06	1.022207e-09	1.340174e+01	1.120321e+02
5.100000e-06	2.427747e-06	1.011941e-09	1.309064e+01	1.108225e+02
5.110000e-06	2.370018e-06	1.000009e-09	1.277936e+01	1.095973e+02
5.120000e-06	2.312084e-06	9.876096e-10	1.246698e+01	1.083569e+02
5.130000e-06	2.253973e-06	9.763184e-10	1.215364e+01	1.071016e+02
5.140000e-06	2.195796e-06	9.656323e-10	1.183994e+01	1.058318e+02
5.150000e-06	2.137445e-06	9.537801e-10	1.152530e+01	1.045476e+02
5.160000e-06	2.078826e-06	9.415483e-10	1.120923e+01	1.032492e+02
5.170000e-06	2.020154e-06	9.287696e-10	1.089286e+01	1.019367e+02
5.180000e-06	1.961383e-06	9.163869e-10	1.057596e+01	1.006099e+02
5.190000e-06	1.902313e-06	9.053393e-10	1.025745e+01	9.926861e+01
5.200000e-06	1.843100e-06	8.938041e-10	9.938169e+00	9.791245e+01
5.210000e-06	1.783824e-06	8.814090e-10	9.618547e+00	9.654089e+01
5.220000e-06	1.724382e-06	8.683420e-10	9.298029e+00	9.515323e+01
5.230000e-06	1.664818e-06	8.555611e-10	8.976856e+00	9.374862e+01
5.240000e-06	1.605136e-06	8.429170e-10	8.655045e+00	9.232603e+01
5.250000e-06	1.545296e-06	8.285847e-10	8.332379e+00	9.088428e+01
5.260000e-06	1.485400e-06	8.134373e-10	8.009417e+00	8.942203e+01
5.270000e-06	1.425421e-06	8.001072e-10	7.686004e+00	8.793778e+01
5.280000e-06	1.365355e-06	7.872283e-10	7.362120e+00	8.642991e+01
5.290000e-06	1.305170e-06	7.726963e-10	7.037600e+00	8.489668e+01
5.300000e-06	1.244906e-06	7.567785e-10	6.712650e+00	8.333623e+01
5.310000e-06	1.184703e-06	7.405893e-10	6.388027e+00	8.174664e+01
5.320000e-06	1.124502e-06	7.248264e-10	6.063423e+00	8.012590e+01
5.330000e-06	1.064196e-06	7.101456e-10	5.738244e+00	7.847200e+01
5.340000e-06	1.003935e-06	6.968701e-10	5.413312e+00	7.678289e+01
5.350000e-06	9.437153e-07	6.822144e-10	5.088601e+00	7.505657e+01
5.360000e-06	8.834379e-07	6.646074e-10	4.763580e+00	7.329106e+01
5.370000e-06	8.230309e-07	6.470516e-10	4.437860e+00	7.148446e+01
5.380000e-06	7.624664e-07	6.303267e-10	4.111290e+00	6.963500e+01
5.390000e-06	7.019046e-07	6.129424e-10	3.784735e+00	6.774103e+01
5.400000e-06	6.413325e-07	5.941421e-10	3.458125e+00	6.580106e+01
5.410000e-06	5.807158e-07	5.749249e-10	3.131274e+00	6.381380e+01
5.420000e-06	5.200861e-07	5.569109e-10	2.804353e+00	6.177816e+01
5.430000e-06	4.594423e-07	5.391155e-10	2.477356e+00	5.969331e+01
5.440000e-06	3.988152e-07	5.204507e-10	2.150449e+00	5.755866e+01
5.450000e-06	3.381460e-07	4.996050e-10	1.823315e+00	5.537392e+01
5.460000e-06	2.773938e-07	4.777706e-10	1.495734e+00	5.313907e+01
5.470000e-06	2.166833e-07	4.572966e-10	1.168377e+00	5.085440e+01
5.480000e-06	1.559966e-07	4.374134e-10	8.411484e-01	4.852052e+01
5.490000e-06	9.522643e-08	4.168218e-10	5.134698e-01	4.613834e+01
5.500000e-06	3.441867e-08	3.946506e-10	1.855887e-01	4.370909e+01
5.510000e-06	-2.630733e-08	3.708501e-10	-1.418516e-01	4.123431e+01
5.520000e-06	-8.697315e-08	3.470901e-10	-4.689674e-01	3.871586e+01
5.530000e-06	-1.477080e-07	3.248086e-10	-7.964553e-01	3.615586e+01
5.540000e-06	-2.085162e-07	3.025599e-10	-1.124339e+00	3.355673e+01
5.550000e-06	-2.691860e-07	2.798829e-10	-1.451476e+00	3.092115e+01
5.560000e-06	-3.296985e-07	2.567134e-10	-1.777765e+00	2.825203e+01
5.570000e-06	-3.902815e-07	2.326347e-10	-2.104435e+00	2.555250e+01
5.580000e-06	-4.509740e-07	2.077000e-10	-2.431694e+00	2.282588e+01
5.590000e-06	-5.116348e-07	1.817557e-10	-2.758783e+00	2.007563e+01
5.600000e-06	-5.721902e-07	1.565172e-10	-3.085303e+00	1.730536e+01
5.610000e-06	-6.326160e-07	1.314541e-10	-3.411125e+00	1.451877e+01
5.620000e-06	-6.929774e-07	1.065846e-10	-3.736599e+00	1.171963e+01
5.630000e-06	-7.534278e-07	8.265953e-11	-4.062553e+00	8.911724e+00
5.640000e-06	-8.138467e-07	5.773966e-11	-4.388338e+00	6.098861e+00
5.650000e-06	-8.742096e-07	3.149499e-11	-4.713820e+00	3.284799e+00
5.660000e-06	-9.345958e-07	5.516552e-12	-5.039428e+00	4.732356e-01
5.670000e-06	-9.950195e-07	-1.899768e-11	-5.365238e+00	-2.332225e+00
5.680000e-06	-1.055415e-06	-4.217760e-11	-5.690899e+00	-5.128103e+00
5.690000e-06	-1.115614e-06	-6.502102e-11	-6.015496e+00	-7.911065e+00
5.700000e-06	-1.175729e-06	-8.926323e-11	-6.339642e+00	-1.067795e+01
5.710000e-06	-1.235836e-06	-1.142761e-10	-6.663743e+00	-1.342581e+01
5.720000e-06	-1.295889e-06	-1.387287e-10	-6.987552e+00	-1.615187e+01
5.730000e-06	-1.355828e-06	-1.626049e-10	-7.310750e+00	-1.885362e+01
5.740000e-06	-1.415703e-06	-1.854303e-10	-7.633604e+00	-2.152878e+01
5.750000e-06	-1.475567e-06	-2.086724e-10	-7.956397e+00	-2.417531e+01
5.760000e-06	-1.535365e-06	-2.329526e-10	-8.278835e+00	-2.679143e+01
5.770000e-06	-1.595029e-06	-2.563548e-10	-8.600546e+00	-2.937563e+01
5.780000e-06	-1.654625e-06	-2.800286e-10	-8.921895e+00	-3.192663e+01
5.790000e-06	-1.714105e-06	-3.049841e-10	-9.242615e+00	-3.444343e+01
5.800000e-06	-1.773357e-06	-3.294565e-10	-9.562110e+00	-3.692526e+01
5.810000e-06	-1.832418e-06	-3.522113e-10	-9.880569e+00	-3.937158e+01
5.820000e-06	-1.891422e-06	-3.730489e-10	-1.019872e+01	-4.178209e+01
5.830000e-06	-1.950434e-06	-3.932662e-10	-1.051693e+01	-4.415670e+01
5.840000e-06	-2.009279e-06	-4.150521e-10	-1.083422e+01	-4.649551e+01
5.850000e-06	-2.067887e-06	-4.382256e-10	-1.115024e+01	-4.879878e+01
5.860000e-06	-2.126329e-06	-4.600497e-10	-1.146536e+01	-5.106695e+01
5.870000e-06	-2.184534e-06	-4.793229e-10	-1.177921e+01	-5.330058e+01
5.880000e-06	-2.242502e-06	-4.996360e-10	-1.209178e+01	-5.550036e+01
5.890000e-06	-2.300464e-06	-5.210909e-10	-1.240432e+01	-5.766708e+01
5.900000e-06	-2.358257e-06	-5.419742e-10	-1.271594e+01	-5.980158e+01
5.910000e-06	-2.415651e-06	-5.624879e-10	-1.302542e+01	-6.190476e+01
5.920000e-06	-2.472924e-06	-5.815069e-10	-1.333424e+01	-6.397758e+01
5.930000e-06	-2.530261e-06	-6.005022e-10	-1.364341e+01	-6.602100e+01
5.940000e-06	-2.587364e-06	-6.207391e-10	-1.395131e+01	-6.803595e+01
5.950000e-06	-2.644190e-06	-6.416619e-10	-1.425772e+01	-7.002338e+01
5.960000e-06	-2.700869e-06	-6.607191e-10	-1.456334e+01	-7.198419e+01
5.970000e-06	-2.757334e-06	-6.779986e-10	-1.486780e+01	-7.391923e+01
5.980000e-06	-2.813588e-06	-6.956092e-10	-1.517113e+01	-7.582929e+01
5.990000e-06	-2.869713e-06	-7.138367e-10	-1.547376e+01	-7.771510e+01
6.000000e-06	-2.925741e-06	-7.307041e-10	-1.577587e+01	-7.957730e+01
6.010000e-06	-2.981654e-06	-7.448822e-10	-1.607736e+01	-8.141646e+01
6.020000e-06	-3.037363e-06	-7.588835e-10	-1.637775e+01	-8.323307e+01
6.030000e-06	-3.092925e-06	-7.752324e-10	-1.667734e+01	-8.502752e+01
6.040000e-06	-3.148331e-06	-7.934311e-10	-1.697609e+01	-8.680011e+01
6.050000e-06	-3.203476e-06	-8.103752e-10	-1.727344e+01	-8.855107e+01
6.060000e-06	-3.258197e-06	-8.249081e-10	-1.756850e+01	-9.028055e+01
6.070000e-06	-3.312425e-06	-8.392519e-10	-1.786091e+01	-9.198860e+01
6.080000e-06	-3.366294e-06	-8.554435e-10	-1.815137e+01	-9.367522e+01
6.090000e-06	-3.419786e-06	-8.724795e-10	-1.843981e+01	-9.534033e+01
6.100000e-06	-3.472959e-06	-8.888264e-10	-1.872652e+01	-9.698383e+01
6.110000e-06	-3.525809e-06	-9.037547e-10	-1.901149e+01	-9.860552e+01
6.120000e-06	-3.578271e-06	-9.174943e-10	-1.929437e+01	-1.002052e+02
6.130000e-06	-3.630551e-06	-9.313895e-10	-1.957627e+01	-1.017826e+02
6.140000e-06	-3.682665e-06	-9.460188e-10	-1.985728e+01	-1.033376e+02
6.150000e-06	-3.734525e-06	-9.607484e-10	-2.013691e+01	-1.048697e+02
6.160000e-06	-3.786129e-06	-9.752355e-10	-2.041516e+01	-1.063788e+02
6.170000e-06	-3.837388e-06	-9.902171e-10	-2.069156e+01	-1.078646e+02
6.180000e-06	-3.888290e-06	-1.003817e-09	-2.096602e+01	-1.093269e+02
6.190000e-06	-3.938669e-06	-1.015170e-09	-2.123767e+01	-1.107654e+02
6.200000e-06	-3.988620e-06	-1.026348e-09	-2.150701e+01	-1.121799e+02
6.210000e-06	-4.038391e-06	-1.038093e-09	-2.177538e+01	-1.135702e+02
6.220000e-06	-4.087978e-06	-1.050665e-09	-2.204276e+01	-1.149364e+02
6.230000e-06	-4.136994e-06	-1.063547e-09	-2.230706e+01	-1.162782e+02
6.240000e-06	-4.185417e-06	-1.075548e-09	-2.256816e+01	-1.175956e+02
6.250000e-06	-4.233674e-06	-1.086850e-09	-2.282837e+01	-1.188887e+02
6.260000e-06	-4.281721e-06	-1.097878e-09	-2.308744e+01	-1.201575e+02
6.270000e-06	-4.329258e-06	-1.108722e-09	-2.334377e+01	-1.214022e+02
6.280000e-06	-4.376346e-06	-1.119878e-09	-2.359767e+01	-1.226228e+02
6.290000e-06	-4.423337e-06	-1.130989e-09	-2.385105e+01	-1.238197e+02
6.300000e-06	-4.470149e-06	-1.142124e-09	-2.410347e+01	-1.249930e+02
6.310000e-06	-4.516615e-06	-1.153422e-09	-2.435401e+01	-1.261430e+02
6.320000e-06	-4.562815e-06	-1.163246e-09	-2.460313e+01	-1.272701e+02
6.330000e-06	-4.608787e-06	-1.171975e-09	-2.485101e+01	-1.283746e+02
6.340000e-06	-4.654435e-06	-1.181130e-09	-2.509715e+01	-1.294569e+02
6.350000e-06	-4.699691e-06	-1.190458e-09	-2.534117e+01	-1.305174e+02
6.360000e-06	-4.744575e-06	-1.200588e-09	-2.558320e+01	-1.315566e+02
6.370000e-06	-4.789115e-06	-1.210520e-09	-2.582336e+01	-1.325747e+02
6.380000e-06	-4.833364e-06	-1.218366e-09	-2.606195e+01	-1.335724e+02
6.390000e-06	-4.877404e-06	-1.225416e-09	-2.629942e+01	-1.345500e+02
6.400000e-06	-4.921223e-06	-1.232771e-09	-2.653570e+01	-1.355081e+02
6.410000e-06	-4.964803e-06	-1.241140e-09	-2.677068e+01	-1.364470e+02
6.420000e-06	-5.008098e-06	-1.251053e-09	-2.700414e+01	-1.373672e+02
6.430000e-06	-5.050980e-06	-1.260600e-09	-2.723536e+01	-1.382692e+02
6.440000e-06	-5.093523e-06	-1.269126e-09	-2.746475e+01	-1.391534e+02
6.450000e-06	-5.135725e-06	-1.276648e-09	-2.769231e+01	-1.400202e+02
6.460000e-06	-5.177544e-06	-1.283501e-09	-2.791780e+01	-1.408700e+02
6.470000e-06	-5.219063e-06	-1.291148e-09	-2.814168e+01	-1.417032e+02
6.480000e-06	-5.260157e-06	-1.297741e-09	-2.836326e+01	-1.425203e+02
6.490000e-06	-5.300903e-06	-1.303639e-09	-2.858297e+01	-1.433215e+02
6.500000e-06	-5.341391e-06	-1.311146e-09	-2.880128e+01	-1.441073e+02
6.510000e-06	-5.381639e-06	-1.319050e-09	-2.901830e+01	-1.448780e+02
6.520000e-06	-5.421600e-06	-1.325969e-09	-2.923378e+01	-1.456340e+02
6.530000e-06	-5.461131e-06	-1.330630e-09	-2.944693e+01	-1.463755e+02
6.540000e-06	-5.500305e-06	-1.333642e-09	-2.965816e+01	-1.471030e+02
6.550000e-06	-5.539014e-06	-1.339009e-09	-2.986688e+01	-1.478167e+02
6.560000e-06	-5.577129e-06	-1.347413e-09	-3.007240e+01	-1.485170e+02
6.570000e-06	-5.614614e-06	-1.355364e-09	-3.027453e+01	-1.492042e+02
6.580000e-06	-5.651494e-06	-1.361491e-09	-3.047338e+01	-1.498787e+02
6.590000e-06	-5.687950e-06	-1.366853e-09	-3.066996e+01	-1.505407e+02
6.600000e-06	-5.724133e-06	-1.372129e-09	-3.086506e+01	-1.511905e+02
6.610000e-06	-5.760000e-06	-1.376838e-09	-3.105846e+01	-1.518286e+02
6.620000e-06	-5.795557e-06	-1.380525e-09	-3.125019e+01	-1.524552e+02
6.630000e-06	-5.830683e-06	-1.384634e-09	-3.143959e+01	-1.530706e+02
6.640000e-06	-5.865333e-06	-1.389378e-09	-3.162642e+01	-1.536752e+02
6.650000e-06	-5.899601e-06	-1.394206e-09	-3.181120e+01	-1.542694e+02
6.660000e-06	-5.933456e-06	-1.399011e-09	-3.199375e+01	-1.548534e+02
6.670000e-06	-5.966933e-06	-1.402349e-09	-3.217426e+01	-1.554275e+02
6.680000e-06	-5.999924e-06	-1.404580e-09	-3.235215e+01	-1.559922e+02
6.690000e-06	-6.032219e-06	-1.408127e-09	-3.252629e+01	-1.565477e+02
6.700000e-06	-6.064200e-06	-1.414318e-09	-3.269874e+01	-1.570943e+02
6.710000e-06	-6.096090e-06	-1.420900e-09	-3.287069e+01	-1.576323e+02
6.720000e-06	-6.127580e-06	-1.425304e-09	-3.304049e+01	-1.581620e+02
6.730000e-06	-6.158542e-06	-1.428616e-09	-3.320744e+01	-1.586837e+02
6.740000e-06	-6.188785e-06	-1.432466e-09	-3.337051e+01	-1.591975e+02
6.750000e-06	-6.218349e-06	-1.436555e-09	-3.352992e+01	-1.597038e+02
6.760000e-06	-6.247380e-06	-1.440303e-09	-3.368646e+01	-1.602026e+02
6.770000e-06	-6.275936e-06	-1.443136e-09	-3.384043e+01	-1.606943e+02
6.780000e-06	-6.304151e-06	-1.444566e-09	-3.399257e+01	-1.611788e+02
6.790000e-06	-6.332118e-06	-1.447199e-09	-3.414338e+01	-1.616564e+02
6.800000e-06	-6.359629e-06	-1.449908e-09	-3.429172e+01	-1.621271e+02
6.810000e-06	-6.386658e-06	-1.451045e-09	-3.443746e+01	-1.625909e+02
6.820000e-06	-6.413292e-06	-1.452363e-09	-3.458107e+01	-1.630480e+02
6.830000e-06	-6.439473e-06	-1.455337e-09	-3.472224e+01	-1.634982e+02
6.840000e-06	-6.465201e-06	-1.461150e-09	-3.486097e+01	-1.639416e+02
6.850000e-06	-6.490468e-06	-1.465561e-09	-3.499721e+01	-1.643780e+02
6.860000e-06	-6.515313e-06	-1.466775e-09	-3.513118e+01	-1.648074e+02
6.870000e-06	-6.539754e-06	-1.467302e-09	-3.526297e+01	-1.652297e+02
6.880000e-06	-6.563913e-06	-1.468871e-09	-3.539324e+01	-1.656448e+02
6.890000e-06	-6.587832e-06	-1.473431e-09	-3.552221e+01	-1.660524e+02
6.900000e-06	-6.611308e-06	-1.479095e-09	-3.564879e+01	-1.664525e+02
6.910000e-06	-6.634038e-06	-1.482714e-09	-3.577135e+01	-1.668449e+02
6.920000e-06	-6.656024e-06	-1.484237e-09	-3.588991e+01	-1.672293e+02
6.930000e-06	-6.677302e-06	-1.485212e-09	-3.600464e+01	-1.676057e+02
6.940000e-06	-6.697910e-06	-1.486938e-09	-3.611576e+01	-1.679738e+02
6.950000e-06	-6.718137e-06	-1.489563e-09	-3.622483e+01	-1.683335e+02
6.960000e-06	-6.738089e-06	-1.492043e-09	-3.633241e+01	-1.686845e+02
6.970000e-06	-6.757613e-06	-1.494500e-09	-3.643768e+01	-1.690269e+02
6.980000e-06	-6.776755e-06	-1.497431e-09	-3.654090e+01	-1.693603e+02
6.990000e-06	-6.795517e-06	-1.499579e-09	-3.664207e+01	-1.696848e+02
7.000000e-06	-6.813675e-06	-1.501199e-09	-3.673997e+01	-1.700001e+02
7.010000e-06	-6.831236e-06	-1.502297e-09	-3.683466e+01	-1.703063e+02
7.020000e-06	-6.848429e-06	-1.503265e-09	-3.692737e+01	-1.706033e+02
7.030000e-06	-6.865328e-06	-1.505905e-09	-3.701849e+01	-1.708910e+02
7.040000e-06	-6.881874e-06	-1.508375e-09	-3.710771e+01	-1.711695e+02
7.050000e-06	-6.897964e-06	-1.509784e-09	-3.719447e+01	-1.714388e+02
7.060000e-06	-6.913525e-06	-1.511500e-09	-3.727838e+01	-1.716989e+02
7.070000e-06	-6.928508e-06	-1.513275e-09	-3.735916e+01	-1.719498e+02
7.080000e-06	-6.942688e-06	-1.514284e-09	-3.743563e+01	-1.721917e+02
7.090000e-06	-6.955958e-06	-1.515453e-09	-3.750718e+01	-1.724246e+02
7.100000e-06	-6.968516e-06	-1.517062e-09	-3.757489e+01	-1.726487e+02
7.110000e-06	-6.980609e-06	-1.518595e-09	-3.764010e+01	-1.728640e+02
7.120000e-06	-6.992349e-06	-1.520325e-09	-3.770340e+01	-1.730708e+02
7.130000e-06	-7.003635e-06	-1.521861e-09	-3.776426e+01	-1.732690e+02
7.140000e-06	-7.014343e-06	-1.522653e-09	-3.782200e+01	-1.734589e+02
7.150000e-06	-7.024489e-06	-1.522287e-09	-3.787671e+01	-1.736406e+02
7.160000e-06	-7.034179e-06	-1.522953e-09	-3.792896e+01	-1.738142e+02
7.170000e-06	-7.043507e-06	-1.524545e-09	-3.797925e+01	-1.739798e+02
7.180000e-06	-7.052383e-06	-1.525425e-09	-3.802711e+01	-1.741374e+02
7.190000e-06	-7.060890e-06	-1.526073e-09	-3.807298e+01	-1.742873e+02
7.200000e-06	-7.068981e-06	-1.525946e-09	-3.811661e+01	-1.744294e+02
7.210000e-06	-7.076553e-06	-1.525687e-09	-3.815744e+01	-1.745638e+02
7.220000e-06	-7.083583e-06	-1.525032e-09	-3.819534e+01	-1.746905e+02
7.230000e-06	-7.090013e-06	-1.523485e-09	-3.823002e+01	-1.748096e+02
7.240000e-06	-7.095637e-06	-1.523335e-09	-3.826034e+01	-1.749210e+02
7.250000e-06	-7.100553e-06	-1.524050e-09	-3.828685e+01	-1.750248e+02
7.260000e-06	-7.105142e-06	-1.524411e-09	-3.831159e+01	-1.751209e+02
7.270000e-06	-7.109352e-06	-1.524852e-09	-3.833429e+01	-1.752091e+02
7.280000e-06	-7.113071e-06	-1.525647e-09	-3.835435e+01	-1.752896e+02
7.290000e-06	-7.116315e-06	-1.525351e-09	-3.837184e+01	-1.753623e+02
7.300000e-06	-7.119161e-06	-1.524003e-09	-3.838719e+01	-1.754269e+02
7.310000e-06	-7.121500e-06	-1.523165e-09	-3.839980e+01	-1.754836e+02
7.320000e-06	-7.123366e-06	-1.522617e-09	-3.840986e+01	-1.755322e+02
7.330000e-06	-7.124688e-06	-1.522796e-09	-3.841699e+01	-1.755728e+02
7.340000e-06	-7.125428e-06	-1.523318e-09	-3.842098e+01	-1.756051e+02
