# Temperatura_=_20.0
# Concentracion g/m^3_=_7400.0
# C_Vs_to_Am_M_A/Vsm_=_116720831517.84952
# pendiente_HvsI_1/m_=_3716.3
# ordenada_HvsI_A/m_=_1297.0
# frecuencia_Hz_=_136119.0208786124

Tiempo_(s)	Campo_(V.s)	Magnetizacion_(V.s)	Campo_(kA/m)	Magnetizacion_(A/m)
0.000000e+00	-7.091542e-06	-1.229444e-09	-3.842633e+01	-1.419408e+02
1.000000e-08	-7.091747e-06	-1.229773e-09	-3.842744e+01	-1.419096e+02
2.000000e-08	-7.091480e-06	-1.230174e-09	-3.842599e+01	-1.418711e+02
3.000000e-08	-7.090581e-06	-1.229937e-09	-3.842112e+01	-1.418252e+02
4.000000e-08	-7.089020e-06	-1.229402e-09	-3.841267e+01	-1.417721e+02
5.000000e-08	-7.086791e-06	-1.228234e-09	-3.840059e+01	-1.417119e+02
6.000000e-08	-7.083976e-06	-1.226454e-09	-3.838534e+01	-1.416447e+02
7.000000e-08	-7.080674e-06	-1.221755e-09	-3.836744e+01	-1.415707e+02
8.000000e-08	-7.076799e-06	-1.219247e-09	-3.834644e+01	-1.414898e+02
9.000000e-08	-7.072370e-06	-1.236356e-09	-3.832245e+01	-1.414024e+02
1.000000e-07	-7.067392e-06	-1.249801e-09	-3.829547e+01	-1.413087e+02
1.100000e-07	-7.061737e-06	-1.202067e-09	-3.826483e+01	-1.412087e+02
1.200000e-07	-7.055638e-06	-1.166834e-09	-3.823178e+01	-1.411028e+02
1.300000e-07	-7.049334e-06	-1.236886e-09	-3.819762e+01	-1.409912e+02
1.400000e-07	-7.042687e-06	-1.290418e-09	-3.816160e+01	-1.408744e+02
1.500000e-07	-7.035663e-06	-1.194438e-09	-3.812355e+01	-1.407526e+02
1.600000e-07	-7.028171e-06	-1.125755e-09	-3.808295e+01	-1.406262e+02
1.700000e-07	-7.020229e-06	-1.247972e-09	-3.803992e+01	-1.404957e+02
1.800000e-07	-7.011682e-06	-1.314721e-09	-3.799360e+01	-1.403615e+02
1.900000e-07	-7.002385e-06	-1.159808e-09	-3.794322e+01	-1.402241e+02
2.000000e-07	-6.992517e-06	-1.086734e-09	-3.788976e+01	-1.400840e+02
2.100000e-07	-6.982041e-06	-1.258624e-09	-3.783299e+01	-1.399416e+02
2.200000e-07	-6.970956e-06	-1.313509e-09	-3.777292e+01	-1.397975e+02
2.300000e-07	-6.959364e-06	-1.138665e-09	-3.771011e+01	-1.396521e+02
2.400000e-07	-6.947169e-06	-1.108217e-09	-3.764403e+01	-1.395058e+02
2.500000e-07	-6.934413e-06	-1.263531e-09	-3.757491e+01	-1.393593e+02
2.600000e-07	-6.921146e-06	-1.243373e-09	-3.750302e+01	-1.392127e+02
2.700000e-07	-6.907221e-06	-1.108058e-09	-3.742757e+01	-1.390665e+02
2.800000e-07	-6.892735e-06	-1.165803e-09	-3.734907e+01	-1.389209e+02
2.900000e-07	-6.877637e-06	-1.252481e-09	-3.726726e+01	-1.387762e+02
3.000000e-07	-6.861880e-06	-1.159442e-09	-3.718188e+01	-1.386326e+02
3.100000e-07	-6.845564e-06	-1.127795e-09	-3.709347e+01	-1.384901e+02
3.200000e-07	-6.828735e-06	-1.234976e-09	-3.700228e+01	-1.383488e+02
3.300000e-07	-6.811581e-06	-1.190453e-09	-3.690933e+01	-1.382085e+02
3.400000e-07	-6.793974e-06	-1.082708e-09	-3.681392e+01	-1.380692e+02
3.500000e-07	-6.775687e-06	-1.179690e-09	-3.671483e+01	-1.379305e+02
3.600000e-07	-6.756961e-06	-1.252226e-09	-3.661336e+01	-1.377923e+02
3.700000e-07	-6.737859e-06	-1.115925e-09	-3.650986e+01	-1.376540e+02
3.800000e-07	-6.718359e-06	-1.089387e-09	-3.640420e+01	-1.375152e+02
3.900000e-07	-6.698489e-06	-1.222015e-09	-3.629653e+01	-1.373754e+02
4.000000e-07	-6.678189e-06	-1.189113e-09	-3.618653e+01	-1.372341e+02
4.100000e-07	-6.657356e-06	-1.086787e-09	-3.607364e+01	-1.370905e+02
4.200000e-07	-6.635935e-06	-1.158996e-09	-3.595757e+01	-1.369440e+02
4.300000e-07	-6.614143e-06	-1.202656e-09	-3.583949e+01	-1.367939e+02
4.400000e-07	-6.591920e-06	-1.117204e-09	-3.571907e+01	-1.366396e+02
4.500000e-07	-6.569063e-06	-1.129834e-09	-3.559522e+01	-1.364802e+02
4.600000e-07	-6.545816e-06	-1.188133e-09	-3.546925e+01	-1.363150e+02
4.700000e-07	-6.522362e-06	-1.125233e-09	-3.534217e+01	-1.361435e+02
4.800000e-07	-6.498594e-06	-1.101947e-09	-3.521338e+01	-1.359648e+02
4.900000e-07	-6.474342e-06	-1.173447e-09	-3.508197e+01	-1.357784e+02
5.000000e-07	-6.449571e-06	-1.152884e-09	-3.494774e+01	-1.355836e+02
5.100000e-07	-6.424028e-06	-1.097371e-09	-3.480933e+01	-1.353801e+02
5.200000e-07	-6.397581e-06	-1.136531e-09	-3.466603e+01	-1.351672e+02
5.300000e-07	-6.370571e-06	-1.150982e-09	-3.451967e+01	-1.349446e+02
5.400000e-07	-6.343194e-06	-1.105953e-09	-3.437132e+01	-1.347120e+02
5.500000e-07	-6.315545e-06	-1.116082e-09	-3.422150e+01	-1.344692e+02
5.600000e-07	-6.287525e-06	-1.137627e-09	-3.406968e+01	-1.342159e+02
5.700000e-07	-6.259146e-06	-1.111320e-09	-3.391590e+01	-1.339521e+02
5.800000e-07	-6.230317e-06	-1.110041e-09	-3.375969e+01	-1.336777e+02
5.900000e-07	-6.200995e-06	-1.126795e-09	-3.360080e+01	-1.333928e+02
6.000000e-07	-6.171337e-06	-1.107806e-09	-3.344010e+01	-1.330976e+02
6.100000e-07	-6.141289e-06	-1.097896e-09	-3.327728e+01	-1.327921e+02
6.200000e-07	-6.110771e-06	-1.109509e-09	-3.311191e+01	-1.324766e+02
6.300000e-07	-6.079827e-06	-1.103463e-09	-3.294424e+01	-1.321513e+02
6.400000e-07	-6.048562e-06	-1.097378e-09	-3.277483e+01	-1.318166e+02
6.500000e-07	-6.017015e-06	-1.102337e-09	-3.260389e+01	-1.314728e+02
6.600000e-07	-5.985165e-06	-1.095339e-09	-3.243130e+01	-1.311202e+02
6.700000e-07	-5.952913e-06	-1.089038e-09	-3.225654e+01	-1.307592e+02
6.800000e-07	-5.919948e-06	-1.090941e-09	-3.207791e+01	-1.303900e+02
6.900000e-07	-5.886124e-06	-1.084759e-09	-3.189463e+01	-1.300131e+02
7.000000e-07	-5.851691e-06	-1.079659e-09	-3.170806e+01	-1.296287e+02
7.100000e-07	-5.816812e-06	-1.080597e-09	-3.151906e+01	-1.292371e+02
7.200000e-07	-5.781619e-06	-1.073796e-09	-3.132837e+01	-1.288386e+02
7.300000e-07	-5.746250e-06	-1.068779e-09	-3.113671e+01	-1.284334e+02
7.400000e-07	-5.710536e-06	-1.070129e-09	-3.094319e+01	-1.280217e+02
7.500000e-07	-5.674405e-06	-1.064017e-09	-3.074741e+01	-1.276035e+02
7.600000e-07	-5.637912e-06	-1.055993e-09	-3.054967e+01	-1.271791e+02
7.700000e-07	-5.601018e-06	-1.056013e-09	-3.034975e+01	-1.267484e+02
7.800000e-07	-5.563666e-06	-1.053943e-09	-3.014736e+01	-1.263114e+02
7.900000e-07	-5.525786e-06	-1.046977e-09	-2.994211e+01	-1.258682e+02
8.000000e-07	-5.487467e-06	-1.041056e-09	-2.973447e+01	-1.254187e+02
8.100000e-07	-5.448775e-06	-1.034475e-09	-2.952481e+01	-1.249628e+02
8.200000e-07	-5.409614e-06	-1.028109e-09	-2.931261e+01	-1.245004e+02
8.300000e-07	-5.370145e-06	-1.024528e-09	-2.909874e+01	-1.240313e+02
8.400000e-07	-5.330491e-06	-1.021479e-09	-2.888387e+01	-1.235555e+02
8.500000e-07	-5.290675e-06	-1.016403e-09	-2.866813e+01	-1.230728e+02
8.600000e-07	-5.250631e-06	-1.011217e-09	-2.845114e+01	-1.225830e+02
8.700000e-07	-5.210201e-06	-1.006173e-09	-2.823207e+01	-1.220860e+02
8.800000e-07	-5.169260e-06	-1.000852e-09	-2.801023e+01	-1.215817e+02
8.900000e-07	-5.127607e-06	-9.933477e-10	-2.778452e+01	-1.210701e+02
9.000000e-07	-5.085257e-06	-9.844612e-10	-2.755504e+01	-1.205509e+02
9.100000e-07	-5.042350e-06	-9.784345e-10	-2.732255e+01	-1.200242e+02
9.200000e-07	-4.999067e-06	-9.748506e-10	-2.708802e+01	-1.194899e+02
9.300000e-07	-4.955584e-06	-9.701130e-10	-2.685240e+01	-1.189481e+02
9.400000e-07	-4.911934e-06	-9.636651e-10	-2.661588e+01	-1.183987e+02
9.500000e-07	-4.867995e-06	-9.565960e-10	-2.637779e+01	-1.178418e+02
9.600000e-07	-4.823749e-06	-9.502509e-10	-2.613804e+01	-1.172775e+02
9.700000e-07	-4.779181e-06	-9.448445e-10	-2.589654e+01	-1.167059e+02
9.800000e-07	-4.734240e-06	-9.397589e-10	-2.565302e+01	-1.161269e+02
9.900000e-07	-4.688950e-06	-9.339212e-10	-2.540761e+01	-1.155409e+02
1.000000e-06	-4.643363e-06	-9.278627e-10	-2.516060e+01	-1.149477e+02
1.010000e-06	-4.597476e-06	-9.232472e-10	-2.491195e+01	-1.143476e+02
1.020000e-06	-4.551281e-06	-9.189703e-10	-2.466164e+01	-1.137407e+02
1.030000e-06	-4.504626e-06	-9.129273e-10	-2.440883e+01	-1.131268e+02
1.040000e-06	-4.457639e-06	-9.060832e-10	-2.415423e+01	-1.125062e+02
1.050000e-06	-4.410571e-06	-9.014330e-10	-2.389918e+01	-1.118788e+02
1.060000e-06	-4.363284e-06	-8.984386e-10	-2.364296e+01	-1.112444e+02
1.070000e-06	-4.315681e-06	-8.950373e-10	-2.338501e+01	-1.106030e+02
1.080000e-06	-4.267839e-06	-8.900353e-10	-2.312577e+01	-1.099545e+02
1.090000e-06	-4.219741e-06	-8.832115e-10	-2.286515e+01	-1.092986e+02
1.100000e-06	-4.171235e-06	-8.765023e-10	-2.260231e+01	-1.086349e+02
1.110000e-06	-4.122158e-06	-8.713688e-10	-2.233638e+01	-1.079633e+02
1.120000e-06	-4.072357e-06	-8.664113e-10	-2.206653e+01	-1.072831e+02
1.130000e-06	-4.022123e-06	-8.610140e-10	-2.179434e+01	-1.065941e+02
1.140000e-06	-3.971699e-06	-8.552212e-10	-2.152111e+01	-1.058956e+02
1.150000e-06	-3.920871e-06	-8.497797e-10	-2.124569e+01	-1.051871e+02
1.160000e-06	-3.869631e-06	-8.446852e-10	-2.096804e+01	-1.044679e+02
1.170000e-06	-3.818150e-06	-8.381702e-10	-2.068908e+01	-1.037375e+02
1.180000e-06	-3.766435e-06	-8.310534e-10	-2.040886e+01	-1.029951e+02
1.190000e-06	-3.714433e-06	-8.253589e-10	-2.012708e+01	-1.022400e+02
1.200000e-06	-3.662162e-06	-8.204549e-10	-1.984384e+01	-1.014715e+02
1.210000e-06	-3.609506e-06	-8.152215e-10	-1.955852e+01	-1.006891e+02
1.220000e-06	-3.556455e-06	-8.087363e-10	-1.927106e+01	-9.989190e+01
1.230000e-06	-3.503217e-06	-8.009526e-10	-1.898258e+01	-9.907939e+01
1.240000e-06	-3.449787e-06	-7.929532e-10	-1.869307e+01	-9.825096e+01
1.250000e-06	-3.396152e-06	-7.867243e-10	-1.840244e+01	-9.740608e+01
1.260000e-06	-3.342255e-06	-7.817728e-10	-1.811039e+01	-9.654428e+01
1.270000e-06	-3.288076e-06	-7.743824e-10	-1.781682e+01	-9.566519e+01
1.280000e-06	-3.233687e-06	-7.649048e-10	-1.752210e+01	-9.476851e+01
1.290000e-06	-3.179069e-06	-7.569851e-10	-1.722615e+01	-9.385402e+01
1.300000e-06	-3.124257e-06	-7.506406e-10	-1.692915e+01	-9.292161e+01
1.310000e-06	-3.069214e-06	-7.431801e-10	-1.663089e+01	-9.197128e+01
1.320000e-06	-3.013936e-06	-7.348386e-10	-1.633136e+01	-9.100312e+01
1.330000e-06	-2.958473e-06	-7.266053e-10	-1.603083e+01	-9.001732e+01
1.340000e-06	-2.902934e-06	-7.184098e-10	-1.572988e+01	-8.901418e+01
1.350000e-06	-2.847363e-06	-7.107581e-10	-1.542876e+01	-8.799407e+01
1.360000e-06	-2.791733e-06	-7.031262e-10	-1.512732e+01	-8.695748e+01
1.370000e-06	-2.736038e-06	-6.943769e-10	-1.482554e+01	-8.590496e+01
1.380000e-06	-2.680182e-06	-6.853458e-10	-1.452287e+01	-8.483713e+01
1.390000e-06	-2.624064e-06	-6.771346e-10	-1.421879e+01	-8.375467e+01
1.400000e-06	-2.567625e-06	-6.694071e-10	-1.391297e+01	-8.265830e+01
1.410000e-06	-2.511015e-06	-6.600969e-10	-1.360622e+01	-8.154877e+01
1.420000e-06	-2.454330e-06	-6.498576e-10	-1.329907e+01	-8.042686e+01
1.430000e-06	-2.397356e-06	-6.406020e-10	-1.299035e+01	-7.929332e+01
1.440000e-06	-2.339902e-06	-6.317002e-10	-1.267903e+01	-7.814891e+01
1.450000e-06	-2.282206e-06	-6.220834e-10	-1.236639e+01	-7.699434e+01
1.460000e-06	-2.224440e-06	-6.115393e-10	-1.205338e+01	-7.583030e+01
1.470000e-06	-2.166359e-06	-6.008401e-10	-1.173866e+01	-7.465740e+01
1.480000e-06	-2.107865e-06	-5.901617e-10	-1.142171e+01	-7.347618e+01
1.490000e-06	-2.049164e-06	-5.798042e-10	-1.110363e+01	-7.228709e+01
1.500000e-06	-1.990330e-06	-5.699702e-10	-1.078483e+01	-7.109050e+01
1.510000e-06	-1.931321e-06	-5.594963e-10	-1.046508e+01	-6.988666e+01
1.520000e-06	-1.872175e-06	-5.484671e-10	-1.014459e+01	-6.867573e+01
1.530000e-06	-1.812920e-06	-5.390064e-10	-9.823512e+00	-6.745773e+01
1.540000e-06	-1.753567e-06	-5.300181e-10	-9.501903e+00	-6.623257e+01
1.550000e-06	-1.694157e-06	-5.195077e-10	-9.179985e+00	-6.500007e+01
1.560000e-06	-1.634683e-06	-5.082013e-10	-8.857715e+00	-6.375988e+01
1.570000e-06	-1.575134e-06	-4.970329e-10	-8.535043e+00	-6.251159e+01
1.580000e-06	-1.515552e-06	-4.866747e-10	-8.212193e+00	-6.125466e+01
1.590000e-06	-1.455902e-06	-4.760861e-10	-7.888972e+00	-5.998844e+01
1.600000e-06	-1.396222e-06	-4.644604e-10	-7.565586e+00	-5.871222e+01
1.610000e-06	-1.336491e-06	-4.530227e-10	-7.241928e+00	-5.742519e+01
1.620000e-06	-1.276652e-06	-4.420263e-10	-6.917685e+00	-5.612648e+01
1.630000e-06	-1.216701e-06	-4.314094e-10	-6.592836e+00	-5.481517e+01
1.640000e-06	-1.156708e-06	-4.205853e-10	-6.267757e+00	-5.349031e+01
1.650000e-06	-1.096643e-06	-4.090895e-10	-5.942284e+00	-5.215090e+01
1.660000e-06	-1.036396e-06	-3.977167e-10	-5.615829e+00	-5.079596e+01
1.670000e-06	-9.761600e-07	-3.863901e-10	-5.289435e+00	-4.942452e+01
1.680000e-06	-9.158805e-07	-3.748020e-10	-4.962803e+00	-4.803560e+01
1.690000e-06	-8.554584e-07	-3.623722e-10	-4.635399e+00	-4.662830e+01
1.700000e-06	-7.951028e-07	-3.499484e-10	-4.308356e+00	-4.520173e+01
1.710000e-06	-7.347280e-07	-3.391795e-10	-3.981208e+00	-4.375509e+01
1.720000e-06	-6.742155e-07	-3.287869e-10	-3.653314e+00	-4.228764e+01
1.730000e-06	-6.135848e-07	-3.175010e-10	-3.324780e+00	-4.079875e+01
1.740000e-06	-5.529290e-07	-3.054713e-10	-2.996109e+00	-3.928785e+01
1.750000e-06	-4.922800e-07	-2.929093e-10	-2.667476e+00	-3.775449e+01
1.760000e-06	-4.315208e-07	-2.798941e-10	-2.338245e+00	-3.619834e+01
1.770000e-06	-3.706593e-07	-2.664640e-10	-2.008460e+00	-3.461917e+01
1.780000e-06	-3.097566e-07	-2.529125e-10	-1.678452e+00	-3.301686e+01
1.790000e-06	-2.489001e-07	-2.396287e-10	-1.348693e+00	-3.139142e+01
1.800000e-06	-1.880733e-07	-2.261861e-10	-1.019097e+00	-2.974297e+01
1.810000e-06	-1.272262e-07	-2.126315e-10	-6.893895e-01	-2.807174e+01
1.820000e-06	-6.643804e-08	-1.997373e-10	-3.600021e-01	-2.637810e+01
1.830000e-06	-5.656215e-09	-1.863516e-10	-3.064885e-02	-2.466251e+01
1.840000e-06	5.512141e-08	-1.715553e-10	2.986817e-01	-2.292552e+01
1.850000e-06	1.158922e-07	-1.565548e-10	6.279752e-01	-2.116782e+01
1.860000e-06	1.766433e-07	-1.427719e-10	9.571619e-01	-1.939017e+01
1.870000e-06	2.373870e-07	-1.300630e-10	1.286308e+00	-1.759342e+01
1.880000e-06	2.982001e-07	-1.163422e-10	1.615831e+00	-1.577850e+01
1.890000e-06	3.589218e-07	-1.013243e-10	1.944859e+00	-1.394643e+01
1.900000e-06	4.196178e-07	-8.707602e-11	2.273747e+00	-1.209829e+01
1.910000e-06	4.803453e-07	-7.310972e-11	2.602806e+00	-1.023521e+01
1.920000e-06	5.410024e-07	-5.891052e-11	2.931484e+00	-8.358386e+00
1.930000e-06	6.015558e-07	-4.521837e-11	3.259599e+00	-6.469068e+00
1.940000e-06	6.619696e-07	-3.113822e-11	3.586958e+00	-4.568540e+00
1.950000e-06	7.224031e-07	-1.572481e-11	3.914424e+00	-2.658124e+00
1.960000e-06	7.829156e-07	-1.560889e-13	4.242318e+00	-7.391734e-01
1.970000e-06	8.434123e-07	1.457734e-11	4.570126e+00	1.186930e+00
1.980000e-06	9.038002e-07	2.859556e-11	4.897345e+00	3.118784e+00
1.990000e-06	9.641307e-07	4.201276e-11	5.224252e+00	5.054968e+00
2.000000e-06	1.024375e-06	5.560590e-11	5.550695e+00	6.994048e+00
2.010000e-06	1.084481e-06	7.003524e-11	5.876385e+00	8.934583e+00
2.020000e-06	1.144560e-06	8.520395e-11	6.201929e+00	1.087512e+01
2.030000e-06	1.204639e-06	1.016346e-10	6.527475e+00	1.281421e+01
2.040000e-06	1.264685e-06	1.180810e-10	6.852840e+00	1.475041e+01
2.050000e-06	1.324601e-06	1.325965e-10	7.177505e+00	1.668227e+01
2.060000e-06	1.384475e-06	1.460177e-10	7.501935e+00	1.860836e+01
2.070000e-06	1.444352e-06	1.602480e-10	7.826388e+00	2.052725e+01
2.080000e-06	1.504146e-06	1.755071e-10	8.150385e+00	2.243755e+01
2.090000e-06	1.563897e-06	1.902677e-10	8.474156e+00	2.433788e+01
2.100000e-06	1.623577e-06	2.044749e-10	8.797536e+00	2.622688e+01
2.110000e-06	1.683168e-06	2.193599e-10	9.120437e+00	2.810325e+01
2.120000e-06	1.742621e-06	2.343325e-10	9.442593e+00	2.996571e+01
2.130000e-06	1.801937e-06	2.485334e-10	9.764001e+00	3.181302e+01
2.140000e-06	1.861183e-06	2.621951e-10	1.008503e+01	3.364402e+01
2.150000e-06	1.920416e-06	2.756681e-10	1.040599e+01	3.545757e+01
2.160000e-06	1.979608e-06	2.900286e-10	1.072673e+01	3.725262e+01
2.170000e-06	2.038574e-06	3.051316e-10	1.104625e+01	3.902818e+01
2.180000e-06	2.097226e-06	3.195896e-10	1.136406e+01	4.078336e+01
2.190000e-06	2.155560e-06	3.327538e-10	1.168015e+01	4.251731e+01
2.200000e-06	2.213602e-06	3.456425e-10	1.199466e+01	4.422930e+01
2.210000e-06	2.271284e-06	3.591770e-10	1.230721e+01	4.591868e+01
2.220000e-06	2.328686e-06	3.731169e-10	1.261825e+01	4.758490e+01
2.230000e-06	2.385943e-06	3.867152e-10	1.292850e+01	4.922750e+01
2.240000e-06	2.442952e-06	4.000990e-10	1.323741e+01	5.084614e+01
2.250000e-06	2.499669e-06	4.136981e-10	1.354474e+01	5.244056e+01
2.260000e-06	2.556056e-06	4.264707e-10	1.385028e+01	5.401063e+01
2.270000e-06	2.612229e-06	4.384176e-10	1.415466e+01	5.555628e+01
2.280000e-06	2.668353e-06	4.504542e-10	1.445878e+01	5.707759e+01
2.290000e-06	2.724321e-06	4.622893e-10	1.476204e+01	5.857469e+01
2.300000e-06	2.780084e-06	4.735861e-10	1.506420e+01	6.004784e+01
2.310000e-06	2.835760e-06	4.857853e-10	1.536589e+01	6.149736e+01
2.320000e-06	2.891272e-06	4.996799e-10	1.566669e+01	6.292366e+01
2.330000e-06	2.946522e-06	5.141400e-10	1.596607e+01	6.432722e+01
2.340000e-06	3.001596e-06	5.263457e-10	1.626449e+01	6.570859e+01
2.350000e-06	3.056454e-06	5.362067e-10	1.656175e+01	6.706836e+01
2.360000e-06	3.111054e-06	5.450040e-10	1.685760e+01	6.840718e+01
2.370000e-06	3.165456e-06	5.529303e-10	1.715238e+01	6.972574e+01
2.380000e-06	3.219709e-06	5.611750e-10	1.744636e+01	7.102473e+01
2.390000e-06	3.273749e-06	5.709691e-10	1.773918e+01	7.230487e+01
2.400000e-06	3.327556e-06	5.829204e-10	1.803074e+01	7.356689e+01
2.410000e-06	3.381214e-06	5.950855e-10	1.832150e+01	7.481150e+01
2.420000e-06	3.434755e-06	6.063589e-10	1.861161e+01	7.603941e+01
2.430000e-06	3.488087e-06	6.170156e-10	1.890060e+01	7.725128e+01
2.440000e-06	3.541112e-06	6.271490e-10	1.918792e+01	7.844777e+01
2.450000e-06	3.593854e-06	6.368849e-10	1.947371e+01	7.962948e+01
2.460000e-06	3.646352e-06	6.458509e-10	1.975818e+01	8.079697e+01
2.470000e-06	3.698599e-06	6.545041e-10	2.004128e+01	8.195075e+01
2.480000e-06	3.750492e-06	6.630085e-10	2.032247e+01	8.309127e+01
2.490000e-06	3.801992e-06	6.714956e-10	2.060153e+01	8.421894e+01
2.500000e-06	3.853190e-06	6.799598e-10	2.087895e+01	8.533408e+01
2.510000e-06	3.904083e-06	6.882251e-10	2.115472e+01	8.643699e+01
2.520000e-06	3.954723e-06	6.971305e-10	2.142912e+01	8.752787e+01
2.530000e-06	4.005003e-06	7.060813e-10	2.170157e+01	8.860691e+01
2.540000e-06	4.054659e-06	7.142283e-10	2.197063e+01	8.967421e+01
2.550000e-06	4.103761e-06	7.215918e-10	2.223670e+01	9.072983e+01
2.560000e-06	4.152508e-06	7.284695e-10	2.250084e+01	9.177379e+01
2.570000e-06	4.200918e-06	7.353978e-10	2.276316e+01	9.280608e+01
2.580000e-06	4.248984e-06	7.433808e-10	2.302361e+01	9.382663e+01
2.590000e-06	4.296784e-06	7.518909e-10	2.328262e+01	9.483536e+01
2.600000e-06	4.344349e-06	7.605380e-10	2.354035e+01	9.583218e+01
2.610000e-06	4.391837e-06	7.692369e-10	2.379767e+01	9.681694e+01
2.620000e-06	4.439121e-06	7.763104e-10	2.405388e+01	9.778953e+01
2.630000e-06	4.485896e-06	7.827130e-10	2.430734e+01	9.874980e+01
2.640000e-06	4.532220e-06	7.899414e-10	2.455835e+01	9.969761e+01
2.650000e-06	4.578231e-06	7.976557e-10	2.480767e+01	1.006328e+02
2.660000e-06	4.623975e-06	8.052115e-10	2.505554e+01	1.015553e+02
2.670000e-06	4.669462e-06	8.121311e-10	2.530201e+01	1.024650e+02
2.680000e-06	4.714654e-06	8.183626e-10	2.554689e+01	1.033617e+02
2.690000e-06	4.759549e-06	8.244782e-10	2.579016e+01	1.042454e+02
2.700000e-06	4.804183e-06	8.305682e-10	2.603202e+01	1.051160e+02
2.710000e-06	4.848514e-06	8.363860e-10	2.627223e+01	1.059734e+02
2.720000e-06	4.892450e-06	8.437957e-10	2.651030e+01	1.068177e+02
2.730000e-06	4.936115e-06	8.529469e-10	2.674690e+01	1.076487e+02
2.740000e-06	4.979581e-06	8.617554e-10	2.698243e+01	1.084665e+02
2.750000e-06	5.022725e-06	8.695959e-10	2.721621e+01	1.092710e+02
2.760000e-06	5.065576e-06	8.764834e-10	2.744840e+01	1.100624e+02
2.770000e-06	5.108004e-06	8.822334e-10	2.767830e+01	1.108404e+02
2.780000e-06	5.149713e-06	8.881471e-10	2.790431e+01	1.116053e+02
2.790000e-06	5.190738e-06	8.949893e-10	2.812661e+01	1.123570e+02
2.800000e-06	5.231277e-06	9.018816e-10	2.834627e+01	1.130955e+02
2.810000e-06	5.271430e-06	9.094345e-10	2.856385e+01	1.138208e+02
2.820000e-06	5.311271e-06	9.174166e-10	2.877973e+01	1.145330e+02
2.830000e-06	5.350788e-06	9.246580e-10	2.899385e+01	1.152320e+02
2.840000e-06	5.389962e-06	9.315537e-10	2.920612e+01	1.159178e+02
2.850000e-06	5.428774e-06	9.380573e-10	2.941644e+01	1.165905e+02
2.860000e-06	5.467275e-06	9.436446e-10	2.962505e+01	1.172499e+02
2.870000e-06	5.505547e-06	9.488908e-10	2.983244e+01	1.178961e+02
2.880000e-06	5.543450e-06	9.548268e-10	3.003782e+01	1.185292e+02
2.890000e-06	5.580754e-06	9.610561e-10	3.023996e+01	1.191489e+02
2.900000e-06	5.617588e-06	9.668480e-10	3.043955e+01	1.197555e+02
2.910000e-06	5.654130e-06	9.727725e-10	3.063755e+01	1.203488e+02
2.920000e-06	5.690289e-06	9.795216e-10	3.083348e+01	1.209289e+02
2.930000e-06	5.726149e-06	9.867475e-10	3.102779e+01	1.214958e+02
2.940000e-06	5.761828e-06	9.933160e-10	3.122112e+01	1.220496e+02
2.950000e-06	5.797171e-06	9.976681e-10	3.141264e+01	1.225905e+02
2.960000e-06	5.832137e-06	1.000680e-09	3.160210e+01	1.231184e+02
2.970000e-06	5.866628e-06	1.004816e-09	3.178900e+01	1.236336e+02
2.980000e-06	5.900394e-06	1.009916e-09	3.197196e+01	1.241364e+02
2.990000e-06	5.933531e-06	1.015557e-09	3.215151e+01	1.246269e+02
3.000000e-06	5.966118e-06	1.020865e-09	3.232809e+01	1.251054e+02
3.010000e-06	5.998226e-06	1.025709e-09	3.250207e+01	1.255724e+02
3.020000e-06	6.030047e-06	1.031323e-09	3.267450e+01	1.260281e+02
3.030000e-06	6.061508e-06	1.037425e-09	3.284497e+01	1.264731e+02
3.040000e-06	6.092634e-06	1.043211e-09	3.301364e+01	1.269078e+02
3.050000e-06	6.123358e-06	1.048631e-09	3.318012e+01	1.273328e+02
3.060000e-06	6.153520e-06	1.054253e-09	3.334355e+01	1.277486e+02
3.070000e-06	6.183234e-06	1.059557e-09	3.350456e+01	1.281559e+02
3.080000e-06	6.212541e-06	1.062707e-09	3.366336e+01	1.285551e+02
3.090000e-06	6.241406e-06	1.065411e-09	3.381977e+01	1.289471e+02
3.100000e-06	6.269865e-06	1.069775e-09	3.397398e+01	1.293324e+02
3.110000e-06	6.298067e-06	1.074974e-09	3.412679e+01	1.297116e+02
3.120000e-06	6.326010e-06	1.079760e-09	3.427821e+01	1.300855e+02
3.130000e-06	6.353545e-06	1.084378e-09	3.442741e+01	1.304546e+02
3.140000e-06	6.380644e-06	1.088960e-09	3.457425e+01	1.308195e+02
3.150000e-06	6.407335e-06	1.091580e-09	3.471888e+01	1.311808e+02
3.160000e-06	6.433437e-06	1.093301e-09	3.486032e+01	1.315391e+02
3.170000e-06	6.458711e-06	1.096082e-09	3.499727e+01	1.318946e+02
3.180000e-06	6.483329e-06	1.099558e-09	3.513066e+01	1.322480e+02
3.190000e-06	6.507470e-06	1.103115e-09	3.526147e+01	1.325994e+02
3.200000e-06	6.531072e-06	1.106093e-09	3.538936e+01	1.329491e+02
3.210000e-06	6.554165e-06	1.108281e-09	3.551449e+01	1.332973e+02
3.220000e-06	6.576810e-06	1.110553e-09	3.563720e+01	1.336441e+02
3.230000e-06	6.599155e-06	1.113487e-09	3.575828e+01	1.339894e+02
3.240000e-06	6.621172e-06	1.116968e-09	3.587758e+01	1.343333e+02
3.250000e-06	6.642713e-06	1.119787e-09	3.599430e+01	1.346754e+02
3.260000e-06	6.663790e-06	1.122123e-09	3.610851e+01	1.350156e+02
3.270000e-06	6.684339e-06	1.125774e-09	3.621986e+01	1.353535e+02
3.280000e-06	6.704441e-06	1.129765e-09	3.632878e+01	1.356888e+02
3.290000e-06	6.724214e-06	1.133316e-09	3.643592e+01	1.360209e+02
3.300000e-06	6.743741e-06	1.136099e-09	3.654173e+01	1.363493e+02
3.310000e-06	6.762943e-06	1.138181e-09	3.664578e+01	1.366734e+02
3.320000e-06	6.781618e-06	1.141343e-09	3.674697e+01	1.369927e+02
3.330000e-06	6.799638e-06	1.145418e-09	3.684461e+01	1.373064e+02
3.340000e-06	6.817003e-06	1.148030e-09	3.693871e+01	1.376140e+02
3.350000e-06	6.833781e-06	1.149716e-09	3.702962e+01	1.379148e+02
3.360000e-06	6.850120e-06	1.152408e-09	3.711816e+01	1.382080e+02
3.370000e-06	6.865990e-06	1.154724e-09	3.720415e+01	1.384931e+02
3.380000e-06	6.881451e-06	1.157841e-09	3.728793e+01	1.387695e+02
3.390000e-06	6.896484e-06	1.161506e-09	3.736939e+01	1.390365e+02
3.400000e-06	6.910798e-06	1.165210e-09	3.744695e+01	1.392937e+02
3.410000e-06	6.924618e-06	1.170474e-09	3.752183e+01	1.395404e+02
3.420000e-06	6.937972e-06	1.175006e-09	3.759420e+01	1.397764e+02
3.430000e-06	6.950677e-06	1.177509e-09	3.766304e+01	1.400012e+02
3.440000e-06	6.962893e-06	1.178957e-09	3.772923e+01	1.402146e+02
3.450000e-06	6.974806e-06	1.181403e-09	3.779379e+01	1.404163e+02
3.460000e-06	6.986256e-06	1.185937e-09	3.785583e+01	1.406061e+02
3.470000e-06	6.997112e-06	1.190028e-09	3.791465e+01	1.407839e+02
3.480000e-06	7.007159e-06	1.192113e-09	3.796909e+01	1.409498e+02
3.490000e-06	7.016294e-06	1.193686e-09	3.801859e+01	1.411037e+02
3.500000e-06	7.024847e-06	1.196084e-09	3.806493e+01	1.412458e+02
3.510000e-06	7.032908e-06	1.199340e-09	3.810862e+01	1.413761e+02
3.520000e-06	7.040546e-06	1.202504e-09	3.815000e+01	1.414949e+02
3.530000e-06	7.047809e-06	1.205530e-09	3.818936e+01	1.416025e+02
3.540000e-06	7.054578e-06	1.208135e-09	3.822604e+01	1.416990e+02
3.550000e-06	7.060857e-06	1.210082e-09	3.826006e+01	1.417847e+02
3.560000e-06	7.066641e-06	1.212293e-09	3.829140e+01	1.418600e+02
3.570000e-06	7.071905e-06	1.214386e-09	3.831993e+01	1.419252e+02
3.580000e-06	7.076738e-06	1.215567e-09	3.834611e+01	1.419805e+02
3.590000e-06	7.081019e-06	1.217145e-09	3.836931e+01	1.420264e+02
3.600000e-06	7.084847e-06	1.219463e-09	3.839006e+01	1.420630e+02
3.610000e-06	7.088393e-06	1.222812e-09	3.840927e+01	1.420907e+02
3.620000e-06	7.091576e-06	1.225057e-09	3.842651e+01	1.421097e+02
3.630000e-06	7.094207e-06	1.224565e-09	3.844077e+01	1.421203e+02
3.640000e-06	7.096040e-06	1.224355e-09	3.845071e+01	1.421227e+02
3.650000e-06	7.097216e-06	1.225084e-09	3.845708e+01	1.421171e+02
3.660000e-06	7.097755e-06	1.226458e-09	3.846000e+01	1.421036e+02
3.670000e-06	7.097736e-06	1.228421e-09	3.845989e+01	1.420825e+02
3.680000e-06	7.097298e-06	1.229497e-09	3.845752e+01	1.420538e+02
3.690000e-06	7.096442e-06	1.228793e-09	3.845288e+01	1.420177e+02
3.700000e-06	7.095217e-06	1.227798e-09	3.844625e+01	1.419742e+02
3.710000e-06	7.093497e-06	1.227724e-09	3.843692e+01	1.419235e+02
3.720000e-06	7.091301e-06	1.227457e-09	3.842503e+01	1.418656e+02
3.730000e-06	7.088846e-06	1.228952e-09	3.841172e+01	1.418007e+02
3.740000e-06	7.086002e-06	1.235835e-09	3.839631e+01	1.417289e+02
3.750000e-06	7.082539e-06	1.229708e-09	3.837755e+01	1.416503e+02
3.760000e-06	7.078404e-06	1.194375e-09	3.835514e+01	1.415651e+02
3.770000e-06	7.073515e-06	1.204157e-09	3.832865e+01	1.414734e+02
3.780000e-06	7.067998e-06	1.287661e-09	3.829875e+01	1.413754e+02
3.790000e-06	7.062083e-06	1.273367e-09	3.826671e+01	1.412714e+02
3.800000e-06	7.055785e-06	1.152540e-09	3.823258e+01	1.411617e+02
3.810000e-06	7.048985e-06	1.163040e-09	3.819573e+01	1.410466e+02
3.820000e-06	7.041666e-06	1.304520e-09	3.815607e+01	1.409263e+02
3.830000e-06	7.033823e-06	1.287997e-09	3.811358e+01	1.408014e+02
3.840000e-06	7.025389e-06	1.112552e-09	3.806787e+01	1.406722e+02
3.850000e-06	7.016452e-06	1.136971e-09	3.801945e+01	1.405392e+02
3.860000e-06	7.007058e-06	1.348481e-09	3.796855e+01	1.404028e+02
3.870000e-06	6.997248e-06	1.315382e-09	3.791539e+01	1.402635e+02
3.880000e-06	6.987064e-06	1.074867e-09	3.786021e+01	1.401218e+02
3.890000e-06	6.976329e-06	1.125363e-09	3.780204e+01	1.399781e+02
3.900000e-06	6.964976e-06	1.365374e-09	3.774052e+01	1.398331e+02
3.910000e-06	6.953157e-06	1.279074e-09	3.767648e+01	1.396871e+02
3.920000e-06	6.940836e-06	1.053725e-09	3.760971e+01	1.395405e+02
3.930000e-06	6.927760e-06	1.187326e-09	3.753886e+01	1.393939e+02
3.940000e-06	6.913889e-06	1.372451e-09	3.746370e+01	1.392475e+02
3.950000e-06	6.899367e-06	1.189133e-09	3.738501e+01	1.391017e+02
3.960000e-06	6.884057e-06	1.061214e-09	3.730205e+01	1.389567e+02
3.970000e-06	6.868197e-06	1.272577e-09	3.721611e+01	1.388126e+02
3.980000e-06	6.852054e-06	1.316595e-09	3.712864e+01	1.386698e+02
3.990000e-06	6.835528e-06	1.096580e-09	3.703909e+01	1.385280e+02
4.000000e-06	6.818575e-06	1.152164e-09	3.694723e+01	1.383874e+02
4.010000e-06	6.801121e-06	1.346384e-09	3.685265e+01	1.382477e+02
4.020000e-06	6.783249e-06	1.199963e-09	3.675581e+01	1.381089e+02
4.030000e-06	6.764937e-06	1.067453e-09	3.665658e+01	1.379705e+02
4.040000e-06	6.746127e-06	1.271329e-09	3.655466e+01	1.378322e+02
4.050000e-06	6.726753e-06	1.315644e-09	3.644968e+01	1.376936e+02
4.060000e-06	6.706913e-06	1.105005e-09	3.634218e+01	1.375543e+02
4.070000e-06	6.686859e-06	1.158386e-09	3.623351e+01	1.374135e+02
4.080000e-06	6.666549e-06	1.323127e-09	3.612346e+01	1.372707e+02
4.090000e-06	6.645727e-06	1.191826e-09	3.601063e+01	1.371252e+02
4.100000e-06	6.624192e-06	1.112277e-09	3.589394e+01	1.369764e+02
4.110000e-06	6.601933e-06	1.266342e-09	3.577333e+01	1.368235e+02
4.120000e-06	6.579041e-06	1.246406e-09	3.564929e+01	1.366659e+02
4.130000e-06	6.555526e-06	1.122246e-09	3.552187e+01	1.365027e+02
4.140000e-06	6.531560e-06	1.215480e-09	3.539200e+01	1.363333e+02
4.150000e-06	6.507228e-06	1.268822e-09	3.526016e+01	1.361570e+02
4.160000e-06	6.482447e-06	1.152208e-09	3.512588e+01	1.359733e+02
4.170000e-06	6.457233e-06	1.171054e-09	3.498926e+01	1.357813e+02
4.180000e-06	6.431643e-06	1.252849e-09	3.485059e+01	1.355807e+02
4.190000e-06	6.405632e-06	1.186120e-09	3.470965e+01	1.353710e+02
4.200000e-06	6.379044e-06	1.163743e-09	3.456558e+01	1.351517e+02
4.210000e-06	6.351968e-06	1.229045e-09	3.441886e+01	1.349224e+02
4.220000e-06	6.324525e-06	1.197539e-09	3.427016e+01	1.346830e+02
4.230000e-06	6.296696e-06	1.163961e-09	3.411937e+01	1.344332e+02
4.240000e-06	6.268527e-06	1.210068e-09	3.396673e+01	1.341729e+02
4.250000e-06	6.239989e-06	1.200831e-09	3.381209e+01	1.339020e+02
4.260000e-06	6.211082e-06	1.168086e-09	3.365546e+01	1.336206e+02
4.270000e-06	6.181684e-06	1.193808e-09	3.349616e+01	1.333287e+02
4.280000e-06	6.151562e-06	1.194156e-09	3.333294e+01	1.330266e+02
4.290000e-06	6.120813e-06	1.172936e-09	3.316633e+01	1.327144e+02
4.300000e-06	6.089514e-06	1.184754e-09	3.299673e+01	1.323924e+02
4.310000e-06	6.057699e-06	1.179481e-09	3.282434e+01	1.320608e+02
4.320000e-06	6.025498e-06	1.164363e-09	3.264985e+01	1.317199e+02
4.330000e-06	5.992979e-06	1.177394e-09	3.247364e+01	1.313702e+02
4.340000e-06	5.960111e-06	1.173223e-09	3.229554e+01	1.310119e+02
4.350000e-06	5.926784e-06	1.159030e-09	3.211496e+01	1.306454e+02
4.360000e-06	5.892969e-06	1.168578e-09	3.193173e+01	1.302710e+02
4.370000e-06	5.858726e-06	1.164756e-09	3.174618e+01	1.298890e+02
4.380000e-06	5.824162e-06	1.152501e-09	3.155889e+01	1.294998e+02
4.390000e-06	5.789312e-06	1.161403e-09	3.137005e+01	1.291036e+02
4.400000e-06	5.754019e-06	1.157549e-09	3.117881e+01	1.287005e+02
4.410000e-06	5.718305e-06	1.142926e-09	3.098529e+01	1.282909e+02
4.420000e-06	5.682270e-06	1.150373e-09	3.079003e+01	1.278749e+02
4.430000e-06	5.645926e-06	1.152313e-09	3.059309e+01	1.274525e+02
4.440000e-06	5.609300e-06	1.136077e-09	3.039463e+01	1.270238e+02
4.450000e-06	5.572268e-06	1.132101e-09	3.019397e+01	1.265890e+02
4.460000e-06	5.534776e-06	1.135306e-09	2.999082e+01	1.261478e+02
4.470000e-06	5.496665e-06	1.130290e-09	2.978431e+01	1.257004e+02
4.480000e-06	5.457830e-06	1.126507e-09	2.957388e+01	1.252466e+02
4.490000e-06	5.418364e-06	1.124609e-09	2.936003e+01	1.247864e+02
4.500000e-06	5.378449e-06	1.118522e-09	2.914374e+01	1.243195e+02
4.510000e-06	5.338249e-06	1.112739e-09	2.892591e+01	1.238459e+02
4.520000e-06	5.297780e-06	1.111000e-09	2.870663e+01	1.233655e+02
4.530000e-06	5.257025e-06	1.109009e-09	2.848579e+01	1.228781e+02
4.540000e-06	5.215979e-06	1.103292e-09	2.826338e+01	1.223835e+02
4.550000e-06	5.174594e-06	1.097064e-09	2.803913e+01	1.218816e+02
4.560000e-06	5.132905e-06	1.094466e-09	2.781323e+01	1.213724e+02
4.570000e-06	5.090995e-06	1.091838e-09	2.758614e+01	1.208557e+02
4.580000e-06	5.048658e-06	1.084806e-09	2.735673e+01	1.203315e+02
4.590000e-06	5.005777e-06	1.076196e-09	2.712438e+01	1.197998e+02
4.600000e-06	4.962514e-06	1.071727e-09	2.688995e+01	1.192604e+02
4.610000e-06	4.918872e-06	1.070685e-09	2.665347e+01	1.187135e+02
4.620000e-06	4.874900e-06	1.069171e-09	2.641520e+01	1.181591e+02
4.630000e-06	4.830748e-06	1.065726e-09	2.617596e+01	1.175972e+02
4.640000e-06	4.786435e-06	1.060547e-09	2.593584e+01	1.170280e+02
4.650000e-06	4.741914e-06	1.054131e-09	2.569460e+01	1.164515e+02
4.660000e-06	4.697168e-06	1.048345e-09	2.545214e+01	1.158677e+02
4.670000e-06	4.652188e-06	1.043087e-09	2.520841e+01	1.152769e+02
4.680000e-06	4.606822e-06	1.036586e-09	2.496259e+01	1.146791e+02
4.690000e-06	4.560893e-06	1.030372e-09	2.471372e+01	1.140744e+02
4.700000e-06	4.514459e-06	1.026991e-09	2.446211e+01	1.134628e+02
4.710000e-06	4.467842e-06	1.024561e-09	2.420951e+01	1.128445e+02
4.720000e-06	4.421088e-06	1.019974e-09	2.395617e+01	1.122193e+02
4.730000e-06	4.373932e-06	1.012602e-09	2.370065e+01	1.115872e+02
4.740000e-06	4.326313e-06	1.003599e-09	2.344262e+01	1.109482e+02
4.750000e-06	4.278525e-06	9.972109e-10	2.318368e+01	1.103020e+02
4.760000e-06	4.230522e-06	9.924899e-10	2.292357e+01	1.096486e+02
4.770000e-06	4.182010e-06	9.856023e-10	2.266070e+01	1.089875e+02
4.780000e-06	4.133005e-06	9.790505e-10	2.239516e+01	1.083185e+02
4.790000e-06	4.083531e-06	9.754480e-10	2.212708e+01	1.076413e+02
4.800000e-06	4.033839e-06	9.726986e-10	2.185782e+01	1.069552e+02
4.810000e-06	3.984007e-06	9.686170e-10	2.158780e+01	1.062599e+02
4.820000e-06	3.933910e-06	9.621253e-10	2.131634e+01	1.055548e+02
4.830000e-06	3.883525e-06	9.544569e-10	2.104332e+01	1.048392e+02
4.840000e-06	3.832807e-06	9.480095e-10	2.076851e+01	1.041126e+02
4.850000e-06	3.781777e-06	9.424182e-10	2.049199e+01	1.033742e+02
4.860000e-06	3.730469e-06	9.361641e-10	2.021397e+01	1.026234e+02
4.870000e-06	3.678927e-06	9.301544e-10	1.993469e+01	1.018595e+02
4.880000e-06	3.627116e-06	9.247674e-10	1.965395e+01	1.010817e+02
4.890000e-06	3.574975e-06	9.189576e-10	1.937141e+01	1.002895e+02
4.900000e-06	3.522585e-06	9.127893e-10	1.908753e+01	9.948215e+01
4.910000e-06	3.469991e-06	9.067237e-10	1.880255e+01	9.865907e+01
4.920000e-06	3.416987e-06	8.995490e-10	1.851534e+01	9.781970e+01
4.930000e-06	3.363698e-06	8.905256e-10	1.822658e+01	9.696357e+01
4.940000e-06	3.310212e-06	8.823619e-10	1.793676e+01	9.609026e+01
4.950000e-06	3.256297e-06	8.757842e-10	1.764462e+01	9.519945e+01
4.960000e-06	3.201908e-06	8.674728e-10	1.734991e+01	9.429089e+01
4.970000e-06	3.147086e-06	8.575759e-10	1.705285e+01	9.336444e+01
4.980000e-06	3.091937e-06	8.495116e-10	1.675401e+01	9.242005e+01
4.990000e-06	3.036581e-06	8.427066e-10	1.645406e+01	9.145780e+01
5.000000e-06	2.980896e-06	8.347366e-10	1.615233e+01	9.047782e+01
5.010000e-06	2.924984e-06	8.251696e-10	1.584936e+01	8.948040e+01
5.020000e-06	2.868902e-06	8.151863e-10	1.554548e+01	8.846588e+01
5.030000e-06	2.812601e-06	8.062196e-10	1.524040e+01	8.743471e+01
5.040000e-06	2.756203e-06	7.978236e-10	1.493480e+01	8.638741e+01
5.050000e-06	2.699731e-06	7.891564e-10	1.462880e+01	8.532459e+01
5.060000e-06	2.643079e-06	7.808668e-10	1.432182e+01	8.424690e+01
5.070000e-06	2.586275e-06	7.713374e-10	1.401403e+01	8.315506e+01
5.080000e-06	2.529390e-06	7.606842e-10	1.370579e+01	8.204981e+01
5.090000e-06	2.472422e-06	7.505969e-10	1.339710e+01	8.093192e+01
5.100000e-06	2.415183e-06	7.402922e-10	1.308694e+01	7.980214e+01
5.110000e-06	2.357646e-06	7.294014e-10	1.277517e+01	7.866125e+01
5.120000e-06	2.300037e-06	7.183721e-10	1.246301e+01	7.750997e+01
5.130000e-06	2.242309e-06	7.076645e-10	1.215021e+01	7.634900e+01
5.140000e-06	2.184379e-06	6.972240e-10	1.183631e+01	7.517896e+01
5.150000e-06	2.126224e-06	6.859935e-10	1.152119e+01	7.400044e+01
5.160000e-06	2.067956e-06	6.746638e-10	1.120546e+01	7.281390e+01
5.170000e-06	2.009616e-06	6.633965e-10	1.088933e+01	7.161976e+01
5.180000e-06	1.951018e-06	6.519933e-10	1.057181e+01	7.041829e+01
5.190000e-06	1.892198e-06	6.410280e-10	1.025309e+01	6.920969e+01
5.200000e-06	1.833249e-06	6.298905e-10	9.933667e+00	6.799403e+01
5.210000e-06	1.774222e-06	6.181005e-10	9.613823e+00	6.677125e+01
5.220000e-06	1.715051e-06	6.055211e-10	9.293199e+00	6.554120e+01
5.230000e-06	1.655672e-06	5.936155e-10	8.971450e+00	6.430359e+01
5.240000e-06	1.596228e-06	5.820464e-10	8.649345e+00	6.305804e+01
5.250000e-06	1.536708e-06	5.695706e-10	8.326829e+00	6.180403e+01
5.260000e-06	1.477150e-06	5.573252e-10	8.004108e+00	6.054096e+01
5.270000e-06	1.417578e-06	5.459628e-10	7.681310e+00	5.926814e+01
5.280000e-06	1.357970e-06	5.346011e-10	7.358313e+00	5.798478e+01
5.290000e-06	1.298164e-06	5.228455e-10	7.034251e+00	5.669004e+01
5.300000e-06	1.238159e-06	5.102009e-10	6.709108e+00	5.538302e+01
5.310000e-06	1.178078e-06	4.971211e-10	6.383550e+00	5.406275e+01
5.320000e-06	1.117965e-06	4.847654e-10	6.057819e+00	5.272828e+01
5.330000e-06	1.057808e-06	4.734316e-10	5.731856e+00	5.137861e+01
5.340000e-06	9.976006e-07	4.625662e-10	5.405613e+00	5.001275e+01
5.350000e-06	9.374338e-07	4.511063e-10	5.079592e+00	4.862974e+01
5.360000e-06	8.772780e-07	4.383750e-10	4.753631e+00	4.722864e+01
5.370000e-06	8.170357e-07	4.250100e-10	4.427201e+00	4.580857e+01
5.380000e-06	7.567248e-07	4.120553e-10	4.100400e+00	4.436868e+01
5.390000e-06	6.964105e-07	3.991781e-10	3.773580e+00	4.290822e+01
5.400000e-06	6.360117e-07	3.851578e-10	3.446302e+00	4.142652e+01
5.410000e-06	5.755954e-07	3.705443e-10	3.118930e+00	3.992299e+01
5.420000e-06	5.152502e-07	3.569739e-10	2.791942e+00	3.839714e+01
5.430000e-06	4.548505e-07	3.439305e-10	2.464660e+00	3.684860e+01
5.440000e-06	3.943735e-07	3.309317e-10	2.136958e+00	3.527710e+01
5.450000e-06	3.338890e-07	3.166568e-10	1.809216e+00	3.368248e+01
5.460000e-06	2.734241e-07	3.006054e-10	1.481580e+00	3.206472e+01
5.470000e-06	2.130127e-07	2.848493e-10	1.154234e+00	3.042389e+01
5.480000e-06	1.525539e-07	2.703065e-10	8.266306e-01	2.876020e+01
5.490000e-06	9.198718e-08	2.560492e-10	4.984431e-01	2.707397e+01
5.500000e-06	3.144455e-08	2.412782e-10	1.703859e-01	2.536561e+01
5.510000e-06	-2.898505e-08	2.254941e-10	-1.570588e-01	2.363566e+01
5.520000e-06	-8.945215e-08	2.095438e-10	-4.847067e-01	2.188476e+01
5.530000e-06	-1.499451e-07	1.942012e-10	-8.124946e-01	2.011365e+01
5.540000e-06	-2.104425e-07	1.781630e-10	-1.140307e+00	1.832314e+01
5.550000e-06	-2.710183e-07	1.620308e-10	-1.468544e+00	1.651415e+01
5.560000e-06	-3.316126e-07	1.456622e-10	-1.796881e+00	1.468766e+01
5.570000e-06	-3.920948e-07	1.284072e-10	-2.124610e+00	1.284472e+01
5.580000e-06	-4.524320e-07	1.111217e-10	-2.451555e+00	1.098647e+01
5.590000e-06	-5.127912e-07	9.321858e-11	-2.778618e+00	9.114070e+00
5.600000e-06	-5.731821e-07	7.566408e-11	-3.105853e+00	7.228754e+00
5.610000e-06	-6.335768e-07	5.863874e-11	-3.433108e+00	5.331795e+00
5.620000e-06	-6.939673e-07	4.111431e-11	-3.760341e+00	3.424503e+00
5.630000e-06	-7.542867e-07	2.333042e-11	-4.087189e+00	1.508223e+00
5.640000e-06	-8.145258e-07	4.541641e-12	-4.413602e+00	-4.156736e-01
5.650000e-06	-8.747114e-07	-1.520764e-11	-4.739724e+00	-2.345790e+00
5.660000e-06	-9.348964e-07	-3.412924e-11	-5.065843e+00	-4.280712e+00
5.670000e-06	-9.950935e-07	-5.175670e-11	-5.392028e+00	-6.219010e+00
5.680000e-06	-1.055278e-06	-6.870629e-11	-5.718145e+00	-8.159243e+00
5.690000e-06	-1.115442e-06	-8.522188e-11	-6.044151e+00	-1.009996e+01
5.700000e-06	-1.175551e-06	-1.029287e-10	-6.369855e+00	-1.203972e+01
5.710000e-06	-1.235640e-06	-1.220927e-10	-6.695455e+00	-1.397707e+01
5.720000e-06	-1.295595e-06	-1.404226e-10	-7.020330e+00	-1.591056e+01
5.730000e-06	-1.355373e-06	-1.579764e-10	-7.344244e+00	-1.783875e+01
5.740000e-06	-1.415077e-06	-1.757748e-10	-7.667755e+00	-1.976022e+01
5.750000e-06	-1.474642e-06	-1.933972e-10	-7.990519e+00	-2.167356e+01
5.760000e-06	-1.534106e-06	-2.116637e-10	-8.312729e+00	-2.357738e+01
5.770000e-06	-1.593494e-06	-2.304161e-10	-8.634531e+00	-2.547034e+01
5.780000e-06	-1.652750e-06	-2.489030e-10	-8.955616e+00	-2.735108e+01
5.790000e-06	-1.711893e-06	-2.676245e-10	-9.276089e+00	-2.921834e+01
5.800000e-06	-1.770886e-06	-2.866173e-10	-9.595751e+00	-3.107086e+01
5.810000e-06	-1.829741e-06	-3.045155e-10	-9.914659e+00	-3.290744e+01
5.820000e-06	-1.888489e-06	-3.205909e-10	-1.023299e+01	-3.472695e+01
5.830000e-06	-1.947115e-06	-3.372012e-10	-1.055066e+01	-3.652830e+01
5.840000e-06	-2.005510e-06	-3.554456e-10	-1.086709e+01	-3.831049e+01
5.850000e-06	-2.063672e-06	-3.732524e-10	-1.118224e+01	-4.007258e+01
5.860000e-06	-2.121742e-06	-3.892365e-10	-1.149690e+01	-4.181371e+01
5.870000e-06	-2.179756e-06	-4.046497e-10	-1.181125e+01	-4.353312e+01
5.880000e-06	-2.237617e-06	-4.205540e-10	-1.212478e+01	-4.523013e+01
5.890000e-06	-2.295160e-06	-4.357723e-10	-1.243659e+01	-4.690415e+01
5.900000e-06	-2.352381e-06	-4.508196e-10	-1.274664e+01	-4.855469e+01
5.910000e-06	-2.409466e-06	-4.667139e-10	-1.305597e+01	-5.018137e+01
5.920000e-06	-2.466426e-06	-4.822848e-10	-1.336461e+01	-5.178391e+01
5.930000e-06	-2.523223e-06	-4.979003e-10	-1.367238e+01	-5.336213e+01
5.940000e-06	-2.579960e-06	-5.144900e-10	-1.397981e+01	-5.491594e+01
5.950000e-06	-2.636565e-06	-5.302955e-10	-1.428653e+01	-5.644537e+01
5.960000e-06	-2.693054e-06	-5.435702e-10	-1.459262e+01	-5.795054e+01
5.970000e-06	-2.749459e-06	-5.563573e-10	-1.489826e+01	-5.943167e+01
5.980000e-06	-2.805678e-06	-5.698184e-10	-1.520289e+01	-6.088904e+01
5.990000e-06	-2.861719e-06	-5.829815e-10	-1.550655e+01	-6.232305e+01
6.000000e-06	-2.917664e-06	-5.954958e-10	-1.580970e+01	-6.373416e+01
6.010000e-06	-2.973442e-06	-6.072624e-10	-1.611194e+01	-6.512288e+01
6.020000e-06	-3.028967e-06	-6.189367e-10	-1.641281e+01	-6.648981e+01
6.030000e-06	-3.084161e-06	-6.318244e-10	-1.671188e+01	-6.783557e+01
6.040000e-06	-3.138940e-06	-6.450446e-10	-1.700870e+01	-6.916082e+01
6.050000e-06	-3.193308e-06	-6.561672e-10	-1.730331e+01	-7.046628e+01
6.060000e-06	-3.247297e-06	-6.667288e-10	-1.759585e+01	-7.175265e+01
6.070000e-06	-3.300925e-06	-6.781083e-10	-1.788644e+01	-7.302065e+01
6.080000e-06	-3.354153e-06	-6.895405e-10	-1.817486e+01	-7.427101e+01
6.090000e-06	-3.407027e-06	-7.013804e-10	-1.846136e+01	-7.550443e+01
6.100000e-06	-3.459716e-06	-7.133842e-10	-1.874687e+01	-7.672159e+01
6.110000e-06	-3.512288e-06	-7.239476e-10	-1.903174e+01	-7.792316e+01
6.120000e-06	-3.564659e-06	-7.338453e-10	-1.931551e+01	-7.910976e+01
6.130000e-06	-3.616747e-06	-7.445672e-10	-1.959776e+01	-8.028195e+01
6.140000e-06	-3.668474e-06	-7.549898e-10	-1.987805e+01	-8.144027e+01
6.150000e-06	-3.719856e-06	-7.647322e-10	-2.015646e+01	-8.258519e+01
6.160000e-06	-3.771011e-06	-7.748145e-10	-2.043365e+01	-8.371712e+01
6.170000e-06	-3.821942e-06	-7.857697e-10	-2.070963e+01	-8.483643e+01
6.180000e-06	-3.872533e-06	-7.962122e-10	-2.098376e+01	-8.594341e+01
6.190000e-06	-3.922796e-06	-8.046458e-10	-2.125612e+01	-8.703830e+01
6.200000e-06	-3.972829e-06	-8.124002e-10	-2.152723e+01	-8.812129e+01
6.210000e-06	-4.022400e-06	-8.206924e-10	-2.179583e+01	-8.919252e+01
6.220000e-06	-4.071368e-06	-8.293338e-10	-2.206117e+01	-9.025205e+01
6.230000e-06	-4.120016e-06	-8.383763e-10	-2.232478e+01	-9.129992e+01
6.240000e-06	-4.168376e-06	-8.468775e-10	-2.258682e+01	-9.233613e+01
6.250000e-06	-4.216369e-06	-8.551380e-10	-2.284688e+01	-9.336062e+01
6.260000e-06	-4.264008e-06	-8.643974e-10	-2.310502e+01	-9.437333e+01
6.270000e-06	-4.311369e-06	-8.731847e-10	-2.336165e+01	-9.537415e+01
6.280000e-06	-4.358542e-06	-8.813349e-10	-2.361726e+01	-9.636297e+01
6.290000e-06	-4.405465e-06	-8.905648e-10	-2.387151e+01	-9.733965e+01
6.300000e-06	-4.451969e-06	-9.003542e-10	-2.412351e+01	-9.830406e+01
6.310000e-06	-4.498044e-06	-9.102518e-10	-2.437317e+01	-9.925606e+01
6.320000e-06	-4.543863e-06	-9.195708e-10	-2.462144e+01	-1.001955e+02
6.330000e-06	-4.589392e-06	-9.278292e-10	-2.486814e+01	-1.011223e+02
6.340000e-06	-4.634596e-06	-9.357341e-10	-2.511309e+01	-1.020363e+02
6.350000e-06	-4.679535e-06	-9.435849e-10	-2.535659e+01	-1.029373e+02
6.360000e-06	-4.724232e-06	-9.508500e-10	-2.559879e+01	-1.038254e+02
6.370000e-06	-4.768709e-06	-9.578844e-10	-2.583979e+01	-1.047004e+02
6.380000e-06	-4.812971e-06	-9.663074e-10	-2.607963e+01	-1.055623e+02
6.390000e-06	-4.856977e-06	-9.750105e-10	-2.631808e+01	-1.064109e+02
6.400000e-06	-4.900667e-06	-9.825078e-10	-2.655482e+01	-1.072464e+02
6.410000e-06	-4.944076e-06	-9.883152e-10	-2.679004e+01	-1.080686e+02
6.420000e-06	-4.987067e-06	-9.942784e-10	-2.702299e+01	-1.088776e+02
6.430000e-06	-5.029669e-06	-1.001565e-09	-2.725384e+01	-1.096733e+02
6.440000e-06	-5.071950e-06	-1.008876e-09	-2.748294e+01	-1.104559e+02
6.450000e-06	-5.113860e-06	-1.015953e-09	-2.771003e+01	-1.112252e+02
6.460000e-06	-5.155397e-06	-1.022865e-09	-2.793511e+01	-1.119813e+02
6.470000e-06	-5.196467e-06	-1.029883e-09	-2.815765e+01	-1.127242e+02
6.480000e-06	-5.237225e-06	-1.036181e-09	-2.837850e+01	-1.134539e+02
6.490000e-06	-5.277732e-06	-1.041647e-09	-2.859800e+01	-1.141705e+02
6.500000e-06	-5.317952e-06	-1.047584e-09	-2.881593e+01	-1.148739e+02
6.510000e-06	-5.357910e-06	-1.054718e-09	-2.903245e+01	-1.155641e+02
6.520000e-06	-5.397563e-06	-1.062702e-09	-2.924731e+01	-1.162412e+02
6.530000e-06	-5.436801e-06	-1.069168e-09	-2.945993e+01	-1.169051e+02
6.540000e-06	-5.475467e-06	-1.073543e-09	-2.966945e+01	-1.175557e+02
6.550000e-06	-5.513596e-06	-1.078080e-09	-2.987605e+01	-1.181932e+02
6.560000e-06	-5.551234e-06	-1.084215e-09	-3.008000e+01	-1.188174e+02
6.570000e-06	-5.588272e-06	-1.091257e-09	-3.028069e+01	-1.194284e+02
6.580000e-06	-5.624772e-06	-1.097250e-09	-3.047847e+01	-1.200261e+02
6.590000e-06	-5.660999e-06	-1.101855e-09	-3.067477e+01	-1.206106e+02
6.600000e-06	-5.696992e-06	-1.106518e-09	-3.086980e+01	-1.211820e+02
6.610000e-06	-5.732680e-06	-1.111533e-09	-3.106318e+01	-1.217402e+02
6.620000e-06	-5.768012e-06	-1.115780e-09	-3.125463e+01	-1.222853e+02
6.630000e-06	-5.802966e-06	-1.119076e-09	-3.144404e+01	-1.228176e+02
6.640000e-06	-5.837467e-06	-1.121916e-09	-3.163098e+01	-1.233370e+02
6.650000e-06	-5.871422e-06	-1.125444e-09	-3.181497e+01	-1.238439e+02
6.660000e-06	-5.904926e-06	-1.129545e-09	-3.199651e+01	-1.243385e+02
6.670000e-06	-5.938039e-06	-1.133152e-09	-3.217594e+01	-1.248210e+02
6.680000e-06	-5.970858e-06	-1.135888e-09	-3.235378e+01	-1.252918e+02
6.690000e-06	-6.003385e-06	-1.137421e-09	-3.253003e+01	-1.257513e+02
6.700000e-06	-6.035610e-06	-1.139152e-09	-3.270465e+01	-1.261998e+02
6.710000e-06	-6.067523e-06	-1.142324e-09	-3.287757e+01	-1.266380e+02
6.720000e-06	-6.098898e-06	-1.145329e-09	-3.304758e+01	-1.270661e+02
6.730000e-06	-6.129571e-06	-1.147432e-09	-3.321378e+01	-1.274850e+02
6.740000e-06	-6.159540e-06	-1.149686e-09	-3.337617e+01	-1.278950e+02
6.750000e-06	-6.188929e-06	-1.152897e-09	-3.353542e+01	-1.282969e+02
6.760000e-06	-6.217803e-06	-1.156600e-09	-3.369188e+01	-1.286912e+02
6.770000e-06	-6.246266e-06	-1.158518e-09	-3.384611e+01	-1.290787e+02
6.780000e-06	-6.274524e-06	-1.159345e-09	-3.399923e+01	-1.294599e+02
6.790000e-06	-6.302490e-06	-1.161116e-09	-3.415076e+01	-1.298355e+02
6.800000e-06	-6.329940e-06	-1.162406e-09	-3.429950e+01	-1.302061e+02
6.810000e-06	-6.356924e-06	-1.164164e-09	-3.444572e+01	-1.305724e+02
6.820000e-06	-6.383485e-06	-1.165819e-09	-3.458964e+01	-1.309349e+02
6.830000e-06	-6.409500e-06	-1.166673e-09	-3.473061e+01	-1.312941e+02
6.840000e-06	-6.435069e-06	-1.168972e-09	-3.486916e+01	-1.316506e+02
6.850000e-06	-6.460230e-06	-1.171105e-09	-3.500549e+01	-1.320046e+02
6.860000e-06	-6.484837e-06	-1.173056e-09	-3.513883e+01	-1.323567e+02
6.870000e-06	-6.509071e-06	-1.175270e-09	-3.527015e+01	-1.327070e+02
6.880000e-06	-6.533094e-06	-1.177767e-09	-3.540032e+01	-1.330557e+02
6.890000e-06	-6.556800e-06	-1.181873e-09	-3.552877e+01	-1.334030e+02
6.900000e-06	-6.579953e-06	-1.185549e-09	-3.565423e+01	-1.337488e+02
6.910000e-06	-6.602335e-06	-1.186648e-09	-3.577551e+01	-1.340932e+02
6.920000e-06	-6.624075e-06	-1.186922e-09	-3.589331e+01	-1.344360e+02
6.930000e-06	-6.645199e-06	-1.188128e-09	-3.600777e+01	-1.347769e+02
6.940000e-06	-6.665769e-06	-1.190280e-09	-3.611923e+01	-1.351156e+02
6.950000e-06	-6.686006e-06	-1.192420e-09	-3.622889e+01	-1.354518e+02
6.960000e-06	-6.705929e-06	-1.194388e-09	-3.633684e+01	-1.357850e+02
6.970000e-06	-6.725431e-06	-1.196827e-09	-3.644252e+01	-1.361147e+02
6.980000e-06	-6.744424e-06	-1.199004e-09	-3.654543e+01	-1.364404e+02
6.990000e-06	-6.762957e-06	-1.201215e-09	-3.664586e+01	-1.367614e+02
7.000000e-06	-6.781022e-06	-1.203196e-09	-3.674374e+01	-1.370771e+02
7.010000e-06	-6.798585e-06	-1.205010e-09	-3.683891e+01	-1.373868e+02
7.020000e-06	-6.815655e-06	-1.206956e-09	-3.693141e+01	-1.376899e+02
7.030000e-06	-6.832346e-06	-1.208997e-09	-3.702185e+01	-1.379858e+02
7.040000e-06	-6.848766e-06	-1.211691e-09	-3.711082e+01	-1.382737e+02
7.050000e-06	-6.864903e-06	-1.213839e-09	-3.719826e+01	-1.385531e+02
7.060000e-06	-6.880437e-06	-1.216037e-09	-3.728244e+01	-1.388233e+02
7.070000e-06	-6.895222e-06	-1.218342e-09	-3.736255e+01	-1.390838e+02
7.080000e-06	-6.909308e-06	-1.219624e-09	-3.743888e+01	-1.393341e+02
7.090000e-06	-6.922631e-06	-1.222060e-09	-3.751107e+01	-1.395738e+02
7.100000e-06	-6.935377e-06	-1.225491e-09	-3.758013e+01	-1.398024e+02
7.110000e-06	-6.947630e-06	-1.227214e-09	-3.764653e+01	-1.400196e+02
7.120000e-06	-6.959380e-06	-1.227913e-09	-3.771020e+01	-1.402252e+02
7.130000e-06	-6.970535e-06	-1.228833e-09	-3.777064e+01	-1.404190e+02
7.140000e-06	-6.981180e-06	-1.229891e-09	-3.782833e+01	-1.406009e+02
7.150000e-06	-6.991481e-06	-1.230414e-09	-3.788414e+01	-1.407707e+02
7.160000e-06	-7.001246e-06	-1.231196e-09	-3.793705e+01	-1.409287e+02
7.170000e-06	-7.010448e-06	-1.233300e-09	-3.798692e+01	-1.410747e+02
7.180000e-06	-7.019197e-06	-1.235124e-09	-3.803432e+01	-1.412089e+02
7.190000e-06	-7.027534e-06	-1.235622e-09	-3.807950e+01	-1.413316e+02
7.200000e-06	-7.035633e-06	-1.236276e-09	-3.812338e+01	-1.414429e+02
7.210000e-06	-7.043288e-06	-1.237546e-09	-3.816486e+01	-1.415431e+02
7.220000e-06	-7.050227e-06	-1.237934e-09	-3.820246e+01	-1.416324e+02
7.230000e-06	-7.056427e-06	-1.237680e-09	-3.823606e+01	-1.417111e+02
7.240000e-06	-7.061942e-06	-1.237386e-09	-3.826594e+01	-1.417797e+02
7.250000e-06	-7.066903e-06	-1.236935e-09	-3.829282e+01	-1.418383e+02
7.260000e-06	-7.071352e-06	-1.236993e-09	-3.831693e+01	-1.418873e+02
7.270000e-06	-7.075403e-06	-1.236397e-09	-3.833888e+01	-1.419270e+02
7.280000e-06	-7.079129e-06	-1.234693e-09	-3.835907e+01	-1.419576e+02
7.290000e-06	-7.082294e-06	-1.233858e-09	-3.837622e+01	-1.419795e+02
7.300000e-06	-7.084914e-06	-1.234120e-09	-3.839042e+01	-1.419929e+02
7.310000e-06	-7.087245e-06	-1.233516e-09	-3.840305e+01	-1.419981e+02
7.320000e-06	-7.089125e-06	-1.231733e-09	-3.841324e+01	-1.419951e+02
7.330000e-06	-7.090340e-06	-1.230255e-09	-3.841982e+01	-1.419843e+02
7.340000e-06	-7.091058e-06	-1.229661e-09	-3.842371e+01	-1.419657e+02
