# Temperatura_=_20.0
# Concentracion g/m^3_=_7400.0
# C_Vs_to_Am_M_A/Vsm_=_116720831517.84952
# pendiente_HvsI_1/m_=_3716.3
# ordenada_HvsI_A/m_=_1297.0
# frecuencia_Hz_=_136115.4372262622

Tiempo_(s)	Campo_(V.s)	Magnetizacion_(V.s)	Campo_(kA/m)	Magnetizacion_(A/m)
0.000000e+00	-7.144598e-06	-1.237624e-09	-3.841837e+01	-1.442104e+02
1.000000e-08	-7.144802e-06	-1.236654e-09	-3.841947e+01	-1.441832e+02
2.000000e-08	-7.144695e-06	-1.237578e-09	-3.841889e+01	-1.441487e+02
3.000000e-08	-7.144145e-06	-1.238004e-09	-3.841594e+01	-1.441070e+02
4.000000e-08	-7.142883e-06	-1.236984e-09	-3.840915e+01	-1.440582e+02
5.000000e-08	-7.140840e-06	-1.234474e-09	-3.839817e+01	-1.440026e+02
6.000000e-08	-7.138117e-06	-1.232158e-09	-3.838352e+01	-1.439404e+02
7.000000e-08	-7.134858e-06	-1.229624e-09	-3.836600e+01	-1.438716e+02
8.000000e-08	-7.131211e-06	-1.226593e-09	-3.834639e+01	-1.437967e+02
9.000000e-08	-7.127099e-06	-1.238060e-09	-3.832428e+01	-1.437157e+02
1.000000e-07	-7.122251e-06	-1.243014e-09	-3.829821e+01	-1.436291e+02
1.100000e-07	-7.116660e-06	-1.192325e-09	-3.826814e+01	-1.435371e+02
1.200000e-07	-7.110691e-06	-1.165477e-09	-3.823605e+01	-1.434399e+02
1.300000e-07	-7.104527e-06	-1.260619e-09	-3.820290e+01	-1.433379e+02
1.400000e-07	-7.098070e-06	-1.307715e-09	-3.816818e+01	-1.432315e+02
1.500000e-07	-7.091077e-06	-1.177166e-09	-3.813057e+01	-1.431208e+02
1.600000e-07	-7.083551e-06	-1.116694e-09	-3.809011e+01	-1.430063e+02
1.700000e-07	-7.075571e-06	-1.277390e-09	-3.804720e+01	-1.428883e+02
1.800000e-07	-7.067150e-06	-1.332346e-09	-3.800191e+01	-1.427670e+02
1.900000e-07	-7.058032e-06	-1.124519e-09	-3.795288e+01	-1.426427e+02
2.000000e-07	-7.048052e-06	-1.076988e-09	-3.789922e+01	-1.425157e+02
2.100000e-07	-7.037460e-06	-1.313074e-09	-3.784226e+01	-1.423863e+02
2.200000e-07	-7.026467e-06	-1.338844e-09	-3.778315e+01	-1.422547e+02
2.300000e-07	-7.014826e-06	-1.098553e-09	-3.772055e+01	-1.421210e+02
2.400000e-07	-7.002472e-06	-1.102566e-09	-3.765412e+01	-1.419855e+02
2.500000e-07	-6.989708e-06	-1.311980e-09	-3.758549e+01	-1.418482e+02
2.600000e-07	-6.976474e-06	-1.250881e-09	-3.751433e+01	-1.417092e+02
2.700000e-07	-6.962409e-06	-1.081506e-09	-3.743869e+01	-1.415685e+02
2.800000e-07	-6.947675e-06	-1.189934e-09	-3.735947e+01	-1.414262e+02
2.900000e-07	-6.932469e-06	-1.291250e-09	-3.727770e+01	-1.412822e+02
3.000000e-07	-6.916434e-06	-1.145311e-09	-3.719148e+01	-1.411364e+02
3.100000e-07	-6.899754e-06	-1.120694e-09	-3.710178e+01	-1.409887e+02
3.200000e-07	-6.882734e-06	-1.268484e-09	-3.701026e+01	-1.408390e+02
3.300000e-07	-6.865436e-06	-1.192443e-09	-3.691724e+01	-1.406869e+02
3.400000e-07	-6.847740e-06	-1.065600e-09	-3.682209e+01	-1.405324e+02
3.500000e-07	-6.829631e-06	-1.217830e-09	-3.672471e+01	-1.403750e+02
3.600000e-07	-6.811110e-06	-1.287927e-09	-3.662512e+01	-1.402145e+02
3.700000e-07	-6.792150e-06	-1.088256e-09	-3.652317e+01	-1.400506e+02
3.800000e-07	-6.772693e-06	-1.086828e-09	-3.641854e+01	-1.398830e+02
3.900000e-07	-6.752764e-06	-1.270907e-09	-3.631138e+01	-1.397112e+02
4.000000e-07	-6.732434e-06	-1.191240e-09	-3.620206e+01	-1.395350e+02
4.100000e-07	-6.711642e-06	-1.061670e-09	-3.609026e+01	-1.393539e+02
4.200000e-07	-6.690337e-06	-1.189913e-09	-3.597569e+01	-1.391675e+02
4.300000e-07	-6.668528e-06	-1.232525e-09	-3.585842e+01	-1.389756e+02
4.400000e-07	-6.646137e-06	-1.097746e-09	-3.573802e+01	-1.387778e+02
4.500000e-07	-6.623264e-06	-1.135899e-09	-3.561502e+01	-1.385737e+02
4.600000e-07	-6.600095e-06	-1.219093e-09	-3.549044e+01	-1.383630e+02
4.700000e-07	-6.576625e-06	-1.117709e-09	-3.536423e+01	-1.381455e+02
4.800000e-07	-6.552763e-06	-1.100049e-09	-3.523592e+01	-1.379208e+02
4.900000e-07	-6.528513e-06	-1.209538e-09	-3.510552e+01	-1.376888e+02
5.000000e-07	-6.503661e-06	-1.158678e-09	-3.497189e+01	-1.374492e+02
5.100000e-07	-6.477861e-06	-1.078523e-09	-3.483315e+01	-1.372019e+02
5.200000e-07	-6.451347e-06	-1.154993e-09	-3.469058e+01	-1.369467e+02
5.300000e-07	-6.424295e-06	-1.172076e-09	-3.454512e+01	-1.366836e+02
5.400000e-07	-6.396841e-06	-1.096495e-09	-3.439749e+01	-1.364124e+02
5.500000e-07	-6.369050e-06	-1.122407e-09	-3.424805e+01	-1.361333e+02
5.600000e-07	-6.340814e-06	-1.157918e-09	-3.409622e+01	-1.358460e+02
5.700000e-07	-6.312167e-06	-1.108216e-09	-3.394217e+01	-1.355507e+02
5.800000e-07	-6.283128e-06	-1.107387e-09	-3.378602e+01	-1.352475e+02
5.900000e-07	-6.253694e-06	-1.141801e-09	-3.362775e+01	-1.349363e+02
6.000000e-07	-6.223838e-06	-1.110578e-09	-3.346721e+01	-1.346173e+02
6.100000e-07	-6.193630e-06	-1.092591e-09	-3.330477e+01	-1.342905e+02
6.200000e-07	-6.163123e-06	-1.119855e-09	-3.314073e+01	-1.339562e+02
6.300000e-07	-6.132149e-06	-1.113057e-09	-3.297417e+01	-1.336143e+02
6.400000e-07	-6.100830e-06	-1.094483e-09	-3.280576e+01	-1.332651e+02
6.500000e-07	-6.069249e-06	-1.102874e-09	-3.263594e+01	-1.329086e+02
6.600000e-07	-6.037329e-06	-1.100269e-09	-3.246430e+01	-1.325449e+02
6.700000e-07	-6.004910e-06	-1.087663e-09	-3.228997e+01	-1.321741e+02
6.800000e-07	-5.971858e-06	-1.089895e-09	-3.211224e+01	-1.317964e+02
6.900000e-07	-5.937960e-06	-1.088023e-09	-3.192996e+01	-1.314117e+02
7.000000e-07	-5.903220e-06	-1.078598e-09	-3.174316e+01	-1.310202e+02
7.100000e-07	-5.867985e-06	-1.074353e-09	-3.155369e+01	-1.306218e+02
7.200000e-07	-5.832446e-06	-1.070664e-09	-3.136259e+01	-1.302166e+02
7.300000e-07	-5.796777e-06	-1.067995e-09	-3.117079e+01	-1.298045e+02
7.400000e-07	-5.760952e-06	-1.067220e-09	-3.097815e+01	-1.293855e+02
7.500000e-07	-5.724713e-06	-1.060638e-09	-3.078328e+01	-1.289596e+02
7.600000e-07	-5.687963e-06	-1.054965e-09	-3.058567e+01	-1.285267e+02
7.700000e-07	-5.650854e-06	-1.054664e-09	-3.038612e+01	-1.280866e+02
7.800000e-07	-5.613383e-06	-1.050619e-09	-3.018463e+01	-1.276394e+02
7.900000e-07	-5.575419e-06	-1.041678e-09	-2.998048e+01	-1.271848e+02
8.000000e-07	-5.536915e-06	-1.034258e-09	-2.977344e+01	-1.267228e+02
8.100000e-07	-5.498006e-06	-1.028601e-09	-2.956422e+01	-1.262531e+02
8.200000e-07	-5.458753e-06	-1.025097e-09	-2.935314e+01	-1.257757e+02
8.300000e-07	-5.419233e-06	-1.023429e-09	-2.914063e+01	-1.252905e+02
8.400000e-07	-5.379546e-06	-1.019375e-09	-2.892722e+01	-1.247972e+02
8.500000e-07	-5.339643e-06	-1.012770e-09	-2.871266e+01	-1.242957e+02
8.600000e-07	-5.299274e-06	-1.007760e-09	-2.849558e+01	-1.237860e+02
8.700000e-07	-5.258285e-06	-1.003830e-09	-2.827517e+01	-1.232678e+02
8.800000e-07	-5.216714e-06	-9.983423e-10	-2.805164e+01	-1.227412e+02
8.900000e-07	-5.174664e-06	-9.901971e-10	-2.782552e+01	-1.222059e+02
9.000000e-07	-5.132149e-06	-9.817626e-10	-2.759691e+01	-1.216619e+02
9.100000e-07	-5.089106e-06	-9.767155e-10	-2.736545e+01	-1.211091e+02
9.200000e-07	-5.045666e-06	-9.733128e-10	-2.713186e+01	-1.205475e+02
9.300000e-07	-5.001962e-06	-9.678091e-10	-2.689686e+01	-1.199771e+02
9.400000e-07	-4.958064e-06	-9.596414e-10	-2.666081e+01	-1.193978e+02
9.500000e-07	-4.913939e-06	-9.523737e-10	-2.642353e+01	-1.188095e+02
9.600000e-07	-4.869424e-06	-9.478420e-10	-2.618417e+01	-1.182124e+02
9.700000e-07	-4.824499e-06	-9.438477e-10	-2.594259e+01	-1.176063e+02
9.800000e-07	-4.779226e-06	-9.386256e-10	-2.569915e+01	-1.169913e+02
9.900000e-07	-4.733665e-06	-9.327896e-10	-2.545416e+01	-1.163674e+02
1.000000e-06	-4.687847e-06	-9.268921e-10	-2.520778e+01	-1.157345e+02
1.010000e-06	-4.641761e-06	-9.213939e-10	-2.495996e+01	-1.150927e+02
1.020000e-06	-4.595314e-06	-9.158473e-10	-2.471020e+01	-1.144419e+02
1.030000e-06	-4.548461e-06	-9.093978e-10	-2.445826e+01	-1.137820e+02
1.040000e-06	-4.501199e-06	-9.022560e-10	-2.420412e+01	-1.131131e+02
1.050000e-06	-4.453663e-06	-8.977030e-10	-2.394851e+01	-1.124351e+02
1.060000e-06	-4.405974e-06	-8.947985e-10	-2.369208e+01	-1.117478e+02
1.070000e-06	-4.358019e-06	-8.910624e-10	-2.343421e+01	-1.110511e+02
1.080000e-06	-4.309824e-06	-8.854550e-10	-2.317505e+01	-1.103448e+02
1.090000e-06	-4.261165e-06	-8.779550e-10	-2.291340e+01	-1.096288e+02
1.100000e-06	-4.211951e-06	-8.707428e-10	-2.264876e+01	-1.089029e+02
1.110000e-06	-4.162327e-06	-8.645475e-10	-2.238192e+01	-1.081667e+02
1.120000e-06	-4.112237e-06	-8.579381e-10	-2.211257e+01	-1.074202e+02
1.130000e-06	-4.061676e-06	-8.510027e-10	-2.184069e+01	-1.066628e+02
1.140000e-06	-4.010743e-06	-8.442207e-10	-2.156681e+01	-1.058944e+02
1.150000e-06	-3.959518e-06	-8.388800e-10	-2.129136e+01	-1.051146e+02
1.160000e-06	-3.908050e-06	-8.348909e-10	-2.101461e+01	-1.043230e+02
1.170000e-06	-3.856406e-06	-8.288825e-10	-2.073690e+01	-1.035194e+02
1.180000e-06	-3.804446e-06	-8.213813e-10	-2.045750e+01	-1.027032e+02
1.190000e-06	-3.752145e-06	-8.141563e-10	-2.017626e+01	-1.018742e+02
1.200000e-06	-3.699488e-06	-8.073343e-10	-1.989312e+01	-1.010319e+02
1.210000e-06	-3.646483e-06	-8.008043e-10	-1.960809e+01	-1.001761e+02
1.220000e-06	-3.593165e-06	-7.935379e-10	-1.932139e+01	-9.930646e+01
1.230000e-06	-3.539575e-06	-7.850342e-10	-1.903322e+01	-9.842257e+01
1.240000e-06	-3.485891e-06	-7.764940e-10	-1.874455e+01	-9.752420e+01
1.250000e-06	-3.431970e-06	-7.697668e-10	-1.845460e+01	-9.661111e+01
1.260000e-06	-3.377808e-06	-7.643835e-10	-1.816336e+01	-9.568308e+01
1.270000e-06	-3.323489e-06	-7.561503e-10	-1.787127e+01	-9.473995e+01
1.280000e-06	-3.268840e-06	-7.462594e-10	-1.757741e+01	-9.378162e+01
1.290000e-06	-3.213902e-06	-7.382757e-10	-1.728199e+01	-9.280801e+01
1.300000e-06	-3.158752e-06	-7.317696e-10	-1.698544e+01	-9.181911e+01
1.310000e-06	-3.103409e-06	-7.237263e-10	-1.668784e+01	-9.081497e+01
1.320000e-06	-3.047972e-06	-7.143429e-10	-1.638974e+01	-8.979566e+01
1.330000e-06	-2.992420e-06	-7.058633e-10	-1.609102e+01	-8.876135e+01
1.340000e-06	-2.936775e-06	-6.971609e-10	-1.579181e+01	-8.771221e+01
1.350000e-06	-2.881100e-06	-6.882486e-10	-1.549243e+01	-8.664849e+01
1.360000e-06	-2.825351e-06	-6.796141e-10	-1.519265e+01	-8.557046e+01
1.370000e-06	-2.769296e-06	-6.712961e-10	-1.489123e+01	-8.447846e+01
1.380000e-06	-2.712905e-06	-6.639978e-10	-1.458800e+01	-8.337281e+01
1.390000e-06	-2.656174e-06	-6.561625e-10	-1.428294e+01	-8.225389e+01
1.400000e-06	-2.599107e-06	-6.469795e-10	-1.397608e+01	-8.112209e+01
1.410000e-06	-2.541941e-06	-6.367029e-10	-1.366868e+01	-7.997780e+01
1.420000e-06	-2.484581e-06	-6.260602e-10	-1.336024e+01	-7.882141e+01
1.430000e-06	-2.426871e-06	-6.167913e-10	-1.304992e+01	-7.765330e+01
1.440000e-06	-2.368761e-06	-6.083815e-10	-1.273745e+01	-7.647383e+01
1.450000e-06	-2.310225e-06	-5.990678e-10	-1.242268e+01	-7.528334e+01
1.460000e-06	-2.251377e-06	-5.880537e-10	-1.210624e+01	-7.408213e+01
1.470000e-06	-2.192341e-06	-5.771224e-10	-1.178879e+01	-7.287044e+01
1.480000e-06	-2.133216e-06	-5.668341e-10	-1.147086e+01	-7.164847e+01
1.490000e-06	-2.074038e-06	-5.561297e-10	-1.115264e+01	-7.041636e+01
1.500000e-06	-2.014709e-06	-5.454382e-10	-1.083362e+01	-6.917418e+01
1.510000e-06	-1.955261e-06	-5.344748e-10	-1.051395e+01	-6.792193e+01
1.520000e-06	-1.895814e-06	-5.237553e-10	-1.019429e+01	-6.665954e+01
1.530000e-06	-1.836313e-06	-5.147232e-10	-9.874333e+00	-6.538684e+01
1.540000e-06	-1.776693e-06	-5.051416e-10	-9.553742e+00	-6.410359e+01
1.550000e-06	-1.716989e-06	-4.932663e-10	-9.232697e+00	-6.280949e+01
1.560000e-06	-1.657224e-06	-4.806063e-10	-8.911324e+00	-6.150413e+01
1.570000e-06	-1.597443e-06	-4.690477e-10	-8.589867e+00	-6.018704e+01
1.580000e-06	-1.537618e-06	-4.591562e-10	-8.268176e+00	-5.885767e+01
1.590000e-06	-1.477649e-06	-4.489795e-10	-7.945707e+00	-5.751541e+01
1.600000e-06	-1.417579e-06	-4.377320e-10	-7.622694e+00	-5.615956e+01
1.610000e-06	-1.357377e-06	-4.264464e-10	-7.298970e+00	-5.478941e+01
1.620000e-06	-1.296942e-06	-4.152333e-10	-6.973995e+00	-5.340418e+01
1.630000e-06	-1.236455e-06	-4.041624e-10	-6.648742e+00	-5.200304e+01
1.640000e-06	-1.175992e-06	-3.923444e-10	-6.323617e+00	-5.058517e+01
1.650000e-06	-1.115390e-06	-3.796169e-10	-5.997742e+00	-4.914971e+01
1.660000e-06	-1.054751e-06	-3.678920e-10	-5.671671e+00	-4.769582e+01
1.670000e-06	-9.940378e-07	-3.577755e-10	-5.345201e+00	-4.622265e+01
1.680000e-06	-9.332277e-07	-3.475083e-10	-5.018210e+00	-4.472939e+01
1.690000e-06	-8.723395e-07	-3.351116e-10	-4.690797e+00	-4.321526e+01
1.700000e-06	-8.113307e-07	-3.220982e-10	-4.362737e+00	-4.167954e+01
1.710000e-06	-7.502248e-07	-3.104332e-10	-4.034155e+00	-4.012154e+01
1.720000e-06	-6.890710e-07	-2.987210e-10	-3.705315e+00	-3.854069e+01
1.730000e-06	-6.279515e-07	-2.867868e-10	-3.376659e+00	-3.693646e+01
1.740000e-06	-5.668920e-07	-2.748979e-10	-3.048326e+00	-3.530844e+01
1.750000e-06	-5.057939e-07	-2.615930e-10	-2.719786e+00	-3.365632e+01
1.760000e-06	-4.444889e-07	-2.475476e-10	-2.390133e+00	-3.197990e+01
1.770000e-06	-3.830978e-07	-2.344081e-10	-2.060017e+00	-3.027908e+01
1.780000e-06	-3.217314e-07	-2.215115e-10	-1.730034e+00	-2.855393e+01
1.790000e-06	-2.605001e-07	-2.074597e-10	-1.400777e+00	-2.680460e+01
1.800000e-06	-1.992975e-07	-1.924513e-10	-1.071675e+00	-2.503139e+01
1.810000e-06	-1.380412e-07	-1.780614e-10	-7.422839e-01	-2.323474e+01
1.820000e-06	-7.677108e-08	-1.643677e-10	-4.128182e-01	-2.141523e+01
1.830000e-06	-1.544515e-08	-1.494692e-10	-8.305260e-02	-1.957354e+01
1.840000e-06	4.590866e-08	-1.335157e-10	2.468629e-01	-1.771051e+01
1.850000e-06	1.072655e-07	-1.177749e-10	5.767945e-01	-1.582710e+01
1.860000e-06	1.686003e-07	-1.030629e-10	9.066079e-01	-1.392438e+01
1.870000e-06	2.297641e-07	-8.976935e-11	1.235502e+00	-1.200354e+01
1.880000e-06	2.908228e-07	-7.611545e-11	1.563830e+00	-1.006588e+01
1.890000e-06	3.520367e-07	-6.098170e-11	1.892994e+00	-8.112799e+00
1.900000e-06	4.133086e-07	-4.572808e-11	2.222468e+00	-6.145780e+00
1.910000e-06	4.744766e-07	-3.035457e-11	2.551385e+00	-4.166390e+00
1.920000e-06	5.355861e-07	-1.498656e-11	2.879986e+00	-2.176265e+00
1.930000e-06	5.967614e-07	-4.750032e-13	3.208942e+00	-1.770981e-01
1.940000e-06	6.578043e-07	1.411819e-11	3.537186e+00	1.829368e+00
1.950000e-06	7.187074e-07	2.959499e-11	3.864677e+00	3.841357e+00
1.960000e-06	7.796820e-07	4.531122e-11	4.192554e+00	5.857065e+00
1.970000e-06	8.406769e-07	6.088933e-11	4.520540e+00	7.874677e+00
1.980000e-06	9.014745e-07	7.598317e-11	4.847464e+00	9.892373e+00
1.990000e-06	9.620290e-07	9.074503e-11	5.173081e+00	1.190834e+01
2.000000e-06	1.022605e-06	1.061505e-10	5.498816e+00	1.392080e+01
2.010000e-06	1.083351e-06	1.214553e-10	5.825460e+00	1.592797e+01
2.020000e-06	1.144003e-06	1.363232e-10	6.151601e+00	1.792814e+01
2.030000e-06	1.204427e-06	1.517384e-10	6.476522e+00	1.991962e+01
2.040000e-06	1.264869e-06	1.674077e-10	6.801533e+00	2.190080e+01
2.050000e-06	1.325189e-06	1.828505e-10	7.125889e+00	2.387011e+01
2.060000e-06	1.385264e-06	1.982208e-10	7.448924e+00	2.582606e+01
2.070000e-06	1.445240e-06	2.131430e-10	7.771431e+00	2.776723e+01
2.080000e-06	1.505282e-06	2.275667e-10	8.094297e+00	2.969229e+01
2.090000e-06	1.565355e-06	2.413862e-10	8.417321e+00	3.159996e+01
2.100000e-06	1.625247e-06	2.552185e-10	8.739379e+00	3.348910e+01
2.110000e-06	1.684995e-06	2.696916e-10	9.060661e+00	3.535862e+01
2.120000e-06	1.744651e-06	2.840778e-10	9.381445e+00	3.720753e+01
2.130000e-06	1.804170e-06	2.985012e-10	9.701495e+00	3.903494e+01
2.140000e-06	1.863605e-06	3.127406e-10	1.002109e+01	4.084005e+01
2.150000e-06	1.923067e-06	3.262459e-10	1.034083e+01	4.262216e+01
2.160000e-06	1.982519e-06	3.395558e-10	1.066053e+01	4.438065e+01
2.170000e-06	2.041861e-06	3.528069e-10	1.097962e+01	4.611501e+01
2.180000e-06	2.101133e-06	3.658713e-10	1.129834e+01	4.782479e+01
2.190000e-06	2.160258e-06	3.795931e-10	1.161627e+01	4.950967e+01
2.200000e-06	2.219220e-06	3.939880e-10	1.193333e+01	5.116938e+01
2.210000e-06	2.277905e-06	4.081610e-10	1.224889e+01	5.280375e+01
2.220000e-06	2.336130e-06	4.220232e-10	1.256198e+01	5.441270e+01
2.230000e-06	2.393987e-06	4.342779e-10	1.287310e+01	5.599621e+01
2.240000e-06	2.451639e-06	4.456959e-10	1.318310e+01	5.755433e+01
2.250000e-06	2.509055e-06	4.579390e-10	1.349185e+01	5.908719e+01
2.260000e-06	2.566166e-06	4.698622e-10	1.379895e+01	6.059499e+01
2.270000e-06	2.622929e-06	4.815350e-10	1.410418e+01	6.207798e+01
2.280000e-06	2.679455e-06	4.937130e-10	1.440813e+01	6.353647e+01
2.290000e-06	2.735812e-06	5.057309e-10	1.471117e+01	6.497082e+01
2.300000e-06	2.791820e-06	5.167143e-10	1.501234e+01	6.638145e+01
2.310000e-06	2.847589e-06	5.281407e-10	1.531223e+01	6.776880e+01
2.320000e-06	2.903318e-06	5.403127e-10	1.561190e+01	6.913337e+01
2.330000e-06	2.958934e-06	5.532144e-10	1.591096e+01	7.047568e+01
2.340000e-06	3.014394e-06	5.652231e-10	1.620918e+01	7.179629e+01
2.350000e-06	3.069729e-06	5.748717e-10	1.650673e+01	7.309578e+01
2.360000e-06	3.124936e-06	5.833277e-10	1.680360e+01	7.437474e+01
2.370000e-06	3.179951e-06	5.911428e-10	1.709943e+01	7.563379e+01
2.380000e-06	3.234777e-06	5.988288e-10	1.739424e+01	7.687356e+01
2.390000e-06	3.289411e-06	6.084238e-10	1.768802e+01	7.809466e+01
2.400000e-06	3.343779e-06	6.214168e-10	1.798037e+01	7.929774e+01
2.410000e-06	3.397885e-06	6.343328e-10	1.827132e+01	8.048341e+01
2.420000e-06	3.451710e-06	6.454382e-10	1.856075e+01	8.165231e+01
2.430000e-06	3.505363e-06	6.545599e-10	1.884925e+01	8.280502e+01
2.440000e-06	3.558822e-06	6.619469e-10	1.913672e+01	8.394215e+01
2.450000e-06	3.611957e-06	6.699849e-10	1.942244e+01	8.506427e+01
2.460000e-06	3.664923e-06	6.789434e-10	1.970725e+01	8.617192e+01
2.470000e-06	3.717750e-06	6.886186e-10	1.999132e+01	8.726563e+01
2.480000e-06	3.770219e-06	6.981778e-10	2.027346e+01	8.834589e+01
2.490000e-06	3.822313e-06	7.069988e-10	2.055357e+01	8.941317e+01
2.500000e-06	3.874092e-06	7.155485e-10	2.083201e+01	9.046788e+01
2.510000e-06	3.925592e-06	7.234402e-10	2.110893e+01	9.151042e+01
2.520000e-06	3.976755e-06	7.308993e-10	2.138405e+01	9.254113e+01
2.530000e-06	4.027386e-06	7.385102e-10	2.165631e+01	9.356033e+01
2.540000e-06	4.077640e-06	7.466009e-10	2.192654e+01	9.456829e+01
2.550000e-06	4.127555e-06	7.548409e-10	2.219494e+01	9.556524e+01
2.560000e-06	4.176955e-06	7.627017e-10	2.246058e+01	9.655136e+01
2.570000e-06	4.225920e-06	7.689009e-10	2.272388e+01	9.752680e+01
2.580000e-06	4.274390e-06	7.747014e-10	2.298451e+01	9.849166e+01
2.590000e-06	4.322484e-06	7.820787e-10	2.324313e+01	9.944600e+01
2.600000e-06	4.370395e-06	7.906374e-10	2.350076e+01	1.003899e+02
2.610000e-06	4.418063e-06	7.995679e-10	2.375708e+01	1.013232e+02
2.620000e-06	4.465476e-06	8.078847e-10	2.401203e+01	1.022460e+02
2.630000e-06	4.512613e-06	8.145854e-10	2.426550e+01	1.031582e+02
2.640000e-06	4.559362e-06	8.203567e-10	2.451688e+01	1.040597e+02
2.650000e-06	4.605836e-06	8.270521e-10	2.476678e+01	1.049503e+02
2.660000e-06	4.652038e-06	8.344486e-10	2.501522e+01	1.058299e+02
2.670000e-06	4.697825e-06	8.410952e-10	2.526144e+01	1.066983e+02
2.680000e-06	4.743275e-06	8.475023e-10	2.550583e+01	1.075554e+02
2.690000e-06	4.788414e-06	8.548738e-10	2.574855e+01	1.084009e+02
2.700000e-06	4.833234e-06	8.617905e-10	2.598956e+01	1.092346e+02
2.710000e-06	4.877667e-06	8.677189e-10	2.622849e+01	1.100563e+02
2.720000e-06	4.921778e-06	8.740766e-10	2.646569e+01	1.108658e+02
2.730000e-06	4.965695e-06	8.809885e-10	2.670184e+01	1.116630e+02
2.740000e-06	5.009370e-06	8.882298e-10	2.693669e+01	1.124475e+02
2.750000e-06	5.052839e-06	8.954534e-10	2.717044e+01	1.132193e+02
2.760000e-06	5.095942e-06	9.019172e-10	2.740221e+01	1.139782e+02
2.770000e-06	5.138639e-06	9.070963e-10	2.763180e+01	1.147240e+02
2.780000e-06	5.180900e-06	9.128933e-10	2.785905e+01	1.154566e+02
2.790000e-06	5.222583e-06	9.200583e-10	2.808320e+01	1.161759e+02
2.800000e-06	5.263680e-06	9.272920e-10	2.830419e+01	1.168818e+02
2.810000e-06	5.304315e-06	9.341050e-10	2.852269e+01	1.175744e+02
2.820000e-06	5.344517e-06	9.407795e-10	2.873887e+01	1.182536e+02
2.830000e-06	5.384253e-06	9.484146e-10	2.895254e+01	1.189194e+02
2.840000e-06	5.423819e-06	9.560362e-10	2.916529e+01	1.195719e+02
2.850000e-06	5.463208e-06	9.619831e-10	2.937710e+01	1.202112e+02
2.860000e-06	5.502108e-06	9.650870e-10	2.958627e+01	1.208375e+02
2.870000e-06	5.540571e-06	9.670936e-10	2.979310e+01	1.214508e+02
2.880000e-06	5.578725e-06	9.722654e-10	2.999826e+01	1.220515e+02
2.890000e-06	5.616456e-06	9.805007e-10	3.020115e+01	1.226396e+02
2.900000e-06	5.653787e-06	9.883813e-10	3.040189e+01	1.232156e+02
2.910000e-06	5.690717e-06	9.945400e-10	3.060047e+01	1.237797e+02
2.920000e-06	5.727146e-06	1.000014e-09	3.079636e+01	1.243322e+02
2.930000e-06	5.763203e-06	1.005473e-09	3.099025e+01	1.248734e+02
2.940000e-06	5.799009e-06	1.010329e-09	3.118279e+01	1.254038e+02
2.950000e-06	5.834549e-06	1.013502e-09	3.137389e+01	1.259236e+02
2.960000e-06	5.869899e-06	1.015929e-09	3.156398e+01	1.264332e+02
2.970000e-06	5.904910e-06	1.020429e-09	3.175225e+01	1.269332e+02
2.980000e-06	5.939309e-06	1.026826e-09	3.193722e+01	1.274238e+02
2.990000e-06	5.973011e-06	1.033100e-09	3.211844e+01	1.279054e+02
3.000000e-06	6.006057e-06	1.038727e-09	3.229614e+01	1.283785e+02
3.010000e-06	6.038492e-06	1.042825e-09	3.247055e+01	1.288434e+02
3.020000e-06	6.070432e-06	1.045931e-09	3.264230e+01	1.293005e+02
3.030000e-06	6.102071e-06	1.051544e-09	3.281243e+01	1.297502e+02
3.040000e-06	6.133429e-06	1.058121e-09	3.298105e+01	1.301927e+02
3.050000e-06	6.164435e-06	1.062640e-09	3.314778e+01	1.306285e+02
3.060000e-06	6.194931e-06	1.068036e-09	3.331177e+01	1.310579e+02
3.070000e-06	6.224943e-06	1.074053e-09	3.347315e+01	1.314810e+02
3.080000e-06	6.254607e-06	1.077826e-09	3.363266e+01	1.318981e+02
3.090000e-06	6.283859e-06	1.081615e-09	3.378995e+01	1.323094e+02
3.100000e-06	6.312630e-06	1.087864e-09	3.394466e+01	1.327152e+02
3.110000e-06	6.340999e-06	1.093488e-09	3.409721e+01	1.331154e+02
3.120000e-06	6.368977e-06	1.096013e-09	3.424766e+01	1.335103e+02
3.130000e-06	6.396584e-06	1.098634e-09	3.439610e+01	1.338999e+02
3.140000e-06	6.423951e-06	1.101714e-09	3.454327e+01	1.342843e+02
3.150000e-06	6.451048e-06	1.103996e-09	3.468897e+01	1.346634e+02
3.160000e-06	6.477584e-06	1.107595e-09	3.483166e+01	1.350372e+02
3.170000e-06	6.503333e-06	1.112307e-09	3.497012e+01	1.354056e+02
3.180000e-06	6.528309e-06	1.116535e-09	3.510443e+01	1.357686e+02
3.190000e-06	6.552595e-06	1.120361e-09	3.523502e+01	1.361260e+02
3.200000e-06	6.576457e-06	1.123646e-09	3.536333e+01	1.364778e+02
3.210000e-06	6.599955e-06	1.126681e-09	3.548968e+01	1.368237e+02
3.220000e-06	6.623002e-06	1.130015e-09	3.561361e+01	1.371636e+02
3.230000e-06	6.645644e-06	1.133738e-09	3.573537e+01	1.374973e+02
3.240000e-06	6.667858e-06	1.136721e-09	3.585482e+01	1.378246e+02
3.250000e-06	6.689569e-06	1.138901e-09	3.597156e+01	1.381453e+02
3.260000e-06	6.710729e-06	1.140662e-09	3.608535e+01	1.384592e+02
3.270000e-06	6.731497e-06	1.143406e-09	3.619702e+01	1.387660e+02
3.280000e-06	6.751907e-06	1.147980e-09	3.630677e+01	1.390657e+02
3.290000e-06	6.771803e-06	1.152563e-09	3.641376e+01	1.393579e+02
3.300000e-06	6.791328e-06	1.157105e-09	3.651875e+01	1.396426e+02
3.310000e-06	6.810705e-06	1.160031e-09	3.662294e+01	1.399195e+02
3.320000e-06	6.829671e-06	1.160649e-09	3.672493e+01	1.401884e+02
3.330000e-06	6.847975e-06	1.160772e-09	3.682335e+01	1.404493e+02
3.340000e-06	6.865648e-06	1.161625e-09	3.691838e+01	1.407019e+02
3.350000e-06	6.882834e-06	1.164959e-09	3.701080e+01	1.409463e+02
3.360000e-06	6.899598e-06	1.169919e-09	3.710094e+01	1.411822e+02
3.370000e-06	6.915836e-06	1.173260e-09	3.718826e+01	1.414096e+02
3.380000e-06	6.931506e-06	1.176105e-09	3.727252e+01	1.416285e+02
3.390000e-06	6.946737e-06	1.179740e-09	3.735442e+01	1.418387e+02
3.400000e-06	6.961534e-06	1.182898e-09	3.743399e+01	1.420404e+02
3.410000e-06	6.975714e-06	1.185536e-09	3.751024e+01	1.422334e+02
3.420000e-06	6.989312e-06	1.187182e-09	3.758336e+01	1.424179e+02
3.430000e-06	7.002364e-06	1.188712e-09	3.765354e+01	1.425937e+02
3.440000e-06	7.014888e-06	1.191072e-09	3.772089e+01	1.427610e+02
3.450000e-06	7.026942e-06	1.194052e-09	3.778571e+01	1.429197e+02
3.460000e-06	7.038450e-06	1.197997e-09	3.784759e+01	1.430699e+02
3.470000e-06	7.049433e-06	1.201678e-09	3.790664e+01	1.432118e+02
3.480000e-06	7.059786e-06	1.203975e-09	3.796232e+01	1.433452e+02
3.490000e-06	7.069305e-06	1.206013e-09	3.801350e+01	1.434704e+02
3.500000e-06	7.077992e-06	1.209072e-09	3.806021e+01	1.435873e+02
3.510000e-06	7.086011e-06	1.213105e-09	3.810334e+01	1.436959e+02
3.520000e-06	7.093564e-06	1.216390e-09	3.814395e+01	1.437965e+02
3.530000e-06	7.100836e-06	1.218256e-09	3.818305e+01	1.438889e+02
3.540000e-06	7.107900e-06	1.219713e-09	3.822104e+01	1.439733e+02
3.550000e-06	7.114451e-06	1.221961e-09	3.825626e+01	1.440497e+02
3.560000e-06	7.120399e-06	1.224660e-09	3.828825e+01	1.441180e+02
3.570000e-06	7.125908e-06	1.227273e-09	3.831787e+01	1.441785e+02
3.580000e-06	7.130863e-06	1.230120e-09	3.834452e+01	1.442310e+02
3.590000e-06	7.135232e-06	1.232041e-09	3.836801e+01	1.442756e+02
3.600000e-06	7.139173e-06	1.233621e-09	3.838920e+01	1.443124e+02
3.610000e-06	7.142732e-06	1.236023e-09	3.840834e+01	1.443413e+02
3.620000e-06	7.145977e-06	1.237217e-09	3.842579e+01	1.443624e+02
3.630000e-06	7.148761e-06	1.237604e-09	3.844076e+01	1.443757e+02
3.640000e-06	7.150830e-06	1.238471e-09	3.845188e+01	1.443813e+02
3.650000e-06	7.152036e-06	1.239521e-09	3.845837e+01	1.443792e+02
3.660000e-06	7.152339e-06	1.239916e-09	3.846000e+01	1.443695e+02
3.670000e-06	7.152156e-06	1.240059e-09	3.845901e+01	1.443522e+02
3.680000e-06	7.151766e-06	1.240910e-09	3.845691e+01	1.443274e+02
3.690000e-06	7.151077e-06	1.240729e-09	3.845321e+01	1.442953e+02
3.700000e-06	7.149946e-06	1.240696e-09	3.844713e+01	1.442560e+02
3.710000e-06	7.148370e-06	1.241838e-09	3.843865e+01	1.442096e+02
3.720000e-06	7.146315e-06	1.242298e-09	3.842760e+01	1.441562e+02
3.730000e-06	7.143787e-06	1.243703e-09	3.841401e+01	1.440961e+02
3.740000e-06	7.140794e-06	1.247720e-09	3.839792e+01	1.440295e+02
3.750000e-06	7.137154e-06	1.242098e-09	3.837834e+01	1.439566e+02
3.760000e-06	7.132953e-06	1.214580e-09	3.835576e+01	1.438776e+02
3.770000e-06	7.128192e-06	1.228801e-09	3.833015e+01	1.437928e+02
3.780000e-06	7.122844e-06	1.319414e-09	3.830139e+01	1.437025e+02
3.790000e-06	7.116986e-06	1.281684e-09	3.826989e+01	1.436070e+02
3.800000e-06	7.110640e-06	1.137740e-09	3.823577e+01	1.435066e+02
3.810000e-06	7.104011e-06	1.183547e-09	3.820013e+01	1.434015e+02
3.820000e-06	7.096858e-06	1.350400e-09	3.816166e+01	1.432922e+02
3.830000e-06	7.088903e-06	1.303140e-09	3.811889e+01	1.431790e+02
3.840000e-06	7.080499e-06	1.102884e-09	3.807369e+01	1.430620e+02
3.850000e-06	7.071765e-06	1.169477e-09	3.802673e+01	1.429418e+02
3.860000e-06	7.062443e-06	1.415244e-09	3.797660e+01	1.428184e+02
3.870000e-06	7.052441e-06	1.319819e-09	3.792282e+01	1.426923e+02
3.880000e-06	7.042094e-06	1.034640e-09	3.786718e+01	1.425637e+02
3.890000e-06	7.031372e-06	1.158248e-09	3.780953e+01	1.424328e+02
3.900000e-06	7.020182e-06	1.450897e-09	3.774936e+01	1.422998e+02
3.910000e-06	7.008384e-06	1.291727e-09	3.768592e+01	1.421648e+02
3.920000e-06	6.995942e-06	1.025858e-09	3.761901e+01	1.420280e+02
3.930000e-06	6.982945e-06	1.239029e-09	3.754912e+01	1.418896e+02
3.940000e-06	6.969147e-06	1.441853e-09	3.747493e+01	1.417494e+02
3.950000e-06	6.954633e-06	1.168560e-09	3.739688e+01	1.416077e+02
3.960000e-06	6.939562e-06	1.042309e-09	3.731584e+01	1.414642e+02
3.970000e-06	6.923906e-06	1.344727e-09	3.723166e+01	1.413190e+02
3.980000e-06	6.907730e-06	1.366369e-09	3.714467e+01	1.411720e+02
3.990000e-06	6.891212e-06	1.074366e-09	3.705585e+01	1.410229e+02
4.000000e-06	6.874325e-06	1.182548e-09	3.696504e+01	1.408716e+02
4.010000e-06	6.856890e-06	1.417332e-09	3.687129e+01	1.407179e+02
4.020000e-06	6.838869e-06	1.191284e-09	3.677439e+01	1.405615e+02
4.030000e-06	6.820435e-06	1.053238e-09	3.667526e+01	1.404021e+02
4.040000e-06	6.801628e-06	1.345325e-09	3.657413e+01	1.402393e+02
4.050000e-06	6.782270e-06	1.357628e-09	3.647004e+01	1.400730e+02
4.060000e-06	6.762439e-06	1.070372e-09	3.636340e+01	1.399026e+02
4.070000e-06	6.742354e-06	1.186455e-09	3.625540e+01	1.397279e+02
4.080000e-06	6.721978e-06	1.391593e-09	3.614583e+01	1.395484e+02
4.090000e-06	6.701215e-06	1.179738e-09	3.603419e+01	1.393638e+02
4.100000e-06	6.679798e-06	1.101629e-09	3.591902e+01	1.391738e+02
4.110000e-06	6.657475e-06	1.330531e-09	3.579899e+01	1.389780e+02
4.120000e-06	6.634283e-06	1.271506e-09	3.567428e+01	1.387760e+02
4.130000e-06	6.610512e-06	1.104441e-09	3.554645e+01	1.385675e+02
4.140000e-06	6.586395e-06	1.256542e-09	3.541677e+01	1.383523e+02
4.150000e-06	6.561961e-06	1.308778e-09	3.528538e+01	1.381300e+02
4.160000e-06	6.537116e-06	1.133557e-09	3.515178e+01	1.379004e+02
4.170000e-06	6.511878e-06	1.189609e-09	3.501607e+01	1.376633e+02
4.180000e-06	6.486209e-06	1.306349e-09	3.487804e+01	1.374186e+02
4.190000e-06	6.460071e-06	1.188079e-09	3.473749e+01	1.371660e+02
4.200000e-06	6.433493e-06	1.163143e-09	3.459458e+01	1.369056e+02
4.210000e-06	6.406347e-06	1.269377e-09	3.444860e+01	1.366371e+02
4.220000e-06	6.378620e-06	1.213342e-09	3.429951e+01	1.363605e+02
4.230000e-06	6.350511e-06	1.161251e-09	3.414836e+01	1.360760e+02
4.240000e-06	6.322165e-06	1.236729e-09	3.399594e+01	1.357833e+02
4.250000e-06	6.293566e-06	1.222399e-09	3.384215e+01	1.354827e+02
4.260000e-06	6.264587e-06	1.169861e-09	3.368632e+01	1.351741e+02
4.270000e-06	6.234815e-06	1.211709e-09	3.352623e+01	1.348577e+02
4.280000e-06	6.204210e-06	1.218053e-09	3.336166e+01	1.345335e+02
4.290000e-06	6.172991e-06	1.180939e-09	3.319379e+01	1.342017e+02
4.300000e-06	6.141265e-06	1.194201e-09	3.302319e+01	1.338623e+02
4.310000e-06	6.109201e-06	1.197701e-09	3.285077e+01	1.335155e+02
4.320000e-06	6.076912e-06	1.180497e-09	3.267714e+01	1.331614e+02
4.330000e-06	6.044205e-06	1.189110e-09	3.250127e+01	1.328000e+02
4.340000e-06	6.011025e-06	1.185051e-09	3.232285e+01	1.324316e+02
4.350000e-06	5.977467e-06	1.173430e-09	3.214240e+01	1.320562e+02
4.360000e-06	5.943437e-06	1.182475e-09	3.195941e+01	1.316738e+02
4.370000e-06	5.909027e-06	1.176491e-09	3.177438e+01	1.312845e+02
4.380000e-06	5.874396e-06	1.168046e-09	3.158816e+01	1.308884e+02
4.390000e-06	5.839375e-06	1.177024e-09	3.139985e+01	1.304854e+02
4.400000e-06	5.803810e-06	1.166860e-09	3.120860e+01	1.300756e+02
4.410000e-06	5.767873e-06	1.153658e-09	3.101536e+01	1.296589e+02
4.420000e-06	5.731720e-06	1.164755e-09	3.082096e+01	1.292353e+02
4.430000e-06	5.695351e-06	1.162352e-09	3.062539e+01	1.288047e+02
4.440000e-06	5.658574e-06	1.146619e-09	3.042763e+01	1.283670e+02
4.450000e-06	5.621306e-06	1.148019e-09	3.022723e+01	1.279222e+02
4.460000e-06	5.583655e-06	1.150538e-09	3.002478e+01	1.274700e+02
4.470000e-06	5.545145e-06	1.142098e-09	2.981769e+01	1.270105e+02
4.480000e-06	5.505758e-06	1.136825e-09	2.960590e+01	1.265434e+02
4.490000e-06	5.466032e-06	1.134868e-09	2.939229e+01	1.260685e+02
4.500000e-06	5.425986e-06	1.130011e-09	2.917695e+01	1.255859e+02
4.510000e-06	5.385653e-06	1.125280e-09	2.896007e+01	1.250953e+02
4.520000e-06	5.345029e-06	1.123877e-09	2.874162e+01	1.245966e+02
4.530000e-06	5.304158e-06	1.121598e-09	2.852185e+01	1.240896e+02
4.540000e-06	5.263028e-06	1.114790e-09	2.830068e+01	1.235742e+02
4.550000e-06	5.221426e-06	1.108827e-09	2.807698e+01	1.230504e+02
4.560000e-06	5.179306e-06	1.107523e-09	2.785048e+01	1.225179e+02
4.570000e-06	5.136939e-06	1.104301e-09	2.762267e+01	1.219768e+02
4.580000e-06	5.094377e-06	1.096475e-09	2.739380e+01	1.214270e+02
4.590000e-06	5.051315e-06	1.089201e-09	2.716224e+01	1.208683e+02
4.600000e-06	5.007764e-06	1.085997e-09	2.692806e+01	1.203008e+02
4.610000e-06	4.963864e-06	1.084495e-09	2.669199e+01	1.197245e+02
4.620000e-06	4.919725e-06	1.080957e-09	2.645465e+01	1.191392e+02
4.630000e-06	4.875414e-06	1.077159e-09	2.621637e+01	1.185450e+02
4.640000e-06	4.830828e-06	1.074009e-09	2.597662e+01	1.179418e+02
4.650000e-06	4.785948e-06	1.069703e-09	2.573529e+01	1.173298e+02
4.660000e-06	4.740913e-06	1.063433e-09	2.549313e+01	1.167088e+02
4.670000e-06	4.695527e-06	1.055476e-09	2.524908e+01	1.160789e+02
4.680000e-06	4.649645e-06	1.046976e-09	2.500236e+01	1.154400e+02
4.690000e-06	4.603361e-06	1.041449e-09	2.475347e+01	1.147922e+02
4.700000e-06	4.556662e-06	1.039126e-09	2.450236e+01	1.141354e+02
4.710000e-06	4.509689e-06	1.036739e-09	2.424977e+01	1.134695e+02
4.720000e-06	4.462480e-06	1.031891e-09	2.399592e+01	1.127945e+02
4.730000e-06	4.415006e-06	1.023650e-09	2.374064e+01	1.121103e+02
4.740000e-06	4.367424e-06	1.013662e-09	2.348478e+01	1.114167e+02
4.750000e-06	4.319511e-06	1.007607e-09	2.322714e+01	1.107136e+02
4.760000e-06	4.270983e-06	1.003529e-09	2.296619e+01	1.100009e+02
4.770000e-06	4.221935e-06	9.955184e-10	2.270245e+01	1.092782e+02
4.780000e-06	4.172452e-06	9.878105e-10	2.243637e+01	1.085455e+02
4.790000e-06	4.122588e-06	9.844142e-10	2.216823e+01	1.078024e+02
4.800000e-06	4.072551e-06	9.814620e-10	2.189917e+01	1.070487e+02
4.810000e-06	4.022439e-06	9.764026e-10	2.162971e+01	1.062840e+02
4.820000e-06	3.972067e-06	9.699873e-10	2.135884e+01	1.055080e+02
4.830000e-06	3.921337e-06	9.626835e-10	2.108605e+01	1.047204e+02
4.840000e-06	3.870278e-06	9.549841e-10	2.081150e+01	1.039208e+02
4.850000e-06	3.818835e-06	9.477569e-10	2.053488e+01	1.031088e+02
4.860000e-06	3.767001e-06	9.398703e-10	2.025615e+01	1.022841e+02
4.870000e-06	3.714886e-06	9.315141e-10	1.997591e+01	1.014463e+02
4.880000e-06	3.662634e-06	9.244935e-10	1.969494e+01	1.005950e+02
4.890000e-06	3.610130e-06	9.183815e-10	1.941261e+01	9.972997e+01
4.900000e-06	3.557315e-06	9.125491e-10	1.912861e+01	9.885083e+01
4.910000e-06	3.504250e-06	9.065211e-10	1.884327e+01	9.795729e+01
4.920000e-06	3.450814e-06	8.984683e-10	1.855593e+01	9.704911e+01
4.930000e-06	3.397017e-06	8.880873e-10	1.826665e+01	9.612606e+01
4.940000e-06	3.342925e-06	8.788178e-10	1.797578e+01	9.518797e+01
4.950000e-06	3.288326e-06	8.709533e-10	1.768219e+01	9.423469e+01
4.960000e-06	3.233116e-06	8.622789e-10	1.738531e+01	9.326616e+01
4.970000e-06	3.177679e-06	8.533063e-10	1.708721e+01	9.228234e+01
4.980000e-06	3.122044e-06	8.456149e-10	1.678805e+01	9.128325e+01
4.990000e-06	3.066119e-06	8.388369e-10	1.648732e+01	9.026897e+01
5.000000e-06	3.010000e-06	8.308661e-10	1.618556e+01	8.923961e+01
5.010000e-06	2.953768e-06	8.205390e-10	1.588319e+01	8.819537e+01
5.020000e-06	2.897428e-06	8.092048e-10	1.558023e+01	8.713647e+01
5.030000e-06	2.840953e-06	7.987674e-10	1.527654e+01	8.606316e+01
5.040000e-06	2.784376e-06	7.907196e-10	1.497232e+01	8.497575e+01
5.050000e-06	2.727563e-06	7.830149e-10	1.466682e+01	8.387459e+01
5.060000e-06	2.670556e-06	7.732772e-10	1.436028e+01	8.276004e+01
5.070000e-06	2.613432e-06	7.619941e-10	1.405311e+01	8.163247e+01
5.080000e-06	2.556110e-06	7.505124e-10	1.374487e+01	8.049228e+01
5.090000e-06	2.498655e-06	7.395557e-10	1.343592e+01	7.933986e+01
5.100000e-06	2.441108e-06	7.285011e-10	1.312648e+01	7.817560e+01
5.110000e-06	2.383345e-06	7.176578e-10	1.281587e+01	7.699986e+01
5.120000e-06	2.325347e-06	7.074808e-10	1.250400e+01	7.581299e+01
5.130000e-06	2.267172e-06	6.968688e-10	1.219117e+01	7.461530e+01
5.140000e-06	2.208819e-06	6.863846e-10	1.187740e+01	7.340706e+01
5.150000e-06	2.150318e-06	6.755456e-10	1.156282e+01	7.218848e+01
5.160000e-06	2.091652e-06	6.620522e-10	1.124736e+01	7.095972e+01
5.170000e-06	2.032787e-06	6.479052e-10	1.093083e+01	6.972087e+01
5.180000e-06	1.973684e-06	6.362365e-10	1.061301e+01	6.847197e+01
5.190000e-06	1.914437e-06	6.260899e-10	1.029443e+01	6.721295e+01
5.200000e-06	1.855060e-06	6.158877e-10	9.975144e+00	6.594368e+01
5.210000e-06	1.795574e-06	6.051173e-10	9.655269e+00	6.466397e+01
5.220000e-06	1.735919e-06	5.924483e-10	9.334488e+00	6.337351e+01
5.230000e-06	1.676064e-06	5.803012e-10	9.012633e+00	6.207193e+01
5.240000e-06	1.616134e-06	5.681632e-10	8.690374e+00	6.075879e+01
5.250000e-06	1.556163e-06	5.527455e-10	8.367897e+00	5.943356e+01
5.260000e-06	1.496181e-06	5.383224e-10	8.045355e+00	5.809565e+01
5.270000e-06	1.436095e-06	5.279258e-10	7.722259e+00	5.674439e+01
5.280000e-06	1.375906e-06	5.180944e-10	7.398606e+00	5.537907e+01
5.290000e-06	1.315668e-06	5.062438e-10	7.074690e+00	5.399893e+01
5.300000e-06	1.255390e-06	4.923609e-10	6.750560e+00	5.260317e+01
5.310000e-06	1.195062e-06	4.777971e-10	6.426163e+00	5.119095e+01
5.320000e-06	1.134706e-06	4.630518e-10	6.101612e+00	4.976143e+01
5.330000e-06	1.074389e-06	4.497044e-10	5.777271e+00	4.831376e+01
5.340000e-06	1.014007e-06	4.385708e-10	5.452579e+00	4.684709e+01
5.350000e-06	9.535558e-07	4.265714e-10	5.127519e+00	4.536060e+01
5.360000e-06	8.930614e-07	4.122187e-10	4.802225e+00	4.385349e+01
5.370000e-06	8.324973e-07	3.978554e-10	4.476556e+00	4.232502e+01
5.380000e-06	7.719686e-07	3.839063e-10	4.151077e+00	4.077450e+01
5.390000e-06	7.114227e-07	3.693143e-10	3.825506e+00	3.920131e+01
5.400000e-06	6.508469e-07	3.539408e-10	3.499774e+00	3.760490e+01
5.410000e-06	5.902307e-07	3.386466e-10	3.173825e+00	3.598483e+01
5.420000e-06	5.294577e-07	3.239446e-10	2.847032e+00	3.434076e+01
5.430000e-06	4.686028e-07	3.087585e-10	2.519800e+00	3.267243e+01
5.440000e-06	4.076485e-07	2.936083e-10	2.192032e+00	3.097973e+01
5.450000e-06	3.466774e-07	2.776037e-10	1.864175e+00	2.926266e+01
5.460000e-06	2.858152e-07	2.611752e-10	1.536903e+00	2.752134e+01
5.470000e-06	2.249705e-07	2.453162e-10	1.209725e+00	2.575603e+01
5.480000e-06	1.640380e-07	2.301248e-10	8.820751e-01	2.396712e+01
5.490000e-06	1.030549e-07	2.153443e-10	5.541530e-01	2.215514e+01
5.500000e-06	4.217856e-08	1.991128e-10	2.268051e-01	2.032074e+01
5.510000e-06	-1.878111e-08	1.804680e-10	-1.009909e-01	1.846470e+01
5.520000e-06	-7.987435e-08	1.615693e-10	-4.295053e-01	1.658795e+01
5.530000e-06	-1.408547e-07	1.446477e-10	-7.574123e-01	1.469152e+01
5.540000e-06	-2.017585e-07	1.274686e-10	-1.084908e+00	1.277656e+01
5.550000e-06	-2.625639e-07	1.096590e-10	-1.411875e+00	1.084434e+01
5.560000e-06	-3.233122e-07	9.248134e-11	-1.738534e+00	8.896221e+00
5.570000e-06	-3.841239e-07	7.461875e-11	-2.065535e+00	6.933658e+00
5.580000e-06	-4.449338e-07	5.570849e-11	-2.392526e+00	4.958194e+00
5.590000e-06	-5.057620e-07	3.576325e-11	-2.719615e+00	2.971443e+00
5.600000e-06	-5.665118e-07	1.633488e-11	-3.046282e+00	9.750795e-01
5.610000e-06	-6.271829e-07	-1.644097e-12	-3.372527e+00	-1.029169e+00
5.620000e-06	-6.879021e-07	-1.966953e-11	-3.699029e+00	-3.039535e+00
5.630000e-06	-7.485531e-07	-3.805616e-11	-4.025166e+00	-5.054224e+00
5.640000e-06	-8.090730e-07	-5.797010e-11	-4.350597e+00	-7.071422e+00
5.650000e-06	-8.695032e-07	-7.933716e-11	-4.675546e+00	-9.089311e+00
5.660000e-06	-9.298712e-07	-9.988071e-11	-5.000161e+00	-1.110608e+01
5.670000e-06	-9.902109e-07	-1.185381e-10	-5.324623e+00	-1.311992e+01
5.680000e-06	-1.050555e-06	-1.358341e-10	-5.649110e+00	-1.512906e+01
5.690000e-06	-1.110879e-06	-1.531427e-10	-5.973486e+00	-1.713178e+01
5.700000e-06	-1.171215e-06	-1.716883e-10	-6.297927e+00	-1.912636e+01
5.710000e-06	-1.231495e-06	-1.909215e-10	-6.622072e+00	-2.111117e+01
5.720000e-06	-1.291652e-06	-2.095698e-10	-6.945550e+00	-2.308462e+01
5.730000e-06	-1.351763e-06	-2.279341e-10	-7.268783e+00	-2.504521e+01
5.740000e-06	-1.411834e-06	-2.455972e-10	-7.591798e+00	-2.699148e+01
5.750000e-06	-1.471907e-06	-2.629043e-10	-7.914830e+00	-2.892206e+01
5.760000e-06	-1.531908e-06	-2.820854e-10	-8.237472e+00	-3.083569e+01
5.770000e-06	-1.591674e-06	-3.013366e-10	-8.558850e+00	-3.273115e+01
5.780000e-06	-1.651337e-06	-3.191293e-10	-8.879669e+00	-3.460734e+01
5.790000e-06	-1.711008e-06	-3.370134e-10	-9.200538e+00	-3.646324e+01
5.800000e-06	-1.770548e-06	-3.557249e-10	-9.520698e+00	-3.829793e+01
5.810000e-06	-1.830031e-06	-3.736486e-10	-9.840553e+00	-4.011058e+01
5.820000e-06	-1.889338e-06	-3.893301e-10	-1.015947e+01	-4.190045e+01
5.830000e-06	-1.948291e-06	-4.055645e-10	-1.047647e+01	-4.366689e+01
5.840000e-06	-2.007144e-06	-4.248194e-10	-1.079294e+01	-4.540936e+01
5.850000e-06	-2.065962e-06	-4.432881e-10	-1.110922e+01	-4.712740e+01
5.860000e-06	-2.124509e-06	-4.576360e-10	-1.142404e+01	-4.882063e+01
5.870000e-06	-2.182807e-06	-4.706412e-10	-1.173752e+01	-5.048877e+01
5.880000e-06	-2.241029e-06	-4.848069e-10	-1.205060e+01	-5.213162e+01
5.890000e-06	-2.299189e-06	-4.999669e-10	-1.236334e+01	-5.374907e+01
5.900000e-06	-2.357186e-06	-5.153641e-10	-1.267520e+01	-5.534108e+01
5.910000e-06	-2.414967e-06	-5.308720e-10	-1.298591e+01	-5.690767e+01
5.920000e-06	-2.472542e-06	-5.457729e-10	-1.329550e+01	-5.844895e+01
5.930000e-06	-2.529973e-06	-5.601649e-10	-1.360433e+01	-5.996510e+01
5.940000e-06	-2.587228e-06	-5.750842e-10	-1.391220e+01	-6.145634e+01
5.950000e-06	-2.644253e-06	-5.897236e-10	-1.421884e+01	-6.292298e+01
5.960000e-06	-2.701072e-06	-6.026894e-10	-1.452437e+01	-6.436535e+01
5.970000e-06	-2.757658e-06	-6.157841e-10	-1.482865e+01	-6.578386e+01
5.980000e-06	-2.814109e-06	-6.295314e-10	-1.513220e+01	-6.717893e+01
5.990000e-06	-2.870474e-06	-6.424224e-10	-1.543529e+01	-6.855106e+01
6.000000e-06	-2.926729e-06	-6.533747e-10	-1.573779e+01	-6.990075e+01
6.010000e-06	-2.982849e-06	-6.631755e-10	-1.603956e+01	-7.122855e+01
6.020000e-06	-3.038828e-06	-6.739986e-10	-1.634057e+01	-7.253503e+01
6.030000e-06	-3.094708e-06	-6.852068e-10	-1.664105e+01	-7.382079e+01
6.040000e-06	-3.150315e-06	-6.970761e-10	-1.694007e+01	-7.508643e+01
6.050000e-06	-3.205383e-06	-7.093037e-10	-1.723619e+01	-7.633257e+01
6.060000e-06	-3.260013e-06	-7.203770e-10	-1.752994e+01	-7.755985e+01
6.070000e-06	-3.314305e-06	-7.310493e-10	-1.782188e+01	-7.876888e+01
6.080000e-06	-3.368251e-06	-7.414883e-10	-1.811197e+01	-7.996031e+01
6.090000e-06	-3.421960e-06	-7.515164e-10	-1.840078e+01	-8.113474e+01
6.100000e-06	-3.475315e-06	-7.630387e-10	-1.868768e+01	-8.229280e+01
6.110000e-06	-3.528219e-06	-7.735834e-10	-1.897216e+01	-8.343508e+01
6.120000e-06	-3.580871e-06	-7.824801e-10	-1.925528e+01	-8.456216e+01
6.130000e-06	-3.633362e-06	-7.917831e-10	-1.953754e+01	-8.567459e+01
6.140000e-06	-3.685650e-06	-8.000513e-10	-1.981870e+01	-8.677291e+01
6.150000e-06	-3.737722e-06	-8.082859e-10	-2.009871e+01	-8.785763e+01
6.160000e-06	-3.789552e-06	-8.182136e-10	-2.037741e+01	-8.892920e+01
6.170000e-06	-3.841043e-06	-8.296256e-10	-2.065429e+01	-8.998807e+01
6.180000e-06	-3.892173e-06	-8.398547e-10	-2.092923e+01	-9.103465e+01
6.190000e-06	-3.942942e-06	-8.479040e-10	-2.120223e+01	-9.206928e+01
6.200000e-06	-3.993294e-06	-8.560062e-10	-2.147299e+01	-9.309231e+01
6.210000e-06	-4.043420e-06	-8.646066e-10	-2.174253e+01	-9.410401e+01
6.220000e-06	-4.093283e-06	-8.731009e-10	-2.201066e+01	-9.510463e+01
6.230000e-06	-4.142673e-06	-8.816650e-10	-2.227624e+01	-9.609435e+01
6.240000e-06	-4.191553e-06	-8.904566e-10	-2.253908e+01	-9.707336e+01
6.250000e-06	-4.239994e-06	-8.996043e-10	-2.279956e+01	-9.804175e+01
6.260000e-06	-4.288164e-06	-9.090554e-10	-2.305858e+01	-9.899962e+01
6.270000e-06	-4.335962e-06	-9.178164e-10	-2.331560e+01	-9.994699e+01
6.280000e-06	-4.383284e-06	-9.243583e-10	-2.357007e+01	-1.008839e+02
6.290000e-06	-4.430419e-06	-9.309264e-10	-2.382352e+01	-1.018102e+02
6.300000e-06	-4.477430e-06	-9.405937e-10	-2.407631e+01	-1.027260e+02
6.310000e-06	-4.524192e-06	-9.511392e-10	-2.432777e+01	-1.036311e+02
6.320000e-06	-4.570615e-06	-9.594026e-10	-2.457739e+01	-1.045253e+02
6.330000e-06	-4.616687e-06	-9.664423e-10	-2.482513e+01	-1.054087e+02
6.340000e-06	-4.662396e-06	-9.739658e-10	-2.507092e+01	-1.062808e+02
6.350000e-06	-4.707747e-06	-9.812970e-10	-2.531479e+01	-1.071417e+02
6.360000e-06	-4.752767e-06	-9.886521e-10	-2.555687e+01	-1.079911e+02
6.370000e-06	-4.797392e-06	-9.962150e-10	-2.579683e+01	-1.088288e+02
6.380000e-06	-4.841772e-06	-1.003351e-09	-2.603547e+01	-1.096545e+02
6.390000e-06	-4.885934e-06	-1.010941e-09	-2.627295e+01	-1.104682e+02
6.400000e-06	-4.929923e-06	-1.018962e-09	-2.650948e+01	-1.112695e+02
6.410000e-06	-4.973763e-06	-1.025045e-09	-2.674523e+01	-1.120583e+02
6.420000e-06	-5.017337e-06	-1.030628e-09	-2.697953e+01	-1.128344e+02
6.430000e-06	-5.060469e-06	-1.038103e-09	-2.721147e+01	-1.135976e+02
6.440000e-06	-5.103145e-06	-1.045872e-09	-2.744095e+01	-1.143478e+02
6.450000e-06	-5.145505e-06	-1.052435e-09	-2.766873e+01	-1.150848e+02
6.460000e-06	-5.187564e-06	-1.058386e-09	-2.789489e+01	-1.158085e+02
6.470000e-06	-5.229259e-06	-1.065101e-09	-2.811909e+01	-1.165190e+02
6.480000e-06	-5.270537e-06	-1.071767e-09	-2.834106e+01	-1.172160e+02
6.490000e-06	-5.311431e-06	-1.078356e-09	-2.856095e+01	-1.178997e+02
6.500000e-06	-5.352032e-06	-1.085211e-09	-2.877928e+01	-1.185700e+02
6.510000e-06	-5.392368e-06	-1.090663e-09	-2.899617e+01	-1.192269e+02
6.520000e-06	-5.432480e-06	-1.095749e-09	-2.921187e+01	-1.198706e+02
6.530000e-06	-5.472235e-06	-1.101018e-09	-2.942564e+01	-1.205012e+02
6.540000e-06	-5.511438e-06	-1.105074e-09	-2.963644e+01	-1.211189e+02
6.550000e-06	-5.550148e-06	-1.109841e-09	-2.984459e+01	-1.217238e+02
6.560000e-06	-5.588309e-06	-1.116622e-09	-3.004980e+01	-1.223161e+02
6.570000e-06	-5.625755e-06	-1.123490e-09	-3.025115e+01	-1.228961e+02
6.580000e-06	-5.662621e-06	-1.128900e-09	-3.044940e+01	-1.234642e+02
6.590000e-06	-5.699164e-06	-1.133205e-09	-3.064590e+01	-1.240205e+02
6.600000e-06	-5.735508e-06	-1.137660e-09	-3.084133e+01	-1.245655e+02
6.610000e-06	-5.771518e-06	-1.140657e-09	-3.103496e+01	-1.250994e+02
6.620000e-06	-5.807037e-06	-1.142484e-09	-3.122596e+01	-1.256227e+02
6.630000e-06	-5.842206e-06	-1.145753e-09	-3.141507e+01	-1.261357e+02
6.640000e-06	-5.876990e-06	-1.149676e-09	-3.160211e+01	-1.266389e+02
6.650000e-06	-5.911232e-06	-1.153980e-09	-3.178624e+01	-1.271326e+02
6.660000e-06	-5.945098e-06	-1.158250e-09	-3.196835e+01	-1.276171e+02
6.670000e-06	-5.978489e-06	-1.161535e-09	-3.214790e+01	-1.280930e+02
6.680000e-06	-6.011505e-06	-1.164257e-09	-3.232544e+01	-1.285607e+02
6.690000e-06	-6.044277e-06	-1.166577e-09	-3.250166e+01	-1.290203e+02
6.700000e-06	-6.076664e-06	-1.168777e-09	-3.267581e+01	-1.294725e+02
6.710000e-06	-6.108840e-06	-1.171880e-09	-3.284883e+01	-1.299174e+02
6.720000e-06	-6.140542e-06	-1.176385e-09	-3.301930e+01	-1.303555e+02
6.730000e-06	-6.171603e-06	-1.180943e-09	-3.318633e+01	-1.307869e+02
6.740000e-06	-6.202073e-06	-1.183495e-09	-3.335017e+01	-1.312121e+02
6.750000e-06	-6.231836e-06	-1.185332e-09	-3.351021e+01	-1.316312e+02
6.760000e-06	-6.260951e-06	-1.188654e-09	-3.366677e+01	-1.320445e+02
6.770000e-06	-6.289669e-06	-1.191264e-09	-3.382120e+01	-1.324521e+02
6.780000e-06	-6.318065e-06	-1.192873e-09	-3.397389e+01	-1.328542e+02
6.790000e-06	-6.346104e-06	-1.194991e-09	-3.412466e+01	-1.332509e+02
6.800000e-06	-6.373748e-06	-1.196182e-09	-3.427331e+01	-1.336423e+02
6.810000e-06	-6.401020e-06	-1.197585e-09	-3.441996e+01	-1.340284e+02
6.820000e-06	-6.427897e-06	-1.199196e-09	-3.456448e+01	-1.344092e+02
6.830000e-06	-6.454215e-06	-1.200586e-09	-3.470600e+01	-1.347848e+02
6.840000e-06	-6.479996e-06	-1.203025e-09	-3.484463e+01	-1.351550e+02
6.850000e-06	-6.505406e-06	-1.204881e-09	-3.498127e+01	-1.355199e+02
6.860000e-06	-6.530402e-06	-1.205687e-09	-3.511568e+01	-1.358792e+02
6.870000e-06	-6.554923e-06	-1.206819e-09	-3.524754e+01	-1.362329e+02
6.880000e-06	-6.579187e-06	-1.209354e-09	-3.537801e+01	-1.365808e+02
6.890000e-06	-6.603158e-06	-1.213283e-09	-3.550691e+01	-1.369228e+02
6.900000e-06	-6.626509e-06	-1.216000e-09	-3.563247e+01	-1.372586e+02
6.910000e-06	-6.649050e-06	-1.216529e-09	-3.575368e+01	-1.375880e+02
6.920000e-06	-6.670890e-06	-1.217448e-09	-3.587112e+01	-1.379110e+02
6.930000e-06	-6.692229e-06	-1.219586e-09	-3.598587e+01	-1.382271e+02
6.940000e-06	-6.713135e-06	-1.222455e-09	-3.609828e+01	-1.385364e+02
6.950000e-06	-6.733645e-06	-1.223833e-09	-3.620857e+01	-1.388385e+02
6.960000e-06	-6.753784e-06	-1.224214e-09	-3.631686e+01	-1.391333e+02
6.970000e-06	-6.773404e-06	-1.227094e-09	-3.642236e+01	-1.394205e+02
6.980000e-06	-6.792444e-06	-1.230795e-09	-3.652475e+01	-1.397000e+02
6.990000e-06	-6.811052e-06	-1.232258e-09	-3.662481e+01	-1.399716e+02
7.000000e-06	-6.829319e-06	-1.232859e-09	-3.672303e+01	-1.402352e+02
7.010000e-06	-6.847150e-06	-1.234058e-09	-3.681892e+01	-1.404906e+02
7.020000e-06	-6.864569e-06	-1.235723e-09	-3.691258e+01	-1.407378e+02
7.030000e-06	-6.881581e-06	-1.238007e-09	-3.700406e+01	-1.409765e+02
7.040000e-06	-6.898178e-06	-1.240271e-09	-3.709331e+01	-1.412068e+02
7.050000e-06	-6.914441e-06	-1.241408e-09	-3.718076e+01	-1.414285e+02
7.060000e-06	-6.930324e-06	-1.242649e-09	-3.726617e+01	-1.416417e+02
7.070000e-06	-6.945470e-06	-1.245250e-09	-3.734761e+01	-1.418463e+02
7.080000e-06	-6.959758e-06	-1.246692e-09	-3.742444e+01	-1.420422e+02
7.090000e-06	-6.973308e-06	-1.247129e-09	-3.749730e+01	-1.422295e+02
7.100000e-06	-6.986110e-06	-1.247909e-09	-3.756614e+01	-1.424082e+02
7.110000e-06	-6.998381e-06	-1.248984e-09	-3.763213e+01	-1.425783e+02
7.120000e-06	-7.010243e-06	-1.249745e-09	-3.769591e+01	-1.427399e+02
7.130000e-06	-7.021697e-06	-1.250027e-09	-3.775750e+01	-1.428930e+02
7.140000e-06	-7.032617e-06	-1.250607e-09	-3.781622e+01	-1.430377e+02
7.150000e-06	-7.042918e-06	-1.250252e-09	-3.787161e+01	-1.431739e+02
7.160000e-06	-7.052722e-06	-1.249083e-09	-3.792433e+01	-1.433019e+02
7.170000e-06	-7.062079e-06	-1.249393e-09	-3.797465e+01	-1.434215e+02
7.180000e-06	-7.071044e-06	-1.250303e-09	-3.802285e+01	-1.435329e+02
7.190000e-06	-7.079566e-06	-1.249874e-09	-3.806868e+01	-1.436362e+02
7.200000e-06	-7.087717e-06	-1.249117e-09	-3.811251e+01	-1.437314e+02
7.210000e-06	-7.095556e-06	-1.249084e-09	-3.815466e+01	-1.438184e+02
7.220000e-06	-7.102734e-06	-1.248770e-09	-3.819326e+01	-1.438975e+02
7.230000e-06	-7.109100e-06	-1.247546e-09	-3.822749e+01	-1.439685e+02
7.240000e-06	-7.114687e-06	-1.246190e-09	-3.825753e+01	-1.440316e+02
7.250000e-06	-7.119578e-06	-1.245155e-09	-3.828383e+01	-1.440868e+02
7.260000e-06	-7.124034e-06	-1.245141e-09	-3.830780e+01	-1.441341e+02
7.270000e-06	-7.128237e-06	-1.244623e-09	-3.833039e+01	-1.441735e+02
7.280000e-06	-7.132040e-06	-1.243363e-09	-3.835085e+01	-1.442050e+02
7.290000e-06	-7.135255e-06	-1.242420e-09	-3.836813e+01	-1.442288e+02
7.300000e-06	-7.138093e-06	-1.241501e-09	-3.838339e+01	-1.442447e+02
7.310000e-06	-7.140561e-06	-1.240777e-09	-3.839666e+01	-1.442529e+02
7.320000e-06	-7.142351e-06	-1.239716e-09	-3.840629e+01	-1.442533e+02
7.330000e-06	-7.143490e-06	-1.239316e-09	-3.841241e+01	-1.442462e+02
7.340000e-06	-7.144177e-06	-1.239269e-09	-3.841611e+01	-1.442314e+02
