# Temperatura_=_20.0
# Concentracion g/m^3_=_7400.0
# C_Vs_to_Am_M_A/Vsm_=_116720831517.84952
# pendiente_HvsI_1/m_=_3716.3
# ordenada_HvsI_A/m_=_1297.0
# frecuencia_Hz_=_136115.92729784915

Tiempo_(s)	Campo_(V.s)	Magnetizacion_(V.s)	Campo_(kA/m)	Magnetizacion_(A/m)
0.000000e+00	-7.117440e-06	-1.682213e-09	-3.842222e+01	-1.937393e+02
1.000000e-08	-7.117641e-06	-1.680275e-09	-3.842330e+01	-1.937757e+02
2.000000e-08	-7.117477e-06	-1.680084e-09	-3.842242e+01	-1.938033e+02
3.000000e-08	-7.116816e-06	-1.678535e-09	-3.841885e+01	-1.938221e+02
4.000000e-08	-7.115460e-06	-1.676579e-09	-3.841153e+01	-1.938321e+02
5.000000e-08	-7.113276e-06	-1.675425e-09	-3.839974e+01	-1.938336e+02
6.000000e-08	-7.110423e-06	-1.675633e-09	-3.838434e+01	-1.938265e+02
7.000000e-08	-7.107012e-06	-1.678495e-09	-3.836593e+01	-1.938109e+02
8.000000e-08	-7.103126e-06	-1.684991e-09	-3.834495e+01	-1.937869e+02
9.000000e-08	-7.098613e-06	-1.679266e-09	-3.832058e+01	-1.937547e+02
1.000000e-07	-7.093406e-06	-1.641228e-09	-3.829247e+01	-1.937141e+02
1.100000e-07	-7.087581e-06	-1.620642e-09	-3.826103e+01	-1.936654e+02
1.200000e-07	-7.081561e-06	-1.689918e-09	-3.822853e+01	-1.936087e+02
1.300000e-07	-7.075492e-06	-1.745710e-09	-3.819577e+01	-1.935440e+02
1.400000e-07	-7.068778e-06	-1.662645e-09	-3.815952e+01	-1.934714e+02
1.500000e-07	-7.061322e-06	-1.585517e-09	-3.811928e+01	-1.933911e+02
1.600000e-07	-7.053558e-06	-1.678472e-09	-3.807736e+01	-1.933033e+02
1.700000e-07	-7.045533e-06	-1.756272e-09	-3.803404e+01	-1.932079e+02
1.800000e-07	-7.036952e-06	-1.626993e-09	-3.798772e+01	-1.931053e+02
1.900000e-07	-7.027565e-06	-1.537672e-09	-3.793705e+01	-1.929956e+02
2.000000e-07	-7.017547e-06	-1.687569e-09	-3.788297e+01	-1.928790e+02
2.100000e-07	-7.007172e-06	-1.781104e-09	-3.782695e+01	-1.927556e+02
2.200000e-07	-6.996236e-06	-1.624262e-09	-3.776792e+01	-1.926257e+02
2.300000e-07	-6.984488e-06	-1.540070e-09	-3.770450e+01	-1.924894e+02
2.400000e-07	-6.972140e-06	-1.675884e-09	-3.763784e+01	-1.923469e+02
2.500000e-07	-6.959327e-06	-1.714301e-09	-3.756867e+01	-1.921986e+02
2.600000e-07	-6.945840e-06	-1.590099e-09	-3.749587e+01	-1.920444e+02
2.700000e-07	-6.931805e-06	-1.597253e-09	-3.742010e+01	-1.918847e+02
2.800000e-07	-6.917069e-06	-1.698965e-09	-3.734055e+01	-1.917196e+02
2.900000e-07	-6.901487e-06	-1.648673e-09	-3.725643e+01	-1.915493e+02
3.000000e-07	-6.885246e-06	-1.578462e-09	-3.716876e+01	-1.913739e+02
3.100000e-07	-6.868480e-06	-1.646806e-09	-3.707825e+01	-1.911936e+02
3.200000e-07	-6.851386e-06	-1.654671e-09	-3.698597e+01	-1.910083e+02
3.300000e-07	-6.833907e-06	-1.564103e-09	-3.689162e+01	-1.908183e+02
3.400000e-07	-6.816092e-06	-1.611963e-09	-3.679545e+01	-1.906236e+02
3.500000e-07	-6.797913e-06	-1.699184e-09	-3.669731e+01	-1.904242e+02
3.600000e-07	-6.779102e-06	-1.602512e-09	-3.659576e+01	-1.902200e+02
3.700000e-07	-6.759732e-06	-1.529420e-09	-3.649119e+01	-1.900111e+02
3.800000e-07	-6.740017e-06	-1.634936e-09	-3.638477e+01	-1.897973e+02
3.900000e-07	-6.720034e-06	-1.656199e-09	-3.627690e+01	-1.895787e+02
4.000000e-07	-6.699616e-06	-1.552418e-09	-3.616667e+01	-1.893550e+02
4.100000e-07	-6.678632e-06	-1.577670e-09	-3.605339e+01	-1.891262e+02
4.200000e-07	-6.657055e-06	-1.652505e-09	-3.593691e+01	-1.888921e+02
4.300000e-07	-6.634967e-06	-1.591849e-09	-3.581768e+01	-1.886525e+02
4.400000e-07	-6.612563e-06	-1.555613e-09	-3.569673e+01	-1.884074e+02
4.500000e-07	-6.589864e-06	-1.612216e-09	-3.557420e+01	-1.881564e+02
4.600000e-07	-6.566666e-06	-1.589038e-09	-3.544896e+01	-1.878994e+02
4.700000e-07	-6.543003e-06	-1.544150e-09	-3.532123e+01	-1.876362e+02
4.800000e-07	-6.519087e-06	-1.598722e-09	-3.519212e+01	-1.873668e+02
4.900000e-07	-6.494606e-06	-1.608151e-09	-3.505996e+01	-1.870908e+02
5.000000e-07	-6.469445e-06	-1.538779e-09	-3.492413e+01	-1.868082e+02
5.100000e-07	-6.443712e-06	-1.550246e-09	-3.478522e+01	-1.865189e+02
5.200000e-07	-6.417292e-06	-1.589604e-09	-3.464260e+01	-1.862227e+02
5.300000e-07	-6.390172e-06	-1.549568e-09	-3.449619e+01	-1.859196e+02
5.400000e-07	-6.362564e-06	-1.534227e-09	-3.434716e+01	-1.856095e+02
5.500000e-07	-6.334673e-06	-1.568938e-09	-3.419659e+01	-1.852924e+02
5.600000e-07	-6.306518e-06	-1.554136e-09	-3.404460e+01	-1.849683e+02
5.700000e-07	-6.277908e-06	-1.530850e-09	-3.389015e+01	-1.846372e+02
5.800000e-07	-6.248799e-06	-1.549960e-09	-3.373302e+01	-1.842991e+02
5.900000e-07	-6.219435e-06	-1.544395e-09	-3.357450e+01	-1.839541e+02
6.000000e-07	-6.189670e-06	-1.520399e-09	-3.341382e+01	-1.836022e+02
6.100000e-07	-6.159328e-06	-1.533181e-09	-3.325002e+01	-1.832436e+02
6.200000e-07	-6.128536e-06	-1.540495e-09	-3.308380e+01	-1.828783e+02
6.300000e-07	-6.097418e-06	-1.521052e-09	-3.291581e+01	-1.825064e+02
6.400000e-07	-6.065961e-06	-1.517415e-09	-3.274600e+01	-1.821279e+02
6.500000e-07	-6.034171e-06	-1.519442e-09	-3.257439e+01	-1.817430e+02
6.600000e-07	-6.002062e-06	-1.507463e-09	-3.240105e+01	-1.813516e+02
6.700000e-07	-5.969550e-06	-1.505388e-09	-3.222554e+01	-1.809538e+02
6.800000e-07	-5.936428e-06	-1.509424e-09	-3.204674e+01	-1.805495e+02
6.900000e-07	-5.902570e-06	-1.500482e-09	-3.186396e+01	-1.801388e+02
7.000000e-07	-5.868028e-06	-1.492081e-09	-3.167749e+01	-1.797215e+02
7.100000e-07	-5.832888e-06	-1.490334e-09	-3.148780e+01	-1.792974e+02
7.200000e-07	-5.797395e-06	-1.484839e-09	-3.129619e+01	-1.788665e+02
7.300000e-07	-5.761659e-06	-1.479814e-09	-3.110328e+01	-1.784284e+02
7.400000e-07	-5.725675e-06	-1.476922e-09	-3.090902e+01	-1.779829e+02
7.500000e-07	-5.689358e-06	-1.471923e-09	-3.071297e+01	-1.775297e+02
7.600000e-07	-5.652690e-06	-1.469066e-09	-3.051503e+01	-1.770685e+02
7.700000e-07	-5.615586e-06	-1.467694e-09	-3.031473e+01	-1.765987e+02
7.800000e-07	-5.578000e-06	-1.460760e-09	-3.011183e+01	-1.761200e+02
7.900000e-07	-5.540030e-06	-1.451689e-09	-2.990686e+01	-1.756318e+02
8.000000e-07	-5.501577e-06	-1.446622e-09	-2.969927e+01	-1.751338e+02
8.100000e-07	-5.462660e-06	-1.443150e-09	-2.948919e+01	-1.746253e+02
8.200000e-07	-5.423430e-06	-1.439476e-09	-2.927741e+01	-1.741059e+02
8.300000e-07	-5.383923e-06	-1.434528e-09	-2.906414e+01	-1.735750e+02
8.400000e-07	-5.344149e-06	-1.427389e-09	-2.884942e+01	-1.730321e+02
8.500000e-07	-5.304191e-06	-1.421483e-09	-2.863372e+01	-1.724766e+02
8.600000e-07	-5.263850e-06	-1.418183e-09	-2.841595e+01	-1.719082e+02
8.700000e-07	-5.222925e-06	-1.413425e-09	-2.819502e+01	-1.713263e+02
8.800000e-07	-5.181535e-06	-1.405476e-09	-2.797159e+01	-1.707306e+02
8.900000e-07	-5.139613e-06	-1.396637e-09	-2.774528e+01	-1.701208e+02
9.000000e-07	-5.097135e-06	-1.390240e-09	-2.751597e+01	-1.694965e+02
9.100000e-07	-5.054142e-06	-1.385353e-09	-2.728387e+01	-1.688575e+02
9.200000e-07	-5.010686e-06	-1.379608e-09	-2.704929e+01	-1.682037e+02
9.300000e-07	-4.966957e-06	-1.372845e-09	-2.681322e+01	-1.675350e+02
9.400000e-07	-4.923087e-06	-1.366802e-09	-2.657640e+01	-1.668514e+02
9.500000e-07	-4.878995e-06	-1.362603e-09	-2.633838e+01	-1.661530e+02
9.600000e-07	-4.834512e-06	-1.358292e-09	-2.609824e+01	-1.654399e+02
9.700000e-07	-4.789718e-06	-1.352085e-09	-2.585643e+01	-1.647124e+02
9.800000e-07	-4.744607e-06	-1.343661e-09	-2.561291e+01	-1.639706e+02
9.900000e-07	-4.699060e-06	-1.335550e-09	-2.536703e+01	-1.632150e+02
1.000000e-06	-4.653182e-06	-1.330396e-09	-2.511937e+01	-1.624460e+02
1.010000e-06	-4.607016e-06	-1.326071e-09	-2.487015e+01	-1.616639e+02
1.020000e-06	-4.560550e-06	-1.320299e-09	-2.461931e+01	-1.608693e+02
1.030000e-06	-4.513504e-06	-1.312812e-09	-2.436534e+01	-1.600626e+02
1.040000e-06	-4.466107e-06	-1.304721e-09	-2.410948e+01	-1.592443e+02
1.050000e-06	-4.418683e-06	-1.298246e-09	-2.385347e+01	-1.584150e+02
1.060000e-06	-4.370901e-06	-1.292498e-09	-2.359552e+01	-1.575750e+02
1.070000e-06	-4.322935e-06	-1.286019e-09	-2.333659e+01	-1.567249e+02
1.080000e-06	-4.274914e-06	-1.278911e-09	-2.307736e+01	-1.558651e+02
1.090000e-06	-4.226590e-06	-1.272011e-09	-2.281649e+01	-1.549959e+02
1.100000e-06	-4.177810e-06	-1.265832e-09	-2.255315e+01	-1.541176e+02
1.110000e-06	-4.128646e-06	-1.259016e-09	-2.228775e+01	-1.532306e+02
1.120000e-06	-4.079101e-06	-1.250469e-09	-2.202029e+01	-1.523348e+02
1.130000e-06	-4.028972e-06	-1.241854e-09	-2.174968e+01	-1.514306e+02
1.140000e-06	-3.978272e-06	-1.234828e-09	-2.147599e+01	-1.505177e+02
1.150000e-06	-3.927214e-06	-1.228953e-09	-2.120036e+01	-1.495963e+02
1.160000e-06	-3.875850e-06	-1.222182e-09	-2.092308e+01	-1.486660e+02
1.170000e-06	-3.824124e-06	-1.213212e-09	-2.064385e+01	-1.477267e+02
1.180000e-06	-3.772124e-06	-1.203860e-09	-2.036313e+01	-1.467781e+02
1.190000e-06	-3.719952e-06	-1.196089e-09	-2.008149e+01	-1.458197e+02
1.200000e-06	-3.667416e-06	-1.189747e-09	-1.979788e+01	-1.448511e+02
1.210000e-06	-3.614482e-06	-1.182281e-09	-1.951213e+01	-1.438718e+02
1.220000e-06	-3.561289e-06	-1.172914e-09	-1.922498e+01	-1.428811e+02
1.230000e-06	-3.507860e-06	-1.164154e-09	-1.893655e+01	-1.418786e+02
1.240000e-06	-3.454142e-06	-1.155525e-09	-1.864656e+01	-1.408636e+02
1.250000e-06	-3.400295e-06	-1.146352e-09	-1.835588e+01	-1.398355e+02
1.260000e-06	-3.346365e-06	-1.137176e-09	-1.806475e+01	-1.387936e+02
1.270000e-06	-3.292102e-06	-1.127488e-09	-1.777182e+01	-1.377373e+02
1.280000e-06	-3.237572e-06	-1.118986e-09	-1.747745e+01	-1.366662e+02
1.290000e-06	-3.182790e-06	-1.113196e-09	-1.718172e+01	-1.355795e+02
1.300000e-06	-3.127835e-06	-1.106148e-09	-1.688506e+01	-1.344770e+02
1.310000e-06	-3.072757e-06	-1.094153e-09	-1.658772e+01	-1.333580e+02
1.320000e-06	-3.017484e-06	-1.081327e-09	-1.628935e+01	-1.322223e+02
1.330000e-06	-2.962018e-06	-1.071416e-09	-1.598992e+01	-1.310697e+02
1.340000e-06	-2.906354e-06	-1.062386e-09	-1.568943e+01	-1.298998e+02
1.350000e-06	-2.850562e-06	-1.052628e-09	-1.538825e+01	-1.287126e+02
1.360000e-06	-2.794696e-06	-1.043035e-09	-1.508666e+01	-1.275081e+02
1.370000e-06	-2.738710e-06	-1.033507e-09	-1.478443e+01	-1.262861e+02
1.380000e-06	-2.682567e-06	-1.024023e-09	-1.448135e+01	-1.250469e+02
1.390000e-06	-2.626294e-06	-1.014594e-09	-1.417757e+01	-1.237906e+02
1.400000e-06	-2.569800e-06	-1.004154e-09	-1.387260e+01	-1.225173e+02
1.410000e-06	-2.513045e-06	-9.928734e-10	-1.356622e+01	-1.212273e+02
1.420000e-06	-2.456120e-06	-9.823625e-10	-1.325892e+01	-1.199208e+02
1.430000e-06	-2.398935e-06	-9.733409e-10	-1.295022e+01	-1.185981e+02
1.440000e-06	-2.341395e-06	-9.635266e-10	-1.263960e+01	-1.172593e+02
1.450000e-06	-2.283615e-06	-9.517097e-10	-1.232768e+01	-1.159047e+02
1.460000e-06	-2.225560e-06	-9.389937e-10	-1.201429e+01	-1.145343e+02
1.470000e-06	-2.167118e-06	-9.266153e-10	-1.169880e+01	-1.131484e+02
1.480000e-06	-2.108324e-06	-9.155935e-10	-1.138141e+01	-1.117467e+02
1.490000e-06	-2.049341e-06	-9.053307e-10	-1.106300e+01	-1.103292e+02
1.500000e-06	-1.990251e-06	-8.941701e-10	-1.074401e+01	-1.088956e+02
1.510000e-06	-1.930982e-06	-8.817559e-10	-1.042406e+01	-1.074456e+02
1.520000e-06	-1.871492e-06	-8.696129e-10	-1.010291e+01	-1.059785e+02
1.530000e-06	-1.811871e-06	-8.579718e-10	-9.781058e+00	-1.044937e+02
1.540000e-06	-1.752242e-06	-8.457284e-10	-9.459164e+00	-1.029902e+02
1.550000e-06	-1.692605e-06	-8.323842e-10	-9.137222e+00	-1.014670e+02
1.560000e-06	-1.632899e-06	-8.185466e-10	-8.814912e+00	-9.992295e+01
1.570000e-06	-1.573120e-06	-8.061432e-10	-8.492206e+00	-9.835658e+01
1.580000e-06	-1.513319e-06	-7.943992e-10	-8.169381e+00	-9.676637e+01
1.590000e-06	-1.453450e-06	-7.809072e-10	-7.846186e+00	-9.515061e+01
1.600000e-06	-1.393497e-06	-7.663323e-10	-7.522542e+00	-9.350746e+01
1.610000e-06	-1.333491e-06	-7.526461e-10	-7.198609e+00	-9.183497e+01
1.620000e-06	-1.273415e-06	-7.391170e-10	-6.874303e+00	-9.013106e+01
1.630000e-06	-1.213224e-06	-7.242027e-10	-6.549374e+00	-8.839362e+01
1.640000e-06	-1.152907e-06	-7.090565e-10	-6.223761e+00	-8.662046e+01
1.650000e-06	-1.092554e-06	-6.948230e-10	-5.897957e+00	-8.480936e+01
1.660000e-06	-1.032183e-06	-6.816193e-10	-5.572054e+00	-8.295814e+01
1.670000e-06	-9.717923e-07	-6.683254e-10	-5.246046e+00	-8.106464e+01
1.680000e-06	-9.114149e-07	-6.523589e-10	-4.920109e+00	-7.912677e+01
1.690000e-06	-8.509384e-07	-6.343982e-10	-4.593638e+00	-7.714256e+01
1.700000e-06	-7.902839e-07	-6.180759e-10	-4.266206e+00	-7.511017e+01
1.710000e-06	-7.296090e-07	-6.032190e-10	-3.938663e+00	-7.302793e+01
1.720000e-06	-6.689230e-07	-5.872738e-10	-3.611060e+00	-7.089436e+01
1.730000e-06	-6.080824e-07	-5.699906e-10	-3.282623e+00	-6.870824e+01
1.740000e-06	-5.471934e-07	-5.529104e-10	-2.953925e+00	-6.646859e+01
1.750000e-06	-4.863343e-07	-5.362952e-10	-2.625388e+00	-6.417469e+01
1.760000e-06	-4.254211e-07	-5.187079e-10	-2.296559e+00	-6.182616e+01
1.770000e-06	-3.644043e-07	-4.988323e-10	-1.967171e+00	-5.942291e+01
1.780000e-06	-3.033792e-07	-4.776952e-10	-1.637738e+00	-5.696518e+01
1.790000e-06	-2.424784e-07	-4.566252e-10	-1.308976e+00	-5.445359e+01
1.800000e-06	-1.815900e-07	-4.353644e-10	-9.802812e-01	-5.188905e+01
1.810000e-06	-1.205601e-07	-4.142089e-10	-6.508218e-01	-4.927286e+01
1.820000e-06	-5.937525e-08	-3.918709e-10	-3.205266e-01	-4.660664e+01
1.830000e-06	1.780843e-09	-3.669902e-10	9.613562e-03	-4.389235e+01
1.840000e-06	6.277673e-08	-3.417446e-10	3.388889e-01	-4.113228e+01
1.850000e-06	1.240044e-07	-3.180945e-10	6.694153e-01	-3.832902e+01
1.860000e-06	1.854029e-07	-2.945413e-10	1.000864e+00	-3.548545e+01
1.870000e-06	2.465834e-07	-2.698449e-10	1.331136e+00	-3.260470e+01
1.880000e-06	3.077067e-07	-2.447698e-10	1.661099e+00	-2.969016e+01
1.890000e-06	3.688456e-07	-2.196393e-10	1.991146e+00	-2.674539e+01
1.900000e-06	4.299102e-07	-1.947821e-10	2.320793e+00	-2.377417e+01
1.910000e-06	4.908754e-07	-1.698507e-10	2.649903e+00	-2.078038e+01
1.920000e-06	5.518199e-07	-1.439565e-10	2.978900e+00	-1.776803e+01
1.930000e-06	6.127470e-07	-1.179719e-10	3.307804e+00	-1.474118e+01
1.940000e-06	6.736352e-07	-9.202413e-11	3.636498e+00	-1.170396e+01
1.950000e-06	7.343784e-07	-6.537594e-11	3.964410e+00	-8.660456e+00
1.960000e-06	7.949809e-07	-3.789053e-11	4.291561e+00	-5.614747e+00
1.970000e-06	8.556638e-07	-1.027613e-11	4.619147e+00	-2.570830e+00
1.980000e-06	9.163018e-07	1.610291e-11	4.946490e+00	4.673994e-01
1.990000e-06	9.767603e-07	4.130757e-11	5.272865e+00	3.496175e+00
2.000000e-06	1.037079e-06	6.597262e-11	5.598483e+00	6.511894e+00
2.010000e-06	1.097397e-06	9.080130e-11	5.924100e+00	9.511136e+00
2.020000e-06	1.157775e-06	1.167119e-10	6.250042e+00	1.249069e+01
2.030000e-06	1.218018e-06	1.428942e-10	6.575250e+00	1.544757e+01
2.040000e-06	1.278096e-06	1.674175e-10	6.899570e+00	1.837902e+01
2.050000e-06	1.338096e-06	1.909402e-10	7.223471e+00	2.128257e+01
2.060000e-06	1.398032e-06	2.149153e-10	7.547023e+00	2.415598e+01
2.070000e-06	1.457934e-06	2.383128e-10	7.870393e+00	2.699728e+01
2.080000e-06	1.517739e-06	2.608411e-10	8.193241e+00	2.980480e+01
2.090000e-06	1.577450e-06	2.825423e-10	8.515579e+00	3.257709e+01
2.100000e-06	1.637141e-06	3.038196e-10	8.837809e+00	3.531300e+01
2.110000e-06	1.696771e-06	3.266719e-10	9.159714e+00	3.801162e+01
2.120000e-06	1.756384e-06	3.500253e-10	9.481523e+00	4.067231e+01
2.130000e-06	1.815985e-06	3.718783e-10	9.803269e+00	4.329462e+01
2.140000e-06	1.875458e-06	3.917818e-10	1.012432e+01	4.587835e+01
2.150000e-06	1.934768e-06	4.109730e-10	1.044450e+01	4.842351e+01
2.160000e-06	1.994068e-06	4.306723e-10	1.076462e+01	5.093028e+01
2.170000e-06	2.053282e-06	4.505801e-10	1.108427e+01	5.339900e+01
2.180000e-06	2.112234e-06	4.708524e-10	1.140251e+01	5.583019e+01
2.190000e-06	2.170965e-06	4.903233e-10	1.171956e+01	5.822447e+01
2.200000e-06	2.229407e-06	5.086597e-10	1.203505e+01	6.058257e+01
2.210000e-06	2.287515e-06	5.275523e-10	1.234874e+01	6.290534e+01
2.220000e-06	2.345360e-06	5.463811e-10	1.266100e+01	6.519365e+01
2.230000e-06	2.402835e-06	5.632184e-10	1.297127e+01	6.744846e+01
2.240000e-06	2.459857e-06	5.800015e-10	1.327910e+01	6.967076e+01
2.250000e-06	2.516685e-06	5.984838e-10	1.358587e+01	7.186154e+01
2.260000e-06	2.573264e-06	6.162826e-10	1.389130e+01	7.402180e+01
2.270000e-06	2.629688e-06	6.327682e-10	1.419590e+01	7.615253e+01
2.280000e-06	2.686037e-06	6.483779e-10	1.450009e+01	7.825468e+01
2.290000e-06	2.742061e-06	6.628009e-10	1.480252e+01	8.032919e+01
2.300000e-06	2.797894e-06	6.778913e-10	1.510393e+01	8.237691e+01
2.310000e-06	2.853639e-06	6.952186e-10	1.540486e+01	8.439868e+01
2.320000e-06	2.909311e-06	7.131706e-10	1.570539e+01	8.639525e+01
2.330000e-06	2.964865e-06	7.301096e-10	1.600529e+01	8.836730e+01
2.340000e-06	3.020262e-06	7.457383e-10	1.630434e+01	9.031546e+01
2.350000e-06	3.075508e-06	7.600596e-10	1.660258e+01	9.224027e+01
2.360000e-06	3.130583e-06	7.732352e-10	1.689989e+01	9.414219e+01
2.370000e-06	3.185329e-06	7.853806e-10	1.719542e+01	9.602162e+01
2.380000e-06	3.239673e-06	7.970277e-10	1.748879e+01	9.787887e+01
2.390000e-06	3.293731e-06	8.109259e-10	1.778061e+01	9.971418e+01
2.400000e-06	3.347631e-06	8.280830e-10	1.807158e+01	1.015277e+02
2.410000e-06	3.401400e-06	8.447224e-10	1.836184e+01	1.033196e+02
2.420000e-06	3.454987e-06	8.595424e-10	1.865112e+01	1.050899e+02
2.430000e-06	3.508339e-06	8.737916e-10	1.893914e+01	1.068386e+02
2.440000e-06	3.561462e-06	8.880133e-10	1.922591e+01	1.085656e+02
2.450000e-06	3.614267e-06	9.017217e-10	1.951097e+01	1.102708e+02
2.460000e-06	3.666692e-06	9.144615e-10	1.979398e+01	1.119541e+02
2.470000e-06	3.718899e-06	9.270077e-10	2.007581e+01	1.136153e+02
2.480000e-06	3.770914e-06	9.395111e-10	2.035660e+01	1.152541e+02
2.490000e-06	3.822675e-06	9.525549e-10	2.063602e+01	1.168703e+02
2.500000e-06	3.874070e-06	9.658994e-10	2.091347e+01	1.184638e+02
2.510000e-06	3.925162e-06	9.788798e-10	2.118928e+01	1.200342e+02
2.520000e-06	3.975920e-06	9.913796e-10	2.146329e+01	1.215813e+02
2.530000e-06	4.026319e-06	1.003292e-09	2.173536e+01	1.231048e+02
2.540000e-06	4.076220e-06	1.014916e-09	2.200474e+01	1.246045e+02
2.550000e-06	4.125407e-06	1.025646e-09	2.227027e+01	1.260802e+02
2.560000e-06	4.174126e-06	1.035752e-09	2.253327e+01	1.275316e+02
2.570000e-06	4.222574e-06	1.045229e-09	2.279481e+01	1.289587e+02
2.580000e-06	4.270656e-06	1.055380e-09	2.305437e+01	1.303612e+02
2.590000e-06	4.318496e-06	1.068267e-09	2.331262e+01	1.317390e+02
2.600000e-06	4.366226e-06	1.081844e-09	2.357029e+01	1.330920e+02
2.610000e-06	4.413746e-06	1.093289e-09	2.382681e+01	1.344203e+02
2.620000e-06	4.461084e-06	1.102964e-09	2.408236e+01	1.357238e+02
2.630000e-06	4.507982e-06	1.112521e-09	2.433553e+01	1.370027e+02
2.640000e-06	4.554386e-06	1.122355e-09	2.458603e+01	1.382569e+02
2.650000e-06	4.600334e-06	1.132332e-09	2.483408e+01	1.394867e+02
2.660000e-06	4.645965e-06	1.141868e-09	2.508041e+01	1.406924e+02
2.670000e-06	4.691528e-06	1.149988e-09	2.532637e+01	1.418740e+02
2.680000e-06	4.736829e-06	1.158043e-09	2.557092e+01	1.430321e+02
2.690000e-06	4.781740e-06	1.167380e-09	2.581336e+01	1.441668e+02
2.700000e-06	4.826229e-06	1.175611e-09	2.605353e+01	1.452787e+02
2.710000e-06	4.870425e-06	1.182879e-09	2.629212e+01	1.463682e+02
2.720000e-06	4.914444e-06	1.191704e-09	2.652974e+01	1.474358e+02
2.730000e-06	4.958253e-06	1.201519e-09	2.676624e+01	1.484819e+02
2.740000e-06	5.001876e-06	1.211431e-09	2.700173e+01	1.495073e+02
2.750000e-06	5.045270e-06	1.220247e-09	2.723598e+01	1.505123e+02
2.760000e-06	5.088381e-06	1.227923e-09	2.746871e+01	1.514977e+02
2.770000e-06	5.130963e-06	1.235664e-09	2.769858e+01	1.524641e+02
2.780000e-06	5.172835e-06	1.244434e-09	2.792462e+01	1.534120e+02
2.790000e-06	5.213984e-06	1.253904e-09	2.814675e+01	1.543422e+02
2.800000e-06	5.254479e-06	1.262479e-09	2.836536e+01	1.552552e+02
2.810000e-06	5.294635e-06	1.269720e-09	2.858213e+01	1.561518e+02
2.820000e-06	5.334533e-06	1.276492e-09	2.879752e+01	1.570324e+02
2.830000e-06	5.374171e-06	1.283928e-09	2.901150e+01	1.578977e+02
2.840000e-06	5.413623e-06	1.291655e-09	2.922447e+01	1.587483e+02
2.850000e-06	5.452747e-06	1.298625e-09	2.943567e+01	1.595847e+02
2.860000e-06	5.491408e-06	1.304772e-09	2.964438e+01	1.604074e+02
2.870000e-06	5.529653e-06	1.311367e-09	2.985083e+01	1.612169e+02
2.880000e-06	5.567547e-06	1.319071e-09	3.005540e+01	1.620136e+02
2.890000e-06	5.605078e-06	1.326527e-09	3.025800e+01	1.627979e+02
2.900000e-06	5.642127e-06	1.332512e-09	3.045801e+01	1.635702e+02
2.910000e-06	5.678742e-06	1.338120e-09	3.065567e+01	1.643307e+02
2.920000e-06	5.714929e-06	1.345005e-09	3.085101e+01	1.650797e+02
2.930000e-06	5.750795e-06	1.353186e-09	3.104463e+01	1.658175e+02
2.940000e-06	5.786566e-06	1.360665e-09	3.123774e+01	1.665442e+02
2.950000e-06	5.822140e-06	1.365982e-09	3.142977e+01	1.672599e+02
2.960000e-06	5.857289e-06	1.371014e-09	3.161952e+01	1.679647e+02
2.970000e-06	5.892046e-06	1.377121e-09	3.180715e+01	1.686588e+02
2.980000e-06	5.926181e-06	1.383993e-09	3.199142e+01	1.693422e+02
2.990000e-06	5.959407e-06	1.390311e-09	3.217078e+01	1.700148e+02
3.000000e-06	5.991940e-06	1.395865e-09	3.234641e+01	1.706767e+02
3.010000e-06	6.024019e-06	1.401545e-09	3.251958e+01	1.713279e+02
3.020000e-06	6.055764e-06	1.407519e-09	3.269095e+01	1.719683e+02
3.030000e-06	6.087265e-06	1.414587e-09	3.286100e+01	1.725980e+02
3.040000e-06	6.118475e-06	1.421646e-09	3.302948e+01	1.732169e+02
3.050000e-06	6.149217e-06	1.427696e-09	3.319544e+01	1.738250e+02
3.060000e-06	6.179496e-06	1.434846e-09	3.335890e+01	1.744222e+02
3.070000e-06	6.209355e-06	1.441743e-09	3.352009e+01	1.750087e+02
3.080000e-06	6.238800e-06	1.446179e-09	3.367904e+01	1.755843e+02
3.090000e-06	6.267800e-06	1.451178e-09	3.383559e+01	1.761493e+02
3.100000e-06	6.296365e-06	1.457607e-09	3.398979e+01	1.767036e+02
3.110000e-06	6.324577e-06	1.463842e-09	3.414209e+01	1.772473e+02
3.120000e-06	6.352487e-06	1.469394e-09	3.429276e+01	1.777805e+02
3.130000e-06	6.380165e-06	1.474920e-09	3.444217e+01	1.783035e+02
3.140000e-06	6.407523e-06	1.480395e-09	3.458986e+01	1.788163e+02
3.150000e-06	6.434359e-06	1.485150e-09	3.473473e+01	1.793191e+02
3.160000e-06	6.460394e-06	1.490506e-09	3.487528e+01	1.798122e+02
3.170000e-06	6.485657e-06	1.496271e-09	3.501165e+01	1.802957e+02
3.180000e-06	6.510321e-06	1.501169e-09	3.514480e+01	1.807699e+02
3.190000e-06	6.534469e-06	1.505454e-09	3.527516e+01	1.812350e+02
3.200000e-06	6.558203e-06	1.509355e-09	3.540328e+01	1.816912e+02
3.210000e-06	6.581503e-06	1.513305e-09	3.552906e+01	1.821389e+02
3.220000e-06	6.604267e-06	1.517978e-09	3.565195e+01	1.825782e+02
3.230000e-06	6.626491e-06	1.523671e-09	3.577192e+01	1.830094e+02
3.240000e-06	6.648326e-06	1.529781e-09	3.588979e+01	1.834326e+02
3.250000e-06	6.669764e-06	1.535228e-09	3.600552e+01	1.838482e+02
3.260000e-06	6.690693e-06	1.539014e-09	3.611850e+01	1.842562e+02
3.270000e-06	6.711148e-06	1.542324e-09	3.622893e+01	1.846568e+02
3.280000e-06	6.731276e-06	1.546884e-09	3.633758e+01	1.850501e+02
3.290000e-06	6.751152e-06	1.551117e-09	3.644488e+01	1.854363e+02
3.300000e-06	6.770752e-06	1.554632e-09	3.655069e+01	1.858154e+02
3.310000e-06	6.790095e-06	1.558400e-09	3.665510e+01	1.861874e+02
3.320000e-06	6.808944e-06	1.562523e-09	3.675686e+01	1.865523e+02
3.330000e-06	6.827068e-06	1.566208e-09	3.685470e+01	1.869101e+02
3.340000e-06	6.844679e-06	1.569288e-09	3.694977e+01	1.872608e+02
3.350000e-06	6.861835e-06	1.573565e-09	3.704238e+01	1.876042e+02
3.360000e-06	6.878536e-06	1.578048e-09	3.713254e+01	1.879403e+02
3.370000e-06	6.894624e-06	1.580914e-09	3.721939e+01	1.882688e+02
3.380000e-06	6.909976e-06	1.583606e-09	3.730226e+01	1.885897e+02
3.390000e-06	6.924652e-06	1.586585e-09	3.738149e+01	1.889027e+02
3.400000e-06	6.938867e-06	1.589982e-09	3.745822e+01	1.892077e+02
3.410000e-06	6.952704e-06	1.594576e-09	3.753292e+01	1.895044e+02
3.420000e-06	6.966071e-06	1.598541e-09	3.760508e+01	1.897927e+02
3.430000e-06	6.979006e-06	1.600996e-09	3.767491e+01	1.900723e+02
3.440000e-06	6.991389e-06	1.603569e-09	3.774175e+01	1.903430e+02
3.450000e-06	7.003221e-06	1.607486e-09	3.780563e+01	1.906046e+02
3.460000e-06	7.014642e-06	1.612293e-09	3.786728e+01	1.908570e+02
3.470000e-06	7.025404e-06	1.615386e-09	3.792538e+01	1.911000e+02
3.480000e-06	7.035243e-06	1.616306e-09	3.797850e+01	1.913334e+02
3.490000e-06	7.044177e-06	1.617932e-09	3.802672e+01	1.915571e+02
3.500000e-06	7.052420e-06	1.621551e-09	3.807122e+01	1.917710e+02
3.510000e-06	7.060313e-06	1.625515e-09	3.811383e+01	1.919749e+02
3.520000e-06	7.067933e-06	1.628296e-09	3.815497e+01	1.921689e+02
3.530000e-06	7.075152e-06	1.630463e-09	3.819393e+01	1.923528e+02
3.540000e-06	7.081801e-06	1.633360e-09	3.822983e+01	1.925267e+02
3.550000e-06	7.087907e-06	1.636301e-09	3.826279e+01	1.926906e+02
3.560000e-06	7.093517e-06	1.638073e-09	3.829307e+01	1.928444e+02
3.570000e-06	7.098605e-06	1.639786e-09	3.832054e+01	1.929882e+02
3.580000e-06	7.103165e-06	1.641786e-09	3.834516e+01	1.931220e+02
3.590000e-06	7.107312e-06	1.644610e-09	3.836755e+01	1.932460e+02
3.600000e-06	7.111118e-06	1.647520e-09	3.838809e+01	1.933602e+02
3.610000e-06	7.114646e-06	1.648560e-09	3.840713e+01	1.934647e+02
3.620000e-06	7.117910e-06	1.648551e-09	3.842476e+01	1.935596e+02
3.630000e-06	7.120724e-06	1.649948e-09	3.843995e+01	1.936450e+02
3.640000e-06	7.122846e-06	1.652686e-09	3.845140e+01	1.937210e+02
3.650000e-06	7.124048e-06	1.654617e-09	3.845789e+01	1.937877e+02
3.660000e-06	7.124439e-06	1.656407e-09	3.846000e+01	1.938452e+02
3.670000e-06	7.124344e-06	1.657936e-09	3.845949e+01	1.938937e+02
3.680000e-06	7.123903e-06	1.657994e-09	3.845711e+01	1.939331e+02
3.690000e-06	7.123100e-06	1.657827e-09	3.845277e+01	1.939636e+02
3.700000e-06	7.121854e-06	1.658166e-09	3.844605e+01	1.939854e+02
3.710000e-06	7.120032e-06	1.658727e-09	3.843621e+01	1.939984e+02
3.720000e-06	7.117688e-06	1.659425e-09	3.842356e+01	1.940027e+02
3.730000e-06	7.115072e-06	1.659592e-09	3.840943e+01	1.939985e+02
3.740000e-06	7.111997e-06	1.655624e-09	3.839283e+01	1.939858e+02
3.750000e-06	7.108396e-06	1.646265e-09	3.837340e+01	1.939647e+02
3.760000e-06	7.104338e-06	1.664805e-09	3.835149e+01	1.939352e+02
3.770000e-06	7.099398e-06	1.724342e-09	3.832482e+01	1.938974e+02
3.780000e-06	7.093347e-06	1.710114e-09	3.829216e+01	1.938515e+02
3.790000e-06	7.086735e-06	1.595635e-09	3.825646e+01	1.937974e+02
3.800000e-06	7.080198e-06	1.593056e-09	3.822117e+01	1.937354e+02
3.810000e-06	7.073496e-06	1.730838e-09	3.818499e+01	1.936655e+02
3.820000e-06	7.066069e-06	1.742027e-09	3.814490e+01	1.935878e+02
3.830000e-06	7.057993e-06	1.589355e-09	3.810130e+01	1.935025e+02
3.840000e-06	7.049693e-06	1.586706e-09	3.805650e+01	1.934097e+02
3.850000e-06	7.041041e-06	1.776482e-09	3.800979e+01	1.933095e+02
3.860000e-06	7.031735e-06	1.771809e-09	3.795955e+01	1.932022e+02
3.870000e-06	7.021850e-06	1.540927e-09	3.790619e+01	1.930879e+02
3.880000e-06	7.011665e-06	1.539479e-09	3.785121e+01	1.929668e+02
3.890000e-06	7.001025e-06	1.783842e-09	3.779377e+01	1.928390e+02
3.900000e-06	6.989684e-06	1.775591e-09	3.773255e+01	1.927049e+02
3.910000e-06	6.977784e-06	1.545594e-09	3.766831e+01	1.925645e+02
3.920000e-06	6.965391e-06	1.593997e-09	3.760141e+01	1.924181e+02
3.930000e-06	6.952386e-06	1.800516e-09	3.753120e+01	1.922659e+02
3.940000e-06	6.938543e-06	1.695645e-09	3.745648e+01	1.921081e+02
3.950000e-06	6.923776e-06	1.518351e-09	3.737676e+01	1.919448e+02
3.960000e-06	6.908368e-06	1.669020e-09	3.729358e+01	1.917763e+02
3.970000e-06	6.892481e-06	1.798857e-09	3.720782e+01	1.916026e+02
3.980000e-06	6.876174e-06	1.627431e-09	3.711979e+01	1.914239e+02
3.990000e-06	6.859551e-06	1.577806e-09	3.703005e+01	1.912404e+02
4.000000e-06	6.842444e-06	1.753160e-09	3.693770e+01	1.910520e+02
4.010000e-06	6.824823e-06	1.704495e-09	3.684258e+01	1.908589e+02
4.020000e-06	6.806731e-06	1.540443e-09	3.674491e+01	1.906610e+02
4.030000e-06	6.788181e-06	1.666881e-09	3.664477e+01	1.904585e+02
4.040000e-06	6.769180e-06	1.787943e-09	3.654220e+01	1.902512e+02
4.050000e-06	6.749584e-06	1.621120e-09	3.643641e+01	1.900391e+02
4.060000e-06	6.729644e-06	1.573798e-09	3.632877e+01	1.898221e+02
4.070000e-06	6.709535e-06	1.737267e-09	3.622022e+01	1.896002e+02
4.080000e-06	6.689027e-06	1.694082e-09	3.610951e+01	1.893732e+02
4.090000e-06	6.668103e-06	1.561492e-09	3.599655e+01	1.891409e+02
4.100000e-06	6.646653e-06	1.664097e-09	3.588076e+01	1.889032e+02
4.110000e-06	6.624352e-06	1.728635e-09	3.576037e+01	1.886600e+02
4.120000e-06	6.601170e-06	1.609143e-09	3.563523e+01	1.884110e+02
4.130000e-06	6.577462e-06	1.621849e-09	3.550724e+01	1.881560e+02
4.140000e-06	6.553416e-06	1.709899e-09	3.537744e+01	1.878950e+02
4.150000e-06	6.529016e-06	1.629388e-09	3.524572e+01	1.876277e+02
4.160000e-06	6.504276e-06	1.590007e-09	3.511216e+01	1.873539e+02
4.170000e-06	6.479040e-06	1.686267e-09	3.497593e+01	1.870736e+02
4.180000e-06	6.453237e-06	1.668406e-09	3.483664e+01	1.867866e+02
4.190000e-06	6.427014e-06	1.598399e-09	3.469508e+01	1.864927e+02
4.200000e-06	6.400317e-06	1.649195e-09	3.455096e+01	1.861920e+02
4.210000e-06	6.373017e-06	1.662769e-09	3.440358e+01	1.858843e+02
4.220000e-06	6.345290e-06	1.602006e-09	3.425390e+01	1.855695e+02
4.230000e-06	6.317267e-06	1.624731e-09	3.410263e+01	1.852478e+02
4.240000e-06	6.288960e-06	1.654978e-09	3.394982e+01	1.849190e+02
4.250000e-06	6.260386e-06	1.613183e-09	3.379557e+01	1.845833e+02
4.260000e-06	6.231318e-06	1.615203e-09	3.363865e+01	1.842406e+02
4.270000e-06	6.201598e-06	1.645272e-09	3.347821e+01	1.838911e+02
4.280000e-06	6.171297e-06	1.618125e-09	3.331464e+01	1.835348e+02
4.290000e-06	6.140273e-06	1.603523e-09	3.314716e+01	1.831717e+02
4.300000e-06	6.108592e-06	1.623340e-09	3.297613e+01	1.828021e+02
4.310000e-06	6.076574e-06	1.616628e-09	3.280329e+01	1.824258e+02
4.320000e-06	6.044228e-06	1.607729e-09	3.262868e+01	1.820431e+02
4.330000e-06	6.011481e-06	1.614509e-09	3.245190e+01	1.816539e+02
4.340000e-06	5.978423e-06	1.603854e-09	3.227344e+01	1.812583e+02
4.350000e-06	5.944909e-06	1.593298e-09	3.209252e+01	1.808562e+02
4.360000e-06	5.910856e-06	1.598176e-09	3.190869e+01	1.804477e+02
4.370000e-06	5.876425e-06	1.596249e-09	3.172282e+01	1.800326e+02
4.380000e-06	5.841564e-06	1.592284e-09	3.153463e+01	1.796108e+02
4.390000e-06	5.806274e-06	1.592453e-09	3.134412e+01	1.791823e+02
4.400000e-06	5.770691e-06	1.586402e-09	3.115204e+01	1.787466e+02
4.410000e-06	5.734799e-06	1.584009e-09	3.095828e+01	1.783037e+02
4.420000e-06	5.698632e-06	1.585529e-09	3.076304e+01	1.778531e+02
4.430000e-06	5.662245e-06	1.577150e-09	3.056661e+01	1.773946e+02
4.440000e-06	5.625423e-06	1.570412e-09	3.036783e+01	1.769278e+02
4.450000e-06	5.588060e-06	1.574153e-09	3.016614e+01	1.764521e+02
4.460000e-06	5.550136e-06	1.573418e-09	2.996141e+01	1.759673e+02
4.470000e-06	5.511530e-06	1.565790e-09	2.975300e+01	1.754726e+02
4.480000e-06	5.472289e-06	1.560756e-09	2.954117e+01	1.749677e+02
4.490000e-06	5.432588e-06	1.556736e-09	2.932685e+01	1.744520e+02
4.500000e-06	5.392564e-06	1.551146e-09	2.911078e+01	1.739250e+02
4.510000e-06	5.352301e-06	1.547152e-09	2.889343e+01	1.733862e+02
4.520000e-06	5.311823e-06	1.544234e-09	2.867492e+01	1.728350e+02
4.530000e-06	5.270959e-06	1.538383e-09	2.845432e+01	1.722710e+02
4.540000e-06	5.229708e-06	1.532398e-09	2.823164e+01	1.716937e+02
4.550000e-06	5.188114e-06	1.530212e-09	2.800710e+01	1.711027e+02
4.560000e-06	5.146137e-06	1.527672e-09	2.778049e+01	1.704977e+02
4.570000e-06	5.103872e-06	1.520587e-09	2.755234e+01	1.698783e+02
4.580000e-06	5.061329e-06	1.512579e-09	2.732268e+01	1.692442e+02
4.590000e-06	5.018429e-06	1.507835e-09	2.709109e+01	1.685954e+02
4.600000e-06	4.975032e-06	1.503838e-09	2.685681e+01	1.679318e+02
4.610000e-06	4.931216e-06	1.497931e-09	2.662028e+01	1.672532e+02
4.620000e-06	4.887194e-06	1.492917e-09	2.638264e+01	1.665597e+02
4.630000e-06	4.842966e-06	1.489924e-09	2.614388e+01	1.658515e+02
4.640000e-06	4.798503e-06	1.485861e-09	2.590385e+01	1.651288e+02
4.650000e-06	4.753737e-06	1.478392e-09	2.566219e+01	1.643918e+02
4.660000e-06	4.708648e-06	1.469341e-09	2.541879e+01	1.636408e+02
4.670000e-06	4.663301e-06	1.459959e-09	2.517399e+01	1.628763e+02
4.680000e-06	4.617667e-06	1.451706e-09	2.492764e+01	1.620985e+02
4.690000e-06	4.571599e-06	1.446023e-09	2.467896e+01	1.613081e+02
4.700000e-06	4.525016e-06	1.440847e-09	2.442748e+01	1.605054e+02
4.710000e-06	4.478182e-06	1.434550e-09	2.417466e+01	1.596910e+02
4.720000e-06	4.431120e-06	1.427298e-09	2.392061e+01	1.588653e+02
4.730000e-06	4.383610e-06	1.419038e-09	2.366413e+01	1.580289e+02
4.740000e-06	4.335743e-06	1.409987e-09	2.340573e+01	1.571821e+02
4.750000e-06	4.287637e-06	1.402533e-09	2.314604e+01	1.563255e+02
4.760000e-06	4.239270e-06	1.395483e-09	2.288493e+01	1.554595e+02
4.770000e-06	4.190365e-06	1.387189e-09	2.262093e+01	1.545842e+02
4.780000e-06	4.140999e-06	1.380378e-09	2.235444e+01	1.537001e+02
4.790000e-06	4.091386e-06	1.375086e-09	2.208661e+01	1.528073e+02
4.800000e-06	4.041500e-06	1.368101e-09	2.181731e+01	1.519059e+02
4.810000e-06	3.991479e-06	1.359334e-09	2.154728e+01	1.509960e+02
4.820000e-06	3.941258e-06	1.350963e-09	2.127617e+01	1.500774e+02
4.830000e-06	3.890657e-06	1.343487e-09	2.100301e+01	1.491502e+02
4.840000e-06	3.839707e-06	1.335407e-09	2.072797e+01	1.482140e+02
4.850000e-06	3.788429e-06	1.326183e-09	2.045115e+01	1.472685e+02
4.860000e-06	3.736744e-06	1.317132e-09	2.017214e+01	1.463135e+02
4.870000e-06	3.684782e-06	1.308857e-09	1.989163e+01	1.453484e+02
4.880000e-06	3.632592e-06	1.300679e-09	1.960989e+01	1.443727e+02
4.890000e-06	3.580207e-06	1.292651e-09	1.932710e+01	1.433860e+02
4.900000e-06	3.527611e-06	1.284881e-09	1.904318e+01	1.423875e+02
4.910000e-06	3.474704e-06	1.276894e-09	1.875757e+01	1.413768e+02
4.920000e-06	3.421314e-06	1.267914e-09	1.846935e+01	1.403531e+02
4.930000e-06	3.367458e-06	1.257690e-09	1.817862e+01	1.393159e+02
4.940000e-06	3.313301e-06	1.247770e-09	1.788626e+01	1.382646e+02
4.950000e-06	3.258773e-06	1.237933e-09	1.759190e+01	1.371985e+02
4.960000e-06	3.203838e-06	1.227400e-09	1.729534e+01	1.361171e+02
4.970000e-06	3.148548e-06	1.217937e-09	1.699687e+01	1.350199e+02
4.980000e-06	3.093014e-06	1.208621e-09	1.669708e+01	1.339065e+02
4.990000e-06	3.037283e-06	1.199079e-09	1.639622e+01	1.327765e+02
5.000000e-06	2.981348e-06	1.189129e-09	1.609427e+01	1.316296e+02
5.010000e-06	2.925268e-06	1.177506e-09	1.579153e+01	1.304655e+02
5.020000e-06	2.868983e-06	1.165543e-09	1.548769e+01	1.292841e+02
5.030000e-06	2.812517e-06	1.154088e-09	1.518287e+01	1.280854e+02
5.040000e-06	2.755998e-06	1.143970e-09	1.487776e+01	1.268693e+02
5.050000e-06	2.699322e-06	1.134470e-09	1.457181e+01	1.256359e+02
5.060000e-06	2.642428e-06	1.124351e-09	1.426467e+01	1.243853e+02
5.070000e-06	2.585403e-06	1.112445e-09	1.395683e+01	1.231176e+02
5.080000e-06	2.528256e-06	1.099190e-09	1.364833e+01	1.218332e+02
5.090000e-06	2.470845e-06	1.086840e-09	1.333841e+01	1.205322e+02
5.100000e-06	2.413204e-06	1.075461e-09	1.302725e+01	1.192149e+02
5.110000e-06	2.355374e-06	1.064089e-09	1.271507e+01	1.178815e+02
5.120000e-06	2.297388e-06	1.052328e-09	1.240204e+01	1.165322e+02
5.130000e-06	2.239373e-06	1.039986e-09	1.208885e+01	1.151671e+02
5.140000e-06	2.181254e-06	1.027514e-09	1.177511e+01	1.137864e+02
5.150000e-06	2.122928e-06	1.014940e-09	1.146024e+01	1.123900e+02
5.160000e-06	2.064310e-06	1.001719e-09	1.114380e+01	1.109779e+02
5.170000e-06	2.005574e-06	9.872447e-10	1.082673e+01	1.095498e+02
5.180000e-06	1.946742e-06	9.731380e-10	1.050914e+01	1.081053e+02
5.190000e-06	1.887606e-06	9.604583e-10	1.018990e+01	1.066440e+02
5.200000e-06	1.828297e-06	9.479682e-10	9.869732e+00	1.051652e+02
5.210000e-06	1.768838e-06	9.345478e-10	9.548756e+00	1.036681e+02
5.220000e-06	1.709343e-06	9.200201e-10	9.227582e+00	1.021516e+02
5.230000e-06	1.649895e-06	9.061074e-10	8.906662e+00	1.006147e+02
5.240000e-06	1.590414e-06	8.922347e-10	8.585563e+00	9.905600e+01
5.250000e-06	1.530902e-06	8.772476e-10	8.264296e+00	9.747396e+01
5.260000e-06	1.471176e-06	8.622194e-10	7.941877e+00	9.586695e+01
5.270000e-06	1.411235e-06	8.468686e-10	7.618298e+00	9.423318e+01
5.280000e-06	1.351247e-06	8.306870e-10	7.294465e+00	9.257074e+01
5.290000e-06	1.291232e-06	8.148633e-10	6.970484e+00	9.087758e+01
5.300000e-06	1.231103e-06	7.988814e-10	6.645887e+00	8.915160e+01
5.310000e-06	1.170898e-06	7.819349e-10	6.320881e+00	8.739062e+01
5.320000e-06	1.110701e-06	7.646139e-10	5.995922e+00	8.559246e+01
5.330000e-06	1.050526e-06	7.478217e-10	5.671074e+00	8.375489e+01
5.340000e-06	9.903147e-07	7.323076e-10	5.346036e+00	8.187576e+01
5.350000e-06	9.300158e-07	7.157326e-10	5.020523e+00	7.995295e+01
5.360000e-06	8.697377e-07	6.964269e-10	4.695123e+00	7.798444e+01
5.370000e-06	8.095167e-07	6.768429e-10	4.370030e+00	7.596834e+01
5.380000e-06	7.492910e-07	6.584034e-10	4.044913e+00	7.390292e+01
5.390000e-06	6.890208e-07	6.400418e-10	3.719555e+00	7.178666e+01
5.400000e-06	6.287307e-07	6.204611e-10	3.394089e+00	6.961822e+01
5.410000e-06	5.683333e-07	5.999291e-10	3.068045e+00	6.739654e+01
5.420000e-06	5.077294e-07	5.792307e-10	2.740886e+00	6.512082e+01
5.430000e-06	4.470458e-07	5.590367e-10	2.413296e+00	6.279057e+01
5.440000e-06	3.863712e-07	5.392615e-10	2.085755e+00	6.040558e+01
5.450000e-06	3.257598e-07	5.177114e-10	1.758556e+00	5.796601e+01
5.460000e-06	2.651576e-07	4.945851e-10	1.431406e+00	5.547232e+01
5.470000e-06	2.046114e-07	4.717258e-10	1.104558e+00	5.292535e+01
5.480000e-06	1.441201e-07	4.495812e-10	7.780066e-01	5.032625e+01
5.490000e-06	8.356664e-08	4.272984e-10	4.511195e-01	4.767654e+01
5.500000e-06	2.293355e-08	4.033978e-10	1.238027e-01	4.497808e+01
5.510000e-06	-3.770446e-08	3.781319e-10	-2.035407e-01	4.223304e+01
5.520000e-06	-9.823913e-08	3.533831e-10	-5.303262e-01	3.944391e+01
5.530000e-06	-1.586988e-07	3.296172e-10	-8.567071e-01	3.661348e+01
5.540000e-06	-2.191861e-07	3.057532e-10	-1.183237e+00	3.374480e+01
5.550000e-06	-2.798160e-07	2.815181e-10	-1.510536e+00	3.084117e+01
5.560000e-06	-3.405134e-07	2.562434e-10	-1.838200e+00	2.790611e+01
5.570000e-06	-4.012042e-07	2.299364e-10	-2.165829e+00	2.494332e+01
5.580000e-06	-4.618663e-07	2.039194e-10	-2.493302e+00	2.195665e+01
5.590000e-06	-5.223909e-07	1.778518e-10	-2.820033e+00	1.895007e+01
5.600000e-06	-5.827602e-07	1.518695e-10	-3.145926e+00	1.592765e+01
5.610000e-06	-6.430838e-07	1.256011e-10	-3.471572e+00	1.289347e+01
5.620000e-06	-7.034498e-07	9.970518e-11	-3.797447e+00	9.851641e+00
5.630000e-06	-7.638257e-07	7.463286e-11	-4.123376e+00	6.806259e+00
5.640000e-06	-8.241932e-07	4.718163e-11	-4.449259e+00	3.761345e+00
5.650000e-06	-8.844961e-07	1.820321e-11	-4.774793e+00	7.208346e-01
5.660000e-06	-9.446464e-07	-9.422180e-12	-5.099504e+00	-2.311461e+00
5.670000e-06	-1.004753e-06	-3.538025e-11	-5.423976e+00	-5.331882e+00
5.680000e-06	-1.064822e-06	-6.036012e-11	-5.748247e+00	-8.336944e+00
5.690000e-06	-1.124851e-06	-8.500227e-11	-6.072305e+00	-1.132336e+01
5.700000e-06	-1.184855e-06	-1.101798e-10	-6.396227e+00	-1.428808e+01
5.710000e-06	-1.244788e-06	-1.354633e-10	-6.719765e+00	-1.722826e+01
5.720000e-06	-1.304766e-06	-1.596502e-10	-7.043544e+00	-2.014133e+01
5.730000e-06	-1.364770e-06	-1.836834e-10	-7.367467e+00	-2.302498e+01
5.740000e-06	-1.424677e-06	-2.082255e-10	-7.690864e+00	-2.587714e+01
5.750000e-06	-1.484450e-06	-2.329790e-10	-8.013535e+00	-2.869605e+01
5.760000e-06	-1.544108e-06	-2.583276e-10	-8.335590e+00	-3.148018e+01
5.770000e-06	-1.603625e-06	-2.829821e-10	-8.656878e+00	-3.422830e+01
5.780000e-06	-1.663022e-06	-3.071481e-10	-8.977527e+00	-3.693939e+01
5.790000e-06	-1.722375e-06	-3.323670e-10	-9.297930e+00	-3.961274e+01
5.800000e-06	-1.781628e-06	-3.579745e-10	-9.617798e+00	-4.224784e+01
5.810000e-06	-1.840741e-06	-3.826035e-10	-9.936911e+00	-4.484440e+01
5.820000e-06	-1.899700e-06	-4.056495e-10	-1.025519e+01	-4.740237e+01
5.830000e-06	-1.958475e-06	-4.292321e-10	-1.057248e+01	-4.992186e+01
5.840000e-06	-2.017082e-06	-4.545229e-10	-1.088885e+01	-5.240318e+01
5.850000e-06	-2.075623e-06	-4.788158e-10	-1.120488e+01	-5.484678e+01
5.860000e-06	-2.134096e-06	-4.999741e-10	-1.152053e+01	-5.725324e+01
5.870000e-06	-2.192389e-06	-5.207939e-10	-1.183522e+01	-5.962327e+01
5.880000e-06	-2.250434e-06	-5.430909e-10	-1.214856e+01	-6.195768e+01
5.890000e-06	-2.308247e-06	-5.644568e-10	-1.246065e+01	-6.425733e+01
5.900000e-06	-2.365951e-06	-5.852173e-10	-1.277216e+01	-6.652317e+01
5.910000e-06	-2.423501e-06	-6.064396e-10	-1.308284e+01	-6.875615e+01
5.920000e-06	-2.480810e-06	-6.268033e-10	-1.339220e+01	-7.095729e+01
5.930000e-06	-2.537981e-06	-6.474147e-10	-1.370084e+01	-7.312757e+01
5.940000e-06	-2.595001e-06	-6.688872e-10	-1.400865e+01	-7.526800e+01
5.950000e-06	-2.651718e-06	-6.899878e-10	-1.431483e+01	-7.737953e+01
5.960000e-06	-2.708220e-06	-7.098343e-10	-1.461984e+01	-7.946311e+01
5.970000e-06	-2.764633e-06	-7.287122e-10	-1.492437e+01	-8.151963e+01
5.980000e-06	-2.820917e-06	-7.472105e-10	-1.522821e+01	-8.354992e+01
5.990000e-06	-2.877089e-06	-7.653323e-10	-1.553145e+01	-8.555477e+01
6.000000e-06	-2.933159e-06	-7.836998e-10	-1.583413e+01	-8.753488e+01
6.010000e-06	-2.989129e-06	-8.021048e-10	-1.613627e+01	-8.949090e+01
6.020000e-06	-3.044867e-06	-8.198080e-10	-1.643717e+01	-9.142340e+01
6.030000e-06	-3.100453e-06	-8.373183e-10	-1.673724e+01	-9.333286e+01
6.040000e-06	-3.155797e-06	-8.553537e-10	-1.703600e+01	-9.521971e+01
6.050000e-06	-3.210511e-06	-8.727450e-10	-1.733137e+01	-9.708428e+01
6.060000e-06	-3.264812e-06	-8.892187e-10	-1.762450e+01	-9.892685e+01
6.070000e-06	-3.318918e-06	-9.055137e-10	-1.791658e+01	-1.007476e+02
6.080000e-06	-3.372696e-06	-9.223526e-10	-1.820689e+01	-1.025467e+02
6.090000e-06	-3.426099e-06	-9.395510e-10	-1.849518e+01	-1.043241e+02
6.100000e-06	-3.479118e-06	-9.562216e-10	-1.878139e+01	-1.060800e+02
6.110000e-06	-3.531863e-06	-9.716177e-10	-1.906613e+01	-1.078142e+02
6.120000e-06	-3.584423e-06	-9.866127e-10	-1.934986e+01	-1.095266e+02
6.130000e-06	-3.636690e-06	-1.002225e-09	-1.963202e+01	-1.112172e+02
6.140000e-06	-3.688609e-06	-1.017812e-09	-1.991229e+01	-1.128857e+02
6.150000e-06	-3.740307e-06	-1.033486e-09	-2.019138e+01	-1.145320e+02
6.160000e-06	-3.791775e-06	-1.049548e-09	-2.046922e+01	-1.161557e+02
6.170000e-06	-3.842840e-06	-1.065420e-09	-2.074488e+01	-1.177568e+02
6.180000e-06	-3.893537e-06	-1.080025e-09	-2.101856e+01	-1.193348e+02
6.190000e-06	-3.944004e-06	-1.093184e-09	-2.129099e+01	-1.208897e+02
6.200000e-06	-3.994210e-06	-1.106397e-09	-2.156203e+01	-1.224211e+02
6.210000e-06	-4.044063e-06	-1.120650e-09	-2.183114e+01	-1.239287e+02
6.220000e-06	-4.093549e-06	-1.134958e-09	-2.209829e+01	-1.254124e+02
6.230000e-06	-4.142783e-06	-1.148384e-09	-2.236407e+01	-1.268719e+02
6.240000e-06	-4.191600e-06	-1.160994e-09	-2.262760e+01	-1.283070e+02
6.250000e-06	-4.239604e-06	-1.173560e-09	-2.288674e+01	-1.297177e+02
6.260000e-06	-4.287065e-06	-1.186318e-09	-2.314295e+01	-1.311036e+02
6.270000e-06	-4.334307e-06	-1.198270e-09	-2.339797e+01	-1.324649e+02
6.280000e-06	-4.381397e-06	-1.209880e-09	-2.365218e+01	-1.338014e+02
6.290000e-06	-4.428293e-06	-1.222886e-09	-2.390535e+01	-1.351132e+02
6.300000e-06	-4.474938e-06	-1.236440e-09	-2.415715e+01	-1.364002e+02
6.310000e-06	-4.521356e-06	-1.248799e-09	-2.440773e+01	-1.376626e+02
6.320000e-06	-4.567358e-06	-1.259420e-09	-2.465606e+01	-1.389005e+02
6.330000e-06	-4.612967e-06	-1.270047e-09	-2.490227e+01	-1.401141e+02
6.340000e-06	-4.658334e-06	-1.282036e-09	-2.514718e+01	-1.413037e+02
6.350000e-06	-4.703387e-06	-1.293732e-09	-2.539039e+01	-1.424695e+02
6.360000e-06	-4.748083e-06	-1.304199e-09	-2.563167e+01	-1.436120e+02
6.370000e-06	-4.792510e-06	-1.314142e-09	-2.587151e+01	-1.447314e+02
6.380000e-06	-4.836720e-06	-1.324183e-09	-2.611016e+01	-1.458283e+02
6.390000e-06	-4.880733e-06	-1.334184e-09	-2.634776e+01	-1.469030e+02
6.400000e-06	-4.924571e-06	-1.343056e-09	-2.658441e+01	-1.479562e+02
6.410000e-06	-4.968104e-06	-1.350591e-09	-2.681942e+01	-1.489884e+02
6.420000e-06	-5.011263e-06	-1.358749e-09	-2.705240e+01	-1.500001e+02
6.430000e-06	-5.054027e-06	-1.367930e-09	-2.728325e+01	-1.509919e+02
6.440000e-06	-5.096411e-06	-1.376834e-09	-2.751206e+01	-1.519645e+02
6.450000e-06	-5.138457e-06	-1.386004e-09	-2.773903e+01	-1.529185e+02
6.460000e-06	-5.180023e-06	-1.395236e-09	-2.796342e+01	-1.538545e+02
6.470000e-06	-5.221184e-06	-1.403852e-09	-2.818562e+01	-1.547731e+02
6.480000e-06	-5.262071e-06	-1.411623e-09	-2.840634e+01	-1.556751e+02
6.490000e-06	-5.302589e-06	-1.418491e-09	-2.862507e+01	-1.565609e+02
6.500000e-06	-5.342852e-06	-1.425823e-09	-2.884242e+01	-1.574312e+02
6.510000e-06	-5.382978e-06	-1.434276e-09	-2.905904e+01	-1.582866e+02
6.520000e-06	-5.422872e-06	-1.441863e-09	-2.927440e+01	-1.591277e+02
6.530000e-06	-5.462414e-06	-1.447715e-09	-2.948786e+01	-1.599548e+02
6.540000e-06	-5.501409e-06	-1.453254e-09	-2.969837e+01	-1.607686e+02
6.550000e-06	-5.539759e-06	-1.459646e-09	-2.990539e+01	-1.615695e+02
6.560000e-06	-5.577449e-06	-1.466997e-09	-3.010886e+01	-1.623579e+02
6.570000e-06	-5.614488e-06	-1.474347e-09	-3.030880e+01	-1.631341e+02
6.580000e-06	-5.651034e-06	-1.481188e-09	-3.050609e+01	-1.638984e+02
6.590000e-06	-5.687266e-06	-1.487087e-09	-3.070168e+01	-1.646512e+02
6.600000e-06	-5.723265e-06	-1.492845e-09	-3.089602e+01	-1.653927e+02
6.610000e-06	-5.759075e-06	-1.499212e-09	-3.108933e+01	-1.661230e+02
6.620000e-06	-5.794527e-06	-1.504687e-09	-3.128071e+01	-1.668423e+02
6.630000e-06	-5.829429e-06	-1.509304e-09	-3.146912e+01	-1.675507e+02
6.640000e-06	-5.863957e-06	-1.514682e-09	-3.165552e+01	-1.682484e+02
6.650000e-06	-5.898102e-06	-1.521142e-09	-3.183984e+01	-1.689352e+02
6.660000e-06	-5.931756e-06	-1.528077e-09	-3.202152e+01	-1.696114e+02
6.670000e-06	-5.964968e-06	-1.534148e-09	-3.220080e+01	-1.702768e+02
6.680000e-06	-5.997696e-06	-1.538727e-09	-3.237748e+01	-1.709316e+02
6.690000e-06	-6.030084e-06	-1.542523e-09	-3.255233e+01	-1.715756e+02
6.700000e-06	-6.062290e-06	-1.547785e-09	-3.272618e+01	-1.722088e+02
6.710000e-06	-6.094304e-06	-1.554449e-09	-3.289900e+01	-1.728312e+02
6.720000e-06	-6.125852e-06	-1.559823e-09	-3.306931e+01	-1.734428e+02
6.730000e-06	-6.156735e-06	-1.563874e-09	-3.323602e+01	-1.740437e+02
6.740000e-06	-6.186822e-06	-1.567420e-09	-3.339845e+01	-1.746337e+02
6.750000e-06	-6.216139e-06	-1.571688e-09	-3.355671e+01	-1.752129e+02
6.760000e-06	-6.244920e-06	-1.576339e-09	-3.371207e+01	-1.757814e+02
6.770000e-06	-6.273276e-06	-1.579314e-09	-3.386515e+01	-1.763392e+02
6.780000e-06	-6.301480e-06	-1.581642e-09	-3.401741e+01	-1.768864e+02
6.790000e-06	-6.329570e-06	-1.585256e-09	-3.416904e+01	-1.774231e+02
6.800000e-06	-6.357356e-06	-1.589144e-09	-3.431904e+01	-1.779494e+02
6.810000e-06	-6.384527e-06	-1.593176e-09	-3.446572e+01	-1.784655e+02
6.820000e-06	-6.411013e-06	-1.596842e-09	-3.460870e+01	-1.789716e+02
6.830000e-06	-6.437102e-06	-1.599722e-09	-3.474954e+01	-1.794678e+02
6.840000e-06	-6.462787e-06	-1.603791e-09	-3.488819e+01	-1.799545e+02
6.850000e-06	-6.487936e-06	-1.607720e-09	-3.502396e+01	-1.804317e+02
6.860000e-06	-6.512530e-06	-1.610549e-09	-3.515672e+01	-1.808998e+02
6.870000e-06	-6.536809e-06	-1.612707e-09	-3.528779e+01	-1.813589e+02
6.880000e-06	-6.560964e-06	-1.615001e-09	-3.541818e+01	-1.818094e+02
6.890000e-06	-6.584828e-06	-1.618860e-09	-3.554701e+01	-1.822514e+02
6.900000e-06	-6.608017e-06	-1.622852e-09	-3.567219e+01	-1.826852e+02
6.910000e-06	-6.630463e-06	-1.625534e-09	-3.579336e+01	-1.831110e+02
6.920000e-06	-6.652209e-06	-1.627088e-09	-3.591075e+01	-1.835291e+02
6.930000e-06	-6.673220e-06	-1.628171e-09	-3.602418e+01	-1.839395e+02
6.940000e-06	-6.693667e-06	-1.630406e-09	-3.613456e+01	-1.843425e+02
6.950000e-06	-6.713751e-06	-1.634013e-09	-3.624298e+01	-1.847383e+02
6.960000e-06	-6.733551e-06	-1.637102e-09	-3.634986e+01	-1.851268e+02
6.970000e-06	-6.752942e-06	-1.639815e-09	-3.645454e+01	-1.855082e+02
6.980000e-06	-6.771798e-06	-1.642757e-09	-3.655633e+01	-1.858825e+02
6.990000e-06	-6.790197e-06	-1.646320e-09	-3.665566e+01	-1.862497e+02
7.000000e-06	-6.808271e-06	-1.650116e-09	-3.675322e+01	-1.866099e+02
7.010000e-06	-6.825799e-06	-1.651887e-09	-3.684785e+01	-1.869630e+02
7.020000e-06	-6.842866e-06	-1.652577e-09	-3.693998e+01	-1.873088e+02
7.030000e-06	-6.859557e-06	-1.653998e-09	-3.703008e+01	-1.876473e+02
7.040000e-06	-6.875888e-06	-1.656363e-09	-3.711824e+01	-1.879783e+02
7.050000e-06	-6.891947e-06	-1.659092e-09	-3.720493e+01	-1.883017e+02
7.060000e-06	-6.907556e-06	-1.661321e-09	-3.728920e+01	-1.886173e+02
7.070000e-06	-6.922595e-06	-1.663747e-09	-3.737039e+01	-1.889249e+02
7.080000e-06	-6.936808e-06	-1.666273e-09	-3.744711e+01	-1.892244e+02
7.090000e-06	-6.950090e-06	-1.668372e-09	-3.751881e+01	-1.895154e+02
7.100000e-06	-6.962650e-06	-1.669375e-09	-3.758661e+01	-1.897979e+02
7.110000e-06	-6.974778e-06	-1.669722e-09	-3.765208e+01	-1.900716e+02
7.120000e-06	-6.986547e-06	-1.671056e-09	-3.771562e+01	-1.903362e+02
7.130000e-06	-6.997809e-06	-1.674106e-09	-3.777641e+01	-1.905917e+02
7.140000e-06	-7.008448e-06	-1.676979e-09	-3.783384e+01	-1.908378e+02
7.150000e-06	-7.018587e-06	-1.677009e-09	-3.788858e+01	-1.910744e+02
7.160000e-06	-7.028391e-06	-1.676257e-09	-3.794150e+01	-1.913013e+02
7.170000e-06	-7.037660e-06	-1.677143e-09	-3.799154e+01	-1.915184e+02
7.180000e-06	-7.046361e-06	-1.678754e-09	-3.803851e+01	-1.917256e+02
7.190000e-06	-7.054702e-06	-1.679582e-09	-3.808354e+01	-1.919229e+02
7.200000e-06	-7.062688e-06	-1.678888e-09	-3.812665e+01	-1.921101e+02
7.210000e-06	-7.070274e-06	-1.677797e-09	-3.816760e+01	-1.922873e+02
7.220000e-06	-7.077294e-06	-1.677063e-09	-3.820550e+01	-1.924545e+02
7.230000e-06	-7.083564e-06	-1.676764e-09	-3.823934e+01	-1.926116e+02
7.240000e-06	-7.089026e-06	-1.677278e-09	-3.826883e+01	-1.927586e+02
7.250000e-06	-7.093835e-06	-1.677839e-09	-3.829479e+01	-1.928958e+02
7.260000e-06	-7.098227e-06	-1.678785e-09	-3.831850e+01	-1.930230e+02
7.270000e-06	-7.102328e-06	-1.680889e-09	-3.834064e+01	-1.931404e+02
7.280000e-06	-7.106043e-06	-1.682868e-09	-3.836069e+01	-1.932481e+02
7.290000e-06	-7.109138e-06	-1.682476e-09	-3.837740e+01	-1.933461e+02
7.300000e-06	-7.111715e-06	-1.680353e-09	-3.839131e+01	-1.934347e+02
7.310000e-06	-7.113819e-06	-1.679668e-09	-3.840267e+01	-1.935137e+02
7.320000e-06	-7.115449e-06	-1.681286e-09	-3.841147e+01	-1.935835e+02
7.330000e-06	-7.116499e-06	-1.683685e-09	-3.841714e+01	-1.936440e+02
7.340000e-06	-7.117059e-06	-1.684602e-09	-3.842016e+01	-1.936954e+02
