# Temperatura_=_20.0
# Concentracion g/m^3_=_7400.0
# C_Vs_to_Am_M_A/Vsm_=_116720831517.84952
# pendiente_HvsI_1/m_=_3716.3
# ordenada_HvsI_A/m_=_1297.0
# frecuencia_Hz_=_136113.50351002923

Tiempo_(s)	Campo_(V.s)	Magnetizacion_(V.s)	Campo_(kA/m)	Magnetizacion_(A/m)
0.000000e+00	-7.116972e-06	-1.368809e-09	-3.841650e+01	-1.591052e+02
1.000000e-08	-7.117376e-06	-1.367973e-09	-3.841868e+01	-1.591310e+02
2.000000e-08	-7.117571e-06	-1.367912e-09	-3.841972e+01	-1.591482e+02
3.000000e-08	-7.117304e-06	-1.367840e-09	-3.841829e+01	-1.591566e+02
4.000000e-08	-7.116365e-06	-1.367448e-09	-3.841321e+01	-1.591562e+02
5.000000e-08	-7.114561e-06	-1.366904e-09	-3.840348e+01	-1.591473e+02
6.000000e-08	-7.111991e-06	-1.366012e-09	-3.838961e+01	-1.591298e+02
7.000000e-08	-7.108843e-06	-1.365177e-09	-3.837262e+01	-1.591042e+02
8.000000e-08	-7.105220e-06	-1.366239e-09	-3.835306e+01	-1.590706e+02
9.000000e-08	-7.100970e-06	-1.365534e-09	-3.833012e+01	-1.590294e+02
1.000000e-07	-7.095915e-06	-1.354459e-09	-3.830283e+01	-1.589811e+02
1.100000e-07	-7.090244e-06	-1.335366e-09	-3.827222e+01	-1.589261e+02
1.200000e-07	-7.084311e-06	-1.344791e-09	-3.824019e+01	-1.588648e+02
1.300000e-07	-7.078161e-06	-1.384436e-09	-3.820700e+01	-1.587979e+02
1.400000e-07	-7.071600e-06	-1.390822e-09	-3.817158e+01	-1.587257e+02
1.500000e-07	-7.064514e-06	-1.337391e-09	-3.813333e+01	-1.586489e+02
1.600000e-07	-7.056963e-06	-1.319467e-09	-3.809257e+01	-1.585680e+02
1.700000e-07	-7.049186e-06	-1.377062e-09	-3.805059e+01	-1.584835e+02
1.800000e-07	-7.041039e-06	-1.386826e-09	-3.800662e+01	-1.583959e+02
1.900000e-07	-7.032064e-06	-1.314113e-09	-3.795817e+01	-1.583057e+02
2.000000e-07	-7.022295e-06	-1.300109e-09	-3.790544e+01	-1.582133e+02
2.100000e-07	-7.012082e-06	-1.387213e-09	-3.785031e+01	-1.581190e+02
2.200000e-07	-7.001309e-06	-1.403344e-09	-3.779216e+01	-1.580233e+02
2.300000e-07	-6.989914e-06	-1.311439e-09	-3.773065e+01	-1.579262e+02
2.400000e-07	-6.977974e-06	-1.291311e-09	-3.766620e+01	-1.578280e+02
2.500000e-07	-6.965460e-06	-1.367768e-09	-3.759865e+01	-1.577289e+02
2.600000e-07	-6.952212e-06	-1.372054e-09	-3.752714e+01	-1.576288e+02
2.700000e-07	-6.938304e-06	-1.308177e-09	-3.745207e+01	-1.575276e+02
2.800000e-07	-6.923817e-06	-1.321303e-09	-3.737387e+01	-1.574254e+02
2.900000e-07	-6.908715e-06	-1.366402e-09	-3.729235e+01	-1.573219e+02
3.000000e-07	-6.892890e-06	-1.334461e-09	-3.720693e+01	-1.572168e+02
3.100000e-07	-6.876312e-06	-1.302516e-09	-3.711744e+01	-1.571098e+02
3.200000e-07	-6.859159e-06	-1.337430e-09	-3.702485e+01	-1.570007e+02
3.300000e-07	-6.841750e-06	-1.338540e-09	-3.693088e+01	-1.568889e+02
3.400000e-07	-6.824153e-06	-1.298749e-09	-3.683589e+01	-1.567741e+02
3.500000e-07	-6.806086e-06	-1.326565e-09	-3.673837e+01	-1.566557e+02
3.600000e-07	-6.787602e-06	-1.358722e-09	-3.663860e+01	-1.565334e+02
3.700000e-07	-6.768714e-06	-1.304258e-09	-3.653664e+01	-1.564065e+02
3.800000e-07	-6.749329e-06	-1.276060e-09	-3.643200e+01	-1.562746e+02
3.900000e-07	-6.729463e-06	-1.333882e-09	-3.632477e+01	-1.561373e+02
4.000000e-07	-6.709271e-06	-1.338536e-09	-3.621578e+01	-1.559941e+02
4.100000e-07	-6.688588e-06	-1.284337e-09	-3.610413e+01	-1.558446e+02
4.200000e-07	-6.667331e-06	-1.302579e-09	-3.598939e+01	-1.556883e+02
4.300000e-07	-6.645624e-06	-1.338444e-09	-3.587222e+01	-1.555250e+02
4.400000e-07	-6.623507e-06	-1.300396e-09	-3.575284e+01	-1.553543e+02
4.500000e-07	-6.600947e-06	-1.280230e-09	-3.563106e+01	-1.551761e+02
4.600000e-07	-6.577994e-06	-1.310857e-09	-3.550716e+01	-1.549901e+02
4.700000e-07	-6.554702e-06	-1.299322e-09	-3.538143e+01	-1.547963e+02
4.800000e-07	-6.530977e-06	-1.278594e-09	-3.525337e+01	-1.545945e+02
4.900000e-07	-6.506680e-06	-1.306657e-09	-3.512222e+01	-1.543849e+02
5.000000e-07	-6.481904e-06	-1.306677e-09	-3.498848e+01	-1.541675e+02
5.100000e-07	-6.456508e-06	-1.269382e-09	-3.485139e+01	-1.539425e+02
5.200000e-07	-6.430338e-06	-1.279547e-09	-3.471013e+01	-1.537099e+02
5.300000e-07	-6.403528e-06	-1.298304e-09	-3.456541e+01	-1.534701e+02
5.400000e-07	-6.376236e-06	-1.273883e-09	-3.441810e+01	-1.532232e+02
5.500000e-07	-6.348564e-06	-1.268345e-09	-3.426873e+01	-1.529697e+02
5.600000e-07	-6.320539e-06	-1.287423e-09	-3.411745e+01	-1.527098e+02
5.700000e-07	-6.292161e-06	-1.275153e-09	-3.396427e+01	-1.524439e+02
5.800000e-07	-6.263340e-06	-1.262544e-09	-3.380870e+01	-1.521722e+02
5.900000e-07	-6.234112e-06	-1.273261e-09	-3.365093e+01	-1.518952e+02
6.000000e-07	-6.204365e-06	-1.266054e-09	-3.349036e+01	-1.516132e+02
6.100000e-07	-6.174177e-06	-1.253517e-09	-3.332741e+01	-1.513264e+02
6.200000e-07	-6.143686e-06	-1.262345e-09	-3.316282e+01	-1.510352e+02
6.300000e-07	-6.112857e-06	-1.261406e-09	-3.299641e+01	-1.507398e+02
6.400000e-07	-6.081684e-06	-1.247994e-09	-3.282814e+01	-1.504404e+02
6.500000e-07	-6.050254e-06	-1.248938e-09	-3.265849e+01	-1.501372e+02
6.600000e-07	-6.018492e-06	-1.249476e-09	-3.248704e+01	-1.498303e+02
6.700000e-07	-5.986212e-06	-1.241570e-09	-3.231280e+01	-1.495197e+02
6.800000e-07	-5.953284e-06	-1.241524e-09	-3.213506e+01	-1.492055e+02
6.900000e-07	-5.919703e-06	-1.240619e-09	-3.195379e+01	-1.488875e+02
7.000000e-07	-5.885548e-06	-1.231196e-09	-3.176943e+01	-1.485658e+02
7.100000e-07	-5.850754e-06	-1.227468e-09	-3.158162e+01	-1.482400e+02
7.200000e-07	-5.815443e-06	-1.226091e-09	-3.139101e+01	-1.479101e+02
7.300000e-07	-5.779866e-06	-1.221104e-09	-3.119897e+01	-1.475757e+02
7.400000e-07	-5.744035e-06	-1.218885e-09	-3.100556e+01	-1.472366e+02
7.500000e-07	-5.707899e-06	-1.217421e-09	-3.081050e+01	-1.468925e+02
7.600000e-07	-5.671393e-06	-1.212977e-09	-3.061345e+01	-1.465428e+02
7.700000e-07	-5.634481e-06	-1.211226e-09	-3.041420e+01	-1.461873e+02
7.800000e-07	-5.597088e-06	-1.208999e-09	-3.021236e+01	-1.458256e+02
7.900000e-07	-5.559198e-06	-1.201682e-09	-3.000783e+01	-1.454572e+02
8.000000e-07	-5.520890e-06	-1.194749e-09	-2.980105e+01	-1.450817e+02
8.100000e-07	-5.482168e-06	-1.190822e-09	-2.959203e+01	-1.446987e+02
8.200000e-07	-5.443134e-06	-1.187110e-09	-2.938133e+01	-1.443078e+02
8.300000e-07	-5.403914e-06	-1.184091e-09	-2.916963e+01	-1.439086e+02
8.400000e-07	-5.364440e-06	-1.180751e-09	-2.895655e+01	-1.435007e+02
8.500000e-07	-5.324625e-06	-1.176011e-09	-2.874164e+01	-1.430839e+02
8.600000e-07	-5.284431e-06	-1.171855e-09	-2.852468e+01	-1.426578e+02
8.700000e-07	-5.243769e-06	-1.167675e-09	-2.830519e+01	-1.422222e+02
8.800000e-07	-5.202710e-06	-1.162495e-09	-2.808355e+01	-1.417769e+02
8.900000e-07	-5.161196e-06	-1.156540e-09	-2.785947e+01	-1.413218e+02
9.000000e-07	-5.119020e-06	-1.150026e-09	-2.763181e+01	-1.408566e+02
9.100000e-07	-5.076228e-06	-1.144356e-09	-2.740082e+01	-1.403813e+02
9.200000e-07	-5.032967e-06	-1.140428e-09	-2.716731e+01	-1.398959e+02
9.300000e-07	-4.989441e-06	-1.135578e-09	-2.693236e+01	-1.394005e+02
9.400000e-07	-4.945691e-06	-1.129364e-09	-2.669620e+01	-1.388950e+02
9.500000e-07	-4.901496e-06	-1.123642e-09	-2.645764e+01	-1.383795e+02
9.600000e-07	-4.857023e-06	-1.119638e-09	-2.621758e+01	-1.378542e+02
9.700000e-07	-4.812320e-06	-1.116126e-09	-2.597628e+01	-1.373192e+02
9.800000e-07	-4.767284e-06	-1.111126e-09	-2.573318e+01	-1.367747e+02
9.900000e-07	-4.721904e-06	-1.104941e-09	-2.548823e+01	-1.362207e+02
1.000000e-06	-4.676175e-06	-1.099682e-09	-2.524139e+01	-1.356576e+02
1.010000e-06	-4.630154e-06	-1.095491e-09	-2.499297e+01	-1.350854e+02
1.020000e-06	-4.583781e-06	-1.091993e-09	-2.474265e+01	-1.345044e+02
1.030000e-06	-4.537039e-06	-1.087350e-09	-2.449035e+01	-1.339146e+02
1.040000e-06	-4.490047e-06	-1.081322e-09	-2.423669e+01	-1.333163e+02
1.050000e-06	-4.442825e-06	-1.076443e-09	-2.398179e+01	-1.327095e+02
1.060000e-06	-4.395273e-06	-1.072920e-09	-2.372512e+01	-1.320943e+02
1.070000e-06	-4.347500e-06	-1.068944e-09	-2.346724e+01	-1.314707e+02
1.080000e-06	-4.299386e-06	-1.063426e-09	-2.320753e+01	-1.308388e+02
1.090000e-06	-4.250909e-06	-1.056711e-09	-2.294586e+01	-1.301984e+02
1.100000e-06	-4.202171e-06	-1.050396e-09	-2.268278e+01	-1.295496e+02
1.110000e-06	-4.152959e-06	-1.044917e-09	-2.241714e+01	-1.288921e+02
1.120000e-06	-4.103270e-06	-1.039123e-09	-2.214892e+01	-1.282258e+02
1.130000e-06	-4.053203e-06	-1.032588e-09	-2.187866e+01	-1.275504e+02
1.140000e-06	-4.002750e-06	-1.025840e-09	-2.160632e+01	-1.268658e+02
1.150000e-06	-3.952002e-06	-1.020573e-09	-2.133239e+01	-1.261714e+02
1.160000e-06	-3.900790e-06	-1.016461e-09	-2.105596e+01	-1.254671e+02
1.170000e-06	-3.849201e-06	-1.011340e-09	-2.077749e+01	-1.247524e+02
1.180000e-06	-3.797397e-06	-1.004878e-09	-2.049786e+01	-1.240269e+02
1.190000e-06	-3.745230e-06	-9.978697e-10	-2.021626e+01	-1.232901e+02
1.200000e-06	-3.692701e-06	-9.910501e-10	-1.993272e+01	-1.225417e+02
1.210000e-06	-3.639926e-06	-9.846404e-10	-1.964785e+01	-1.217811e+02
1.220000e-06	-3.586952e-06	-9.775366e-10	-1.936190e+01	-1.210078e+02
1.230000e-06	-3.533710e-06	-9.698936e-10	-1.907451e+01	-1.202214e+02
1.240000e-06	-3.480189e-06	-9.621031e-10	-1.878561e+01	-1.194214e+02
1.250000e-06	-3.426458e-06	-9.555024e-10	-1.849558e+01	-1.186074e+02
1.260000e-06	-3.372642e-06	-9.496964e-10	-1.820509e+01	-1.177790e+02
1.270000e-06	-3.318645e-06	-9.419773e-10	-1.791362e+01	-1.169357e+02
1.280000e-06	-3.264372e-06	-9.330124e-10	-1.762066e+01	-1.160772e+02
1.290000e-06	-3.209793e-06	-9.251080e-10	-1.732605e+01	-1.152032e+02
1.300000e-06	-3.154979e-06	-9.184746e-10	-1.703017e+01	-1.143133e+02
1.310000e-06	-3.099949e-06	-9.115425e-10	-1.673312e+01	-1.134075e+02
1.320000e-06	-3.044676e-06	-9.035254e-10	-1.643477e+01	-1.124854e+02
1.330000e-06	-2.989257e-06	-8.947478e-10	-1.613562e+01	-1.115470e+02
1.340000e-06	-2.933733e-06	-8.862769e-10	-1.583591e+01	-1.105921e+02
1.350000e-06	-2.878019e-06	-8.791299e-10	-1.553517e+01	-1.096208e+02
1.360000e-06	-2.822097e-06	-8.718366e-10	-1.523331e+01	-1.086331e+02
1.370000e-06	-2.766068e-06	-8.633051e-10	-1.493088e+01	-1.076289e+02
1.380000e-06	-2.709914e-06	-8.550001e-10	-1.462777e+01	-1.066085e+02
1.390000e-06	-2.653540e-06	-8.466440e-10	-1.432347e+01	-1.055719e+02
1.400000e-06	-2.596883e-06	-8.377924e-10	-1.401764e+01	-1.045193e+02
1.410000e-06	-2.540031e-06	-8.283843e-10	-1.371076e+01	-1.034508e+02
1.420000e-06	-2.483014e-06	-8.190356e-10	-1.340299e+01	-1.023667e+02
1.430000e-06	-2.425752e-06	-8.102886e-10	-1.309390e+01	-1.012671e+02
1.440000e-06	-2.368232e-06	-8.018342e-10	-1.278341e+01	-1.001522e+02
1.450000e-06	-2.310436e-06	-7.927094e-10	-1.247143e+01	-9.902221e+01
1.460000e-06	-2.252363e-06	-7.825497e-10	-1.215796e+01	-9.787716e+01
1.470000e-06	-2.193949e-06	-7.721412e-10	-1.184265e+01	-9.671717e+01
1.480000e-06	-2.135230e-06	-7.614949e-10	-1.152569e+01	-9.554227e+01
1.490000e-06	-2.076367e-06	-7.510128e-10	-1.120796e+01	-9.435243e+01
1.500000e-06	-2.017265e-06	-7.415491e-10	-1.088893e+01	-9.314756e+01
1.510000e-06	-1.958056e-06	-7.317418e-10	-1.056933e+01	-9.192745e+01
1.520000e-06	-1.898842e-06	-7.200460e-10	-1.024971e+01	-9.069185e+01
1.530000e-06	-1.839443e-06	-7.089926e-10	-9.929075e+00	-8.944038e+01
1.540000e-06	-1.779927e-06	-6.990179e-10	-9.607813e+00	-8.817257e+01
1.550000e-06	-1.720335e-06	-6.881212e-10	-9.286144e+00	-8.688785e+01
1.560000e-06	-1.660647e-06	-6.765277e-10	-8.963960e+00	-8.558552e+01
1.570000e-06	-1.600941e-06	-6.653346e-10	-8.641673e+00	-8.426480e+01
1.580000e-06	-1.541191e-06	-6.544358e-10	-8.319147e+00	-8.292477e+01
1.590000e-06	-1.481347e-06	-6.428265e-10	-7.996122e+00	-8.156443e+01
1.600000e-06	-1.421374e-06	-6.302032e-10	-7.672395e+00	-8.018266e+01
1.610000e-06	-1.361265e-06	-6.172009e-10	-7.347935e+00	-7.877825e+01
1.620000e-06	-1.301070e-06	-6.052607e-10	-7.023009e+00	-7.734990e+01
1.630000e-06	-1.240880e-06	-5.942025e-10	-6.698111e+00	-7.589626e+01
1.640000e-06	-1.180666e-06	-5.833200e-10	-6.373082e+00	-7.441588e+01
1.650000e-06	-1.120333e-06	-5.718614e-10	-6.047410e+00	-7.290728e+01
1.660000e-06	-1.059930e-06	-5.594907e-10	-5.721366e+00	-7.136895e+01
1.670000e-06	-9.994086e-07	-5.471069e-10	-5.394678e+00	-6.979936e+01
1.680000e-06	-9.387976e-07	-5.341468e-10	-5.067508e+00	-6.819700e+01
1.690000e-06	-8.782427e-07	-5.195491e-10	-4.740640e+00	-6.656036e+01
1.700000e-06	-8.176590e-07	-5.050340e-10	-4.413617e+00	-6.488799e+01
1.710000e-06	-7.570326e-07	-4.930065e-10	-4.086364e+00	-6.317851e+01
1.720000e-06	-6.963993e-07	-4.816522e-10	-3.759073e+00	-6.143062e+01
1.730000e-06	-6.356201e-07	-4.700580e-10	-3.430995e+00	-5.964313e+01
1.740000e-06	-5.747671e-07	-4.574864e-10	-3.102519e+00	-5.781501e+01
1.750000e-06	-5.139132e-07	-4.422945e-10	-2.774037e+00	-5.594533e+01
1.760000e-06	-4.530120e-07	-4.254804e-10	-2.445300e+00	-5.403339e+01
1.770000e-06	-3.920654e-07	-4.086918e-10	-2.116318e+00	-5.207864e+01
1.780000e-06	-3.310996e-07	-3.923064e-10	-1.787233e+00	-5.008074e+01
1.790000e-06	-2.701852e-07	-3.757662e-10	-1.458425e+00	-4.803960e+01
1.800000e-06	-2.092866e-07	-3.598912e-10	-1.129702e+00	-4.595533e+01
1.810000e-06	-1.483692e-07	-3.443710e-10	-8.008775e-01	-4.382831e+01
1.820000e-06	-8.749984e-08	-3.283103e-10	-4.723128e-01	-4.165915e+01
1.830000e-06	-2.660181e-08	-3.107592e-10	-1.435931e-01	-3.944874e+01
1.840000e-06	3.442310e-08	-2.908054e-10	1.858115e-01	-3.719819e+01
1.850000e-06	9.546246e-08	-2.705865e-10	5.152940e-01	-3.490891e+01
1.860000e-06	1.565033e-07	-2.520389e-10	8.447847e-01	-3.258253e+01
1.870000e-06	2.175847e-07	-2.345925e-10	1.174494e+00	-3.022093e+01
1.880000e-06	2.785818e-07	-2.163649e-10	1.503748e+00	-2.782622e+01
1.890000e-06	3.394709e-07	-1.971556e-10	1.832420e+00	-2.540073e+01
1.900000e-06	4.003712e-07	-1.778855e-10	2.161152e+00	-2.294700e+01
1.910000e-06	4.613284e-07	-1.576480e-10	2.490191e+00	-2.046773e+01
1.920000e-06	5.222800e-07	-1.374362e-10	2.819200e+00	-1.796580e+01
1.930000e-06	5.832181e-07	-1.190042e-10	3.148136e+00	-1.544422e+01
1.940000e-06	6.441034e-07	-1.003601e-10	3.476787e+00	-1.290610e+01
1.950000e-06	7.049149e-07	-7.925111e-11	3.805039e+00	-1.035466e+01
1.960000e-06	7.656142e-07	-5.690429e-11	4.132686e+00	-7.793137e+00
1.970000e-06	8.261936e-07	-3.566348e-11	4.459686e+00	-5.224829e+00
1.980000e-06	8.867686e-07	-1.597460e-11	4.786662e+00	-2.653017e+00
1.990000e-06	9.472845e-07	2.998522e-12	5.113319e+00	-8.095105e-02
2.000000e-06	1.007676e-06	2.249854e-11	5.439306e+00	2.488174e+00
2.010000e-06	1.068002e-06	4.291693e-11	5.764939e+00	5.051250e+00
2.020000e-06	1.128322e-06	6.352571e-11	6.090535e+00	7.605282e+00
2.030000e-06	1.188600e-06	8.441990e-11	6.415909e+00	1.014741e+01
2.040000e-06	1.248780e-06	1.048525e-10	6.740751e+00	1.267493e+01
2.050000e-06	1.308843e-06	1.245054e-10	7.064968e+00	1.518532e+01
2.060000e-06	1.368780e-06	1.449599e-10	7.388497e+00	1.767624e+01
2.070000e-06	1.428660e-06	1.655532e-10	7.711719e+00	2.014557e+01
2.080000e-06	1.488431e-06	1.843300e-10	8.034359e+00	2.259140e+01
2.090000e-06	1.548127e-06	2.019276e-10	8.356590e+00	2.501205e+01
2.100000e-06	1.607855e-06	2.202496e-10	8.678995e+00	2.740606e+01
2.110000e-06	1.667513e-06	2.387298e-10	9.001020e+00	2.977222e+01
2.120000e-06	1.727073e-06	2.563482e-10	9.322515e+00	3.210953e+01
2.130000e-06	1.786597e-06	2.739958e-10	9.643818e+00	3.441721e+01
2.140000e-06	1.846091e-06	2.922327e-10	9.964962e+00	3.669472e+01
2.150000e-06	1.905507e-06	3.096677e-10	1.028568e+01	3.894170e+01
2.160000e-06	1.964868e-06	3.268442e-10	1.060610e+01	4.115799e+01
2.170000e-06	2.024106e-06	3.445078e-10	1.092586e+01	4.334360e+01
2.180000e-06	2.083100e-06	3.610347e-10	1.124431e+01	4.549869e+01
2.190000e-06	2.141807e-06	3.771683e-10	1.156120e+01	4.762358e+01
2.200000e-06	2.200339e-06	3.938400e-10	1.187714e+01	4.971868e+01
2.210000e-06	2.258803e-06	4.106059e-10	1.219272e+01	5.178451e+01
2.220000e-06	2.316890e-06	4.273301e-10	1.250627e+01	5.382167e+01
2.230000e-06	2.374527e-06	4.430122e-10	1.281739e+01	5.583080e+01
2.240000e-06	2.431909e-06	4.578456e-10	1.312713e+01	5.781258e+01
2.250000e-06	2.489068e-06	4.737173e-10	1.343566e+01	5.976769e+01
2.260000e-06	2.546016e-06	4.897375e-10	1.374307e+01	6.169683e+01
2.270000e-06	2.602681e-06	5.038737e-10	1.404893e+01	6.360065e+01
2.280000e-06	2.659016e-06	5.177611e-10	1.435302e+01	6.547975e+01
2.290000e-06	2.715057e-06	5.326745e-10	1.465552e+01	6.733472e+01
2.300000e-06	2.770886e-06	5.468244e-10	1.495688e+01	6.916605e+01
2.310000e-06	2.826580e-06	5.607606e-10	1.525751e+01	7.097415e+01
2.320000e-06	2.882198e-06	5.760938e-10	1.555773e+01	7.275937e+01
2.330000e-06	2.937720e-06	5.916843e-10	1.585743e+01	7.452196e+01
2.340000e-06	2.993035e-06	6.063762e-10	1.615602e+01	7.626209e+01
2.350000e-06	3.048166e-06	6.209092e-10	1.645360e+01	7.797983e+01
2.360000e-06	3.103155e-06	6.346523e-10	1.675043e+01	7.967519e+01
2.370000e-06	3.158119e-06	6.462609e-10	1.704712e+01	8.134807e+01
2.380000e-06	3.212917e-06	6.570167e-10	1.734291e+01	8.299831e+01
2.390000e-06	3.267352e-06	6.694037e-10	1.763675e+01	8.462570e+01
2.400000e-06	3.321527e-06	6.835738e-10	1.792917e+01	8.622995e+01
2.410000e-06	3.375560e-06	6.970604e-10	1.822084e+01	8.781075e+01
2.420000e-06	3.429434e-06	7.099598e-10	1.851164e+01	8.936775e+01
2.430000e-06	3.483013e-06	7.228406e-10	1.880085e+01	9.090057e+01
2.440000e-06	3.536315e-06	7.353641e-10	1.908857e+01	9.240885e+01
2.450000e-06	3.589387e-06	7.484331e-10	1.937505e+01	9.389222e+01
2.460000e-06	3.642306e-06	7.610443e-10	1.966070e+01	9.535034e+01
2.470000e-06	3.694931e-06	7.726384e-10	1.994476e+01	9.678289e+01
2.480000e-06	3.747124e-06	7.833628e-10	2.022649e+01	9.818960e+01
2.490000e-06	3.798980e-06	7.939888e-10	2.050640e+01	9.957027e+01
2.500000e-06	3.850493e-06	8.040293e-10	2.078447e+01	1.009247e+02
2.510000e-06	3.901700e-06	8.136646e-10	2.106087e+01	1.022529e+02
2.520000e-06	3.952604e-06	8.233840e-10	2.133565e+01	1.035547e+02
2.530000e-06	4.003152e-06	8.326259e-10	2.160849e+01	1.048303e+02
2.540000e-06	4.053420e-06	8.430535e-10	2.187984e+01	1.060798e+02
2.550000e-06	4.103294e-06	8.541517e-10	2.214905e+01	1.073034e+02
2.560000e-06	4.152480e-06	8.637920e-10	2.241455e+01	1.085014e+02
2.570000e-06	4.201098e-06	8.718291e-10	2.267698e+01	1.096741e+02
2.580000e-06	4.249476e-06	8.801982e-10	2.293812e+01	1.108219e+02
2.590000e-06	4.297595e-06	8.894051e-10	2.319786e+01	1.119455e+02
2.600000e-06	4.345388e-06	8.987377e-10	2.345584e+01	1.130452e+02
2.610000e-06	4.392921e-06	9.078678e-10	2.371242e+01	1.141216e+02
2.620000e-06	4.440173e-06	9.155960e-10	2.396748e+01	1.151755e+02
2.630000e-06	4.486973e-06	9.224756e-10	2.422010e+01	1.162073e+02
2.640000e-06	4.533447e-06	9.310149e-10	2.447096e+01	1.172177e+02
2.650000e-06	4.579768e-06	9.398213e-10	2.472099e+01	1.182074e+02
2.660000e-06	4.625752e-06	9.468369e-10	2.496921e+01	1.191771e+02
2.670000e-06	4.671418e-06	9.528379e-10	2.521571e+01	1.201272e+02
2.680000e-06	4.716823e-06	9.593793e-10	2.546080e+01	1.210585e+02
2.690000e-06	4.761837e-06	9.664675e-10	2.570378e+01	1.219714e+02
2.700000e-06	4.806488e-06	9.732720e-10	2.594480e+01	1.228666e+02
2.710000e-06	4.850925e-06	9.802106e-10	2.618466e+01	1.237444e+02
2.720000e-06	4.895060e-06	9.873105e-10	2.642290e+01	1.246054e+02
2.730000e-06	4.938797e-06	9.951004e-10	2.665899e+01	1.254498e+02
2.740000e-06	4.982305e-06	1.003924e-09	2.689384e+01	1.262780e+02
2.750000e-06	5.025737e-06	1.012276e-09	2.712828e+01	1.270903e+02
2.760000e-06	5.069012e-06	1.019486e-09	2.736187e+01	1.278869e+02
2.770000e-06	5.111848e-06	1.025960e-09	2.759310e+01	1.286680e+02
2.780000e-06	5.153958e-06	1.032728e-09	2.782040e+01	1.294337e+02
2.790000e-06	5.195501e-06	1.039634e-09	2.804464e+01	1.301841e+02
2.800000e-06	5.236524e-06	1.045468e-09	2.826608e+01	1.309194e+02
2.810000e-06	5.276979e-06	1.050652e-09	2.848445e+01	1.316396e+02
2.820000e-06	5.317026e-06	1.056186e-09	2.870062e+01	1.323447e+02
2.830000e-06	5.356722e-06	1.062557e-09	2.891489e+01	1.330348e+02
2.840000e-06	5.396231e-06	1.069019e-09	2.912816e+01	1.337100e+02
2.850000e-06	5.435570e-06	1.075331e-09	2.934050e+01	1.343702e+02
2.860000e-06	5.474594e-06	1.080914e-09	2.955115e+01	1.350157e+02
2.870000e-06	5.513145e-06	1.085641e-09	2.975924e+01	1.356464e+02
2.880000e-06	5.551190e-06	1.090553e-09	2.996460e+01	1.362626e+02
2.890000e-06	5.588873e-06	1.095562e-09	3.016801e+01	1.368644e+02
2.900000e-06	5.626082e-06	1.101230e-09	3.036886e+01	1.374521e+02
2.910000e-06	5.662858e-06	1.107637e-09	3.056737e+01	1.380259e+02
2.920000e-06	5.699322e-06	1.113758e-09	3.076420e+01	1.385861e+02
2.930000e-06	5.735395e-06	1.119937e-09	3.095892e+01	1.391332e+02
2.940000e-06	5.771207e-06	1.126151e-09	3.115223e+01	1.396675e+02
2.950000e-06	5.806823e-06	1.130184e-09	3.134448e+01	1.401895e+02
2.960000e-06	5.842109e-06	1.132349e-09	3.153495e+01	1.406997e+02
2.970000e-06	5.877022e-06	1.136428e-09	3.172341e+01	1.411985e+02
2.980000e-06	5.911241e-06	1.142057e-09	3.190811e+01	1.416867e+02
2.990000e-06	5.944718e-06	1.147094e-09	3.208882e+01	1.421646e+02
3.000000e-06	5.977595e-06	1.151627e-09	3.226628e+01	1.426330e+02
3.010000e-06	6.009844e-06	1.156727e-09	3.244036e+01	1.430923e+02
3.020000e-06	6.041718e-06	1.161599e-09	3.261241e+01	1.435433e+02
3.030000e-06	6.073373e-06	1.166015e-09	3.278328e+01	1.439864e+02
3.040000e-06	6.104736e-06	1.171649e-09	3.295257e+01	1.444222e+02
3.050000e-06	6.135754e-06	1.176878e-09	3.312001e+01	1.448512e+02
3.060000e-06	6.166275e-06	1.181734e-09	3.328475e+01	1.452739e+02
3.070000e-06	6.196238e-06	1.187136e-09	3.344649e+01	1.456907e+02
3.080000e-06	6.225798e-06	1.191454e-09	3.360605e+01	1.461019e+02
3.090000e-06	6.254973e-06	1.195172e-09	3.376353e+01	1.465079e+02
3.100000e-06	6.283764e-06	1.199865e-09	3.391894e+01	1.469090e+02
3.110000e-06	6.312092e-06	1.204764e-09	3.407185e+01	1.473052e+02
3.120000e-06	6.340031e-06	1.208531e-09	3.422267e+01	1.476967e+02
3.130000e-06	6.367682e-06	1.212042e-09	3.437192e+01	1.480836e+02
3.140000e-06	6.395017e-06	1.216306e-09	3.451948e+01	1.484658e+02
3.150000e-06	6.421909e-06	1.220667e-09	3.466464e+01	1.488433e+02
3.160000e-06	6.448192e-06	1.224624e-09	3.480651e+01	1.492159e+02
3.170000e-06	6.473718e-06	1.228109e-09	3.494429e+01	1.495833e+02
3.180000e-06	6.498567e-06	1.231596e-09	3.507842e+01	1.499454e+02
3.190000e-06	6.522862e-06	1.235643e-09	3.520956e+01	1.503019e+02
3.200000e-06	6.546695e-06	1.239480e-09	3.533821e+01	1.506525e+02
3.210000e-06	6.570211e-06	1.242296e-09	3.546515e+01	1.509968e+02
3.220000e-06	6.593295e-06	1.245328e-09	3.558975e+01	1.513345e+02
3.230000e-06	6.616024e-06	1.249721e-09	3.571244e+01	1.516653e+02
3.240000e-06	6.638296e-06	1.254590e-09	3.583266e+01	1.519887e+02
3.250000e-06	6.660018e-06	1.257942e-09	3.594992e+01	1.523046e+02
3.260000e-06	6.681316e-06	1.259468e-09	3.606488e+01	1.526127e+02
3.270000e-06	6.702155e-06	1.261473e-09	3.617737e+01	1.529126e+02
3.280000e-06	6.722490e-06	1.264018e-09	3.628713e+01	1.532041e+02
3.290000e-06	6.742441e-06	1.266962e-09	3.639482e+01	1.534871e+02
3.300000e-06	6.762133e-06	1.270663e-09	3.650112e+01	1.537615e+02
3.310000e-06	6.781434e-06	1.273158e-09	3.660530e+01	1.540272e+02
3.320000e-06	6.800279e-06	1.274513e-09	3.670703e+01	1.542841e+02
3.330000e-06	6.818531e-06	1.276311e-09	3.680555e+01	1.545324e+02
3.340000e-06	6.836241e-06	1.278569e-09	3.690114e+01	1.547722e+02
3.350000e-06	6.853571e-06	1.281342e-09	3.699469e+01	1.550035e+02
3.360000e-06	6.870628e-06	1.284279e-09	3.708676e+01	1.552266e+02
3.370000e-06	6.887130e-06	1.286200e-09	3.717584e+01	1.554418e+02
3.380000e-06	6.903060e-06	1.288925e-09	3.726182e+01	1.556493e+02
3.390000e-06	6.918427e-06	1.292068e-09	3.734477e+01	1.558495e+02
3.400000e-06	6.932941e-06	1.293842e-09	3.742312e+01	1.560426e+02
3.410000e-06	6.946854e-06	1.296952e-09	3.749822e+01	1.562291e+02
3.420000e-06	6.960338e-06	1.301416e-09	3.757100e+01	1.564092e+02
3.430000e-06	6.973331e-06	1.304254e-09	3.764114e+01	1.565834e+02
3.440000e-06	6.985809e-06	1.305704e-09	3.770849e+01	1.567520e+02
3.450000e-06	6.997744e-06	1.307862e-09	3.777292e+01	1.569152e+02
3.460000e-06	7.009200e-06	1.311840e-09	3.783475e+01	1.570734e+02
3.470000e-06	7.020163e-06	1.316109e-09	3.789393e+01	1.572268e+02
3.480000e-06	7.030577e-06	1.318514e-09	3.795015e+01	1.573756e+02
3.490000e-06	7.040284e-06	1.320228e-09	3.800254e+01	1.575200e+02
3.500000e-06	7.049173e-06	1.321894e-09	3.805052e+01	1.576601e+02
3.510000e-06	7.057443e-06	1.323561e-09	3.809517e+01	1.577958e+02
3.520000e-06	7.065251e-06	1.325919e-09	3.813731e+01	1.579273e+02
3.530000e-06	7.072618e-06	1.328189e-09	3.817708e+01	1.580544e+02
3.540000e-06	7.079433e-06	1.330667e-09	3.821386e+01	1.581769e+02
3.550000e-06	7.085829e-06	1.334429e-09	3.824839e+01	1.582948e+02
3.560000e-06	7.091856e-06	1.338444e-09	3.828092e+01	1.584077e+02
3.570000e-06	7.097370e-06	1.341766e-09	3.831068e+01	1.585155e+02
3.580000e-06	7.102313e-06	1.343461e-09	3.833737e+01	1.586177e+02
3.590000e-06	7.106725e-06	1.344164e-09	3.836118e+01	1.587142e+02
3.600000e-06	7.110702e-06	1.345891e-09	3.838265e+01	1.588044e+02
3.610000e-06	7.114367e-06	1.348090e-09	3.840243e+01	1.588881e+02
3.620000e-06	7.117704e-06	1.349622e-09	3.842045e+01	1.589649e+02
3.630000e-06	7.120502e-06	1.350669e-09	3.843555e+01	1.590344e+02
3.640000e-06	7.122666e-06	1.352177e-09	3.844723e+01	1.590963e+02
3.650000e-06	7.124132e-06	1.353231e-09	3.845514e+01	1.591503e+02
3.660000e-06	7.124897e-06	1.354226e-09	3.845927e+01	1.591961e+02
3.670000e-06	7.125032e-06	1.355595e-09	3.846000e+01	1.592335e+02
3.680000e-06	7.124740e-06	1.356762e-09	3.845843e+01	1.592623e+02
3.690000e-06	7.124119e-06	1.357474e-09	3.845507e+01	1.592823e+02
3.700000e-06	7.122992e-06	1.358158e-09	3.844899e+01	1.592937e+02
3.710000e-06	7.121299e-06	1.360156e-09	3.843985e+01	1.592963e+02
3.720000e-06	7.119197e-06	1.361362e-09	3.842851e+01	1.592902e+02
3.730000e-06	7.116621e-06	1.361417e-09	3.841460e+01	1.592756e+02
3.740000e-06	7.113492e-06	1.360741e-09	3.839771e+01	1.592527e+02
3.750000e-06	7.109994e-06	1.355602e-09	3.837883e+01	1.592217e+02
3.760000e-06	7.106089e-06	1.357704e-09	3.835775e+01	1.591831e+02
3.770000e-06	7.101498e-06	1.381374e-09	3.833297e+01	1.591372e+02
3.780000e-06	7.095972e-06	1.394397e-09	3.830314e+01	1.590843e+02
3.790000e-06	7.089874e-06	1.364112e-09	3.827022e+01	1.590251e+02
3.800000e-06	7.083707e-06	1.314601e-09	3.823693e+01	1.589600e+02
3.810000e-06	7.077165e-06	1.341774e-09	3.820162e+01	1.588896e+02
3.820000e-06	7.069878e-06	1.408316e-09	3.816229e+01	1.588143e+02
3.830000e-06	7.061934e-06	1.379315e-09	3.811941e+01	1.587347e+02
3.840000e-06	7.053608e-06	1.312420e-09	3.807446e+01	1.586514e+02
3.850000e-06	7.044917e-06	1.351504e-09	3.802755e+01	1.585648e+02
3.860000e-06	7.035656e-06	1.430793e-09	3.797756e+01	1.584755e+02
3.870000e-06	7.025878e-06	1.381718e-09	3.792478e+01	1.583838e+02
3.880000e-06	7.015701e-06	1.277908e-09	3.786984e+01	1.582901e+02
3.890000e-06	7.005176e-06	1.324538e-09	3.781303e+01	1.581948e+02
3.900000e-06	6.994131e-06	1.438937e-09	3.775342e+01	1.580982e+02
3.910000e-06	6.982486e-06	1.396909e-09	3.769056e+01	1.580004e+02
3.920000e-06	6.970329e-06	1.295672e-09	3.762493e+01	1.579016e+02
3.930000e-06	6.957520e-06	1.346284e-09	3.755579e+01	1.578019e+02
3.940000e-06	6.943845e-06	1.427850e-09	3.748198e+01	1.577011e+02
3.950000e-06	6.929439e-06	1.355181e-09	3.740421e+01	1.575993e+02
3.960000e-06	6.914382e-06	1.294706e-09	3.732294e+01	1.574962e+02
3.970000e-06	6.898715e-06	1.381566e-09	3.723837e+01	1.573917e+02
3.980000e-06	6.882657e-06	1.418462e-09	3.715169e+01	1.572855e+02
3.990000e-06	6.866287e-06	1.328246e-09	3.706333e+01	1.571771e+02
4.000000e-06	6.849422e-06	1.322622e-09	3.697229e+01	1.570663e+02
4.010000e-06	6.832029e-06	1.404314e-09	3.687841e+01	1.569526e+02
4.020000e-06	6.814073e-06	1.366628e-09	3.678148e+01	1.568355e+02
4.030000e-06	6.795582e-06	1.300994e-09	3.668167e+01	1.567145e+02
4.040000e-06	6.776733e-06	1.374699e-09	3.657993e+01	1.565893e+02
4.050000e-06	6.757466e-06	1.418176e-09	3.647593e+01	1.564592e+02
4.060000e-06	6.737750e-06	1.328721e-09	3.636950e+01	1.563238e+02
4.070000e-06	6.717633e-06	1.315975e-09	3.626092e+01	1.561826e+02
4.080000e-06	6.697239e-06	1.398053e-09	3.615083e+01	1.560352e+02
4.090000e-06	6.676477e-06	1.368146e-09	3.603876e+01	1.558813e+02
4.100000e-06	6.655313e-06	1.307926e-09	3.592452e+01	1.557204e+02
4.110000e-06	6.633487e-06	1.367620e-09	3.580670e+01	1.555522e+02
4.120000e-06	6.610744e-06	1.393060e-09	3.568394e+01	1.553765e+02
4.130000e-06	6.587247e-06	1.324585e-09	3.555711e+01	1.551932e+02
4.140000e-06	6.563304e-06	1.336327e-09	3.542787e+01	1.550020e+02
4.150000e-06	6.539031e-06	1.383636e-09	3.529684e+01	1.548029e+02
4.160000e-06	6.514349e-06	1.337850e-09	3.516361e+01	1.545960e+02
4.170000e-06	6.489275e-06	1.320774e-09	3.502827e+01	1.543812e+02
4.180000e-06	6.463800e-06	1.373741e-09	3.489076e+01	1.541587e+02
4.190000e-06	6.437883e-06	1.354422e-09	3.475086e+01	1.539286e+02
4.200000e-06	6.411490e-06	1.315961e-09	3.460839e+01	1.536912e+02
4.210000e-06	6.384499e-06	1.352071e-09	3.446270e+01	1.534467e+02
4.220000e-06	6.357019e-06	1.354031e-09	3.431437e+01	1.531955e+02
4.230000e-06	6.329152e-06	1.316147e-09	3.416395e+01	1.529377e+02
4.240000e-06	6.300976e-06	1.340520e-09	3.401185e+01	1.526737e+02
4.250000e-06	6.272527e-06	1.356976e-09	3.385829e+01	1.524040e+02
4.260000e-06	6.243704e-06	1.321670e-09	3.370271e+01	1.521288e+02
4.270000e-06	6.214458e-06	1.325802e-09	3.354484e+01	1.518484e+02
4.280000e-06	6.184557e-06	1.343233e-09	3.338344e+01	1.515632e+02
4.290000e-06	6.153887e-06	1.318263e-09	3.321788e+01	1.512735e+02
4.300000e-06	6.122584e-06	1.316368e-09	3.304892e+01	1.509795e+02
4.310000e-06	6.090858e-06	1.336051e-09	3.287766e+01	1.506814e+02
4.320000e-06	6.058761e-06	1.322143e-09	3.270441e+01	1.503795e+02
4.330000e-06	6.026213e-06	1.315011e-09	3.252872e+01	1.500738e+02
4.340000e-06	5.993250e-06	1.325910e-09	3.235079e+01	1.497645e+02
4.350000e-06	5.959891e-06	1.313928e-09	3.217072e+01	1.494515e+02
4.360000e-06	5.926138e-06	1.305478e-09	3.198853e+01	1.491348e+02
4.370000e-06	5.891967e-06	1.315992e-09	3.180407e+01	1.488144e+02
4.380000e-06	5.857344e-06	1.311882e-09	3.161719e+01	1.484900e+02
4.390000e-06	5.822374e-06	1.305095e-09	3.142842e+01	1.481616e+02
4.400000e-06	5.786970e-06	1.308768e-09	3.123731e+01	1.478288e+02
4.410000e-06	5.751231e-06	1.302871e-09	3.104440e+01	1.474913e+02
4.420000e-06	5.715308e-06	1.296488e-09	3.085049e+01	1.471489e+02
4.430000e-06	5.679051e-06	1.299276e-09	3.065478e+01	1.468011e+02
4.440000e-06	5.642474e-06	1.294579e-09	3.045735e+01	1.464477e+02
4.450000e-06	5.605430e-06	1.289143e-09	3.025739e+01	1.460881e+02
4.460000e-06	5.567742e-06	1.292061e-09	3.005395e+01	1.457220e+02
4.470000e-06	5.529492e-06	1.290133e-09	2.984748e+01	1.453489e+02
4.480000e-06	5.490718e-06	1.283967e-09	2.963818e+01	1.449685e+02
4.490000e-06	5.451305e-06	1.282185e-09	2.942544e+01	1.445803e+02
4.500000e-06	5.411519e-06	1.280105e-09	2.921068e+01	1.441839e+02
4.510000e-06	5.371523e-06	1.277303e-09	2.899478e+01	1.437790e+02
4.520000e-06	5.331123e-06	1.276128e-09	2.877671e+01	1.433653e+02
4.530000e-06	5.290350e-06	1.273168e-09	2.855662e+01	1.429423e+02
4.540000e-06	5.249229e-06	1.269545e-09	2.833466e+01	1.425100e+02
4.550000e-06	5.207862e-06	1.267087e-09	2.811137e+01	1.420680e+02
4.560000e-06	5.166205e-06	1.264424e-09	2.788651e+01	1.416161e+02
4.570000e-06	5.124135e-06	1.261711e-09	2.765942e+01	1.411543e+02
4.580000e-06	5.081691e-06	1.258228e-09	2.743031e+01	1.406824e+02
4.590000e-06	5.038960e-06	1.252244e-09	2.719965e+01	1.402005e+02
4.600000e-06	4.995853e-06	1.246990e-09	2.696697e+01	1.397084e+02
4.610000e-06	4.952236e-06	1.243909e-09	2.673153e+01	1.392063e+02
4.620000e-06	4.908263e-06	1.240680e-09	2.649417e+01	1.386941e+02
4.630000e-06	4.864131e-06	1.237759e-09	2.625595e+01	1.381721e+02
4.640000e-06	4.819740e-06	1.235679e-09	2.601633e+01	1.376404e+02
4.650000e-06	4.775012e-06	1.231972e-09	2.577490e+01	1.370990e+02
4.660000e-06	4.730032e-06	1.226624e-09	2.553210e+01	1.365482e+02
4.670000e-06	4.684765e-06	1.220338e-09	2.528776e+01	1.359882e+02
4.680000e-06	4.639214e-06	1.213294e-09	2.504188e+01	1.354190e+02
4.690000e-06	4.593397e-06	1.207495e-09	2.479456e+01	1.348409e+02
4.700000e-06	4.547116e-06	1.203786e-09	2.454475e+01	1.342541e+02
4.710000e-06	4.500470e-06	1.200825e-09	2.429295e+01	1.336587e+02
4.720000e-06	4.453482e-06	1.197481e-09	2.403932e+01	1.330547e+02
4.730000e-06	4.406233e-06	1.192576e-09	2.378427e+01	1.324423e+02
4.740000e-06	4.358710e-06	1.185061e-09	2.352775e+01	1.318216e+02
4.750000e-06	4.310759e-06	1.177663e-09	2.326892e+01	1.311925e+02
4.760000e-06	4.262569e-06	1.172541e-09	2.300879e+01	1.305550e+02
4.770000e-06	4.213971e-06	1.166603e-09	2.274647e+01	1.299090e+02
4.780000e-06	4.164965e-06	1.160867e-09	2.248194e+01	1.292544e+02
4.790000e-06	4.115604e-06	1.157291e-09	2.221550e+01	1.285911e+02
4.800000e-06	4.065823e-06	1.152969e-09	2.194678e+01	1.279188e+02
4.810000e-06	4.015786e-06	1.147482e-09	2.167669e+01	1.272373e+02
4.820000e-06	3.965497e-06	1.142174e-09	2.140524e+01	1.265463e+02
4.830000e-06	3.914905e-06	1.137797e-09	2.113215e+01	1.258454e+02
4.840000e-06	3.863990e-06	1.133176e-09	2.085732e+01	1.251342e+02
4.850000e-06	3.812784e-06	1.127685e-09	2.058091e+01	1.244124e+02
4.860000e-06	3.761319e-06	1.121003e-09	2.030312e+01	1.236794e+02
4.870000e-06	3.709516e-06	1.114128e-09	2.002349e+01	1.229350e+02
4.880000e-06	3.657567e-06	1.109248e-09	1.974307e+01	1.221785e+02
4.890000e-06	3.605424e-06	1.103942e-09	1.946161e+01	1.214095e+02
4.900000e-06	3.552885e-06	1.096938e-09	1.917801e+01	1.206276e+02
4.910000e-06	3.499987e-06	1.090768e-09	1.889248e+01	1.198322e+02
4.920000e-06	3.446730e-06	1.085411e-09	1.860500e+01	1.190229e+02
4.930000e-06	3.393212e-06	1.078164e-09	1.831612e+01	1.181994e+02
4.940000e-06	3.339343e-06	1.069473e-09	1.802534e+01	1.173611e+02
4.950000e-06	3.285051e-06	1.061303e-09	1.773228e+01	1.165077e+02
4.960000e-06	3.230542e-06	1.053090e-09	1.743805e+01	1.156390e+02
4.970000e-06	3.175699e-06	1.045945e-09	1.714201e+01	1.147545e+02
4.980000e-06	3.120423e-06	1.039574e-09	1.684364e+01	1.138540e+02
4.990000e-06	3.064887e-06	1.031902e-09	1.654386e+01	1.129374e+02
5.000000e-06	3.009066e-06	1.023269e-09	1.624255e+01	1.120045e+02
5.010000e-06	2.952963e-06	1.014467e-09	1.593971e+01	1.110551e+02
5.020000e-06	2.896652e-06	1.005948e-09	1.563575e+01	1.100893e+02
5.030000e-06	2.840210e-06	9.979282e-10	1.533109e+01	1.091071e+02
5.040000e-06	2.783677e-06	9.903927e-10	1.502593e+01	1.081084e+02
5.050000e-06	2.727014e-06	9.823242e-10	1.472007e+01	1.070934e+02
5.060000e-06	2.670241e-06	9.730511e-10	1.441361e+01	1.060622e+02
5.070000e-06	2.613365e-06	9.629288e-10	1.410661e+01	1.050150e+02
5.080000e-06	2.556415e-06	9.530301e-10	1.379920e+01	1.039518e+02
5.090000e-06	2.499299e-06	9.433448e-10	1.349089e+01	1.028729e+02
5.100000e-06	2.441893e-06	9.331526e-10	1.318102e+01	1.017785e+02
5.110000e-06	2.384334e-06	9.229680e-10	1.287033e+01	1.006687e+02
5.120000e-06	2.326618e-06	9.135053e-10	1.255878e+01	9.954376e+01
5.130000e-06	2.268703e-06	9.041492e-10	1.224617e+01	9.840373e+01
5.140000e-06	2.210542e-06	8.945752e-10	1.193222e+01	9.724875e+01
5.150000e-06	2.152225e-06	8.848702e-10	1.161743e+01	9.607885e+01
5.160000e-06	2.093919e-06	8.743354e-10	1.130270e+01	9.489403e+01
5.170000e-06	2.035422e-06	8.623924e-10	1.098695e+01	9.369422e+01
5.180000e-06	1.976676e-06	8.508158e-10	1.066984e+01	9.247924e+01
5.190000e-06	1.917816e-06	8.403363e-10	1.035212e+01	9.124887e+01
5.200000e-06	1.858791e-06	8.294948e-10	1.003352e+01	9.000277e+01
5.210000e-06	1.799526e-06	8.182352e-10	9.713609e+00	8.874050e+01
5.220000e-06	1.740139e-06	8.065099e-10	9.393045e+00	8.746151e+01
5.230000e-06	1.680641e-06	7.948924e-10	9.071885e+00	8.616517e+01
5.240000e-06	1.621088e-06	7.829330e-10	8.750424e+00	8.485070e+01
5.250000e-06	1.561441e-06	7.695623e-10	8.428455e+00	8.351724e+01
5.260000e-06	1.501675e-06	7.558732e-10	8.105847e+00	8.216382e+01
5.270000e-06	1.441824e-06	7.439537e-10	7.782777e+00	8.078935e+01
5.280000e-06	1.381871e-06	7.326370e-10	7.459161e+00	7.939266e+01
5.290000e-06	1.321918e-06	7.201254e-10	7.135544e+00	7.797247e+01
5.300000e-06	1.261858e-06	7.072193e-10	6.811346e+00	7.652745e+01
5.310000e-06	1.201772e-06	6.932232e-10	6.487008e+00	7.505617e+01
5.320000e-06	1.141689e-06	6.788695e-10	6.162692e+00	7.355718e+01
5.330000e-06	1.081491e-06	6.657654e-10	5.837746e+00	7.202896e+01
5.340000e-06	1.021257e-06	6.533390e-10	5.512611e+00	7.046999e+01
5.350000e-06	9.609511e-07	6.410436e-10	5.187090e+00	6.887875e+01
5.360000e-06	9.005805e-07	6.269247e-10	4.861217e+00	6.725373e+01
5.370000e-06	8.402436e-07	6.105762e-10	4.535526e+00	6.559345e+01
5.380000e-06	7.799302e-07	5.943763e-10	4.209963e+00	6.389652e+01
5.390000e-06	7.195056e-07	5.786809e-10	3.883798e+00	6.216160e+01
5.400000e-06	6.589566e-07	5.623424e-10	3.556962e+00	6.038747e+01
5.410000e-06	5.984421e-07	5.451927e-10	3.230313e+00	5.857303e+01
5.420000e-06	5.379299e-07	5.280287e-10	2.903676e+00	5.671733e+01
5.430000e-06	4.773328e-07	5.113902e-10	2.576580e+00	5.481957e+01
5.440000e-06	4.166700e-07	4.945756e-10	2.249131e+00	5.287917e+01
5.450000e-06	3.560113e-07	4.760451e-10	1.921703e+00	5.089570e+01
5.460000e-06	2.954299e-07	4.560938e-10	1.594692e+00	4.886901e+01
5.470000e-06	2.348767e-07	4.358583e-10	1.267834e+00	4.679911e+01
5.480000e-06	1.743090e-07	4.164010e-10	9.408972e-01	4.468632e+01
5.490000e-06	1.137527e-07	3.981771e-10	6.140224e-01	4.253115e+01
5.500000e-06	5.321493e-08	3.796066e-10	2.872473e-01	4.033441e+01
5.510000e-06	-7.324110e-09	3.587502e-10	-3.953460e-02	3.809713e+01
5.520000e-06	-6.786248e-08	3.359802e-10	-3.663129e-01	3.582062e+01
5.530000e-06	-1.284037e-07	3.139744e-10	-6.931065e-01	3.350644e+01
5.540000e-06	-1.889390e-07	2.935793e-10	-1.019868e+00	3.115638e+01
5.550000e-06	-2.495649e-07	2.734040e-10	-1.347119e+00	2.877249e+01
5.560000e-06	-3.103217e-07	2.516985e-10	-1.675076e+00	2.635702e+01
5.570000e-06	-3.710462e-07	2.286671e-10	-2.002859e+00	2.391244e+01
5.580000e-06	-4.317192e-07	2.057364e-10	-2.330364e+00	2.144140e+01
5.590000e-06	-4.923808e-07	1.823751e-10	-2.657808e+00	1.894673e+01
5.600000e-06	-5.530701e-07	1.586887e-10	-2.985401e+00	1.643139e+01
5.610000e-06	-6.137012e-07	1.352599e-10	-3.312680e+00	1.389846e+01
5.620000e-06	-6.742008e-07	1.126520e-10	-3.639249e+00	1.135113e+01
5.630000e-06	-7.346922e-07	9.078548e-11	-3.965773e+00	8.792629e+00
5.640000e-06	-7.951819e-07	6.766681e-11	-4.292289e+00	6.226248e+00
5.650000e-06	-8.556259e-07	4.282146e-11	-4.618558e+00	3.655270e+00
5.660000e-06	-9.159896e-07	1.757806e-11	-4.944393e+00	1.082961e+00
5.670000e-06	-9.762390e-07	-6.250734e-12	-5.269611e+00	-1.487464e+00
5.680000e-06	-1.036416e-06	-2.775206e-11	-5.594438e+00	-4.052866e+00
5.690000e-06	-1.096644e-06	-4.858857e-11	-5.919542e+00	-6.610208e+00
5.700000e-06	-1.156928e-06	-7.126999e-11	-6.244947e+00	-9.156582e+00
5.710000e-06	-1.217072e-06	-9.498037e-11	-6.569598e+00	-1.168923e+01
5.720000e-06	-1.277115e-06	-1.174043e-10	-6.893703e+00	-1.420557e+01
5.730000e-06	-1.337121e-06	-1.393294e-10	-7.217607e+00	-1.670320e+01
5.740000e-06	-1.397102e-06	-1.612639e-10	-7.541376e+00	-1.917992e+01
5.750000e-06	-1.457010e-06	-1.826315e-10	-7.864752e+00	-2.163375e+01
5.760000e-06	-1.516750e-06	-2.056035e-10	-8.187219e+00	-2.406293e+01
5.770000e-06	-1.576468e-06	-2.292589e-10	-8.509571e+00	-2.646594e+01
5.780000e-06	-1.636101e-06	-2.526462e-10	-8.831462e+00	-2.884148e+01
5.790000e-06	-1.695542e-06	-2.758739e-10	-9.152316e+00	-3.118847e+01
5.800000e-06	-1.754831e-06	-2.981601e-10	-9.472352e+00	-3.350607e+01
5.810000e-06	-1.814018e-06	-3.189897e-10	-9.791836e+00	-3.579366e+01
5.820000e-06	-1.873053e-06	-3.372766e-10	-1.011050e+01	-3.805081e+01
5.830000e-06	-1.931908e-06	-3.556689e-10	-1.042819e+01	-4.027731e+01
5.840000e-06	-1.990654e-06	-3.771592e-10	-1.074529e+01	-4.247310e+01
5.850000e-06	-2.049249e-06	-4.014912e-10	-1.106158e+01	-4.463830e+01
5.860000e-06	-2.107655e-06	-4.241156e-10	-1.137685e+01	-4.677319e+01
5.870000e-06	-2.165882e-06	-4.432258e-10	-1.169115e+01	-4.887813e+01
5.880000e-06	-2.223929e-06	-4.613958e-10	-1.200448e+01	-5.095363e+01
5.890000e-06	-2.281866e-06	-4.792424e-10	-1.231721e+01	-5.300025e+01
5.900000e-06	-2.339605e-06	-4.962602e-10	-1.262889e+01	-5.501862e+01
5.910000e-06	-2.397140e-06	-5.132996e-10	-1.293945e+01	-5.700941e+01
5.920000e-06	-2.454596e-06	-5.313908e-10	-1.324959e+01	-5.897330e+01
5.930000e-06	-2.511856e-06	-5.508997e-10	-1.355867e+01	-6.091099e+01
5.940000e-06	-2.568901e-06	-5.718697e-10	-1.386660e+01	-6.282315e+01
5.950000e-06	-2.625726e-06	-5.921405e-10	-1.417333e+01	-6.471040e+01
5.960000e-06	-2.682353e-06	-6.097211e-10	-1.447899e+01	-6.657332e+01
5.970000e-06	-2.738838e-06	-6.255515e-10	-1.478389e+01	-6.841245e+01
5.980000e-06	-2.795190e-06	-6.416202e-10	-1.508807e+01	-7.022822e+01
5.990000e-06	-2.851478e-06	-6.581287e-10	-1.539191e+01	-7.202100e+01
6.000000e-06	-2.907557e-06	-6.736478e-10	-1.569462e+01	-7.379108e+01
6.010000e-06	-2.963468e-06	-6.883315e-10	-1.599642e+01	-7.553866e+01
6.020000e-06	-3.019333e-06	-7.030614e-10	-1.629797e+01	-7.726383e+01
6.030000e-06	-3.074958e-06	-7.188914e-10	-1.659822e+01	-7.896662e+01
6.040000e-06	-3.130338e-06	-7.364583e-10	-1.689716e+01	-8.064698e+01
6.050000e-06	-3.185502e-06	-7.531626e-10	-1.719493e+01	-8.230476e+01
6.060000e-06	-3.240225e-06	-7.681816e-10	-1.749032e+01	-8.393977e+01
6.070000e-06	-3.294471e-06	-7.828268e-10	-1.778313e+01	-8.555174e+01
6.080000e-06	-3.348250e-06	-7.977502e-10	-1.807342e+01	-8.714036e+01
6.090000e-06	-3.401666e-06	-8.122828e-10	-1.836175e+01	-8.870530e+01
6.100000e-06	-3.454843e-06	-8.260512e-10	-1.864880e+01	-9.024619e+01
6.110000e-06	-3.507700e-06	-8.395419e-10	-1.893411e+01	-9.176266e+01
6.120000e-06	-3.560358e-06	-8.524306e-10	-1.921835e+01	-9.325435e+01
6.130000e-06	-3.612807e-06	-8.662464e-10	-1.950147e+01	-9.472089e+01
6.140000e-06	-3.664917e-06	-8.806395e-10	-1.978275e+01	-9.616196e+01
6.150000e-06	-3.716717e-06	-8.934150e-10	-2.006235e+01	-9.757728e+01
6.160000e-06	-3.768262e-06	-9.053156e-10	-2.034059e+01	-9.896662e+01
6.170000e-06	-3.819528e-06	-9.174320e-10	-2.061732e+01	-1.003298e+02
6.180000e-06	-3.870531e-06	-9.296974e-10	-2.089263e+01	-1.016667e+02
6.190000e-06	-3.921199e-06	-9.406396e-10	-2.116613e+01	-1.029773e+02
6.200000e-06	-3.971486e-06	-9.505248e-10	-2.143757e+01	-1.042616e+02
6.210000e-06	-4.021558e-06	-9.613162e-10	-2.170785e+01	-1.055197e+02
6.220000e-06	-4.071213e-06	-9.735647e-10	-2.197588e+01	-1.067519e+02
6.230000e-06	-4.120319e-06	-9.864993e-10	-2.224095e+01	-1.079583e+02
6.240000e-06	-4.169078e-06	-9.977634e-10	-2.250415e+01	-1.091394e+02
6.250000e-06	-4.217379e-06	-1.006789e-09	-2.276487e+01	-1.102955e+02
6.260000e-06	-4.265247e-06	-1.015744e-09	-2.302325e+01	-1.114270e+02
6.270000e-06	-4.312739e-06	-1.025709e-09	-2.327960e+01	-1.125346e+02
6.280000e-06	-4.359885e-06	-1.035346e-09	-2.353409e+01	-1.136187e+02
6.290000e-06	-4.406829e-06	-1.044391e-09	-2.378749e+01	-1.146799e+02
6.300000e-06	-4.453554e-06	-1.054134e-09	-2.403971e+01	-1.157190e+02
6.310000e-06	-4.500011e-06	-1.064563e-09	-2.429048e+01	-1.167365e+02
6.320000e-06	-4.546257e-06	-1.074243e-09	-2.454010e+01	-1.177330e+02
6.330000e-06	-4.592257e-06	-1.083108e-09	-2.478841e+01	-1.187092e+02
6.340000e-06	-4.637690e-06	-1.090581e-09	-2.503365e+01	-1.196658e+02
6.350000e-06	-4.682610e-06	-1.097078e-09	-2.527612e+01	-1.206032e+02
6.360000e-06	-4.727323e-06	-1.104447e-09	-2.551748e+01	-1.215222e+02
6.370000e-06	-4.771916e-06	-1.112558e-09	-2.575819e+01	-1.224232e+02
6.380000e-06	-4.816324e-06	-1.121320e-09	-2.599789e+01	-1.233067e+02
6.390000e-06	-4.860430e-06	-1.128716e-09	-2.623597e+01	-1.241732e+02
6.400000e-06	-4.904268e-06	-1.134860e-09	-2.647260e+01	-1.250231e+02
6.410000e-06	-4.947857e-06	-1.142498e-09	-2.670789e+01	-1.258566e+02
6.420000e-06	-4.991076e-06	-1.151166e-09	-2.694118e+01	-1.266741e+02
6.430000e-06	-5.033897e-06	-1.158302e-09	-2.717233e+01	-1.274759e+02
6.440000e-06	-5.076350e-06	-1.164123e-09	-2.740148e+01	-1.282621e+02
6.450000e-06	-5.118466e-06	-1.170345e-09	-2.762881e+01	-1.290329e+02
6.460000e-06	-5.160250e-06	-1.176969e-09	-2.785436e+01	-1.297885e+02
6.470000e-06	-5.201706e-06	-1.184408e-09	-2.807813e+01	-1.305288e+02
6.480000e-06	-5.242815e-06	-1.191513e-09	-2.830004e+01	-1.312539e+02
6.490000e-06	-5.283520e-06	-1.197240e-09	-2.851976e+01	-1.319641e+02
6.500000e-06	-5.323909e-06	-1.203027e-09	-2.873777e+01	-1.326591e+02
6.510000e-06	-5.364127e-06	-1.209266e-09	-2.895486e+01	-1.333392e+02
6.520000e-06	-5.404190e-06	-1.215291e-09	-2.917112e+01	-1.340044e+02
6.530000e-06	-5.443853e-06	-1.220436e-09	-2.938521e+01	-1.346547e+02
6.540000e-06	-5.483106e-06	-1.224308e-09	-2.959710e+01	-1.352903e+02
6.550000e-06	-5.521825e-06	-1.229430e-09	-2.980610e+01	-1.359113e+02
6.560000e-06	-5.559706e-06	-1.237853e-09	-3.001057e+01	-1.365179e+02
6.570000e-06	-5.596975e-06	-1.245733e-09	-3.021175e+01	-1.371102e+02
6.580000e-06	-5.633870e-06	-1.249893e-09	-3.041090e+01	-1.376886e+02
6.590000e-06	-5.670380e-06	-1.252584e-09	-3.060798e+01	-1.382533e+02
6.600000e-06	-5.706550e-06	-1.256763e-09	-3.080322e+01	-1.388047e+02
6.610000e-06	-5.742533e-06	-1.261663e-09	-3.099745e+01	-1.393431e+02
6.620000e-06	-5.778188e-06	-1.265148e-09	-3.118991e+01	-1.398691e+02
6.630000e-06	-5.813254e-06	-1.268320e-09	-3.137919e+01	-1.403832e+02
6.640000e-06	-5.847868e-06	-1.271784e-09	-3.156604e+01	-1.408857e+02
6.650000e-06	-5.882051e-06	-1.275520e-09	-3.175055e+01	-1.413773e+02
6.660000e-06	-5.915812e-06	-1.279687e-09	-3.193279e+01	-1.418585e+02
6.670000e-06	-5.949346e-06	-1.284157e-09	-3.211380e+01	-1.423300e+02
6.680000e-06	-5.982443e-06	-1.287851e-09	-3.229245e+01	-1.427923e+02
6.690000e-06	-6.015028e-06	-1.289740e-09	-3.246834e+01	-1.432460e+02
6.700000e-06	-6.047358e-06	-1.292718e-09	-3.264286e+01	-1.436916e+02
6.710000e-06	-6.079483e-06	-1.297320e-09	-3.281626e+01	-1.441297e+02
6.720000e-06	-6.111181e-06	-1.300645e-09	-3.298736e+01	-1.445609e+02
6.730000e-06	-6.142313e-06	-1.302661e-09	-3.315541e+01	-1.449856e+02
6.740000e-06	-6.172726e-06	-1.304869e-09	-3.331958e+01	-1.454043e+02
6.750000e-06	-6.202371e-06	-1.308104e-09	-3.347959e+01	-1.458173e+02
6.760000e-06	-6.231482e-06	-1.311956e-09	-3.363673e+01	-1.462250e+02
6.770000e-06	-6.260144e-06	-1.314790e-09	-3.379145e+01	-1.466277e+02
6.780000e-06	-6.288416e-06	-1.316100e-09	-3.394406e+01	-1.470255e+02
6.790000e-06	-6.316482e-06	-1.317610e-09	-3.409555e+01	-1.474185e+02
6.800000e-06	-6.344240e-06	-1.319583e-09	-3.424539e+01	-1.478069e+02
6.810000e-06	-6.371457e-06	-1.320955e-09	-3.439230e+01	-1.481907e+02
6.820000e-06	-6.398236e-06	-1.321540e-09	-3.453685e+01	-1.485697e+02
6.830000e-06	-6.424493e-06	-1.322784e-09	-3.467858e+01	-1.489439e+02
6.840000e-06	-6.450255e-06	-1.326071e-09	-3.481764e+01	-1.493130e+02
6.850000e-06	-6.475607e-06	-1.329606e-09	-3.495449e+01	-1.496769e+02
6.860000e-06	-6.500471e-06	-1.332422e-09	-3.508870e+01	-1.500353e+02
6.870000e-06	-6.524954e-06	-1.334564e-09	-3.522086e+01	-1.503878e+02
6.880000e-06	-6.549213e-06	-1.336418e-09	-3.535180e+01	-1.507342e+02
6.890000e-06	-6.573233e-06	-1.339682e-09	-3.548146e+01	-1.510741e+02
6.900000e-06	-6.596781e-06	-1.343372e-09	-3.560857e+01	-1.514072e+02
6.910000e-06	-6.619662e-06	-1.344486e-09	-3.573208e+01	-1.517332e+02
6.920000e-06	-6.641740e-06	-1.343899e-09	-3.585125e+01	-1.520516e+02
6.930000e-06	-6.662982e-06	-1.344478e-09	-3.596591e+01	-1.523623e+02
6.940000e-06	-6.683644e-06	-1.346506e-09	-3.607744e+01	-1.526648e+02
6.950000e-06	-6.703990e-06	-1.349344e-09	-3.618727e+01	-1.529592e+02
6.960000e-06	-6.724084e-06	-1.352222e-09	-3.629574e+01	-1.532450e+02
6.970000e-06	-6.743823e-06	-1.354165e-09	-3.640228e+01	-1.535222e+02
6.980000e-06	-6.763088e-06	-1.354832e-09	-3.650628e+01	-1.537908e+02
6.990000e-06	-6.781886e-06	-1.354972e-09	-3.660774e+01	-1.540506e+02
7.000000e-06	-6.800283e-06	-1.355926e-09	-3.670705e+01	-1.543018e+02
7.010000e-06	-6.818205e-06	-1.357010e-09	-3.680379e+01	-1.545443e+02
7.020000e-06	-6.835548e-06	-1.357624e-09	-3.689740e+01	-1.547784e+02
7.030000e-06	-6.852420e-06	-1.358429e-09	-3.698848e+01	-1.550042e+02
7.040000e-06	-6.868907e-06	-1.360075e-09	-3.707747e+01	-1.552220e+02
7.050000e-06	-6.885105e-06	-1.362269e-09	-3.716491e+01	-1.554320e+02
7.060000e-06	-6.900917e-06	-1.363970e-09	-3.725026e+01	-1.556345e+02
7.070000e-06	-6.915953e-06	-1.365456e-09	-3.733142e+01	-1.558299e+02
7.080000e-06	-6.930188e-06	-1.365743e-09	-3.740826e+01	-1.560185e+02
7.090000e-06	-6.943832e-06	-1.365113e-09	-3.748191e+01	-1.562007e+02
7.100000e-06	-6.956751e-06	-1.365134e-09	-3.755164e+01	-1.563768e+02
7.110000e-06	-6.969081e-06	-1.365450e-09	-3.761820e+01	-1.565472e+02
7.120000e-06	-6.980979e-06	-1.365680e-09	-3.768242e+01	-1.567121e+02
7.130000e-06	-6.992283e-06	-1.366351e-09	-3.774344e+01	-1.568720e+02
7.140000e-06	-7.003089e-06	-1.367648e-09	-3.780177e+01	-1.570269e+02
7.150000e-06	-7.013513e-06	-1.367876e-09	-3.785803e+01	-1.571772e+02
7.160000e-06	-7.023641e-06	-1.367216e-09	-3.791270e+01	-1.573230e+02
7.170000e-06	-7.033272e-06	-1.367282e-09	-3.796469e+01	-1.574645e+02
7.180000e-06	-7.042175e-06	-1.368484e-09	-3.801275e+01	-1.576017e+02
7.190000e-06	-7.050604e-06	-1.369184e-09	-3.805825e+01	-1.577345e+02
7.200000e-06	-7.058730e-06	-1.369540e-09	-3.810211e+01	-1.578630e+02
7.210000e-06	-7.066451e-06	-1.370468e-09	-3.814379e+01	-1.579871e+02
7.220000e-06	-7.073739e-06	-1.370052e-09	-3.818313e+01	-1.581065e+02
7.230000e-06	-7.080342e-06	-1.368319e-09	-3.821877e+01	-1.582211e+02
7.240000e-06	-7.086030e-06	-1.367288e-09	-3.824947e+01	-1.583306e+02
7.250000e-06	-7.091008e-06	-1.367405e-09	-3.827634e+01	-1.584347e+02
7.260000e-06	-7.095490e-06	-1.367917e-09	-3.830053e+01	-1.585331e+02
7.270000e-06	-7.099639e-06	-1.368343e-09	-3.832293e+01	-1.586254e+02
7.280000e-06	-7.103387e-06	-1.368007e-09	-3.834316e+01	-1.587113e+02
7.290000e-06	-7.106700e-06	-1.367682e-09	-3.836105e+01	-1.587904e+02
7.300000e-06	-7.109623e-06	-1.367536e-09	-3.837683e+01	-1.588623e+02
7.310000e-06	-7.112092e-06	-1.367107e-09	-3.839015e+01	-1.589267e+02
7.320000e-06	-7.114016e-06	-1.366602e-09	-3.840054e+01	-1.589834e+02
7.330000e-06	-7.115420e-06	-1.367228e-09	-3.840812e+01	-1.590319e+02
7.340000e-06	-7.116390e-06	-1.368755e-09	-3.841335e+01	-1.590721e+02
