# Temperatura_=_20.0
# Concentracion g/m^3_=_7400.0
# C_Vs_to_Am_M_A/Vsm_=_116720831517.84952
# pendiente_HvsI_1/m_=_3716.3
# ordenada_HvsI_A/m_=_1297.0
# frecuencia_Hz_=_136114.8072465842

Tiempo_(s)	Campo_(V.s)	Magnetizacion_(V.s)	Campo_(kA/m)	Magnetizacion_(A/m)
0.000000e+00	-7.147103e-06	-1.618491e-09	-3.842103e+01	-1.880040e+02
1.000000e-08	-7.147308e-06	-1.619145e-09	-3.842213e+01	-1.880097e+02
2.000000e-08	-7.147195e-06	-1.619388e-09	-3.842153e+01	-1.880077e+02
3.000000e-08	-7.146570e-06	-1.618717e-09	-3.841817e+01	-1.879982e+02
4.000000e-08	-7.145220e-06	-1.617850e-09	-3.841091e+01	-1.879812e+02
5.000000e-08	-7.143077e-06	-1.616938e-09	-3.839939e+01	-1.879570e+02
6.000000e-08	-7.140232e-06	-1.616727e-09	-3.838410e+01	-1.879258e+02
7.000000e-08	-7.136827e-06	-1.618541e-09	-3.836579e+01	-1.878878e+02
8.000000e-08	-7.133065e-06	-1.624608e-09	-3.834557e+01	-1.878431e+02
9.000000e-08	-7.128783e-06	-1.618458e-09	-3.832255e+01	-1.877919e+02
1.000000e-07	-7.123602e-06	-1.577941e-09	-3.829469e+01	-1.877346e+02
1.100000e-07	-7.117749e-06	-1.555892e-09	-3.826323e+01	-1.876713e+02
1.200000e-07	-7.111710e-06	-1.630047e-09	-3.823077e+01	-1.876023e+02
1.300000e-07	-7.105544e-06	-1.683458e-09	-3.819762e+01	-1.875277e+02
1.400000e-07	-7.098940e-06	-1.595885e-09	-3.816212e+01	-1.874479e+02
1.500000e-07	-7.091617e-06	-1.525269e-09	-3.812275e+01	-1.873630e+02
1.600000e-07	-7.083870e-06	-1.625009e-09	-3.808111e+01	-1.872733e+02
1.700000e-07	-7.075992e-06	-1.696919e-09	-3.803875e+01	-1.871789e+02
1.800000e-07	-7.067581e-06	-1.558660e-09	-3.799354e+01	-1.870802e+02
1.900000e-07	-7.058281e-06	-1.478475e-09	-3.794355e+01	-1.869773e+02
2.000000e-07	-7.048251e-06	-1.634022e-09	-3.788963e+01	-1.868703e+02
2.100000e-07	-7.037861e-06	-1.716040e-09	-3.783377e+01	-1.867595e+02
2.200000e-07	-7.026902e-06	-1.557078e-09	-3.777486e+01	-1.866449e+02
2.300000e-07	-7.015199e-06	-1.487899e-09	-3.771195e+01	-1.865267e+02
2.400000e-07	-7.002885e-06	-1.624197e-09	-3.764575e+01	-1.864049e+02
2.500000e-07	-6.989935e-06	-1.649406e-09	-3.757613e+01	-1.862797e+02
2.600000e-07	-6.976476e-06	-1.530590e-09	-3.750378e+01	-1.861510e+02
2.700000e-07	-6.962602e-06	-1.548356e-09	-3.742920e+01	-1.860189e+02
2.800000e-07	-6.948037e-06	-1.637541e-09	-3.735090e+01	-1.858832e+02
2.900000e-07	-6.932623e-06	-1.578568e-09	-3.726804e+01	-1.857440e+02
3.000000e-07	-6.916478e-06	-1.525559e-09	-3.718125e+01	-1.856011e+02
3.100000e-07	-6.899923e-06	-1.596999e-09	-3.709225e+01	-1.854544e+02
3.200000e-07	-6.883007e-06	-1.588307e-09	-3.700132e+01	-1.853036e+02
3.300000e-07	-6.865604e-06	-1.505574e-09	-3.690776e+01	-1.851487e+02
3.400000e-07	-6.847849e-06	-1.569195e-09	-3.681232e+01	-1.849893e+02
3.500000e-07	-6.829595e-06	-1.641751e-09	-3.671419e+01	-1.848253e+02
3.600000e-07	-6.810754e-06	-1.536789e-09	-3.661290e+01	-1.846562e+02
3.700000e-07	-6.791363e-06	-1.484445e-09	-3.650866e+01	-1.844819e+02
3.800000e-07	-6.771586e-06	-1.588755e-09	-3.640234e+01	-1.843020e+02
3.900000e-07	-6.751566e-06	-1.591023e-09	-3.629472e+01	-1.841162e+02
4.000000e-07	-6.731195e-06	-1.498514e-09	-3.618522e+01	-1.839241e+02
4.100000e-07	-6.710277e-06	-1.535586e-09	-3.607276e+01	-1.837255e+02
4.200000e-07	-6.688785e-06	-1.592952e-09	-3.595723e+01	-1.835200e+02
4.300000e-07	-6.666772e-06	-1.532323e-09	-3.583889e+01	-1.833073e+02
4.400000e-07	-6.644360e-06	-1.515922e-09	-3.571841e+01	-1.830870e+02
4.500000e-07	-6.621564e-06	-1.563291e-09	-3.559587e+01	-1.828591e+02
4.600000e-07	-6.598269e-06	-1.529370e-09	-3.547064e+01	-1.826231e+02
4.700000e-07	-6.574618e-06	-1.501487e-09	-3.534350e+01	-1.823788e+02
4.800000e-07	-6.550745e-06	-1.556004e-09	-3.521516e+01	-1.821262e+02
4.900000e-07	-6.526456e-06	-1.548346e-09	-3.508459e+01	-1.818649e+02
5.000000e-07	-6.501495e-06	-1.489925e-09	-3.495040e+01	-1.815950e+02
5.100000e-07	-6.475824e-06	-1.512167e-09	-3.481241e+01	-1.813162e+02
5.200000e-07	-6.449421e-06	-1.538199e-09	-3.467047e+01	-1.810287e+02
5.300000e-07	-6.422268e-06	-1.501157e-09	-3.452450e+01	-1.807324e+02
5.400000e-07	-6.394673e-06	-1.498362e-09	-3.437616e+01	-1.804273e+02
5.500000e-07	-6.366802e-06	-1.521863e-09	-3.422633e+01	-1.801134e+02
5.600000e-07	-6.338622e-06	-1.501145e-09	-3.407484e+01	-1.797911e+02
5.700000e-07	-6.309991e-06	-1.488755e-09	-3.392093e+01	-1.794602e+02
5.800000e-07	-6.280967e-06	-1.504410e-09	-3.376490e+01	-1.791211e+02
5.900000e-07	-6.251572e-06	-1.491044e-09	-3.360688e+01	-1.787739e+02
6.000000e-07	-6.221683e-06	-1.474474e-09	-3.344621e+01	-1.784188e+02
6.100000e-07	-6.191323e-06	-1.488633e-09	-3.328300e+01	-1.780560e+02
6.200000e-07	-6.160375e-06	-1.489032e-09	-3.311663e+01	-1.776858e+02
6.300000e-07	-6.129015e-06	-1.473131e-09	-3.294805e+01	-1.773083e+02
6.400000e-07	-6.097471e-06	-1.473276e-09	-3.277847e+01	-1.769237e+02
6.500000e-07	-6.065721e-06	-1.472123e-09	-3.260779e+01	-1.765322e+02
6.600000e-07	-6.033636e-06	-1.462329e-09	-3.243531e+01	-1.761339e+02
6.700000e-07	-6.001141e-06	-1.464231e-09	-3.226063e+01	-1.757291e+02
6.800000e-07	-5.968056e-06	-1.465161e-09	-3.208277e+01	-1.753177e+02
6.900000e-07	-5.934143e-06	-1.454242e-09	-3.190046e+01	-1.748998e+02
7.000000e-07	-5.899443e-06	-1.447344e-09	-3.171392e+01	-1.744754e+02
7.100000e-07	-5.864213e-06	-1.445296e-09	-3.152454e+01	-1.740445e+02
7.200000e-07	-5.828673e-06	-1.439215e-09	-3.133348e+01	-1.736069e+02
7.300000e-07	-5.792887e-06	-1.435886e-09	-3.114111e+01	-1.731627e+02
7.400000e-07	-5.756797e-06	-1.433753e-09	-3.094709e+01	-1.727114e+02
7.500000e-07	-5.720401e-06	-1.428185e-09	-3.075144e+01	-1.722531e+02
7.600000e-07	-5.683670e-06	-1.425137e-09	-3.055398e+01	-1.717872e+02
7.700000e-07	-5.646454e-06	-1.423303e-09	-3.035392e+01	-1.713136e+02
7.800000e-07	-5.608878e-06	-1.416003e-09	-3.015192e+01	-1.708320e+02
7.900000e-07	-5.571002e-06	-1.407787e-09	-2.994831e+01	-1.703418e+02
8.000000e-07	-5.532510e-06	-1.402485e-09	-2.974138e+01	-1.698428e+02
8.100000e-07	-5.493409e-06	-1.398355e-09	-2.953119e+01	-1.693346e+02
8.200000e-07	-5.453969e-06	-1.394767e-09	-2.931917e+01	-1.688167e+02
8.300000e-07	-5.414355e-06	-1.390202e-09	-2.910621e+01	-1.682887e+02
8.400000e-07	-5.374586e-06	-1.384248e-09	-2.889242e+01	-1.677502e+02
8.500000e-07	-5.334591e-06	-1.377973e-09	-2.867742e+01	-1.672010e+02
8.600000e-07	-5.294156e-06	-1.372969e-09	-2.846005e+01	-1.666405e+02
8.700000e-07	-5.253174e-06	-1.367535e-09	-2.823974e+01	-1.660686e+02
8.800000e-07	-5.211786e-06	-1.360283e-09	-2.801725e+01	-1.654849e+02
8.900000e-07	-5.169792e-06	-1.351482e-09	-2.779150e+01	-1.648893e+02
9.000000e-07	-5.127169e-06	-1.343357e-09	-2.756237e+01	-1.642816e+02
9.100000e-07	-5.084071e-06	-1.337737e-09	-2.733069e+01	-1.636617e+02
9.200000e-07	-5.040572e-06	-1.332840e-09	-2.709685e+01	-1.630295e+02
9.300000e-07	-4.996866e-06	-1.326929e-09	-2.686190e+01	-1.623851e+02
9.400000e-07	-4.952929e-06	-1.321507e-09	-2.662570e+01	-1.617287e+02
9.500000e-07	-4.908523e-06	-1.316726e-09	-2.638699e+01	-1.610603e+02
9.600000e-07	-4.863777e-06	-1.311365e-09	-2.614645e+01	-1.603801e+02
9.700000e-07	-4.818776e-06	-1.304491e-09	-2.590453e+01	-1.596884e+02
9.800000e-07	-4.773441e-06	-1.296400e-09	-2.566082e+01	-1.589856e+02
9.900000e-07	-4.727823e-06	-1.289321e-09	-2.541559e+01	-1.582719e+02
1.000000e-06	-4.681871e-06	-1.284786e-09	-2.516856e+01	-1.575478e+02
1.010000e-06	-4.635519e-06	-1.280595e-09	-2.491939e+01	-1.568136e+02
1.020000e-06	-4.588833e-06	-1.275452e-09	-2.466841e+01	-1.560697e+02
1.030000e-06	-4.541843e-06	-1.268923e-09	-2.441581e+01	-1.553166e+02
1.040000e-06	-4.494508e-06	-1.261831e-09	-2.416134e+01	-1.545545e+02
1.050000e-06	-4.446909e-06	-1.256566e-09	-2.390547e+01	-1.537839e+02
1.060000e-06	-4.399100e-06	-1.251293e-09	-2.364846e+01	-1.530051e+02
1.070000e-06	-4.351040e-06	-1.245167e-09	-2.339010e+01	-1.522183e+02
1.080000e-06	-4.302593e-06	-1.239363e-09	-2.312966e+01	-1.514238e+02
1.090000e-06	-4.253816e-06	-1.232841e-09	-2.286744e+01	-1.506217e+02
1.100000e-06	-4.204641e-06	-1.225907e-09	-2.260310e+01	-1.498120e+02
1.110000e-06	-4.155082e-06	-1.219348e-09	-2.233668e+01	-1.489947e+02
1.120000e-06	-4.105061e-06	-1.211807e-09	-2.206778e+01	-1.481697e+02
1.130000e-06	-4.054423e-06	-1.203984e-09	-2.179556e+01	-1.473369e+02
1.140000e-06	-4.003464e-06	-1.197248e-09	-2.152162e+01	-1.464959e+02
1.150000e-06	-3.952204e-06	-1.191664e-09	-2.124605e+01	-1.456463e+02
1.160000e-06	-3.900575e-06	-1.185872e-09	-2.096851e+01	-1.447877e+02
1.170000e-06	-3.848606e-06	-1.178190e-09	-2.068914e+01	-1.439195e+02
1.180000e-06	-3.796435e-06	-1.169519e-09	-2.040868e+01	-1.430411e+02
1.190000e-06	-3.744061e-06	-1.162459e-09	-2.012713e+01	-1.421518e+02
1.200000e-06	-3.691322e-06	-1.156632e-09	-1.984362e+01	-1.412508e+02
1.210000e-06	-3.638296e-06	-1.149703e-09	-1.955856e+01	-1.403375e+02
1.220000e-06	-3.585055e-06	-1.141395e-09	-1.927236e+01	-1.394109e+02
1.230000e-06	-3.531510e-06	-1.132336e-09	-1.898451e+01	-1.384702e+02
1.240000e-06	-3.477640e-06	-1.122256e-09	-1.869492e+01	-1.375146e+02
1.250000e-06	-3.423513e-06	-1.113437e-09	-1.840395e+01	-1.365433e+02
1.260000e-06	-3.369287e-06	-1.106240e-09	-1.811244e+01	-1.355556e+02
1.270000e-06	-3.314918e-06	-1.097488e-09	-1.782017e+01	-1.345507e+02
1.280000e-06	-3.260276e-06	-1.088821e-09	-1.752643e+01	-1.335278e+02
1.290000e-06	-3.205450e-06	-1.081689e-09	-1.723169e+01	-1.324865e+02
1.300000e-06	-3.150392e-06	-1.073242e-09	-1.693572e+01	-1.314263e+02
1.310000e-06	-3.095109e-06	-1.063051e-09	-1.663853e+01	-1.303467e+02
1.320000e-06	-3.039594e-06	-1.053749e-09	-1.634009e+01	-1.292474e+02
1.330000e-06	-2.983885e-06	-1.044568e-09	-1.604062e+01	-1.281282e+02
1.340000e-06	-2.928067e-06	-1.034233e-09	-1.574055e+01	-1.269891e+02
1.350000e-06	-2.872061e-06	-1.024569e-09	-1.543948e+01	-1.258301e+02
1.360000e-06	-2.815874e-06	-1.015618e-09	-1.513743e+01	-1.246512e+02
1.370000e-06	-2.759574e-06	-1.006564e-09	-1.483477e+01	-1.234529e+02
1.380000e-06	-2.703031e-06	-9.976688e-10	-1.453081e+01	-1.222354e+02
1.390000e-06	-2.646236e-06	-9.883219e-10	-1.422550e+01	-1.209990e+02
1.400000e-06	-2.589365e-06	-9.781728e-10	-1.391978e+01	-1.197445e+02
1.410000e-06	-2.532346e-06	-9.671061e-10	-1.361326e+01	-1.184721e+02
1.420000e-06	-2.475016e-06	-9.562591e-10	-1.330507e+01	-1.171827e+02
1.430000e-06	-2.417329e-06	-9.466365e-10	-1.299496e+01	-1.158767e+02
1.440000e-06	-2.359266e-06	-9.365277e-10	-1.268282e+01	-1.145547e+02
1.450000e-06	-2.300962e-06	-9.253516e-10	-1.236939e+01	-1.132173e+02
1.460000e-06	-2.242399e-06	-9.134224e-10	-1.205457e+01	-1.118651e+02
1.470000e-06	-2.183573e-06	-9.006533e-10	-1.173834e+01	-1.104984e+02
1.480000e-06	-2.124560e-06	-8.883059e-10	-1.142110e+01	-1.091175e+02
1.490000e-06	-2.065339e-06	-8.766638e-10	-1.110274e+01	-1.077228e+02
1.500000e-06	-2.006013e-06	-8.653676e-10	-1.078382e+01	-1.063142e+02
1.510000e-06	-1.946591e-06	-8.537303e-10	-1.046439e+01	-1.048917e+02
1.520000e-06	-1.887092e-06	-8.415086e-10	-1.014453e+01	-1.034550e+02
1.530000e-06	-1.827471e-06	-8.298239e-10	-9.824023e+00	-1.020036e+02
1.540000e-06	-1.767690e-06	-8.177590e-10	-9.502657e+00	-1.005370e+02
1.550000e-06	-1.707885e-06	-8.040519e-10	-9.181163e+00	-9.905415e+01
1.560000e-06	-1.648083e-06	-7.903809e-10	-8.859679e+00	-9.755410e+01
1.570000e-06	-1.588235e-06	-7.778558e-10	-8.537953e+00	-9.603555e+01
1.580000e-06	-1.528330e-06	-7.662231e-10	-8.215917e+00	-9.449700e+01
1.590000e-06	-1.468287e-06	-7.539949e-10	-7.893140e+00	-9.293678e+01
1.600000e-06	-1.408130e-06	-7.405021e-10	-7.569756e+00	-9.135303e+01
1.610000e-06	-1.347871e-06	-7.273924e-10	-7.245815e+00	-8.974372e+01
1.620000e-06	-1.287479e-06	-7.147539e-10	-6.921162e+00	-8.810668e+01
1.630000e-06	-1.227037e-06	-7.015661e-10	-6.596243e+00	-8.643962e+01
1.640000e-06	-1.166603e-06	-6.871965e-10	-6.271366e+00	-8.474017e+01
1.650000e-06	-1.106142e-06	-6.728848e-10	-5.946340e+00	-8.300589e+01
1.660000e-06	-1.045568e-06	-6.591920e-10	-5.620710e+00	-8.123431e+01
1.670000e-06	-9.848416e-07	-6.455167e-10	-5.294261e+00	-7.942297e+01
1.680000e-06	-9.240603e-07	-6.317304e-10	-4.967516e+00	-7.756945e+01
1.690000e-06	-8.632932e-07	-6.167598e-10	-4.640847e+00	-7.567142e+01
1.700000e-06	-8.023900e-07	-6.018521e-10	-4.313447e+00	-7.372666e+01
1.710000e-06	-7.413757e-07	-5.876949e-10	-3.985450e+00	-7.173311e+01
1.720000e-06	-6.803054e-07	-5.724686e-10	-3.657151e+00	-6.968890e+01
1.730000e-06	-6.191034e-07	-5.555975e-10	-3.328144e+00	-6.759238e+01
1.740000e-06	-5.579906e-07	-5.385279e-10	-2.999617e+00	-6.544215e+01
1.750000e-06	-4.968989e-07	-5.226697e-10	-2.671204e+00	-6.323713e+01
1.760000e-06	-4.354961e-07	-5.062032e-10	-2.341118e+00	-6.097650e+01
1.770000e-06	-3.740145e-07	-4.879591e-10	-2.010608e+00	-5.865981e+01
1.780000e-06	-3.126317e-07	-4.690229e-10	-1.680630e+00	-5.628694e+01
1.790000e-06	-2.512299e-07	-4.491724e-10	-1.350549e+00	-5.385816e+01
1.800000e-06	-1.898667e-07	-4.279783e-10	-1.020676e+00	-5.137409e+01
1.810000e-06	-1.286189e-07	-4.059888e-10	-6.914229e-01	-4.883573e+01
1.820000e-06	-6.731575e-08	-3.843506e-10	-3.618726e-01	-4.624446e+01
1.830000e-06	-5.968867e-09	-3.631014e-10	-3.208713e-02	-4.360204e+01
1.840000e-06	5.528234e-08	-3.414090e-10	2.971840e-01	-4.091057e+01
1.850000e-06	1.165063e-07	-3.190058e-10	6.263084e-01	-3.817252e+01
1.860000e-06	1.777075e-07	-2.953148e-10	9.553109e-01	-3.539065e+01
1.870000e-06	2.389481e-07	-2.713684e-10	1.284525e+00	-3.256805e+01
1.880000e-06	3.001971e-07	-2.474347e-10	1.613784e+00	-2.970807e+01
1.890000e-06	3.614049e-07	-2.226396e-10	1.942822e+00	-2.681431e+01
1.900000e-06	4.226372e-07	-1.973672e-10	2.271991e+00	-2.389057e+01
1.910000e-06	4.839292e-07	-1.720393e-10	2.601482e+00	-2.094084e+01
1.920000e-06	5.451596e-07	-1.472377e-10	2.930641e+00	-1.796921e+01
1.930000e-06	6.062344e-07	-1.223205e-10	3.258964e+00	-1.497991e+01
1.940000e-06	6.672349e-07	-9.672335e-11	3.586887e+00	-1.197719e+01
1.950000e-06	7.281653e-07	-7.063267e-11	3.914434e+00	-8.965338e+00
1.960000e-06	7.890204e-07	-4.434525e-11	4.241575e+00	-5.948623e+00
1.970000e-06	8.498372e-07	-1.820360e-11	4.568511e+00	-2.931246e+00
1.980000e-06	9.107053e-07	6.406059e-12	4.895723e+00	8.268093e-02
1.990000e-06	9.715262e-07	2.964956e-11	5.222681e+00	3.089175e+00
2.000000e-06	1.032216e-06	5.470953e-11	5.548933e+00	6.084410e+00
2.010000e-06	1.092830e-06	8.085719e-11	5.874781e+00	9.064749e+00
2.020000e-06	1.153350e-06	1.058581e-10	6.200118e+00	1.202676e+01
2.030000e-06	1.213771e-06	1.299996e-10	6.524926e+00	1.496726e+01
2.040000e-06	1.274192e-06	1.534446e-10	6.849739e+00	1.788330e+01
2.050000e-06	1.334541e-06	1.772074e-10	7.174156e+00	2.077219e+01
2.060000e-06	1.394678e-06	2.012072e-10	7.497441e+00	2.363153e+01
2.070000e-06	1.454723e-06	2.244228e-10	7.820225e+00	2.645920e+01
2.080000e-06	1.514681e-06	2.468383e-10	8.142542e+00	2.925334e+01
2.090000e-06	1.574555e-06	2.683842e-10	8.464411e+00	3.201240e+01
2.100000e-06	1.634449e-06	2.893874e-10	8.786389e+00	3.473508e+01
2.110000e-06	1.694367e-06	3.104724e-10	9.108492e+00	3.742037e+01
2.120000e-06	1.754243e-06	3.315406e-10	9.430368e+00	4.006748e+01
2.130000e-06	1.813958e-06	3.526916e-10	9.751385e+00	4.267590e+01
2.140000e-06	1.873398e-06	3.735607e-10	1.007092e+01	4.524533e+01
2.150000e-06	1.932782e-06	3.931884e-10	1.039015e+01	4.777569e+01
2.160000e-06	1.992168e-06	4.124446e-10	1.070940e+01	5.026707e+01
2.170000e-06	2.051419e-06	4.318211e-10	1.102792e+01	5.271974e+01
2.180000e-06	2.110459e-06	4.505606e-10	1.134530e+01	5.513412e+01
2.190000e-06	2.169303e-06	4.696636e-10	1.166163e+01	5.751077e+01
2.200000e-06	2.228221e-06	4.900034e-10	1.197835e+01	5.985033e+01
2.210000e-06	2.286865e-06	5.099440e-10	1.229361e+01	6.215354e+01
2.220000e-06	2.344908e-06	5.285800e-10	1.260564e+01	6.442122e+01
2.230000e-06	2.402592e-06	5.454761e-10	1.291573e+01	6.665422e+01
2.240000e-06	2.459972e-06	5.621353e-10	1.322419e+01	6.885343e+01
2.250000e-06	2.517071e-06	5.797761e-10	1.353114e+01	7.101973e+01
2.260000e-06	2.573931e-06	5.967079e-10	1.383681e+01	7.315404e+01
2.270000e-06	2.630661e-06	6.125334e-10	1.414178e+01	7.525724e+01
2.280000e-06	2.687182e-06	6.281139e-10	1.444562e+01	7.733019e+01
2.290000e-06	2.743330e-06	6.431483e-10	1.474745e+01	7.937372e+01
2.300000e-06	2.799336e-06	6.581405e-10	1.504853e+01	8.138861e+01
2.310000e-06	2.855381e-06	6.743860e-10	1.534981e+01	8.337560e+01
2.320000e-06	2.911308e-06	6.910276e-10	1.565046e+01	8.533540e+01
2.330000e-06	2.966956e-06	7.079746e-10	1.594961e+01	8.726862e+01
2.340000e-06	3.022362e-06	7.246729e-10	1.624746e+01	8.917586e+01
2.350000e-06	3.077662e-06	7.393836e-10	1.654474e+01	9.105764e+01
2.360000e-06	3.132926e-06	7.516480e-10	1.684182e+01	9.291445e+01
2.370000e-06	3.187958e-06	7.627578e-10	1.713766e+01	9.474669e+01
2.380000e-06	3.242753e-06	7.739891e-10	1.743222e+01	9.655476e+01
2.390000e-06	3.297373e-06	7.874288e-10	1.772585e+01	9.833898e+01
2.400000e-06	3.351704e-06	8.039628e-10	1.801792e+01	1.000996e+02
2.410000e-06	3.405794e-06	8.202805e-10	1.830869e+01	1.018370e+02
2.420000e-06	3.459763e-06	8.347249e-10	1.859882e+01	1.035513e+02
2.430000e-06	3.513610e-06	8.484936e-10	1.888829e+01	1.052427e+02
2.440000e-06	3.567120e-06	8.616287e-10	1.917594e+01	1.069114e+02
2.450000e-06	3.620299e-06	8.741965e-10	1.946182e+01	1.085576e+02
2.460000e-06	3.673196e-06	8.864383e-10	1.974618e+01	1.101813e+02
2.470000e-06	3.725861e-06	8.981896e-10	2.002930e+01	1.117827e+02
2.480000e-06	3.778304e-06	9.102343e-10	2.031122e+01	1.133619e+02
2.490000e-06	3.830430e-06	9.227765e-10	2.059143e+01	1.149190e+02
2.500000e-06	3.882227e-06	9.356262e-10	2.086988e+01	1.164540e+02
2.510000e-06	3.933721e-06	9.486896e-10	2.114670e+01	1.179671e+02
2.520000e-06	3.984843e-06	9.610432e-10	2.142152e+01	1.194582e+02
2.530000e-06	4.035533e-06	9.724618e-10	2.169401e+01	1.209275e+02
2.540000e-06	4.085892e-06	9.839678e-10	2.196473e+01	1.223750e+02
2.550000e-06	4.135750e-06	9.947906e-10	2.223276e+01	1.238007e+02
2.560000e-06	4.185130e-06	1.004330e-09	2.249821e+01	1.252047e+02
2.570000e-06	4.234155e-06	1.012970e-09	2.276175e+01	1.265869e+02
2.580000e-06	4.282737e-06	1.022076e-09	2.302292e+01	1.279475e+02
2.590000e-06	4.330897e-06	1.033655e-09	2.328181e+01	1.292863e+02
2.600000e-06	4.378781e-06	1.046112e-09	2.353923e+01	1.306034e+02
2.610000e-06	4.426375e-06	1.057265e-09	2.379508e+01	1.318988e+02
2.620000e-06	4.473823e-06	1.067597e-09	2.405015e+01	1.331724e+02
2.630000e-06	4.521042e-06	1.076974e-09	2.430399e+01	1.344242e+02
2.640000e-06	4.567838e-06	1.085613e-09	2.455555e+01	1.356542e+02
2.650000e-06	4.614319e-06	1.094549e-09	2.480542e+01	1.368624e+02
2.660000e-06	4.660434e-06	1.103719e-09	2.505332e+01	1.380488e+02
2.670000e-06	4.706279e-06	1.112469e-09	2.529977e+01	1.392132e+02
2.680000e-06	4.751829e-06	1.120977e-09	2.554464e+01	1.403558e+02
2.690000e-06	4.797083e-06	1.130207e-09	2.578792e+01	1.414764e+02
2.700000e-06	4.842079e-06	1.139091e-09	2.602980e+01	1.425751e+02
2.710000e-06	4.886712e-06	1.147445e-09	2.626974e+01	1.436520e+02
2.720000e-06	4.930994e-06	1.156757e-09	2.650779e+01	1.447070e+02
2.730000e-06	4.974989e-06	1.166195e-09	2.674429e+01	1.457404e+02
2.740000e-06	5.018810e-06	1.175665e-09	2.697986e+01	1.467521e+02
2.750000e-06	5.062432e-06	1.184584e-09	2.721436e+01	1.477423e+02
2.760000e-06	5.105612e-06	1.191998e-09	2.744649e+01	1.487112e+02
2.770000e-06	5.148145e-06	1.198934e-09	2.767514e+01	1.496591e+02
2.780000e-06	5.190167e-06	1.206873e-09	2.790103e+01	1.505861e+02
2.790000e-06	5.231624e-06	1.216019e-09	2.812390e+01	1.514927e+02
2.800000e-06	5.272398e-06	1.224738e-09	2.834309e+01	1.523791e+02
2.810000e-06	5.312700e-06	1.232750e-09	2.855974e+01	1.532457e+02
2.820000e-06	5.352678e-06	1.240075e-09	2.877465e+01	1.540931e+02
2.830000e-06	5.392490e-06	1.247141e-09	2.898867e+01	1.549216e+02
2.840000e-06	5.432114e-06	1.254715e-09	2.920168e+01	1.557317e+02
2.850000e-06	5.471351e-06	1.261827e-09	2.941261e+01	1.565241e+02
2.860000e-06	5.510218e-06	1.267480e-09	2.962155e+01	1.572993e+02
2.870000e-06	5.548695e-06	1.273026e-09	2.982839e+01	1.580580e+02
2.880000e-06	5.586781e-06	1.280218e-09	3.003313e+01	1.588008e+02
2.890000e-06	5.624557e-06	1.287902e-09	3.023621e+01	1.595283e+02
2.900000e-06	5.661890e-06	1.294263e-09	3.043690e+01	1.602412e+02
2.910000e-06	5.698775e-06	1.300209e-09	3.063518e+01	1.609402e+02
2.920000e-06	5.735292e-06	1.307532e-09	3.083149e+01	1.616260e+02
2.930000e-06	5.771459e-06	1.315839e-09	3.102591e+01	1.622993e+02
2.940000e-06	5.807347e-06	1.323375e-09	3.121884e+01	1.629608e+02
2.950000e-06	5.843032e-06	1.328373e-09	3.141067e+01	1.636110e+02
2.960000e-06	5.878381e-06	1.332135e-09	3.160070e+01	1.642506e+02
2.970000e-06	5.913272e-06	1.337896e-09	3.178827e+01	1.648803e+02
2.980000e-06	5.947500e-06	1.344885e-09	3.197227e+01	1.655006e+02
2.990000e-06	5.981005e-06	1.351403e-09	3.215238e+01	1.661120e+02
3.000000e-06	6.013904e-06	1.357718e-09	3.232924e+01	1.667150e+02
3.010000e-06	6.046261e-06	1.364392e-09	3.250318e+01	1.673100e+02
3.020000e-06	6.078269e-06	1.371510e-09	3.267525e+01	1.678975e+02
3.030000e-06	6.109932e-06	1.378498e-09	3.284546e+01	1.684778e+02
3.040000e-06	6.141189e-06	1.384212e-09	3.301349e+01	1.690511e+02
3.050000e-06	6.172066e-06	1.388101e-09	3.317948e+01	1.696177e+02
3.060000e-06	6.202597e-06	1.394185e-09	3.334361e+01	1.701779e+02
3.070000e-06	6.232740e-06	1.402465e-09	3.350565e+01	1.707316e+02
3.080000e-06	6.262359e-06	1.407939e-09	3.366487e+01	1.712790e+02
3.090000e-06	6.291576e-06	1.411852e-09	3.382193e+01	1.718202e+02
3.100000e-06	6.320408e-06	1.417674e-09	3.397693e+01	1.723550e+02
3.110000e-06	6.348799e-06	1.424720e-09	3.412955e+01	1.728836e+02
3.120000e-06	6.376901e-06	1.430276e-09	3.428062e+01	1.734056e+02
3.130000e-06	6.404692e-06	1.434639e-09	3.443002e+01	1.739211e+02
3.140000e-06	6.432176e-06	1.439085e-09	3.457776e+01	1.744299e+02
3.150000e-06	6.459332e-06	1.443160e-09	3.472375e+01	1.749318e+02
3.160000e-06	6.485805e-06	1.448059e-09	3.486606e+01	1.754265e+02
3.170000e-06	6.511435e-06	1.454025e-09	3.500384e+01	1.759139e+02
3.180000e-06	6.536309e-06	1.459221e-09	3.513755e+01	1.763937e+02
3.190000e-06	6.560477e-06	1.463456e-09	3.526748e+01	1.768657e+02
3.200000e-06	6.584158e-06	1.467694e-09	3.539478e+01	1.773295e+02
3.210000e-06	6.607587e-06	1.472418e-09	3.552073e+01	1.777851e+02
3.220000e-06	6.630609e-06	1.476495e-09	3.564449e+01	1.782320e+02
3.230000e-06	6.653085e-06	1.479701e-09	3.576532e+01	1.786701e+02
3.240000e-06	6.675151e-06	1.482332e-09	3.588394e+01	1.790992e+02
3.250000e-06	6.696756e-06	1.485626e-09	3.600008e+01	1.795190e+02
3.260000e-06	6.717899e-06	1.490340e-09	3.611374e+01	1.799293e+02
3.270000e-06	6.738548e-06	1.495027e-09	3.622475e+01	1.803300e+02
3.280000e-06	6.758777e-06	1.498844e-09	3.633349e+01	1.807208e+02
3.290000e-06	6.778748e-06	1.502162e-09	3.644085e+01	1.811017e+02
3.300000e-06	6.798472e-06	1.506157e-09	3.654688e+01	1.814724e+02
3.310000e-06	6.817904e-06	1.510263e-09	3.665134e+01	1.818330e+02
3.320000e-06	6.836685e-06	1.514350e-09	3.675230e+01	1.821833e+02
3.330000e-06	6.854721e-06	1.518013e-09	3.684926e+01	1.825232e+02
3.340000e-06	6.872268e-06	1.520785e-09	3.694359e+01	1.828527e+02
3.350000e-06	6.889279e-06	1.524754e-09	3.703503e+01	1.831718e+02
3.360000e-06	6.905905e-06	1.529878e-09	3.712441e+01	1.834804e+02
3.370000e-06	6.922125e-06	1.533429e-09	3.721161e+01	1.837785e+02
3.380000e-06	6.937807e-06	1.536828e-09	3.729591e+01	1.840663e+02
3.390000e-06	6.952905e-06	1.540842e-09	3.737707e+01	1.843436e+02
3.400000e-06	6.967313e-06	1.544176e-09	3.745452e+01	1.846105e+02
3.410000e-06	6.981161e-06	1.548545e-09	3.752897e+01	1.848672e+02
3.420000e-06	6.994581e-06	1.553046e-09	3.760111e+01	1.851135e+02
3.430000e-06	7.007497e-06	1.555367e-09	3.767055e+01	1.853497e+02
3.440000e-06	7.019798e-06	1.557055e-09	3.773667e+01	1.855757e+02
3.450000e-06	7.031710e-06	1.560421e-09	3.780071e+01	1.857917e+02
3.460000e-06	7.043179e-06	1.564779e-09	3.786236e+01	1.859977e+02
3.470000e-06	7.053950e-06	1.568091e-09	3.792026e+01	1.861939e+02
3.480000e-06	7.063908e-06	1.570621e-09	3.797380e+01	1.863802e+02
3.490000e-06	7.073043e-06	1.573123e-09	3.802290e+01	1.865568e+02
3.500000e-06	7.081564e-06	1.575981e-09	3.806871e+01	1.867238e+02
3.510000e-06	7.089677e-06	1.579988e-09	3.811232e+01	1.868812e+02
3.520000e-06	7.097401e-06	1.583931e-09	3.815385e+01	1.870291e+02
3.530000e-06	7.104657e-06	1.586563e-09	3.819285e+01	1.871676e+02
3.540000e-06	7.111444e-06	1.588756e-09	3.822934e+01	1.872968e+02
3.550000e-06	7.117754e-06	1.591463e-09	3.826326e+01	1.874169e+02
3.560000e-06	7.123577e-06	1.594531e-09	3.829456e+01	1.875277e+02
3.570000e-06	7.128878e-06	1.597412e-09	3.832306e+01	1.876295e+02
3.580000e-06	7.133531e-06	1.599124e-09	3.834807e+01	1.877223e+02
3.590000e-06	7.137656e-06	1.600542e-09	3.837025e+01	1.878062e+02
3.600000e-06	7.141552e-06	1.603001e-09	3.839119e+01	1.878814e+02
3.610000e-06	7.145265e-06	1.605196e-09	3.841115e+01	1.879478e+02
3.620000e-06	7.148505e-06	1.604940e-09	3.842857e+01	1.880055e+02
3.630000e-06	7.151184e-06	1.603850e-09	3.844297e+01	1.880548e+02
3.640000e-06	7.153124e-06	1.604483e-09	3.845340e+01	1.880957e+02
3.650000e-06	7.154074e-06	1.605410e-09	3.845850e+01	1.881282e+02
3.660000e-06	7.154352e-06	1.607071e-09	3.846000e+01	1.881525e+02
3.670000e-06	7.154310e-06	1.610097e-09	3.845977e+01	1.881688e+02
3.680000e-06	7.154007e-06	1.611992e-09	3.845814e+01	1.881772e+02
3.690000e-06	7.153302e-06	1.612158e-09	3.845436e+01	1.881778e+02
3.700000e-06	7.152024e-06	1.613116e-09	3.844748e+01	1.881708e+02
3.710000e-06	7.150236e-06	1.614633e-09	3.843787e+01	1.881563e+02
3.720000e-06	7.148049e-06	1.614946e-09	3.842612e+01	1.881345e+02
3.730000e-06	7.145395e-06	1.614855e-09	3.841185e+01	1.881056e+02
3.740000e-06	7.142252e-06	1.610526e-09	3.839495e+01	1.880698e+02
3.750000e-06	7.138612e-06	1.597778e-09	3.837539e+01	1.880273e+02
3.760000e-06	7.134504e-06	1.615693e-09	3.835330e+01	1.879783e+02
3.770000e-06	7.129630e-06	1.682482e-09	3.832710e+01	1.879231e+02
3.780000e-06	7.123711e-06	1.662709e-09	3.829528e+01	1.878617e+02
3.790000e-06	7.117242e-06	1.541378e-09	3.826051e+01	1.877946e+02
3.800000e-06	7.110757e-06	1.541678e-09	3.822564e+01	1.877219e+02
3.810000e-06	7.103886e-06	1.680370e-09	3.818871e+01	1.876438e+02
3.820000e-06	7.096122e-06	1.687885e-09	3.814697e+01	1.875605e+02
3.830000e-06	7.087882e-06	1.529420e-09	3.810267e+01	1.874724e+02
3.840000e-06	7.079628e-06	1.532440e-09	3.805830e+01	1.873796e+02
3.850000e-06	7.071007e-06	1.731292e-09	3.801196e+01	1.872823e+02
3.860000e-06	7.061522e-06	1.719896e-09	3.796097e+01	1.871808e+02
3.870000e-06	7.051481e-06	1.481855e-09	3.790699e+01	1.870752e+02
3.880000e-06	7.041317e-06	1.487685e-09	3.785236e+01	1.869656e+02
3.890000e-06	7.030796e-06	1.734864e-09	3.779579e+01	1.868523e+02
3.900000e-06	7.019515e-06	1.716171e-09	3.773515e+01	1.867353e+02
3.910000e-06	7.007573e-06	1.489577e-09	3.767095e+01	1.866147e+02
3.920000e-06	6.995209e-06	1.552458e-09	3.760449e+01	1.864907e+02
3.930000e-06	6.982349e-06	1.749440e-09	3.753535e+01	1.863631e+02
3.940000e-06	6.968475e-06	1.629744e-09	3.746077e+01	1.862322e+02
3.950000e-06	6.953725e-06	1.466576e-09	3.738148e+01	1.860977e+02
3.960000e-06	6.938562e-06	1.627225e-09	3.729997e+01	1.859597e+02
3.970000e-06	6.922881e-06	1.733713e-09	3.721567e+01	1.858181e+02
3.980000e-06	6.906815e-06	1.557730e-09	3.712930e+01	1.856726e+02
3.990000e-06	6.890385e-06	1.533560e-09	3.704098e+01	1.855233e+02
4.000000e-06	6.873345e-06	1.702695e-09	3.694938e+01	1.853698e+02
4.010000e-06	6.855702e-06	1.632473e-09	3.685453e+01	1.852119e+02
4.020000e-06	6.837643e-06	1.486190e-09	3.675745e+01	1.850494e+02
4.030000e-06	6.819177e-06	1.625720e-09	3.665818e+01	1.848821e+02
4.040000e-06	6.800177e-06	1.720975e-09	3.655605e+01	1.847096e+02
4.050000e-06	6.780709e-06	1.555535e-09	3.645139e+01	1.845316e+02
4.060000e-06	6.760886e-06	1.538341e-09	3.634483e+01	1.843478e+02
4.070000e-06	6.740648e-06	1.686770e-09	3.623603e+01	1.841578e+02
4.080000e-06	6.720051e-06	1.621682e-09	3.612531e+01	1.839614e+02
4.090000e-06	6.698964e-06	1.514751e-09	3.601195e+01	1.837583e+02
4.100000e-06	6.677126e-06	1.624325e-09	3.589455e+01	1.835480e+02
4.110000e-06	6.654496e-06	1.662078e-09	3.577290e+01	1.833303e+02
4.120000e-06	6.631224e-06	1.554743e-09	3.564779e+01	1.831050e+02
4.130000e-06	6.607494e-06	1.585266e-09	3.552023e+01	1.828717e+02
4.140000e-06	6.583476e-06	1.649312e-09	3.539112e+01	1.826303e+02
4.150000e-06	6.559079e-06	1.568580e-09	3.525996e+01	1.823804e+02
4.160000e-06	6.534127e-06	1.556302e-09	3.512583e+01	1.821221e+02
4.170000e-06	6.508713e-06	1.637677e-09	3.498920e+01	1.818550e+02
4.180000e-06	6.482995e-06	1.604191e-09	3.485095e+01	1.815793e+02
4.190000e-06	6.456855e-06	1.556884e-09	3.471043e+01	1.812947e+02
4.200000e-06	6.430119e-06	1.605957e-09	3.456671e+01	1.810013e+02
4.210000e-06	6.402921e-06	1.600273e-09	3.442050e+01	1.806991e+02
4.220000e-06	6.375283e-06	1.553769e-09	3.427192e+01	1.803882e+02
4.230000e-06	6.347294e-06	1.582454e-09	3.412146e+01	1.800686e+02
4.240000e-06	6.319078e-06	1.596530e-09	3.396978e+01	1.797406e+02
4.250000e-06	6.290523e-06	1.563426e-09	3.381627e+01	1.794043e+02
4.260000e-06	6.261417e-06	1.574050e-09	3.365981e+01	1.790597e+02
4.270000e-06	6.231575e-06	1.587850e-09	3.349938e+01	1.787073e+02
4.280000e-06	6.201071e-06	1.560545e-09	3.333540e+01	1.783470e+02
4.290000e-06	6.169969e-06	1.557189e-09	3.316821e+01	1.779793e+02
4.300000e-06	6.138335e-06	1.570447e-09	3.299815e+01	1.776042e+02
4.310000e-06	6.106309e-06	1.561783e-09	3.282598e+01	1.772219e+02
4.320000e-06	6.073874e-06	1.559512e-09	3.265162e+01	1.768327e+02
4.330000e-06	6.040987e-06	1.562066e-09	3.247483e+01	1.764367e+02
4.340000e-06	6.007793e-06	1.550104e-09	3.229639e+01	1.760341e+02
4.350000e-06	5.974255e-06	1.546763e-09	3.211610e+01	1.756248e+02
4.360000e-06	5.940264e-06	1.550744e-09	3.193337e+01	1.752091e+02
4.370000e-06	5.905835e-06	1.545740e-09	3.174829e+01	1.747869e+02
4.380000e-06	5.871038e-06	1.543531e-09	3.156123e+01	1.743582e+02
4.390000e-06	5.835713e-06	1.543076e-09	3.137133e+01	1.739229e+02
4.400000e-06	5.799924e-06	1.535452e-09	3.117893e+01	1.734809e+02
4.410000e-06	5.764045e-06	1.532528e-09	3.098606e+01	1.730320e+02
4.420000e-06	5.728037e-06	1.532233e-09	3.079249e+01	1.725760e+02
4.430000e-06	5.691704e-06	1.523470e-09	3.059717e+01	1.721127e+02
4.440000e-06	5.654965e-06	1.518066e-09	3.039967e+01	1.716418e+02
4.450000e-06	5.617616e-06	1.520851e-09	3.019889e+01	1.711629e+02
4.460000e-06	5.579530e-06	1.518853e-09	2.999415e+01	1.706756e+02
4.470000e-06	5.540807e-06	1.511955e-09	2.978599e+01	1.701796e+02
4.480000e-06	5.501480e-06	1.506583e-09	2.957457e+01	1.696745e+02
4.490000e-06	5.461742e-06	1.502262e-09	2.936095e+01	1.691599e+02
4.500000e-06	5.421687e-06	1.498691e-09	2.914563e+01	1.686353e+02
4.510000e-06	5.381305e-06	1.496495e-09	2.892854e+01	1.681004e+02
4.520000e-06	5.340680e-06	1.493861e-09	2.871015e+01	1.675548e+02
4.530000e-06	5.299753e-06	1.488854e-09	2.849014e+01	1.669981e+02
4.540000e-06	5.258404e-06	1.483620e-09	2.826786e+01	1.664300e+02
4.550000e-06	5.216689e-06	1.480058e-09	2.804361e+01	1.658503e+02
4.560000e-06	5.174672e-06	1.476766e-09	2.781773e+01	1.652587e+02
4.570000e-06	5.132271e-06	1.470695e-09	2.758980e+01	1.646550e+02
4.580000e-06	5.089481e-06	1.463314e-09	2.735977e+01	1.640392e+02
4.590000e-06	5.046370e-06	1.457830e-09	2.712802e+01	1.634112e+02
4.600000e-06	5.002870e-06	1.453371e-09	2.689417e+01	1.627709e+02
4.610000e-06	4.959003e-06	1.447291e-09	2.665835e+01	1.621184e+02
4.620000e-06	4.914954e-06	1.441304e-09	2.642156e+01	1.614540e+02
4.630000e-06	4.870687e-06	1.438498e-09	2.618359e+01	1.607777e+02
4.640000e-06	4.826106e-06	1.435850e-09	2.594394e+01	1.600899e+02
4.650000e-06	4.781259e-06	1.429704e-09	2.570285e+01	1.593908e+02
4.660000e-06	4.736060e-06	1.421918e-09	2.545987e+01	1.586807e+02
4.670000e-06	4.690511e-06	1.413834e-09	2.521501e+01	1.579600e+02
4.680000e-06	4.644617e-06	1.405796e-09	2.496830e+01	1.572291e+02
4.690000e-06	4.598308e-06	1.399160e-09	2.471935e+01	1.564884e+02
4.700000e-06	4.551701e-06	1.393998e-09	2.446880e+01	1.557383e+02
4.710000e-06	4.504898e-06	1.389831e-09	2.421720e+01	1.549792e+02
4.720000e-06	4.457843e-06	1.384667e-09	2.396424e+01	1.542114e+02
4.730000e-06	4.410430e-06	1.377125e-09	2.370936e+01	1.534353e+02
4.740000e-06	4.362575e-06	1.368563e-09	2.345211e+01	1.526512e+02
4.750000e-06	4.314348e-06	1.361857e-09	2.319285e+01	1.518593e+02
4.760000e-06	4.265644e-06	1.355881e-09	2.293103e+01	1.510597e+02
4.770000e-06	4.216440e-06	1.348074e-09	2.266652e+01	1.502525e+02
4.780000e-06	4.166937e-06	1.341679e-09	2.240041e+01	1.494378e+02
4.790000e-06	4.117063e-06	1.336777e-09	2.213230e+01	1.486154e+02
4.800000e-06	4.066847e-06	1.329915e-09	2.186235e+01	1.477852e+02
4.810000e-06	4.016430e-06	1.322106e-09	2.159132e+01	1.469470e+02
4.820000e-06	3.965841e-06	1.314852e-09	2.131936e+01	1.461003e+02
4.830000e-06	3.914973e-06	1.308098e-09	2.104591e+01	1.452447e+02
4.840000e-06	3.863770e-06	1.301710e-09	2.077066e+01	1.443798e+02
4.850000e-06	3.812284e-06	1.295544e-09	2.049388e+01	1.435049e+02
4.860000e-06	3.760517e-06	1.288059e-09	2.021559e+01	1.426193e+02
4.870000e-06	3.708507e-06	1.279228e-09	1.993600e+01	1.417224e+02
4.880000e-06	3.656342e-06	1.270596e-09	1.965558e+01	1.408132e+02
4.890000e-06	3.603877e-06	1.263496e-09	1.937354e+01	1.398912e+02
4.900000e-06	3.551042e-06	1.257010e-09	1.908951e+01	1.389553e+02
4.910000e-06	3.497804e-06	1.249282e-09	1.880332e+01	1.380048e+02
4.920000e-06	3.444074e-06	1.241084e-09	1.851448e+01	1.370388e+02
4.930000e-06	3.389925e-06	1.232530e-09	1.822338e+01	1.360567e+02
4.940000e-06	3.335397e-06	1.223014e-09	1.793025e+01	1.350576e+02
4.950000e-06	3.280569e-06	1.213523e-09	1.763551e+01	1.340408e+02
4.960000e-06	3.225535e-06	1.204568e-09	1.733967e+01	1.330057e+02
4.970000e-06	3.170174e-06	1.195167e-09	1.704206e+01	1.319518e+02
4.980000e-06	3.114468e-06	1.186011e-09	1.674260e+01	1.308787e+02
4.990000e-06	3.058588e-06	1.177636e-09	1.644220e+01	1.297860e+02
5.000000e-06	3.002541e-06	1.168531e-09	1.614091e+01	1.286735e+02
5.010000e-06	2.946388e-06	1.157732e-09	1.583904e+01	1.275411e+02
5.020000e-06	2.890088e-06	1.145632e-09	1.553639e+01	1.263887e+02
5.030000e-06	2.833577e-06	1.133981e-09	1.523260e+01	1.252164e+02
5.040000e-06	2.776893e-06	1.124197e-09	1.492788e+01	1.240246e+02
5.050000e-06	2.720070e-06	1.115619e-09	1.462241e+01	1.228134e+02
5.060000e-06	2.663039e-06	1.106988e-09	1.431583e+01	1.215833e+02
5.070000e-06	2.605806e-06	1.096531e-09	1.400816e+01	1.203348e+02
5.080000e-06	2.548419e-06	1.084234e-09	1.369966e+01	1.190683e+02
5.090000e-06	2.490839e-06	1.071697e-09	1.339013e+01	1.177845e+02
5.100000e-06	2.433065e-06	1.059238e-09	1.307954e+01	1.164840e+02
5.110000e-06	2.375064e-06	1.047051e-09	1.276775e+01	1.151673e+02
5.120000e-06	2.316856e-06	1.035386e-09	1.245484e+01	1.138350e+02
5.130000e-06	2.258449e-06	1.023626e-09	1.214085e+01	1.124876e+02
5.140000e-06	2.199870e-06	1.012692e-09	1.182595e+01	1.111257e+02
5.150000e-06	2.141109e-06	1.001663e-09	1.151006e+01	1.097496e+02
5.160000e-06	2.082200e-06	9.889043e-10	1.119338e+01	1.083594e+02
5.170000e-06	2.023143e-06	9.743225e-10	1.087591e+01	1.069555e+02
5.180000e-06	1.964021e-06	9.598039e-10	1.055808e+01	1.055376e+02
5.190000e-06	1.904816e-06	9.470639e-10	1.023981e+01	1.041057e+02
5.200000e-06	1.845423e-06	9.343484e-10	9.920533e+00	1.026593e+02
5.210000e-06	1.785925e-06	9.209997e-10	9.600683e+00	1.011979e+02
5.220000e-06	1.726307e-06	9.074284e-10	9.280193e+00	9.972056e+01
5.230000e-06	1.666690e-06	8.935168e-10	8.959708e+00	9.822640e+01
5.240000e-06	1.607030e-06	8.784928e-10	8.638988e+00	9.671418e+01
5.250000e-06	1.547234e-06	8.626980e-10	8.317544e+00	9.518248e+01
5.260000e-06	1.487356e-06	8.478698e-10	7.995654e+00	9.362970e+01
5.270000e-06	1.427392e-06	8.340155e-10	7.673299e+00	9.205402e+01
5.280000e-06	1.367337e-06	8.189977e-10	7.350463e+00	9.045347e+01
5.290000e-06	1.307219e-06	8.032051e-10	7.027281e+00	8.882593e+01
5.300000e-06	1.247088e-06	7.867920e-10	6.704032e+00	8.716915e+01
5.310000e-06	1.186880e-06	7.695931e-10	6.380369e+00	8.548078e+01
5.320000e-06	1.126558e-06	7.529005e-10	6.056093e+00	8.375840e+01
5.330000e-06	1.066226e-06	7.372631e-10	5.731765e+00	8.199954e+01
5.340000e-06	1.005856e-06	7.232856e-10	5.407231e+00	8.020173e+01
5.350000e-06	9.453135e-07	7.089367e-10	5.081768e+00	7.836254e+01
5.360000e-06	8.847453e-07	6.913017e-10	4.756168e+00	7.647962e+01
5.370000e-06	8.242209e-07	6.723120e-10	4.430805e+00	7.455068e+01
5.380000e-06	7.636531e-07	6.537459e-10	4.105207e+00	7.257362e+01
5.390000e-06	7.030148e-07	6.353825e-10	3.779231e+00	7.054651e+01
5.400000e-06	6.422856e-07	6.162827e-10	3.452766e+00	6.846760e+01
5.410000e-06	5.814399e-07	5.966187e-10	3.125675e+00	6.633543e+01
5.420000e-06	5.205508e-07	5.773132e-10	2.798350e+00	6.414878e+01
5.430000e-06	4.597597e-07	5.574055e-10	2.471553e+00	6.190676e+01
5.440000e-06	3.988812e-07	5.373292e-10	2.144285e+00	5.960880e+01
5.450000e-06	3.378685e-07	5.157254e-10	1.816296e+00	5.725466e+01
5.460000e-06	2.768225e-07	4.923828e-10	1.488128e+00	5.484448e+01
5.470000e-06	2.158146e-07	4.697192e-10	1.160165e+00	5.237876e+01
5.480000e-06	1.549996e-07	4.481001e-10	8.332391e-01	4.985837e+01
5.490000e-06	9.424883e-08	4.263631e-10	5.066581e-01	4.728457e+01
5.500000e-06	3.324910e-08	4.034326e-10	1.787388e-01	4.465900e+01
5.510000e-06	-2.791707e-08	3.784194e-10	-1.500751e-01	4.198363e+01
5.520000e-06	-8.897242e-08	3.530966e-10	-4.782934e-01	3.926083e+01
5.530000e-06	-1.500913e-07	3.293072e-10	-8.068531e-01	3.649324e+01
5.540000e-06	-2.112264e-07	3.054838e-10	-1.135500e+00	3.368387e+01
5.550000e-06	-2.723021e-07	2.814222e-10	-1.463828e+00	3.083598e+01
5.560000e-06	-3.334742e-07	2.570081e-10	-1.792674e+00	2.795308e+01
5.570000e-06	-3.945749e-07	2.316609e-10	-2.121136e+00	2.503891e+01
5.580000e-06	-4.556023e-07	2.057309e-10	-2.449204e+00	2.209740e+01
5.590000e-06	-5.165158e-07	1.786079e-10	-2.776659e+00	1.913262e+01
5.600000e-06	-5.773106e-07	1.518341e-10	-3.103477e+00	1.614874e+01
5.610000e-06	-6.381264e-07	1.259759e-10	-3.430407e+00	1.315003e+01
5.620000e-06	-6.988372e-07	1.002220e-10	-3.756774e+00	1.014076e+01
5.630000e-06	-7.594337e-07	7.547117e-11	-4.082525e+00	7.125209e+00
5.640000e-06	-8.199658e-07	4.995645e-11	-4.407930e+00	4.107602e+00
5.650000e-06	-8.803954e-07	2.243148e-11	-4.732784e+00	1.092087e+00
5.660000e-06	-9.407955e-07	-5.426473e-12	-5.057480e+00	-1.917307e+00
5.670000e-06	-1.001140e-06	-3.165989e-11	-5.381879e+00	-4.916698e+00
5.680000e-06	-1.061431e-06	-5.599262e-11	-5.705989e+00	-7.902383e+00
5.690000e-06	-1.121746e-06	-8.023390e-11	-6.030224e+00	-1.087086e+01
5.700000e-06	-1.181933e-06	-1.057525e-10	-6.353774e+00	-1.381886e+01
5.710000e-06	-1.242056e-06	-1.317305e-10	-6.676979e+00	-1.674335e+01
5.720000e-06	-1.302238e-06	-1.568394e-10	-7.000503e+00	-1.964156e+01
5.730000e-06	-1.362327e-06	-1.814127e-10	-7.323528e+00	-2.251099e+01
5.740000e-06	-1.422325e-06	-2.057088e-10	-7.646063e+00	-2.534943e+01
5.750000e-06	-1.482236e-06	-2.300686e-10	-7.968130e+00	-2.815492e+01
5.760000e-06	-1.542024e-06	-2.554580e-10	-8.289534e+00	-3.092582e+01
5.770000e-06	-1.601787e-06	-2.804356e-10	-8.610805e+00	-3.366074e+01
5.780000e-06	-1.661501e-06	-3.047001e-10	-8.931811e+00	-3.635858e+01
5.790000e-06	-1.721101e-06	-3.294804e-10	-9.252210e+00	-3.901847e+01
5.800000e-06	-1.780615e-06	-3.547425e-10	-9.572142e+00	-4.163982e+01
5.810000e-06	-1.840010e-06	-3.790578e-10	-9.891431e+00	-4.422226e+01
5.820000e-06	-1.899227e-06	-4.014637e-10	-1.020977e+01	-4.676563e+01
5.830000e-06	-1.958281e-06	-4.242864e-10	-1.052723e+01	-4.926997e+01
5.840000e-06	-2.017188e-06	-4.490575e-10	-1.084390e+01	-5.173549e+01
5.850000e-06	-2.075958e-06	-4.734643e-10	-1.115983e+01	-5.416257e+01
5.860000e-06	-2.134584e-06	-4.949925e-10	-1.147499e+01	-5.655172e+01
5.870000e-06	-2.193038e-06	-5.153533e-10	-1.178922e+01	-5.890355e+01
5.880000e-06	-2.251381e-06	-5.367233e-10	-1.210286e+01	-6.121878e+01
5.890000e-06	-2.309558e-06	-5.583684e-10	-1.241560e+01	-6.349820e+01
5.900000e-06	-2.367608e-06	-5.799548e-10	-1.272767e+01	-6.574265e+01
5.910000e-06	-2.425517e-06	-6.011834e-10	-1.303897e+01	-6.795301e+01
5.920000e-06	-2.483078e-06	-6.211055e-10	-1.334840e+01	-7.013017e+01
5.930000e-06	-2.540353e-06	-6.413365e-10	-1.365630e+01	-7.227504e+01
5.940000e-06	-2.597517e-06	-6.627673e-10	-1.396360e+01	-7.438850e+01
5.950000e-06	-2.654554e-06	-6.837764e-10	-1.427022e+01	-7.647142e+01
5.960000e-06	-2.711320e-06	-7.032201e-10	-1.457538e+01	-7.852466e+01
5.970000e-06	-2.767847e-06	-7.212296e-10	-1.487925e+01	-8.054900e+01
5.980000e-06	-2.824281e-06	-7.386347e-10	-1.518262e+01	-8.254520e+01
5.990000e-06	-2.880638e-06	-7.567830e-10	-1.548559e+01	-8.451398e+01
6.000000e-06	-2.936870e-06	-7.755455e-10	-1.578787e+01	-8.645598e+01
6.010000e-06	-2.992957e-06	-7.928963e-10	-1.608939e+01	-8.837181e+01
6.020000e-06	-3.048871e-06	-8.088044e-10	-1.638996e+01	-9.026201e+01
6.030000e-06	-3.104572e-06	-8.255798e-10	-1.668940e+01	-9.212708e+01
6.040000e-06	-3.160172e-06	-8.441106e-10	-1.698829e+01	-9.396746e+01
6.050000e-06	-3.215599e-06	-8.619808e-10	-1.728625e+01	-9.578353e+01
6.060000e-06	-3.270685e-06	-8.786165e-10	-1.758238e+01	-9.757566e+01
6.070000e-06	-3.325279e-06	-8.944180e-10	-1.787586e+01	-9.934413e+01
6.080000e-06	-3.379442e-06	-9.099804e-10	-1.816703e+01	-1.010892e+02
6.090000e-06	-3.433320e-06	-9.269429e-10	-1.845667e+01	-1.028112e+02
6.100000e-06	-3.486787e-06	-9.447721e-10	-1.874409e+01	-1.045102e+02
6.110000e-06	-3.539783e-06	-9.606841e-10	-1.902898e+01	-1.061864e+02
6.120000e-06	-3.592391e-06	-9.748733e-10	-1.931179e+01	-1.078401e+02
6.130000e-06	-3.644730e-06	-9.896060e-10	-1.959315e+01	-1.094713e+02
6.140000e-06	-3.696921e-06	-1.004707e-09	-1.987372e+01	-1.110801e+02
6.150000e-06	-3.748917e-06	-1.019692e-09	-2.015324e+01	-1.126666e+02
6.160000e-06	-3.800484e-06	-1.034293e-09	-2.043045e+01	-1.142311e+02
6.170000e-06	-3.851785e-06	-1.048884e-09	-2.070623e+01	-1.157734e+02
6.180000e-06	-3.902938e-06	-1.063446e-09	-2.098122e+01	-1.172938e+02
6.190000e-06	-3.953783e-06	-1.077159e-09	-2.125454e+01	-1.187922e+02
6.200000e-06	-4.004260e-06	-1.090480e-09	-2.152590e+01	-1.202688e+02
6.210000e-06	-4.054488e-06	-1.103403e-09	-2.179591e+01	-1.217235e+02
6.220000e-06	-4.104205e-06	-1.115514e-09	-2.206318e+01	-1.231565e+02
6.230000e-06	-4.153450e-06	-1.127785e-09	-2.232791e+01	-1.245677e+02
6.240000e-06	-4.202486e-06	-1.140863e-09	-2.259151e+01	-1.259572e+02
6.250000e-06	-4.251026e-06	-1.154173e-09	-2.285245e+01	-1.273249e+02
6.260000e-06	-4.299118e-06	-1.166725e-09	-2.311098e+01	-1.286710e+02
6.270000e-06	-4.346941e-06	-1.177936e-09	-2.336806e+01	-1.299953e+02
6.280000e-06	-4.394370e-06	-1.189093e-09	-2.362303e+01	-1.312979e+02
6.290000e-06	-4.441313e-06	-1.201967e-09	-2.387538e+01	-1.325788e+02
6.300000e-06	-4.487994e-06	-1.214926e-09	-2.412633e+01	-1.338379e+02
6.310000e-06	-4.534522e-06	-1.226360e-09	-2.437645e+01	-1.350752e+02
6.320000e-06	-4.580742e-06	-1.236890e-09	-2.462492e+01	-1.362906e+02
6.330000e-06	-4.626703e-06	-1.247899e-09	-2.487199e+01	-1.374842e+02
6.340000e-06	-4.672308e-06	-1.259546e-09	-2.511716e+01	-1.386560e+02
6.350000e-06	-4.717494e-06	-1.270544e-09	-2.536006e+01	-1.398058e+02
6.360000e-06	-4.762317e-06	-1.280133e-09	-2.560102e+01	-1.409337e+02
6.370000e-06	-4.806810e-06	-1.288391e-09	-2.584021e+01	-1.420397e+02
6.380000e-06	-4.851123e-06	-1.297344e-09	-2.607842e+01	-1.431239e+02
6.390000e-06	-4.895281e-06	-1.307787e-09	-2.631580e+01	-1.441862e+02
6.400000e-06	-4.939132e-06	-1.317649e-09	-2.655154e+01	-1.452267e+02
6.410000e-06	-4.982652e-06	-1.326040e-09	-2.678549e+01	-1.462456e+02
6.420000e-06	-5.025918e-06	-1.335217e-09	-2.701807e+01	-1.472430e+02
6.430000e-06	-5.068820e-06	-1.344768e-09	-2.724870e+01	-1.482190e+02
6.440000e-06	-5.111402e-06	-1.353086e-09	-2.747761e+01	-1.491738e+02
6.450000e-06	-5.153767e-06	-1.360617e-09	-2.770536e+01	-1.501078e+02
6.460000e-06	-5.195759e-06	-1.367691e-09	-2.793109e+01	-1.510211e+02
6.470000e-06	-5.237325e-06	-1.375683e-09	-2.815455e+01	-1.519142e+02
6.480000e-06	-5.278525e-06	-1.384428e-09	-2.837602e+01	-1.527873e+02
6.490000e-06	-5.319269e-06	-1.392692e-09	-2.859505e+01	-1.536410e+02
6.500000e-06	-5.359690e-06	-1.400005e-09	-2.881235e+01	-1.544757e+02
6.510000e-06	-5.399893e-06	-1.406916e-09	-2.902847e+01	-1.552919e+02
6.520000e-06	-5.439863e-06	-1.414567e-09	-2.924334e+01	-1.560902e+02
6.530000e-06	-5.479487e-06	-1.421665e-09	-2.945635e+01	-1.568711e+02
6.540000e-06	-5.518611e-06	-1.427522e-09	-2.966667e+01	-1.576352e+02
6.550000e-06	-5.557223e-06	-1.433298e-09	-2.987424e+01	-1.583831e+02
6.560000e-06	-5.595340e-06	-1.438738e-09	-3.007914e+01	-1.591156e+02
6.570000e-06	-5.632932e-06	-1.444323e-09	-3.028123e+01	-1.598333e+02
6.580000e-06	-5.669827e-06	-1.451115e-09	-3.047957e+01	-1.605369e+02
6.590000e-06	-5.706187e-06	-1.457092e-09	-3.067503e+01	-1.612270e+02
6.600000e-06	-5.742268e-06	-1.461844e-09	-3.086899e+01	-1.619044e+02
6.610000e-06	-5.778118e-06	-1.466334e-09	-3.106171e+01	-1.625697e+02
6.620000e-06	-5.813698e-06	-1.470679e-09	-3.125298e+01	-1.632236e+02
6.630000e-06	-5.848906e-06	-1.475494e-09	-3.144225e+01	-1.638667e+02
6.640000e-06	-5.883643e-06	-1.479225e-09	-3.162899e+01	-1.644996e+02
6.650000e-06	-5.917945e-06	-1.482505e-09	-3.181339e+01	-1.651230e+02
6.660000e-06	-5.951734e-06	-1.487299e-09	-3.199503e+01	-1.657373e+02
6.670000e-06	-5.985170e-06	-1.493236e-09	-3.217477e+01	-1.663430e+02
6.680000e-06	-6.018246e-06	-1.498583e-09	-3.235258e+01	-1.669406e+02
6.690000e-06	-6.050785e-06	-1.501456e-09	-3.252750e+01	-1.675306e+02
6.700000e-06	-6.082993e-06	-1.503626e-09	-3.270065e+01	-1.681132e+02
6.710000e-06	-6.114934e-06	-1.507151e-09	-3.287235e+01	-1.686888e+02
6.720000e-06	-6.146567e-06	-1.512167e-09	-3.304240e+01	-1.692576e+02
6.730000e-06	-6.177715e-06	-1.518264e-09	-3.320984e+01	-1.698199e+02
6.740000e-06	-6.208336e-06	-1.522430e-09	-3.337445e+01	-1.703757e+02
6.750000e-06	-6.238254e-06	-1.524910e-09	-3.353529e+01	-1.709253e+02
6.760000e-06	-6.267397e-06	-1.527782e-09	-3.369195e+01	-1.714685e+02
6.770000e-06	-6.296037e-06	-1.530529e-09	-3.384591e+01	-1.720054e+02
6.780000e-06	-6.324312e-06	-1.533478e-09	-3.399792e+01	-1.725361e+02
6.790000e-06	-6.352303e-06	-1.536851e-09	-3.414839e+01	-1.730603e+02
6.800000e-06	-6.379996e-06	-1.539229e-09	-3.429726e+01	-1.735780e+02
6.810000e-06	-6.407251e-06	-1.542009e-09	-3.444377e+01	-1.740890e+02
6.820000e-06	-6.433972e-06	-1.545866e-09	-3.458742e+01	-1.745932e+02
6.830000e-06	-6.460183e-06	-1.549629e-09	-3.472832e+01	-1.750904e+02
6.840000e-06	-6.485877e-06	-1.554105e-09	-3.486645e+01	-1.755802e+02
6.850000e-06	-6.511067e-06	-1.557677e-09	-3.500186e+01	-1.760625e+02
6.860000e-06	-6.535958e-06	-1.560613e-09	-3.513567e+01	-1.765371e+02
6.870000e-06	-6.560532e-06	-1.564426e-09	-3.526777e+01	-1.770037e+02
6.880000e-06	-6.584765e-06	-1.568473e-09	-3.539804e+01	-1.774620e+02
6.890000e-06	-6.608673e-06	-1.572366e-09	-3.552657e+01	-1.779118e+02
6.900000e-06	-6.632154e-06	-1.574836e-09	-3.565279e+01	-1.783529e+02
6.910000e-06	-6.654948e-06	-1.576459e-09	-3.577533e+01	-1.787850e+02
6.920000e-06	-6.676901e-06	-1.578322e-09	-3.589335e+01	-1.792079e+02
6.930000e-06	-6.698118e-06	-1.580432e-09	-3.600740e+01	-1.796214e+02
6.940000e-06	-6.718764e-06	-1.582498e-09	-3.611839e+01	-1.800253e+02
6.950000e-06	-6.739050e-06	-1.584063e-09	-3.622744e+01	-1.804194e+02
6.960000e-06	-6.759017e-06	-1.586692e-09	-3.633478e+01	-1.808036e+02
6.970000e-06	-6.778625e-06	-1.591079e-09	-3.644019e+01	-1.811777e+02
6.980000e-06	-6.797763e-06	-1.595120e-09	-3.654307e+01	-1.815417e+02
6.990000e-06	-6.816451e-06	-1.597554e-09	-3.664353e+01	-1.818954e+02
7.000000e-06	-6.834738e-06	-1.600023e-09	-3.674183e+01	-1.822388e+02
7.010000e-06	-6.852481e-06	-1.602337e-09	-3.683722e+01	-1.825718e+02
7.020000e-06	-6.869711e-06	-1.603765e-09	-3.692984e+01	-1.828943e+02
7.030000e-06	-6.886435e-06	-1.605064e-09	-3.701974e+01	-1.832064e+02
7.040000e-06	-6.902715e-06	-1.606791e-09	-3.710726e+01	-1.835080e+02
7.050000e-06	-6.918741e-06	-1.609621e-09	-3.719341e+01	-1.837992e+02
7.060000e-06	-6.934420e-06	-1.612270e-09	-3.727770e+01	-1.840800e+02
7.070000e-06	-6.949531e-06	-1.614493e-09	-3.735893e+01	-1.843504e+02
7.080000e-06	-6.963746e-06	-1.615974e-09	-3.743535e+01	-1.846104e+02
7.090000e-06	-6.977109e-06	-1.616204e-09	-3.750718e+01	-1.848602e+02
7.100000e-06	-6.989783e-06	-1.616135e-09	-3.757532e+01	-1.850997e+02
7.110000e-06	-7.001943e-06	-1.615977e-09	-3.764069e+01	-1.853291e+02
7.120000e-06	-7.013686e-06	-1.615630e-09	-3.770382e+01	-1.855484e+02
7.130000e-06	-7.024948e-06	-1.616143e-09	-3.776436e+01	-1.857578e+02
7.140000e-06	-7.035734e-06	-1.618214e-09	-3.782234e+01	-1.859572e+02
7.150000e-06	-7.045981e-06	-1.619726e-09	-3.787742e+01	-1.861467e+02
7.160000e-06	-7.055781e-06	-1.620662e-09	-3.793011e+01	-1.863266e+02
7.170000e-06	-7.065075e-06	-1.622341e-09	-3.798007e+01	-1.864967e+02
7.180000e-06	-7.073860e-06	-1.623325e-09	-3.802730e+01	-1.866573e+02
7.190000e-06	-7.082310e-06	-1.621910e-09	-3.807272e+01	-1.868083e+02
7.200000e-06	-7.090469e-06	-1.621227e-09	-3.811658e+01	-1.869500e+02
7.210000e-06	-7.098260e-06	-1.622252e-09	-3.815846e+01	-1.870823e+02
7.220000e-06	-7.105483e-06	-1.622092e-09	-3.819729e+01	-1.872054e+02
7.230000e-06	-7.111914e-06	-1.621681e-09	-3.823186e+01	-1.873192e+02
7.240000e-06	-7.117512e-06	-1.621056e-09	-3.826196e+01	-1.874240e+02
7.250000e-06	-7.122404e-06	-1.620132e-09	-3.828826e+01	-1.875198e+02
7.260000e-06	-7.126798e-06	-1.619710e-09	-3.831188e+01	-1.876067e+02
7.270000e-06	-7.130834e-06	-1.618916e-09	-3.833357e+01	-1.876847e+02
7.280000e-06	-7.134535e-06	-1.618513e-09	-3.835347e+01	-1.877540e+02
7.290000e-06	-7.137768e-06	-1.618871e-09	-3.837085e+01	-1.878147e+02
7.300000e-06	-7.140470e-06	-1.619287e-09	-3.838537e+01	-1.878667e+02
7.310000e-06	-7.142783e-06	-1.619203e-09	-3.839781e+01	-1.879104e+02
7.320000e-06	-7.144731e-06	-1.618304e-09	-3.840828e+01	-1.879456e+02
7.330000e-06	-7.146128e-06	-1.617929e-09	-3.841579e+01	-1.879727e+02
7.340000e-06	-7.146801e-06	-1.618160e-09	-3.841941e+01	-1.879917e+02
