# Temperatura_=_20.0
# Concentracion g/m^3_=_7400.0
# C_Vs_to_Am_M_A/Vsm_=_116720831517.84952
# pendiente_HvsI_1/m_=_3716.3
# ordenada_HvsI_A/m_=_1297.0
# frecuencia_Hz_=_136112.6450334428

Tiempo_(s)	Campo_(V.s)	Magnetizacion_(V.s)	Campo_(kA/m)	Magnetizacion_(A/m)
0.000000e+00	-7.129975e-06	-1.399031e-09	-3.842572e+01	-1.613787e+02
1.000000e-08	-7.130271e-06	-1.397195e-09	-3.842732e+01	-1.613576e+02
2.000000e-08	-7.130057e-06	-1.396314e-09	-3.842616e+01	-1.613273e+02
3.000000e-08	-7.129167e-06	-1.395520e-09	-3.842136e+01	-1.612881e+02
4.000000e-08	-7.127731e-06	-1.395108e-09	-3.841362e+01	-1.612405e+02
5.000000e-08	-7.125622e-06	-1.394540e-09	-3.840226e+01	-1.611850e+02
6.000000e-08	-7.122772e-06	-1.393689e-09	-3.838690e+01	-1.611220e+02
7.000000e-08	-7.119459e-06	-1.393299e-09	-3.836905e+01	-1.610522e+02
8.000000e-08	-7.115800e-06	-1.395824e-09	-3.834933e+01	-1.609760e+02
9.000000e-08	-7.111528e-06	-1.394995e-09	-3.832630e+01	-1.608941e+02
1.000000e-07	-7.106301e-06	-1.375507e-09	-3.829813e+01	-1.608071e+02
1.100000e-07	-7.100358e-06	-1.354036e-09	-3.826610e+01	-1.607157e+02
1.200000e-07	-7.094289e-06	-1.386828e-09	-3.823339e+01	-1.606204e+02
1.300000e-07	-7.088104e-06	-1.437200e-09	-3.820006e+01	-1.605220e+02
1.400000e-07	-7.081390e-06	-1.404899e-09	-3.816388e+01	-1.604210e+02
1.500000e-07	-7.074064e-06	-1.334187e-09	-3.812440e+01	-1.603181e+02
1.600000e-07	-7.066427e-06	-1.364561e-09	-3.808324e+01	-1.602138e+02
1.700000e-07	-7.058471e-06	-1.440687e-09	-3.804036e+01	-1.601087e+02
1.800000e-07	-7.049868e-06	-1.388320e-09	-3.799399e+01	-1.600031e+02
1.900000e-07	-7.040408e-06	-1.295052e-09	-3.794301e+01	-1.598976e+02
2.000000e-07	-7.030493e-06	-1.357171e-09	-3.788958e+01	-1.597925e+02
2.100000e-07	-7.020295e-06	-1.460389e-09	-3.783462e+01	-1.596881e+02
2.200000e-07	-7.009364e-06	-1.392391e-09	-3.777571e+01	-1.595846e+02
2.300000e-07	-6.997627e-06	-1.290412e-09	-3.771245e+01	-1.594821e+02
2.400000e-07	-6.985414e-06	-1.351616e-09	-3.764664e+01	-1.593807e+02
2.500000e-07	-6.972853e-06	-1.424153e-09	-3.757894e+01	-1.592804e+02
2.600000e-07	-6.959657e-06	-1.356571e-09	-3.750782e+01	-1.591811e+02
2.700000e-07	-6.945820e-06	-1.312063e-09	-3.743325e+01	-1.590826e+02
2.800000e-07	-6.931217e-06	-1.377549e-09	-3.735455e+01	-1.589846e+02
2.900000e-07	-6.915872e-06	-1.385302e-09	-3.727185e+01	-1.588869e+02
3.000000e-07	-6.899883e-06	-1.324542e-09	-3.718568e+01	-1.587891e+02
3.100000e-07	-6.883330e-06	-1.342336e-09	-3.709647e+01	-1.586906e+02
3.200000e-07	-6.866381e-06	-1.377010e-09	-3.700513e+01	-1.585912e+02
3.300000e-07	-6.849109e-06	-1.327781e-09	-3.691204e+01	-1.584901e+02
3.400000e-07	-6.831395e-06	-1.319094e-09	-3.681657e+01	-1.583869e+02
3.500000e-07	-6.813133e-06	-1.387959e-09	-3.671815e+01	-1.582810e+02
3.600000e-07	-6.794431e-06	-1.364631e-09	-3.661736e+01	-1.581717e+02
3.700000e-07	-6.775216e-06	-1.285973e-09	-3.651381e+01	-1.580585e+02
3.800000e-07	-6.755610e-06	-1.323215e-09	-3.640814e+01	-1.579408e+02
3.900000e-07	-6.735560e-06	-1.380018e-09	-3.630009e+01	-1.578180e+02
4.000000e-07	-6.714938e-06	-1.325428e-09	-3.618895e+01	-1.576896e+02
4.100000e-07	-6.693813e-06	-1.296466e-09	-3.607510e+01	-1.575549e+02
4.200000e-07	-6.672282e-06	-1.353409e-09	-3.595906e+01	-1.574136e+02
4.300000e-07	-6.650342e-06	-1.349903e-09	-3.584082e+01	-1.572652e+02
4.400000e-07	-6.627968e-06	-1.300871e-09	-3.572024e+01	-1.571093e+02
4.500000e-07	-6.605089e-06	-1.321113e-09	-3.559694e+01	-1.569456e+02
4.600000e-07	-6.581819e-06	-1.338624e-09	-3.547153e+01	-1.567737e+02
4.700000e-07	-6.558349e-06	-1.301367e-09	-3.534504e+01	-1.565936e+02
4.800000e-07	-6.534581e-06	-1.308577e-09	-3.521695e+01	-1.564049e+02
4.900000e-07	-6.510308e-06	-1.340113e-09	-3.508614e+01	-1.562077e+02
5.000000e-07	-6.485343e-06	-1.309072e-09	-3.495159e+01	-1.560018e+02
5.100000e-07	-6.459597e-06	-1.284398e-09	-3.481284e+01	-1.557874e+02
5.200000e-07	-6.433181e-06	-1.313488e-09	-3.467047e+01	-1.555644e+02
5.300000e-07	-6.406228e-06	-1.312901e-09	-3.452521e+01	-1.553329e+02
5.400000e-07	-6.378795e-06	-1.285427e-09	-3.437737e+01	-1.550931e+02
5.500000e-07	-6.350926e-06	-1.296958e-09	-3.422717e+01	-1.548451e+02
5.600000e-07	-6.322628e-06	-1.308761e-09	-3.407466e+01	-1.545893e+02
5.700000e-07	-6.293963e-06	-1.287661e-09	-3.392018e+01	-1.543256e+02
5.800000e-07	-6.264969e-06	-1.283842e-09	-3.376393e+01	-1.540545e+02
5.900000e-07	-6.235526e-06	-1.293949e-09	-3.360525e+01	-1.537760e+02
6.000000e-07	-6.205655e-06	-1.281081e-09	-3.344426e+01	-1.534904e+02
6.100000e-07	-6.175410e-06	-1.272531e-09	-3.328126e+01	-1.531980e+02
6.200000e-07	-6.144741e-06	-1.282618e-09	-3.311598e+01	-1.528988e+02
6.300000e-07	-6.113643e-06	-1.279335e-09	-3.294838e+01	-1.525930e+02
6.400000e-07	-6.082279e-06	-1.267559e-09	-3.277935e+01	-1.522808e+02
6.500000e-07	-6.050657e-06	-1.268233e-09	-3.260893e+01	-1.519622e+02
6.600000e-07	-6.018678e-06	-1.267510e-09	-3.243659e+01	-1.516372e+02
6.700000e-07	-5.986163e-06	-1.259934e-09	-3.226135e+01	-1.513059e+02
6.800000e-07	-5.953009e-06	-1.258490e-09	-3.208267e+01	-1.509682e+02
6.900000e-07	-5.919144e-06	-1.258221e-09	-3.190016e+01	-1.506240e+02
7.000000e-07	-5.884357e-06	-1.251240e-09	-3.171268e+01	-1.502732e+02
7.100000e-07	-5.849053e-06	-1.244786e-09	-3.152242e+01	-1.499155e+02
7.200000e-07	-5.813592e-06	-1.242282e-09	-3.133131e+01	-1.495509e+02
7.300000e-07	-5.777929e-06	-1.240600e-09	-3.113911e+01	-1.491791e+02
7.400000e-07	-5.741960e-06	-1.236912e-09	-3.094526e+01	-1.487998e+02
7.500000e-07	-5.705613e-06	-1.233096e-09	-3.074937e+01	-1.484127e+02
7.600000e-07	-5.668936e-06	-1.230221e-09	-3.055171e+01	-1.480175e+02
7.700000e-07	-5.631809e-06	-1.227878e-09	-3.035162e+01	-1.476139e+02
7.800000e-07	-5.594159e-06	-1.223126e-09	-3.014872e+01	-1.472016e+02
7.900000e-07	-5.556157e-06	-1.216870e-09	-2.994391e+01	-1.467803e+02
8.000000e-07	-5.517589e-06	-1.210875e-09	-2.973605e+01	-1.463497e+02
8.100000e-07	-5.478579e-06	-1.205715e-09	-2.952582e+01	-1.459095e+02
8.200000e-07	-5.439366e-06	-1.201924e-09	-2.931448e+01	-1.454596e+02
8.300000e-07	-5.399975e-06	-1.198523e-09	-2.910219e+01	-1.449996e+02
8.400000e-07	-5.360415e-06	-1.193980e-09	-2.888900e+01	-1.445294e+02
8.500000e-07	-5.320459e-06	-1.188028e-09	-2.867366e+01	-1.440489e+02
8.600000e-07	-5.279991e-06	-1.182554e-09	-2.845556e+01	-1.435580e+02
8.700000e-07	-5.239052e-06	-1.178071e-09	-2.823493e+01	-1.430567e+02
8.800000e-07	-5.197624e-06	-1.172976e-09	-2.801166e+01	-1.425449e+02
8.900000e-07	-5.155584e-06	-1.165626e-09	-2.778509e+01	-1.420227e+02
9.000000e-07	-5.113032e-06	-1.157932e-09	-2.755576e+01	-1.414903e+02
9.100000e-07	-5.070031e-06	-1.152238e-09	-2.732402e+01	-1.409478e+02
9.200000e-07	-5.026653e-06	-1.147399e-09	-2.709024e+01	-1.403954e+02
9.300000e-07	-4.983060e-06	-1.141629e-09	-2.685531e+01	-1.398333e+02
9.400000e-07	-4.939192e-06	-1.135564e-09	-2.661889e+01	-1.392619e+02
9.500000e-07	-4.894931e-06	-1.130086e-09	-2.638035e+01	-1.386813e+02
9.600000e-07	-4.850284e-06	-1.125227e-09	-2.613974e+01	-1.380919e+02
9.700000e-07	-4.805346e-06	-1.119484e-09	-2.589755e+01	-1.374942e+02
9.800000e-07	-4.760102e-06	-1.112967e-09	-2.565371e+01	-1.368883e+02
9.900000e-07	-4.714534e-06	-1.106537e-09	-2.540813e+01	-1.362746e+02
1.000000e-06	-4.668687e-06	-1.100604e-09	-2.516105e+01	-1.356535e+02
1.010000e-06	-4.622351e-06	-1.094962e-09	-2.491133e+01	-1.350253e+02
1.020000e-06	-4.575613e-06	-1.089553e-09	-2.465944e+01	-1.343902e+02
1.030000e-06	-4.528715e-06	-1.083557e-09	-2.440669e+01	-1.337485e+02
1.040000e-06	-4.481601e-06	-1.077070e-09	-2.415278e+01	-1.331004e+02
1.050000e-06	-4.434263e-06	-1.072144e-09	-2.389766e+01	-1.324461e+02
1.060000e-06	-4.386733e-06	-1.068229e-09	-2.364151e+01	-1.317856e+02
1.070000e-06	-4.338903e-06	-1.063639e-09	-2.338374e+01	-1.311189e+02
1.080000e-06	-4.290642e-06	-1.058374e-09	-2.312365e+01	-1.304462e+02
1.090000e-06	-4.241987e-06	-1.051511e-09	-2.286143e+01	-1.297672e+02
1.100000e-06	-4.192864e-06	-1.044157e-09	-2.259669e+01	-1.290819e+02
1.110000e-06	-4.143291e-06	-1.037809e-09	-2.232952e+01	-1.283900e+02
1.120000e-06	-4.093366e-06	-1.031810e-09	-2.206046e+01	-1.276912e+02
1.130000e-06	-4.042957e-06	-1.025554e-09	-2.178879e+01	-1.269851e+02
1.140000e-06	-3.992210e-06	-1.018656e-09	-2.151530e+01	-1.262714e+02
1.150000e-06	-3.941157e-06	-1.013235e-09	-2.124016e+01	-1.255496e+02
1.160000e-06	-3.889678e-06	-1.008408e-09	-2.096272e+01	-1.248192e+02
1.170000e-06	-3.837934e-06	-1.001684e-09	-2.068386e+01	-1.240796e+02
1.180000e-06	-3.785952e-06	-9.949721e-10	-2.040371e+01	-1.233302e+02
1.190000e-06	-3.733639e-06	-9.893214e-10	-2.012178e+01	-1.225704e+02
1.200000e-06	-3.680987e-06	-9.827335e-10	-1.983802e+01	-1.217995e+02
1.210000e-06	-3.627999e-06	-9.746005e-10	-1.955245e+01	-1.210170e+02
1.220000e-06	-3.574745e-06	-9.664762e-10	-1.926545e+01	-1.202221e+02
1.230000e-06	-3.521372e-06	-9.585316e-10	-1.897780e+01	-1.194142e+02
1.240000e-06	-3.467783e-06	-9.500249e-10	-1.868900e+01	-1.185927e+02
1.250000e-06	-3.413914e-06	-9.444322e-10	-1.839868e+01	-1.177569e+02
1.260000e-06	-3.359862e-06	-9.413954e-10	-1.810737e+01	-1.169064e+02
1.270000e-06	-3.305520e-06	-9.359259e-10	-1.781451e+01	-1.160406e+02
1.280000e-06	-3.250746e-06	-9.281880e-10	-1.751931e+01	-1.151590e+02
1.290000e-06	-3.195786e-06	-9.196653e-10	-1.722312e+01	-1.142613e+02
1.300000e-06	-3.140769e-06	-9.105669e-10	-1.692661e+01	-1.133469e+02
1.310000e-06	-3.085633e-06	-9.012638e-10	-1.662946e+01	-1.124158e+02
1.320000e-06	-3.030400e-06	-8.924637e-10	-1.633179e+01	-1.114676e+02
1.330000e-06	-2.974949e-06	-8.848452e-10	-1.603295e+01	-1.105022e+02
1.340000e-06	-2.919239e-06	-8.780262e-10	-1.573271e+01	-1.095195e+02
1.350000e-06	-2.863325e-06	-8.716600e-10	-1.543138e+01	-1.085194e+02
1.360000e-06	-2.807276e-06	-8.648271e-10	-1.512931e+01	-1.075021e+02
1.370000e-06	-2.751166e-06	-8.560797e-10	-1.482692e+01	-1.064677e+02
1.380000e-06	-2.694865e-06	-8.463632e-10	-1.452349e+01	-1.054162e+02
1.390000e-06	-2.638294e-06	-8.371586e-10	-1.421861e+01	-1.043479e+02
1.400000e-06	-2.581502e-06	-8.284944e-10	-1.391254e+01	-1.032630e+02
1.410000e-06	-2.524615e-06	-8.199959e-10	-1.360596e+01	-1.021617e+02
1.420000e-06	-2.467469e-06	-8.115733e-10	-1.329798e+01	-1.010445e+02
1.430000e-06	-2.409873e-06	-8.029777e-10	-1.298758e+01	-9.991149e+01
1.440000e-06	-2.351879e-06	-7.944113e-10	-1.267503e+01	-9.876305e+01
1.450000e-06	-2.293607e-06	-7.852248e-10	-1.236098e+01	-9.759943e+01
1.460000e-06	-2.235050e-06	-7.744390e-10	-1.204540e+01	-9.642088e+01
1.470000e-06	-2.176169e-06	-7.634278e-10	-1.172807e+01	-9.522763e+01
1.480000e-06	-2.117193e-06	-7.530399e-10	-1.141023e+01	-9.401982e+01
1.490000e-06	-2.058126e-06	-7.432162e-10	-1.109190e+01	-9.279755e+01
1.500000e-06	-1.998947e-06	-7.335065e-10	-1.077297e+01	-9.156088e+01
1.510000e-06	-1.939647e-06	-7.221694e-10	-1.045338e+01	-9.030973e+01
1.520000e-06	-1.880213e-06	-7.103100e-10	-1.013307e+01	-8.904398e+01
1.530000e-06	-1.820696e-06	-7.010180e-10	-9.812313e+00	-8.776340e+01
1.540000e-06	-1.761137e-06	-6.917774e-10	-9.491330e+00	-8.646765e+01
1.550000e-06	-1.701501e-06	-6.807511e-10	-9.169934e+00	-8.515629e+01
1.560000e-06	-1.641775e-06	-6.695273e-10	-8.848050e+00	-8.382878e+01
1.570000e-06	-1.582079e-06	-6.584177e-10	-8.526330e+00	-8.248446e+01
1.580000e-06	-1.522395e-06	-6.475360e-10	-8.204675e+00	-8.112257e+01
1.590000e-06	-1.462495e-06	-6.356221e-10	-7.881856e+00	-7.974222e+01
1.600000e-06	-1.402501e-06	-6.223650e-10	-7.558529e+00	-7.834246e+01
1.610000e-06	-1.342497e-06	-6.086889e-10	-7.235145e+00	-7.692220e+01
1.620000e-06	-1.282330e-06	-5.963847e-10	-6.910888e+00	-7.548029e+01
1.630000e-06	-1.221991e-06	-5.861044e-10	-6.585701e+00	-7.401549e+01
1.640000e-06	-1.161586e-06	-5.759153e-10	-6.260158e+00	-7.252650e+01
1.650000e-06	-1.101169e-06	-5.640890e-10	-5.934551e+00	-7.101197e+01
1.660000e-06	-1.040650e-06	-5.501557e-10	-5.608396e+00	-6.947050e+01
1.670000e-06	-9.800486e-07	-5.364662e-10	-5.281796e+00	-6.790065e+01
1.680000e-06	-9.193869e-07	-5.230959e-10	-4.954871e+00	-6.630102e+01
1.690000e-06	-8.586333e-07	-5.082154e-10	-4.627450e+00	-6.467016e+01
1.700000e-06	-7.978264e-07	-4.945679e-10	-4.299742e+00	-6.300670e+01
1.710000e-06	-7.370025e-07	-4.826913e-10	-3.971942e+00	-6.130927e+01
1.720000e-06	-6.761553e-07	-4.700820e-10	-3.644017e+00	-5.957660e+01
1.730000e-06	-6.153218e-07	-4.572071e-10	-3.316166e+00	-5.780749e+01
1.740000e-06	-5.543879e-07	-4.435127e-10	-2.987774e+00	-5.600082e+01
1.750000e-06	-4.933472e-07	-4.277285e-10	-2.658806e+00	-5.415563e+01
1.760000e-06	-4.322330e-07	-4.113684e-10	-2.329442e+00	-5.227104e+01
1.770000e-06	-3.711228e-07	-3.959158e-10	-2.000100e+00	-5.034638e+01
1.780000e-06	-3.100254e-07	-3.803483e-10	-1.670826e+00	-4.838109e+01
1.790000e-06	-2.488942e-07	-3.642103e-10	-1.341370e+00	-4.637483e+01
1.800000e-06	-1.877764e-07	-3.473588e-10	-1.011987e+00	-4.432742e+01
1.810000e-06	-1.266125e-07	-3.295525e-10	-6.823554e-01	-4.223889e+01
1.820000e-06	-6.544999e-08	-3.121683e-10	-3.527309e-01	-4.010946e+01
1.830000e-06	-4.401976e-09	-2.948264e-10	-2.372366e-02	-3.793960e+01
1.840000e-06	5.665694e-08	-2.760203e-10	3.053424e-01	-3.572994e+01
1.850000e-06	1.177895e-07	-2.567040e-10	6.348052e-01	-3.348138e+01
1.860000e-06	1.789427e-07	-2.387094e-10	9.643793e-01	-3.119498e+01
1.870000e-06	2.401561e-07	-2.217956e-10	1.294278e+00	-2.887206e+01
1.880000e-06	3.013316e-07	-2.039093e-10	1.623973e+00	-2.651411e+01
1.890000e-06	3.623265e-07	-1.841341e-10	1.952694e+00	-2.412283e+01
1.900000e-06	4.233215e-07	-1.640821e-10	2.281415e+00	-2.170012e+01
1.910000e-06	4.843082e-07	-1.441206e-10	2.610092e+00	-1.924803e+01
1.920000e-06	5.452139e-07	-1.246683e-10	2.938332e+00	-1.676878e+01
1.930000e-06	6.062848e-07	-1.055532e-10	3.267463e+00	-1.426476e+01
1.940000e-06	6.672718e-07	-8.552730e-11	3.596141e+00	-1.173846e+01
1.950000e-06	7.280115e-07	-6.441178e-11	3.923487e+00	-9.192495e+00
1.960000e-06	7.886821e-07	-4.326907e-11	4.250460e+00	-6.629585e+00
1.970000e-06	8.494091e-07	-2.283490e-11	4.577738e+00	-4.052510e+00
1.980000e-06	9.101407e-07	-2.816477e-12	4.905040e+00	-1.464112e+00
1.990000e-06	9.706700e-07	1.769330e-11	5.231251e+00	1.132732e+00
2.000000e-06	1.031084e-06	3.947131e-11	5.556840e+00	3.735131e+00
2.010000e-06	1.091526e-06	6.041631e-11	5.882582e+00	6.340197e+00
2.020000e-06	1.151844e-06	8.017238e-11	6.207659e+00	8.945067e+00
2.030000e-06	1.212019e-06	1.012331e-10	6.531957e+00	1.154692e+01
2.040000e-06	1.272109e-06	1.226050e-10	6.855802e+00	1.414299e+01
2.050000e-06	1.332176e-06	1.430859e-10	7.179520e+00	1.673059e+01
2.060000e-06	1.392279e-06	1.634647e-10	7.503436e+00	1.930712e+01
2.070000e-06	1.452286e-06	1.836974e-10	7.826835e+00	2.187010e+01
2.080000e-06	1.512133e-06	2.033555e-10	8.149371e+00	2.441715e+01
2.090000e-06	1.571907e-06	2.224481e-10	8.471512e+00	2.694601e+01
2.100000e-06	1.631613e-06	2.418859e-10	8.793286e+00	2.945458e+01
2.110000e-06	1.691235e-06	2.617527e-10	9.114608e+00	3.194088e+01
2.120000e-06	1.750859e-06	2.809925e-10	9.435942e+00	3.440308e+01
2.130000e-06	1.810454e-06	3.006793e-10	9.757114e+00	3.683951e+01
2.140000e-06	1.869966e-06	3.202646e-10	1.007784e+01	3.924864e+01
2.150000e-06	1.929418e-06	3.378015e-10	1.039825e+01	4.162909e+01
2.160000e-06	1.988738e-06	3.552586e-10	1.071794e+01	4.397964e+01
2.170000e-06	2.047895e-06	3.730846e-10	1.103676e+01	4.629921e+01
2.180000e-06	2.106922e-06	3.903800e-10	1.135488e+01	4.858686e+01
2.190000e-06	2.165834e-06	4.078676e-10	1.167237e+01	5.084177e+01
2.200000e-06	2.224563e-06	4.258912e-10	1.198888e+01	5.306329e+01
2.210000e-06	2.282926e-06	4.437599e-10	1.230342e+01	5.525084e+01
2.220000e-06	2.340973e-06	4.605880e-10	1.261626e+01	5.740399e+01
2.230000e-06	2.398762e-06	4.766277e-10	1.292770e+01	5.952240e+01
2.240000e-06	2.456267e-06	4.928249e-10	1.323761e+01	6.160583e+01
2.250000e-06	2.513493e-06	5.087503e-10	1.354602e+01	6.365412e+01
2.260000e-06	2.570309e-06	5.243135e-10	1.385222e+01	6.566721e+01
2.270000e-06	2.626886e-06	5.395314e-10	1.415713e+01	6.764509e+01
2.280000e-06	2.683331e-06	5.540124e-10	1.446133e+01	6.958780e+01
2.290000e-06	2.739513e-06	5.681875e-10	1.476411e+01	7.149548e+01
2.300000e-06	2.795431e-06	5.829227e-10	1.506547e+01	7.336827e+01
2.310000e-06	2.851237e-06	5.987891e-10	1.536623e+01	7.520639e+01
2.320000e-06	2.906998e-06	6.146964e-10	1.566674e+01	7.701007e+01
2.330000e-06	2.962608e-06	6.312172e-10	1.596644e+01	7.877958e+01
2.340000e-06	3.018059e-06	6.468717e-10	1.626528e+01	8.051524e+01
2.350000e-06	3.073315e-06	6.597046e-10	1.656308e+01	8.221736e+01
2.360000e-06	3.128472e-06	6.713231e-10	1.686034e+01	8.388630e+01
2.370000e-06	3.183412e-06	6.821348e-10	1.715643e+01	8.552244e+01
2.380000e-06	3.238024e-06	6.920961e-10	1.745075e+01	8.712617e+01
2.390000e-06	3.292386e-06	7.041667e-10	1.774372e+01	8.869790e+01
2.400000e-06	3.346417e-06	7.193331e-10	1.803491e+01	9.023809e+01
2.410000e-06	3.400341e-06	7.342615e-10	1.832553e+01	9.174719e+01
2.420000e-06	3.454126e-06	7.476312e-10	1.861539e+01	9.322569e+01
2.430000e-06	3.507652e-06	7.597464e-10	1.890386e+01	9.467411e+01
2.440000e-06	3.560950e-06	7.708852e-10	1.919110e+01	9.609297e+01
2.450000e-06	3.614003e-06	7.819618e-10	1.947702e+01	9.748284e+01
2.460000e-06	3.666848e-06	7.924614e-10	1.976182e+01	9.884431e+01
2.470000e-06	3.719407e-06	8.023843e-10	2.004507e+01	1.001780e+02
2.480000e-06	3.771575e-06	8.120138e-10	2.032623e+01	1.014845e+02
2.490000e-06	3.823419e-06	8.214861e-10	2.060563e+01	1.027646e+02
2.500000e-06	3.875027e-06	8.310250e-10	2.088376e+01	1.040189e+02
2.510000e-06	3.926326e-06	8.412032e-10	2.116023e+01	1.052482e+02
2.520000e-06	3.977203e-06	8.514565e-10	2.143442e+01	1.064531e+02
2.530000e-06	4.027620e-06	8.600231e-10	2.170614e+01	1.076344e+02
2.540000e-06	4.077648e-06	8.688173e-10	2.197575e+01	1.087929e+02
2.550000e-06	4.127244e-06	8.780687e-10	2.224304e+01	1.099294e+02
2.560000e-06	4.176264e-06	8.860911e-10	2.250723e+01	1.110446e+02
2.570000e-06	4.224852e-06	8.930358e-10	2.276908e+01	1.121392e+02
2.580000e-06	4.273147e-06	9.013562e-10	2.302936e+01	1.132142e+02
2.590000e-06	4.321093e-06	9.111184e-10	2.328775e+01	1.142701e+02
2.600000e-06	4.368759e-06	9.207603e-10	2.354464e+01	1.153078e+02
2.610000e-06	4.416193e-06	9.295199e-10	2.380028e+01	1.163279e+02
2.620000e-06	4.463467e-06	9.364513e-10	2.405505e+01	1.173311e+02
2.630000e-06	4.510561e-06	9.431573e-10	2.430886e+01	1.183181e+02
2.640000e-06	4.557310e-06	9.509937e-10	2.456080e+01	1.192893e+02
2.650000e-06	4.603582e-06	9.593235e-10	2.481018e+01	1.202453e+02
2.660000e-06	4.649396e-06	9.669644e-10	2.505708e+01	1.211866e+02
2.670000e-06	4.694813e-06	9.726649e-10	2.530185e+01	1.221136e+02
2.680000e-06	4.740037e-06	9.777974e-10	2.554558e+01	1.230266e+02
2.690000e-06	4.785136e-06	9.843927e-10	2.578863e+01	1.239260e+02
2.700000e-06	4.829902e-06	9.911986e-10	2.602989e+01	1.248120e+02
2.710000e-06	4.874223e-06	9.977843e-10	2.626875e+01	1.256847e+02
2.720000e-06	4.918144e-06	1.006032e-09	2.650545e+01	1.265442e+02
2.730000e-06	4.961869e-06	1.015300e-09	2.674110e+01	1.273906e+02
2.740000e-06	5.005488e-06	1.023602e-09	2.697618e+01	1.282238e+02
2.750000e-06	5.048891e-06	1.030605e-09	2.721009e+01	1.290439e+02
2.760000e-06	5.091987e-06	1.036852e-09	2.744235e+01	1.298506e+02
2.770000e-06	5.134714e-06	1.042775e-09	2.767262e+01	1.306438e+02
2.780000e-06	5.176919e-06	1.049848e-09	2.790007e+01	1.314234e+02
2.790000e-06	5.218380e-06	1.058365e-09	2.812352e+01	1.321891e+02
2.800000e-06	5.259097e-06	1.065526e-09	2.834296e+01	1.329408e+02
2.810000e-06	5.299284e-06	1.070848e-09	2.855954e+01	1.336781e+02
2.820000e-06	5.339208e-06	1.076360e-09	2.877470e+01	1.344009e+02
2.830000e-06	5.378961e-06	1.083379e-09	2.898894e+01	1.351089e+02
2.840000e-06	5.418432e-06	1.090719e-09	2.920166e+01	1.358020e+02
2.850000e-06	5.457573e-06	1.096538e-09	2.941261e+01	1.364799e+02
2.860000e-06	5.496321e-06	1.101215e-09	2.962144e+01	1.371425e+02
2.870000e-06	5.534726e-06	1.105732e-09	2.982841e+01	1.377897e+02
2.880000e-06	5.572726e-06	1.111274e-09	3.003321e+01	1.384214e+02
2.890000e-06	5.610279e-06	1.117596e-09	3.023559e+01	1.390378e+02
2.900000e-06	5.647404e-06	1.122647e-09	3.043567e+01	1.396387e+02
2.910000e-06	5.684046e-06	1.127424e-09	3.063315e+01	1.402243e+02
2.920000e-06	5.720316e-06	1.134031e-09	3.082861e+01	1.407947e+02
2.930000e-06	5.756286e-06	1.142096e-09	3.102247e+01	1.413503e+02
2.940000e-06	5.792020e-06	1.149105e-09	3.121505e+01	1.418913e+02
2.950000e-06	5.827480e-06	1.152817e-09	3.140616e+01	1.424180e+02
2.960000e-06	5.862674e-06	1.155126e-09	3.159583e+01	1.429309e+02
2.970000e-06	5.897549e-06	1.159194e-09	3.178378e+01	1.434304e+02
2.980000e-06	5.931755e-06	1.165195e-09	3.196813e+01	1.439170e+02
2.990000e-06	5.965121e-06	1.171007e-09	3.214795e+01	1.443913e+02
3.000000e-06	5.997788e-06	1.176122e-09	3.232400e+01	1.448538e+02
3.010000e-06	6.029917e-06	1.181373e-09	3.249715e+01	1.453052e+02
3.020000e-06	6.061724e-06	1.186099e-09	3.266857e+01	1.457461e+02
3.030000e-06	6.093346e-06	1.191911e-09	3.283899e+01	1.461771e+02
3.040000e-06	6.124701e-06	1.198213e-09	3.300798e+01	1.465989e+02
3.050000e-06	6.155525e-06	1.202644e-09	3.317410e+01	1.470122e+02
3.060000e-06	6.185769e-06	1.208094e-09	3.333709e+01	1.474175e+02
3.070000e-06	6.215639e-06	1.214445e-09	3.349807e+01	1.478155e+02
3.080000e-06	6.245099e-06	1.218734e-09	3.365684e+01	1.482068e+02
3.090000e-06	6.274157e-06	1.222597e-09	3.381344e+01	1.485919e+02
3.100000e-06	6.302840e-06	1.227400e-09	3.396802e+01	1.489714e+02
3.110000e-06	6.331145e-06	1.231537e-09	3.412057e+01	1.493456e+02
3.120000e-06	6.359112e-06	1.234803e-09	3.427129e+01	1.497151e+02
3.130000e-06	6.386754e-06	1.239416e-09	3.442026e+01	1.500801e+02
3.140000e-06	6.414096e-06	1.245046e-09	3.456762e+01	1.504411e+02
3.150000e-06	6.441071e-06	1.248888e-09	3.471299e+01	1.507982e+02
3.160000e-06	6.467483e-06	1.251862e-09	3.485533e+01	1.511517e+02
3.170000e-06	6.493016e-06	1.255226e-09	3.499294e+01	1.515017e+02
3.180000e-06	6.517593e-06	1.258347e-09	3.512540e+01	1.518483e+02
3.190000e-06	6.541524e-06	1.261242e-09	3.525437e+01	1.521915e+02
3.200000e-06	6.565120e-06	1.264216e-09	3.538153e+01	1.525313e+02
3.210000e-06	6.588393e-06	1.267053e-09	3.550696e+01	1.528678e+02
3.220000e-06	6.611402e-06	1.269038e-09	3.563096e+01	1.532007e+02
3.230000e-06	6.634026e-06	1.271967e-09	3.575289e+01	1.535300e+02
3.240000e-06	6.656139e-06	1.276416e-09	3.587206e+01	1.538555e+02
3.250000e-06	6.677843e-06	1.279907e-09	3.598903e+01	1.541770e+02
3.260000e-06	6.699100e-06	1.282705e-09	3.610359e+01	1.544944e+02
3.270000e-06	6.719727e-06	1.286703e-09	3.621476e+01	1.548073e+02
3.280000e-06	6.739743e-06	1.289865e-09	3.632263e+01	1.551156e+02
3.290000e-06	6.759443e-06	1.291525e-09	3.642880e+01	1.554191e+02
3.300000e-06	6.778944e-06	1.294386e-09	3.653390e+01	1.557174e+02
3.310000e-06	6.798202e-06	1.297122e-09	3.663769e+01	1.560105e+02
3.320000e-06	6.817053e-06	1.299699e-09	3.673928e+01	1.562979e+02
3.330000e-06	6.835365e-06	1.301696e-09	3.683797e+01	1.565796e+02
3.340000e-06	6.852929e-06	1.301972e-09	3.693263e+01	1.568553e+02
3.350000e-06	6.869873e-06	1.303813e-09	3.702395e+01	1.571248e+02
3.360000e-06	6.886523e-06	1.307002e-09	3.711368e+01	1.573880e+02
3.370000e-06	6.902764e-06	1.309200e-09	3.720121e+01	1.576445e+02
3.380000e-06	6.918439e-06	1.311912e-09	3.728569e+01	1.578944e+02
3.390000e-06	6.933419e-06	1.314545e-09	3.736642e+01	1.581373e+02
3.400000e-06	6.947729e-06	1.316787e-09	3.744354e+01	1.583732e+02
3.410000e-06	6.961559e-06	1.320326e-09	3.751807e+01	1.586019e+02
3.420000e-06	6.974915e-06	1.323727e-09	3.759005e+01	1.588233e+02
3.430000e-06	6.987796e-06	1.325243e-09	3.765947e+01	1.590372e+02
3.440000e-06	7.000099e-06	1.326157e-09	3.772577e+01	1.592435e+02
3.450000e-06	7.011893e-06	1.329649e-09	3.778933e+01	1.594421e+02
3.460000e-06	7.023452e-06	1.335248e-09	3.785163e+01	1.596327e+02
3.470000e-06	7.034633e-06	1.338818e-09	3.791189e+01	1.598154e+02
3.480000e-06	7.045143e-06	1.339623e-09	3.796853e+01	1.599898e+02
3.490000e-06	7.054666e-06	1.340035e-09	3.801985e+01	1.601558e+02
3.500000e-06	7.063171e-06	1.342431e-09	3.806569e+01	1.603133e+02
3.510000e-06	7.071099e-06	1.346969e-09	3.810842e+01	1.604621e+02
3.520000e-06	7.078743e-06	1.350253e-09	3.814961e+01	1.606020e+02
3.530000e-06	7.086062e-06	1.351823e-09	3.818906e+01	1.607328e+02
3.540000e-06	7.092925e-06	1.353858e-09	3.822605e+01	1.608544e+02
3.550000e-06	7.099300e-06	1.356742e-09	3.826040e+01	1.609665e+02
3.560000e-06	7.105143e-06	1.359891e-09	3.829189e+01	1.610690e+02
3.570000e-06	7.110479e-06	1.361966e-09	3.832065e+01	1.611618e+02
3.580000e-06	7.115272e-06	1.363232e-09	3.834648e+01	1.612446e+02
3.590000e-06	7.119532e-06	1.365327e-09	3.836944e+01	1.613174e+02
3.600000e-06	7.123420e-06	1.368576e-09	3.839039e+01	1.613800e+02
3.610000e-06	7.127046e-06	1.371676e-09	3.840993e+01	1.614324e+02
3.620000e-06	7.130291e-06	1.372505e-09	3.842742e+01	1.614745e+02
3.630000e-06	7.132969e-06	1.371812e-09	3.844185e+01	1.615063e+02
3.640000e-06	7.135012e-06	1.371721e-09	3.845286e+01	1.615279e+02
3.650000e-06	7.136103e-06	1.372843e-09	3.845874e+01	1.615393e+02
3.660000e-06	7.136336e-06	1.375288e-09	3.846000e+01	1.615407e+02
3.670000e-06	7.136192e-06	1.377915e-09	3.845922e+01	1.615323e+02
3.680000e-06	7.135877e-06	1.379509e-09	3.845752e+01	1.615143e+02
3.690000e-06	7.135223e-06	1.379958e-09	3.845400e+01	1.614870e+02
3.700000e-06	7.133918e-06	1.380301e-09	3.844697e+01	1.614507e+02
3.710000e-06	7.131983e-06	1.380911e-09	3.843654e+01	1.614059e+02
3.720000e-06	7.129632e-06	1.380860e-09	3.842387e+01	1.613530e+02
3.730000e-06	7.126963e-06	1.380657e-09	3.840949e+01	1.612924e+02
3.740000e-06	7.123913e-06	1.379733e-09	3.839305e+01	1.612248e+02
3.750000e-06	7.120415e-06	1.373155e-09	3.837419e+01	1.611506e+02
3.760000e-06	7.116356e-06	1.377953e-09	3.835232e+01	1.610705e+02
3.770000e-06	7.111464e-06	1.415685e-09	3.832596e+01	1.609852e+02
3.780000e-06	7.105684e-06	1.422931e-09	3.829481e+01	1.608951e+02
3.790000e-06	7.099523e-06	1.355660e-09	3.826160e+01	1.608011e+02
3.800000e-06	7.093320e-06	1.318076e-09	3.822818e+01	1.607036e+02
3.810000e-06	7.086697e-06	1.398698e-09	3.819248e+01	1.606034e+02
3.820000e-06	7.079226e-06	1.450147e-09	3.815222e+01	1.605011e+02
3.830000e-06	7.071050e-06	1.358540e-09	3.810815e+01	1.603972e+02
3.840000e-06	7.062608e-06	1.304225e-09	3.806266e+01	1.602922e+02
3.850000e-06	7.053776e-06	1.416256e-09	3.801506e+01	1.601868e+02
3.860000e-06	7.044287e-06	1.475846e-09	3.796392e+01	1.600812e+02
3.870000e-06	7.034335e-06	1.335146e-09	3.791028e+01	1.599759e+02
3.880000e-06	7.024134e-06	1.260737e-09	3.785531e+01	1.598712e+02
3.890000e-06	7.013451e-06	1.411724e-09	3.779773e+01	1.597674e+02
3.900000e-06	7.002030e-06	1.486362e-09	3.773618e+01	1.596645e+02
3.910000e-06	6.990124e-06	1.338090e-09	3.767201e+01	1.595628e+02
3.920000e-06	6.977825e-06	1.290562e-09	3.760573e+01	1.594621e+02
3.930000e-06	6.964867e-06	1.438528e-09	3.753590e+01	1.593624e+02
3.940000e-06	6.950998e-06	1.448796e-09	3.746116e+01	1.592637e+02
3.950000e-06	6.936435e-06	1.302434e-09	3.738267e+01	1.591655e+02
3.960000e-06	6.921235e-06	1.332718e-09	3.730075e+01	1.590678e+02
3.970000e-06	6.905350e-06	1.463393e-09	3.721514e+01	1.589700e+02
3.980000e-06	6.889050e-06	1.400998e-09	3.712730e+01	1.588718e+02
3.990000e-06	6.872470e-06	1.307131e-09	3.703794e+01	1.587728e+02
4.000000e-06	6.855475e-06	1.398102e-09	3.694635e+01	1.586723e+02
4.010000e-06	6.837865e-06	1.437203e-09	3.685144e+01	1.585698e+02
4.020000e-06	6.819749e-06	1.317984e-09	3.675381e+01	1.584649e+02
4.030000e-06	6.801281e-06	1.331177e-09	3.665428e+01	1.583568e+02
4.040000e-06	6.782244e-06	1.454307e-09	3.655169e+01	1.582450e+02
4.050000e-06	6.762687e-06	1.399107e-09	3.644629e+01	1.581288e+02
4.060000e-06	6.742873e-06	1.303321e-09	3.633950e+01	1.580078e+02
4.070000e-06	6.722815e-06	1.386834e-09	3.623140e+01	1.578812e+02
4.080000e-06	6.702331e-06	1.432925e-09	3.612101e+01	1.577487e+02
4.090000e-06	6.681264e-06	1.334632e-09	3.600747e+01	1.576097e+02
4.100000e-06	6.659644e-06	1.340122e-09	3.589095e+01	1.574636e+02
4.110000e-06	6.637291e-06	1.425463e-09	3.577048e+01	1.573103e+02
4.120000e-06	6.614075e-06	1.379414e-09	3.564537e+01	1.571492e+02
4.130000e-06	6.590222e-06	1.330703e-09	3.551682e+01	1.569800e+02
4.140000e-06	6.566069e-06	1.395737e-09	3.538665e+01	1.568027e+02
4.150000e-06	6.541669e-06	1.395570e-09	3.525515e+01	1.566168e+02
4.160000e-06	6.516908e-06	1.331312e-09	3.512171e+01	1.564225e+02
4.170000e-06	6.491667e-06	1.365605e-09	3.498567e+01	1.562195e+02
4.180000e-06	6.466024e-06	1.406040e-09	3.484747e+01	1.560079e+02
4.190000e-06	6.439979e-06	1.356144e-09	3.470711e+01	1.557877e+02
4.200000e-06	6.413390e-06	1.346100e-09	3.456381e+01	1.555590e+02
4.210000e-06	6.386299e-06	1.383940e-09	3.441781e+01	1.553219e+02
4.220000e-06	6.358799e-06	1.361100e-09	3.426960e+01	1.550767e+02
4.230000e-06	6.330860e-06	1.340118e-09	3.411903e+01	1.548234e+02
4.240000e-06	6.302570e-06	1.372730e-09	3.396657e+01	1.545623e+02
4.250000e-06	6.273994e-06	1.372875e-09	3.381256e+01	1.542936e+02
4.260000e-06	6.244965e-06	1.348088e-09	3.365612e+01	1.540176e+02
4.270000e-06	6.215350e-06	1.361819e-09	3.349651e+01	1.537343e+02
4.280000e-06	6.184925e-06	1.370413e-09	3.333254e+01	1.534442e+02
4.290000e-06	6.153799e-06	1.350402e-09	3.316479e+01	1.531472e+02
4.300000e-06	6.122092e-06	1.347855e-09	3.299392e+01	1.528436e+02
4.310000e-06	6.089961e-06	1.356782e-09	3.282075e+01	1.525335e+02
4.320000e-06	6.057534e-06	1.350102e-09	3.264599e+01	1.522170e+02
4.330000e-06	6.024955e-06	1.344061e-09	3.247041e+01	1.518941e+02
4.340000e-06	5.992143e-06	1.344854e-09	3.229358e+01	1.515649e+02
4.350000e-06	5.958704e-06	1.340932e-09	3.211336e+01	1.512293e+02
4.360000e-06	5.924716e-06	1.337101e-09	3.193019e+01	1.508873e+02
4.370000e-06	5.890330e-06	1.338330e-09	3.174488e+01	1.505387e+02
4.380000e-06	5.855566e-06	1.339286e-09	3.155752e+01	1.501833e+02
4.390000e-06	5.820381e-06	1.335769e-09	3.136790e+01	1.498211e+02
4.400000e-06	5.784826e-06	1.328957e-09	3.117628e+01	1.494517e+02
4.410000e-06	5.748995e-06	1.326060e-09	3.098317e+01	1.490748e+02
4.420000e-06	5.712851e-06	1.327640e-09	3.078838e+01	1.486903e+02
4.430000e-06	5.676406e-06	1.324115e-09	3.059197e+01	1.482979e+02
4.440000e-06	5.639607e-06	1.317077e-09	3.039365e+01	1.478971e+02
4.450000e-06	5.602362e-06	1.316457e-09	3.019292e+01	1.474877e+02
4.460000e-06	5.564508e-06	1.317998e-09	2.998892e+01	1.470694e+02
4.470000e-06	5.526019e-06	1.314865e-09	2.978149e+01	1.466420e+02
4.480000e-06	5.486987e-06	1.310121e-09	2.957113e+01	1.462050e+02
4.490000e-06	5.447397e-06	1.305669e-09	2.935777e+01	1.457583e+02
4.500000e-06	5.407352e-06	1.300027e-09	2.914195e+01	1.453017e+02
4.510000e-06	5.367003e-06	1.296570e-09	2.892450e+01	1.448349e+02
4.520000e-06	5.326453e-06	1.296340e-09	2.870596e+01	1.443579e+02
4.530000e-06	5.285580e-06	1.293720e-09	2.848569e+01	1.438704e+02
4.540000e-06	5.244382e-06	1.287858e-09	2.826365e+01	1.433725e+02
4.550000e-06	5.202895e-06	1.283835e-09	2.804007e+01	1.428642e+02
4.560000e-06	5.161042e-06	1.282220e-09	2.781451e+01	1.423455e+02
4.570000e-06	5.118828e-06	1.277856e-09	2.758700e+01	1.418165e+02
4.580000e-06	5.076200e-06	1.270637e-09	2.735727e+01	1.412773e+02
4.590000e-06	5.033168e-06	1.264418e-09	2.712535e+01	1.407282e+02
4.600000e-06	4.989795e-06	1.260624e-09	2.689160e+01	1.401693e+02
4.610000e-06	4.946165e-06	1.257882e-09	2.665647e+01	1.396009e+02
4.620000e-06	4.902271e-06	1.254166e-09	2.641991e+01	1.390233e+02
4.630000e-06	4.858060e-06	1.249950e-09	2.618164e+01	1.384369e+02
4.640000e-06	4.813526e-06	1.245175e-09	2.594163e+01	1.378418e+02
4.650000e-06	4.768713e-06	1.240088e-09	2.570012e+01	1.372386e+02
4.660000e-06	4.723689e-06	1.235083e-09	2.545747e+01	1.366275e+02
4.670000e-06	4.678383e-06	1.228216e-09	2.521330e+01	1.360088e+02
4.680000e-06	4.632751e-06	1.219781e-09	2.496738e+01	1.353829e+02
4.690000e-06	4.586681e-06	1.213310e-09	2.471909e+01	1.347501e+02
4.700000e-06	4.540184e-06	1.209535e-09	2.446850e+01	1.341105e+02
4.710000e-06	4.493259e-06	1.206071e-09	2.421561e+01	1.334646e+02
4.720000e-06	4.445984e-06	1.201227e-09	2.396083e+01	1.328123e+02
4.730000e-06	4.398514e-06	1.193869e-09	2.370500e+01	1.321538e+02
4.740000e-06	4.350734e-06	1.185821e-09	2.344750e+01	1.314892e+02
4.750000e-06	4.302562e-06	1.180909e-09	2.318788e+01	1.308185e+02
4.760000e-06	4.254068e-06	1.177217e-09	2.292654e+01	1.301416e+02
4.770000e-06	4.205260e-06	1.170120e-09	2.266350e+01	1.294584e+02
4.780000e-06	4.156081e-06	1.163453e-09	2.239845e+01	1.287687e+02
4.790000e-06	4.106515e-06	1.160259e-09	2.213133e+01	1.280722e+02
4.800000e-06	4.056666e-06	1.156672e-09	2.186267e+01	1.273686e+02
4.810000e-06	4.006602e-06	1.150787e-09	2.159286e+01	1.266575e+02
4.820000e-06	3.956423e-06	1.143862e-09	2.132243e+01	1.259384e+02
4.830000e-06	3.905924e-06	1.136423e-09	2.105027e+01	1.252109e+02
4.840000e-06	3.854956e-06	1.130254e-09	2.077559e+01	1.244744e+02
4.850000e-06	3.803676e-06	1.126392e-09	2.049923e+01	1.237283e+02
4.860000e-06	3.752082e-06	1.120880e-09	2.022117e+01	1.229720e+02
4.870000e-06	3.700160e-06	1.113253e-09	1.994135e+01	1.222049e+02
4.880000e-06	3.648070e-06	1.106642e-09	1.966062e+01	1.214264e+02
4.890000e-06	3.595818e-06	1.102118e-09	1.937901e+01	1.206356e+02
4.900000e-06	3.543136e-06	1.097241e-09	1.909509e+01	1.198321e+02
4.910000e-06	3.490036e-06	1.091060e-09	1.880892e+01	1.190152e+02
4.920000e-06	3.436536e-06	1.083916e-09	1.852059e+01	1.181843e+02
4.930000e-06	3.382657e-06	1.076109e-09	1.823022e+01	1.173388e+02
4.940000e-06	3.328445e-06	1.069398e-09	1.793806e+01	1.164781e+02
4.950000e-06	3.273821e-06	1.062532e-09	1.764367e+01	1.156018e+02
4.960000e-06	3.218774e-06	1.053351e-09	1.734701e+01	1.147094e+02
4.970000e-06	3.163453e-06	1.043594e-09	1.704886e+01	1.138007e+02
4.980000e-06	3.107940e-06	1.035434e-09	1.674968e+01	1.128751e+02
4.990000e-06	3.052211e-06	1.027903e-09	1.644934e+01	1.119326e+02
5.000000e-06	2.996239e-06	1.019689e-09	1.614769e+01	1.109730e+02
5.010000e-06	2.940066e-06	1.010661e-09	1.584496e+01	1.099960e+02
5.020000e-06	2.883756e-06	1.001109e-09	1.554148e+01	1.090017e+02
5.030000e-06	2.827227e-06	9.926326e-10	1.523683e+01	1.079902e+02
5.040000e-06	2.770531e-06	9.855959e-10	1.493128e+01	1.069614e+02
5.050000e-06	2.713798e-06	9.771633e-10	1.462553e+01	1.059156e+02
5.060000e-06	2.656916e-06	9.679220e-10	1.431897e+01	1.048528e+02
5.070000e-06	2.599765e-06	9.580213e-10	1.401097e+01	1.037734e+02
5.080000e-06	2.542426e-06	9.474141e-10	1.370195e+01	1.026776e+02
5.090000e-06	2.484969e-06	9.382665e-10	1.339229e+01	1.015656e+02
5.100000e-06	2.427505e-06	9.285444e-10	1.308260e+01	1.004378e+02
5.110000e-06	2.369924e-06	9.165435e-10	1.277228e+01	9.929449e+01
5.120000e-06	2.312004e-06	9.049248e-10	1.246013e+01	9.813589e+01
5.130000e-06	2.253851e-06	8.947354e-10	1.214673e+01	9.696228e+01
5.140000e-06	2.195503e-06	8.851679e-10	1.183227e+01	9.577389e+01
5.150000e-06	2.137002e-06	8.748186e-10	1.151699e+01	9.457091e+01
5.160000e-06	2.078356e-06	8.634234e-10	1.120093e+01	9.335344e+01
5.170000e-06	2.019563e-06	8.510271e-10	1.088407e+01	9.212156e+01
5.180000e-06	1.960596e-06	8.386324e-10	1.056628e+01	9.087524e+01
5.190000e-06	1.901421e-06	8.279198e-10	1.024737e+01	8.961436e+01
5.200000e-06	1.842165e-06	8.167489e-10	9.928019e+00	8.833875e+01
5.210000e-06	1.782836e-06	8.040412e-10	9.608273e+00	8.704808e+01
5.220000e-06	1.723409e-06	7.916056e-10	9.288003e+00	8.574197e+01
5.230000e-06	1.663841e-06	7.802948e-10	8.966970e+00	8.441990e+01
5.240000e-06	1.604121e-06	7.686374e-10	8.645123e+00	8.308125e+01
5.250000e-06	1.544259e-06	7.550900e-10	8.322506e+00	8.172530e+01
5.260000e-06	1.484326e-06	7.410706e-10	7.999509e+00	8.035119e+01
5.270000e-06	1.424407e-06	7.286556e-10	7.676587e+00	7.895800e+01
5.280000e-06	1.364391e-06	7.166770e-10	7.353142e+00	7.754468e+01
5.290000e-06	1.304261e-06	7.035677e-10	7.029078e+00	7.611011e+01
5.300000e-06	1.244020e-06	6.888789e-10	6.704424e+00	7.465307e+01
5.310000e-06	1.183728e-06	6.735728e-10	6.379492e+00	7.317229e+01
5.320000e-06	1.123422e-06	6.591053e-10	6.054478e+00	7.166641e+01
5.330000e-06	1.063101e-06	6.459008e-10	5.729394e+00	7.013406e+01
5.340000e-06	1.002760e-06	6.335164e-10	5.404195e+00	6.857382e+01
5.350000e-06	9.423141e-07	6.199433e-10	5.078432e+00	6.698426e+01
5.360000e-06	8.818162e-07	6.040528e-10	4.752390e+00	6.536396e+01
5.370000e-06	8.212638e-07	5.890194e-10	4.426054e+00	6.371150e+01
5.380000e-06	7.606497e-07	5.749269e-10	4.099385e+00	6.202553e+01
5.390000e-06	7.000287e-07	5.590936e-10	3.772679e+00	6.030474e+01
5.400000e-06	6.394297e-07	5.420329e-10	3.446092e+00	5.854789e+01
5.410000e-06	5.787963e-07	5.254964e-10	3.119318e+00	5.675384e+01
5.420000e-06	5.181367e-07	5.100343e-10	2.792404e+00	5.492158e+01
5.430000e-06	4.574796e-07	4.942721e-10	2.465504e+00	5.305020e+01
5.440000e-06	3.967218e-07	4.777102e-10	2.138061e+00	5.113895e+01
5.450000e-06	3.358682e-07	4.591660e-10	1.810101e+00	4.918725e+01
5.460000e-06	2.750401e-07	4.391779e-10	1.482279e+00	4.719466e+01
5.470000e-06	2.143171e-07	4.203385e-10	1.155023e+00	4.516096e+01
5.480000e-06	1.536055e-07	4.028463e-10	8.278290e-01	4.308610e+01
5.490000e-06	9.280449e-08	3.847067e-10	5.001531e-01	4.097026e+01
5.500000e-06	3.201881e-08	3.645099e-10	1.725596e-01	3.881380e+01
5.510000e-06	-2.868080e-08	3.430666e-10	-1.545700e-01	3.661731e+01
5.520000e-06	-8.935642e-08	3.225115e-10	-4.815704e-01	3.438159e+01
5.530000e-06	-1.501597e-07	3.031016e-10	-8.092589e-01	3.210766e+01
5.540000e-06	-2.109983e-07	2.833940e-10	-1.137137e+00	2.979675e+01
5.550000e-06	-2.717050e-07	2.631453e-10	-1.464305e+00	2.745028e+01
5.560000e-06	-3.323739e-07	2.427098e-10	-1.791270e+00	2.506990e+01
5.570000e-06	-3.930700e-07	2.212080e-10	-2.118380e+00	2.265743e+01
5.580000e-06	-4.537907e-07	1.981148e-10	-2.445624e+00	2.021488e+01
5.590000e-06	-5.144913e-07	1.737178e-10	-2.772758e+00	1.774442e+01
5.600000e-06	-5.751018e-07	1.501246e-10	-3.099408e+00	1.524837e+01
5.610000e-06	-6.356939e-07	1.284030e-10	-3.425958e+00	1.272920e+01
5.620000e-06	-6.963409e-07	1.068469e-10	-3.752804e+00	1.018948e+01
5.630000e-06	-7.568865e-07	8.430073e-11	-4.079104e+00	7.631901e+00
5.640000e-06	-8.173720e-07	6.005253e-11	-4.405079e+00	5.059222e+00
5.650000e-06	-8.778966e-07	3.451996e-11	-4.731266e+00	2.474268e+00
5.660000e-06	-9.383383e-07	9.031385e-12	-5.057006e+00	-1.200933e-01
5.670000e-06	-9.987041e-07	-1.483762e-11	-5.382336e+00	-2.720974e+00
5.680000e-06	-1.059090e-06	-3.725464e-11	-5.707775e+00	-5.325483e+00
5.690000e-06	-1.119449e-06	-5.946641e-11	-6.033068e+00	-7.930746e+00
5.700000e-06	-1.179666e-06	-8.220911e-11	-6.357600e+00	-1.053393e+01
5.710000e-06	-1.239826e-06	-1.054971e-10	-6.681818e+00	-1.313224e+01
5.720000e-06	-1.299903e-06	-1.286003e-10	-7.005593e+00	-1.572297e+01
5.730000e-06	-1.359910e-06	-1.512225e-10	-7.328989e+00	-1.830348e+01
5.740000e-06	-1.419971e-06	-1.743403e-10	-7.652678e+00	-2.087126e+01
5.750000e-06	-1.479906e-06	-1.980654e-10	-7.975689e+00	-2.342389e+01
5.760000e-06	-1.539691e-06	-2.221262e-10	-8.297888e+00	-2.595907e+01
5.770000e-06	-1.599359e-06	-2.461753e-10	-8.619459e+00	-2.847464e+01
5.780000e-06	-1.658953e-06	-2.701472e-10	-8.940629e+00	-3.096858e+01
5.790000e-06	-1.718438e-06	-2.941996e-10	-9.261214e+00	-3.343902e+01
5.800000e-06	-1.777773e-06	-3.179605e-10	-9.580987e+00	-3.588423e+01
5.810000e-06	-1.836990e-06	-3.405827e-10	-9.900126e+00	-3.830263e+01
5.820000e-06	-1.896041e-06	-3.620218e-10	-1.021837e+01	-4.069280e+01
5.830000e-06	-1.954965e-06	-3.841254e-10	-1.053593e+01	-4.305346e+01
5.840000e-06	-2.013778e-06	-4.075698e-10	-1.085289e+01	-4.538348e+01
5.850000e-06	-2.072427e-06	-4.300108e-10	-1.116898e+01	-4.768187e+01
5.860000e-06	-2.130826e-06	-4.496782e-10	-1.148370e+01	-4.994779e+01
5.870000e-06	-2.189054e-06	-4.689238e-10	-1.179751e+01	-5.218052e+01
5.880000e-06	-2.247091e-06	-4.900993e-10	-1.211029e+01	-5.437946e+01
5.890000e-06	-2.304961e-06	-5.111818e-10	-1.242217e+01	-5.654413e+01
5.900000e-06	-2.362740e-06	-5.307943e-10	-1.273356e+01	-5.867416e+01
5.910000e-06	-2.420293e-06	-5.503470e-10	-1.304373e+01	-6.076929e+01
5.920000e-06	-2.477556e-06	-5.699292e-10	-1.335234e+01	-6.282932e+01
5.930000e-06	-2.534710e-06	-5.896662e-10	-1.366036e+01	-6.485416e+01
5.940000e-06	-2.591729e-06	-6.101891e-10	-1.396766e+01	-6.684378e+01
5.950000e-06	-2.648541e-06	-6.300862e-10	-1.427384e+01	-6.879822e+01
5.960000e-06	-2.705293e-06	-6.480791e-10	-1.457969e+01	-7.071757e+01
5.970000e-06	-2.761812e-06	-6.658124e-10	-1.488429e+01	-7.260198e+01
5.980000e-06	-2.818138e-06	-6.838526e-10	-1.518785e+01	-7.445164e+01
5.990000e-06	-2.874432e-06	-7.008674e-10	-1.549123e+01	-7.626679e+01
6.000000e-06	-2.930662e-06	-7.162432e-10	-1.579428e+01	-7.804767e+01
6.010000e-06	-2.986764e-06	-7.317628e-10	-1.609663e+01	-7.979459e+01
6.020000e-06	-3.042611e-06	-7.477218e-10	-1.639760e+01	-8.150786e+01
6.030000e-06	-3.098274e-06	-7.632397e-10	-1.669759e+01	-8.318784e+01
6.040000e-06	-3.153794e-06	-7.792979e-10	-1.699681e+01	-8.483488e+01
6.050000e-06	-3.208859e-06	-7.942593e-10	-1.729357e+01	-8.644937e+01
6.060000e-06	-3.263325e-06	-8.078121e-10	-1.758710e+01	-8.803174e+01
6.070000e-06	-3.317420e-06	-8.222221e-10	-1.787864e+01	-8.958240e+01
6.080000e-06	-3.371219e-06	-8.373940e-10	-1.816858e+01	-9.110182e+01
6.090000e-06	-3.424657e-06	-8.519766e-10	-1.845657e+01	-9.259048e+01
6.100000e-06	-3.477726e-06	-8.660045e-10	-1.874258e+01	-9.404888e+01
6.110000e-06	-3.530458e-06	-8.788358e-10	-1.902677e+01	-9.547754e+01
6.120000e-06	-3.582903e-06	-8.903298e-10	-1.930941e+01	-9.687702e+01
6.130000e-06	-3.635103e-06	-9.021287e-10	-1.959074e+01	-9.824791e+01
6.140000e-06	-3.687133e-06	-9.142343e-10	-1.987114e+01	-9.959080e+01
6.150000e-06	-3.738942e-06	-9.262509e-10	-2.015035e+01	-1.009063e+02
6.160000e-06	-3.790524e-06	-9.381269e-10	-2.042835e+01	-1.021952e+02
6.170000e-06	-3.841824e-06	-9.505852e-10	-2.070482e+01	-1.034580e+02
6.180000e-06	-3.892769e-06	-9.620036e-10	-2.097938e+01	-1.046955e+02
6.190000e-06	-3.943359e-06	-9.711388e-10	-2.125202e+01	-1.059085e+02
6.200000e-06	-3.993676e-06	-9.803932e-10	-2.152320e+01	-1.070976e+02
6.210000e-06	-4.043742e-06	-9.901516e-10	-2.179302e+01	-1.082636e+02
6.220000e-06	-4.093425e-06	-9.998595e-10	-2.206078e+01	-1.094073e+02
6.230000e-06	-4.142813e-06	-1.009876e-09	-2.232695e+01	-1.105296e+02
6.240000e-06	-4.191720e-06	-1.019448e-09	-2.259052e+01	-1.116310e+02
6.250000e-06	-4.239916e-06	-1.028355e-09	-2.285026e+01	-1.127125e+02
6.260000e-06	-4.287790e-06	-1.037500e-09	-2.310827e+01	-1.137747e+02
6.270000e-06	-4.335324e-06	-1.046786e-09	-2.336445e+01	-1.148184e+02
6.280000e-06	-4.382517e-06	-1.056136e-09	-2.361879e+01	-1.158443e+02
6.290000e-06	-4.429590e-06	-1.066122e-09	-2.387248e+01	-1.168531e+02
6.300000e-06	-4.476377e-06	-1.076162e-09	-2.412463e+01	-1.178454e+02
6.310000e-06	-4.522879e-06	-1.085479e-09	-2.437524e+01	-1.188218e+02
6.320000e-06	-4.569073e-06	-1.094377e-09	-2.462420e+01	-1.197828e+02
6.330000e-06	-4.614905e-06	-1.103659e-09	-2.487120e+01	-1.207290e+02
6.340000e-06	-4.660492e-06	-1.113120e-09	-2.511689e+01	-1.216607e+02
6.350000e-06	-4.705788e-06	-1.121229e-09	-2.536100e+01	-1.225784e+02
6.360000e-06	-4.750636e-06	-1.128697e-09	-2.560270e+01	-1.234823e+02
6.370000e-06	-4.795266e-06	-1.135842e-09	-2.584323e+01	-1.243728e+02
6.380000e-06	-4.839722e-06	-1.142939e-09	-2.608281e+01	-1.252499e+02
6.390000e-06	-4.883952e-06	-1.150577e-09	-2.632118e+01	-1.261138e+02
6.400000e-06	-4.927942e-06	-1.157016e-09	-2.655826e+01	-1.269646e+02
6.410000e-06	-4.971589e-06	-1.162480e-09	-2.679349e+01	-1.278022e+02
6.420000e-06	-5.014838e-06	-1.169028e-09	-2.702657e+01	-1.286267e+02
6.430000e-06	-5.057649e-06	-1.176334e-09	-2.725729e+01	-1.294378e+02
6.440000e-06	-5.100078e-06	-1.183641e-09	-2.748595e+01	-1.302356e+02
6.450000e-06	-5.142191e-06	-1.191575e-09	-2.771292e+01	-1.310198e+02
6.460000e-06	-5.184017e-06	-1.200636e-09	-2.793833e+01	-1.317902e+02
6.470000e-06	-5.225466e-06	-1.209962e-09	-2.816171e+01	-1.325465e+02
6.480000e-06	-5.266518e-06	-1.216337e-09	-2.838295e+01	-1.332887e+02
6.490000e-06	-5.307193e-06	-1.220917e-09	-2.860216e+01	-1.340163e+02
6.500000e-06	-5.347583e-06	-1.226175e-09	-2.881984e+01	-1.347293e+02
6.510000e-06	-5.387875e-06	-1.231025e-09	-2.903698e+01	-1.354274e+02
6.520000e-06	-5.427981e-06	-1.236601e-09	-2.925313e+01	-1.361104e+02
6.530000e-06	-5.467811e-06	-1.242749e-09	-2.946778e+01	-1.367781e+02
6.540000e-06	-5.507016e-06	-1.248515e-09	-2.967907e+01	-1.374305e+02
6.550000e-06	-5.545406e-06	-1.255600e-09	-2.988597e+01	-1.380674e+02
6.560000e-06	-5.583136e-06	-1.263870e-09	-3.008931e+01	-1.386889e+02
6.570000e-06	-5.620284e-06	-1.270018e-09	-3.028951e+01	-1.392949e+02
6.580000e-06	-5.656958e-06	-1.272756e-09	-3.048716e+01	-1.398856e+02
6.590000e-06	-5.693342e-06	-1.274876e-09	-3.068325e+01	-1.404611e+02
6.600000e-06	-5.729565e-06	-1.279292e-09	-3.087846e+01	-1.410216e+02
6.610000e-06	-5.765436e-06	-1.284706e-09	-3.107178e+01	-1.415674e+02
6.620000e-06	-5.800893e-06	-1.289288e-09	-3.126287e+01	-1.420989e+02
6.630000e-06	-5.835970e-06	-1.293670e-09	-3.145191e+01	-1.426163e+02
6.640000e-06	-5.870718e-06	-1.297332e-09	-3.163918e+01	-1.431203e+02
6.650000e-06	-5.905086e-06	-1.301816e-09	-3.182440e+01	-1.436111e+02
6.660000e-06	-5.939001e-06	-1.306640e-09	-3.200718e+01	-1.440894e+02
6.670000e-06	-5.972408e-06	-1.309422e-09	-3.218722e+01	-1.445558e+02
6.680000e-06	-6.005207e-06	-1.311177e-09	-3.236398e+01	-1.450109e+02
6.690000e-06	-6.037718e-06	-1.313088e-09	-3.253920e+01	-1.454552e+02
6.700000e-06	-6.070040e-06	-1.315841e-09	-3.271339e+01	-1.458895e+02
6.710000e-06	-6.101996e-06	-1.319518e-09	-3.288561e+01	-1.463143e+02
6.720000e-06	-6.133556e-06	-1.322869e-09	-3.305570e+01	-1.467304e+02
6.730000e-06	-6.164538e-06	-1.325660e-09	-3.322267e+01	-1.471383e+02
6.740000e-06	-6.194798e-06	-1.327718e-09	-3.338575e+01	-1.475387e+02
6.750000e-06	-6.224353e-06	-1.330271e-09	-3.354503e+01	-1.479322e+02
6.760000e-06	-6.253287e-06	-1.333005e-09	-3.370097e+01	-1.483193e+02
6.770000e-06	-6.281810e-06	-1.333953e-09	-3.385468e+01	-1.487006e+02
6.780000e-06	-6.310109e-06	-1.335261e-09	-3.400720e+01	-1.490765e+02
6.790000e-06	-6.338155e-06	-1.338162e-09	-3.415835e+01	-1.494475e+02
6.800000e-06	-6.365806e-06	-1.340662e-09	-3.430737e+01	-1.498140e+02
6.810000e-06	-6.392936e-06	-1.342824e-09	-3.445358e+01	-1.501763e+02
6.820000e-06	-6.419578e-06	-1.343931e-09	-3.459716e+01	-1.505347e+02
6.830000e-06	-6.445751e-06	-1.344290e-09	-3.473822e+01	-1.508894e+02
6.840000e-06	-6.471339e-06	-1.346674e-09	-3.487612e+01	-1.512405e+02
6.850000e-06	-6.496447e-06	-1.349025e-09	-3.501143e+01	-1.515883e+02
6.860000e-06	-6.521179e-06	-1.349871e-09	-3.514472e+01	-1.519326e+02
6.870000e-06	-6.545609e-06	-1.350242e-09	-3.527638e+01	-1.522736e+02
6.880000e-06	-6.569848e-06	-1.352610e-09	-3.540702e+01	-1.526112e+02
6.890000e-06	-6.593786e-06	-1.357000e-09	-3.553603e+01	-1.529453e+02
6.900000e-06	-6.617079e-06	-1.359908e-09	-3.566156e+01	-1.532759e+02
6.910000e-06	-6.639532e-06	-1.361400e-09	-3.578257e+01	-1.536027e+02
6.920000e-06	-6.661279e-06	-1.363000e-09	-3.589977e+01	-1.539256e+02
6.930000e-06	-6.682463e-06	-1.364468e-09	-3.601394e+01	-1.542443e+02
6.940000e-06	-6.703131e-06	-1.365915e-09	-3.612532e+01	-1.545588e+02
6.950000e-06	-6.723402e-06	-1.368332e-09	-3.623456e+01	-1.548687e+02
6.960000e-06	-6.743321e-06	-1.371085e-09	-3.634191e+01	-1.551738e+02
6.970000e-06	-6.762829e-06	-1.373839e-09	-3.644705e+01	-1.554739e+02
6.980000e-06	-6.781947e-06	-1.375652e-09	-3.655009e+01	-1.557687e+02
6.990000e-06	-6.800603e-06	-1.376424e-09	-3.665063e+01	-1.560581e+02
7.000000e-06	-6.818741e-06	-1.377016e-09	-3.674838e+01	-1.563417e+02
7.010000e-06	-6.836297e-06	-1.377392e-09	-3.684299e+01	-1.566195e+02
7.020000e-06	-6.853359e-06	-1.378980e-09	-3.693495e+01	-1.568911e+02
7.030000e-06	-6.870159e-06	-1.381031e-09	-3.702549e+01	-1.571564e+02
7.040000e-06	-6.886628e-06	-1.383216e-09	-3.711424e+01	-1.574151e+02
7.050000e-06	-6.902813e-06	-1.385684e-09	-3.720147e+01	-1.576672e+02
7.060000e-06	-6.918594e-06	-1.387935e-09	-3.728652e+01	-1.579125e+02
7.070000e-06	-6.933526e-06	-1.390322e-09	-3.736699e+01	-1.581508e+02
7.080000e-06	-6.947525e-06	-1.391808e-09	-3.744243e+01	-1.583819e+02
7.090000e-06	-6.960806e-06	-1.392701e-09	-3.751401e+01	-1.586058e+02
7.100000e-06	-6.973531e-06	-1.393921e-09	-3.758259e+01	-1.588222e+02
7.110000e-06	-6.985697e-06	-1.395455e-09	-3.764816e+01	-1.590311e+02
7.120000e-06	-6.997355e-06	-1.397174e-09	-3.771099e+01	-1.592323e+02
7.130000e-06	-7.008584e-06	-1.398914e-09	-3.777150e+01	-1.594256e+02
7.140000e-06	-7.019353e-06	-1.400075e-09	-3.782954e+01	-1.596109e+02
7.150000e-06	-7.029585e-06	-1.399533e-09	-3.788468e+01	-1.597881e+02
7.160000e-06	-7.039301e-06	-1.399326e-09	-3.793705e+01	-1.599569e+02
7.170000e-06	-7.048565e-06	-1.401155e-09	-3.798697e+01	-1.601173e+02
7.180000e-06	-7.057355e-06	-1.403578e-09	-3.803434e+01	-1.602691e+02
7.190000e-06	-7.065788e-06	-1.404443e-09	-3.807979e+01	-1.604119e+02
7.200000e-06	-7.073995e-06	-1.404076e-09	-3.812403e+01	-1.605458e+02
7.210000e-06	-7.081837e-06	-1.404449e-09	-3.816629e+01	-1.606705e+02
7.220000e-06	-7.088997e-06	-1.405098e-09	-3.820487e+01	-1.607858e+02
7.230000e-06	-7.095108e-06	-1.404834e-09	-3.823781e+01	-1.608916e+02
7.240000e-06	-7.100339e-06	-1.404003e-09	-3.826600e+01	-1.609876e+02
7.250000e-06	-7.105102e-06	-1.403807e-09	-3.829167e+01	-1.610738e+02
7.260000e-06	-7.109593e-06	-1.404230e-09	-3.831587e+01	-1.611499e+02
7.270000e-06	-7.113776e-06	-1.403472e-09	-3.833841e+01	-1.612159e+02
7.280000e-06	-7.117393e-06	-1.402294e-09	-3.835791e+01	-1.612717e+02
7.290000e-06	-7.120537e-06	-1.402206e-09	-3.837485e+01	-1.613173e+02
7.300000e-06	-7.123339e-06	-1.402011e-09	-3.838996e+01	-1.613525e+02
7.310000e-06	-7.125689e-06	-1.401525e-09	-3.840262e+01	-1.613775e+02
7.320000e-06	-7.127512e-06	-1.401094e-09	-3.841244e+01	-1.613924e+02
7.330000e-06	-7.128735e-06	-1.401362e-09	-3.841903e+01	-1.613971e+02
7.340000e-06	-7.129473e-06	-1.401113e-09	-3.842301e+01	-1.613920e+02
