# Temperatura_=_20.0
# Concentracion g/m^3_=_7400.0
# C_Vs_to_Am_M_A/Vsm_=_116720831517.84952
# pendiente_HvsI_1/m_=_3716.3
# ordenada_HvsI_A/m_=_1297.0
# frecuencia_Hz_=_136128.78158750193

Tiempo_(s)	Campo_(V.s)	Magnetizacion_(V.s)	Campo_(kA/m)	Magnetizacion_(A/m)
0.000000e+00	-7.127084e-06	-3.144471e-10	-3.841646e+01	-3.722599e+01
1.000000e-08	-7.127038e-06	-3.140126e-10	-3.841621e+01	-3.722003e+01
2.000000e-08	-7.126730e-06	-3.159019e-10	-3.841455e+01	-3.720722e+01
3.000000e-08	-7.125972e-06	-3.179597e-10	-3.841047e+01	-3.718780e+01
4.000000e-08	-7.124421e-06	-3.181299e-10	-3.840210e+01	-3.716204e+01
5.000000e-08	-7.121957e-06	-3.168881e-10	-3.838882e+01	-3.713030e+01
6.000000e-08	-7.118876e-06	-3.151668e-10	-3.837222e+01	-3.709293e+01
7.000000e-08	-7.115355e-06	-3.149728e-10	-3.835324e+01	-3.705037e+01
8.000000e-08	-7.111361e-06	-3.260704e-10	-3.833171e+01	-3.700307e+01
9.000000e-08	-7.106830e-06	-3.345682e-10	-3.830728e+01	-3.695152e+01
1.000000e-07	-7.101648e-06	-2.953452e-10	-3.827936e+01	-3.689621e+01
1.100000e-07	-7.095855e-06	-2.553522e-10	-3.824813e+01	-3.683767e+01
1.200000e-07	-7.089716e-06	-3.246483e-10	-3.821504e+01	-3.677644e+01
1.300000e-07	-7.083258e-06	-4.040090e-10	-3.818023e+01	-3.671303e+01
1.400000e-07	-7.076378e-06	-3.185972e-10	-3.814314e+01	-3.664799e+01
1.500000e-07	-7.069025e-06	-2.169537e-10	-3.810351e+01	-3.658181e+01
1.600000e-07	-7.061230e-06	-3.235211e-10	-3.806149e+01	-3.651498e+01
1.700000e-07	-7.053104e-06	-4.377234e-10	-3.801769e+01	-3.644796e+01
1.800000e-07	-7.044388e-06	-2.941003e-10	-3.797071e+01	-3.638118e+01
1.900000e-07	-7.034857e-06	-1.654057e-10	-3.791934e+01	-3.631501e+01
2.000000e-07	-7.024686e-06	-3.350209e-10	-3.786451e+01	-3.624980e+01
2.100000e-07	-7.014049e-06	-4.609296e-10	-3.780718e+01	-3.618582e+01
2.200000e-07	-7.002864e-06	-2.826235e-10	-3.774689e+01	-3.612331e+01
2.300000e-07	-6.991031e-06	-1.826699e-10	-3.768311e+01	-3.606242e+01
2.400000e-07	-6.978637e-06	-3.517564e-10	-3.761630e+01	-3.600329e+01
2.500000e-07	-6.965700e-06	-3.967859e-10	-3.754657e+01	-3.594595e+01
2.600000e-07	-6.952183e-06	-2.390081e-10	-3.747371e+01	-3.589039e+01
2.700000e-07	-6.937982e-06	-2.527487e-10	-3.739716e+01	-3.583656e+01
2.800000e-07	-6.923083e-06	-3.829092e-10	-3.731685e+01	-3.578432e+01
2.900000e-07	-6.907444e-06	-3.173065e-10	-3.723255e+01	-3.573351e+01
3.000000e-07	-6.891081e-06	-2.372400e-10	-3.714435e+01	-3.568388e+01
3.100000e-07	-6.874396e-06	-3.396233e-10	-3.705442e+01	-3.563518e+01
3.200000e-07	-6.857429e-06	-3.452712e-10	-3.696296e+01	-3.558710e+01
3.300000e-07	-6.840004e-06	-2.188165e-10	-3.686904e+01	-3.553929e+01
3.400000e-07	-6.822103e-06	-2.845378e-10	-3.677255e+01	-3.549140e+01
3.500000e-07	-6.803652e-06	-4.042988e-10	-3.667309e+01	-3.544303e+01
3.600000e-07	-6.784678e-06	-2.830711e-10	-3.657082e+01	-3.539379e+01
3.700000e-07	-6.765290e-06	-1.987346e-10	-3.646631e+01	-3.534329e+01
3.800000e-07	-6.745594e-06	-3.393729e-10	-3.636015e+01	-3.529112e+01
3.900000e-07	-6.725566e-06	-3.584617e-10	-3.625219e+01	-3.523690e+01
4.000000e-07	-6.705069e-06	-2.272784e-10	-3.614171e+01	-3.518026e+01
4.100000e-07	-6.683983e-06	-2.701955e-10	-3.602805e+01	-3.512085e+01
4.200000e-07	-6.662333e-06	-3.599210e-10	-3.591136e+01	-3.505835e+01
4.300000e-07	-6.640288e-06	-2.805359e-10	-3.579253e+01	-3.499249e+01
4.400000e-07	-6.617796e-06	-2.538854e-10	-3.567129e+01	-3.492300e+01
4.500000e-07	-6.594774e-06	-3.316663e-10	-3.554720e+01	-3.484967e+01
4.600000e-07	-6.571359e-06	-2.914923e-10	-3.542099e+01	-3.477235e+01
4.700000e-07	-6.547730e-06	-2.395231e-10	-3.529362e+01	-3.469090e+01
4.800000e-07	-6.523864e-06	-3.168942e-10	-3.516498e+01	-3.460524e+01
4.900000e-07	-6.499405e-06	-3.271610e-10	-3.503314e+01	-3.451534e+01
5.000000e-07	-6.474183e-06	-2.488272e-10	-3.489718e+01	-3.442119e+01
5.100000e-07	-6.448144e-06	-2.732643e-10	-3.475683e+01	-3.432284e+01
5.200000e-07	-6.421354e-06	-3.172541e-10	-3.461243e+01	-3.422037e+01
5.300000e-07	-6.394122e-06	-2.705830e-10	-3.446564e+01	-3.411388e+01
5.400000e-07	-6.366559e-06	-2.632434e-10	-3.431707e+01	-3.400352e+01
5.500000e-07	-6.338669e-06	-3.032764e-10	-3.416674e+01	-3.388945e+01
5.600000e-07	-6.310402e-06	-2.838827e-10	-3.401437e+01	-3.377184e+01
5.700000e-07	-6.281662e-06	-2.665271e-10	-3.385946e+01	-3.365089e+01
5.800000e-07	-6.252501e-06	-2.921484e-10	-3.370228e+01	-3.352679e+01
5.900000e-07	-6.223012e-06	-2.828367e-10	-3.354332e+01	-3.339976e+01
6.000000e-07	-6.193209e-06	-2.603144e-10	-3.338268e+01	-3.326997e+01
6.100000e-07	-6.162876e-06	-2.766706e-10	-3.321918e+01	-3.313762e+01
6.200000e-07	-6.131932e-06	-2.843240e-10	-3.305238e+01	-3.300289e+01
6.300000e-07	-6.100646e-06	-2.717317e-10	-3.288375e+01	-3.286593e+01
6.400000e-07	-6.069157e-06	-2.750452e-10	-3.271401e+01	-3.272687e+01
6.500000e-07	-6.037473e-06	-2.782985e-10	-3.254323e+01	-3.258583e+01
6.600000e-07	-6.005447e-06	-2.709150e-10	-3.237060e+01	-3.244290e+01
6.700000e-07	-5.972876e-06	-2.723416e-10	-3.219504e+01	-3.229814e+01
6.800000e-07	-5.939518e-06	-2.748623e-10	-3.201523e+01	-3.215157e+01
6.900000e-07	-5.905289e-06	-2.706472e-10	-3.183073e+01	-3.200321e+01
7.000000e-07	-5.870400e-06	-2.690040e-10	-3.164267e+01	-3.185303e+01
7.100000e-07	-5.835118e-06	-2.676079e-10	-3.145249e+01	-3.170099e+01
7.200000e-07	-5.799619e-06	-2.665844e-10	-3.126115e+01	-3.154703e+01
7.300000e-07	-5.763925e-06	-2.692845e-10	-3.106875e+01	-3.139105e+01
7.400000e-07	-5.727985e-06	-2.682898e-10	-3.087503e+01	-3.123297e+01
7.500000e-07	-5.691662e-06	-2.646231e-10	-3.067924e+01	-3.107267e+01
7.600000e-07	-5.654783e-06	-2.665963e-10	-3.048045e+01	-3.091003e+01
7.700000e-07	-5.617380e-06	-2.683837e-10	-3.027884e+01	-3.074495e+01
7.800000e-07	-5.579650e-06	-2.632781e-10	-3.007547e+01	-3.057731e+01
7.900000e-07	-5.541509e-06	-2.573454e-10	-2.986988e+01	-3.040701e+01
8.000000e-07	-5.502719e-06	-2.538398e-10	-2.966080e+01	-3.023395e+01
8.100000e-07	-5.463512e-06	-2.526254e-10	-2.944946e+01	-3.005807e+01
8.200000e-07	-5.424134e-06	-2.544273e-10	-2.923721e+01	-2.987930e+01
8.300000e-07	-5.384611e-06	-2.549654e-10	-2.902417e+01	-2.969762e+01
8.400000e-07	-5.344906e-06	-2.521419e-10	-2.881015e+01	-2.951302e+01
8.500000e-07	-5.304858e-06	-2.491617e-10	-2.859428e+01	-2.932553e+01
8.600000e-07	-5.264435e-06	-2.468146e-10	-2.837640e+01	-2.913521e+01
8.700000e-07	-5.223425e-06	-2.438221e-10	-2.815534e+01	-2.894213e+01
8.800000e-07	-5.181796e-06	-2.398640e-10	-2.793095e+01	-2.874641e+01
8.900000e-07	-5.139750e-06	-2.357680e-10	-2.770432e+01	-2.854818e+01
9.000000e-07	-5.097159e-06	-2.341262e-10	-2.747474e+01	-2.834762e+01
9.100000e-07	-5.054005e-06	-2.344944e-10	-2.724213e+01	-2.814492e+01
9.200000e-07	-5.010522e-06	-2.328421e-10	-2.700775e+01	-2.794027e+01
9.300000e-07	-4.966809e-06	-2.289554e-10	-2.677213e+01	-2.773390e+01
9.400000e-07	-4.922913e-06	-2.261444e-10	-2.653552e+01	-2.752605e+01
9.500000e-07	-4.878687e-06	-2.255031e-10	-2.629713e+01	-2.731694e+01
9.600000e-07	-4.833948e-06	-2.256883e-10	-2.605598e+01	-2.710681e+01
9.700000e-07	-4.788856e-06	-2.243742e-10	-2.581293e+01	-2.689589e+01
9.800000e-07	-4.743453e-06	-2.207993e-10	-2.556820e+01	-2.668438e+01
9.900000e-07	-4.697766e-06	-2.173745e-10	-2.532193e+01	-2.647249e+01
1.000000e-06	-4.651812e-06	-2.157097e-10	-2.507423e+01	-2.626037e+01
1.010000e-06	-4.605534e-06	-2.148361e-10	-2.482478e+01	-2.604816e+01
1.020000e-06	-4.558913e-06	-2.132714e-10	-2.457348e+01	-2.583598e+01
1.030000e-06	-4.511920e-06	-2.112456e-10	-2.432018e+01	-2.562387e+01
1.040000e-06	-4.464603e-06	-2.105618e-10	-2.406513e+01	-2.541185e+01
1.050000e-06	-4.416980e-06	-2.107359e-10	-2.380844e+01	-2.519991e+01
1.060000e-06	-4.369117e-06	-2.094168e-10	-2.355044e+01	-2.498797e+01
1.070000e-06	-4.321006e-06	-2.072113e-10	-2.329112e+01	-2.477591e+01
1.080000e-06	-4.272557e-06	-2.049356e-10	-2.302997e+01	-2.456355e+01
1.090000e-06	-4.223754e-06	-2.034213e-10	-2.276691e+01	-2.435068e+01
1.100000e-06	-4.174500e-06	-2.031667e-10	-2.250142e+01	-2.413705e+01
1.110000e-06	-4.124861e-06	-2.020847e-10	-2.223386e+01	-2.392235e+01
1.120000e-06	-4.074679e-06	-1.994301e-10	-2.196336e+01	-2.370625e+01
1.130000e-06	-4.023921e-06	-1.961231e-10	-2.168977e+01	-2.348838e+01
1.140000e-06	-3.972960e-06	-1.944727e-10	-2.141508e+01	-2.326835e+01
1.150000e-06	-3.921698e-06	-1.941632e-10	-2.113876e+01	-2.304575e+01
1.160000e-06	-3.870054e-06	-1.923049e-10	-2.086039e+01	-2.282017e+01
1.170000e-06	-3.818225e-06	-1.895918e-10	-2.058102e+01	-2.259117e+01
1.180000e-06	-3.766105e-06	-1.880059e-10	-2.030009e+01	-2.235835e+01
1.190000e-06	-3.713509e-06	-1.865768e-10	-2.001658e+01	-2.212129e+01
1.200000e-06	-3.660560e-06	-1.839965e-10	-1.973118e+01	-2.187963e+01
1.210000e-06	-3.607430e-06	-1.814312e-10	-1.944480e+01	-2.163301e+01
1.220000e-06	-3.554144e-06	-1.793632e-10	-1.915757e+01	-2.138111e+01
1.230000e-06	-3.500561e-06	-1.770105e-10	-1.886875e+01	-2.112367e+01
1.240000e-06	-3.446788e-06	-1.752108e-10	-1.857890e+01	-2.086047e+01
1.250000e-06	-3.392945e-06	-1.745353e-10	-1.828867e+01	-2.059135e+01
1.260000e-06	-3.338765e-06	-1.726695e-10	-1.799664e+01	-2.031621e+01
1.270000e-06	-3.284249e-06	-1.689001e-10	-1.770278e+01	-2.003502e+01
1.280000e-06	-3.229638e-06	-1.654786e-10	-1.740842e+01	-1.974782e+01
1.290000e-06	-3.174808e-06	-1.636338e-10	-1.711287e+01	-1.945470e+01
1.300000e-06	-3.119670e-06	-1.618464e-10	-1.681567e+01	-1.915584e+01
1.310000e-06	-3.064413e-06	-1.587260e-10	-1.651782e+01	-1.885148e+01
1.320000e-06	-3.008947e-06	-1.550294e-10	-1.621885e+01	-1.854193e+01
1.330000e-06	-2.953261e-06	-1.510673e-10	-1.591869e+01	-1.822756e+01
1.340000e-06	-2.897548e-06	-1.475222e-10	-1.561838e+01	-1.790880e+01
1.350000e-06	-2.841757e-06	-1.451928e-10	-1.531766e+01	-1.758611e+01
1.360000e-06	-2.785854e-06	-1.435440e-10	-1.501633e+01	-1.726004e+01
1.370000e-06	-2.729736e-06	-1.423337e-10	-1.471384e+01	-1.693114e+01
1.380000e-06	-2.673363e-06	-1.404961e-10	-1.440998e+01	-1.660000e+01
1.390000e-06	-2.616801e-06	-1.376153e-10	-1.410510e+01	-1.626723e+01
1.400000e-06	-2.560054e-06	-1.345562e-10	-1.379922e+01	-1.593345e+01
1.410000e-06	-2.503146e-06	-1.312156e-10	-1.349247e+01	-1.559930e+01
1.420000e-06	-2.445916e-06	-1.285781e-10	-1.318399e+01	-1.526538e+01
1.430000e-06	-2.388347e-06	-1.266865e-10	-1.287368e+01	-1.493228e+01
1.440000e-06	-2.330446e-06	-1.244541e-10	-1.256159e+01	-1.460059e+01
1.450000e-06	-2.272235e-06	-1.216942e-10	-1.224782e+01	-1.427084e+01
1.460000e-06	-2.213688e-06	-1.183095e-10	-1.193223e+01	-1.394352e+01
1.470000e-06	-2.154738e-06	-1.149009e-10	-1.161448e+01	-1.361907e+01
1.480000e-06	-2.095627e-06	-1.117598e-10	-1.129586e+01	-1.329787e+01
1.490000e-06	-2.036388e-06	-1.088604e-10	-1.097655e+01	-1.298024e+01
1.500000e-06	-1.977007e-06	-1.059416e-10	-1.065648e+01	-1.266645e+01
1.510000e-06	-1.917529e-06	-1.038749e-10	-1.033588e+01	-1.235666e+01
1.520000e-06	-1.857984e-06	-1.026311e-10	-1.001492e+01	-1.205099e+01
1.530000e-06	-1.798395e-06	-1.009550e-10	-9.693719e+00	-1.174947e+01
1.540000e-06	-1.738719e-06	-9.809158e-11	-9.372056e+00	-1.145208e+01
1.550000e-06	-1.679019e-06	-9.367362e-11	-9.050260e+00	-1.115869e+01
1.560000e-06	-1.619247e-06	-8.994522e-11	-8.728075e+00	-1.086914e+01
1.570000e-06	-1.559403e-06	-8.849073e-11	-8.405506e+00	-1.058318e+01
1.580000e-06	-1.499534e-06	-8.618902e-11	-8.082798e+00	-1.030052e+01
1.590000e-06	-1.439589e-06	-8.187535e-11	-7.759681e+00	-1.002080e+01
1.600000e-06	-1.379530e-06	-7.862071e-11	-7.435953e+00	-9.743620e+00
1.610000e-06	-1.319339e-06	-7.676302e-11	-7.111511e+00	-9.468544e+00
1.620000e-06	-1.259024e-06	-7.467918e-11	-6.786400e+00	-9.195101e+00
1.630000e-06	-1.198594e-06	-7.193273e-11	-6.460670e+00	-8.922798e+00
1.640000e-06	-1.138078e-06	-6.898797e-11	-6.134476e+00	-8.651128e+00
1.650000e-06	-1.077460e-06	-6.617233e-11	-5.807733e+00	-8.379578e+00
1.660000e-06	-1.016753e-06	-6.464514e-11	-5.480510e+00	-8.107637e+00
1.670000e-06	-9.560260e-07	-6.398917e-11	-5.153178e+00	-7.834807e+00
1.680000e-06	-8.953464e-07	-6.134935e-11	-4.826103e+00	-7.560607e+00
1.690000e-06	-8.346209e-07	-5.699256e-11	-4.498779e+00	-7.284582e+00
1.700000e-06	-7.738525e-07	-5.364214e-11	-4.171225e+00	-7.006312e+00
1.710000e-06	-7.130571e-07	-5.196285e-11	-3.843526e+00	-6.725413e+00
1.720000e-06	-6.521048e-07	-5.110159e-11	-3.514980e+00	-6.441548e+00
1.730000e-06	-5.909978e-07	-4.976175e-11	-3.185601e+00	-6.154425e+00
1.740000e-06	-5.298376e-07	-4.742990e-11	-2.855934e+00	-5.863805e+00
1.750000e-06	-4.686632e-07	-4.539267e-11	-2.526192e+00	-5.569502e+00
1.760000e-06	-4.075402e-07	-4.371387e-11	-2.196726e+00	-5.271385e+00
1.770000e-06	-3.464906e-07	-4.072853e-11	-1.867656e+00	-4.969377e+00
1.780000e-06	-2.853768e-07	-3.640375e-11	-1.538240e+00	-4.663455e+00
1.790000e-06	-2.242082e-07	-3.269131e-11	-1.208529e+00	-4.353650e+00
1.800000e-06	-1.629763e-07	-3.009031e-11	-8.784758e-01	-4.040041e+00
1.810000e-06	-1.017311e-07	-2.798203e-11	-5.483518e-01	-3.722753e+00
1.820000e-06	-4.057485e-08	-2.554427e-11	-2.187069e-01	-3.401956e+00
1.830000e-06	2.062893e-08	-2.193011e-11	1.111942e-01	-3.077854e+00
1.840000e-06	8.185964e-08	-1.802770e-11	4.412404e-01	-2.750687e+00
1.850000e-06	1.430217e-07	-1.489679e-11	7.709165e-01	-2.420719e+00
1.860000e-06	2.042265e-07	-1.249919e-11	1.100823e+00	-2.088239e+00
1.870000e-06	2.654936e-07	-1.012305e-11	1.431066e+00	-1.753547e+00
1.880000e-06	3.267198e-07	-7.116159e-12	1.761087e+00	-1.416957e+00
1.890000e-06	3.879222e-07	-4.488330e-12	2.090981e+00	-1.078784e+00
1.900000e-06	4.490912e-07	-2.295862e-12	2.420694e+00	-7.393432e-01
1.910000e-06	5.101513e-07	6.052985e-13	2.749821e+00	-3.989421e-01
1.920000e-06	5.710988e-07	3.268319e-12	3.078341e+00	-5.787775e-02
1.930000e-06	6.320617e-07	4.891234e-12	3.406944e+00	2.835687e-01
1.940000e-06	6.930177e-07	6.317707e-12	3.735509e+00	6.251351e-01
1.950000e-06	7.538943e-07	7.928733e-12	4.063646e+00	9.665811e-01
1.960000e-06	8.147613e-07	1.058341e-11	4.391732e+00	1.307691e+00
1.970000e-06	8.755820e-07	1.435015e-11	4.719568e+00	1.648275e+00
1.980000e-06	9.362594e-07	1.689734e-11	5.046632e+00	1.988169e+00
1.990000e-06	9.968431e-07	1.823061e-11	5.373191e+00	2.327237e+00
2.000000e-06	1.057312e-06	2.035592e-11	5.699130e+00	2.665370e+00
2.010000e-06	1.117612e-06	2.314637e-11	6.024161e+00	3.002483e+00
2.020000e-06	1.177831e-06	2.641170e-11	6.348751e+00	3.338516e+00
2.030000e-06	1.238105e-06	2.980260e-11	6.673644e+00	3.673430e+00
2.040000e-06	1.298446e-06	3.211515e-11	6.998891e+00	4.007204e+00
2.050000e-06	1.358620e-06	3.385958e-11	7.323246e+00	4.339836e+00
2.060000e-06	1.418662e-06	3.532922e-11	7.646880e+00	4.671333e+00
2.070000e-06	1.478621e-06	3.617119e-11	7.970073e+00	5.001714e+00
2.080000e-06	1.538484e-06	3.754356e-11	8.292748e+00	5.331003e+00
2.090000e-06	1.598378e-06	4.005049e-11	8.615589e+00	5.659225e+00
2.100000e-06	1.658241e-06	4.341384e-11	8.938262e+00	5.986407e+00
2.110000e-06	1.717921e-06	4.735993e-11	9.259949e+00	6.312569e+00
2.120000e-06	1.777469e-06	5.056215e-11	9.580927e+00	6.637724e+00
2.130000e-06	1.836966e-06	5.197094e-11	9.901627e+00	6.961876e+00
2.140000e-06	1.896368e-06	5.199979e-11	1.022182e+01	7.285016e+00
2.150000e-06	1.955663e-06	5.265681e-11	1.054143e+01	7.607121e+00
2.160000e-06	2.014849e-06	5.509922e-11	1.086045e+01	7.928154e+00
2.170000e-06	2.073907e-06	5.787623e-11	1.117879e+01	8.248061e+00
2.180000e-06	2.132834e-06	6.050754e-11	1.149642e+01	8.566772e+00
2.190000e-06	2.191560e-06	6.427343e-11	1.181296e+01	8.884200e+00
2.200000e-06	2.250067e-06	6.842046e-11	1.212833e+01	9.200244e+00
2.210000e-06	2.308327e-06	7.141558e-11	1.244236e+01	9.514790e+00
2.220000e-06	2.366233e-06	7.264635e-11	1.275449e+01	9.827711e+00
2.230000e-06	2.423802e-06	7.298912e-11	1.306480e+01	1.013887e+01
2.240000e-06	2.481087e-06	7.527904e-11	1.337358e+01	1.044813e+01
2.250000e-06	2.538092e-06	7.918709e-11	1.368084e+01	1.075533e+01
2.260000e-06	2.594838e-06	8.241230e-11	1.398672e+01	1.106035e+01
2.270000e-06	2.651355e-06	8.416762e-11	1.429135e+01	1.136302e+01
2.280000e-06	2.707722e-06	8.564776e-11	1.459518e+01	1.166321e+01
2.290000e-06	2.763893e-06	8.795674e-11	1.489796e+01	1.196080e+01
2.300000e-06	2.819890e-06	9.026984e-11	1.519979e+01	1.225568e+01
2.310000e-06	2.875761e-06	9.320904e-11	1.550095e+01	1.254774e+01
2.320000e-06	2.931460e-06	9.753582e-11	1.580118e+01	1.283692e+01
2.330000e-06	2.986895e-06	1.021261e-10	1.609998e+01	1.312317e+01
2.340000e-06	3.042082e-06	1.055549e-10	1.639745e+01	1.340645e+01
2.350000e-06	3.097183e-06	1.075084e-10	1.669446e+01	1.368677e+01
2.360000e-06	3.152234e-06	1.081689e-10	1.699119e+01	1.396417e+01
2.370000e-06	3.207120e-06	1.082562e-10	1.728704e+01	1.423871e+01
2.380000e-06	3.261709e-06	1.096508e-10	1.758129e+01	1.451048e+01
2.390000e-06	3.316071e-06	1.142677e-10	1.787431e+01	1.477961e+01
2.400000e-06	3.370142e-06	1.194741e-10	1.816577e+01	1.504626e+01
2.410000e-06	3.423949e-06	1.224720e-10	1.845579e+01	1.531061e+01
2.420000e-06	3.477579e-06	1.252025e-10	1.874487e+01	1.557288e+01
2.430000e-06	3.531040e-06	1.280579e-10	1.903304e+01	1.583331e+01
2.440000e-06	3.584350e-06	1.303170e-10	1.932039e+01	1.609216e+01
2.450000e-06	3.637312e-06	1.316743e-10	1.960586e+01	1.634972e+01
2.460000e-06	3.689937e-06	1.321847e-10	1.988953e+01	1.660627e+01
2.470000e-06	3.742333e-06	1.333398e-10	2.017195e+01	1.686212e+01
2.480000e-06	3.794409e-06	1.356305e-10	2.045265e+01	1.711759e+01
2.490000e-06	3.846123e-06	1.385705e-10	2.073140e+01	1.737300e+01
2.500000e-06	3.897465e-06	1.416601e-10	2.100814e+01	1.762865e+01
2.510000e-06	3.948430e-06	1.438628e-10	2.128285e+01	1.788486e+01
2.520000e-06	3.999047e-06	1.449408e-10	2.155569e+01	1.814190e+01
2.530000e-06	4.049327e-06	1.468370e-10	2.182671e+01	1.840006e+01
2.540000e-06	4.099234e-06	1.490769e-10	2.209572e+01	1.865958e+01
2.550000e-06	4.148641e-06	1.498179e-10	2.236203e+01	1.892069e+01
2.560000e-06	4.197616e-06	1.503148e-10	2.262602e+01	1.918357e+01
2.570000e-06	4.246249e-06	1.517364e-10	2.288816e+01	1.944840e+01
2.580000e-06	4.294431e-06	1.542590e-10	2.314787e+01	1.971528e+01
2.590000e-06	4.342284e-06	1.573967e-10	2.340581e+01	1.998429e+01
2.600000e-06	4.389937e-06	1.601365e-10	2.366267e+01	2.025548e+01
2.610000e-06	4.437292e-06	1.617488e-10	2.391792e+01	2.052883e+01
2.620000e-06	4.484429e-06	1.625490e-10	2.417200e+01	2.080429e+01
2.630000e-06	4.531429e-06	1.644311e-10	2.442534e+01	2.108177e+01
2.640000e-06	4.578037e-06	1.674777e-10	2.467657e+01	2.136113e+01
2.650000e-06	4.624143e-06	1.693370e-10	2.492509e+01	2.164217e+01
2.660000e-06	4.669909e-06	1.696094e-10	2.517178e+01	2.192468e+01
2.670000e-06	4.715339e-06	1.705685e-10	2.541665e+01	2.220839e+01
2.680000e-06	4.760372e-06	1.736469e-10	2.565939e+01	2.249299e+01
2.690000e-06	4.805116e-06	1.766443e-10	2.590057e+01	2.277816e+01
2.700000e-06	4.849623e-06	1.770765e-10	2.614047e+01	2.306354e+01
2.710000e-06	4.893743e-06	1.770403e-10	2.637829e+01	2.334873e+01
2.720000e-06	4.937586e-06	1.796567e-10	2.661461e+01	2.363334e+01
2.730000e-06	4.981279e-06	1.841432e-10	2.685013e+01	2.391694e+01
2.740000e-06	5.024695e-06	1.880696e-10	2.708415e+01	2.419911e+01
2.750000e-06	5.067802e-06	1.893965e-10	2.731650e+01	2.447941e+01
2.760000e-06	5.110537e-06	1.885437e-10	2.754686e+01	2.475741e+01
2.770000e-06	5.152760e-06	1.894677e-10	2.777444e+01	2.503270e+01
2.780000e-06	5.194478e-06	1.939617e-10	2.799931e+01	2.530485e+01
2.790000e-06	5.235676e-06	1.980148e-10	2.822138e+01	2.557348e+01
2.800000e-06	5.276301e-06	1.993181e-10	2.844036e+01	2.583821e+01
2.810000e-06	5.316459e-06	2.007689e-10	2.865681e+01	2.609868e+01
2.820000e-06	5.356284e-06	2.043932e-10	2.887148e+01	2.635459e+01
2.830000e-06	5.395851e-06	2.080441e-10	2.908475e+01	2.660564e+01
2.840000e-06	5.435150e-06	2.098504e-10	2.929658e+01	2.685158e+01
2.850000e-06	5.474035e-06	2.107816e-10	2.950618e+01	2.709220e+01
2.860000e-06	5.512529e-06	2.118874e-10	2.971367e+01	2.732732e+01
2.870000e-06	5.550686e-06	2.142575e-10	2.991935e+01	2.755681e+01
2.880000e-06	5.588421e-06	2.178634e-10	3.012275e+01	2.778059e+01
2.890000e-06	5.625717e-06	2.202342e-10	3.032378e+01	2.799858e+01
2.900000e-06	5.662568e-06	2.208207e-10	3.052241e+01	2.821079e+01
2.910000e-06	5.699058e-06	2.227374e-10	3.071910e+01	2.841723e+01
2.920000e-06	5.735255e-06	2.274036e-10	3.091421e+01	2.861798e+01
2.930000e-06	5.771213e-06	2.319913e-10	3.110803e+01	2.881313e+01
2.940000e-06	5.806937e-06	2.331975e-10	3.130059e+01	2.900282e+01
2.950000e-06	5.842303e-06	2.321559e-10	3.149122e+01	2.918720e+01
2.960000e-06	5.877156e-06	2.327504e-10	3.167909e+01	2.936646e+01
2.970000e-06	5.911403e-06	2.357701e-10	3.186369e+01	2.954082e+01
2.980000e-06	5.945157e-06	2.388196e-10	3.204563e+01	2.971050e+01
2.990000e-06	5.978402e-06	2.401605e-10	3.222482e+01	2.987575e+01
3.000000e-06	6.010999e-06	2.405327e-10	3.240053e+01	3.003682e+01
3.010000e-06	6.043035e-06	2.423069e-10	3.257321e+01	3.019399e+01
3.020000e-06	6.074691e-06	2.461581e-10	3.274384e+01	3.034751e+01
3.030000e-06	6.106052e-06	2.498720e-10	3.291288e+01	3.049767e+01
3.040000e-06	6.137164e-06	2.506696e-10	3.308059e+01	3.064472e+01
3.050000e-06	6.167918e-06	2.517002e-10	3.324635e+01	3.078894e+01
3.060000e-06	6.198170e-06	2.555134e-10	3.340942e+01	3.093057e+01
3.070000e-06	6.227928e-06	2.584104e-10	3.356982e+01	3.106987e+01
3.080000e-06	6.257299e-06	2.591682e-10	3.372814e+01	3.120706e+01
3.090000e-06	6.286309e-06	2.602230e-10	3.388451e+01	3.134236e+01
3.100000e-06	6.314810e-06	2.621236e-10	3.403814e+01	3.147599e+01
3.110000e-06	6.342885e-06	2.636579e-10	3.418946e+01	3.160813e+01
3.120000e-06	6.370621e-06	2.646022e-10	3.433897e+01	3.173895e+01
3.130000e-06	6.398010e-06	2.647137e-10	3.448660e+01	3.186861e+01
3.140000e-06	6.424978e-06	2.645256e-10	3.463196e+01	3.199726e+01
3.150000e-06	6.451462e-06	2.654883e-10	3.477471e+01	3.212501e+01
3.160000e-06	6.477325e-06	2.683302e-10	3.491412e+01	3.225199e+01
3.170000e-06	6.502590e-06	2.704051e-10	3.505031e+01	3.237829e+01
3.180000e-06	6.527193e-06	2.710631e-10	3.518292e+01	3.250400e+01
3.190000e-06	6.551032e-06	2.719154e-10	3.531142e+01	3.262919e+01
3.200000e-06	6.574526e-06	2.725149e-10	3.543805e+01	3.275393e+01
3.210000e-06	6.597786e-06	2.738033e-10	3.556343e+01	3.287829e+01
3.220000e-06	6.620623e-06	2.755974e-10	3.568653e+01	3.300230e+01
3.230000e-06	6.642897e-06	2.759723e-10	3.580659e+01	3.312601e+01
3.240000e-06	6.664621e-06	2.759843e-10	3.592369e+01	3.324947e+01
3.250000e-06	6.685997e-06	2.770337e-10	3.603891e+01	3.337271e+01
3.260000e-06	6.706939e-06	2.788266e-10	3.615179e+01	3.349575e+01
3.270000e-06	6.727364e-06	2.799085e-10	3.626189e+01	3.361863e+01
3.280000e-06	6.747443e-06	2.793204e-10	3.637011e+01	3.374137e+01
3.290000e-06	6.767128e-06	2.790983e-10	3.647622e+01	3.386398e+01
3.300000e-06	6.786370e-06	2.807063e-10	3.657994e+01	3.398648e+01
3.310000e-06	6.805231e-06	2.828216e-10	3.668161e+01	3.410888e+01
3.320000e-06	6.823560e-06	2.829178e-10	3.678040e+01	3.423117e+01
3.330000e-06	6.841396e-06	2.813357e-10	3.687654e+01	3.435335e+01
3.340000e-06	6.858703e-06	2.808686e-10	3.696983e+01	3.447540e+01
3.350000e-06	6.875511e-06	2.831038e-10	3.706043e+01	3.459728e+01
3.360000e-06	6.892009e-06	2.855609e-10	3.714936e+01	3.471895e+01
3.370000e-06	6.908056e-06	2.858333e-10	3.723585e+01	3.484036e+01
3.380000e-06	6.923533e-06	2.856716e-10	3.731928e+01	3.496141e+01
3.390000e-06	6.938413e-06	2.866823e-10	3.739948e+01	3.508202e+01
3.400000e-06	6.952649e-06	2.886566e-10	3.747622e+01	3.520206e+01
3.410000e-06	6.966301e-06	2.899328e-10	3.754980e+01	3.532139e+01
3.420000e-06	6.979505e-06	2.899061e-10	3.762098e+01	3.543985e+01
3.430000e-06	6.992246e-06	2.900195e-10	3.768965e+01	3.555724e+01
3.440000e-06	7.004463e-06	2.918232e-10	3.775551e+01	3.567336e+01
3.450000e-06	7.016190e-06	2.947369e-10	3.781872e+01	3.578795e+01
3.460000e-06	7.027407e-06	2.966785e-10	3.787918e+01	3.590076e+01
3.470000e-06	7.037971e-06	2.967068e-10	3.793612e+01	3.601150e+01
3.480000e-06	7.047865e-06	2.960669e-10	3.798945e+01	3.611986e+01
3.490000e-06	7.056980e-06	2.975535e-10	3.803858e+01	3.622552e+01
3.500000e-06	7.065347e-06	3.007341e-10	3.808368e+01	3.632813e+01
3.510000e-06	7.073208e-06	3.034975e-10	3.812605e+01	3.642732e+01
3.520000e-06	7.080636e-06	3.058479e-10	3.816609e+01	3.652275e+01
3.530000e-06	7.087739e-06	3.074739e-10	3.820438e+01	3.661402e+01
3.540000e-06	7.094353e-06	3.084838e-10	3.824003e+01	3.670078e+01
3.550000e-06	7.100332e-06	3.096275e-10	3.827226e+01	3.678264e+01
3.560000e-06	7.105769e-06	3.110236e-10	3.830157e+01	3.685926e+01
3.570000e-06	7.110835e-06	3.116735e-10	3.832887e+01	3.693028e+01
3.580000e-06	7.115463e-06	3.121710e-10	3.835382e+01	3.699537e+01
3.590000e-06	7.119602e-06	3.142344e-10	3.837613e+01	3.705425e+01
3.600000e-06	7.123397e-06	3.164781e-10	3.839658e+01	3.710663e+01
3.610000e-06	7.126826e-06	3.164340e-10	3.841507e+01	3.715228e+01
3.620000e-06	7.129896e-06	3.148666e-10	3.843162e+01	3.719101e+01
3.630000e-06	7.132397e-06	3.145556e-10	3.844510e+01	3.722267e+01
3.640000e-06	7.134074e-06	3.161829e-10	3.845413e+01	3.724715e+01
3.650000e-06	7.134962e-06	3.169997e-10	3.845892e+01	3.726440e+01
3.660000e-06	7.135162e-06	3.166132e-10	3.846000e+01	3.727441e+01
3.670000e-06	7.134903e-06	3.172880e-10	3.845860e+01	3.727726e+01
3.680000e-06	7.134438e-06	3.172844e-10	3.845610e+01	3.727304e+01
3.690000e-06	7.133594e-06	3.167207e-10	3.845155e+01	3.726192e+01
3.700000e-06	7.132193e-06	3.181766e-10	3.844400e+01	3.724412e+01
3.710000e-06	7.130330e-06	3.197519e-10	3.843395e+01	3.721992e+01
3.720000e-06	7.128101e-06	3.201169e-10	3.842194e+01	3.718964e+01
3.730000e-06	7.125440e-06	3.220728e-10	3.840760e+01	3.715364e+01
3.740000e-06	7.122050e-06	3.180290e-10	3.838932e+01	3.711233e+01
3.750000e-06	7.117990e-06	2.939975e-10	3.836744e+01	3.706617e+01
3.760000e-06	7.113512e-06	2.983533e-10	3.834330e+01	3.701563e+01
3.770000e-06	7.108424e-06	3.792004e-10	3.831588e+01	3.696121e+01
3.780000e-06	7.102546e-06	3.826573e-10	3.828419e+01	3.690343e+01
3.790000e-06	7.096225e-06	2.454893e-10	3.825012e+01	3.684282e+01
3.800000e-06	7.089690e-06	2.283448e-10	3.821490e+01	3.677991e+01
3.810000e-06	7.082620e-06	3.886509e-10	3.817679e+01	3.671523e+01
3.820000e-06	7.074803e-06	4.101207e-10	3.813466e+01	3.664928e+01
3.830000e-06	7.066552e-06	2.198394e-10	3.809018e+01	3.658257e+01
3.840000e-06	7.057999e-06	1.993173e-10	3.804408e+01	3.651556e+01
3.850000e-06	7.049024e-06	4.364033e-10	3.799570e+01	3.644868e+01
3.860000e-06	7.039423e-06	4.531257e-10	3.794395e+01	3.638233e+01
3.870000e-06	7.029203e-06	1.692274e-10	3.788886e+01	3.631684e+01
3.880000e-06	7.018704e-06	1.526718e-10	3.783227e+01	3.625253e+01
3.890000e-06	7.007815e-06	4.470110e-10	3.777357e+01	3.618963e+01
3.900000e-06	6.996261e-06	4.346473e-10	3.771130e+01	3.612833e+01
3.910000e-06	6.984096e-06	1.530456e-10	3.764572e+01	3.606875e+01
3.920000e-06	6.971388e-06	2.268938e-10	3.757723e+01	3.601095e+01
3.930000e-06	6.957933e-06	4.845376e-10	3.750470e+01	3.595496e+01
3.940000e-06	6.943536e-06	3.404915e-10	3.742710e+01	3.590070e+01
3.950000e-06	6.928471e-06	1.249200e-10	3.734589e+01	3.584808e+01
3.960000e-06	6.913060e-06	3.224513e-10	3.726282e+01	3.579693e+01
3.970000e-06	6.897144e-06	4.630463e-10	3.717704e+01	3.574703e+01
3.980000e-06	6.880767e-06	2.350998e-10	3.708876e+01	3.569812e+01
3.990000e-06	6.864056e-06	2.050373e-10	3.699868e+01	3.564992e+01
4.000000e-06	6.846936e-06	4.376447e-10	3.690640e+01	3.560207e+01
4.010000e-06	6.829366e-06	3.474992e-10	3.681169e+01	3.555423e+01
4.020000e-06	6.811276e-06	1.437758e-10	3.671419e+01	3.550602e+01
4.030000e-06	6.792651e-06	3.245826e-10	3.661380e+01	3.545703e+01
4.040000e-06	6.773431e-06	4.549166e-10	3.651020e+01	3.540688e+01
4.050000e-06	6.753708e-06	2.317146e-10	3.640388e+01	3.535516e+01
4.060000e-06	6.733694e-06	2.095431e-10	3.629601e+01	3.530149e+01
4.070000e-06	6.713367e-06	4.210121e-10	3.618644e+01	3.524549e+01
4.080000e-06	6.692683e-06	3.334521e-10	3.607495e+01	3.518680e+01
4.090000e-06	6.671534e-06	1.825234e-10	3.596095e+01	3.512511e+01
4.100000e-06	6.649805e-06	3.344733e-10	3.584383e+01	3.506011e+01
4.110000e-06	6.627249e-06	3.851322e-10	3.572224e+01	3.499154e+01
4.120000e-06	6.603819e-06	2.303780e-10	3.559595e+01	3.491919e+01
4.130000e-06	6.579879e-06	2.830237e-10	3.546691e+01	3.484288e+01
4.140000e-06	6.555606e-06	3.863221e-10	3.533607e+01	3.476247e+01
4.150000e-06	6.531025e-06	2.668999e-10	3.520358e+01	3.467787e+01
4.160000e-06	6.506032e-06	2.380173e-10	3.506886e+01	3.458903e+01
4.170000e-06	6.480597e-06	3.567972e-10	3.493176e+01	3.449594e+01
4.180000e-06	6.454626e-06	3.156035e-10	3.479177e+01	3.439863e+01
4.190000e-06	6.428052e-06	2.481291e-10	3.464853e+01	3.429718e+01
4.200000e-06	6.401108e-06	3.217542e-10	3.450330e+01	3.419168e+01
4.210000e-06	6.373708e-06	3.215195e-10	3.435561e+01	3.408228e+01
4.220000e-06	6.345834e-06	2.567388e-10	3.420536e+01	3.396911e+01
4.230000e-06	6.317698e-06	2.967732e-10	3.405370e+01	3.385237e+01
4.240000e-06	6.289355e-06	3.206806e-10	3.390092e+01	3.373224e+01
4.250000e-06	6.260795e-06	2.749243e-10	3.374698e+01	3.360891e+01
4.260000e-06	6.231664e-06	2.875705e-10	3.358996e+01	3.348259e+01
4.270000e-06	6.201764e-06	3.129845e-10	3.342879e+01	3.335347e+01
4.280000e-06	6.171147e-06	2.867592e-10	3.326376e+01	3.322174e+01
4.290000e-06	6.139791e-06	2.816817e-10	3.309475e+01	3.308759e+01
4.300000e-06	6.107862e-06	2.939269e-10	3.292264e+01	3.295117e+01
4.310000e-06	6.075645e-06	2.861774e-10	3.274898e+01	3.281263e+01
4.320000e-06	6.043166e-06	2.885355e-10	3.257392e+01	3.267207e+01
4.330000e-06	6.010219e-06	2.909994e-10	3.239632e+01	3.252961e+01
4.340000e-06	5.976754e-06	2.803260e-10	3.221594e+01	3.238530e+01
4.350000e-06	5.942819e-06	2.817747e-10	3.203302e+01	3.223918e+01
4.360000e-06	5.908478e-06	2.818531e-10	3.184792e+01	3.209127e+01
4.370000e-06	5.873837e-06	2.756805e-10	3.166120e+01	3.194155e+01
4.380000e-06	5.838819e-06	2.831822e-10	3.147244e+01	3.178998e+01
4.390000e-06	5.803320e-06	2.822350e-10	3.128110e+01	3.163650e+01
4.400000e-06	5.767497e-06	2.698246e-10	3.108800e+01	3.148103e+01
4.410000e-06	5.731424e-06	2.757219e-10	3.089356e+01	3.132348e+01
4.420000e-06	5.695179e-06	2.807183e-10	3.069819e+01	3.116375e+01
4.430000e-06	5.658752e-06	2.680166e-10	3.050184e+01	3.100171e+01
4.440000e-06	5.621852e-06	2.647897e-10	3.030295e+01	3.083725e+01
4.450000e-06	5.584340e-06	2.720544e-10	3.010075e+01	3.067026e+01
4.460000e-06	5.546039e-06	2.713705e-10	2.989430e+01	3.050063e+01
4.470000e-06	5.506870e-06	2.684221e-10	2.968317e+01	3.032827e+01
4.480000e-06	5.467177e-06	2.669174e-10	2.946922e+01	3.015309e+01
4.490000e-06	5.427221e-06	2.621649e-10	2.925384e+01	2.997505e+01
4.500000e-06	5.387018e-06	2.592030e-10	2.903714e+01	2.979410e+01
4.510000e-06	5.346582e-06	2.605886e-10	2.881919e+01	2.961023e+01
4.520000e-06	5.305877e-06	2.611727e-10	2.859978e+01	2.942346e+01
4.530000e-06	5.264733e-06	2.586105e-10	2.837800e+01	2.923383e+01
4.540000e-06	5.223195e-06	2.557608e-10	2.815410e+01	2.904143e+01
4.550000e-06	5.181390e-06	2.562712e-10	2.792877e+01	2.884635e+01
4.560000e-06	5.139260e-06	2.580337e-10	2.770168e+01	2.864874e+01
4.570000e-06	5.096784e-06	2.552052e-10	2.747272e+01	2.844875e+01
4.580000e-06	5.054026e-06	2.489744e-10	2.724225e+01	2.824656e+01
4.590000e-06	5.010873e-06	2.459651e-10	2.700964e+01	2.804238e+01
4.600000e-06	4.967349e-06	2.476268e-10	2.677504e+01	2.783642e+01
4.610000e-06	4.923595e-06	2.487037e-10	2.653920e+01	2.762891e+01
4.620000e-06	4.879494e-06	2.466241e-10	2.630148e+01	2.742009e+01
4.630000e-06	4.835090e-06	2.441153e-10	2.606213e+01	2.721020e+01
4.640000e-06	4.790630e-06	2.419015e-10	2.582249e+01	2.699945e+01
4.650000e-06	4.745880e-06	2.388839e-10	2.558128e+01	2.678807e+01
4.660000e-06	4.700648e-06	2.361504e-10	2.533747e+01	2.657626e+01
4.670000e-06	4.655011e-06	2.324992e-10	2.509147e+01	2.636418e+01
4.680000e-06	4.609020e-06	2.284554e-10	2.484357e+01	2.615198e+01
4.690000e-06	4.562693e-06	2.272604e-10	2.459386e+01	2.593978e+01
4.700000e-06	4.515896e-06	2.283681e-10	2.434162e+01	2.572765e+01
4.710000e-06	4.468929e-06	2.291360e-10	2.408845e+01	2.551561e+01
4.720000e-06	4.421816e-06	2.263609e-10	2.383450e+01	2.530366e+01
4.730000e-06	4.374341e-06	2.195269e-10	2.357860e+01	2.509172e+01
4.740000e-06	4.326512e-06	2.142650e-10	2.332080e+01	2.487970e+01
4.750000e-06	4.278320e-06	2.134759e-10	2.306103e+01	2.466743e+01
4.760000e-06	4.229887e-06	2.128023e-10	2.279997e+01	2.445472e+01
4.770000e-06	4.181118e-06	2.105880e-10	2.253709e+01	2.424130e+01
4.780000e-06	4.131884e-06	2.101934e-10	2.227171e+01	2.402690e+01
4.790000e-06	4.082127e-06	2.114517e-10	2.200351e+01	2.381118e+01
4.800000e-06	4.031968e-06	2.107570e-10	2.173315e+01	2.359379e+01
4.810000e-06	3.981605e-06	2.085529e-10	2.146167e+01	2.337433e+01
4.820000e-06	3.931011e-06	2.056913e-10	2.118896e+01	2.315242e+01
4.830000e-06	3.880154e-06	2.023813e-10	2.091483e+01	2.292762e+01
4.840000e-06	3.828989e-06	2.010871e-10	2.063904e+01	2.269951e+01
4.850000e-06	3.777427e-06	2.019625e-10	2.036112e+01	2.246768e+01
4.860000e-06	3.725585e-06	2.018084e-10	2.008168e+01	2.223172e+01
4.870000e-06	3.673609e-06	1.991975e-10	1.980152e+01	2.199125e+01
4.880000e-06	3.621383e-06	1.962216e-10	1.952001e+01	2.174589e+01
4.890000e-06	3.568897e-06	1.941128e-10	1.923710e+01	2.149534e+01
4.900000e-06	3.516144e-06	1.930590e-10	1.895274e+01	2.123931e+01
4.910000e-06	3.463045e-06	1.922522e-10	1.866653e+01	2.097756e+01
4.920000e-06	3.409515e-06	1.893530e-10	1.837799e+01	2.070993e+01
4.930000e-06	3.355535e-06	1.865483e-10	1.808703e+01	2.043631e+01
4.940000e-06	3.301265e-06	1.862926e-10	1.779450e+01	2.015663e+01
4.950000e-06	3.246642e-06	1.846930e-10	1.750007e+01	1.987092e+01
4.960000e-06	3.191542e-06	1.794975e-10	1.720307e+01	1.957926e+01
4.970000e-06	3.136075e-06	1.748170e-10	1.690409e+01	1.928182e+01
4.980000e-06	3.080310e-06	1.730406e-10	1.660351e+01	1.897881e+01
4.990000e-06	3.024325e-06	1.719305e-10	1.630174e+01	1.867052e+01
5.000000e-06	2.968172e-06	1.695007e-10	1.599906e+01	1.835732e+01
5.010000e-06	2.911846e-06	1.659788e-10	1.569545e+01	1.803961e+01
5.020000e-06	2.855489e-06	1.621113e-10	1.539168e+01	1.771785e+01
5.030000e-06	2.798999e-06	1.594327e-10	1.508718e+01	1.739258e+01
5.040000e-06	2.742237e-06	1.585475e-10	1.478123e+01	1.706433e+01
5.050000e-06	2.685426e-06	1.578211e-10	1.447500e+01	1.673369e+01
5.060000e-06	2.628582e-06	1.556327e-10	1.416860e+01	1.640127e+01
5.070000e-06	2.571493e-06	1.522418e-10	1.386088e+01	1.606768e+01
5.080000e-06	2.514157e-06	1.494506e-10	1.355183e+01	1.573356e+01
5.090000e-06	2.456773e-06	1.475475e-10	1.324251e+01	1.539953e+01
5.100000e-06	2.399202e-06	1.448346e-10	1.293220e+01	1.506617e+01
5.110000e-06	2.341298e-06	1.409155e-10	1.262008e+01	1.473408e+01
5.120000e-06	2.283200e-06	1.373369e-10	1.230692e+01	1.440379e+01
5.130000e-06	2.224961e-06	1.353090e-10	1.199300e+01	1.407582e+01
5.140000e-06	2.166639e-06	1.342097e-10	1.167863e+01	1.375061e+01
5.150000e-06	2.108179e-06	1.315993e-10	1.136352e+01	1.342856e+01
5.160000e-06	2.049486e-06	1.269211e-10	1.104715e+01	1.311002e+01
5.170000e-06	1.990731e-06	1.222452e-10	1.073045e+01	1.279524e+01
5.180000e-06	1.931899e-06	1.191804e-10	1.041334e+01	1.248444e+01
5.190000e-06	1.872886e-06	1.176866e-10	1.009525e+01	1.217773e+01
5.200000e-06	1.813684e-06	1.156575e-10	9.776134e+00	1.187518e+01
5.210000e-06	1.754331e-06	1.114774e-10	9.456206e+00	1.157676e+01
5.220000e-06	1.694855e-06	1.079825e-10	9.135621e+00	1.128238e+01
5.230000e-06	1.635288e-06	1.066060e-10	8.814540e+00	1.099189e+01
5.240000e-06	1.575684e-06	1.042412e-10	8.493262e+00	1.070506e+01
5.250000e-06	1.515905e-06	1.000475e-10	8.171042e+00	1.042160e+01
5.260000e-06	1.455988e-06	9.623334e-11	7.848076e+00	1.014118e+01
5.270000e-06	1.396049e-06	9.365947e-11	7.524992e+00	9.863406e+00
5.280000e-06	1.336005e-06	9.091101e-11	7.201345e+00	9.587846e+00
5.290000e-06	1.275863e-06	8.742010e-11	6.877165e+00	9.314040e+00
5.300000e-06	1.215721e-06	8.336879e-11	6.552990e+00	9.041498e+00
5.310000e-06	1.155520e-06	7.987006e-11	6.228493e+00	8.769717e+00
5.320000e-06	1.095236e-06	7.801439e-11	5.903550e+00	8.498184e+00
5.330000e-06	1.034893e-06	7.713808e-11	5.578285e+00	8.226387e+00
5.340000e-06	9.745139e-07	7.662188e-11	5.252832e+00	7.953824e+00
5.350000e-06	9.141374e-07	7.476517e-11	4.927390e+00	7.680009e+00
5.360000e-06	8.537644e-07	7.216938e-11	4.601967e+00	7.404480e+00
5.370000e-06	7.934170e-07	6.997591e-11	4.276682e+00	7.126808e+00
5.380000e-06	7.330265e-07	6.773271e-11	3.951164e+00	6.846599e+00
5.390000e-06	6.725334e-07	6.506023e-11	3.625094e+00	6.563504e+00
5.400000e-06	6.120167e-07	6.170818e-11	3.298897e+00	6.277219e+00
5.410000e-06	5.514475e-07	5.930319e-11	2.972416e+00	5.987492e+00
5.420000e-06	4.907682e-07	5.819782e-11	2.645342e+00	5.694123e+00
5.430000e-06	4.300847e-07	5.661090e-11	2.318246e+00	5.396968e+00
5.440000e-06	3.694088e-07	5.328057e-11	1.991190e+00	5.095935e+00
5.450000e-06	3.087062e-07	4.934855e-11	1.663990e+00	4.790990e+00
5.460000e-06	2.480136e-07	4.665588e-11	1.336845e+00	4.482150e+00
5.470000e-06	1.873529e-07	4.495445e-11	1.009871e+00	4.169480e+00
5.480000e-06	1.266938e-07	4.299790e-11	6.829060e-01	3.853097e+00
5.490000e-06	6.600122e-08	4.083348e-11	3.557603e-01	3.533158e+00
5.500000e-06	5.300929e-09	3.856636e-11	2.857311e-02	3.209860e+00
5.510000e-06	-5.542666e-08	3.595241e-11	-2.987612e-01	2.883435e+00
5.520000e-06	-1.161470e-07	3.316187e-11	-6.260564e-01	2.554140e+00
5.530000e-06	-1.768026e-07	2.947279e-11	-9.530029e-01	2.222259e+00
5.540000e-06	-2.375255e-07	2.571251e-11	-1.280312e+00	1.888090e+00
5.550000e-06	-2.983280e-07	2.331506e-11	-1.608050e+00	1.551944e+00
5.560000e-06	-3.590927e-07	2.165714e-11	-1.935584e+00	1.214136e+00
5.570000e-06	-4.198654e-07	1.947097e-11	-2.263162e+00	8.749822e-01
5.580000e-06	-4.805424e-07	1.563815e-11	-2.590223e+00	5.347918e-01
5.590000e-06	-5.411073e-07	1.192113e-11	-2.916680e+00	1.938653e-01
5.600000e-06	-6.016914e-07	9.230807e-12	-3.243241e+00	-1.475121e-01
5.610000e-06	-6.623059e-07	6.437247e-12	-3.569966e+00	-4.890729e-01
5.620000e-06	-7.228368e-07	4.105678e-12	-3.896240e+00	-8.305712e-01
5.630000e-06	-7.833055e-07	1.187458e-12	-4.222179e+00	-1.171785e+00
5.640000e-06	-8.438391e-07	-3.266102e-12	-4.548468e+00	-1.512517e+00
5.650000e-06	-9.042698e-07	-7.675679e-12	-4.874201e+00	-1.852599e+00
5.660000e-06	-9.645667e-07	-1.134536e-11	-5.199214e+00	-2.191886e+00
5.670000e-06	-1.024835e-06	-1.388758e-11	-5.524071e+00	-2.530263e+00
5.680000e-06	-1.085054e-06	-1.541594e-11	-5.848667e+00	-2.867638e+00
5.690000e-06	-1.145233e-06	-1.744956e-11	-6.173044e+00	-3.203947e+00
5.700000e-06	-1.205321e-06	-2.081179e-11	-6.496928e+00	-3.539144e+00
5.710000e-06	-1.265313e-06	-2.401607e-11	-6.820301e+00	-3.873205e+00
5.720000e-06	-1.325260e-06	-2.664518e-11	-7.143428e+00	-4.206123e+00
5.730000e-06	-1.385142e-06	-2.957699e-11	-7.466205e+00	-4.537903e+00
5.740000e-06	-1.445007e-06	-3.223676e-11	-7.788888e+00	-4.868562e+00
5.750000e-06	-1.504764e-06	-3.503987e-11	-8.110988e+00	-5.198122e+00
5.760000e-06	-1.564404e-06	-3.862715e-11	-8.432460e+00	-5.526610e+00
5.770000e-06	-1.623914e-06	-4.275805e-11	-8.753230e+00	-5.854051e+00
5.780000e-06	-1.683281e-06	-4.673730e-11	-9.073234e+00	-6.180467e+00
5.790000e-06	-1.742573e-06	-5.093132e-11	-9.392829e+00	-6.505874e+00
5.800000e-06	-1.801729e-06	-5.568909e-11	-9.711690e+00	-6.830278e+00
5.810000e-06	-1.860830e-06	-5.911591e-11	-1.003026e+01	-7.153673e+00
5.820000e-06	-1.919792e-06	-6.262788e-11	-1.034808e+01	-7.476041e+00
5.830000e-06	-1.978560e-06	-6.835767e-11	-1.066485e+01	-7.797348e+00
5.840000e-06	-2.037186e-06	-7.328437e-11	-1.098085e+01	-8.117544e+00
5.850000e-06	-2.095603e-06	-7.551403e-11	-1.129573e+01	-8.436562e+00
5.860000e-06	-2.153923e-06	-7.705344e-11	-1.161009e+01	-8.754320e+00
5.870000e-06	-2.212118e-06	-7.972352e-11	-1.192378e+01	-9.070721e+00
5.880000e-06	-2.270125e-06	-8.282852e-11	-1.223645e+01	-9.385654e+00
5.890000e-06	-2.327945e-06	-8.610502e-11	-1.254810e+01	-9.698995e+00
5.900000e-06	-2.385585e-06	-9.041408e-11	-1.285880e+01	-1.001061e+01
5.910000e-06	-2.442985e-06	-9.477223e-11	-1.316819e+01	-1.032036e+01
5.920000e-06	-2.500173e-06	-9.794257e-11	-1.347645e+01	-1.062809e+01
5.930000e-06	-2.557246e-06	-1.003174e-10	-1.378409e+01	-1.093367e+01
5.940000e-06	-2.614079e-06	-1.031379e-10	-1.409042e+01	-1.123694e+01
5.950000e-06	-2.670804e-06	-1.066609e-10	-1.439619e+01	-1.153776e+01
5.960000e-06	-2.727401e-06	-1.102828e-10	-1.470126e+01	-1.183602e+01
5.970000e-06	-2.783767e-06	-1.139382e-10	-1.500508e+01	-1.213158e+01
5.980000e-06	-2.840039e-06	-1.176764e-10	-1.530840e+01	-1.242436e+01
5.990000e-06	-2.896222e-06	-1.209631e-10	-1.561124e+01	-1.271427e+01
6.000000e-06	-2.952256e-06	-1.232635e-10	-1.591327e+01	-1.300125e+01
6.010000e-06	-3.008195e-06	-1.251541e-10	-1.621479e+01	-1.328527e+01
6.020000e-06	-3.063948e-06	-1.271439e-10	-1.651531e+01	-1.356633e+01
6.030000e-06	-3.119460e-06	-1.292476e-10	-1.681454e+01	-1.384446e+01
6.040000e-06	-3.174624e-06	-1.309191e-10	-1.711188e+01	-1.411971e+01
6.050000e-06	-3.229281e-06	-1.326084e-10	-1.740649e+01	-1.439216e+01
6.060000e-06	-3.283498e-06	-1.357650e-10	-1.769873e+01	-1.466194e+01
6.070000e-06	-3.337357e-06	-1.390031e-10	-1.798905e+01	-1.492919e+01
6.080000e-06	-3.390931e-06	-1.415383e-10	-1.827782e+01	-1.519410e+01
6.090000e-06	-3.444091e-06	-1.445144e-10	-1.856437e+01	-1.545687e+01
6.100000e-06	-3.496885e-06	-1.473967e-10	-1.884894e+01	-1.571774e+01
6.110000e-06	-3.549481e-06	-1.498433e-10	-1.913244e+01	-1.597696e+01
6.120000e-06	-3.601894e-06	-1.518039e-10	-1.941496e+01	-1.623481e+01
6.130000e-06	-3.654139e-06	-1.532417e-10	-1.969657e+01	-1.649158e+01
6.140000e-06	-3.706010e-06	-1.550426e-10	-1.997616e+01	-1.674758e+01
6.150000e-06	-3.757435e-06	-1.575429e-10	-2.025335e+01	-1.700312e+01
6.160000e-06	-3.808613e-06	-1.597178e-10	-2.052921e+01	-1.725852e+01
6.170000e-06	-3.859609e-06	-1.613070e-10	-2.080409e+01	-1.751408e+01
6.180000e-06	-3.910349e-06	-1.622386e-10	-2.107759e+01	-1.777012e+01
6.190000e-06	-3.960749e-06	-1.634102e-10	-2.134926e+01	-1.802693e+01
6.200000e-06	-4.010908e-06	-1.649732e-10	-2.161963e+01	-1.828479e+01
6.210000e-06	-4.060755e-06	-1.658161e-10	-2.188831e+01	-1.854395e+01
6.220000e-06	-4.110053e-06	-1.667038e-10	-2.215403e+01	-1.880464e+01
6.230000e-06	-4.158980e-06	-1.683575e-10	-2.241776e+01	-1.906707e+01
6.240000e-06	-4.207620e-06	-1.700373e-10	-2.267995e+01	-1.933139e+01
6.250000e-06	-4.255780e-06	-1.717307e-10	-2.293953e+01	-1.959775e+01
6.260000e-06	-4.303537e-06	-1.738766e-10	-2.319695e+01	-1.986623e+01
6.270000e-06	-4.351015e-06	-1.751833e-10	-2.345287e+01	-2.013687e+01
6.280000e-06	-4.398199e-06	-1.772183e-10	-2.370720e+01	-2.040969e+01
6.290000e-06	-4.445027e-06	-1.812580e-10	-2.395962e+01	-2.068463e+01
6.300000e-06	-4.491604e-06	-1.845735e-10	-2.421068e+01	-2.096162e+01
6.310000e-06	-4.537980e-06	-1.859150e-10	-2.446065e+01	-2.124052e+01
6.320000e-06	-4.584035e-06	-1.873475e-10	-2.470890e+01	-2.152116e+01
6.330000e-06	-4.629806e-06	-1.900353e-10	-2.495561e+01	-2.180333e+01
6.340000e-06	-4.675167e-06	-1.936851e-10	-2.520012e+01	-2.208676e+01
6.350000e-06	-4.720113e-06	-1.964310e-10	-2.544239e+01	-2.237117e+01
6.360000e-06	-4.764732e-06	-1.971404e-10	-2.568289e+01	-2.265624e+01
6.370000e-06	-4.809158e-06	-1.981083e-10	-2.592236e+01	-2.294160e+01
6.380000e-06	-4.853450e-06	-2.004166e-10	-2.616110e+01	-2.322687e+01
6.390000e-06	-4.897430e-06	-2.037872e-10	-2.639816e+01	-2.351167e+01
6.400000e-06	-4.941039e-06	-2.067012e-10	-2.663323e+01	-2.379556e+01
6.410000e-06	-4.984291e-06	-2.082450e-10	-2.686636e+01	-2.407813e+01
6.420000e-06	-5.027271e-06	-2.099888e-10	-2.709803e+01	-2.435894e+01
6.430000e-06	-5.070020e-06	-2.119603e-10	-2.732846e+01	-2.463756e+01
6.440000e-06	-5.112508e-06	-2.144229e-10	-2.755747e+01	-2.491357e+01
6.450000e-06	-5.154547e-06	-2.175710e-10	-2.778408e+01	-2.518654e+01
6.460000e-06	-5.196122e-06	-2.204789e-10	-2.800817e+01	-2.545609e+01
6.470000e-06	-5.237375e-06	-2.232100e-10	-2.823054e+01	-2.572182e+01
6.480000e-06	-5.278371e-06	-2.261302e-10	-2.845151e+01	-2.598339e+01
6.490000e-06	-5.319081e-06	-2.291779e-10	-2.867095e+01	-2.624047e+01
6.500000e-06	-5.359442e-06	-2.312959e-10	-2.888850e+01	-2.649276e+01
6.510000e-06	-5.399459e-06	-2.330813e-10	-2.910420e+01	-2.674000e+01
6.520000e-06	-5.439186e-06	-2.350890e-10	-2.931834e+01	-2.698197e+01
6.530000e-06	-5.478532e-06	-2.364179e-10	-2.953042e+01	-2.721848e+01
6.540000e-06	-5.517332e-06	-2.381700e-10	-2.973956e+01	-2.744939e+01
6.550000e-06	-5.555558e-06	-2.408184e-10	-2.994561e+01	-2.767460e+01
6.560000e-06	-5.593221e-06	-2.430066e-10	-3.014862e+01	-2.789405e+01
6.570000e-06	-5.630301e-06	-2.455710e-10	-3.034849e+01	-2.810770e+01
6.580000e-06	-5.666824e-06	-2.482048e-10	-3.054535e+01	-2.831558e+01
6.590000e-06	-5.703025e-06	-2.496544e-10	-3.074049e+01	-2.851775e+01
6.600000e-06	-5.739017e-06	-2.509935e-10	-3.093449e+01	-2.871429e+01
6.610000e-06	-5.774731e-06	-2.521040e-10	-3.112699e+01	-2.890533e+01
6.620000e-06	-5.810053e-06	-2.522756e-10	-3.131739e+01	-2.909102e+01
6.630000e-06	-5.844996e-06	-2.526928e-10	-3.150574e+01	-2.927154e+01
6.640000e-06	-5.879481e-06	-2.540516e-10	-3.169162e+01	-2.944711e+01
6.650000e-06	-5.913496e-06	-2.553350e-10	-3.187497e+01	-2.961794e+01
6.660000e-06	-5.947128e-06	-2.562211e-10	-3.205625e+01	-2.978427e+01
6.670000e-06	-5.980393e-06	-2.569420e-10	-3.223556e+01	-2.994636e+01
6.680000e-06	-6.013282e-06	-2.569840e-10	-3.241283e+01	-3.010448e+01
6.690000e-06	-6.045801e-06	-2.577515e-10	-3.258812e+01	-3.025889e+01
6.700000e-06	-6.077998e-06	-2.603818e-10	-3.276167e+01	-3.040986e+01
6.710000e-06	-6.109842e-06	-2.625295e-10	-3.293331e+01	-3.055767e+01
6.720000e-06	-6.141185e-06	-2.637819e-10	-3.310226e+01	-3.070257e+01
6.730000e-06	-6.171895e-06	-2.650541e-10	-3.326779e+01	-3.084483e+01
6.740000e-06	-6.202051e-06	-2.664025e-10	-3.343034e+01	-3.098469e+01
6.750000e-06	-6.231682e-06	-2.685189e-10	-3.359005e+01	-3.112238e+01
6.760000e-06	-6.260693e-06	-2.700445e-10	-3.374643e+01	-3.125814e+01
6.770000e-06	-6.289211e-06	-2.705809e-10	-3.390015e+01	-3.139217e+01
6.780000e-06	-6.317384e-06	-2.712998e-10	-3.405201e+01	-3.152467e+01
6.790000e-06	-6.345215e-06	-2.710167e-10	-3.420202e+01	-3.165580e+01
6.800000e-06	-6.372711e-06	-2.702383e-10	-3.435023e+01	-3.178574e+01
6.810000e-06	-6.399663e-06	-2.696792e-10	-3.449551e+01	-3.191463e+01
6.820000e-06	-6.426082e-06	-2.698138e-10	-3.463791e+01	-3.204260e+01
6.830000e-06	-6.452052e-06	-2.717775e-10	-3.477790e+01	-3.216976e+01
6.840000e-06	-6.477486e-06	-2.735199e-10	-3.491499e+01	-3.229622e+01
6.850000e-06	-6.502473e-06	-2.741983e-10	-3.504967e+01	-3.242207e+01
6.860000e-06	-6.526996e-06	-2.740579e-10	-3.518186e+01	-3.254739e+01
6.870000e-06	-6.551162e-06	-2.737123e-10	-3.531212e+01	-3.267224e+01
6.880000e-06	-6.575126e-06	-2.752564e-10	-3.544129e+01	-3.279668e+01
6.890000e-06	-6.598712e-06	-2.771871e-10	-3.556842e+01	-3.292078e+01
6.900000e-06	-6.621707e-06	-2.783279e-10	-3.569237e+01	-3.304456e+01
6.910000e-06	-6.644003e-06	-2.790540e-10	-3.581255e+01	-3.316808e+01
6.920000e-06	-6.665618e-06	-2.786081e-10	-3.592906e+01	-3.329137e+01
6.930000e-06	-6.686585e-06	-2.785177e-10	-3.604208e+01	-3.341446e+01
6.940000e-06	-6.707094e-06	-2.800069e-10	-3.615262e+01	-3.353738e+01
6.950000e-06	-6.727380e-06	-2.815035e-10	-3.626197e+01	-3.366016e+01
6.960000e-06	-6.747298e-06	-2.822277e-10	-3.636933e+01	-3.378280e+01
6.970000e-06	-6.766636e-06	-2.833044e-10	-3.647357e+01	-3.390533e+01
6.980000e-06	-6.785433e-06	-2.849980e-10	-3.657489e+01	-3.402775e+01
6.990000e-06	-6.803870e-06	-2.870453e-10	-3.667427e+01	-3.415007e+01
7.000000e-06	-6.821936e-06	-2.876565e-10	-3.677165e+01	-3.427228e+01
7.010000e-06	-6.839471e-06	-2.873236e-10	-3.686616e+01	-3.439436e+01
7.020000e-06	-6.856428e-06	-2.878601e-10	-3.695757e+01	-3.451629e+01
7.030000e-06	-6.873009e-06	-2.883734e-10	-3.704694e+01	-3.463802e+01
7.040000e-06	-6.889237e-06	-2.900670e-10	-3.713442e+01	-3.475950e+01
7.050000e-06	-6.905005e-06	-2.922838e-10	-3.721941e+01	-3.488065e+01
7.060000e-06	-6.920360e-06	-2.932552e-10	-3.730217e+01	-3.500138e+01
7.070000e-06	-6.935151e-06	-2.935254e-10	-3.738190e+01	-3.512158e+01
7.080000e-06	-6.949218e-06	-2.943923e-10	-3.745773e+01	-3.524111e+01
7.090000e-06	-6.962516e-06	-2.967517e-10	-3.752940e+01	-3.535980e+01
7.100000e-06	-6.975140e-06	-2.991178e-10	-3.759745e+01	-3.547748e+01
7.110000e-06	-6.987176e-06	-3.011391e-10	-3.766233e+01	-3.559394e+01
7.120000e-06	-6.998770e-06	-3.034775e-10	-3.772482e+01	-3.570893e+01
7.130000e-06	-7.009877e-06	-3.052440e-10	-3.778469e+01	-3.582222e+01
7.140000e-06	-7.020330e-06	-3.060844e-10	-3.784103e+01	-3.593350e+01
7.150000e-06	-7.030319e-06	-3.063539e-10	-3.789487e+01	-3.604249e+01
7.160000e-06	-7.039920e-06	-3.072409e-10	-3.794663e+01	-3.614886e+01
7.170000e-06	-7.049130e-06	-3.092445e-10	-3.799627e+01	-3.625226e+01
7.180000e-06	-7.057879e-06	-3.112345e-10	-3.804343e+01	-3.635235e+01
7.190000e-06	-7.066122e-06	-3.126360e-10	-3.808786e+01	-3.644875e+01
7.200000e-06	-7.073941e-06	-3.134520e-10	-3.813001e+01	-3.654110e+01
7.210000e-06	-7.081245e-06	-3.132037e-10	-3.816938e+01	-3.662902e+01
7.220000e-06	-7.087974e-06	-3.127458e-10	-3.820565e+01	-3.671214e+01
7.230000e-06	-7.094000e-06	-3.131338e-10	-3.823813e+01	-3.679010e+01
7.240000e-06	-7.099313e-06	-3.137786e-10	-3.826677e+01	-3.686255e+01
7.250000e-06	-7.104069e-06	-3.138083e-10	-3.829240e+01	-3.692916e+01
7.260000e-06	-7.108452e-06	-3.133827e-10	-3.831603e+01	-3.698962e+01
7.270000e-06	-7.112524e-06	-3.143073e-10	-3.833798e+01	-3.704365e+01
7.280000e-06	-7.116128e-06	-3.166290e-10	-3.835741e+01	-3.709101e+01
7.290000e-06	-7.119131e-06	-3.178258e-10	-3.837359e+01	-3.713148e+01
7.300000e-06	-7.121608e-06	-3.171433e-10	-3.838694e+01	-3.716492e+01
7.310000e-06	-7.123682e-06	-3.161838e-10	-3.839812e+01	-3.719120e+01
7.320000e-06	-7.125166e-06	-3.166229e-10	-3.840612e+01	-3.721026e+01
7.330000e-06	-7.126206e-06	-3.176441e-10	-3.841173e+01	-3.722208e+01
7.340000e-06	-7.126875e-06	-3.166848e-10	-3.841533e+01	-3.722671e+01
