# Temperatura_=_20.0
# Concentracion g/m^3_=_7400.0
# C_Vs_to_Am_M_A/Vsm_=_116720831517.84952
# pendiente_HvsI_1/m_=_3716.3
# ordenada_HvsI_A/m_=_1297.0
# frecuencia_Hz_=_136117.47658279835

Tiempo_(s)	Campo_(V.s)	Magnetizacion_(V.s)	Campo_(kA/m)	Magnetizacion_(A/m)
0.000000e+00	-7.097518e-06	-1.258346e-09	-3.842164e+01	-1.463318e+02
1.000000e-08	-7.097856e-06	-1.257819e-09	-3.842346e+01	-1.463253e+02
2.000000e-08	-7.097925e-06	-1.258087e-09	-3.842384e+01	-1.463083e+02
3.000000e-08	-7.097564e-06	-1.257741e-09	-3.842189e+01	-1.462810e+02
4.000000e-08	-7.096571e-06	-1.256997e-09	-3.841651e+01	-1.462431e+02
5.000000e-08	-7.094770e-06	-1.256350e-09	-3.840676e+01	-1.461946e+02
6.000000e-08	-7.092210e-06	-1.255806e-09	-3.839290e+01	-1.461357e+02
7.000000e-08	-7.089134e-06	-1.255202e-09	-3.837625e+01	-1.460663e+02
8.000000e-08	-7.085625e-06	-1.259490e-09	-3.835725e+01	-1.459866e+02
9.000000e-08	-7.081665e-06	-1.265826e-09	-3.833582e+01	-1.458969e+02
1.000000e-07	-7.076958e-06	-1.240554e-09	-3.831034e+01	-1.457975e+02
1.100000e-07	-7.071461e-06	-1.194151e-09	-3.828058e+01	-1.456886e+02
1.200000e-07	-7.065530e-06	-1.233819e-09	-3.824847e+01	-1.455708e+02
1.300000e-07	-7.059490e-06	-1.329434e-09	-3.821577e+01	-1.454444e+02
1.400000e-07	-7.053016e-06	-1.290717e-09	-3.818073e+01	-1.453100e+02
1.500000e-07	-7.045858e-06	-1.164743e-09	-3.814198e+01	-1.451682e+02
1.600000e-07	-7.038360e-06	-1.206056e-09	-3.810139e+01	-1.450196e+02
1.700000e-07	-7.030679e-06	-1.349096e-09	-3.805981e+01	-1.448649e+02
1.800000e-07	-7.022684e-06	-1.276140e-09	-3.801653e+01	-1.447046e+02
1.900000e-07	-7.013909e-06	-1.101643e-09	-3.796903e+01	-1.445395e+02
2.000000e-07	-7.004152e-06	-1.193290e-09	-3.791621e+01	-1.443701e+02
2.100000e-07	-6.993950e-06	-1.382937e-09	-3.786098e+01	-1.441973e+02
2.200000e-07	-6.983402e-06	-1.277346e-09	-3.780388e+01	-1.440216e+02
2.300000e-07	-6.972118e-06	-1.097805e-09	-3.774280e+01	-1.438436e+02
2.400000e-07	-6.960207e-06	-1.203429e-09	-3.767832e+01	-1.436639e+02
2.500000e-07	-6.947776e-06	-1.332390e-09	-3.761102e+01	-1.434830e+02
2.600000e-07	-6.934723e-06	-1.208709e-09	-3.754036e+01	-1.433012e+02
2.700000e-07	-6.920962e-06	-1.135030e-09	-3.746587e+01	-1.431191e+02
2.800000e-07	-6.906596e-06	-1.263549e-09	-3.738810e+01	-1.429369e+02
2.900000e-07	-6.891625e-06	-1.271495e-09	-3.730706e+01	-1.427549e+02
3.000000e-07	-6.875855e-06	-1.153752e-09	-3.722168e+01	-1.425731e+02
3.100000e-07	-6.859470e-06	-1.199200e-09	-3.713299e+01	-1.423918e+02
3.200000e-07	-6.842782e-06	-1.269003e-09	-3.704265e+01	-1.422107e+02
3.300000e-07	-6.825669e-06	-1.161300e-09	-3.695001e+01	-1.420300e+02
3.400000e-07	-6.808015e-06	-1.147829e-09	-3.685444e+01	-1.418493e+02
3.500000e-07	-6.789970e-06	-1.287482e-09	-3.675675e+01	-1.416685e+02
3.600000e-07	-6.771482e-06	-1.239232e-09	-3.665667e+01	-1.414873e+02
3.700000e-07	-6.752364e-06	-1.093625e-09	-3.655318e+01	-1.413052e+02
3.800000e-07	-6.732866e-06	-1.179872e-09	-3.644763e+01	-1.411219e+02
3.900000e-07	-6.713186e-06	-1.276254e-09	-3.634110e+01	-1.409369e+02
4.000000e-07	-6.693152e-06	-1.158499e-09	-3.623264e+01	-1.407497e+02
4.100000e-07	-6.672551e-06	-1.123208e-09	-3.612112e+01	-1.405598e+02
4.200000e-07	-6.651403e-06	-1.236725e-09	-3.600664e+01	-1.403667e+02
4.300000e-07	-6.629822e-06	-1.210000e-09	-3.588981e+01	-1.401697e+02
4.400000e-07	-6.607752e-06	-1.130667e-09	-3.577034e+01	-1.399684e+02
4.500000e-07	-6.585122e-06	-1.189469e-09	-3.564783e+01	-1.397623e+02
4.600000e-07	-6.561929e-06	-1.201395e-09	-3.552228e+01	-1.395507e+02
4.700000e-07	-6.538471e-06	-1.127094e-09	-3.539530e+01	-1.393333e+02
4.800000e-07	-6.514926e-06	-1.165549e-09	-3.526784e+01	-1.391096e+02
4.900000e-07	-6.491080e-06	-1.217294e-09	-3.513875e+01	-1.388792e+02
5.000000e-07	-6.466621e-06	-1.145509e-09	-3.500634e+01	-1.386417e+02
5.100000e-07	-6.441443e-06	-1.124877e-09	-3.487004e+01	-1.383967e+02
5.200000e-07	-6.415240e-06	-1.185660e-09	-3.472820e+01	-1.381441e+02
5.300000e-07	-6.388229e-06	-1.164791e-09	-3.458198e+01	-1.378836e+02
5.400000e-07	-6.360964e-06	-1.124279e-09	-3.443438e+01	-1.376150e+02
5.500000e-07	-6.333413e-06	-1.154605e-09	-3.428523e+01	-1.373382e+02
5.600000e-07	-6.305441e-06	-1.155138e-09	-3.413381e+01	-1.370531e+02
5.700000e-07	-6.277091e-06	-1.123787e-09	-3.398034e+01	-1.367596e+02
5.800000e-07	-6.248285e-06	-1.138319e-09	-3.382441e+01	-1.364578e+02
5.900000e-07	-6.219010e-06	-1.145647e-09	-3.366593e+01	-1.361476e+02
6.000000e-07	-6.189480e-06	-1.120538e-09	-3.350607e+01	-1.358291e+02
6.100000e-07	-6.159606e-06	-1.124715e-09	-3.334435e+01	-1.355024e+02
6.200000e-07	-6.129187e-06	-1.137647e-09	-3.317968e+01	-1.351675e+02
6.300000e-07	-6.098013e-06	-1.123981e-09	-3.301092e+01	-1.348246e+02
6.400000e-07	-6.066450e-06	-1.116125e-09	-3.284006e+01	-1.344736e+02
6.500000e-07	-6.034937e-06	-1.117025e-09	-3.266947e+01	-1.341148e+02
6.600000e-07	-6.003292e-06	-1.109766e-09	-3.249816e+01	-1.337481e+02
6.700000e-07	-5.971313e-06	-1.109406e-09	-3.232505e+01	-1.333736e+02
6.800000e-07	-5.938676e-06	-1.111197e-09	-3.214837e+01	-1.329914e+02
6.900000e-07	-5.905281e-06	-1.102792e-09	-3.196759e+01	-1.326015e+02
7.000000e-07	-5.871189e-06	-1.097270e-09	-3.178304e+01	-1.322039e+02
7.100000e-07	-5.836370e-06	-1.094361e-09	-3.159455e+01	-1.317987e+02
7.200000e-07	-5.801109e-06	-1.087956e-09	-3.140367e+01	-1.313858e+02
7.300000e-07	-5.765631e-06	-1.086071e-09	-3.121161e+01	-1.309651e+02
7.400000e-07	-5.729965e-06	-1.083543e-09	-3.101854e+01	-1.305367e+02
7.500000e-07	-5.694083e-06	-1.075217e-09	-3.082429e+01	-1.301004e+02
7.600000e-07	-5.657830e-06	-1.072935e-09	-3.062804e+01	-1.296561e+02
7.700000e-07	-5.620974e-06	-1.073994e-09	-3.042852e+01	-1.292039e+02
7.800000e-07	-5.583626e-06	-1.066873e-09	-3.022635e+01	-1.287436e+02
7.900000e-07	-5.546006e-06	-1.057839e-09	-3.002269e+01	-1.282751e+02
8.000000e-07	-5.507915e-06	-1.052828e-09	-2.981649e+01	-1.277983e+02
8.100000e-07	-5.469270e-06	-1.048150e-09	-2.960729e+01	-1.273133e+02
8.200000e-07	-5.430131e-06	-1.044773e-09	-2.939542e+01	-1.268198e+02
8.300000e-07	-5.390797e-06	-1.040931e-09	-2.918249e+01	-1.263180e+02
8.400000e-07	-5.351421e-06	-1.034313e-09	-2.896933e+01	-1.258079e+02
8.500000e-07	-5.311836e-06	-1.028169e-09	-2.875504e+01	-1.252893e+02
8.600000e-07	-5.271922e-06	-1.024667e-09	-2.853897e+01	-1.247624e+02
8.700000e-07	-5.231554e-06	-1.020508e-09	-2.832044e+01	-1.242272e+02
8.800000e-07	-5.190838e-06	-1.013967e-09	-2.810003e+01	-1.236839e+02
8.900000e-07	-5.149689e-06	-1.005386e-09	-2.787727e+01	-1.231324e+02
9.000000e-07	-5.107769e-06	-9.970801e-10	-2.765035e+01	-1.225731e+02
9.100000e-07	-5.065000e-06	-9.913556e-10	-2.741882e+01	-1.220060e+02
9.200000e-07	-5.021729e-06	-9.862397e-10	-2.718458e+01	-1.214313e+02
9.300000e-07	-4.978280e-06	-9.795314e-10	-2.694937e+01	-1.208491e+02
9.400000e-07	-4.934685e-06	-9.731481e-10	-2.671337e+01	-1.202598e+02
9.500000e-07	-4.890916e-06	-9.683885e-10	-2.647644e+01	-1.196633e+02
9.600000e-07	-4.846806e-06	-9.634880e-10	-2.623765e+01	-1.190600e+02
9.700000e-07	-4.802124e-06	-9.574773e-10	-2.599577e+01	-1.184500e+02
9.800000e-07	-4.757077e-06	-9.508305e-10	-2.575192e+01	-1.178335e+02
9.900000e-07	-4.711812e-06	-9.446805e-10	-2.550688e+01	-1.172104e+02
1.000000e-06	-4.666194e-06	-9.395482e-10	-2.525993e+01	-1.165810e+02
1.010000e-06	-4.620334e-06	-9.342359e-10	-2.501167e+01	-1.159453e+02
1.020000e-06	-4.574170e-06	-9.273094e-10	-2.476177e+01	-1.153032e+02
1.030000e-06	-4.527669e-06	-9.198219e-10	-2.451004e+01	-1.146548e+02
1.040000e-06	-4.480869e-06	-9.133661e-10	-2.425669e+01	-1.139998e+02
1.050000e-06	-4.433674e-06	-9.085800e-10	-2.400121e+01	-1.133382e+02
1.060000e-06	-4.386208e-06	-9.038008e-10	-2.374426e+01	-1.126697e+02
1.070000e-06	-4.338574e-06	-8.986200e-10	-2.348639e+01	-1.119941e+02
1.080000e-06	-4.290794e-06	-8.929820e-10	-2.322774e+01	-1.113109e+02
1.090000e-06	-4.242772e-06	-8.870378e-10	-2.296778e+01	-1.106199e+02
1.100000e-06	-4.194417e-06	-8.806407e-10	-2.270601e+01	-1.099205e+02
1.110000e-06	-4.145510e-06	-8.736515e-10	-2.244127e+01	-1.092122e+02
1.120000e-06	-4.095945e-06	-8.668221e-10	-2.217295e+01	-1.084946e+02
1.130000e-06	-4.045902e-06	-8.597305e-10	-2.190205e+01	-1.077670e+02
1.140000e-06	-3.995406e-06	-8.538564e-10	-2.162869e+01	-1.070289e+02
1.150000e-06	-3.944540e-06	-8.501998e-10	-2.135333e+01	-1.062797e+02
1.160000e-06	-3.893361e-06	-8.462302e-10	-2.107628e+01	-1.055186e+02
1.170000e-06	-3.841838e-06	-8.400244e-10	-2.079737e+01	-1.047450e+02
1.180000e-06	-3.790159e-06	-8.323280e-10	-2.051761e+01	-1.039584e+02
1.190000e-06	-3.738303e-06	-8.244305e-10	-2.023689e+01	-1.031581e+02
1.200000e-06	-3.686114e-06	-8.173604e-10	-1.995438e+01	-1.023436e+02
1.210000e-06	-3.633557e-06	-8.110184e-10	-1.966986e+01	-1.015142e+02
1.220000e-06	-3.580631e-06	-8.041183e-10	-1.938335e+01	-1.006695e+02
1.230000e-06	-3.527478e-06	-7.964685e-10	-1.909561e+01	-9.980898e+01
1.240000e-06	-3.474084e-06	-7.889884e-10	-1.880657e+01	-9.893231e+01
1.250000e-06	-3.420451e-06	-7.829270e-10	-1.851624e+01	-9.803914e+01
1.260000e-06	-3.366634e-06	-7.771843e-10	-1.822491e+01	-9.712920e+01
1.270000e-06	-3.312624e-06	-7.690829e-10	-1.793253e+01	-9.620229e+01
1.280000e-06	-3.258332e-06	-7.597399e-10	-1.763863e+01	-9.525831e+01
1.290000e-06	-3.203750e-06	-7.521325e-10	-1.734315e+01	-9.429721e+01
1.300000e-06	-3.149043e-06	-7.457972e-10	-1.704700e+01	-9.331903e+01
1.310000e-06	-3.094110e-06	-7.378077e-10	-1.674963e+01	-9.232386e+01
1.320000e-06	-3.038903e-06	-7.280496e-10	-1.645077e+01	-9.131190e+01
1.330000e-06	-2.983542e-06	-7.187267e-10	-1.615108e+01	-9.028336e+01
1.340000e-06	-2.928064e-06	-7.102348e-10	-1.585075e+01	-8.923856e+01
1.350000e-06	-2.872537e-06	-7.022539e-10	-1.555017e+01	-8.817784e+01
1.360000e-06	-2.816942e-06	-6.947782e-10	-1.524921e+01	-8.710159e+01
1.370000e-06	-2.761224e-06	-6.865373e-10	-1.494758e+01	-8.601023e+01
1.380000e-06	-2.705343e-06	-6.780053e-10	-1.464508e+01	-8.490423e+01
1.390000e-06	-2.649284e-06	-6.694599e-10	-1.434161e+01	-8.378403e+01
1.400000e-06	-2.593115e-06	-6.602150e-10	-1.403755e+01	-8.265013e+01
1.410000e-06	-2.536831e-06	-6.498457e-10	-1.373286e+01	-8.150298e+01
1.420000e-06	-2.480178e-06	-6.394668e-10	-1.342617e+01	-8.034305e+01
1.430000e-06	-2.423203e-06	-6.306406e-10	-1.311775e+01	-7.917075e+01
1.440000e-06	-2.365947e-06	-6.218264e-10	-1.280779e+01	-7.798650e+01
1.450000e-06	-2.308325e-06	-6.127905e-10	-1.249586e+01	-7.679064e+01
1.460000e-06	-2.250342e-06	-6.031066e-10	-1.218198e+01	-7.558350e+01
1.470000e-06	-2.191790e-06	-5.910058e-10	-1.186501e+01	-7.436532e+01
1.480000e-06	-2.132834e-06	-5.789208e-10	-1.154586e+01	-7.313630e+01
1.490000e-06	-2.073789e-06	-5.685145e-10	-1.122623e+01	-7.189657e+01
1.500000e-06	-2.014624e-06	-5.584945e-10	-1.090595e+01	-7.064619e+01
1.510000e-06	-1.955396e-06	-5.478194e-10	-1.058532e+01	-6.938516e+01
1.520000e-06	-1.896118e-06	-5.371182e-10	-1.026443e+01	-6.811340e+01
1.530000e-06	-1.836687e-06	-5.278796e-10	-9.942702e+00	-6.683076e+01
1.540000e-06	-1.777213e-06	-5.181846e-10	-9.620750e+00	-6.553703e+01
1.550000e-06	-1.717740e-06	-5.068862e-10	-9.298796e+00	-6.423191e+01
1.560000e-06	-1.658202e-06	-4.948066e-10	-8.976494e+00	-6.291506e+01
1.570000e-06	-1.598625e-06	-4.829895e-10	-8.653980e+00	-6.158609e+01
1.580000e-06	-1.539034e-06	-4.725056e-10	-8.331391e+00	-6.024452e+01
1.590000e-06	-1.479442e-06	-4.618388e-10	-8.008799e+00	-5.888985e+01
1.600000e-06	-1.419813e-06	-4.501251e-10	-7.686003e+00	-5.752155e+01
1.610000e-06	-1.360028e-06	-4.389094e-10	-7.362362e+00	-5.613903e+01
1.620000e-06	-1.300125e-06	-4.276996e-10	-7.038083e+00	-5.474169e+01
1.630000e-06	-1.240163e-06	-4.162457e-10	-6.713487e+00	-5.332892e+01
1.640000e-06	-1.180163e-06	-4.049218e-10	-6.388685e+00	-5.190007e+01
1.650000e-06	-1.120064e-06	-3.928947e-10	-6.063346e+00	-5.045453e+01
1.660000e-06	-1.059825e-06	-3.804540e-10	-5.737248e+00	-4.899168e+01
1.670000e-06	-9.995600e-07	-3.685054e-10	-5.411008e+00	-4.751090e+01
1.680000e-06	-9.392598e-07	-3.567056e-10	-5.084580e+00	-4.601161e+01
1.690000e-06	-8.788040e-07	-3.435941e-10	-4.757309e+00	-4.449326e+01
1.700000e-06	-8.182590e-07	-3.303932e-10	-4.429556e+00	-4.295533e+01
1.710000e-06	-7.576991e-07	-3.188797e-10	-4.101721e+00	-4.139735e+01
1.720000e-06	-6.970199e-07	-3.073929e-10	-3.773241e+00	-3.981890e+01
1.730000e-06	-6.362953e-07	-2.950027e-10	-3.444515e+00	-3.821961e+01
1.740000e-06	-5.755346e-07	-2.826542e-10	-3.115593e+00	-3.659918e+01
1.750000e-06	-5.147171e-07	-2.697067e-10	-2.786365e+00	-3.495737e+01
1.760000e-06	-4.538471e-07	-2.560373e-10	-2.456852e+00	-3.329401e+01
1.770000e-06	-3.929401e-07	-2.422365e-10	-2.127138e+00	-3.160902e+01
1.780000e-06	-3.321162e-07	-2.281553e-10	-1.797875e+00	-2.990237e+01
1.790000e-06	-2.712578e-07	-2.143219e-10	-1.468424e+00	-2.817415e+01
1.800000e-06	-2.103831e-07	-2.001914e-10	-1.138886e+00	-2.642451e+01
1.810000e-06	-1.495024e-07	-1.855495e-10	-8.093147e-01	-2.465368e+01
1.820000e-06	-8.857561e-08	-1.713040e-10	-4.794944e-01	-2.286201e+01
1.830000e-06	-2.760481e-08	-1.566473e-10	-1.494356e-01	-2.104991e+01
1.840000e-06	3.330787e-08	-1.410314e-10	1.803085e-01	-1.921791e+01
1.850000e-06	9.419585e-08	-1.257685e-10	5.099189e-01	-1.736661e+01
1.860000e-06	1.552112e-07	-1.118020e-10	8.402187e-01	-1.549671e+01
1.870000e-06	2.161753e-07	-9.818991e-11	1.170241e+00	-1.360903e+01
1.880000e-06	2.770430e-07	-8.397661e-11	1.499742e+00	-1.170444e+01
1.890000e-06	3.379399e-07	-6.939564e-11	1.829400e+00	-9.783925e+00
1.900000e-06	3.989376e-07	-5.506452e-11	2.159605e+00	-7.848572e+00
1.910000e-06	4.598155e-07	-4.043720e-11	2.489161e+00	-5.899539e+00
1.920000e-06	5.204860e-07	-2.578394e-11	2.817594e+00	-3.938078e+00
1.930000e-06	5.811534e-07	-1.209210e-11	3.146010e+00	-1.965521e+00
1.940000e-06	6.417888e-07	1.515330e-12	3.474253e+00	1.671849e-02
1.950000e-06	7.023785e-07	1.706884e-11	3.802249e+00	2.007156e+00
1.960000e-06	7.628828e-07	3.396284e-11	4.129782e+00	4.004237e+00
1.970000e-06	8.232176e-07	4.996429e-11	4.456398e+00	6.006347e+00
1.980000e-06	8.835004e-07	6.438444e-11	4.782732e+00	8.011816e+00
1.990000e-06	9.437180e-07	7.785448e-11	5.108714e+00	1.001893e+01
2.000000e-06	1.003794e-06	9.203411e-11	5.433931e+00	1.202592e+01
2.010000e-06	1.063825e-06	1.072046e-10	5.758901e+00	1.403103e+01
2.020000e-06	1.123848e-06	1.229071e-10	6.083830e+00	1.603243e+01
2.030000e-06	1.183878e-06	1.386801e-10	6.408794e+00	1.802833e+01
2.040000e-06	1.243780e-06	1.540247e-10	6.733067e+00	2.001692e+01
2.050000e-06	1.303580e-06	1.687657e-10	7.056786e+00	2.199641e+01
2.060000e-06	1.363360e-06	1.827767e-10	7.380402e+00	2.396503e+01
2.070000e-06	1.423096e-06	1.968457e-10	7.703772e+00	2.592105e+01
2.080000e-06	1.482833e-06	2.112186e-10	8.027153e+00	2.786280e+01
2.090000e-06	1.542506e-06	2.251255e-10	8.350186e+00	2.978866e+01
2.100000e-06	1.602087e-06	2.394608e-10	8.672724e+00	3.169709e+01
2.110000e-06	1.661555e-06	2.548922e-10	8.994645e+00	3.358662e+01
2.120000e-06	1.720960e-06	2.694093e-10	9.316230e+00	3.545589e+01
2.130000e-06	1.780317e-06	2.821990e-10	9.637553e+00	3.730364e+01
2.140000e-06	1.839627e-06	2.951289e-10	9.958619e+00	3.912871e+01
2.150000e-06	1.898883e-06	3.086961e-10	1.027940e+01	4.093007e+01
2.160000e-06	1.958034e-06	3.227442e-10	1.059960e+01	4.270680e+01
2.170000e-06	2.017031e-06	3.372048e-10	1.091898e+01	4.445812e+01
2.180000e-06	2.075835e-06	3.511583e-10	1.123731e+01	4.618338e+01
2.190000e-06	2.134488e-06	3.646823e-10	1.155482e+01	4.788207e+01
2.200000e-06	2.192869e-06	3.785135e-10	1.187086e+01	4.955380e+01
2.210000e-06	2.250881e-06	3.925420e-10	1.218490e+01	5.119833e+01
2.220000e-06	2.308556e-06	4.059654e-10	1.249711e+01	5.281554e+01
2.230000e-06	2.365997e-06	4.181122e-10	1.280806e+01	5.440544e+01
2.240000e-06	2.423099e-06	4.303559e-10	1.311718e+01	5.596816e+01
2.250000e-06	2.479728e-06	4.442025e-10	1.342373e+01	5.750394e+01
2.260000e-06	2.536121e-06	4.578253e-10	1.372901e+01	5.901314e+01
2.270000e-06	2.592390e-06	4.693129e-10	1.403362e+01	6.049621e+01
2.280000e-06	2.648510e-06	4.801285e-10	1.433742e+01	6.195370e+01
2.290000e-06	2.704416e-06	4.916559e-10	1.464006e+01	6.338620e+01
2.300000e-06	2.760108e-06	5.028397e-10	1.494154e+01	6.479442e+01
2.310000e-06	2.815670e-06	5.145290e-10	1.524232e+01	6.617909e+01
2.320000e-06	2.871189e-06	5.272969e-10	1.554287e+01	6.754099e+01
2.330000e-06	2.926574e-06	5.408310e-10	1.584269e+01	6.888094e+01
2.340000e-06	2.981837e-06	5.539942e-10	1.614184e+01	7.019977e+01
2.350000e-06	3.036946e-06	5.651799e-10	1.644018e+01	7.149833e+01
2.360000e-06	3.091875e-06	5.745855e-10	1.673753e+01	7.277746e+01
2.370000e-06	3.146675e-06	5.825431e-10	1.703418e+01	7.403799e+01
2.380000e-06	3.201273e-06	5.906094e-10	1.732974e+01	7.528074e+01
2.390000e-06	3.255686e-06	6.001178e-10	1.762430e+01	7.650650e+01
2.400000e-06	3.309843e-06	6.114991e-10	1.791747e+01	7.771602e+01
2.410000e-06	3.363705e-06	6.232628e-10	1.820905e+01	7.891001e+01
2.420000e-06	3.417322e-06	6.345985e-10	1.849930e+01	8.008914e+01
2.430000e-06	3.470704e-06	6.457256e-10	1.878828e+01	8.125403e+01
2.440000e-06	3.523728e-06	6.555486e-10	1.907531e+01	8.240524e+01
2.450000e-06	3.576383e-06	6.642546e-10	1.936036e+01	8.354330e+01
2.460000e-06	3.628793e-06	6.729289e-10	1.964407e+01	8.466867e+01
2.470000e-06	3.681005e-06	6.820339e-10	1.992672e+01	8.578176e+01
2.480000e-06	3.732996e-06	6.909885e-10	2.020816e+01	8.688295e+01
2.490000e-06	3.784747e-06	6.994260e-10	2.048831e+01	8.797253e+01
2.500000e-06	3.836250e-06	7.079851e-10	2.076712e+01	8.905080e+01
2.510000e-06	3.887433e-06	7.169104e-10	2.104419e+01	9.011797e+01
2.520000e-06	3.938388e-06	7.258085e-10	2.132003e+01	9.117425e+01
2.530000e-06	3.989044e-06	7.344315e-10	2.159425e+01	9.221979e+01
2.540000e-06	4.039258e-06	7.425532e-10	2.186608e+01	9.325473e+01
2.550000e-06	4.088935e-06	7.501620e-10	2.213500e+01	9.427918e+01
2.560000e-06	4.137955e-06	7.573889e-10	2.240037e+01	9.529322e+01
2.570000e-06	4.186430e-06	7.639584e-10	2.266278e+01	9.629693e+01
2.580000e-06	4.234517e-06	7.703641e-10	2.292309e+01	9.729035e+01
2.590000e-06	4.282330e-06	7.778308e-10	2.318192e+01	9.827353e+01
2.600000e-06	4.329887e-06	7.864472e-10	2.343937e+01	9.924650e+01
2.610000e-06	4.377309e-06	7.952383e-10	2.369608e+01	1.002093e+02
2.620000e-06	4.424524e-06	8.036621e-10	2.395167e+01	1.011619e+02
2.630000e-06	4.471456e-06	8.109941e-10	2.420573e+01	1.021043e+02
2.640000e-06	4.518080e-06	8.173776e-10	2.445813e+01	1.030366e+02
2.650000e-06	4.564356e-06	8.237236e-10	2.470864e+01	1.039587e+02
2.660000e-06	4.610304e-06	8.304815e-10	2.495737e+01	1.048706e+02
2.670000e-06	4.655861e-06	8.373069e-10	2.520399e+01	1.057723e+02
2.680000e-06	4.701140e-06	8.440557e-10	2.544911e+01	1.066636e+02
2.690000e-06	4.746042e-06	8.512017e-10	2.569218e+01	1.075447e+02
2.700000e-06	4.790530e-06	8.579210e-10	2.593301e+01	1.084153e+02
2.710000e-06	4.834839e-06	8.642827e-10	2.617287e+01	1.092754e+02
2.720000e-06	4.878902e-06	8.717341e-10	2.641140e+01	1.101249e+02
2.730000e-06	4.922661e-06	8.799586e-10	2.664828e+01	1.109636e+02
2.740000e-06	4.966207e-06	8.876442e-10	2.688402e+01	1.117913e+02
2.750000e-06	5.009576e-06	8.946290e-10	2.711879e+01	1.126080e+02
2.760000e-06	5.052750e-06	9.013820e-10	2.735251e+01	1.134133e+02
2.770000e-06	5.095322e-06	9.076911e-10	2.758297e+01	1.142070e+02
2.780000e-06	5.137175e-06	9.139804e-10	2.780953e+01	1.149890e+02
2.790000e-06	5.178568e-06	9.212406e-10	2.803361e+01	1.157588e+02
2.800000e-06	5.219333e-06	9.287910e-10	2.825429e+01	1.165164e+02
2.810000e-06	5.259493e-06	9.360610e-10	2.847169e+01	1.172613e+02
2.820000e-06	5.299346e-06	9.429665e-10	2.868743e+01	1.179933e+02
2.830000e-06	5.338980e-06	9.495790e-10	2.890198e+01	1.187122e+02
2.840000e-06	5.378370e-06	9.559825e-10	2.911522e+01	1.194175e+02
2.850000e-06	5.417572e-06	9.620769e-10	2.932743e+01	1.201092e+02
2.860000e-06	5.456606e-06	9.676183e-10	2.953874e+01	1.207869e+02
2.870000e-06	5.495179e-06	9.725506e-10	2.974755e+01	1.214504e+02
2.880000e-06	5.533151e-06	9.783532e-10	2.995311e+01	1.220996e+02
2.890000e-06	5.570660e-06	9.854094e-10	3.015615e+01	1.227343e+02
2.900000e-06	5.607782e-06	9.919977e-10	3.035712e+01	1.233544e+02
2.910000e-06	5.644465e-06	9.977514e-10	3.055569e+01	1.239599e+02
2.920000e-06	5.680742e-06	1.003724e-09	3.075208e+01	1.245509e+02
2.930000e-06	5.716716e-06	1.010412e-09	3.094682e+01	1.251274e+02
2.940000e-06	5.752432e-06	1.017430e-09	3.114016e+01	1.256895e+02
2.950000e-06	5.787925e-06	1.023009e-09	3.133230e+01	1.262375e+02
2.960000e-06	5.823120e-06	1.026426e-09	3.152282e+01	1.267716e+02
2.970000e-06	5.857909e-06	1.030131e-09	3.171115e+01	1.272923e+02
2.980000e-06	5.892065e-06	1.035950e-09	3.189605e+01	1.277998e+02
2.990000e-06	5.925518e-06	1.042077e-09	3.207714e+01	1.282948e+02
3.000000e-06	5.958316e-06	1.046502e-09	3.225469e+01	1.287776e+02
3.010000e-06	5.990520e-06	1.050636e-09	3.242903e+01	1.292490e+02
3.020000e-06	6.022334e-06	1.055207e-09	3.260125e+01	1.297094e+02
3.030000e-06	6.053903e-06	1.060818e-09	3.277214e+01	1.301597e+02
3.040000e-06	6.085230e-06	1.067109e-09	3.294172e+01	1.306003e+02
3.050000e-06	6.116042e-06	1.072492e-09	3.310852e+01	1.310322e+02
3.060000e-06	6.146320e-06	1.078275e-09	3.327243e+01	1.314559e+02
3.070000e-06	6.176293e-06	1.084349e-09	3.343469e+01	1.318722e+02
3.080000e-06	6.205892e-06	1.089033e-09	3.359492e+01	1.322818e+02
3.090000e-06	6.235004e-06	1.092727e-09	3.375251e+01	1.326853e+02
3.100000e-06	6.263611e-06	1.096683e-09	3.390737e+01	1.330835e+02
3.110000e-06	6.291775e-06	1.101273e-09	3.405984e+01	1.334768e+02
3.120000e-06	6.319662e-06	1.105667e-09	3.421080e+01	1.338658e+02
3.130000e-06	6.347304e-06	1.109997e-09	3.436043e+01	1.342511e+02
3.140000e-06	6.374664e-06	1.114765e-09	3.450854e+01	1.346330e+02
3.150000e-06	6.401766e-06	1.118580e-09	3.465526e+01	1.350120e+02
3.160000e-06	6.428332e-06	1.121356e-09	3.479907e+01	1.353882e+02
3.170000e-06	6.454151e-06	1.124830e-09	3.493884e+01	1.357618e+02
3.180000e-06	6.479093e-06	1.128608e-09	3.507386e+01	1.361331e+02
3.190000e-06	6.503222e-06	1.131575e-09	3.520448e+01	1.365019e+02
3.200000e-06	6.526983e-06	1.134494e-09	3.533311e+01	1.368683e+02
3.210000e-06	6.550473e-06	1.138113e-09	3.546026e+01	1.372322e+02
3.220000e-06	6.573453e-06	1.142030e-09	3.558467e+01	1.375933e+02
3.230000e-06	6.595934e-06	1.145593e-09	3.570636e+01	1.379514e+02
3.240000e-06	6.618010e-06	1.148526e-09	3.582587e+01	1.383062e+02
3.250000e-06	6.639663e-06	1.151090e-09	3.594309e+01	1.386573e+02
3.260000e-06	6.660861e-06	1.154403e-09	3.605784e+01	1.390044e+02
3.270000e-06	6.681621e-06	1.158286e-09	3.617022e+01	1.393468e+02
3.280000e-06	6.701897e-06	1.161438e-09	3.627998e+01	1.396843e+02
3.290000e-06	6.721732e-06	1.163570e-09	3.638736e+01	1.400163e+02
3.300000e-06	6.741304e-06	1.165829e-09	3.649331e+01	1.403424e+02
3.310000e-06	6.760661e-06	1.167981e-09	3.659810e+01	1.406620e+02
3.320000e-06	6.779629e-06	1.170304e-09	3.670078e+01	1.409747e+02
3.330000e-06	6.797957e-06	1.173478e-09	3.680000e+01	1.412801e+02
3.340000e-06	6.815677e-06	1.175461e-09	3.689592e+01	1.415777e+02
3.350000e-06	6.832772e-06	1.176888e-09	3.698846e+01	1.418672e+02
3.360000e-06	6.849413e-06	1.180899e-09	3.707855e+01	1.421483e+02
3.370000e-06	6.865789e-06	1.184899e-09	3.716719e+01	1.424206e+02
3.380000e-06	6.881612e-06	1.186841e-09	3.725285e+01	1.426841e+02
3.390000e-06	6.896874e-06	1.189597e-09	3.733547e+01	1.429383e+02
3.400000e-06	6.911562e-06	1.193076e-09	3.741498e+01	1.431834e+02
3.410000e-06	6.925630e-06	1.196548e-09	3.749114e+01	1.434191e+02
3.420000e-06	6.939224e-06	1.200454e-09	3.756473e+01	1.436454e+02
3.430000e-06	6.952296e-06	1.203835e-09	3.763549e+01	1.438624e+02
3.440000e-06	6.964869e-06	1.206296e-09	3.770355e+01	1.440700e+02
3.450000e-06	6.976974e-06	1.208546e-09	3.776909e+01	1.442685e+02
3.460000e-06	6.988688e-06	1.211610e-09	3.783249e+01	1.444578e+02
3.470000e-06	6.999939e-06	1.215101e-09	3.789340e+01	1.446381e+02
3.480000e-06	7.010481e-06	1.217615e-09	3.795047e+01	1.448096e+02
3.490000e-06	7.020042e-06	1.219159e-09	3.800223e+01	1.449724e+02
3.500000e-06	7.028726e-06	1.221599e-09	3.804924e+01	1.451266e+02
3.510000e-06	7.036770e-06	1.225587e-09	3.809278e+01	1.452724e+02
3.520000e-06	7.044399e-06	1.228745e-09	3.813408e+01	1.454099e+02
3.530000e-06	7.051831e-06	1.230527e-09	3.817431e+01	1.455391e+02
3.540000e-06	7.058923e-06	1.231842e-09	3.821270e+01	1.456602e+02
3.550000e-06	7.065406e-06	1.234059e-09	3.824780e+01	1.457732e+02
3.560000e-06	7.071292e-06	1.237734e-09	3.827966e+01	1.458781e+02
3.570000e-06	7.076773e-06	1.241748e-09	3.830933e+01	1.459748e+02
3.580000e-06	7.081731e-06	1.244223e-09	3.833617e+01	1.460633e+02
3.590000e-06	7.086105e-06	1.246162e-09	3.835985e+01	1.461435e+02
3.600000e-06	7.090028e-06	1.248801e-09	3.838109e+01	1.462152e+02
3.610000e-06	7.093654e-06	1.250921e-09	3.840072e+01	1.462783e+02
3.620000e-06	7.097031e-06	1.251825e-09	3.841900e+01	1.463326e+02
3.630000e-06	7.100018e-06	1.252504e-09	3.843517e+01	1.463779e+02
3.640000e-06	7.102337e-06	1.254144e-09	3.844772e+01	1.464139e+02
3.650000e-06	7.103869e-06	1.255121e-09	3.845602e+01	1.464405e+02
3.660000e-06	7.104567e-06	1.256003e-09	3.845979e+01	1.464573e+02
3.670000e-06	7.104605e-06	1.258276e-09	3.846000e+01	1.464642e+02
3.680000e-06	7.104277e-06	1.259844e-09	3.845823e+01	1.464611e+02
3.690000e-06	7.103683e-06	1.259922e-09	3.845501e+01	1.464476e+02
3.700000e-06	7.102773e-06	1.260150e-09	3.845008e+01	1.464237e+02
3.710000e-06	7.101219e-06	1.260606e-09	3.844167e+01	1.463894e+02
3.720000e-06	7.099071e-06	1.260885e-09	3.843004e+01	1.463444e+02
3.730000e-06	7.096659e-06	1.261067e-09	3.841699e+01	1.462890e+02
3.740000e-06	7.093910e-06	1.258330e-09	3.840210e+01	1.462231e+02
3.750000e-06	7.090660e-06	1.243591e-09	3.838451e+01	1.461468e+02
3.760000e-06	7.086774e-06	1.238728e-09	3.836347e+01	1.460604e+02
3.770000e-06	7.082172e-06	1.298029e-09	3.833856e+01	1.459642e+02
3.780000e-06	7.076645e-06	1.338308e-09	3.830864e+01	1.458584e+02
3.790000e-06	7.070347e-06	1.224472e-09	3.827455e+01	1.457435e+02
3.800000e-06	7.064086e-06	1.146478e-09	3.824066e+01	1.456199e+02
3.810000e-06	7.057925e-06	1.274283e-09	3.820730e+01	1.454882e+02
3.820000e-06	7.050966e-06	1.368209e-09	3.816963e+01	1.453488e+02
3.830000e-06	7.042988e-06	1.226500e-09	3.812644e+01	1.452024e+02
3.840000e-06	7.034625e-06	1.119775e-09	3.808117e+01	1.450496e+02
3.850000e-06	7.026054e-06	1.302146e-09	3.803477e+01	1.448911e+02
3.860000e-06	7.016926e-06	1.425449e-09	3.798536e+01	1.447275e+02
3.870000e-06	7.007123e-06	1.197305e-09	3.793229e+01	1.445595e+02
3.880000e-06	6.997012e-06	1.050623e-09	3.787756e+01	1.443878e+02
3.890000e-06	6.986647e-06	1.301194e-09	3.782145e+01	1.442130e+02
3.900000e-06	6.975628e-06	1.440165e-09	3.776180e+01	1.440357e+02
3.910000e-06	6.963877e-06	1.183679e-09	3.769818e+01	1.438565e+02
3.920000e-06	6.951731e-06	1.089670e-09	3.763243e+01	1.436759e+02
3.930000e-06	6.939174e-06	1.350209e-09	3.756446e+01	1.434944e+02
3.940000e-06	6.925716e-06	1.362101e-09	3.749160e+01	1.433124e+02
3.950000e-06	6.911294e-06	1.091102e-09	3.741353e+01	1.431302e+02
3.960000e-06	6.896345e-06	1.147616e-09	3.733261e+01	1.429481e+02
3.970000e-06	6.880862e-06	1.388789e-09	3.724879e+01	1.427662e+02
3.980000e-06	6.864718e-06	1.265251e-09	3.716140e+01	1.425847e+02
3.990000e-06	6.848246e-06	1.094816e-09	3.707223e+01	1.424036e+02
4.000000e-06	6.831545e-06	1.280751e-09	3.698182e+01	1.422227e+02
4.010000e-06	6.814284e-06	1.345572e-09	3.688838e+01	1.420421e+02
4.020000e-06	6.796573e-06	1.116012e-09	3.679250e+01	1.418614e+02
4.030000e-06	6.778519e-06	1.156491e-09	3.669477e+01	1.416803e+02
4.040000e-06	6.759874e-06	1.379755e-09	3.659384e+01	1.414986e+02
4.050000e-06	6.740623e-06	1.251698e-09	3.648962e+01	1.413157e+02
4.060000e-06	6.720896e-06	1.092027e-09	3.638284e+01	1.411314e+02
4.070000e-06	6.700857e-06	1.272205e-09	3.627435e+01	1.409450e+02
4.080000e-06	6.680597e-06	1.323852e-09	3.616468e+01	1.407560e+02
4.090000e-06	6.660127e-06	1.130766e-09	3.605387e+01	1.405640e+02
4.100000e-06	6.639136e-06	1.181299e-09	3.594023e+01	1.403684e+02
4.110000e-06	6.617354e-06	1.326484e-09	3.582232e+01	1.401686e+02
4.120000e-06	6.594625e-06	1.207286e-09	3.569928e+01	1.399641e+02
4.130000e-06	6.571051e-06	1.150664e-09	3.557166e+01	1.397544e+02
4.140000e-06	6.547042e-06	1.280377e-09	3.544169e+01	1.395390e+02
4.150000e-06	6.522773e-06	1.237574e-09	3.531032e+01	1.393175e+02
4.160000e-06	6.498203e-06	1.140267e-09	3.517731e+01	1.390893e+02
4.170000e-06	6.473216e-06	1.236874e-09	3.504205e+01	1.388542e+02
4.180000e-06	6.447759e-06	1.268053e-09	3.490424e+01	1.386118e+02
4.190000e-06	6.421916e-06	1.172308e-09	3.476434e+01	1.383617e+02
4.200000e-06	6.395581e-06	1.201286e-09	3.462177e+01	1.381039e+02
4.210000e-06	6.368731e-06	1.250705e-09	3.447642e+01	1.378380e+02
4.220000e-06	6.341489e-06	1.190459e-09	3.432896e+01	1.375639e+02
4.230000e-06	6.313776e-06	1.190201e-09	3.417894e+01	1.372816e+02
4.240000e-06	6.285667e-06	1.234667e-09	3.402677e+01	1.369909e+02
4.250000e-06	6.257318e-06	1.202454e-09	3.387330e+01	1.366919e+02
4.260000e-06	6.228655e-06	1.190023e-09	3.371814e+01	1.363845e+02
4.270000e-06	6.199503e-06	1.219979e-09	3.356033e+01	1.360688e+02
4.280000e-06	6.169971e-06	1.203528e-09	3.340046e+01	1.357448e+02
4.290000e-06	6.139851e-06	1.188756e-09	3.323741e+01	1.354126e+02
4.300000e-06	6.108784e-06	1.202297e-09	3.306923e+01	1.350724e+02
4.310000e-06	6.077017e-06	1.195580e-09	3.289726e+01	1.347241e+02
4.320000e-06	6.044824e-06	1.192542e-09	3.272299e+01	1.343678e+02
4.330000e-06	6.012313e-06	1.197123e-09	3.254700e+01	1.340037e+02
4.340000e-06	5.979505e-06	1.182219e-09	3.236940e+01	1.336318e+02
4.350000e-06	5.946270e-06	1.180912e-09	3.218948e+01	1.332522e+02
4.360000e-06	5.912516e-06	1.189305e-09	3.200676e+01	1.328649e+02
4.370000e-06	5.878358e-06	1.177983e-09	3.182185e+01	1.324699e+02
4.380000e-06	5.843955e-06	1.177673e-09	3.163561e+01	1.320672e+02
4.390000e-06	5.809220e-06	1.184134e-09	3.144758e+01	1.316569e+02
4.400000e-06	5.773997e-06	1.168472e-09	3.125690e+01	1.312388e+02
4.410000e-06	5.738290e-06	1.163362e-09	3.106360e+01	1.308129e+02
4.420000e-06	5.702238e-06	1.173076e-09	3.086844e+01	1.303793e+02
4.430000e-06	5.666003e-06	1.163700e-09	3.067228e+01	1.299377e+02
4.440000e-06	5.629579e-06	1.153887e-09	3.047511e+01	1.294881e+02
4.450000e-06	5.592832e-06	1.159851e-09	3.027618e+01	1.290305e+02
4.460000e-06	5.555581e-06	1.158797e-09	3.007453e+01	1.285647e+02
4.470000e-06	5.517741e-06	1.150077e-09	2.986969e+01	1.280908e+02
4.480000e-06	5.479084e-06	1.146247e-09	2.966042e+01	1.276085e+02
4.490000e-06	5.439681e-06	1.142904e-09	2.944712e+01	1.271179e+02
4.500000e-06	5.399840e-06	1.138633e-09	2.923144e+01	1.266189e+02
4.510000e-06	5.359645e-06	1.136447e-09	2.901385e+01	1.261115e+02
4.520000e-06	5.319258e-06	1.134134e-09	2.879522e+01	1.255957e+02
4.530000e-06	5.278641e-06	1.129398e-09	2.857534e+01	1.250716e+02
4.540000e-06	5.237743e-06	1.123462e-09	2.835395e+01	1.245391e+02
4.550000e-06	5.196571e-06	1.119730e-09	2.813107e+01	1.239985e+02
4.560000e-06	5.154948e-06	1.118642e-09	2.790575e+01	1.234498e+02
4.570000e-06	5.112845e-06	1.114854e-09	2.767782e+01	1.228930e+02
4.580000e-06	5.070420e-06	1.107268e-09	2.744816e+01	1.223285e+02
4.590000e-06	5.027763e-06	1.100167e-09	2.721724e+01	1.217563e+02
4.600000e-06	4.984763e-06	1.095690e-09	2.698447e+01	1.211766e+02
4.610000e-06	4.941214e-06	1.090850e-09	2.674872e+01	1.205896e+02
4.620000e-06	4.897225e-06	1.085308e-09	2.651059e+01	1.199955e+02
4.630000e-06	4.853070e-06	1.082816e-09	2.627156e+01	1.193945e+02
4.640000e-06	4.808845e-06	1.081472e-09	2.603216e+01	1.187867e+02
4.650000e-06	4.764455e-06	1.076765e-09	2.579186e+01	1.181723e+02
4.660000e-06	4.719768e-06	1.069963e-09	2.554995e+01	1.175515e+02
4.670000e-06	4.674790e-06	1.062275e-09	2.530646e+01	1.169242e+02
4.680000e-06	4.629543e-06	1.053733e-09	2.506152e+01	1.162906e+02
4.690000e-06	4.583854e-06	1.047159e-09	2.481419e+01	1.156506e+02
4.700000e-06	4.537650e-06	1.043881e-09	2.456407e+01	1.150043e+02
4.710000e-06	4.491000e-06	1.041753e-09	2.431154e+01	1.143515e+02
4.720000e-06	4.444051e-06	1.037718e-09	2.405738e+01	1.136922e+02
4.730000e-06	4.396921e-06	1.031158e-09	2.380225e+01	1.130260e+02
4.740000e-06	4.349545e-06	1.023386e-09	2.354579e+01	1.123528e+02
4.750000e-06	4.301796e-06	1.016772e-09	2.328730e+01	1.116721e+02
4.760000e-06	4.253908e-06	1.011125e-09	2.302807e+01	1.109838e+02
4.770000e-06	4.205670e-06	1.004744e-09	2.276693e+01	1.102872e+02
4.780000e-06	4.156817e-06	9.993079e-10	2.250247e+01	1.095820e+02
4.790000e-06	4.107605e-06	9.960560e-10	2.223607e+01	1.088676e+02
4.800000e-06	4.058128e-06	9.912946e-10	2.196823e+01	1.081434e+02
4.810000e-06	4.008366e-06	9.840245e-10	2.169885e+01	1.074089e+02
4.820000e-06	3.958175e-06	9.766388e-10	2.142715e+01	1.066634e+02
4.830000e-06	3.907735e-06	9.707108e-10	2.115410e+01	1.059063e+02
4.840000e-06	3.857145e-06	9.650065e-10	2.088023e+01	1.051370e+02
4.850000e-06	3.806208e-06	9.585129e-10	2.060449e+01	1.043548e+02
4.860000e-06	3.754893e-06	9.517631e-10	2.032670e+01	1.035591e+02
4.870000e-06	3.703297e-06	9.444806e-10	2.004739e+01	1.027494e+02
4.880000e-06	3.651405e-06	9.369389e-10	1.976648e+01	1.019250e+02
4.890000e-06	3.599219e-06	9.296645e-10	1.948398e+01	1.010854e+02
4.900000e-06	3.546861e-06	9.226976e-10	1.920054e+01	1.002303e+02
4.910000e-06	3.494360e-06	9.159617e-10	1.891634e+01	9.935904e+01
4.920000e-06	3.441610e-06	9.095742e-10	1.863078e+01	9.847140e+01
4.930000e-06	3.388559e-06	9.021858e-10	1.834359e+01	9.756708e+01
4.940000e-06	3.335118e-06	8.938141e-10	1.805429e+01	9.664584e+01
4.950000e-06	3.281346e-06	8.858612e-10	1.776321e+01	9.570756e+01
4.960000e-06	3.227223e-06	8.777814e-10	1.747022e+01	9.475217e+01
4.970000e-06	3.172587e-06	8.688499e-10	1.717445e+01	9.377968e+01
4.980000e-06	3.117455e-06	8.599949e-10	1.687600e+01	9.279016e+01
4.990000e-06	3.061850e-06	8.517482e-10	1.657499e+01	9.178377e+01
5.000000e-06	3.005988e-06	8.432651e-10	1.627258e+01	9.076073e+01
5.010000e-06	2.949942e-06	8.334946e-10	1.596919e+01	8.972132e+01
5.020000e-06	2.893717e-06	8.226832e-10	1.566482e+01	8.866586e+01
5.030000e-06	2.837451e-06	8.124963e-10	1.536023e+01	8.759474e+01
5.040000e-06	2.781046e-06	8.038399e-10	1.505489e+01	8.650837e+01
5.050000e-06	2.724481e-06	7.956728e-10	1.474868e+01	8.540720e+01
5.060000e-06	2.667855e-06	7.868283e-10	1.444214e+01	8.429169e+01
5.070000e-06	2.611203e-06	7.771334e-10	1.413546e+01	8.316230e+01
5.080000e-06	2.554460e-06	7.677926e-10	1.382829e+01	8.201952e+01
5.090000e-06	2.497547e-06	7.577575e-10	1.352020e+01	8.086380e+01
5.100000e-06	2.440368e-06	7.462896e-10	1.321066e+01	7.969558e+01
5.110000e-06	2.382944e-06	7.349273e-10	1.289981e+01	7.851527e+01
5.120000e-06	2.325379e-06	7.241293e-10	1.258819e+01	7.732325e+01
5.130000e-06	2.267651e-06	7.130682e-10	1.227568e+01	7.611984e+01
5.140000e-06	2.209757e-06	7.020699e-10	1.196228e+01	7.490531e+01
5.150000e-06	2.151634e-06	6.909265e-10	1.164764e+01	7.367989e+01
5.160000e-06	2.093325e-06	6.787882e-10	1.133198e+01	7.244372e+01
5.170000e-06	2.034867e-06	6.659660e-10	1.101553e+01	7.119689e+01
5.180000e-06	1.976299e-06	6.531499e-10	1.069848e+01	6.993942e+01
5.190000e-06	1.917614e-06	6.416376e-10	1.038079e+01	6.867125e+01
5.200000e-06	1.858761e-06	6.304800e-10	1.006220e+01	6.739226e+01
5.210000e-06	1.799828e-06	6.184633e-10	9.743169e+00	6.610226e+01
5.220000e-06	1.740758e-06	6.064011e-10	9.423401e+00	6.480097e+01
5.230000e-06	1.681478e-06	5.948134e-10	9.102495e+00	6.348808e+01
5.240000e-06	1.622117e-06	5.821325e-10	8.781153e+00	6.216319e+01
5.250000e-06	1.562707e-06	5.680107e-10	8.459542e+00	6.082588e+01
5.260000e-06	1.503134e-06	5.544404e-10	8.137051e+00	5.947564e+01
5.270000e-06	1.443430e-06	5.421369e-10	7.813848e+00	5.811195e+01
5.280000e-06	1.383584e-06	5.299275e-10	7.489878e+00	5.673423e+01
5.290000e-06	1.323601e-06	5.170910e-10	7.165170e+00	5.534191e+01
5.300000e-06	1.263630e-06	5.034309e-10	6.840521e+00	5.393435e+01
5.310000e-06	1.203586e-06	4.888818e-10	6.515481e+00	5.251093e+01
5.320000e-06	1.143387e-06	4.747992e-10	6.189603e+00	5.107103e+01
5.330000e-06	1.083140e-06	4.623937e-10	5.863458e+00	4.961402e+01
5.340000e-06	1.022937e-06	4.504474e-10	5.537555e+00	4.813928e+01
5.350000e-06	9.627301e-07	4.375139e-10	5.211634e+00	4.664622e+01
5.360000e-06	9.024173e-07	4.232734e-10	4.885137e+00	4.513429e+01
5.370000e-06	8.420745e-07	4.084372e-10	4.558478e+00	4.360294e+01
5.380000e-06	7.817707e-07	3.937491e-10	4.232030e+00	4.205170e+01
5.390000e-06	7.214564e-07	3.789964e-10	3.905525e+00	4.048012e+01
5.400000e-06	6.610167e-07	3.639933e-10	3.578341e+00	3.888781e+01
5.410000e-06	6.004774e-07	3.493822e-10	3.250619e+00	3.727446e+01
5.420000e-06	5.400017e-07	3.354811e-10	2.923240e+00	3.563980e+01
5.430000e-06	4.795827e-07	3.215529e-10	2.596168e+00	3.398364e+01
5.440000e-06	4.191674e-07	3.070125e-10	2.269117e+00	3.230586e+01
5.450000e-06	3.587356e-07	2.912974e-10	1.941976e+00	3.060643e+01
5.460000e-06	2.982461e-07	2.745480e-10	1.614522e+00	2.888539e+01
5.470000e-06	2.377667e-07	2.581376e-10	1.287124e+00	2.714287e+01
5.480000e-06	1.772558e-07	2.423444e-10	9.595546e-01	2.537907e+01
5.490000e-06	1.166860e-07	2.263058e-10	6.316671e-01	2.359431e+01
5.500000e-06	5.610602e-08	2.099213e-10	3.037238e-01	2.178897e+01
5.510000e-06	-4.495339e-09	1.927145e-10	-2.433502e-02	1.996354e+01
5.520000e-06	-6.510104e-08	1.744461e-10	-3.524173e-01	1.811860e+01
5.530000e-06	-1.257040e-07	1.567105e-10	-6.804850e-01	1.625482e+01
5.540000e-06	-1.862379e-07	1.395694e-10	-1.008179e+00	1.437297e+01
5.550000e-06	-2.466874e-07	1.225556e-10	-1.335415e+00	1.247391e+01
5.560000e-06	-3.071183e-07	1.058353e-10	-1.662551e+00	1.055860e+01
5.570000e-06	-3.676202e-07	8.891125e-11	-1.990072e+00	8.628067e+00
5.580000e-06	-4.281319e-07	7.111997e-11	-2.317645e+00	6.683461e+00
5.590000e-06	-4.885600e-07	5.145050e-11	-2.644766e+00	4.726001e+00
5.600000e-06	-5.489881e-07	3.218770e-11	-2.971887e+00	2.756991e+00
5.610000e-06	-6.094160e-07	1.436220e-11	-3.299007e+00	7.778194e-01
5.620000e-06	-6.697717e-07	-3.944541e-12	-3.625735e+00	-1.210053e+00
5.630000e-06	-7.300621e-07	-2.222987e-11	-3.952111e+00	-3.205095e+00
5.640000e-06	-7.903194e-07	-4.102270e-11	-4.278307e+00	-5.205710e+00
5.650000e-06	-8.505778e-07	-6.134286e-11	-4.604510e+00	-7.210246e+00
5.660000e-06	-9.108193e-07	-8.140341e-11	-4.930620e+00	-9.217000e+00
5.670000e-06	-9.710059e-07	-1.001474e-10	-5.256434e+00	-1.122423e+01
5.680000e-06	-1.031148e-06	-1.178470e-10	-5.582006e+00	-1.323016e+01
5.690000e-06	-1.091282e-06	-1.352183e-10	-5.907534e+00	-1.523300e+01
5.700000e-06	-1.151417e-06	-1.538601e-10	-6.233072e+00	-1.723094e+01
5.710000e-06	-1.211512e-06	-1.732841e-10	-6.558388e+00	-1.922216e+01
5.720000e-06	-1.271537e-06	-1.921858e-10	-6.883324e+00	-2.120488e+01
5.730000e-06	-1.331420e-06	-2.106430e-10	-7.207498e+00	-2.317731e+01
5.740000e-06	-1.391229e-06	-2.287385e-10	-7.531266e+00	-2.513772e+01
5.750000e-06	-1.450983e-06	-2.468995e-10	-7.854739e+00	-2.708441e+01
5.760000e-06	-1.510702e-06	-2.657730e-10	-8.178018e+00	-2.901574e+01
5.770000e-06	-1.570228e-06	-2.841479e-10	-8.500258e+00	-3.093014e+01
5.780000e-06	-1.629513e-06	-3.019098e-10	-8.821192e+00	-3.282613e+01
5.790000e-06	-1.688698e-06	-3.201665e-10	-9.141582e+00	-3.470230e+01
5.800000e-06	-1.747713e-06	-3.390069e-10	-9.461051e+00	-3.655735e+01
5.810000e-06	-1.806707e-06	-3.567509e-10	-9.780410e+00	-3.839010e+01
5.820000e-06	-1.865601e-06	-3.730525e-10	-1.009923e+01	-4.019947e+01
5.830000e-06	-1.924362e-06	-3.902936e-10	-1.041732e+01	-4.198450e+01
5.840000e-06	-1.983020e-06	-4.086484e-10	-1.073486e+01	-4.374436e+01
5.850000e-06	-2.041538e-06	-4.266727e-10	-1.105164e+01	-4.547838e+01
5.860000e-06	-2.099931e-06	-4.426152e-10	-1.136774e+01	-4.718597e+01
5.870000e-06	-2.158079e-06	-4.561140e-10	-1.168252e+01	-4.886672e+01
5.880000e-06	-2.215971e-06	-4.692786e-10	-1.199592e+01	-5.052034e+01
5.890000e-06	-2.273684e-06	-4.832347e-10	-1.230834e+01	-5.214666e+01
5.900000e-06	-2.331190e-06	-4.979432e-10	-1.261964e+01	-5.374565e+01
5.910000e-06	-2.388563e-06	-5.134933e-10	-1.293022e+01	-5.531740e+01
5.920000e-06	-2.445802e-06	-5.284486e-10	-1.324008e+01	-5.686212e+01
5.930000e-06	-2.502838e-06	-5.420674e-10	-1.354884e+01	-5.838014e+01
5.940000e-06	-2.559729e-06	-5.561765e-10	-1.385681e+01	-5.987186e+01
5.950000e-06	-2.616407e-06	-5.716014e-10	-1.416363e+01	-6.133781e+01
5.960000e-06	-2.672906e-06	-5.861872e-10	-1.446948e+01	-6.277857e+01
5.970000e-06	-2.729280e-06	-5.986384e-10	-1.477466e+01	-6.419480e+01
5.980000e-06	-2.785592e-06	-6.100763e-10	-1.507950e+01	-6.558724e+01
5.990000e-06	-2.841857e-06	-6.222213e-10	-1.538408e+01	-6.695663e+01
6.000000e-06	-2.897996e-06	-6.345266e-10	-1.568798e+01	-6.830381e+01
6.010000e-06	-2.953877e-06	-6.456919e-10	-1.599049e+01	-6.962958e+01
6.020000e-06	-3.009538e-06	-6.557390e-10	-1.629181e+01	-7.093480e+01
6.030000e-06	-3.064981e-06	-6.661228e-10	-1.659194e+01	-7.222031e+01
6.040000e-06	-3.120081e-06	-6.783982e-10	-1.689022e+01	-7.348695e+01
6.050000e-06	-3.174858e-06	-6.912060e-10	-1.718675e+01	-7.473554e+01
6.060000e-06	-3.229265e-06	-7.023372e-10	-1.748127e+01	-7.596687e+01
6.070000e-06	-3.283246e-06	-7.119053e-10	-1.777349e+01	-7.718172e+01
6.080000e-06	-3.336770e-06	-7.215160e-10	-1.806324e+01	-7.838081e+01
6.090000e-06	-3.389891e-06	-7.327628e-10	-1.835080e+01	-7.956482e+01
6.100000e-06	-3.442785e-06	-7.455936e-10	-1.863714e+01	-8.073439e+01
6.110000e-06	-3.495473e-06	-7.568725e-10	-1.892236e+01	-8.189010e+01
6.120000e-06	-3.547885e-06	-7.660117e-10	-1.920609e+01	-8.303249e+01
6.130000e-06	-3.600066e-06	-7.751441e-10	-1.948856e+01	-8.416203e+01
6.140000e-06	-3.652010e-06	-7.845478e-10	-1.976976e+01	-8.527918e+01
6.150000e-06	-3.703733e-06	-7.938428e-10	-2.004975e+01	-8.638429e+01
6.160000e-06	-3.755193e-06	-8.031582e-10	-2.032833e+01	-8.747770e+01
6.170000e-06	-3.806367e-06	-8.134284e-10	-2.060535e+01	-8.855971e+01
6.180000e-06	-3.857133e-06	-8.242049e-10	-2.088017e+01	-8.963056e+01
6.190000e-06	-3.907542e-06	-8.345481e-10	-2.115305e+01	-9.069045e+01
6.200000e-06	-3.957759e-06	-8.436170e-10	-2.142489e+01	-9.173955e+01
6.210000e-06	-4.007738e-06	-8.512235e-10	-2.169545e+01	-9.277801e+01
6.220000e-06	-4.057378e-06	-8.588643e-10	-2.196417e+01	-9.380594e+01
6.230000e-06	-4.106557e-06	-8.674637e-10	-2.223039e+01	-9.482345e+01
6.240000e-06	-4.155260e-06	-8.769364e-10	-2.249405e+01	-9.583059e+01
6.250000e-06	-4.203431e-06	-8.862210e-10	-2.275482e+01	-9.682743e+01
6.260000e-06	-4.251260e-06	-8.947101e-10	-2.301373e+01	-9.781402e+01
6.270000e-06	-4.298575e-06	-9.021424e-10	-2.326987e+01	-9.879039e+01
6.280000e-06	-4.345464e-06	-9.095500e-10	-2.352369e+01	-9.975656e+01
6.290000e-06	-4.392331e-06	-9.183916e-10	-2.377740e+01	-1.007126e+02
6.300000e-06	-4.438982e-06	-9.275498e-10	-2.402994e+01	-1.016584e+02
6.310000e-06	-4.485434e-06	-9.358870e-10	-2.428141e+01	-1.025941e+02
6.320000e-06	-4.531644e-06	-9.441462e-10	-2.453156e+01	-1.035195e+02
6.330000e-06	-4.577398e-06	-9.529929e-10	-2.477924e+01	-1.044348e+02
6.340000e-06	-4.622659e-06	-9.618593e-10	-2.502426e+01	-1.053399e+02
6.350000e-06	-4.667575e-06	-9.702319e-10	-2.526740e+01	-1.062347e+02
6.360000e-06	-4.712345e-06	-9.779066e-10	-2.550976e+01	-1.071192e+02
6.370000e-06	-4.756906e-06	-9.851372e-10	-2.575099e+01	-1.079933e+02
6.380000e-06	-4.801195e-06	-9.926824e-10	-2.599074e+01	-1.088569e+02
6.390000e-06	-4.845304e-06	-1.000984e-09	-2.622952e+01	-1.097100e+02
6.400000e-06	-4.889282e-06	-1.008936e-09	-2.646759e+01	-1.105523e+02
6.410000e-06	-4.932913e-06	-1.014603e-09	-2.670378e+01	-1.113837e+02
6.420000e-06	-4.976110e-06	-1.019780e-09	-2.693762e+01	-1.122041e+02
6.430000e-06	-5.018896e-06	-1.026398e-09	-2.716924e+01	-1.130132e+02
6.440000e-06	-5.061317e-06	-1.033716e-09	-2.739888e+01	-1.138108e+02
6.450000e-06	-5.103460e-06	-1.040445e-09	-2.762702e+01	-1.145967e+02
6.460000e-06	-5.145263e-06	-1.046570e-09	-2.785332e+01	-1.153706e+02
6.470000e-06	-5.186632e-06	-1.053844e-09	-2.807726e+01	-1.161323e+02
6.480000e-06	-5.227622e-06	-1.061804e-09	-2.829916e+01	-1.168815e+02
6.490000e-06	-5.268292e-06	-1.068289e-09	-2.851932e+01	-1.176178e+02
6.500000e-06	-5.308657e-06	-1.073789e-09	-2.873783e+01	-1.183411e+02
6.510000e-06	-5.348829e-06	-1.079800e-09	-2.895530e+01	-1.190510e+02
6.520000e-06	-5.388765e-06	-1.086622e-09	-2.917149e+01	-1.197472e+02
6.530000e-06	-5.428275e-06	-1.093413e-09	-2.938537e+01	-1.204296e+02
6.540000e-06	-5.467253e-06	-1.097821e-09	-2.959637e+01	-1.210978e+02
6.550000e-06	-5.505655e-06	-1.101624e-09	-2.980426e+01	-1.217518e+02
6.560000e-06	-5.543316e-06	-1.107588e-09	-3.000813e+01	-1.223913e+02
6.570000e-06	-5.580339e-06	-1.113938e-09	-3.020855e+01	-1.230163e+02
6.580000e-06	-5.617069e-06	-1.120812e-09	-3.040739e+01	-1.236267e+02
6.590000e-06	-5.653629e-06	-1.127920e-09	-3.060530e+01	-1.242225e+02
6.600000e-06	-5.689958e-06	-1.132864e-09	-3.080196e+01	-1.248038e+02
6.610000e-06	-5.725903e-06	-1.136549e-09	-3.099655e+01	-1.253707e+02
6.620000e-06	-5.761291e-06	-1.140408e-09	-3.118812e+01	-1.259234e+02
6.630000e-06	-5.796238e-06	-1.143569e-09	-3.137730e+01	-1.264621e+02
6.640000e-06	-5.830907e-06	-1.145226e-09	-3.156498e+01	-1.269872e+02
6.650000e-06	-5.865354e-06	-1.148405e-09	-3.175145e+01	-1.274991e+02
6.660000e-06	-5.899398e-06	-1.153682e-09	-3.193574e+01	-1.279982e+02
6.670000e-06	-5.932759e-06	-1.158717e-09	-3.211634e+01	-1.284850e+02
6.680000e-06	-5.965615e-06	-1.162552e-09	-3.229420e+01	-1.289601e+02
6.690000e-06	-5.998128e-06	-1.164560e-09	-3.247021e+01	-1.294241e+02
6.700000e-06	-6.030388e-06	-1.166972e-09	-3.264484e+01	-1.298777e+02
6.710000e-06	-6.062404e-06	-1.171422e-09	-3.281816e+01	-1.303215e+02
6.720000e-06	-6.093945e-06	-1.175800e-09	-3.298890e+01	-1.307562e+02
6.730000e-06	-6.124807e-06	-1.177941e-09	-3.315597e+01	-1.311825e+02
6.740000e-06	-6.154876e-06	-1.178422e-09	-3.331874e+01	-1.316012e+02
6.750000e-06	-6.184280e-06	-1.180698e-09	-3.347792e+01	-1.320130e+02
6.760000e-06	-6.213189e-06	-1.185130e-09	-3.363441e+01	-1.324184e+02
6.770000e-06	-6.241708e-06	-1.188350e-09	-3.378880e+01	-1.328183e+02
6.780000e-06	-6.269943e-06	-1.190357e-09	-3.394165e+01	-1.332132e+02
6.790000e-06	-6.297953e-06	-1.192054e-09	-3.409328e+01	-1.336036e+02
6.800000e-06	-6.325720e-06	-1.193192e-09	-3.424359e+01	-1.339901e+02
6.810000e-06	-6.352957e-06	-1.195342e-09	-3.439104e+01	-1.343731e+02
6.820000e-06	-6.379552e-06	-1.197975e-09	-3.453501e+01	-1.347530e+02
6.830000e-06	-6.405681e-06	-1.199622e-09	-3.467645e+01	-1.351300e+02
6.840000e-06	-6.431290e-06	-1.201722e-09	-3.481508e+01	-1.355045e+02
6.850000e-06	-6.456407e-06	-1.205054e-09	-3.495105e+01	-1.358766e+02
6.860000e-06	-6.481144e-06	-1.207796e-09	-3.508496e+01	-1.362462e+02
6.870000e-06	-6.505634e-06	-1.208804e-09	-3.521753e+01	-1.366134e+02
6.880000e-06	-6.529951e-06	-1.210264e-09	-3.534917e+01	-1.369782e+02
6.890000e-06	-6.553964e-06	-1.213828e-09	-3.547916e+01	-1.373402e+02
6.900000e-06	-6.577460e-06	-1.217071e-09	-3.560636e+01	-1.376994e+02
6.910000e-06	-6.600209e-06	-1.218321e-09	-3.572951e+01	-1.380553e+02
6.920000e-06	-6.622188e-06	-1.219326e-09	-3.584849e+01	-1.384077e+02
6.930000e-06	-6.643391e-06	-1.221397e-09	-3.596327e+01	-1.387561e+02
6.940000e-06	-6.664013e-06	-1.223743e-09	-3.607490e+01	-1.391002e+02
6.950000e-06	-6.684367e-06	-1.225690e-09	-3.618509e+01	-1.394394e+02
6.960000e-06	-6.704411e-06	-1.227506e-09	-3.629359e+01	-1.397733e+02
6.970000e-06	-6.724036e-06	-1.229482e-09	-3.639983e+01	-1.401013e+02
6.980000e-06	-6.743200e-06	-1.232255e-09	-3.650357e+01	-1.404231e+02
6.990000e-06	-6.761871e-06	-1.234751e-09	-3.660465e+01	-1.407382e+02
7.000000e-06	-6.780124e-06	-1.236166e-09	-3.670346e+01	-1.410461e+02
7.010000e-06	-6.798082e-06	-1.237192e-09	-3.680067e+01	-1.413463e+02
7.020000e-06	-6.815551e-06	-1.238886e-09	-3.689524e+01	-1.416386e+02
7.030000e-06	-6.832402e-06	-1.240770e-09	-3.698646e+01	-1.419225e+02
7.040000e-06	-6.848894e-06	-1.242824e-09	-3.707574e+01	-1.421978e+02
7.050000e-06	-6.865157e-06	-1.245410e-09	-3.716377e+01	-1.424642e+02
7.060000e-06	-6.880971e-06	-1.248051e-09	-3.724938e+01	-1.427215e+02
7.070000e-06	-6.896080e-06	-1.250052e-09	-3.733117e+01	-1.429697e+02
7.080000e-06	-6.910350e-06	-1.250782e-09	-3.740842e+01	-1.432085e+02
7.090000e-06	-6.923750e-06	-1.251801e-09	-3.748096e+01	-1.434379e+02
7.100000e-06	-6.936594e-06	-1.253565e-09	-3.755049e+01	-1.436580e+02
7.110000e-06	-6.948983e-06	-1.255600e-09	-3.761756e+01	-1.438688e+02
7.120000e-06	-6.960871e-06	-1.257523e-09	-3.768191e+01	-1.440703e+02
7.130000e-06	-6.972217e-06	-1.258670e-09	-3.774333e+01	-1.442626e+02
7.140000e-06	-6.983049e-06	-1.259610e-09	-3.780197e+01	-1.444459e+02
7.150000e-06	-6.993458e-06	-1.260248e-09	-3.785832e+01	-1.446203e+02
7.160000e-06	-7.003393e-06	-1.260757e-09	-3.791210e+01	-1.447860e+02
7.170000e-06	-7.012734e-06	-1.261752e-09	-3.796266e+01	-1.449431e+02
7.180000e-06	-7.021552e-06	-1.262858e-09	-3.801040e+01	-1.450917e+02
7.190000e-06	-7.030096e-06	-1.263997e-09	-3.805665e+01	-1.452319e+02
7.200000e-06	-7.038395e-06	-1.264703e-09	-3.810158e+01	-1.453639e+02
7.210000e-06	-7.046321e-06	-1.264778e-09	-3.814448e+01	-1.454877e+02
7.220000e-06	-7.053686e-06	-1.264094e-09	-3.818436e+01	-1.456034e+02
7.230000e-06	-7.060290e-06	-1.262162e-09	-3.822011e+01	-1.457109e+02
7.240000e-06	-7.066046e-06	-1.259951e-09	-3.825127e+01	-1.458104e+02
7.250000e-06	-7.071068e-06	-1.259880e-09	-3.827845e+01	-1.459016e+02
7.260000e-06	-7.075644e-06	-1.261101e-09	-3.830322e+01	-1.459846e+02
7.270000e-06	-7.079917e-06	-1.261349e-09	-3.832635e+01	-1.460592e+02
7.280000e-06	-7.083798e-06	-1.261215e-09	-3.834736e+01	-1.461252e+02
7.290000e-06	-7.087143e-06	-1.261192e-09	-3.836547e+01	-1.461824e+02
7.300000e-06	-7.089957e-06	-1.261308e-09	-3.838070e+01	-1.462307e+02
7.310000e-06	-7.092463e-06	-1.260930e-09	-3.839427e+01	-1.462698e+02
7.320000e-06	-7.094472e-06	-1.259913e-09	-3.840515e+01	-1.462996e+02
7.330000e-06	-7.095784e-06	-1.259470e-09	-3.841225e+01	-1.463197e+02
7.340000e-06	-7.096778e-06	-1.259316e-09	-3.841763e+01	-1.463299e+02
