# Temperatura_=_20.0
# Concentracion g/m^3_=_7400.0
# C_Vs_to_Am_M_A/Vsm_=_116720831517.84952
# pendiente_HvsI_1/m_=_3716.3
# ordenada_HvsI_A/m_=_1297.0
# frecuencia_Hz_=_136115.0596398689

Tiempo_(s)	Campo_(V.s)	Magnetizacion_(V.s)	Campo_(kA/m)	Magnetizacion_(A/m)
0.000000e+00	-7.131115e-06	-1.394155e-09	-3.843461e+01	-1.611254e+02
1.000000e-08	-7.131098e-06	-1.394545e-09	-3.843452e+01	-1.610950e+02
2.000000e-08	-7.130702e-06	-1.394862e-09	-3.843239e+01	-1.610600e+02
3.000000e-08	-7.129845e-06	-1.394320e-09	-3.842777e+01	-1.610207e+02
4.000000e-08	-7.128058e-06	-1.392450e-09	-3.841814e+01	-1.609774e+02
5.000000e-08	-7.125312e-06	-1.391205e-09	-3.840334e+01	-1.609302e+02
6.000000e-08	-7.122103e-06	-1.390340e-09	-3.838604e+01	-1.608793e+02
7.000000e-08	-7.118528e-06	-1.388261e-09	-3.836677e+01	-1.608250e+02
8.000000e-08	-7.114546e-06	-1.392309e-09	-3.834531e+01	-1.607675e+02
9.000000e-08	-7.109970e-06	-1.397093e-09	-3.832065e+01	-1.607069e+02
1.000000e-07	-7.104611e-06	-1.369356e-09	-3.829176e+01	-1.606433e+02
1.100000e-07	-7.098677e-06	-1.342355e-09	-3.825978e+01	-1.605769e+02
1.200000e-07	-7.092464e-06	-1.393888e-09	-3.822630e+01	-1.605078e+02
1.300000e-07	-7.085982e-06	-1.451498e-09	-3.819136e+01	-1.604362e+02
1.400000e-07	-7.078998e-06	-1.382508e-09	-3.815372e+01	-1.603623e+02
1.500000e-07	-7.071520e-06	-1.301613e-09	-3.811341e+01	-1.602861e+02
1.600000e-07	-7.063746e-06	-1.383701e-09	-3.807152e+01	-1.602078e+02
1.700000e-07	-7.055565e-06	-1.468173e-09	-3.802742e+01	-1.601275e+02
1.800000e-07	-7.046621e-06	-1.353908e-09	-3.797922e+01	-1.600454e+02
1.900000e-07	-7.036965e-06	-1.255669e-09	-3.792717e+01	-1.599617e+02
2.000000e-07	-7.026778e-06	-1.392589e-09	-3.787226e+01	-1.598763e+02
2.100000e-07	-7.016007e-06	-1.489900e-09	-3.781422e+01	-1.597896e+02
2.200000e-07	-7.004629e-06	-1.341327e-09	-3.775289e+01	-1.597015e+02
2.300000e-07	-6.992624e-06	-1.257750e-09	-3.768819e+01	-1.596122e+02
2.400000e-07	-6.980062e-06	-1.395404e-09	-3.762048e+01	-1.595219e+02
2.500000e-07	-6.966995e-06	-1.433813e-09	-3.755006e+01	-1.594305e+02
2.600000e-07	-6.953409e-06	-1.302503e-09	-3.747683e+01	-1.593382e+02
2.700000e-07	-6.939062e-06	-1.309270e-09	-3.739950e+01	-1.592450e+02
2.800000e-07	-6.924054e-06	-1.415707e-09	-3.731861e+01	-1.591509e+02
2.900000e-07	-6.908421e-06	-1.362330e-09	-3.723436e+01	-1.590558e+02
3.000000e-07	-6.892184e-06	-1.289958e-09	-3.714685e+01	-1.589598e+02
3.100000e-07	-6.875507e-06	-1.372125e-09	-3.705696e+01	-1.588628e+02
3.200000e-07	-6.858372e-06	-1.382906e-09	-3.696461e+01	-1.587646e+02
3.300000e-07	-6.840860e-06	-1.277900e-09	-3.687023e+01	-1.586650e+02
3.400000e-07	-6.822891e-06	-1.326903e-09	-3.677338e+01	-1.585638e+02
3.500000e-07	-6.804357e-06	-1.426667e-09	-3.667348e+01	-1.584608e+02
3.600000e-07	-6.785250e-06	-1.327102e-09	-3.657050e+01	-1.583557e+02
3.700000e-07	-6.765779e-06	-1.249841e-09	-3.646556e+01	-1.582481e+02
3.800000e-07	-6.746020e-06	-1.366076e-09	-3.635907e+01	-1.581377e+02
3.900000e-07	-6.725893e-06	-1.388663e-09	-3.625059e+01	-1.580241e+02
4.000000e-07	-6.705123e-06	-1.277505e-09	-3.613864e+01	-1.579067e+02
4.100000e-07	-6.683705e-06	-1.308180e-09	-3.602321e+01	-1.577851e+02
4.200000e-07	-6.661995e-06	-1.384747e-09	-3.590619e+01	-1.576589e+02
4.300000e-07	-6.639962e-06	-1.316580e-09	-3.578744e+01	-1.575274e+02
4.400000e-07	-6.617379e-06	-1.286490e-09	-3.566573e+01	-1.573903e+02
4.500000e-07	-6.594256e-06	-1.352306e-09	-3.554110e+01	-1.572468e+02
4.600000e-07	-6.570689e-06	-1.323318e-09	-3.541408e+01	-1.570966e+02
4.700000e-07	-6.546756e-06	-1.275534e-09	-3.528509e+01	-1.569391e+02
4.800000e-07	-6.522511e-06	-1.335464e-09	-3.515442e+01	-1.567738e+02
4.900000e-07	-6.497894e-06	-1.346317e-09	-3.502174e+01	-1.566001e+02
5.000000e-07	-6.472644e-06	-1.281533e-09	-3.488565e+01	-1.564178e+02
5.100000e-07	-6.446635e-06	-1.297184e-09	-3.474547e+01	-1.562263e+02
5.200000e-07	-6.419868e-06	-1.330507e-09	-3.460120e+01	-1.560253e+02
5.300000e-07	-6.392520e-06	-1.292218e-09	-3.445380e+01	-1.558146e+02
5.400000e-07	-6.364909e-06	-1.284626e-09	-3.430499e+01	-1.555937e+02
5.500000e-07	-6.337006e-06	-1.314713e-09	-3.415460e+01	-1.553626e+02
5.600000e-07	-6.308674e-06	-1.297466e-09	-3.400190e+01	-1.551211e+02
5.700000e-07	-6.279908e-06	-1.282557e-09	-3.384686e+01	-1.548691e+02
5.800000e-07	-6.250683e-06	-1.300169e-09	-3.368934e+01	-1.546066e+02
5.900000e-07	-6.221068e-06	-1.291503e-09	-3.352973e+01	-1.543337e+02
6.000000e-07	-6.191193e-06	-1.275533e-09	-3.336871e+01	-1.540504e+02
6.100000e-07	-6.160940e-06	-1.285765e-09	-3.320565e+01	-1.537570e+02
6.200000e-07	-6.129927e-06	-1.286259e-09	-3.303850e+01	-1.534536e+02
6.300000e-07	-6.098235e-06	-1.277041e-09	-3.286770e+01	-1.531405e+02
6.400000e-07	-6.066404e-06	-1.279611e-09	-3.269613e+01	-1.528181e+02
6.500000e-07	-6.034536e-06	-1.275260e-09	-3.252437e+01	-1.524866e+02
6.600000e-07	-6.002382e-06	-1.267077e-09	-3.235107e+01	-1.521465e+02
6.700000e-07	-5.969662e-06	-1.269443e-09	-3.217472e+01	-1.517982e+02
6.800000e-07	-5.936265e-06	-1.266596e-09	-3.199472e+01	-1.514420e+02
6.900000e-07	-5.902147e-06	-1.258604e-09	-3.181084e+01	-1.510784e+02
7.000000e-07	-5.867405e-06	-1.256267e-09	-3.162359e+01	-1.507079e+02
7.100000e-07	-5.832132e-06	-1.249940e-09	-3.143347e+01	-1.503307e+02
7.200000e-07	-5.796406e-06	-1.242696e-09	-3.124092e+01	-1.499474e+02
7.300000e-07	-5.760394e-06	-1.242908e-09	-3.104683e+01	-1.495583e+02
7.400000e-07	-5.724228e-06	-1.239292e-09	-3.085191e+01	-1.491637e+02
7.500000e-07	-5.687880e-06	-1.232032e-09	-3.065600e+01	-1.487639e+02
7.600000e-07	-5.651015e-06	-1.232590e-09	-3.045731e+01	-1.483592e+02
7.700000e-07	-5.613598e-06	-1.232368e-09	-3.025564e+01	-1.479499e+02
7.800000e-07	-5.575840e-06	-1.223751e-09	-3.005214e+01	-1.475360e+02
7.900000e-07	-5.537641e-06	-1.215504e-09	-2.984626e+01	-1.471176e+02
8.000000e-07	-5.498906e-06	-1.210485e-09	-2.963749e+01	-1.466950e+02
8.100000e-07	-5.459618e-06	-1.205742e-09	-2.942574e+01	-1.462679e+02
8.200000e-07	-5.420047e-06	-1.203545e-09	-2.921246e+01	-1.458365e+02
8.300000e-07	-5.380417e-06	-1.201321e-09	-2.899886e+01	-1.454007e+02
8.400000e-07	-5.340584e-06	-1.195469e-09	-2.878418e+01	-1.449602e+02
8.500000e-07	-5.300455e-06	-1.189118e-09	-2.856789e+01	-1.445149e+02
8.600000e-07	-5.259905e-06	-1.185020e-09	-2.834934e+01	-1.440646e+02
8.700000e-07	-5.218887e-06	-1.181337e-09	-2.812827e+01	-1.436091e+02
8.800000e-07	-5.177294e-06	-1.174723e-09	-2.790409e+01	-1.431480e+02
8.900000e-07	-5.135078e-06	-1.166338e-09	-2.767656e+01	-1.426810e+02
9.000000e-07	-5.092337e-06	-1.160061e-09	-2.744620e+01	-1.422079e+02
9.100000e-07	-5.049194e-06	-1.156185e-09	-2.721367e+01	-1.417283e+02
9.200000e-07	-5.005715e-06	-1.151210e-09	-2.697933e+01	-1.412419e+02
9.300000e-07	-4.961890e-06	-1.144242e-09	-2.674313e+01	-1.407483e+02
9.400000e-07	-4.917806e-06	-1.137669e-09	-2.650553e+01	-1.402471e+02
9.500000e-07	-4.873393e-06	-1.133236e-09	-2.626616e+01	-1.397381e+02
9.600000e-07	-4.828583e-06	-1.129983e-09	-2.602464e+01	-1.392209e+02
9.700000e-07	-4.783527e-06	-1.125272e-09	-2.578181e+01	-1.386953e+02
9.800000e-07	-4.738193e-06	-1.118137e-09	-2.553747e+01	-1.381609e+02
9.900000e-07	-4.692516e-06	-1.111400e-09	-2.529128e+01	-1.376174e+02
1.000000e-06	-4.646532e-06	-1.106913e-09	-2.504344e+01	-1.370646e+02
1.010000e-06	-4.599990e-06	-1.102690e-09	-2.479259e+01	-1.365023e+02
1.020000e-06	-4.552977e-06	-1.097146e-09	-2.453921e+01	-1.359303e+02
1.030000e-06	-4.505890e-06	-1.090804e-09	-2.428542e+01	-1.353483e+02
1.040000e-06	-4.458735e-06	-1.085661e-09	-2.403127e+01	-1.347561e+02
1.050000e-06	-4.411261e-06	-1.082409e-09	-2.377540e+01	-1.341536e+02
1.060000e-06	-4.363453e-06	-1.079494e-09	-2.351773e+01	-1.335406e+02
1.070000e-06	-4.315424e-06	-1.075325e-09	-2.325886e+01	-1.329169e+02
1.080000e-06	-4.266947e-06	-1.069104e-09	-2.299759e+01	-1.322823e+02
1.090000e-06	-4.217768e-06	-1.062708e-09	-2.273253e+01	-1.316366e+02
1.100000e-06	-4.168100e-06	-1.057833e-09	-2.246483e+01	-1.309797e+02
1.110000e-06	-4.118205e-06	-1.053113e-09	-2.219592e+01	-1.303113e+02
1.120000e-06	-4.067980e-06	-1.046757e-09	-2.192521e+01	-1.296313e+02
1.130000e-06	-4.017301e-06	-1.039242e-09	-2.165207e+01	-1.289393e+02
1.140000e-06	-3.966232e-06	-1.033219e-09	-2.137682e+01	-1.282352e+02
1.150000e-06	-3.914858e-06	-1.029360e-09	-2.109994e+01	-1.275186e+02
1.160000e-06	-3.863264e-06	-1.024637e-09	-2.082186e+01	-1.267893e+02
1.170000e-06	-3.811497e-06	-1.017715e-09	-2.054285e+01	-1.260470e+02
1.180000e-06	-3.759407e-06	-1.010600e-09	-2.026210e+01	-1.252913e+02
1.190000e-06	-3.706926e-06	-1.004418e-09	-1.997924e+01	-1.245219e+02
1.200000e-06	-3.654119e-06	-9.986217e-10	-1.969463e+01	-1.237385e+02
1.210000e-06	-3.601062e-06	-9.920958e-10	-1.940867e+01	-1.229407e+02
1.220000e-06	-3.547777e-06	-9.845496e-10	-1.912147e+01	-1.221280e+02
1.230000e-06	-3.494330e-06	-9.768767e-10	-1.883341e+01	-1.213003e+02
1.240000e-06	-3.440627e-06	-9.704942e-10	-1.854397e+01	-1.204570e+02
1.250000e-06	-3.386575e-06	-9.650954e-10	-1.825264e+01	-1.195980e+02
1.260000e-06	-3.332381e-06	-9.578441e-10	-1.796055e+01	-1.187228e+02
1.270000e-06	-3.277941e-06	-9.491206e-10	-1.766714e+01	-1.178313e+02
1.280000e-06	-3.223088e-06	-9.413719e-10	-1.737150e+01	-1.169230e+02
1.290000e-06	-3.168003e-06	-9.344358e-10	-1.707461e+01	-1.159980e+02
1.300000e-06	-3.112865e-06	-9.270955e-10	-1.677743e+01	-1.150558e+02
1.310000e-06	-3.057569e-06	-9.184483e-10	-1.647940e+01	-1.140966e+02
1.320000e-06	-3.002058e-06	-9.095604e-10	-1.618021e+01	-1.131201e+02
1.330000e-06	-2.946431e-06	-9.010892e-10	-1.588040e+01	-1.121265e+02
1.340000e-06	-2.890698e-06	-8.929616e-10	-1.558001e+01	-1.111156e+02
1.350000e-06	-2.834812e-06	-8.850157e-10	-1.527880e+01	-1.100877e+02
1.360000e-06	-2.778781e-06	-8.765748e-10	-1.497681e+01	-1.090430e+02
1.370000e-06	-2.722681e-06	-8.677751e-10	-1.467445e+01	-1.079815e+02
1.380000e-06	-2.666365e-06	-8.587955e-10	-1.437092e+01	-1.069036e+02
1.390000e-06	-2.609841e-06	-8.501679e-10	-1.406628e+01	-1.058095e+02
1.400000e-06	-2.553063e-06	-8.406069e-10	-1.376026e+01	-1.046996e+02
1.410000e-06	-2.495890e-06	-8.295808e-10	-1.345211e+01	-1.035743e+02
1.420000e-06	-2.438525e-06	-8.197992e-10	-1.314293e+01	-1.024338e+02
1.430000e-06	-2.380973e-06	-8.114861e-10	-1.283274e+01	-1.012786e+02
1.440000e-06	-2.323031e-06	-8.019247e-10	-1.252045e+01	-1.001090e+02
1.450000e-06	-2.264600e-06	-7.907874e-10	-1.220553e+01	-9.892542e+01
1.460000e-06	-2.205917e-06	-7.796645e-10	-1.188924e+01	-9.772804e+01
1.470000e-06	-2.147030e-06	-7.686765e-10	-1.157186e+01	-9.651714e+01
1.480000e-06	-2.087903e-06	-7.579168e-10	-1.125318e+01	-9.529291e+01
1.490000e-06	-2.028661e-06	-7.479091e-10	-1.093388e+01	-9.405546e+01
1.500000e-06	-1.969323e-06	-7.379760e-10	-1.061407e+01	-9.280480e+01
1.510000e-06	-1.909902e-06	-7.272925e-10	-1.029381e+01	-9.154085e+01
1.520000e-06	-1.850408e-06	-7.170864e-10	-9.973158e+00	-9.026342e+01
1.530000e-06	-1.790849e-06	-7.071587e-10	-9.652150e+00	-8.897218e+01
1.540000e-06	-1.731176e-06	-6.957617e-10	-9.330531e+00	-8.766671e+01
1.550000e-06	-1.671486e-06	-6.832274e-10	-9.008817e+00	-8.634643e+01
1.560000e-06	-1.611773e-06	-6.710173e-10	-8.686985e+00	-8.501064e+01
1.570000e-06	-1.551993e-06	-6.600536e-10	-8.364783e+00	-8.365849e+01
1.580000e-06	-1.492129e-06	-6.493664e-10	-8.042138e+00	-8.228902e+01
1.590000e-06	-1.432195e-06	-6.374059e-10	-7.719110e+00	-8.090111e+01
1.600000e-06	-1.372137e-06	-6.249872e-10	-7.395413e+00	-7.949355e+01
1.610000e-06	-1.311973e-06	-6.124705e-10	-7.071147e+00	-7.806498e+01
1.620000e-06	-1.251754e-06	-5.999248e-10	-6.746587e+00	-7.661396e+01
1.630000e-06	-1.191372e-06	-5.879985e-10	-6.421143e+00	-7.513897e+01
1.640000e-06	-1.130868e-06	-5.756237e-10	-6.095044e+00	-7.363839e+01
1.650000e-06	-1.070310e-06	-5.627738e-10	-5.768659e+00	-7.211056e+01
1.660000e-06	-1.009810e-06	-5.509345e-10	-5.442576e+00	-7.055379e+01
1.670000e-06	-9.492123e-07	-5.396286e-10	-5.115975e+00	-6.896636e+01
1.680000e-06	-8.884097e-07	-5.262623e-10	-4.788267e+00	-6.734657e+01
1.690000e-06	-8.276241e-07	-5.114376e-10	-4.460651e+00	-6.569275e+01
1.700000e-06	-7.669242e-07	-4.979180e-10	-4.133496e+00	-6.400328e+01
1.710000e-06	-7.061425e-07	-4.856059e-10	-3.805900e+00	-6.227662e+01
1.720000e-06	-6.452705e-07	-4.725347e-10	-3.477819e+00	-6.051133e+01
1.730000e-06	-5.843260e-07	-4.586138e-10	-3.149345e+00	-5.870610e+01
1.740000e-06	-5.233196e-07	-4.446108e-10	-2.820539e+00	-5.685977e+01
1.750000e-06	-4.623139e-07	-4.300444e-10	-2.491736e+00	-5.497135e+01
1.760000e-06	-4.012716e-07	-4.145131e-10	-2.162736e+00	-5.304002e+01
1.770000e-06	-3.402016e-07	-3.986876e-10	-1.833587e+00	-5.106520e+01
1.780000e-06	-2.790486e-07	-3.828697e-10	-1.503990e+00	-4.904648e+01
1.790000e-06	-2.177908e-07	-3.669937e-10	-1.173828e+00	-4.698375e+01
1.800000e-06	-1.565762e-07	-3.504872e-10	-8.438997e-01	-4.487708e+01
1.810000e-06	-9.546859e-08	-3.335602e-10	-5.145476e-01	-4.272683e+01
1.820000e-06	-3.433629e-08	-3.169881e-10	-1.850625e-01	-4.053361e+01
1.830000e-06	2.686475e-08	-2.996438e-10	1.447931e-01	-3.829828e+01
1.840000e-06	8.809060e-08	-2.814151e-10	4.747824e-01	-3.602197e+01
1.850000e-06	1.493267e-07	-2.634488e-10	8.048272e-01	-3.370603e+01
1.860000e-06	2.105089e-07	-2.458782e-10	1.134581e+00	-3.135210e+01
1.870000e-06	2.716686e-07	-2.277482e-10	1.464214e+00	-2.896202e+01
1.880000e-06	3.327980e-07	-2.087757e-10	1.793683e+00	-2.653786e+01
1.890000e-06	3.939056e-07	-1.891776e-10	2.123035e+00	-2.408190e+01
1.900000e-06	4.549415e-07	-1.686781e-10	2.452001e+00	-2.159661e+01
1.910000e-06	5.157691e-07	-1.479556e-10	2.779844e+00	-1.908461e+01
1.920000e-06	5.766324e-07	-1.286550e-10	3.107879e+00	-1.654870e+01
1.930000e-06	6.376167e-07	-1.104733e-10	3.436567e+00	-1.399177e+01
1.940000e-06	6.985991e-07	-9.050104e-11	3.765244e+00	-1.141684e+01
1.950000e-06	7.594695e-07	-6.857220e-11	4.093317e+00	-8.826982e+00
1.960000e-06	8.202450e-07	-4.671948e-11	4.420880e+00	-6.225337e+00
1.970000e-06	8.808891e-07	-2.596224e-11	4.747733e+00	-3.615063e+00
1.980000e-06	9.413331e-07	-5.623036e-12	5.073509e+00	-9.993233e-01
1.990000e-06	1.001817e-06	1.509888e-11	5.399499e+00	1.618741e+00
2.000000e-06	1.062364e-06	3.516480e-11	5.725830e+00	4.236037e+00
2.010000e-06	1.122846e-06	5.549068e-11	6.051812e+00	6.849534e+00
2.020000e-06	1.183242e-06	7.722800e-11	6.377325e+00	9.456294e+00
2.030000e-06	1.243518e-06	9.939900e-11	6.702198e+00	1.205348e+01
2.040000e-06	1.303668e-06	1.210211e-10	7.026385e+00	1.463839e+01
2.050000e-06	1.363773e-06	1.417470e-10	7.350338e+00	1.720845e+01
2.060000e-06	1.423922e-06	1.617452e-10	7.674519e+00	1.976124e+01
2.070000e-06	1.483957e-06	1.810665e-10	7.998092e+00	2.229449e+01
2.080000e-06	1.543760e-06	2.003110e-10	8.320414e+00	2.480614e+01
2.090000e-06	1.603462e-06	2.197402e-10	8.642187e+00	2.729425e+01
2.100000e-06	1.663134e-06	2.390750e-10	8.963801e+00	2.975712e+01
2.110000e-06	1.722739e-06	2.588694e-10	9.285058e+00	3.219318e+01
2.120000e-06	1.782353e-06	2.790150e-10	9.606361e+00	3.460107e+01
2.130000e-06	1.841948e-06	2.988737e-10	9.927556e+00	3.697961e+01
2.140000e-06	1.901408e-06	3.177084e-10	1.024803e+01	3.932778e+01
2.150000e-06	1.960839e-06	3.353816e-10	1.056834e+01	4.164475e+01
2.160000e-06	2.020224e-06	3.529105e-10	1.088841e+01	4.392984e+01
2.170000e-06	2.079409e-06	3.703520e-10	1.120741e+01	4.618252e+01
2.180000e-06	2.138489e-06	3.878108e-10	1.152583e+01	4.840241e+01
2.190000e-06	2.197353e-06	4.062711e-10	1.184308e+01	5.058926e+01
2.200000e-06	2.255751e-06	4.248347e-10	1.215783e+01	5.274295e+01
2.210000e-06	2.313702e-06	4.421293e-10	1.247017e+01	5.486346e+01
2.220000e-06	2.371303e-06	4.579918e-10	1.278063e+01	5.695088e+01
2.230000e-06	2.428740e-06	4.734179e-10	1.309020e+01	5.900537e+01
2.240000e-06	2.485896e-06	4.893302e-10	1.339825e+01	6.102717e+01
2.250000e-06	2.542637e-06	5.053439e-10	1.370406e+01	6.301660e+01
2.260000e-06	2.599105e-06	5.215786e-10	1.400841e+01	6.497400e+01
2.270000e-06	2.655429e-06	5.380682e-10	1.431198e+01	6.689979e+01
2.280000e-06	2.711540e-06	5.528447e-10	1.461441e+01	6.879439e+01
2.290000e-06	2.767496e-06	5.660130e-10	1.491599e+01	7.065825e+01
2.300000e-06	2.823426e-06	5.801758e-10	1.521743e+01	7.249184e+01
2.310000e-06	2.879159e-06	5.960109e-10	1.551782e+01	7.429563e+01
2.320000e-06	2.934704e-06	6.126717e-10	1.581719e+01	7.607010e+01
2.330000e-06	2.990119e-06	6.285606e-10	1.611586e+01	7.781571e+01
2.340000e-06	3.045381e-06	6.428470e-10	1.641371e+01	7.953292e+01
2.350000e-06	3.100417e-06	6.549893e-10	1.671034e+01	8.122217e+01
2.360000e-06	3.155257e-06	6.657976e-10	1.700591e+01	8.288391e+01
2.370000e-06	3.209909e-06	6.767756e-10	1.730046e+01	8.451853e+01
2.380000e-06	3.264384e-06	6.886214e-10	1.759407e+01	8.612642e+01
2.390000e-06	3.318687e-06	7.023117e-10	1.788675e+01	8.770797e+01
2.400000e-06	3.372648e-06	7.168386e-10	1.817758e+01	8.926352e+01
2.410000e-06	3.426436e-06	7.309228e-10	1.846748e+01	9.079341e+01
2.420000e-06	3.480083e-06	7.440780e-10	1.875662e+01	9.229795e+01
2.430000e-06	3.533551e-06	7.558466e-10	1.904480e+01	9.377746e+01
2.440000e-06	3.586781e-06	7.671141e-10	1.933169e+01	9.523221e+01
2.450000e-06	3.639561e-06	7.785133e-10	1.961617e+01	9.666248e+01
2.460000e-06	3.692036e-06	7.893901e-10	1.989899e+01	9.806854e+01
2.470000e-06	3.744341e-06	7.993290e-10	2.018090e+01	9.945065e+01
2.480000e-06	3.796313e-06	8.093553e-10	2.046101e+01	1.008091e+02
2.490000e-06	3.847956e-06	8.200137e-10	2.073935e+01	1.021440e+02
2.500000e-06	3.899422e-06	8.305578e-10	2.101674e+01	1.034558e+02
2.510000e-06	3.950490e-06	8.407884e-10	2.129198e+01	1.047446e+02
2.520000e-06	4.001055e-06	8.507287e-10	2.156451e+01	1.060107e+02
2.530000e-06	4.051349e-06	8.607273e-10	2.183558e+01	1.072543e+02
2.540000e-06	4.101320e-06	8.703454e-10	2.210491e+01	1.084757e+02
2.550000e-06	4.150683e-06	8.792823e-10	2.237096e+01	1.096752e+02
2.560000e-06	4.199479e-06	8.875776e-10	2.263396e+01	1.108530e+02
2.570000e-06	4.247872e-06	8.948592e-10	2.289478e+01	1.120093e+02
2.580000e-06	4.295914e-06	9.022838e-10	2.315372e+01	1.131445e+02
2.590000e-06	4.343767e-06	9.111222e-10	2.341163e+01	1.142588e+02
2.600000e-06	4.391470e-06	9.213573e-10	2.366873e+01	1.153525e+02
2.610000e-06	4.438978e-06	9.315611e-10	2.392478e+01	1.164258e+02
2.620000e-06	4.486258e-06	9.402025e-10	2.417961e+01	1.174791e+02
2.630000e-06	4.533204e-06	9.479039e-10	2.443264e+01	1.185126e+02
2.640000e-06	4.579826e-06	9.556382e-10	2.468391e+01	1.195265e+02
2.650000e-06	4.626063e-06	9.629562e-10	2.493312e+01	1.205212e+02
2.660000e-06	4.671894e-06	9.693433e-10	2.518014e+01	1.214969e+02
2.670000e-06	4.717475e-06	9.753312e-10	2.542581e+01	1.224538e+02
2.680000e-06	4.762623e-06	9.825183e-10	2.566914e+01	1.233923e+02
2.690000e-06	4.807277e-06	9.908508e-10	2.590981e+01	1.243125e+02
2.700000e-06	4.851664e-06	9.987211e-10	2.614904e+01	1.252148e+02
2.710000e-06	4.895796e-06	1.006155e-09	2.638690e+01	1.260992e+02
2.720000e-06	4.939746e-06	1.013966e-09	2.662378e+01	1.269662e+02
2.730000e-06	4.983540e-06	1.022316e-09	2.685982e+01	1.278158e+02
2.740000e-06	5.027105e-06	1.030405e-09	2.709462e+01	1.286482e+02
2.750000e-06	5.070324e-06	1.037076e-09	2.732756e+01	1.294638e+02
2.760000e-06	5.113146e-06	1.042381e-09	2.755836e+01	1.302626e+02
2.770000e-06	5.155535e-06	1.048184e-09	2.778682e+01	1.310449e+02
2.780000e-06	5.197164e-06	1.055955e-09	2.801118e+01	1.318107e+02
2.790000e-06	5.238056e-06	1.064282e-09	2.823158e+01	1.325604e+02
2.800000e-06	5.278558e-06	1.071168e-09	2.844988e+01	1.332941e+02
2.810000e-06	5.318683e-06	1.077421e-09	2.866614e+01	1.340119e+02
2.820000e-06	5.358515e-06	1.084068e-09	2.888082e+01	1.347141e+02
2.830000e-06	5.398167e-06	1.090938e-09	2.909453e+01	1.354008e+02
2.840000e-06	5.437572e-06	1.097527e-09	2.930691e+01	1.360721e+02
2.850000e-06	5.476585e-06	1.102757e-09	2.951718e+01	1.367284e+02
2.860000e-06	5.515186e-06	1.107320e-09	2.972523e+01	1.373697e+02
2.870000e-06	5.553331e-06	1.112775e-09	2.993082e+01	1.379964e+02
2.880000e-06	5.590987e-06	1.119491e-09	3.013378e+01	1.386087e+02
2.890000e-06	5.628279e-06	1.126498e-09	3.033477e+01	1.392067e+02
2.900000e-06	5.665225e-06	1.132359e-09	3.053390e+01	1.397908e+02
2.910000e-06	5.701825e-06	1.137671e-09	3.073116e+01	1.403613e+02
2.920000e-06	5.738136e-06	1.144445e-09	3.092687e+01	1.409185e+02
2.930000e-06	5.774191e-06	1.152090e-09	3.112119e+01	1.414626e+02
2.940000e-06	5.809917e-06	1.157483e-09	3.131375e+01	1.419942e+02
2.950000e-06	5.845294e-06	1.160869e-09	3.150442e+01	1.425135e+02
2.960000e-06	5.880322e-06	1.164996e-09	3.169320e+01	1.430209e+02
2.970000e-06	5.914885e-06	1.170182e-09	3.187949e+01	1.435169e+02
2.980000e-06	5.948735e-06	1.175073e-09	3.206193e+01	1.440019e+02
2.990000e-06	5.981797e-06	1.180178e-09	3.224013e+01	1.444764e+02
3.000000e-06	6.014323e-06	1.185409e-09	3.241543e+01	1.449409e+02
3.010000e-06	6.046385e-06	1.189985e-09	3.258824e+01	1.453958e+02
3.020000e-06	6.078039e-06	1.195241e-09	3.275884e+01	1.458417e+02
3.030000e-06	6.109437e-06	1.201187e-09	3.292807e+01	1.462790e+02
3.040000e-06	6.140502e-06	1.205673e-09	3.309550e+01	1.467084e+02
3.050000e-06	6.171173e-06	1.209820e-09	3.326081e+01	1.471303e+02
3.060000e-06	6.201346e-06	1.215067e-09	3.342343e+01	1.475453e+02
3.070000e-06	6.230907e-06	1.219531e-09	3.358275e+01	1.479538e+02
3.080000e-06	6.260026e-06	1.222888e-09	3.373970e+01	1.483563e+02
3.090000e-06	6.288807e-06	1.226458e-09	3.389482e+01	1.487534e+02
3.100000e-06	6.317200e-06	1.231216e-09	3.404785e+01	1.491454e+02
3.110000e-06	6.345277e-06	1.235554e-09	3.419918e+01	1.495328e+02
3.120000e-06	6.373054e-06	1.238524e-09	3.434889e+01	1.499160e+02
3.130000e-06	6.400523e-06	1.241665e-09	3.449694e+01	1.502954e+02
3.140000e-06	6.427622e-06	1.245441e-09	3.464299e+01	1.506712e+02
3.150000e-06	6.454206e-06	1.248691e-09	3.478628e+01	1.510437e+02
3.160000e-06	6.480108e-06	1.251325e-09	3.492588e+01	1.514131e+02
3.170000e-06	6.505233e-06	1.254083e-09	3.506130e+01	1.517796e+02
3.180000e-06	6.529662e-06	1.257365e-09	3.519296e+01	1.521433e+02
3.190000e-06	6.553594e-06	1.260755e-09	3.532194e+01	1.525043e+02
3.200000e-06	6.577191e-06	1.263677e-09	3.544912e+01	1.528624e+02
3.210000e-06	6.600389e-06	1.266619e-09	3.557415e+01	1.532178e+02
3.220000e-06	6.623120e-06	1.269862e-09	3.569667e+01	1.535701e+02
3.230000e-06	6.645406e-06	1.272944e-09	3.581678e+01	1.539194e+02
3.240000e-06	6.667274e-06	1.276171e-09	3.593465e+01	1.542652e+02
3.250000e-06	6.688620e-06	1.279232e-09	3.604969e+01	1.546074e+02
3.260000e-06	6.709479e-06	1.281695e-09	3.616212e+01	1.549455e+02
3.270000e-06	6.729897e-06	1.284150e-09	3.627217e+01	1.552793e+02
3.280000e-06	6.749901e-06	1.286501e-09	3.637998e+01	1.556083e+02
3.290000e-06	6.769606e-06	1.289219e-09	3.648619e+01	1.559320e+02
3.300000e-06	6.788923e-06	1.292068e-09	3.659030e+01	1.562500e+02
3.310000e-06	6.807809e-06	1.294517e-09	3.669209e+01	1.565617e+02
3.320000e-06	6.826168e-06	1.297668e-09	3.679104e+01	1.568668e+02
3.330000e-06	6.843889e-06	1.300754e-09	3.688655e+01	1.571645e+02
3.340000e-06	6.861124e-06	1.303096e-09	3.697944e+01	1.574545e+02
3.350000e-06	6.877926e-06	1.306640e-09	3.707000e+01	1.577362e+02
3.360000e-06	6.894284e-06	1.310013e-09	3.715816e+01	1.580091e+02
3.370000e-06	6.910165e-06	1.312707e-09	3.724376e+01	1.582727e+02
3.380000e-06	6.925503e-06	1.315740e-09	3.732643e+01	1.585266e+02
3.390000e-06	6.940205e-06	1.318989e-09	3.740566e+01	1.587703e+02
3.400000e-06	6.954347e-06	1.322679e-09	3.748189e+01	1.590036e+02
3.410000e-06	6.968008e-06	1.326197e-09	3.755552e+01	1.592260e+02
3.420000e-06	6.981119e-06	1.329117e-09	3.762618e+01	1.594373e+02
3.430000e-06	6.993750e-06	1.330990e-09	3.769425e+01	1.596372e+02
3.440000e-06	7.005936e-06	1.333143e-09	3.775994e+01	1.598256e+02
3.450000e-06	7.017619e-06	1.337160e-09	3.782290e+01	1.600023e+02
3.460000e-06	7.028789e-06	1.341325e-09	3.788310e+01	1.601673e+02
3.470000e-06	7.039234e-06	1.343844e-09	3.793940e+01	1.603205e+02
3.480000e-06	7.048814e-06	1.345291e-09	3.799104e+01	1.604621e+02
3.490000e-06	7.057703e-06	1.347082e-09	3.803894e+01	1.605920e+02
3.500000e-06	7.065964e-06	1.349427e-09	3.808347e+01	1.607105e+02
3.510000e-06	7.073807e-06	1.352442e-09	3.812574e+01	1.608178e+02
3.520000e-06	7.081282e-06	1.355834e-09	3.816603e+01	1.609140e+02
3.530000e-06	7.088305e-06	1.358425e-09	3.820388e+01	1.609995e+02
3.540000e-06	7.094905e-06	1.360058e-09	3.823945e+01	1.610747e+02
3.550000e-06	7.101033e-06	1.361995e-09	3.827248e+01	1.611398e+02
3.560000e-06	7.106626e-06	1.364157e-09	3.830262e+01	1.611953e+02
3.570000e-06	7.111736e-06	1.365417e-09	3.833017e+01	1.612414e+02
3.580000e-06	7.116432e-06	1.367280e-09	3.835548e+01	1.612788e+02
3.590000e-06	7.120713e-06	1.369347e-09	3.837855e+01	1.613077e+02
3.600000e-06	7.124566e-06	1.370517e-09	3.839931e+01	1.613286e+02
3.610000e-06	7.127980e-06	1.371562e-09	3.841772e+01	1.613419e+02
3.620000e-06	7.130871e-06	1.372941e-09	3.843330e+01	1.613480e+02
3.630000e-06	7.133014e-06	1.374033e-09	3.844485e+01	1.613474e+02
3.640000e-06	7.134529e-06	1.374140e-09	3.845302e+01	1.613404e+02
3.650000e-06	7.135509e-06	1.374320e-09	3.845829e+01	1.613275e+02
3.660000e-06	7.135825e-06	1.375664e-09	3.846000e+01	1.613089e+02
3.670000e-06	7.135610e-06	1.376751e-09	3.845884e+01	1.612851e+02
3.680000e-06	7.135028e-06	1.376140e-09	3.845571e+01	1.612562e+02
3.690000e-06	7.134103e-06	1.375717e-09	3.845072e+01	1.612227e+02
3.700000e-06	7.132723e-06	1.376585e-09	3.844328e+01	1.611848e+02
3.710000e-06	7.130744e-06	1.377294e-09	3.843261e+01	1.611428e+02
3.720000e-06	7.128264e-06	1.378322e-09	3.841924e+01	1.610968e+02
3.730000e-06	7.125401e-06	1.381090e-09	3.840381e+01	1.610471e+02
3.740000e-06	7.122121e-06	1.378717e-09	3.838614e+01	1.609940e+02
3.750000e-06	7.118379e-06	1.363924e-09	3.836597e+01	1.609375e+02
3.760000e-06	7.113887e-06	1.367358e-09	3.834176e+01	1.608778e+02
3.770000e-06	7.108548e-06	1.422240e-09	3.831298e+01	1.608152e+02
3.780000e-06	7.102668e-06	1.426822e-09	3.828129e+01	1.607497e+02
3.790000e-06	7.096377e-06	1.321161e-09	3.824739e+01	1.606814e+02
3.800000e-06	7.089689e-06	1.304403e-09	3.821134e+01	1.606107e+02
3.810000e-06	7.082621e-06	1.428353e-09	3.817325e+01	1.605375e+02
3.820000e-06	7.074958e-06	1.450411e-09	3.813194e+01	1.604620e+02
3.830000e-06	7.066760e-06	1.308773e-09	3.808776e+01	1.603844e+02
3.840000e-06	7.058139e-06	1.286934e-09	3.804129e+01	1.603047e+02
3.850000e-06	7.049068e-06	1.465534e-09	3.799240e+01	1.602232e+02
3.860000e-06	7.039538e-06	1.485767e-09	3.794104e+01	1.601399e+02
3.870000e-06	7.029535e-06	1.269044e-09	3.788713e+01	1.600551e+02
3.880000e-06	7.019106e-06	1.249820e-09	3.783092e+01	1.599688e+02
3.890000e-06	7.008130e-06	1.482621e-09	3.777176e+01	1.598811e+02
3.900000e-06	6.996505e-06	1.484506e-09	3.770911e+01	1.597922e+02
3.910000e-06	6.984280e-06	1.258067e-09	3.764322e+01	1.597022e+02
3.920000e-06	6.971480e-06	1.299922e-09	3.757423e+01	1.596111e+02
3.930000e-06	6.957928e-06	1.508634e-09	3.750119e+01	1.595191e+02
3.940000e-06	6.943610e-06	1.406043e-09	3.742401e+01	1.594261e+02
3.950000e-06	6.928724e-06	1.224293e-09	3.734379e+01	1.593323e+02
3.960000e-06	6.913299e-06	1.373131e-09	3.726065e+01	1.592376e+02
3.970000e-06	6.897334e-06	1.502192e-09	3.717460e+01	1.591419e+02
3.980000e-06	6.880982e-06	1.320354e-09	3.708647e+01	1.590452e+02
3.990000e-06	6.864241e-06	1.273932e-09	3.699624e+01	1.589473e+02
4.000000e-06	6.846899e-06	1.466332e-09	3.690277e+01	1.588482e+02
4.010000e-06	6.828981e-06	1.411916e-09	3.680620e+01	1.587475e+02
4.020000e-06	6.810681e-06	1.235684e-09	3.670757e+01	1.586452e+02
4.030000e-06	6.792025e-06	1.372600e-09	3.660702e+01	1.585408e+02
4.040000e-06	6.772955e-06	1.499686e-09	3.650424e+01	1.584340e+02
4.050000e-06	6.753497e-06	1.320562e-09	3.639936e+01	1.583246e+02
4.060000e-06	6.733628e-06	1.278806e-09	3.629228e+01	1.582120e+02
4.070000e-06	6.713355e-06	1.458738e-09	3.618301e+01	1.580959e+02
4.080000e-06	6.692643e-06	1.405496e-09	3.607138e+01	1.579758e+02
4.090000e-06	6.671374e-06	1.267612e-09	3.595674e+01	1.578511e+02
4.100000e-06	6.649386e-06	1.384872e-09	3.583823e+01	1.577215e+02
4.110000e-06	6.626533e-06	1.444041e-09	3.571506e+01	1.575862e+02
4.120000e-06	6.602986e-06	1.311395e-09	3.558815e+01	1.574449e+02
4.130000e-06	6.579023e-06	1.337715e-09	3.545900e+01	1.572970e+02
4.140000e-06	6.554760e-06	1.435942e-09	3.532823e+01	1.571419e+02
4.150000e-06	6.530125e-06	1.349251e-09	3.519545e+01	1.569792e+02
4.160000e-06	6.505118e-06	1.311245e-09	3.506067e+01	1.568084e+02
4.170000e-06	6.479655e-06	1.407856e-09	3.492344e+01	1.566290e+02
4.180000e-06	6.453624e-06	1.386131e-09	3.478314e+01	1.564406e+02
4.190000e-06	6.427149e-06	1.324799e-09	3.464044e+01	1.562428e+02
4.200000e-06	6.400243e-06	1.376329e-09	3.449543e+01	1.560353e+02
4.210000e-06	6.372782e-06	1.381498e-09	3.434742e+01	1.558178e+02
4.220000e-06	6.344895e-06	1.331263e-09	3.419712e+01	1.555901e+02
4.230000e-06	6.316747e-06	1.359660e-09	3.404541e+01	1.553520e+02
4.240000e-06	6.288254e-06	1.379976e-09	3.389184e+01	1.551035e+02
4.250000e-06	6.259518e-06	1.347328e-09	3.373696e+01	1.548445e+02
4.260000e-06	6.230295e-06	1.354333e-09	3.357946e+01	1.545750e+02
4.270000e-06	6.200253e-06	1.366563e-09	3.341754e+01	1.542952e+02
4.280000e-06	6.169555e-06	1.347000e-09	3.325209e+01	1.540051e+02
4.290000e-06	6.138241e-06	1.347846e-09	3.308332e+01	1.537050e+02
4.300000e-06	6.106362e-06	1.350258e-09	3.291150e+01	1.533951e+02
4.310000e-06	6.074082e-06	1.339516e-09	3.273752e+01	1.530757e+02
4.320000e-06	6.041516e-06	1.347448e-09	3.256199e+01	1.527472e+02
4.330000e-06	6.008657e-06	1.345737e-09	3.238489e+01	1.524099e+02
4.340000e-06	5.975487e-06	1.330363e-09	3.220612e+01	1.520642e+02
4.350000e-06	5.941795e-06	1.337120e-09	3.202453e+01	1.517106e+02
4.360000e-06	5.907608e-06	1.336489e-09	3.184027e+01	1.513494e+02
4.370000e-06	5.873060e-06	1.322311e-09	3.165407e+01	1.509811e+02
4.380000e-06	5.838065e-06	1.331609e-09	3.146545e+01	1.506061e+02
4.390000e-06	5.802743e-06	1.334258e-09	3.127508e+01	1.502248e+02
4.400000e-06	5.767087e-06	1.316272e-09	3.108290e+01	1.498375e+02
4.410000e-06	5.731076e-06	1.318099e-09	3.088881e+01	1.494447e+02
4.420000e-06	5.694754e-06	1.325241e-09	3.069305e+01	1.490466e+02
4.430000e-06	5.658133e-06	1.313146e-09	3.049567e+01	1.486435e+02
4.440000e-06	5.621195e-06	1.308298e-09	3.029659e+01	1.482356e+02
4.450000e-06	5.583693e-06	1.313141e-09	3.009446e+01	1.478232e+02
4.460000e-06	5.545438e-06	1.307936e-09	2.988828e+01	1.474063e+02
4.470000e-06	5.506517e-06	1.301634e-09	2.967851e+01	1.469850e+02
4.480000e-06	5.467117e-06	1.301117e-09	2.946616e+01	1.465595e+02
4.490000e-06	5.427239e-06	1.297690e-09	2.925122e+01	1.461295e+02
4.500000e-06	5.386975e-06	1.292189e-09	2.903421e+01	1.456951e+02
4.510000e-06	5.346479e-06	1.289973e-09	2.881595e+01	1.452561e+02
4.520000e-06	5.305712e-06	1.289889e-09	2.859623e+01	1.448125e+02
4.530000e-06	5.264649e-06	1.287065e-09	2.837491e+01	1.443638e+02
4.540000e-06	5.223150e-06	1.281472e-09	2.815124e+01	1.439101e+02
4.550000e-06	5.181287e-06	1.278389e-09	2.792562e+01	1.434508e+02
4.560000e-06	5.139075e-06	1.277242e-09	2.769810e+01	1.429858e+02
4.570000e-06	5.096474e-06	1.272674e-09	2.746850e+01	1.425148e+02
4.580000e-06	5.053645e-06	1.266070e-09	2.723766e+01	1.420374e+02
4.590000e-06	5.010491e-06	1.260995e-09	2.700507e+01	1.415532e+02
4.600000e-06	4.966954e-06	1.257146e-09	2.677042e+01	1.410620e+02
4.610000e-06	4.923116e-06	1.254253e-09	2.653415e+01	1.405634e+02
4.620000e-06	4.879021e-06	1.252148e-09	2.629649e+01	1.400570e+02
4.630000e-06	4.834697e-06	1.249762e-09	2.605760e+01	1.395426e+02
4.640000e-06	4.790141e-06	1.245983e-09	2.581745e+01	1.390197e+02
4.650000e-06	4.745254e-06	1.241601e-09	2.557552e+01	1.384883e+02
4.660000e-06	4.699986e-06	1.237354e-09	2.533154e+01	1.379478e+02
4.670000e-06	4.654359e-06	1.232003e-09	2.508563e+01	1.373982e+02
4.680000e-06	4.608352e-06	1.225755e-09	2.483766e+01	1.368391e+02
4.690000e-06	4.562013e-06	1.220962e-09	2.458791e+01	1.362703e+02
4.700000e-06	4.515344e-06	1.218283e-09	2.433637e+01	1.356916e+02
4.710000e-06	4.468328e-06	1.216657e-09	2.408297e+01	1.351028e+02
4.720000e-06	4.421116e-06	1.212613e-09	2.382852e+01	1.345037e+02
4.730000e-06	4.373636e-06	1.204870e-09	2.357261e+01	1.338942e+02
4.740000e-06	4.325731e-06	1.197395e-09	2.331442e+01	1.332740e+02
4.750000e-06	4.277326e-06	1.193072e-09	2.305353e+01	1.326431e+02
4.760000e-06	4.228422e-06	1.189243e-09	2.278995e+01	1.320011e+02
4.770000e-06	4.179311e-06	1.183765e-09	2.252526e+01	1.313479e+02
4.780000e-06	4.129886e-06	1.178188e-09	2.225887e+01	1.306833e+02
4.790000e-06	4.079975e-06	1.173710e-09	2.198986e+01	1.300072e+02
4.800000e-06	4.029835e-06	1.170023e-09	2.171962e+01	1.293192e+02
4.810000e-06	3.979493e-06	1.165773e-09	2.144829e+01	1.286191e+02
4.820000e-06	3.928915e-06	1.159908e-09	2.117570e+01	1.279067e+02
4.830000e-06	3.878045e-06	1.153045e-09	2.090152e+01	1.271817e+02
4.840000e-06	3.826753e-06	1.147510e-09	2.062507e+01	1.264437e+02
4.850000e-06	3.775127e-06	1.143098e-09	2.034682e+01	1.256925e+02
4.860000e-06	3.723272e-06	1.138103e-09	2.006734e+01	1.249277e+02
4.870000e-06	3.671195e-06	1.131933e-09	1.978666e+01	1.241490e+02
4.880000e-06	3.618907e-06	1.124922e-09	1.950485e+01	1.233560e+02
4.890000e-06	3.566425e-06	1.118629e-09	1.922198e+01	1.225483e+02
4.900000e-06	3.513653e-06	1.113597e-09	1.893755e+01	1.217256e+02
4.910000e-06	3.460613e-06	1.107475e-09	1.865168e+01	1.208875e+02
4.920000e-06	3.407133e-06	1.098797e-09	1.836345e+01	1.200338e+02
4.930000e-06	3.353087e-06	1.090517e-09	1.807216e+01	1.191640e+02
4.940000e-06	3.298576e-06	1.083788e-09	1.777836e+01	1.182779e+02
4.950000e-06	3.243695e-06	1.076214e-09	1.748256e+01	1.173752e+02
4.960000e-06	3.188556e-06	1.067346e-09	1.718538e+01	1.164557e+02
4.970000e-06	3.133126e-06	1.058428e-09	1.688663e+01	1.155193e+02
4.980000e-06	3.077421e-06	1.050796e-09	1.658640e+01	1.145657e+02
4.990000e-06	3.021513e-06	1.044005e-09	1.628507e+01	1.135950e+02
5.000000e-06	2.965436e-06	1.035995e-09	1.598283e+01	1.126070e+02
5.010000e-06	2.909190e-06	1.026041e-09	1.567968e+01	1.116019e+02
5.020000e-06	2.852841e-06	1.015429e-09	1.537598e+01	1.105797e+02
5.030000e-06	2.796347e-06	1.005874e-09	1.507149e+01	1.095405e+02
5.040000e-06	2.739721e-06	9.983133e-10	1.476629e+01	1.084845e+02
5.050000e-06	2.682907e-06	9.916209e-10	1.446008e+01	1.074120e+02
5.060000e-06	2.625825e-06	9.832470e-10	1.415243e+01	1.063232e+02
5.070000e-06	2.568673e-06	9.722476e-10	1.384439e+01	1.052186e+02
5.080000e-06	2.511372e-06	9.606517e-10	1.353556e+01	1.040983e+02
5.090000e-06	2.453888e-06	9.501113e-10	1.322573e+01	1.029628e+02
5.100000e-06	2.396280e-06	9.389892e-10	1.291525e+01	1.018125e+02
5.110000e-06	2.338478e-06	9.273673e-10	1.260371e+01	1.006477e+02
5.120000e-06	2.280446e-06	9.170875e-10	1.229093e+01	9.946866e+01
5.130000e-06	2.222268e-06	9.075475e-10	1.197737e+01	9.827580e+01
5.140000e-06	2.164010e-06	8.970192e-10	1.166338e+01	9.706936e+01
5.150000e-06	2.105588e-06	8.846416e-10	1.134850e+01	9.584954e+01
5.160000e-06	2.046913e-06	8.716362e-10	1.103226e+01	9.461647e+01
5.170000e-06	1.987988e-06	8.596962e-10	1.071467e+01	9.337019e+01
5.180000e-06	1.928814e-06	8.488955e-10	1.039574e+01	9.211066e+01
5.190000e-06	1.869539e-06	8.381790e-10	1.007627e+01	9.083773e+01
5.200000e-06	1.810274e-06	8.263988e-10	9.756843e+00	8.955111e+01
5.210000e-06	1.750889e-06	8.136131e-10	9.436777e+00	8.825042e+01
5.220000e-06	1.691362e-06	8.016631e-10	9.115944e+00	8.693512e+01
5.230000e-06	1.631769e-06	7.911189e-10	8.794754e+00	8.560456e+01
5.240000e-06	1.572079e-06	7.788852e-10	8.473042e+00	8.425795e+01
5.250000e-06	1.512223e-06	7.649295e-10	8.150436e+00	8.289434e+01
5.260000e-06	1.452310e-06	7.515046e-10	7.827523e+00	8.151269e+01
5.270000e-06	1.392314e-06	7.381061e-10	7.504162e+00	8.011179e+01
5.280000e-06	1.332320e-06	7.255050e-10	7.180814e+00	7.869036e+01
5.290000e-06	1.272354e-06	7.131338e-10	6.857614e+00	7.724696e+01
5.300000e-06	1.212254e-06	6.991116e-10	6.533695e+00	7.578012e+01
5.310000e-06	1.152055e-06	6.848698e-10	6.209240e+00	7.428822e+01
5.320000e-06	1.091829e-06	6.712080e-10	5.884639e+00	7.276964e+01
5.330000e-06	1.031610e-06	6.581468e-10	5.560075e+00	7.122268e+01
5.340000e-06	9.714006e-07	6.450677e-10	5.235564e+00	6.964564e+01
5.350000e-06	9.111066e-07	6.301434e-10	4.910597e+00	6.803680e+01
5.360000e-06	8.506919e-07	6.142638e-10	4.584979e+00	6.639448e+01
5.370000e-06	7.902658e-07	5.992755e-10	4.259300e+00	6.471705e+01
5.380000e-06	7.298617e-07	5.851641e-10	3.933740e+00	6.300292e+01
5.390000e-06	6.694752e-07	5.695464e-10	3.608275e+00	6.125064e+01
5.400000e-06	6.089814e-07	5.520093e-10	3.282231e+00	5.945884e+01
5.410000e-06	5.483906e-07	5.349618e-10	2.955664e+00	5.762630e+01
5.420000e-06	4.878301e-07	5.186447e-10	2.629261e+00	5.575199e+01
5.430000e-06	4.272247e-07	5.018933e-10	2.302616e+00	5.383502e+01
5.440000e-06	3.665580e-07	4.837323e-10	1.975640e+00	5.187472e+01
5.450000e-06	3.058291e-07	4.645782e-10	1.648329e+00	4.987064e+01
5.460000e-06	2.451018e-07	4.462184e-10	1.321027e+00	4.782255e+01
5.470000e-06	1.843743e-07	4.284351e-10	9.937231e-01	4.573048e+01
5.480000e-06	1.236164e-07	4.096932e-10	6.662561e-01	4.359468e+01
5.490000e-06	6.290653e-08	3.898484e-10	3.390477e-01	4.141568e+01
5.500000e-06	2.266056e-09	3.691044e-10	1.221337e-02	3.919425e+01
5.510000e-06	-5.828830e-08	3.479288e-10	-3.141568e-01	3.693143e+01
5.520000e-06	-1.189063e-07	3.269082e-10	-6.408703e-01	3.462851e+01
5.530000e-06	-1.796745e-07	3.056957e-10	-9.683930e-01	3.228703e+01
5.540000e-06	-2.404532e-07	2.842681e-10	-1.295972e+00	2.990875e+01
5.550000e-06	-3.011660e-07	2.627827e-10	-1.623196e+00	2.749568e+01
5.560000e-06	-3.617741e-07	2.406677e-10	-1.949856e+00	2.505003e+01
5.570000e-06	-4.223929e-07	2.175610e-10	-2.276573e+00	2.257421e+01
5.580000e-06	-4.830262e-07	1.935358e-10	-2.603369e+00	2.007079e+01
5.590000e-06	-5.435937e-07	1.695063e-10	-2.929810e+00	1.754251e+01
5.600000e-06	-6.041406e-07	1.465904e-10	-3.256140e+00	1.499223e+01
5.610000e-06	-6.646229e-07	1.241446e-10	-3.582122e+00	1.242294e+01
5.620000e-06	-7.250816e-07	1.013602e-10	-3.907977e+00	9.837685e+00
5.630000e-06	-7.855522e-07	7.708269e-11	-4.233895e+00	7.239595e+00
5.640000e-06	-8.459584e-07	5.148172e-11	-4.559467e+00	4.631822e+00
5.650000e-06	-9.063610e-07	2.670610e-11	-4.885019e+00	2.017530e+00
5.660000e-06	-9.668247e-07	2.615452e-12	-5.210901e+00	-6.001304e-01
5.670000e-06	-1.027239e-06	-2.063017e-11	-5.536515e+00	-3.218046e+00
5.680000e-06	-1.087531e-06	-4.323850e-11	-5.861471e+00	-5.833165e+00
5.690000e-06	-1.147701e-06	-6.592506e-11	-6.185770e+00	-8.442516e+00
5.700000e-06	-1.207796e-06	-8.877121e-11	-6.509666e+00	-1.104323e+01
5.710000e-06	-1.267869e-06	-1.117649e-10	-6.833440e+00	-1.363255e+01
5.720000e-06	-1.327905e-06	-1.348719e-10	-7.157020e+00	-1.620785e+01
5.730000e-06	-1.387865e-06	-1.584950e-10	-7.480186e+00	-1.876668e+01
5.740000e-06	-1.447743e-06	-1.823986e-10	-7.802910e+00	-2.130671e+01
5.750000e-06	-1.507508e-06	-2.066920e-10	-8.125024e+00	-2.382581e+01
5.760000e-06	-1.567197e-06	-2.306310e-10	-8.446729e+00	-2.632199e+01
5.770000e-06	-1.626982e-06	-2.536301e-10	-8.768952e+00	-2.879348e+01
5.780000e-06	-1.686685e-06	-2.762200e-10	-9.090738e+00	-3.123865e+01
5.790000e-06	-1.746142e-06	-2.988489e-10	-9.411191e+00	-3.365610e+01
5.800000e-06	-1.805423e-06	-3.217965e-10	-9.730700e+00	-3.604457e+01
5.810000e-06	-1.864538e-06	-3.437645e-10	-1.004931e+01	-3.840299e+01
5.820000e-06	-1.923572e-06	-3.655967e-10	-1.036749e+01	-4.073047e+01
5.830000e-06	-1.982436e-06	-3.893014e-10	-1.068475e+01	-4.302628e+01
5.840000e-06	-2.041064e-06	-4.130261e-10	-1.100074e+01	-4.528983e+01
5.850000e-06	-2.099560e-06	-4.341887e-10	-1.131601e+01	-4.752071e+01
5.860000e-06	-2.157925e-06	-4.523182e-10	-1.163058e+01	-4.971862e+01
5.870000e-06	-2.216178e-06	-4.704565e-10	-1.194455e+01	-5.188339e+01
5.880000e-06	-2.274158e-06	-4.894273e-10	-1.225704e+01	-5.401498e+01
5.890000e-06	-2.331851e-06	-5.084601e-10	-1.256799e+01	-5.611344e+01
5.900000e-06	-2.389529e-06	-5.288265e-10	-1.287886e+01	-5.817890e+01
5.910000e-06	-2.447224e-06	-5.497135e-10	-1.318982e+01	-6.021159e+01
5.920000e-06	-2.504716e-06	-5.701795e-10	-1.349968e+01	-6.221180e+01
5.930000e-06	-2.561781e-06	-5.898796e-10	-1.380725e+01	-6.417986e+01
5.940000e-06	-2.618497e-06	-6.090934e-10	-1.411293e+01	-6.611616e+01
5.950000e-06	-2.675060e-06	-6.266187e-10	-1.441779e+01	-6.802113e+01
5.960000e-06	-2.731478e-06	-6.418412e-10	-1.472186e+01	-6.989521e+01
5.970000e-06	-2.787804e-06	-6.577395e-10	-1.502544e+01	-7.173886e+01
5.980000e-06	-2.844144e-06	-6.753233e-10	-1.532910e+01	-7.355256e+01
5.990000e-06	-2.900388e-06	-6.926636e-10	-1.563224e+01	-7.533677e+01
6.000000e-06	-2.956406e-06	-7.087974e-10	-1.593416e+01	-7.709197e+01
6.010000e-06	-3.012270e-06	-7.238545e-10	-1.623525e+01	-7.881862e+01
6.020000e-06	-3.068012e-06	-7.389148e-10	-1.653569e+01	-8.051717e+01
6.030000e-06	-3.123641e-06	-7.552228e-10	-1.683551e+01	-8.218806e+01
6.040000e-06	-3.179075e-06	-7.708717e-10	-1.713428e+01	-8.383170e+01
6.050000e-06	-3.234043e-06	-7.843992e-10	-1.743054e+01	-8.544848e+01
6.060000e-06	-3.288559e-06	-7.971132e-10	-1.772437e+01	-8.703879e+01
6.070000e-06	-3.342829e-06	-8.105814e-10	-1.801687e+01	-8.860300e+01
6.080000e-06	-3.396623e-06	-8.254030e-10	-1.830680e+01	-9.014143e+01
6.090000e-06	-3.449808e-06	-8.408862e-10	-1.859345e+01	-9.165441e+01
6.100000e-06	-3.502711e-06	-8.562709e-10	-1.887858e+01	-9.314225e+01
6.110000e-06	-3.555390e-06	-8.700878e-10	-1.916250e+01	-9.460524e+01
6.120000e-06	-3.607788e-06	-8.831341e-10	-1.944491e+01	-9.604367e+01
6.130000e-06	-3.659933e-06	-8.961775e-10	-1.972596e+01	-9.745780e+01
6.140000e-06	-3.711750e-06	-9.081586e-10	-2.000524e+01	-9.884789e+01
6.150000e-06	-3.763291e-06	-9.194281e-10	-2.028303e+01	-1.002142e+02
6.160000e-06	-3.814625e-06	-9.302354e-10	-2.055971e+01	-1.015570e+02
6.170000e-06	-3.865720e-06	-9.417931e-10	-2.083510e+01	-1.028764e+02
6.180000e-06	-3.916568e-06	-9.531449e-10	-2.110915e+01	-1.041729e+02
6.190000e-06	-3.967076e-06	-9.632066e-10	-2.138137e+01	-1.054466e+02
6.200000e-06	-4.017244e-06	-9.739862e-10	-2.165176e+01	-1.066977e+02
6.210000e-06	-4.067232e-06	-9.867153e-10	-2.192119e+01	-1.079265e+02
6.220000e-06	-4.116874e-06	-9.995995e-10	-2.218874e+01	-1.091333e+02
6.230000e-06	-4.165938e-06	-1.009985e-09	-2.245318e+01	-1.103183e+02
6.240000e-06	-4.214398e-06	-1.018120e-09	-2.271437e+01	-1.114818e+02
6.250000e-06	-4.262277e-06	-1.026606e-09	-2.297242e+01	-1.126240e+02
6.260000e-06	-4.309889e-06	-1.036089e-09	-2.322903e+01	-1.137453e+02
6.270000e-06	-4.357329e-06	-1.045344e-09	-2.348472e+01	-1.148458e+02
6.280000e-06	-4.404426e-06	-1.056161e-09	-2.373856e+01	-1.159259e+02
6.290000e-06	-4.451191e-06	-1.068504e-09	-2.399061e+01	-1.169859e+02
6.300000e-06	-4.497805e-06	-1.079097e-09	-2.424185e+01	-1.180259e+02
6.310000e-06	-4.544273e-06	-1.087948e-09	-2.449230e+01	-1.190464e+02
6.320000e-06	-4.590389e-06	-1.096439e-09	-2.474084e+01	-1.200475e+02
6.330000e-06	-4.636182e-06	-1.104977e-09	-2.498766e+01	-1.210295e+02
6.340000e-06	-4.681668e-06	-1.113856e-09	-2.523281e+01	-1.219927e+02
6.350000e-06	-4.726768e-06	-1.123140e-09	-2.547589e+01	-1.229373e+02
6.360000e-06	-4.771488e-06	-1.132306e-09	-2.571691e+01	-1.238636e+02
6.370000e-06	-4.815822e-06	-1.140387e-09	-2.595586e+01	-1.247718e+02
6.380000e-06	-4.859976e-06	-1.147415e-09	-2.619384e+01	-1.256622e+02
6.390000e-06	-4.904006e-06	-1.154170e-09	-2.643115e+01	-1.265350e+02
6.400000e-06	-4.947765e-06	-1.160671e-09	-2.666700e+01	-1.273904e+02
6.410000e-06	-4.991238e-06	-1.167642e-09	-2.690130e+01	-1.282286e+02
6.420000e-06	-5.034304e-06	-1.175728e-09	-2.713342e+01	-1.290498e+02
6.430000e-06	-5.076933e-06	-1.184156e-09	-2.736318e+01	-1.298542e+02
6.440000e-06	-5.119187e-06	-1.191706e-09	-2.759091e+01	-1.306419e+02
6.450000e-06	-5.161194e-06	-1.198121e-09	-2.781732e+01	-1.314133e+02
6.460000e-06	-5.202858e-06	-1.204641e-09	-2.804187e+01	-1.321684e+02
6.470000e-06	-5.243957e-06	-1.211613e-09	-2.826339e+01	-1.329074e+02
6.480000e-06	-5.284700e-06	-1.218663e-09	-2.848298e+01	-1.336305e+02
6.490000e-06	-5.325202e-06	-1.225577e-09	-2.870127e+01	-1.343379e+02
6.500000e-06	-5.365434e-06	-1.232088e-09	-2.891811e+01	-1.350297e+02
6.510000e-06	-5.405513e-06	-1.238099e-09	-2.913412e+01	-1.357062e+02
6.520000e-06	-5.445404e-06	-1.243186e-09	-2.934912e+01	-1.363675e+02
6.530000e-06	-5.484981e-06	-1.247441e-09	-2.956243e+01	-1.370138e+02
6.540000e-06	-5.524057e-06	-1.252744e-09	-2.977304e+01	-1.376454e+02
6.550000e-06	-5.562406e-06	-1.258888e-09	-2.997973e+01	-1.382625e+02
6.560000e-06	-5.600045e-06	-1.265520e-09	-3.018260e+01	-1.388652e+02
6.570000e-06	-5.637160e-06	-1.271962e-09	-3.038264e+01	-1.394540e+02
6.580000e-06	-5.673894e-06	-1.275888e-09	-3.058062e+01	-1.400290e+02
6.590000e-06	-5.710205e-06	-1.278754e-09	-3.077632e+01	-1.405906e+02
6.600000e-06	-5.746195e-06	-1.282293e-09	-3.097030e+01	-1.411391e+02
6.610000e-06	-5.781839e-06	-1.285635e-09	-3.116241e+01	-1.416748e+02
6.620000e-06	-5.817180e-06	-1.288251e-09	-3.135289e+01	-1.421981e+02
6.630000e-06	-5.852148e-06	-1.290550e-09	-3.154136e+01	-1.427095e+02
6.640000e-06	-5.886584e-06	-1.293742e-09	-3.172696e+01	-1.432093e+02
6.650000e-06	-5.920710e-06	-1.298430e-09	-3.191089e+01	-1.436979e+02
6.660000e-06	-5.954498e-06	-1.302526e-09	-3.209299e+01	-1.441759e+02
6.670000e-06	-5.987794e-06	-1.304441e-09	-3.227245e+01	-1.446437e+02
6.680000e-06	-6.020592e-06	-1.305851e-09	-3.244922e+01	-1.451018e+02
6.690000e-06	-6.052847e-06	-1.308453e-09	-3.262307e+01	-1.455506e+02
6.700000e-06	-6.084769e-06	-1.312037e-09	-3.279512e+01	-1.459908e+02
6.710000e-06	-6.116498e-06	-1.315788e-09	-3.296613e+01	-1.464228e+02
6.720000e-06	-6.147763e-06	-1.319484e-09	-3.313464e+01	-1.468472e+02
6.730000e-06	-6.178416e-06	-1.322979e-09	-3.329984e+01	-1.472644e+02
6.740000e-06	-6.208465e-06	-1.326161e-09	-3.346180e+01	-1.476750e+02
6.750000e-06	-6.237956e-06	-1.329617e-09	-3.362075e+01	-1.480795e+02
6.760000e-06	-6.266857e-06	-1.332817e-09	-3.377652e+01	-1.484784e+02
6.770000e-06	-6.295361e-06	-1.334979e-09	-3.393014e+01	-1.488720e+02
6.780000e-06	-6.323529e-06	-1.337113e-09	-3.408196e+01	-1.492610e+02
6.790000e-06	-6.351211e-06	-1.338552e-09	-3.423116e+01	-1.496456e+02
6.800000e-06	-6.378456e-06	-1.338385e-09	-3.437800e+01	-1.500262e+02
6.810000e-06	-6.405284e-06	-1.338483e-09	-3.452260e+01	-1.504032e+02
6.820000e-06	-6.431667e-06	-1.340170e-09	-3.466479e+01	-1.507768e+02
6.830000e-06	-6.457583e-06	-1.343774e-09	-3.480448e+01	-1.511473e+02
6.840000e-06	-6.483030e-06	-1.347238e-09	-3.494162e+01	-1.515147e+02
6.850000e-06	-6.508013e-06	-1.348510e-09	-3.507628e+01	-1.518794e+02
6.860000e-06	-6.532561e-06	-1.348810e-09	-3.520858e+01	-1.522413e+02
6.870000e-06	-6.556788e-06	-1.349564e-09	-3.533916e+01	-1.526004e+02
6.880000e-06	-6.580818e-06	-1.352253e-09	-3.546867e+01	-1.529567e+02
6.890000e-06	-6.604608e-06	-1.356438e-09	-3.559690e+01	-1.533101e+02
6.900000e-06	-6.627888e-06	-1.359640e-09	-3.572237e+01	-1.536604e+02
6.910000e-06	-6.650274e-06	-1.361369e-09	-3.584302e+01	-1.540074e+02
6.920000e-06	-6.671834e-06	-1.362559e-09	-3.595922e+01	-1.543509e+02
6.930000e-06	-6.692837e-06	-1.363982e-09	-3.607242e+01	-1.546904e+02
6.940000e-06	-6.713370e-06	-1.365769e-09	-3.618309e+01	-1.550258e+02
6.950000e-06	-6.733500e-06	-1.367537e-09	-3.629158e+01	-1.553564e+02
6.960000e-06	-6.753261e-06	-1.370469e-09	-3.639809e+01	-1.556820e+02
6.970000e-06	-6.772667e-06	-1.374383e-09	-3.650269e+01	-1.560019e+02
6.980000e-06	-6.791646e-06	-1.377529e-09	-3.660497e+01	-1.563159e+02
6.990000e-06	-6.810013e-06	-1.379333e-09	-3.670397e+01	-1.566232e+02
7.000000e-06	-6.827918e-06	-1.379271e-09	-3.680047e+01	-1.569235e+02
7.010000e-06	-6.845472e-06	-1.379736e-09	-3.689508e+01	-1.572161e+02
7.020000e-06	-6.862535e-06	-1.381897e-09	-3.698704e+01	-1.575006e+02
7.030000e-06	-6.879213e-06	-1.384666e-09	-3.707694e+01	-1.577765e+02
7.040000e-06	-6.895547e-06	-1.387455e-09	-3.716497e+01	-1.580433e+02
7.050000e-06	-6.911427e-06	-1.389769e-09	-3.725056e+01	-1.583005e+02
7.060000e-06	-6.926739e-06	-1.392372e-09	-3.733309e+01	-1.585477e+02
7.070000e-06	-6.941224e-06	-1.394693e-09	-3.741116e+01	-1.587846e+02
7.080000e-06	-6.954904e-06	-1.396001e-09	-3.748489e+01	-1.590106e+02
7.090000e-06	-6.967950e-06	-1.396576e-09	-3.755520e+01	-1.592257e+02
7.100000e-06	-6.980394e-06	-1.397691e-09	-3.762227e+01	-1.594294e+02
7.110000e-06	-6.992401e-06	-1.399730e-09	-3.768698e+01	-1.596217e+02
7.120000e-06	-7.003929e-06	-1.401318e-09	-3.774912e+01	-1.598023e+02
7.130000e-06	-7.014914e-06	-1.402272e-09	-3.780832e+01	-1.599713e+02
7.140000e-06	-7.025400e-06	-1.401817e-09	-3.786484e+01	-1.601284e+02
7.150000e-06	-7.035416e-06	-1.400835e-09	-3.791882e+01	-1.602739e+02
7.160000e-06	-7.044954e-06	-1.402226e-09	-3.797023e+01	-1.604077e+02
7.170000e-06	-7.053917e-06	-1.405007e-09	-3.801854e+01	-1.605300e+02
7.180000e-06	-7.062413e-06	-1.405777e-09	-3.806433e+01	-1.606410e+02
7.190000e-06	-7.070589e-06	-1.405006e-09	-3.810840e+01	-1.607409e+02
7.200000e-06	-7.078425e-06	-1.404627e-09	-3.815063e+01	-1.608300e+02
7.210000e-06	-7.085790e-06	-1.404422e-09	-3.819032e+01	-1.609086e+02
7.220000e-06	-7.092512e-06	-1.404271e-09	-3.822655e+01	-1.609771e+02
7.230000e-06	-7.098597e-06	-1.403201e-09	-3.825935e+01	-1.610357e+02
7.240000e-06	-7.103876e-06	-1.402234e-09	-3.828781e+01	-1.610850e+02
7.250000e-06	-7.108421e-06	-1.402851e-09	-3.831230e+01	-1.611252e+02
7.260000e-06	-7.112677e-06	-1.402778e-09	-3.833524e+01	-1.611569e+02
7.270000e-06	-7.116649e-06	-1.401001e-09	-3.835664e+01	-1.611805e+02
7.280000e-06	-7.120193e-06	-1.398821e-09	-3.837575e+01	-1.611963e+02
7.290000e-06	-7.123167e-06	-1.397052e-09	-3.839178e+01	-1.612048e+02
7.300000e-06	-7.125630e-06	-1.396291e-09	-3.840505e+01	-1.612064e+02
7.310000e-06	-7.127722e-06	-1.396203e-09	-3.841632e+01	-1.612015e+02
7.320000e-06	-7.129246e-06	-1.395761e-09	-3.842454e+01	-1.611906e+02
7.330000e-06	-7.130224e-06	-1.395447e-09	-3.842981e+01	-1.611739e+02
7.340000e-06	-7.130819e-06	-1.394716e-09	-3.843302e+01	-1.611517e+02
