# Temperatura_=_20.0
# Concentracion g/m^3_=_7400.0
# C_Vs_to_Am_M_A/Vsm_=_116720831517.84952
# pendiente_HvsI_1/m_=_3716.3
# ordenada_HvsI_A/m_=_1297.0
# frecuencia_Hz_=_136110.62008551208

Tiempo_(s)	Campo_(V.s)	Magnetizacion_(V.s)	Campo_(kA/m)	Magnetizacion_(A/m)
0.000000e+00	-7.084142e-06	-1.352893e-09	-3.842085e+01	-1.561218e+02
1.000000e-08	-7.084385e-06	-1.351565e-09	-3.842218e+01	-1.561167e+02
2.000000e-08	-7.084226e-06	-1.351858e-09	-3.842131e+01	-1.561042e+02
3.000000e-08	-7.083418e-06	-1.351999e-09	-3.841693e+01	-1.560843e+02
4.000000e-08	-7.081932e-06	-1.350703e-09	-3.840887e+01	-1.560570e+02
5.000000e-08	-7.079819e-06	-1.348882e-09	-3.839741e+01	-1.560225e+02
6.000000e-08	-7.077081e-06	-1.347774e-09	-3.838256e+01	-1.559806e+02
7.000000e-08	-7.073797e-06	-1.344887e-09	-3.836475e+01	-1.559317e+02
8.000000e-08	-7.070091e-06	-1.343613e-09	-3.834465e+01	-1.558756e+02
9.000000e-08	-7.065877e-06	-1.358303e-09	-3.832180e+01	-1.558128e+02
1.000000e-07	-7.060987e-06	-1.353692e-09	-3.829527e+01	-1.557433e+02
1.100000e-07	-7.055239e-06	-1.292847e-09	-3.826410e+01	-1.556673e+02
1.200000e-07	-7.049084e-06	-1.298321e-09	-3.823072e+01	-1.555852e+02
1.300000e-07	-7.042875e-06	-1.410690e-09	-3.819704e+01	-1.554971e+02
1.400000e-07	-7.036312e-06	-1.410074e-09	-3.816145e+01	-1.554035e+02
1.500000e-07	-7.029147e-06	-1.257859e-09	-3.812259e+01	-1.553046e+02
1.600000e-07	-7.021499e-06	-1.256229e-09	-3.808111e+01	-1.552009e+02
1.700000e-07	-7.013512e-06	-1.440178e-09	-3.803779e+01	-1.550926e+02
1.800000e-07	-7.005023e-06	-1.415219e-09	-3.799175e+01	-1.549801e+02
1.900000e-07	-6.995874e-06	-1.191799e-09	-3.794213e+01	-1.548639e+02
2.000000e-07	-6.986040e-06	-1.238003e-09	-3.788880e+01	-1.547443e+02
2.100000e-07	-6.975633e-06	-1.481152e-09	-3.783235e+01	-1.546217e+02
2.200000e-07	-6.964751e-06	-1.405594e-09	-3.777334e+01	-1.544964e+02
2.300000e-07	-6.953201e-06	-1.173784e-09	-3.771070e+01	-1.543689e+02
2.400000e-07	-6.940939e-06	-1.270322e-09	-3.764420e+01	-1.542393e+02
2.500000e-07	-6.928147e-06	-1.452241e-09	-3.757481e+01	-1.541081e+02
2.600000e-07	-6.914924e-06	-1.315408e-09	-3.750310e+01	-1.539755e+02
2.700000e-07	-6.901111e-06	-1.196752e-09	-3.742819e+01	-1.538417e+02
2.800000e-07	-6.886552e-06	-1.357995e-09	-3.734923e+01	-1.537070e+02
2.900000e-07	-6.871251e-06	-1.394017e-09	-3.726624e+01	-1.535714e+02
3.000000e-07	-6.855329e-06	-1.230732e-09	-3.717989e+01	-1.534352e+02
3.100000e-07	-6.838814e-06	-1.273735e-09	-3.709032e+01	-1.532983e+02
3.200000e-07	-6.821844e-06	-1.400563e-09	-3.699828e+01	-1.531609e+02
3.300000e-07	-6.804574e-06	-1.264992e-09	-3.690462e+01	-1.530228e+02
3.400000e-07	-6.786850e-06	-1.198692e-09	-3.680849e+01	-1.528842e+02
3.500000e-07	-6.768608e-06	-1.384983e-09	-3.670956e+01	-1.527447e+02
3.600000e-07	-6.749822e-06	-1.373196e-09	-3.660767e+01	-1.526044e+02
3.700000e-07	-6.730533e-06	-1.171885e-09	-3.650305e+01	-1.524630e+02
3.800000e-07	-6.710901e-06	-1.250530e-09	-3.639658e+01	-1.523203e+02
3.900000e-07	-6.691052e-06	-1.399097e-09	-3.628893e+01	-1.521761e+02
4.000000e-07	-6.670923e-06	-1.261391e-09	-3.617976e+01	-1.520300e+02
4.100000e-07	-6.650197e-06	-1.191311e-09	-3.606735e+01	-1.518819e+02
4.200000e-07	-6.628816e-06	-1.340606e-09	-3.595139e+01	-1.517313e+02
4.300000e-07	-6.606997e-06	-1.319422e-09	-3.583306e+01	-1.515781e+02
4.400000e-07	-6.584809e-06	-1.201878e-09	-3.571272e+01	-1.514217e+02
4.500000e-07	-6.562341e-06	-1.282288e-09	-3.559087e+01	-1.512619e+02
4.600000e-07	-6.539395e-06	-1.320360e-09	-3.546642e+01	-1.510984e+02
4.700000e-07	-6.515951e-06	-1.212055e-09	-3.533927e+01	-1.509308e+02
4.800000e-07	-6.492185e-06	-1.244638e-09	-3.521037e+01	-1.507587e+02
4.900000e-07	-6.468116e-06	-1.329583e-09	-3.507984e+01	-1.505820e+02
5.000000e-07	-6.443418e-06	-1.247732e-09	-3.494589e+01	-1.504002e+02
5.100000e-07	-6.417940e-06	-1.210261e-09	-3.480771e+01	-1.502131e+02
5.200000e-07	-6.391794e-06	-1.288512e-09	-3.466591e+01	-1.500204e+02
5.300000e-07	-6.364894e-06	-1.267961e-09	-3.452001e+01	-1.498219e+02
5.400000e-07	-6.337431e-06	-1.215725e-09	-3.437107e+01	-1.496174e+02
5.500000e-07	-6.309713e-06	-1.260475e-09	-3.422074e+01	-1.494067e+02
5.600000e-07	-6.281785e-06	-1.267867e-09	-3.406927e+01	-1.491896e+02
5.700000e-07	-6.253547e-06	-1.226472e-09	-3.391612e+01	-1.489660e+02
5.800000e-07	-6.224830e-06	-1.244337e-09	-3.376038e+01	-1.487358e+02
5.900000e-07	-6.195589e-06	-1.255134e-09	-3.360179e+01	-1.484988e+02
6.000000e-07	-6.165954e-06	-1.222580e-09	-3.344106e+01	-1.482550e+02
6.100000e-07	-6.135912e-06	-1.227919e-09	-3.327813e+01	-1.480044e+02
6.200000e-07	-6.105325e-06	-1.242721e-09	-3.311224e+01	-1.477469e+02
6.300000e-07	-6.074157e-06	-1.226578e-09	-3.294320e+01	-1.474824e+02
6.400000e-07	-6.042734e-06	-1.225600e-09	-3.277278e+01	-1.472110e+02
6.500000e-07	-6.011294e-06	-1.230039e-09	-3.260226e+01	-1.469326e+02
6.600000e-07	-5.979548e-06	-1.217004e-09	-3.243009e+01	-1.466473e+02
6.700000e-07	-5.947324e-06	-1.217001e-09	-3.225532e+01	-1.463551e+02
6.800000e-07	-5.914643e-06	-1.220951e-09	-3.207808e+01	-1.460559e+02
6.900000e-07	-5.881114e-06	-1.210603e-09	-3.189623e+01	-1.457497e+02
7.000000e-07	-5.846759e-06	-1.208968e-09	-3.170991e+01	-1.454366e+02
7.100000e-07	-5.811799e-06	-1.209364e-09	-3.152030e+01	-1.451165e+02
7.200000e-07	-5.776360e-06	-1.199602e-09	-3.132810e+01	-1.447895e+02
7.300000e-07	-5.740697e-06	-1.199776e-09	-3.113468e+01	-1.444556e+02
7.400000e-07	-5.704855e-06	-1.202055e-09	-3.094029e+01	-1.441146e+02
7.500000e-07	-5.668751e-06	-1.191397e-09	-3.074448e+01	-1.437666e+02
7.600000e-07	-5.632326e-06	-1.187727e-09	-3.054693e+01	-1.434115e+02
7.700000e-07	-5.595546e-06	-1.191374e-09	-3.034745e+01	-1.430493e+02
7.800000e-07	-5.558309e-06	-1.184857e-09	-3.014550e+01	-1.426800e+02
7.900000e-07	-5.520653e-06	-1.176149e-09	-2.994127e+01	-1.423035e+02
8.000000e-07	-5.482421e-06	-1.173387e-09	-2.973392e+01	-1.419197e+02
8.100000e-07	-5.443540e-06	-1.168021e-09	-2.952305e+01	-1.415285e+02
8.200000e-07	-5.404338e-06	-1.163580e-09	-2.931044e+01	-1.411300e+02
8.300000e-07	-5.364963e-06	-1.162731e-09	-2.909688e+01	-1.407240e+02
8.400000e-07	-5.325393e-06	-1.158615e-09	-2.888228e+01	-1.403106e+02
8.500000e-07	-5.285573e-06	-1.151501e-09	-2.866631e+01	-1.398896e+02
8.600000e-07	-5.245493e-06	-1.147295e-09	-2.844894e+01	-1.394610e+02
8.700000e-07	-5.205076e-06	-1.144108e-09	-2.822974e+01	-1.390247e+02
8.800000e-07	-5.164031e-06	-1.138930e-09	-2.800713e+01	-1.385809e+02
8.900000e-07	-5.122381e-06	-1.131327e-09	-2.778124e+01	-1.381293e+02
9.000000e-07	-5.080177e-06	-1.124081e-09	-2.755235e+01	-1.376701e+02
9.100000e-07	-5.037432e-06	-1.120373e-09	-2.732052e+01	-1.372032e+02
9.200000e-07	-4.994166e-06	-1.117125e-09	-2.708587e+01	-1.367286e+02
9.300000e-07	-4.950596e-06	-1.111533e-09	-2.684957e+01	-1.362463e+02
9.400000e-07	-4.906943e-06	-1.105430e-09	-2.661281e+01	-1.357564e+02
9.500000e-07	-4.863056e-06	-1.100121e-09	-2.637479e+01	-1.352589e+02
9.600000e-07	-4.818847e-06	-1.095321e-09	-2.613502e+01	-1.347537e+02
9.700000e-07	-4.774199e-06	-1.090531e-09	-2.589288e+01	-1.342410e+02
9.800000e-07	-4.729257e-06	-1.085197e-09	-2.564913e+01	-1.337208e+02
9.900000e-07	-4.684042e-06	-1.079550e-09	-2.540391e+01	-1.331930e+02
1.000000e-06	-4.638322e-06	-1.074442e-09	-2.515595e+01	-1.326576e+02
1.010000e-06	-4.592379e-06	-1.070690e-09	-2.490677e+01	-1.321147e+02
1.020000e-06	-4.546197e-06	-1.066354e-09	-2.465631e+01	-1.315641e+02
1.030000e-06	-4.499710e-06	-1.060661e-09	-2.440419e+01	-1.310060e+02
1.040000e-06	-4.452955e-06	-1.054508e-09	-2.415061e+01	-1.304401e+02
1.050000e-06	-4.405794e-06	-1.050659e-09	-2.389483e+01	-1.298664e+02
1.060000e-06	-4.358400e-06	-1.047505e-09	-2.363779e+01	-1.292847e+02
1.070000e-06	-4.310824e-06	-1.042864e-09	-2.337976e+01	-1.286949e+02
1.080000e-06	-4.263000e-06	-1.037277e-09	-2.312039e+01	-1.280967e+02
1.090000e-06	-4.214868e-06	-1.031060e-09	-2.285934e+01	-1.274900e+02
1.100000e-06	-4.166447e-06	-1.024947e-09	-2.259673e+01	-1.268744e+02
1.110000e-06	-4.117662e-06	-1.019565e-09	-2.233214e+01	-1.262497e+02
1.120000e-06	-4.068218e-06	-1.014509e-09	-2.206399e+01	-1.256154e+02
1.130000e-06	-4.018156e-06	-1.008756e-09	-2.179248e+01	-1.249712e+02
1.140000e-06	-3.967640e-06	-1.001890e-09	-2.151850e+01	-1.243167e+02
1.150000e-06	-3.916712e-06	-9.965314e-10	-2.124229e+01	-1.236515e+02
1.160000e-06	-3.865597e-06	-9.920247e-10	-2.096507e+01	-1.229750e+02
1.170000e-06	-3.814284e-06	-9.850037e-10	-2.068677e+01	-1.222867e+02
1.180000e-06	-3.762635e-06	-9.771499e-10	-2.040666e+01	-1.215862e+02
1.190000e-06	-3.710713e-06	-9.706680e-10	-2.012506e+01	-1.208730e+02
1.200000e-06	-3.658505e-06	-9.652739e-10	-1.984191e+01	-1.201464e+02
1.210000e-06	-3.605964e-06	-9.601977e-10	-1.955695e+01	-1.194060e+02
1.220000e-06	-3.553119e-06	-9.536243e-10	-1.927035e+01	-1.186513e+02
1.230000e-06	-3.499995e-06	-9.460796e-10	-1.898223e+01	-1.178817e+02
1.240000e-06	-3.446579e-06	-9.389400e-10	-1.869253e+01	-1.170967e+02
1.250000e-06	-3.392969e-06	-9.326097e-10	-1.840177e+01	-1.162960e+02
1.260000e-06	-3.339202e-06	-9.268876e-10	-1.811017e+01	-1.154790e+02
1.270000e-06	-3.285295e-06	-9.190562e-10	-1.781780e+01	-1.146455e+02
1.280000e-06	-3.231151e-06	-9.098953e-10	-1.752415e+01	-1.137951e+02
1.290000e-06	-3.176703e-06	-9.020004e-10	-1.722885e+01	-1.129274e+02
1.300000e-06	-3.121776e-06	-8.955221e-10	-1.693096e+01	-1.120423e+02
1.310000e-06	-3.066551e-06	-8.884485e-10	-1.663144e+01	-1.111396e+02
1.320000e-06	-3.011321e-06	-8.809818e-10	-1.633190e+01	-1.102192e+02
1.330000e-06	-2.955855e-06	-8.735654e-10	-1.603108e+01	-1.092811e+02
1.340000e-06	-2.900258e-06	-8.656254e-10	-1.572955e+01	-1.083252e+02
1.350000e-06	-2.844656e-06	-8.576835e-10	-1.542800e+01	-1.073516e+02
1.360000e-06	-2.788955e-06	-8.503308e-10	-1.512590e+01	-1.063605e+02
1.370000e-06	-2.733123e-06	-8.429905e-10	-1.482309e+01	-1.053521e+02
1.380000e-06	-2.677183e-06	-8.357747e-10	-1.451971e+01	-1.043265e+02
1.390000e-06	-2.621214e-06	-8.281603e-10	-1.421616e+01	-1.032840e+02
1.400000e-06	-2.565151e-06	-8.198076e-10	-1.391210e+01	-1.022250e+02
1.410000e-06	-2.508965e-06	-8.106880e-10	-1.360738e+01	-1.011497e+02
1.420000e-06	-2.452634e-06	-8.012892e-10	-1.330186e+01	-1.000584e+02
1.430000e-06	-2.395952e-06	-7.926316e-10	-1.299445e+01	-9.895160e+01
1.440000e-06	-2.338943e-06	-7.833022e-10	-1.268526e+01	-9.782951e+01
1.450000e-06	-2.281645e-06	-7.731665e-10	-1.237450e+01	-9.669245e+01
1.460000e-06	-2.224011e-06	-7.625701e-10	-1.206193e+01	-9.554070e+01
1.470000e-06	-2.165961e-06	-7.513428e-10	-1.174709e+01	-9.437448e+01
1.480000e-06	-2.107526e-06	-7.407601e-10	-1.143017e+01	-9.319396e+01
1.490000e-06	-2.048809e-06	-7.312411e-10	-1.111172e+01	-9.199923e+01
1.500000e-06	-1.989735e-06	-7.219526e-10	-1.079133e+01	-9.079033e+01
1.510000e-06	-1.930465e-06	-7.111382e-10	-1.046988e+01	-8.956717e+01
1.520000e-06	-1.871249e-06	-6.995851e-10	-1.014872e+01	-8.832959e+01
1.530000e-06	-1.811953e-06	-6.903788e-10	-9.827128e+00	-8.707732e+01
1.540000e-06	-1.752436e-06	-6.816285e-10	-9.504340e+00	-8.580996e+01
1.550000e-06	-1.692925e-06	-6.702495e-10	-9.181579e+00	-8.452703e+01
1.560000e-06	-1.633424e-06	-6.580873e-10	-8.858879e+00	-8.322789e+01
1.570000e-06	-1.573831e-06	-6.476907e-10	-8.535676e+00	-8.191180e+01
1.580000e-06	-1.514179e-06	-6.382574e-10	-8.212153e+00	-8.057790e+01
1.590000e-06	-1.454464e-06	-6.274650e-10	-7.888290e+00	-7.922521e+01
1.600000e-06	-1.394702e-06	-6.154947e-10	-7.564169e+00	-7.785265e+01
1.610000e-06	-1.334860e-06	-6.037794e-10	-7.239613e+00	-7.645902e+01
1.620000e-06	-1.274998e-06	-5.917345e-10	-6.914952e+00	-7.504303e+01
1.630000e-06	-1.215142e-06	-5.802300e-10	-6.590322e+00	-7.360332e+01
1.640000e-06	-1.155218e-06	-5.687710e-10	-6.265325e+00	-7.213846e+01
1.650000e-06	-1.095167e-06	-5.558545e-10	-5.939639e+00	-7.064695e+01
1.660000e-06	-1.035070e-06	-5.424463e-10	-5.613705e+00	-6.912728e+01
1.670000e-06	-9.749002e-07	-5.299802e-10	-5.287373e+00	-6.757791e+01
1.680000e-06	-9.145219e-07	-5.180878e-10	-4.959911e+00	-6.599730e+01
1.690000e-06	-8.540948e-07	-5.044542e-10	-4.632185e+00	-6.438393e+01
1.700000e-06	-7.937822e-07	-4.904525e-10	-4.305079e+00	-6.273634e+01
1.710000e-06	-7.334066e-07	-4.780190e-10	-3.977632e+00	-6.105313e+01
1.720000e-06	-6.729053e-07	-4.653516e-10	-3.649503e+00	-5.933298e+01
1.730000e-06	-6.123086e-07	-4.522309e-10	-3.320857e+00	-5.757469e+01
1.740000e-06	-5.515695e-07	-4.384039e-10	-2.991438e+00	-5.577718e+01
1.750000e-06	-4.908704e-07	-4.232764e-10	-2.662237e+00	-5.393952e+01
1.760000e-06	-4.301974e-07	-4.077111e-10	-2.333176e+00	-5.206098e+01
1.770000e-06	-3.694126e-07	-3.918550e-10	-2.003510e+00	-5.014097e+01
1.780000e-06	-3.086169e-07	-3.762283e-10	-1.673784e+00	-4.817913e+01
1.790000e-06	-2.478692e-07	-3.612098e-10	-1.344319e+00	-4.617531e+01
1.800000e-06	-1.871122e-07	-3.449736e-10	-1.014803e+00	-4.412958e+01
1.810000e-06	-1.263537e-07	-3.268547e-10	-6.852794e-01	-4.204227e+01
1.820000e-06	-6.559993e-08	-3.091135e-10	-3.557813e-01	-3.991392e+01
1.830000e-06	-4.900686e-09	-2.915914e-10	-2.657888e-02	-3.774533e+01
1.840000e-06	5.575047e-08	-2.734107e-10	3.023628e-01	-3.553756e+01
1.850000e-06	1.164772e-07	-2.549669e-10	6.317142e-01	-3.329189e+01
1.860000e-06	1.772323e-07	-2.368388e-10	9.612198e-01	-3.100984e+01
1.870000e-06	2.379901e-07	-2.193288e-10	1.290740e+00	-2.869319e+01
1.880000e-06	2.987942e-07	-2.015826e-10	1.620511e+00	-2.634392e+01
1.890000e-06	3.595584e-07	-1.827750e-10	1.950066e+00	-2.396420e+01
1.900000e-06	4.203023e-07	-1.636604e-10	2.279510e+00	-2.155643e+01
1.910000e-06	4.811135e-07	-1.441366e-10	2.609320e+00	-1.912315e+01
1.920000e-06	5.418606e-07	-1.247392e-10	2.938782e+00	-1.666708e+01
1.930000e-06	6.023534e-07	-1.064457e-10	3.266865e+00	-1.419105e+01
1.940000e-06	6.627447e-07	-8.763139e-11	3.594397e+00	-1.169802e+01
1.950000e-06	7.231299e-07	-6.695443e-11	3.921896e+00	-9.191009e+00
1.960000e-06	7.834673e-07	-4.588564e-11	4.249136e+00	-6.673122e+00
1.970000e-06	8.437755e-07	-2.606660e-11	4.576218e+00	-4.147482e+00
1.980000e-06	9.039823e-07	-6.947887e-12	4.902749e+00	-1.617225e+00
1.990000e-06	9.640994e-07	1.254580e-11	5.228794e+00	9.145299e-01
2.000000e-06	1.024184e-06	3.255583e-11	5.554664e+00	3.444708e+00
2.010000e-06	1.084251e-06	5.214938e-11	5.880435e+00	5.970297e+00
2.020000e-06	1.144240e-06	7.233489e-11	6.205787e+00	8.488378e+00
2.030000e-06	1.204169e-06	9.235771e-11	6.530811e+00	1.099614e+01
2.040000e-06	1.264033e-06	1.112640e-10	6.855482e+00	1.349090e+01
2.050000e-06	1.323787e-06	1.308371e-10	7.179560e+00	1.597012e+01
2.060000e-06	1.383556e-06	1.505890e-10	7.503720e+00	1.843144e+01
2.070000e-06	1.443307e-06	1.693575e-10	7.827775e+00	2.087266e+01
2.080000e-06	1.503024e-06	1.878244e-10	8.151652e+00	2.329176e+01
2.090000e-06	1.562773e-06	2.065068e-10	8.475701e+00	2.568694e+01
2.100000e-06	1.622368e-06	2.254011e-10	8.798913e+00	2.805658e+01
2.110000e-06	1.681794e-06	2.449405e-10	9.121211e+00	3.039927e+01
2.120000e-06	1.741252e-06	2.636740e-10	9.443685e+00	3.271379e+01
2.130000e-06	1.800648e-06	2.811063e-10	9.765816e+00	3.499914e+01
2.140000e-06	1.859846e-06	2.982440e-10	1.008688e+01	3.725451e+01
2.150000e-06	1.918967e-06	3.149157e-10	1.040752e+01	3.947926e+01
2.160000e-06	1.977984e-06	3.315637e-10	1.072760e+01	4.167295e+01
2.170000e-06	2.036771e-06	3.483371e-10	1.104643e+01	4.383531e+01
2.180000e-06	2.095207e-06	3.645880e-10	1.136336e+01	4.596622e+01
2.190000e-06	2.153474e-06	3.814823e-10	1.167937e+01	4.806569e+01
2.200000e-06	2.211496e-06	3.986662e-10	1.199405e+01	5.013388e+01
2.210000e-06	2.269071e-06	4.147734e-10	1.230631e+01	5.217106e+01
2.220000e-06	2.326331e-06	4.303728e-10	1.261686e+01	5.417758e+01
2.230000e-06	2.383268e-06	4.446947e-10	1.292566e+01	5.615389e+01
2.240000e-06	2.439837e-06	4.598624e-10	1.323246e+01	5.810049e+01
2.250000e-06	2.496086e-06	4.765041e-10	1.353753e+01	6.001793e+01
2.260000e-06	2.552242e-06	4.914456e-10	1.384209e+01	6.190681e+01
2.270000e-06	2.608344e-06	5.053106e-10	1.414636e+01	6.376773e+01
2.280000e-06	2.664220e-06	5.200096e-10	1.444940e+01	6.560130e+01
2.290000e-06	2.719890e-06	5.344497e-10	1.475133e+01	6.740811e+01
2.300000e-06	2.775547e-06	5.481050e-10	1.505318e+01	6.918876e+01
2.310000e-06	2.831142e-06	5.628933e-10	1.535471e+01	7.094380e+01
2.320000e-06	2.886625e-06	5.781778e-10	1.565561e+01	7.267375e+01
2.330000e-06	2.941991e-06	5.934008e-10	1.595589e+01	7.437909e+01
2.340000e-06	2.997116e-06	6.078815e-10	1.625486e+01	7.606024e+01
2.350000e-06	3.051973e-06	6.207473e-10	1.655238e+01	7.771759e+01
2.360000e-06	3.106594e-06	6.323313e-10	1.684862e+01	7.935146e+01
2.370000e-06	3.160982e-06	6.429678e-10	1.714359e+01	8.096211e+01
2.380000e-06	3.215177e-06	6.535743e-10	1.743752e+01	8.254978e+01
2.390000e-06	3.269214e-06	6.658408e-10	1.773059e+01	8.411462e+01
2.400000e-06	3.323075e-06	6.806045e-10	1.802270e+01	8.565677e+01
2.410000e-06	3.376811e-06	6.954597e-10	1.831414e+01	8.717631e+01
2.420000e-06	3.430300e-06	7.090131e-10	1.860424e+01	8.867329e+01
2.430000e-06	3.483428e-06	7.219288e-10	1.889238e+01	9.014772e+01
2.440000e-06	3.536319e-06	7.342841e-10	1.917923e+01	9.159959e+01
2.450000e-06	3.588955e-06	7.461515e-10	1.946470e+01	9.302888e+01
2.460000e-06	3.641250e-06	7.568586e-10	1.974832e+01	9.443555e+01
2.470000e-06	3.693345e-06	7.668821e-10	2.003086e+01	9.581958e+01
2.480000e-06	3.745288e-06	7.772839e-10	2.031258e+01	9.718090e+01
2.490000e-06	3.796803e-06	7.884115e-10	2.059197e+01	9.851951e+01
2.500000e-06	3.847827e-06	8.004216e-10	2.086870e+01	9.983538e+01
2.510000e-06	3.898624e-06	8.118420e-10	2.114420e+01	1.011285e+02
2.520000e-06	3.949125e-06	8.217422e-10	2.141809e+01	1.023989e+02
2.530000e-06	3.999050e-06	8.301194e-10	2.168885e+01	1.036467e+02
2.540000e-06	4.048342e-06	8.380740e-10	2.195619e+01	1.048719e+02
2.550000e-06	4.097222e-06	8.469102e-10	2.222129e+01	1.060746e+02
2.560000e-06	4.145789e-06	8.562974e-10	2.248469e+01	1.072549e+02
2.570000e-06	4.194036e-06	8.646667e-10	2.274636e+01	1.084131e+02
2.580000e-06	4.242066e-06	8.726624e-10	2.300685e+01	1.095493e+02
2.590000e-06	4.289837e-06	8.818103e-10	2.326594e+01	1.106638e+02
2.600000e-06	4.337339e-06	8.916353e-10	2.352357e+01	1.117567e+02
2.610000e-06	4.384640e-06	9.005269e-10	2.378010e+01	1.128283e+02
2.620000e-06	4.431755e-06	9.081281e-10	2.403563e+01	1.138790e+02
2.630000e-06	4.478497e-06	9.159545e-10	2.428914e+01	1.149089e+02
2.640000e-06	4.524749e-06	9.247191e-10	2.453998e+01	1.159185e+02
2.650000e-06	4.570693e-06	9.337333e-10	2.478916e+01	1.169080e+02
2.660000e-06	4.616421e-06	9.414056e-10	2.503716e+01	1.178777e+02
2.670000e-06	4.661952e-06	9.468952e-10	2.528410e+01	1.188279e+02
2.680000e-06	4.707234e-06	9.521597e-10	2.552969e+01	1.197589e+02
2.690000e-06	4.752104e-06	9.594963e-10	2.577304e+01	1.206710e+02
2.700000e-06	4.796567e-06	9.674081e-10	2.601419e+01	1.215644e+02
2.710000e-06	4.840736e-06	9.738866e-10	2.625374e+01	1.224395e+02
2.720000e-06	4.884718e-06	9.811912e-10	2.649228e+01	1.232964e+02
2.730000e-06	4.928437e-06	9.904139e-10	2.672939e+01	1.241354e+02
2.740000e-06	4.971930e-06	9.991874e-10	2.696527e+01	1.249566e+02
2.750000e-06	5.015261e-06	1.005715e-09	2.720028e+01	1.257603e+02
2.760000e-06	5.058135e-06	1.010931e-09	2.743281e+01	1.265466e+02
2.770000e-06	5.100413e-06	1.016047e-09	2.766210e+01	1.273157e+02
2.780000e-06	5.142127e-06	1.022356e-09	2.788834e+01	1.280677e+02
2.790000e-06	5.183155e-06	1.030481e-09	2.811085e+01	1.288028e+02
2.800000e-06	5.223526e-06	1.038194e-09	2.832980e+01	1.295210e+02
2.810000e-06	5.263490e-06	1.044761e-09	2.854654e+01	1.302225e+02
2.820000e-06	5.303214e-06	1.050560e-09	2.876199e+01	1.309075e+02
2.830000e-06	5.342710e-06	1.056614e-09	2.897620e+01	1.315761e+02
2.840000e-06	5.381951e-06	1.063405e-09	2.918902e+01	1.322284e+02
2.850000e-06	5.420822e-06	1.069287e-09	2.939984e+01	1.328646e+02
2.860000e-06	5.459331e-06	1.073244e-09	2.960869e+01	1.334850e+02
2.870000e-06	5.497549e-06	1.076612e-09	2.981597e+01	1.340896e+02
2.880000e-06	5.535436e-06	1.081137e-09	3.002145e+01	1.346788e+02
2.890000e-06	5.572797e-06	1.086654e-09	3.022407e+01	1.352529e+02
2.900000e-06	5.609708e-06	1.091779e-09	3.042426e+01	1.358122e+02
2.910000e-06	5.646378e-06	1.097029e-09	3.062314e+01	1.363569e+02
2.920000e-06	5.682717e-06	1.103955e-09	3.082022e+01	1.368876e+02
2.930000e-06	5.718682e-06	1.112303e-09	3.101528e+01	1.374046e+02
2.940000e-06	5.754384e-06	1.119916e-09	3.120891e+01	1.379084e+02
2.950000e-06	5.789786e-06	1.123326e-09	3.140091e+01	1.383994e+02
2.960000e-06	5.824785e-06	1.124590e-09	3.159073e+01	1.388783e+02
2.970000e-06	5.859357e-06	1.128975e-09	3.177823e+01	1.393455e+02
2.980000e-06	5.893255e-06	1.136146e-09	3.196208e+01	1.398016e+02
2.990000e-06	5.926361e-06	1.142599e-09	3.214163e+01	1.402472e+02
3.000000e-06	5.958936e-06	1.147098e-09	3.231830e+01	1.406830e+02
3.010000e-06	5.991076e-06	1.150864e-09	3.249261e+01	1.411095e+02
3.020000e-06	6.022777e-06	1.155526e-09	3.266454e+01	1.415273e+02
3.030000e-06	6.054101e-06	1.161459e-09	3.283442e+01	1.419371e+02
3.040000e-06	6.085094e-06	1.166872e-09	3.300252e+01	1.423395e+02
3.050000e-06	6.115812e-06	1.170584e-09	3.316912e+01	1.427350e+02
3.060000e-06	6.146084e-06	1.175518e-09	3.333329e+01	1.431242e+02
3.070000e-06	6.175890e-06	1.181308e-09	3.349495e+01	1.435077e+02
3.080000e-06	6.205298e-06	1.184969e-09	3.365445e+01	1.438858e+02
3.090000e-06	6.234216e-06	1.187964e-09	3.381128e+01	1.442591e+02
3.100000e-06	6.262706e-06	1.191502e-09	3.396580e+01	1.446280e+02
3.110000e-06	6.290833e-06	1.195524e-09	3.411834e+01	1.449927e+02
3.120000e-06	6.318654e-06	1.199904e-09	3.426923e+01	1.453537e+02
3.130000e-06	6.346270e-06	1.204528e-09	3.441900e+01	1.457110e+02
3.140000e-06	6.373573e-06	1.208490e-09	3.456708e+01	1.460650e+02
3.150000e-06	6.400274e-06	1.211147e-09	3.471190e+01	1.464157e+02
3.160000e-06	6.426281e-06	1.214168e-09	3.485294e+01	1.467631e+02
3.170000e-06	6.451509e-06	1.218540e-09	3.498977e+01	1.471074e+02
3.180000e-06	6.475994e-06	1.222590e-09	3.512256e+01	1.474483e+02
3.190000e-06	6.500072e-06	1.225363e-09	3.525315e+01	1.477859e+02
3.200000e-06	6.523775e-06	1.227486e-09	3.538170e+01	1.481199e+02
3.210000e-06	6.546979e-06	1.229967e-09	3.550755e+01	1.484501e+02
3.220000e-06	6.569724e-06	1.233591e-09	3.563091e+01	1.487764e+02
3.230000e-06	6.592147e-06	1.237501e-09	3.575252e+01	1.490984e+02
3.240000e-06	6.614095e-06	1.240460e-09	3.587156e+01	1.494158e+02
3.250000e-06	6.635566e-06	1.243242e-09	3.598800e+01	1.497284e+02
3.260000e-06	6.656645e-06	1.245992e-09	3.610232e+01	1.500358e+02
3.270000e-06	6.677225e-06	1.248507e-09	3.621394e+01	1.503376e+02
3.280000e-06	6.697427e-06	1.250898e-09	3.632351e+01	1.506335e+02
3.290000e-06	6.717258e-06	1.253101e-09	3.643106e+01	1.509231e+02
3.300000e-06	6.736714e-06	1.256333e-09	3.653658e+01	1.512062e+02
3.310000e-06	6.755857e-06	1.260057e-09	3.664040e+01	1.514824e+02
3.320000e-06	6.774611e-06	1.263154e-09	3.674211e+01	1.517515e+02
3.330000e-06	6.792754e-06	1.265354e-09	3.684051e+01	1.520131e+02
3.340000e-06	6.810300e-06	1.265546e-09	3.693567e+01	1.522671e+02
3.350000e-06	6.827274e-06	1.266517e-09	3.702773e+01	1.525132e+02
3.360000e-06	6.843833e-06	1.269667e-09	3.711754e+01	1.527513e+02
3.370000e-06	6.859922e-06	1.271612e-09	3.720480e+01	1.529812e+02
3.380000e-06	6.875464e-06	1.273914e-09	3.728909e+01	1.532028e+02
3.390000e-06	6.890545e-06	1.277189e-09	3.737088e+01	1.534161e+02
3.400000e-06	6.904881e-06	1.280304e-09	3.744864e+01	1.536210e+02
3.410000e-06	6.918643e-06	1.284369e-09	3.752327e+01	1.538176e+02
3.420000e-06	6.932065e-06	1.287846e-09	3.759607e+01	1.540058e+02
3.430000e-06	6.945003e-06	1.289582e-09	3.766623e+01	1.541857e+02
3.440000e-06	6.957386e-06	1.290170e-09	3.773340e+01	1.543575e+02
3.450000e-06	6.969137e-06	1.291756e-09	3.779713e+01	1.545211e+02
3.460000e-06	6.980373e-06	1.295732e-09	3.785807e+01	1.546767e+02
3.470000e-06	6.991136e-06	1.299426e-09	3.791644e+01	1.548245e+02
3.480000e-06	7.001182e-06	1.301057e-09	3.797092e+01	1.549645e+02
3.490000e-06	7.010462e-06	1.302030e-09	3.802125e+01	1.550969e+02
3.500000e-06	7.019001e-06	1.303865e-09	3.806756e+01	1.552218e+02
3.510000e-06	7.026986e-06	1.307653e-09	3.811087e+01	1.553393e+02
3.520000e-06	7.034634e-06	1.311513e-09	3.815235e+01	1.554496e+02
3.530000e-06	7.041784e-06	1.313676e-09	3.819112e+01	1.555528e+02
3.540000e-06	7.048410e-06	1.315312e-09	3.822706e+01	1.556488e+02
3.550000e-06	7.054619e-06	1.317938e-09	3.826074e+01	1.557379e+02
3.560000e-06	7.060376e-06	1.320809e-09	3.829196e+01	1.558201e+02
3.570000e-06	7.065689e-06	1.322388e-09	3.832077e+01	1.558953e+02
3.580000e-06	7.070403e-06	1.322606e-09	3.834634e+01	1.559636e+02
3.590000e-06	7.074643e-06	1.323425e-09	3.836934e+01	1.560251e+02
3.600000e-06	7.078617e-06	1.326731e-09	3.839089e+01	1.560796e+02
3.610000e-06	7.082305e-06	1.330969e-09	3.841089e+01	1.561271e+02
3.620000e-06	7.085551e-06	1.333085e-09	3.842850e+01	1.561677e+02
3.630000e-06	7.088122e-06	1.333396e-09	3.844244e+01	1.562012e+02
3.640000e-06	7.089911e-06	1.334045e-09	3.845215e+01	1.562276e+02
3.650000e-06	7.090996e-06	1.335106e-09	3.845803e+01	1.562468e+02
3.660000e-06	7.091360e-06	1.336733e-09	3.846000e+01	1.562587e+02
3.670000e-06	7.091180e-06	1.338982e-09	3.845903e+01	1.562634e+02
3.680000e-06	7.090832e-06	1.340542e-09	3.845714e+01	1.562607e+02
3.690000e-06	7.090302e-06	1.339995e-09	3.845427e+01	1.562507e+02
3.700000e-06	7.089245e-06	1.340469e-09	3.844853e+01	1.562332e+02
3.710000e-06	7.087513e-06	1.342222e-09	3.843914e+01	1.562084e+02
3.720000e-06	7.085188e-06	1.343363e-09	3.842653e+01	1.561763e+02
3.730000e-06	7.082477e-06	1.345438e-09	3.841182e+01	1.561369e+02
3.740000e-06	7.079426e-06	1.350186e-09	3.839528e+01	1.560903e+02
3.750000e-06	7.075833e-06	1.342556e-09	3.837579e+01	1.560366e+02
3.760000e-06	7.071662e-06	1.315477e-09	3.835317e+01	1.559760e+02
3.770000e-06	7.066859e-06	1.350779e-09	3.832712e+01	1.559087e+02
3.780000e-06	7.061469e-06	1.437084e-09	3.829789e+01	1.558348e+02
3.790000e-06	7.055563e-06	1.344645e-09	3.826586e+01	1.557547e+02
3.800000e-06	7.049218e-06	1.218420e-09	3.823145e+01	1.556686e+02
3.810000e-06	7.042500e-06	1.329446e-09	3.819501e+01	1.555768e+02
3.820000e-06	7.035224e-06	1.479145e-09	3.815555e+01	1.554797e+02
3.830000e-06	7.027259e-06	1.359881e-09	3.811235e+01	1.553775e+02
3.840000e-06	7.018806e-06	1.177102e-09	3.806651e+01	1.552707e+02
3.850000e-06	7.010021e-06	1.334833e-09	3.801886e+01	1.551596e+02
3.860000e-06	7.000814e-06	1.549213e-09	3.796893e+01	1.550446e+02
3.870000e-06	6.991040e-06	1.347832e-09	3.791592e+01	1.549261e+02
3.880000e-06	6.980802e-06	1.106858e-09	3.786039e+01	1.548044e+02
3.890000e-06	6.970188e-06	1.348266e-09	3.780282e+01	1.546800e+02
3.900000e-06	6.959046e-06	1.580753e-09	3.774240e+01	1.545532e+02
3.910000e-06	6.947225e-06	1.310534e-09	3.767828e+01	1.544242e+02
3.920000e-06	6.934893e-06	1.124803e-09	3.761140e+01	1.542935e+02
3.930000e-06	6.921939e-06	1.430938e-09	3.754115e+01	1.541614e+02
3.940000e-06	6.908056e-06	1.525231e-09	3.746585e+01	1.540279e+02
3.950000e-06	6.893331e-06	1.191295e-09	3.738599e+01	1.538935e+02
3.960000e-06	6.878058e-06	1.194989e-09	3.730316e+01	1.537582e+02
3.970000e-06	6.862247e-06	1.518190e-09	3.721740e+01	1.536222e+02
3.980000e-06	6.845993e-06	1.406109e-09	3.712925e+01	1.534855e+02
3.990000e-06	6.829517e-06	1.140713e-09	3.703990e+01	1.533483e+02
4.000000e-06	6.812669e-06	1.363160e-09	3.694852e+01	1.532105e+02
4.010000e-06	6.795274e-06	1.515283e-09	3.685418e+01	1.530720e+02
4.020000e-06	6.777385e-06	1.213691e-09	3.675716e+01	1.529328e+02
4.030000e-06	6.759176e-06	1.196403e-09	3.665840e+01	1.527928e+02
4.040000e-06	6.740536e-06	1.513349e-09	3.655731e+01	1.526518e+02
4.050000e-06	6.721276e-06	1.400800e-09	3.645285e+01	1.525095e+02
4.060000e-06	6.701438e-06	1.147552e-09	3.634526e+01	1.523659e+02
4.070000e-06	6.681323e-06	1.361102e-09	3.623617e+01	1.522205e+02
4.080000e-06	6.661083e-06	1.482245e-09	3.612639e+01	1.520731e+02
4.090000e-06	6.640498e-06	1.223267e-09	3.601475e+01	1.519234e+02
4.100000e-06	6.619233e-06	1.250065e-09	3.589942e+01	1.517710e+02
4.110000e-06	6.597178e-06	1.467856e-09	3.577980e+01	1.516157e+02
4.120000e-06	6.574343e-06	1.326269e-09	3.565596e+01	1.514571e+02
4.130000e-06	6.550772e-06	1.218612e-09	3.552812e+01	1.512949e+02
4.140000e-06	6.526739e-06	1.404224e-09	3.539778e+01	1.511287e+02
4.150000e-06	6.502409e-06	1.379782e-09	3.526583e+01	1.509581e+02
4.160000e-06	6.477740e-06	1.224749e-09	3.513204e+01	1.507830e+02
4.170000e-06	6.452694e-06	1.338056e-09	3.499620e+01	1.506029e+02
4.180000e-06	6.427101e-06	1.403783e-09	3.485739e+01	1.504176e+02
4.190000e-06	6.401025e-06	1.274620e-09	3.471597e+01	1.502268e+02
4.200000e-06	6.374550e-06	1.301662e-09	3.457238e+01	1.500303e+02
4.210000e-06	6.347619e-06	1.377655e-09	3.442632e+01	1.498278e+02
4.220000e-06	6.320152e-06	1.296495e-09	3.427735e+01	1.496192e+02
4.230000e-06	6.292227e-06	1.289659e-09	3.412590e+01	1.494043e+02
4.240000e-06	6.264121e-06	1.357991e-09	3.397347e+01	1.491828e+02
4.250000e-06	6.235839e-06	1.317822e-09	3.382008e+01	1.489548e+02
4.260000e-06	6.207139e-06	1.295818e-09	3.366443e+01	1.487201e+02
4.270000e-06	6.177787e-06	1.337388e-09	3.350524e+01	1.484786e+02
4.280000e-06	6.147854e-06	1.317129e-09	3.334289e+01	1.482303e+02
4.290000e-06	6.117212e-06	1.300075e-09	3.317671e+01	1.479751e+02
4.300000e-06	6.085762e-06	1.320229e-09	3.300614e+01	1.477129e+02
4.310000e-06	6.053852e-06	1.305608e-09	3.283308e+01	1.474438e+02
4.320000e-06	6.021696e-06	1.304753e-09	3.265868e+01	1.471678e+02
4.330000e-06	5.989268e-06	1.323167e-09	3.248281e+01	1.468848e+02
4.340000e-06	5.956492e-06	1.301080e-09	3.230504e+01	1.465948e+02
4.350000e-06	5.923277e-06	1.294681e-09	3.212490e+01	1.462979e+02
4.360000e-06	5.889521e-06	1.311721e-09	3.194183e+01	1.459941e+02
4.370000e-06	5.855324e-06	1.294683e-09	3.175636e+01	1.456833e+02
4.380000e-06	5.820821e-06	1.292502e-09	3.156923e+01	1.453656e+02
4.390000e-06	5.785973e-06	1.310607e-09	3.138023e+01	1.450409e+02
4.400000e-06	5.750743e-06	1.290762e-09	3.118916e+01	1.447092e+02
4.410000e-06	5.715062e-06	1.278687e-09	3.099565e+01	1.443706e+02
4.420000e-06	5.679025e-06	1.297527e-09	3.080020e+01	1.440249e+02
4.430000e-06	5.642838e-06	1.289305e-09	3.060394e+01	1.436722e+02
4.440000e-06	5.606381e-06	1.272200e-09	3.040621e+01	1.433124e+02
4.450000e-06	5.569437e-06	1.281155e-09	3.020585e+01	1.429455e+02
4.460000e-06	5.531923e-06	1.284484e-09	3.000240e+01	1.425714e+02
4.470000e-06	5.493635e-06	1.275069e-09	2.979474e+01	1.421900e+02
4.480000e-06	5.454539e-06	1.272541e-09	2.958270e+01	1.418013e+02
4.490000e-06	5.415004e-06	1.269410e-09	2.936828e+01	1.414052e+02
4.500000e-06	5.375126e-06	1.262945e-09	2.915200e+01	1.410018e+02
4.510000e-06	5.334882e-06	1.260957e-09	2.893374e+01	1.405908e+02
4.520000e-06	5.294411e-06	1.261767e-09	2.871424e+01	1.401723e+02
4.530000e-06	5.253748e-06	1.260056e-09	2.849371e+01	1.397463e+02
4.540000e-06	5.212798e-06	1.254472e-09	2.827162e+01	1.393126e+02
4.550000e-06	5.171411e-06	1.249319e-09	2.804715e+01	1.388713e+02
4.560000e-06	5.129698e-06	1.249830e-09	2.782092e+01	1.384223e+02
4.570000e-06	5.087660e-06	1.247859e-09	2.759293e+01	1.379656e+02
4.580000e-06	5.045271e-06	1.239846e-09	2.736303e+01	1.375012e+02
4.590000e-06	5.002500e-06	1.233146e-09	2.713107e+01	1.370292e+02
4.600000e-06	4.959228e-06	1.230546e-09	2.689638e+01	1.365495e+02
4.610000e-06	4.915589e-06	1.228507e-09	2.665970e+01	1.360621e+02
4.620000e-06	4.871689e-06	1.225032e-09	2.642162e+01	1.355672e+02
4.630000e-06	4.827580e-06	1.222386e-09	2.618239e+01	1.350646e+02
4.640000e-06	4.783292e-06	1.219093e-09	2.594219e+01	1.345544e+02
4.650000e-06	4.738702e-06	1.214059e-09	2.570036e+01	1.340366e+02
4.660000e-06	4.693888e-06	1.209042e-09	2.545731e+01	1.335113e+02
4.670000e-06	4.648783e-06	1.203708e-09	2.521268e+01	1.329785e+02
4.680000e-06	4.603262e-06	1.196428e-09	2.496580e+01	1.324381e+02
4.690000e-06	4.557497e-06	1.189832e-09	2.471759e+01	1.318901e+02
4.700000e-06	4.511290e-06	1.186762e-09	2.446699e+01	1.313345e+02
4.710000e-06	4.464657e-06	1.185861e-09	2.421407e+01	1.307712e+02
4.720000e-06	4.417767e-06	1.182365e-09	2.395976e+01	1.302001e+02
4.730000e-06	4.370663e-06	1.174088e-09	2.370430e+01	1.296211e+02
4.740000e-06	4.323384e-06	1.165616e-09	2.344788e+01	1.290340e+02
4.750000e-06	4.275893e-06	1.162028e-09	2.319032e+01	1.284387e+02
4.760000e-06	4.227982e-06	1.158449e-09	2.293047e+01	1.278348e+02
4.770000e-06	4.179702e-06	1.151692e-09	2.266862e+01	1.272222e+02
4.780000e-06	4.131096e-06	1.146648e-09	2.240501e+01	1.266006e+02
4.790000e-06	4.081921e-06	1.144389e-09	2.213831e+01	1.259695e+02
4.800000e-06	4.032315e-06	1.141063e-09	2.186927e+01	1.253287e+02
4.810000e-06	3.982395e-06	1.135933e-09	2.159852e+01	1.246777e+02
4.820000e-06	3.932252e-06	1.130117e-09	2.132657e+01	1.240161e+02
4.830000e-06	3.881882e-06	1.125132e-09	2.105339e+01	1.233434e+02
4.840000e-06	3.831170e-06	1.120727e-09	2.077835e+01	1.226591e+02
4.850000e-06	3.780187e-06	1.115410e-09	2.050185e+01	1.219627e+02
4.860000e-06	3.728840e-06	1.108871e-09	2.022337e+01	1.212538e+02
4.870000e-06	3.677116e-06	1.102079e-09	1.994285e+01	1.205317e+02
4.880000e-06	3.625174e-06	1.095825e-09	1.966113e+01	1.197960e+02
4.890000e-06	3.573044e-06	1.090643e-09	1.937841e+01	1.190461e+02
4.900000e-06	3.520765e-06	1.085809e-09	1.909487e+01	1.182815e+02
4.910000e-06	3.468281e-06	1.080205e-09	1.881022e+01	1.175017e+02
4.920000e-06	3.415485e-06	1.073500e-09	1.852389e+01	1.167063e+02
4.930000e-06	3.362281e-06	1.065686e-09	1.823533e+01	1.158948e+02
4.940000e-06	3.308607e-06	1.058644e-09	1.794423e+01	1.150668e+02
4.950000e-06	3.254401e-06	1.052307e-09	1.765025e+01	1.142221e+02
4.960000e-06	3.199817e-06	1.044826e-09	1.735421e+01	1.133602e+02
4.970000e-06	3.145051e-06	1.036935e-09	1.705719e+01	1.124809e+02
4.980000e-06	3.089918e-06	1.029817e-09	1.675817e+01	1.115841e+02
4.990000e-06	3.034331e-06	1.022232e-09	1.645670e+01	1.106696e+02
5.000000e-06	2.978484e-06	1.014024e-09	1.615381e+01	1.097374e+02
5.010000e-06	2.922490e-06	1.004881e-09	1.585013e+01	1.087874e+02
5.020000e-06	2.866378e-06	9.952393e-10	1.554581e+01	1.078197e+02
5.030000e-06	2.810158e-06	9.866073e-10	1.524090e+01	1.068345e+02
5.040000e-06	2.753803e-06	9.790878e-10	1.493526e+01	1.058318e+02
5.050000e-06	2.697367e-06	9.706805e-10	1.462917e+01	1.048119e+02
5.060000e-06	2.640915e-06	9.616660e-10	1.432301e+01	1.037750e+02
5.070000e-06	2.584389e-06	9.523450e-10	1.401644e+01	1.027214e+02
5.080000e-06	2.527653e-06	9.422883e-10	1.370873e+01	1.016515e+02
5.090000e-06	2.470545e-06	9.321555e-10	1.339901e+01	1.005655e+02
5.100000e-06	2.413238e-06	9.218196e-10	1.308820e+01	9.946389e+01
5.110000e-06	2.356045e-06	9.113150e-10	1.277801e+01	9.834685e+01
5.120000e-06	2.298735e-06	9.009513e-10	1.246719e+01	9.721475e+01
5.130000e-06	2.241065e-06	8.907324e-10	1.215442e+01	9.606787e+01
5.140000e-06	2.183164e-06	8.804417e-10	1.184040e+01	9.490645e+01
5.150000e-06	2.125162e-06	8.693037e-10	1.152582e+01	9.373069e+01
5.160000e-06	2.067046e-06	8.575381e-10	1.121063e+01	9.254069e+01
5.170000e-06	2.008725e-06	8.459735e-10	1.089432e+01	9.133651e+01
5.180000e-06	1.950196e-06	8.347004e-10	1.057689e+01	9.011812e+01
5.190000e-06	1.891551e-06	8.238368e-10	1.025883e+01	8.888537e+01
5.200000e-06	1.832785e-06	8.131329e-10	9.940112e+00	8.763804e+01
5.210000e-06	1.773792e-06	8.012845e-10	9.620162e+00	8.637576e+01
5.220000e-06	1.714638e-06	7.882456e-10	9.299341e+00	8.509809e+01
5.230000e-06	1.655540e-06	7.767244e-10	8.978822e+00	8.380443e+01
5.240000e-06	1.596313e-06	7.654604e-10	8.657604e+00	8.249408e+01
5.250000e-06	1.536751e-06	7.524803e-10	8.334572e+00	8.116622e+01
5.260000e-06	1.477092e-06	7.399546e-10	8.011013e+00	7.981991e+01
5.270000e-06	1.417411e-06	7.280545e-10	7.687332e+00	7.845410e+01
5.280000e-06	1.357565e-06	7.151303e-10	7.362758e+00	7.706763e+01
5.290000e-06	1.297570e-06	7.015984e-10	7.037375e+00	7.565924e+01
5.300000e-06	1.237512e-06	6.871254e-10	6.711646e+00	7.422760e+01
5.310000e-06	1.177418e-06	6.722767e-10	6.385727e+00	7.277128e+01
5.320000e-06	1.117316e-06	6.579855e-10	6.059763e+00	7.128883e+01
5.330000e-06	1.057223e-06	6.443415e-10	5.733853e+00	6.977872e+01
5.340000e-06	9.971313e-07	6.311410e-10	5.407943e+00	6.823942e+01
5.350000e-06	9.370007e-07	6.168074e-10	5.081825e+00	6.666939e+01
5.360000e-06	8.768295e-07	6.009288e-10	4.755486e+00	6.506711e+01
5.370000e-06	8.166277e-07	5.852312e-10	4.428982e+00	6.343109e+01
5.380000e-06	7.563861e-07	5.706634e-10	4.102261e+00	6.175990e+01
5.390000e-06	6.961607e-07	5.558287e-10	3.775629e+00	6.005220e+01
5.400000e-06	6.359738e-07	5.392891e-10	3.449205e+00	5.830675e+01
5.410000e-06	5.757295e-07	5.220684e-10	3.122470e+00	5.652243e+01
5.420000e-06	5.154118e-07	5.062328e-10	2.795336e+00	5.469825e+01
5.430000e-06	4.550281e-07	4.912774e-10	2.467846e+00	5.283341e+01
5.440000e-06	3.945889e-07	4.755170e-10	2.140054e+00	5.092727e+01
5.450000e-06	3.341705e-07	4.570647e-10	1.812374e+00	4.897940e+01
5.460000e-06	2.737752e-07	4.365167e-10	1.484820e+00	4.698958e+01
5.470000e-06	2.133333e-07	4.163851e-10	1.157013e+00	4.495780e+01
5.480000e-06	1.529158e-07	3.980097e-10	8.293389e-01	4.288430e+01
5.490000e-06	9.256718e-08	3.809482e-10	5.020383e-01	4.076956e+01
5.500000e-06	3.218258e-08	3.627919e-10	1.745423e-01	3.861428e+01
5.510000e-06	-2.824034e-08	3.420682e-10	-1.531615e-01	3.641944e+01
5.520000e-06	-8.859003e-08	3.201574e-10	-4.804682e-01	3.418624e+01
5.530000e-06	-1.489312e-07	2.987945e-10	-8.077285e-01	3.191614e+01
5.540000e-06	-2.093567e-07	2.776738e-10	-1.135446e+00	2.961081e+01
5.550000e-06	-2.697627e-07	2.568482e-10	-1.463059e+00	2.727218e+01
5.560000e-06	-3.301101e-07	2.359254e-10	-1.790353e+00	2.490235e+01
5.570000e-06	-3.904752e-07	2.141416e-10	-2.117743e+00	2.250366e+01
5.580000e-06	-4.507854e-07	1.920756e-10	-2.444836e+00	2.007859e+01
5.590000e-06	-5.110692e-07	1.689320e-10	-2.771785e+00	1.762981e+01
5.600000e-06	-5.714305e-07	1.453446e-10	-3.099154e+00	1.516011e+01
5.610000e-06	-6.317472e-07	1.221818e-10	-3.426282e+00	1.267241e+01
5.620000e-06	-6.919816e-07	9.911233e-11	-3.752964e+00	1.016972e+01
5.630000e-06	-7.522124e-07	7.645825e-11	-4.079625e+00	7.655117e+00
5.640000e-06	-8.124296e-07	5.369882e-11	-4.406213e+00	5.131713e+00
5.650000e-06	-8.725794e-07	2.980488e-11	-4.732436e+00	2.602649e+00
5.660000e-06	-9.326876e-07	5.079197e-12	-5.058433e+00	7.104950e-02
5.670000e-06	-9.928532e-07	-1.843384e-11	-5.384741e+00	-2.459991e+00
5.680000e-06	-1.053041e-06	-4.026948e-11	-5.711169e+00	-4.987439e+00
5.690000e-06	-1.113159e-06	-6.239908e-11	-6.037219e+00	-7.508340e+00
5.700000e-06	-1.173210e-06	-8.597698e-11	-6.362905e+00	-1.001984e+01
5.710000e-06	-1.233249e-06	-1.098129e-10	-6.688526e+00	-1.251923e+01
5.720000e-06	-1.293134e-06	-1.329354e-10	-7.013316e+00	-1.500390e+01
5.730000e-06	-1.352832e-06	-1.550953e-10	-7.337088e+00	-1.747144e+01
5.740000e-06	-1.412470e-06	-1.758322e-10	-7.660533e+00	-1.991959e+01
5.750000e-06	-1.471910e-06	-1.974054e-10	-7.982905e+00	-2.234627e+01
5.760000e-06	-1.531178e-06	-2.212221e-10	-8.304348e+00	-2.474962e+01
5.770000e-06	-1.590361e-06	-2.442420e-10	-8.625324e+00	-2.712794e+01
5.780000e-06	-1.649545e-06	-2.662509e-10	-8.946310e+00	-2.947975e+01
5.790000e-06	-1.708684e-06	-2.895335e-10	-9.267048e+00	-3.180378e+01
5.800000e-06	-1.767652e-06	-3.138026e-10	-9.586862e+00	-3.409896e+01
5.810000e-06	-1.826422e-06	-3.363023e-10	-9.905601e+00	-3.636440e+01
5.820000e-06	-1.885024e-06	-3.559364e-10	-1.022343e+01	-3.859941e+01
5.830000e-06	-1.943577e-06	-3.747576e-10	-1.054099e+01	-4.080349e+01
5.840000e-06	-2.002036e-06	-3.951404e-10	-1.085805e+01	-4.297632e+01
5.850000e-06	-2.060398e-06	-4.164621e-10	-1.117457e+01	-4.511771e+01
5.860000e-06	-2.118570e-06	-4.364787e-10	-1.149007e+01	-4.722765e+01
5.870000e-06	-2.176519e-06	-4.555916e-10	-1.180435e+01	-4.930624e+01
5.880000e-06	-2.234290e-06	-4.750570e-10	-1.211768e+01	-5.135372e+01
5.890000e-06	-2.291845e-06	-4.938389e-10	-1.242983e+01	-5.337041e+01
5.900000e-06	-2.349111e-06	-5.119408e-10	-1.274041e+01	-5.535674e+01
5.910000e-06	-2.406238e-06	-5.300740e-10	-1.305024e+01	-5.731318e+01
5.920000e-06	-2.463282e-06	-5.475900e-10	-1.335961e+01	-5.924028e+01
5.930000e-06	-2.520114e-06	-5.656575e-10	-1.366784e+01	-6.113861e+01
5.940000e-06	-2.576804e-06	-5.854606e-10	-1.397530e+01	-6.300878e+01
5.950000e-06	-2.633416e-06	-6.057758e-10	-1.428233e+01	-6.485140e+01
5.960000e-06	-2.689837e-06	-6.238220e-10	-1.458834e+01	-6.666706e+01
5.970000e-06	-2.746094e-06	-6.395219e-10	-1.489345e+01	-6.845637e+01
5.980000e-06	-2.802367e-06	-6.547814e-10	-1.519864e+01	-7.021989e+01
5.990000e-06	-2.858541e-06	-6.705869e-10	-1.550330e+01	-7.195815e+01
6.000000e-06	-2.914563e-06	-6.862068e-10	-1.580714e+01	-7.367164e+01
6.010000e-06	-2.970394e-06	-7.010580e-10	-1.610994e+01	-7.536081e+01
6.020000e-06	-3.025939e-06	-7.153233e-10	-1.641118e+01	-7.702605e+01
6.030000e-06	-3.081136e-06	-7.304465e-10	-1.671054e+01	-7.866771e+01
6.040000e-06	-3.135796e-06	-7.471313e-10	-1.700700e+01	-8.028607e+01
6.050000e-06	-3.190135e-06	-7.622195e-10	-1.730170e+01	-8.188138e+01
6.060000e-06	-3.244260e-06	-7.753800e-10	-1.759525e+01	-8.345381e+01
6.070000e-06	-3.298041e-06	-7.883612e-10	-1.788693e+01	-8.500352e+01
6.080000e-06	-3.351527e-06	-8.020323e-10	-1.817701e+01	-8.653058e+01
6.090000e-06	-3.404542e-06	-8.170119e-10	-1.846454e+01	-8.803508e+01
6.100000e-06	-3.457188e-06	-8.326117e-10	-1.875007e+01	-8.951702e+01
6.110000e-06	-3.509659e-06	-8.467733e-10	-1.903464e+01	-9.097641e+01
6.120000e-06	-3.561798e-06	-8.587621e-10	-1.931742e+01	-9.241323e+01
6.130000e-06	-3.613620e-06	-8.705128e-10	-1.959847e+01	-9.382745e+01
6.140000e-06	-3.665277e-06	-8.833897e-10	-1.987864e+01	-9.521903e+01
6.150000e-06	-3.716721e-06	-8.959250e-10	-2.015764e+01	-9.658792e+01
6.160000e-06	-3.767934e-06	-9.075813e-10	-2.043540e+01	-9.793410e+01
6.170000e-06	-3.818879e-06	-9.197876e-10	-2.071169e+01	-9.925755e+01
6.180000e-06	-3.869442e-06	-9.317346e-10	-2.098593e+01	-1.005583e+02
6.190000e-06	-3.919559e-06	-9.426080e-10	-2.125773e+01	-1.018362e+02
6.200000e-06	-3.969377e-06	-9.533673e-10	-2.152792e+01	-1.030916e+02
6.210000e-06	-4.018979e-06	-9.635428e-10	-2.179694e+01	-1.043243e+02
6.220000e-06	-4.068192e-06	-9.731399e-10	-2.206385e+01	-1.055344e+02
6.230000e-06	-4.116964e-06	-9.832152e-10	-2.232836e+01	-1.067222e+02
6.240000e-06	-4.165355e-06	-9.931495e-10	-2.259081e+01	-1.078878e+02
6.250000e-06	-4.213119e-06	-1.003285e-09	-2.284986e+01	-1.090313e+02
6.260000e-06	-4.260407e-06	-1.013743e-09	-2.310632e+01	-1.101529e+02
6.270000e-06	-4.307572e-06	-1.024109e-09	-2.336212e+01	-1.112530e+02
6.280000e-06	-4.354509e-06	-1.034289e-09	-2.361668e+01	-1.123317e+02
6.290000e-06	-4.401207e-06	-1.044646e-09	-2.386995e+01	-1.133893e+02
6.300000e-06	-4.447724e-06	-1.054984e-09	-2.412224e+01	-1.144261e+02
6.310000e-06	-4.494017e-06	-1.064849e-09	-2.437331e+01	-1.154425e+02
6.320000e-06	-4.539901e-06	-1.073452e-09	-2.462216e+01	-1.164386e+02
6.330000e-06	-4.585347e-06	-1.081278e-09	-2.486864e+01	-1.174149e+02
6.340000e-06	-4.630438e-06	-1.089826e-09	-2.511319e+01	-1.183715e+02
6.350000e-06	-4.675172e-06	-1.097845e-09	-2.535580e+01	-1.193089e+02
6.360000e-06	-4.719663e-06	-1.104940e-09	-2.559710e+01	-1.202273e+02
6.370000e-06	-4.763989e-06	-1.111434e-09	-2.583750e+01	-1.211269e+02
6.380000e-06	-4.808113e-06	-1.118427e-09	-2.607681e+01	-1.220081e+02
6.390000e-06	-4.852082e-06	-1.127190e-09	-2.631527e+01	-1.228710e+02
6.400000e-06	-4.895841e-06	-1.135911e-09	-2.655260e+01	-1.237159e+02
6.410000e-06	-4.939299e-06	-1.142087e-09	-2.678830e+01	-1.245431e+02
6.420000e-06	-4.982433e-06	-1.147789e-09	-2.702223e+01	-1.253526e+02
6.430000e-06	-5.025133e-06	-1.155022e-09	-2.725382e+01	-1.261447e+02
6.440000e-06	-5.067331e-06	-1.163131e-09	-2.748268e+01	-1.269195e+02
6.450000e-06	-5.109128e-06	-1.170660e-09	-2.770937e+01	-1.276772e+02
6.460000e-06	-5.150685e-06	-1.176798e-09	-2.793475e+01	-1.284179e+02
6.470000e-06	-5.191998e-06	-1.184066e-09	-2.815881e+01	-1.291417e+02
6.480000e-06	-5.232949e-06	-1.191643e-09	-2.838091e+01	-1.298488e+02
6.490000e-06	-5.273537e-06	-1.197401e-09	-2.860104e+01	-1.305393e+02
6.500000e-06	-5.313769e-06	-1.202488e-09	-2.881924e+01	-1.312133e+02
6.510000e-06	-5.353696e-06	-1.207964e-09	-2.903578e+01	-1.318710e+02
6.520000e-06	-5.393360e-06	-1.214285e-09	-2.925089e+01	-1.325126e+02
6.530000e-06	-5.432784e-06	-1.219452e-09	-2.946471e+01	-1.331382e+02
6.540000e-06	-5.471620e-06	-1.223434e-09	-2.967534e+01	-1.337480e+02
6.550000e-06	-5.509736e-06	-1.228786e-09	-2.988206e+01	-1.343424e+02
6.560000e-06	-5.547234e-06	-1.235126e-09	-3.008544e+01	-1.349215e+02
6.570000e-06	-5.584113e-06	-1.241217e-09	-3.028545e+01	-1.354856e+02
6.580000e-06	-5.620528e-06	-1.246304e-09	-3.048294e+01	-1.360352e+02
6.590000e-06	-5.656634e-06	-1.250481e-09	-3.067877e+01	-1.365705e+02
6.600000e-06	-5.692569e-06	-1.254635e-09	-3.087366e+01	-1.370920e+02
6.610000e-06	-5.728208e-06	-1.258287e-09	-3.106694e+01	-1.376001e+02
6.620000e-06	-5.763449e-06	-1.260819e-09	-3.125808e+01	-1.380953e+02
6.630000e-06	-5.798373e-06	-1.263195e-09	-3.144748e+01	-1.385782e+02
6.640000e-06	-5.832943e-06	-1.265649e-09	-3.163498e+01	-1.390492e+02
6.650000e-06	-5.866910e-06	-1.269712e-09	-3.181920e+01	-1.395090e+02
6.660000e-06	-5.900407e-06	-1.275033e-09	-3.200087e+01	-1.399580e+02
6.670000e-06	-5.933602e-06	-1.278099e-09	-3.218090e+01	-1.403970e+02
6.680000e-06	-5.966317e-06	-1.279963e-09	-3.235833e+01	-1.408265e+02
6.690000e-06	-5.998660e-06	-1.282905e-09	-3.253374e+01	-1.412472e+02
6.700000e-06	-6.030796e-06	-1.285501e-09	-3.270803e+01	-1.416596e+02
6.710000e-06	-6.062656e-06	-1.288510e-09	-3.288082e+01	-1.420644e+02
6.720000e-06	-6.094027e-06	-1.292207e-09	-3.305096e+01	-1.424621e+02
6.730000e-06	-6.124784e-06	-1.294744e-09	-3.321778e+01	-1.428534e+02
6.740000e-06	-6.154849e-06	-1.296217e-09	-3.338083e+01	-1.432387e+02
6.750000e-06	-6.184268e-06	-1.298656e-09	-3.354039e+01	-1.436185e+02
6.760000e-06	-6.213233e-06	-1.302089e-09	-3.369748e+01	-1.439934e+02
6.770000e-06	-6.241782e-06	-1.303790e-09	-3.385231e+01	-1.443637e+02
6.780000e-06	-6.270000e-06	-1.304648e-09	-3.400536e+01	-1.447298e+02
6.790000e-06	-6.297935e-06	-1.306601e-09	-3.415686e+01	-1.450920e+02
6.800000e-06	-6.325390e-06	-1.308837e-09	-3.430576e+01	-1.454505e+02
6.810000e-06	-6.352301e-06	-1.311541e-09	-3.445172e+01	-1.458056e+02
6.820000e-06	-6.378826e-06	-1.312642e-09	-3.459557e+01	-1.461574e+02
6.830000e-06	-6.404961e-06	-1.312356e-09	-3.473731e+01	-1.465059e+02
6.840000e-06	-6.430614e-06	-1.314016e-09	-3.487645e+01	-1.468512e+02
6.850000e-06	-6.455641e-06	-1.316375e-09	-3.501218e+01	-1.471932e+02
6.860000e-06	-6.480210e-06	-1.318780e-09	-3.514543e+01	-1.475319e+02
6.870000e-06	-6.504462e-06	-1.321349e-09	-3.527696e+01	-1.478671e+02
6.880000e-06	-6.528456e-06	-1.324517e-09	-3.540709e+01	-1.481987e+02
6.890000e-06	-6.552269e-06	-1.328156e-09	-3.553624e+01	-1.485263e+02
6.900000e-06	-6.575589e-06	-1.330386e-09	-3.566272e+01	-1.488497e+02
6.910000e-06	-6.598049e-06	-1.331346e-09	-3.578453e+01	-1.491687e+02
6.920000e-06	-6.619706e-06	-1.332441e-09	-3.590199e+01	-1.494830e+02
6.930000e-06	-6.640836e-06	-1.333371e-09	-3.601658e+01	-1.497921e+02
6.940000e-06	-6.661414e-06	-1.334168e-09	-3.612819e+01	-1.500958e+02
6.950000e-06	-6.681509e-06	-1.335776e-09	-3.623717e+01	-1.503937e+02
6.960000e-06	-6.701358e-06	-1.337676e-09	-3.634482e+01	-1.506855e+02
6.970000e-06	-6.720954e-06	-1.339124e-09	-3.645110e+01	-1.509708e+02
6.980000e-06	-6.740006e-06	-1.340758e-09	-3.655443e+01	-1.512493e+02
6.990000e-06	-6.758512e-06	-1.342430e-09	-3.665480e+01	-1.515208e+02
7.000000e-06	-6.776610e-06	-1.345035e-09	-3.675295e+01	-1.517850e+02
7.010000e-06	-6.794250e-06	-1.347489e-09	-3.684863e+01	-1.520415e+02
7.020000e-06	-6.811252e-06	-1.348534e-09	-3.694083e+01	-1.522903e+02
7.030000e-06	-6.827795e-06	-1.348927e-09	-3.703056e+01	-1.525310e+02
7.040000e-06	-6.844226e-06	-1.349588e-09	-3.711967e+01	-1.527637e+02
7.050000e-06	-6.860303e-06	-1.351272e-09	-3.720686e+01	-1.529880e+02
7.060000e-06	-6.875769e-06	-1.353468e-09	-3.729075e+01	-1.532041e+02
7.070000e-06	-6.890636e-06	-1.355607e-09	-3.737138e+01	-1.534118e+02
7.080000e-06	-6.904635e-06	-1.357011e-09	-3.744730e+01	-1.536112e+02
7.090000e-06	-6.917707e-06	-1.358572e-09	-3.751819e+01	-1.538022e+02
7.100000e-06	-6.930268e-06	-1.359448e-09	-3.758632e+01	-1.539848e+02
7.110000e-06	-6.942473e-06	-1.359259e-09	-3.765251e+01	-1.541593e+02
7.120000e-06	-6.954184e-06	-1.359570e-09	-3.771603e+01	-1.543256e+02
7.130000e-06	-6.965235e-06	-1.360516e-09	-3.777596e+01	-1.544839e+02
7.140000e-06	-6.975685e-06	-1.362178e-09	-3.783264e+01	-1.546342e+02
7.150000e-06	-6.985751e-06	-1.363739e-09	-3.788723e+01	-1.547768e+02
7.160000e-06	-6.995392e-06	-1.364325e-09	-3.793952e+01	-1.549117e+02
7.170000e-06	-7.004489e-06	-1.364561e-09	-3.798886e+01	-1.550391e+02
7.180000e-06	-7.013099e-06	-1.365606e-09	-3.803555e+01	-1.551591e+02
7.190000e-06	-7.021388e-06	-1.365734e-09	-3.808051e+01	-1.552718e+02
7.200000e-06	-7.029482e-06	-1.365436e-09	-3.812441e+01	-1.553773e+02
7.210000e-06	-7.037233e-06	-1.366427e-09	-3.816644e+01	-1.554758e+02
7.220000e-06	-7.044266e-06	-1.366092e-09	-3.820459e+01	-1.555672e+02
7.230000e-06	-7.050391e-06	-1.364062e-09	-3.823781e+01	-1.556516e+02
7.240000e-06	-7.055740e-06	-1.361689e-09	-3.826682e+01	-1.557292e+02
7.250000e-06	-7.060615e-06	-1.360925e-09	-3.829326e+01	-1.557998e+02
7.260000e-06	-7.065119e-06	-1.361409e-09	-3.831769e+01	-1.558635e+02
7.270000e-06	-7.069193e-06	-1.360154e-09	-3.833978e+01	-1.559203e+02
7.280000e-06	-7.072862e-06	-1.360402e-09	-3.835968e+01	-1.559702e+02
7.290000e-06	-7.075977e-06	-1.362031e-09	-3.837657e+01	-1.560131e+02
7.300000e-06	-7.078552e-06	-1.361516e-09	-3.839054e+01	-1.560490e+02
7.310000e-06	-7.080657e-06	-1.359069e-09	-3.840196e+01	-1.560777e+02
7.320000e-06	-7.082241e-06	-1.355923e-09	-3.841055e+01	-1.560993e+02
7.330000e-06	-7.083271e-06	-1.354523e-09	-3.841613e+01	-1.561137e+02
7.340000e-06	-7.083814e-06	-1.354272e-09	-3.841908e+01	-1.561208e+02
