# Temperatura_=_20.0
# Concentracion g/m^3_=_7400.0
# C_Vs_to_Am_M_A/Vsm_=_116720831517.84952
# pendiente_HvsI_1/m_=_3716.3
# ordenada_HvsI_A/m_=_1297.0
# frecuencia_Hz_=_136107.90481251923

Tiempo_(s)	Campo_(V.s)	Magnetizacion_(V.s)	Campo_(kA/m)	Magnetizacion_(A/m)
0.000000e+00	-7.144873e-06	-1.509211e-09	-3.842433e+01	-1.748866e+02
1.000000e-08	-7.144887e-06	-1.509162e-09	-3.842441e+01	-1.749018e+02
2.000000e-08	-7.144435e-06	-1.509919e-09	-3.842198e+01	-1.749092e+02
3.000000e-08	-7.143401e-06	-1.511023e-09	-3.841642e+01	-1.749089e+02
4.000000e-08	-7.141639e-06	-1.511195e-09	-3.840694e+01	-1.749010e+02
5.000000e-08	-7.139139e-06	-1.509888e-09	-3.839350e+01	-1.748857e+02
6.000000e-08	-7.136052e-06	-1.508474e-09	-3.837690e+01	-1.748631e+02
7.000000e-08	-7.132508e-06	-1.508707e-09	-3.835784e+01	-1.748333e+02
8.000000e-08	-7.128461e-06	-1.509714e-09	-3.833607e+01	-1.747964e+02
9.000000e-08	-7.123777e-06	-1.504987e-09	-3.831089e+01	-1.747524e+02
1.000000e-07	-7.118388e-06	-1.491252e-09	-3.828190e+01	-1.747014e+02
1.100000e-07	-7.112523e-06	-1.495428e-09	-3.825036e+01	-1.746436e+02
1.200000e-07	-7.106474e-06	-1.518903e-09	-3.821783e+01	-1.745791e+02
1.300000e-07	-7.100077e-06	-1.526458e-09	-3.818343e+01	-1.745080e+02
1.400000e-07	-7.093099e-06	-1.501706e-09	-3.814590e+01	-1.744303e+02
1.500000e-07	-7.085642e-06	-1.485269e-09	-3.810580e+01	-1.743463e+02
1.600000e-07	-7.077849e-06	-1.510227e-09	-3.806389e+01	-1.742561e+02
1.700000e-07	-7.069459e-06	-1.517179e-09	-3.801877e+01	-1.741599e+02
1.800000e-07	-7.060170e-06	-1.482626e-09	-3.796881e+01	-1.740579e+02
1.900000e-07	-7.050355e-06	-1.469056e-09	-3.791603e+01	-1.739502e+02
2.000000e-07	-7.040312e-06	-1.504389e-09	-3.786202e+01	-1.738373e+02
2.100000e-07	-7.029570e-06	-1.519910e-09	-3.780425e+01	-1.737192e+02
2.200000e-07	-7.018066e-06	-1.485343e-09	-3.774238e+01	-1.735963e+02
2.300000e-07	-7.006160e-06	-1.465707e-09	-3.767835e+01	-1.734688e+02
2.400000e-07	-6.993768e-06	-1.487786e-09	-3.761171e+01	-1.733371e+02
2.500000e-07	-6.980726e-06	-1.496954e-09	-3.754157e+01	-1.732014e+02
2.600000e-07	-6.967034e-06	-1.477544e-09	-3.746794e+01	-1.730620e+02
2.700000e-07	-6.952606e-06	-1.471243e-09	-3.739035e+01	-1.729193e+02
2.800000e-07	-6.937454e-06	-1.479834e-09	-3.730886e+01	-1.727735e+02
2.900000e-07	-6.921598e-06	-1.475953e-09	-3.722359e+01	-1.726249e+02
3.000000e-07	-6.905266e-06	-1.465384e-09	-3.713575e+01	-1.724737e+02
3.100000e-07	-6.888579e-06	-1.468715e-09	-3.704601e+01	-1.723202e+02
3.200000e-07	-6.871375e-06	-1.467320e-09	-3.695349e+01	-1.721645e+02
3.300000e-07	-6.853747e-06	-1.457196e-09	-3.685869e+01	-1.720068e+02
3.400000e-07	-6.835696e-06	-1.462069e-09	-3.676162e+01	-1.718471e+02
3.500000e-07	-6.817206e-06	-1.469921e-09	-3.666218e+01	-1.716857e+02
3.600000e-07	-6.798192e-06	-1.455695e-09	-3.655993e+01	-1.715224e+02
3.700000e-07	-6.778692e-06	-1.441130e-09	-3.645505e+01	-1.713572e+02
3.800000e-07	-6.758871e-06	-1.451317e-09	-3.634846e+01	-1.711901e+02
3.900000e-07	-6.738605e-06	-1.459903e-09	-3.623947e+01	-1.710209e+02
4.000000e-07	-6.717824e-06	-1.446602e-09	-3.612771e+01	-1.708495e+02
4.100000e-07	-6.696628e-06	-1.441736e-09	-3.601372e+01	-1.706755e+02
4.200000e-07	-6.674895e-06	-1.451335e-09	-3.589684e+01	-1.704988e+02
4.300000e-07	-6.652653e-06	-1.446372e-09	-3.577723e+01	-1.703189e+02
4.400000e-07	-6.630131e-06	-1.434027e-09	-3.565611e+01	-1.701356e+02
4.500000e-07	-6.607026e-06	-1.436245e-09	-3.553185e+01	-1.699483e+02
4.600000e-07	-6.583378e-06	-1.437323e-09	-3.540468e+01	-1.697568e+02
4.700000e-07	-6.559616e-06	-1.429346e-09	-3.527689e+01	-1.695605e+02
4.800000e-07	-6.535559e-06	-1.430802e-09	-3.514751e+01	-1.693591e+02
4.900000e-07	-6.510968e-06	-1.431516e-09	-3.501526e+01	-1.691519e+02
5.000000e-07	-6.485694e-06	-1.418725e-09	-3.487934e+01	-1.689385e+02
5.100000e-07	-6.459682e-06	-1.415684e-09	-3.473945e+01	-1.687186e+02
5.200000e-07	-6.432964e-06	-1.422243e-09	-3.459577e+01	-1.684916e+02
5.300000e-07	-6.405705e-06	-1.413080e-09	-3.444917e+01	-1.682571e+02
5.400000e-07	-6.378035e-06	-1.403870e-09	-3.430037e+01	-1.680146e+02
5.500000e-07	-6.349985e-06	-1.410603e-09	-3.414952e+01	-1.677639e+02
5.600000e-07	-6.321596e-06	-1.409069e-09	-3.399684e+01	-1.675046e+02
5.700000e-07	-6.292819e-06	-1.399364e-09	-3.384208e+01	-1.672364e+02
5.800000e-07	-6.263552e-06	-1.401461e-09	-3.368469e+01	-1.669591e+02
5.900000e-07	-6.233814e-06	-1.400556e-09	-3.352476e+01	-1.666723e+02
6.000000e-07	-6.203766e-06	-1.390682e-09	-3.336316e+01	-1.663761e+02
6.100000e-07	-6.173293e-06	-1.391541e-09	-3.319929e+01	-1.660702e+02
6.200000e-07	-6.142304e-06	-1.393027e-09	-3.303263e+01	-1.657546e+02
6.300000e-07	-6.110818e-06	-1.380712e-09	-3.286330e+01	-1.654292e+02
6.400000e-07	-6.079029e-06	-1.376524e-09	-3.269235e+01	-1.650941e+02
6.500000e-07	-6.047020e-06	-1.381077e-09	-3.252021e+01	-1.647493e+02
6.600000e-07	-6.014666e-06	-1.374995e-09	-3.234621e+01	-1.643948e+02
6.700000e-07	-5.981817e-06	-1.369354e-09	-3.216955e+01	-1.640309e+02
6.800000e-07	-5.948270e-06	-1.371160e-09	-3.198914e+01	-1.636575e+02
6.900000e-07	-5.914001e-06	-1.365135e-09	-3.180484e+01	-1.632749e+02
7.000000e-07	-5.879110e-06	-1.356802e-09	-3.161720e+01	-1.628831e+02
7.100000e-07	-5.843839e-06	-1.356304e-09	-3.142752e+01	-1.624824e+02
7.200000e-07	-5.808277e-06	-1.352842e-09	-3.123627e+01	-1.620728e+02
7.300000e-07	-5.772418e-06	-1.346248e-09	-3.104343e+01	-1.616545e+02
7.400000e-07	-5.736255e-06	-1.345434e-09	-3.084894e+01	-1.612277e+02
7.500000e-07	-5.699663e-06	-1.343705e-09	-3.065215e+01	-1.607924e+02
7.600000e-07	-5.662629e-06	-1.337360e-09	-3.045299e+01	-1.603488e+02
7.700000e-07	-5.625216e-06	-1.333265e-09	-3.025179e+01	-1.598969e+02
7.800000e-07	-5.587447e-06	-1.329692e-09	-3.004867e+01	-1.594367e+02
7.900000e-07	-5.549355e-06	-1.323142e-09	-2.984382e+01	-1.589683e+02
8.000000e-07	-5.510787e-06	-1.316835e-09	-2.963640e+01	-1.584918e+02
8.100000e-07	-5.471776e-06	-1.312026e-09	-2.942661e+01	-1.580070e+02
8.200000e-07	-5.432505e-06	-1.307156e-09	-2.921541e+01	-1.575139e+02
8.300000e-07	-5.392913e-06	-1.303169e-09	-2.900249e+01	-1.570125e+02
8.400000e-07	-5.353016e-06	-1.299682e-09	-2.878793e+01	-1.565027e+02
8.500000e-07	-5.312812e-06	-1.294461e-09	-2.857171e+01	-1.559844e+02
8.600000e-07	-5.272153e-06	-1.288612e-09	-2.835306e+01	-1.554576e+02
8.700000e-07	-5.231037e-06	-1.283773e-09	-2.813194e+01	-1.549222e+02
8.800000e-07	-5.189474e-06	-1.278787e-09	-2.790841e+01	-1.543780e+02
8.900000e-07	-5.147221e-06	-1.271952e-09	-2.768119e+01	-1.538250e+02
9.000000e-07	-5.104314e-06	-1.264006e-09	-2.745044e+01	-1.532631e+02
9.100000e-07	-5.061050e-06	-1.257992e-09	-2.721776e+01	-1.526923e+02
9.200000e-07	-5.017446e-06	-1.253072e-09	-2.698327e+01	-1.521126e+02
9.300000e-07	-4.973543e-06	-1.247683e-09	-2.674716e+01	-1.515239e+02
9.400000e-07	-4.929343e-06	-1.241233e-09	-2.650946e+01	-1.509263e+02
9.500000e-07	-4.884777e-06	-1.234074e-09	-2.626979e+01	-1.503198e+02
9.600000e-07	-4.839976e-06	-1.227907e-09	-2.602885e+01	-1.497045e+02
9.700000e-07	-4.794888e-06	-1.222843e-09	-2.578638e+01	-1.490804e+02
9.800000e-07	-4.749493e-06	-1.217382e-09	-2.554225e+01	-1.484477e+02
9.900000e-07	-4.703911e-06	-1.210801e-09	-2.529711e+01	-1.478066e+02
1.000000e-06	-4.657904e-06	-1.204406e-09	-2.504969e+01	-1.471571e+02
1.010000e-06	-4.611410e-06	-1.198858e-09	-2.479965e+01	-1.464994e+02
1.020000e-06	-4.564646e-06	-1.193313e-09	-2.454816e+01	-1.458336e+02
1.030000e-06	-4.517561e-06	-1.186767e-09	-2.429494e+01	-1.451600e+02
1.040000e-06	-4.470146e-06	-1.180260e-09	-2.403995e+01	-1.444787e+02
1.050000e-06	-4.422548e-06	-1.174486e-09	-2.378398e+01	-1.437897e+02
1.060000e-06	-4.374694e-06	-1.168774e-09	-2.352662e+01	-1.430932e+02
1.070000e-06	-4.326506e-06	-1.163279e-09	-2.326747e+01	-1.423893e+02
1.080000e-06	-4.278071e-06	-1.156726e-09	-2.300699e+01	-1.416780e+02
1.090000e-06	-4.229205e-06	-1.149100e-09	-2.274420e+01	-1.409593e+02
1.100000e-06	-4.179836e-06	-1.142210e-09	-2.247870e+01	-1.402330e+02
1.110000e-06	-4.129956e-06	-1.135724e-09	-2.221045e+01	-1.394991e+02
1.120000e-06	-4.079484e-06	-1.128968e-09	-2.193901e+01	-1.387573e+02
1.130000e-06	-4.028590e-06	-1.122433e-09	-2.166531e+01	-1.380075e+02
1.140000e-06	-3.977362e-06	-1.116147e-09	-2.138981e+01	-1.372492e+02
1.150000e-06	-3.925909e-06	-1.109675e-09	-2.111310e+01	-1.364821e+02
1.160000e-06	-3.874267e-06	-1.102958e-09	-2.083538e+01	-1.357056e+02
1.170000e-06	-3.822400e-06	-1.096125e-09	-2.055644e+01	-1.349194e+02
1.180000e-06	-3.770199e-06	-1.089049e-09	-2.027571e+01	-1.341227e+02
1.190000e-06	-3.717665e-06	-1.082342e-09	-1.999319e+01	-1.333149e+02
1.200000e-06	-3.664802e-06	-1.076239e-09	-1.970890e+01	-1.324954e+02
1.210000e-06	-3.611562e-06	-1.069469e-09	-1.942258e+01	-1.316633e+02
1.220000e-06	-3.558089e-06	-1.061887e-09	-1.913501e+01	-1.308180e+02
1.230000e-06	-3.504486e-06	-1.053288e-09	-1.884674e+01	-1.299587e+02
1.240000e-06	-3.450752e-06	-1.044670e-09	-1.855776e+01	-1.290846e+02
1.250000e-06	-3.396743e-06	-1.037259e-09	-1.826731e+01	-1.281949e+02
1.260000e-06	-3.342390e-06	-1.029571e-09	-1.797500e+01	-1.272889e+02
1.270000e-06	-3.287686e-06	-1.020724e-09	-1.768081e+01	-1.263658e+02
1.280000e-06	-3.232825e-06	-1.012306e-09	-1.738577e+01	-1.254250e+02
1.290000e-06	-3.177903e-06	-1.004490e-09	-1.709041e+01	-1.244658e+02
1.300000e-06	-3.122716e-06	-9.962956e-10	-1.679362e+01	-1.234878e+02
1.310000e-06	-3.067270e-06	-9.878863e-10	-1.649544e+01	-1.224904e+02
1.320000e-06	-3.011723e-06	-9.789952e-10	-1.619671e+01	-1.214732e+02
1.330000e-06	-2.956018e-06	-9.696526e-10	-1.589714e+01	-1.204359e+02
1.340000e-06	-2.900212e-06	-9.613332e-10	-1.559702e+01	-1.193783e+02
1.350000e-06	-2.844365e-06	-9.532940e-10	-1.529668e+01	-1.183002e+02
1.360000e-06	-2.788357e-06	-9.447595e-10	-1.499547e+01	-1.172018e+02
1.370000e-06	-2.732159e-06	-9.371511e-10	-1.469325e+01	-1.160829e+02
1.380000e-06	-2.675758e-06	-9.290319e-10	-1.438993e+01	-1.149438e+02
1.390000e-06	-2.619003e-06	-9.192586e-10	-1.408471e+01	-1.137847e+02
1.400000e-06	-2.561959e-06	-9.090057e-10	-1.377793e+01	-1.126060e+02
1.410000e-06	-2.504718e-06	-8.985689e-10	-1.347010e+01	-1.114078e+02
1.420000e-06	-2.447258e-06	-8.884815e-10	-1.316108e+01	-1.101908e+02
1.430000e-06	-2.389312e-06	-8.789247e-10	-1.284946e+01	-1.089552e+02
1.440000e-06	-2.330845e-06	-8.694086e-10	-1.253502e+01	-1.077017e+02
1.450000e-06	-2.272271e-06	-8.597713e-10	-1.222002e+01	-1.064305e+02
1.460000e-06	-2.213625e-06	-8.491279e-10	-1.190463e+01	-1.051421e+02
1.470000e-06	-2.154658e-06	-8.379682e-10	-1.158751e+01	-1.038370e+02
1.480000e-06	-2.095447e-06	-8.268745e-10	-1.126908e+01	-1.025154e+02
1.490000e-06	-2.036187e-06	-8.159430e-10	-1.095039e+01	-1.011777e+02
1.500000e-06	-1.976802e-06	-8.053813e-10	-1.063102e+01	-9.982383e+01
1.510000e-06	-1.917284e-06	-7.941158e-10	-1.031094e+01	-9.845399e+01
1.520000e-06	-1.857680e-06	-7.830737e-10	-9.990400e+00	-9.706808e+01
1.530000e-06	-1.797964e-06	-7.729956e-10	-9.669253e+00	-9.566587e+01
1.540000e-06	-1.738178e-06	-7.618035e-10	-9.347727e+00	-9.424699e+01
1.550000e-06	-1.678431e-06	-7.490322e-10	-9.026417e+00	-9.281092e+01
1.560000e-06	-1.618609e-06	-7.363650e-10	-8.704702e+00	-9.135700e+01
1.570000e-06	-1.558636e-06	-7.243420e-10	-8.382170e+00	-8.988437e+01
1.580000e-06	-1.498532e-06	-7.118929e-10	-8.058940e+00	-8.839203e+01
1.590000e-06	-1.438327e-06	-6.988427e-10	-7.735162e+00	-8.687883e+01
1.600000e-06	-1.378010e-06	-6.854558e-10	-7.410784e+00	-8.534348e+01
1.610000e-06	-1.317603e-06	-6.717718e-10	-7.085921e+00	-8.378453e+01
1.620000e-06	-1.257132e-06	-6.583666e-10	-6.760716e+00	-8.220042e+01
1.630000e-06	-1.196593e-06	-6.451571e-10	-6.435145e+00	-8.058950e+01
1.640000e-06	-1.135910e-06	-6.315631e-10	-6.108800e+00	-7.895003e+01
1.650000e-06	-1.075114e-06	-6.178404e-10	-5.781845e+00	-7.728021e+01
1.660000e-06	-1.014399e-06	-6.040985e-10	-5.455323e+00	-7.557819e+01
1.670000e-06	-9.536185e-07	-5.907991e-10	-5.128455e+00	-7.384215e+01
1.680000e-06	-8.926517e-07	-5.769868e-10	-4.800582e+00	-7.207025e+01
1.690000e-06	-8.316661e-07	-5.621998e-10	-4.472608e+00	-7.026072e+01
1.700000e-06	-7.707407e-07	-5.481298e-10	-4.144958e+00	-6.841186e+01
1.710000e-06	-7.097841e-07	-5.337871e-10	-3.817140e+00	-6.652209e+01
1.720000e-06	-6.488122e-07	-5.183551e-10	-3.489240e+00	-6.458995e+01
1.730000e-06	-5.877395e-07	-5.029278e-10	-3.160798e+00	-6.261416e+01
1.740000e-06	-5.265449e-07	-4.875633e-10	-2.831700e+00	-6.059361e+01
1.750000e-06	-4.653214e-07	-4.709661e-10	-2.502447e+00	-5.852741e+01
1.760000e-06	-4.040084e-07	-4.532508e-10	-2.172712e+00	-5.641492e+01
1.770000e-06	-3.428530e-07	-4.358366e-10	-1.843826e+00	-5.425573e+01
1.780000e-06	-2.818214e-07	-4.187189e-10	-1.515604e+00	-5.204971e+01
1.790000e-06	-2.205835e-07	-4.010194e-10	-1.186274e+00	-4.979701e+01
1.800000e-06	-1.592435e-07	-3.818926e-10	-8.563937e-01	-4.749807e+01
1.810000e-06	-9.794760e-08	-3.617926e-10	-5.267513e-01	-4.515363e+01
1.820000e-06	-3.665899e-08	-3.421299e-10	-1.971480e-01	-4.276472e+01
1.830000e-06	2.466958e-08	-3.219900e-10	1.326703e-01	-4.033266e+01
1.840000e-06	8.587055e-08	-3.011209e-10	4.618023e-01	-3.785906e+01
1.850000e-06	1.470329e-07	-2.802882e-10	7.907269e-01	-3.534580e+01
1.860000e-06	2.082445e-07	-2.591352e-10	1.119916e+00	-3.279505e+01
1.870000e-06	2.694140e-07	-2.374253e-10	1.448879e+00	-3.020919e+01
1.880000e-06	3.306506e-07	-2.150726e-10	1.778202e+00	-2.759084e+01
1.890000e-06	3.918856e-07	-1.930129e-10	2.107517e+00	-2.494284e+01
1.900000e-06	4.530166e-07	-1.712651e-10	2.436273e+00	-2.226817e+01
1.910000e-06	5.141294e-07	-1.490143e-10	2.764931e+00	-1.957000e+01
1.920000e-06	5.751907e-07	-1.269251e-10	3.093312e+00	-1.685161e+01
1.930000e-06	6.362256e-07	-1.054527e-10	3.421551e+00	-1.411635e+01
1.940000e-06	6.972220e-07	-8.263456e-11	3.749583e+00	-1.136767e+01
1.950000e-06	7.581484e-07	-5.842669e-11	4.077238e+00	-8.609040e+00
1.960000e-06	8.189520e-07	-3.568712e-11	4.404233e+00	-5.843918e+00
1.970000e-06	8.795848e-07	-1.406312e-11	4.730309e+00	-3.075753e+00
1.980000e-06	9.402253e-07	7.394422e-12	5.056427e+00	-3.079341e-01
1.990000e-06	1.000807e-06	2.900805e-11	5.382231e+00	2.456228e+00
2.000000e-06	1.061317e-06	5.149326e-11	5.707644e+00	5.213528e+00
2.010000e-06	1.121794e-06	7.348735e-11	6.032884e+00	7.960891e+00
2.020000e-06	1.182249e-06	9.490125e-11	6.358004e+00	1.069539e+01
2.030000e-06	1.242660e-06	1.160106e-10	6.682885e+00	1.341425e+01
2.040000e-06	1.303064e-06	1.366989e-10	7.007735e+00	1.611490e+01
2.050000e-06	1.363437e-06	1.574825e-10	7.332415e+00	1.879494e+01
2.060000e-06	1.423678e-06	1.781422e-10	7.656382e+00	2.145219e+01
2.070000e-06	1.483804e-06	1.993507e-10	7.979732e+00	2.408466e+01
2.080000e-06	1.543821e-06	2.200187e-10	8.302496e+00	2.669058e+01
2.090000e-06	1.603800e-06	2.392895e-10	8.625056e+00	2.926839e+01
2.100000e-06	1.663680e-06	2.586042e-10	8.947088e+00	3.181674e+01
2.110000e-06	1.723553e-06	2.775257e-10	9.269076e+00	3.433449e+01
2.120000e-06	1.783384e-06	2.966998e-10	9.590842e+00	3.682069e+01
2.130000e-06	1.843030e-06	3.166185e-10	9.911613e+00	3.927458e+01
2.140000e-06	1.902558e-06	3.351598e-10	1.023175e+01	4.169559e+01
2.150000e-06	1.962024e-06	3.533889e-10	1.055155e+01	4.408330e+01
2.160000e-06	2.021369e-06	3.726030e-10	1.087070e+01	4.643747e+01
2.170000e-06	2.080483e-06	3.913661e-10	1.118861e+01	4.875799e+01
2.180000e-06	2.139543e-06	4.094593e-10	1.150623e+01	5.104486e+01
2.190000e-06	2.198559e-06	4.276275e-10	1.182361e+01	5.329821e+01
2.200000e-06	2.257313e-06	4.454163e-10	1.213958e+01	5.551828e+01
2.210000e-06	2.315657e-06	4.626963e-10	1.245335e+01	5.770536e+01
2.220000e-06	2.373575e-06	4.795700e-10	1.276482e+01	5.985983e+01
2.230000e-06	2.431215e-06	4.960387e-10	1.307481e+01	6.198213e+01
2.240000e-06	2.488596e-06	5.129491e-10	1.338339e+01	6.407272e+01
2.250000e-06	2.545722e-06	5.303248e-10	1.369061e+01	6.613211e+01
2.260000e-06	2.602690e-06	5.468418e-10	1.399698e+01	6.816082e+01
2.270000e-06	2.659346e-06	5.622741e-10	1.430167e+01	7.015938e+01
2.280000e-06	2.715772e-06	5.765283e-10	1.460512e+01	7.212834e+01
2.290000e-06	2.771982e-06	5.900968e-10	1.490741e+01	7.406821e+01
2.300000e-06	2.827959e-06	6.054882e-10	1.520845e+01	7.597951e+01
2.310000e-06	2.883823e-06	6.219686e-10	1.550888e+01	7.786275e+01
2.320000e-06	2.939496e-06	6.383933e-10	1.580828e+01	7.971840e+01
2.330000e-06	2.995028e-06	6.551396e-10	1.610693e+01	8.154692e+01
2.340000e-06	3.050438e-06	6.708114e-10	1.640492e+01	8.334874e+01
2.350000e-06	3.105654e-06	6.844424e-10	1.670186e+01	8.512426e+01
2.360000e-06	3.160669e-06	6.960915e-10	1.699773e+01	8.687388e+01
2.370000e-06	3.215472e-06	7.066834e-10	1.729245e+01	8.859794e+01
2.380000e-06	3.270110e-06	7.184468e-10	1.758629e+01	9.029678e+01
2.390000e-06	3.324524e-06	7.328088e-10	1.787892e+01	9.197071e+01
2.400000e-06	3.378621e-06	7.482368e-10	1.816985e+01	9.362002e+01
2.410000e-06	3.432529e-06	7.630238e-10	1.845976e+01	9.524500e+01
2.420000e-06	3.486203e-06	7.773181e-10	1.874841e+01	9.684589e+01
2.430000e-06	3.539645e-06	7.906851e-10	1.903582e+01	9.842296e+01
2.440000e-06	3.592933e-06	8.039380e-10	1.932240e+01	9.997643e+01
2.450000e-06	3.645872e-06	8.171978e-10	1.960710e+01	1.015066e+02
2.460000e-06	3.698403e-06	8.289564e-10	1.988960e+01	1.030135e+02
2.470000e-06	3.750651e-06	8.399601e-10	2.017059e+01	1.044976e+02
2.480000e-06	3.802639e-06	8.509780e-10	2.045017e+01	1.059590e+02
2.490000e-06	3.854462e-06	8.626065e-10	2.072887e+01	1.073979e+02
2.500000e-06	3.906025e-06	8.750281e-10	2.100617e+01	1.088146e+02
2.510000e-06	3.957196e-06	8.866653e-10	2.128136e+01	1.102093e+02
2.520000e-06	4.008117e-06	8.975858e-10	2.155521e+01	1.115821e+02
2.530000e-06	4.058690e-06	9.086688e-10	2.182718e+01	1.129334e+02
2.540000e-06	4.108722e-06	9.198898e-10	2.209625e+01	1.142633e+02
2.550000e-06	4.158221e-06	9.310169e-10	2.236245e+01	1.155721e+02
2.560000e-06	4.207236e-06	9.404193e-10	2.262605e+01	1.168600e+02
2.570000e-06	4.255829e-06	9.488916e-10	2.288738e+01	1.181273e+02
2.580000e-06	4.304053e-06	9.586239e-10	2.314672e+01	1.193741e+02
2.590000e-06	4.351953e-06	9.692934e-10	2.340432e+01	1.206007e+02
2.600000e-06	4.399639e-06	9.796954e-10	2.366077e+01	1.218073e+02
2.610000e-06	4.447066e-06	9.889336e-10	2.391583e+01	1.229941e+02
2.620000e-06	4.494159e-06	9.970160e-10	2.416909e+01	1.241614e+02
2.630000e-06	4.540959e-06	1.005810e-09	2.442078e+01	1.253094e+02
2.640000e-06	4.587483e-06	1.015751e-09	2.467097e+01	1.264382e+02
2.650000e-06	4.633758e-06	1.024580e-09	2.491984e+01	1.275482e+02
2.660000e-06	4.679658e-06	1.031604e-09	2.516668e+01	1.286394e+02
2.670000e-06	4.725173e-06	1.038225e-09	2.541146e+01	1.297121e+02
2.680000e-06	4.770500e-06	1.046042e-09	2.565522e+01	1.307665e+02
2.690000e-06	4.815475e-06	1.054061e-09	2.589709e+01	1.318027e+02
2.700000e-06	4.860015e-06	1.061353e-09	2.613662e+01	1.328210e+02
2.710000e-06	4.904358e-06	1.069292e-09	2.637510e+01	1.338214e+02
2.720000e-06	4.948447e-06	1.078669e-09	2.661220e+01	1.348042e+02
2.730000e-06	4.992281e-06	1.088670e-09	2.684794e+01	1.357695e+02
2.740000e-06	5.036031e-06	1.098022e-09	2.708322e+01	1.367175e+02
2.750000e-06	5.079601e-06	1.105960e-09	2.731753e+01	1.376483e+02
2.760000e-06	5.122808e-06	1.112297e-09	2.754990e+01	1.385621e+02
2.770000e-06	5.165399e-06	1.118238e-09	2.777894e+01	1.394589e+02
2.780000e-06	5.207220e-06	1.126151e-09	2.800385e+01	1.403390e+02
2.790000e-06	5.248505e-06	1.135386e-09	2.822588e+01	1.412024e+02
2.800000e-06	5.289382e-06	1.143575e-09	2.844571e+01	1.420492e+02
2.810000e-06	5.329869e-06	1.151065e-09	2.866345e+01	1.428797e+02
2.820000e-06	5.369971e-06	1.158560e-09	2.887911e+01	1.436938e+02
2.830000e-06	5.409677e-06	1.166323e-09	2.909264e+01	1.444918e+02
2.840000e-06	5.449093e-06	1.174035e-09	2.930462e+01	1.452737e+02
2.850000e-06	5.488176e-06	1.179936e-09	2.951480e+01	1.460397e+02
2.860000e-06	5.526872e-06	1.184804e-09	2.972290e+01	1.467898e+02
2.870000e-06	5.565117e-06	1.190651e-09	2.992858e+01	1.475242e+02
2.880000e-06	5.602932e-06	1.197907e-09	3.013195e+01	1.482431e+02
2.890000e-06	5.640405e-06	1.205350e-09	3.033347e+01	1.489465e+02
2.900000e-06	5.677394e-06	1.211795e-09	3.053239e+01	1.496345e+02
2.910000e-06	5.713966e-06	1.218343e-09	3.072908e+01	1.503074e+02
2.920000e-06	5.750300e-06	1.226178e-09	3.092447e+01	1.509652e+02
2.930000e-06	5.786361e-06	1.234900e-09	3.111841e+01	1.516082e+02
2.940000e-06	5.822148e-06	1.242086e-09	3.131087e+01	1.522366e+02
2.950000e-06	5.857641e-06	1.246201e-09	3.150174e+01	1.528504e+02
2.960000e-06	5.892723e-06	1.250532e-09	3.169041e+01	1.534500e+02
2.970000e-06	5.927287e-06	1.257508e-09	3.187629e+01	1.540355e+02
2.980000e-06	5.961108e-06	1.264602e-09	3.205818e+01	1.546072e+02
2.990000e-06	5.994093e-06	1.270317e-09	3.223557e+01	1.551655e+02
3.000000e-06	6.026550e-06	1.275862e-09	3.241012e+01	1.557105e+02
3.010000e-06	6.058691e-06	1.281802e-09	3.258297e+01	1.562426e+02
3.020000e-06	6.090524e-06	1.288274e-09	3.275416e+01	1.567621e+02
3.030000e-06	6.122105e-06	1.295368e-09	3.292400e+01	1.572694e+02
3.040000e-06	6.153235e-06	1.301892e-09	3.309142e+01	1.577649e+02
3.050000e-06	6.183978e-06	1.307768e-09	3.325675e+01	1.582490e+02
3.060000e-06	6.214301e-06	1.313476e-09	3.341982e+01	1.587222e+02
3.070000e-06	6.243980e-06	1.317822e-09	3.357943e+01	1.591848e+02
3.080000e-06	6.273351e-06	1.321039e-09	3.373739e+01	1.596373e+02
3.090000e-06	6.302377e-06	1.324979e-09	3.389348e+01	1.600803e+02
3.100000e-06	6.330970e-06	1.330252e-09	3.404725e+01	1.605142e+02
3.110000e-06	6.359158e-06	1.335989e-09	3.419885e+01	1.609396e+02
3.120000e-06	6.387000e-06	1.340745e-09	3.434858e+01	1.613568e+02
3.130000e-06	6.414598e-06	1.344263e-09	3.449700e+01	1.617665e+02
3.140000e-06	6.441801e-06	1.347182e-09	3.464329e+01	1.621692e+02
3.150000e-06	6.468385e-06	1.351073e-09	3.478626e+01	1.625652e+02
3.160000e-06	6.494375e-06	1.355650e-09	3.492603e+01	1.629551e+02
3.170000e-06	6.519736e-06	1.359540e-09	3.506242e+01	1.633394e+02
3.180000e-06	6.544390e-06	1.363447e-09	3.519500e+01	1.637184e+02
3.190000e-06	6.568569e-06	1.366527e-09	3.532504e+01	1.640925e+02
3.200000e-06	6.592291e-06	1.368829e-09	3.545261e+01	1.644622e+02
3.210000e-06	6.615434e-06	1.371853e-09	3.557707e+01	1.648277e+02
3.220000e-06	6.638009e-06	1.375399e-09	3.569847e+01	1.651892e+02
3.230000e-06	6.660213e-06	1.379392e-09	3.581789e+01	1.655471e+02
3.240000e-06	6.682075e-06	1.383675e-09	3.593546e+01	1.659014e+02
3.250000e-06	6.703493e-06	1.387795e-09	3.605064e+01	1.662524e+02
3.260000e-06	6.724401e-06	1.392171e-09	3.616308e+01	1.666000e+02
3.270000e-06	6.744874e-06	1.396075e-09	3.627318e+01	1.669442e+02
3.280000e-06	6.765021e-06	1.398382e-09	3.638154e+01	1.672851e+02
3.290000e-06	6.784926e-06	1.401917e-09	3.648858e+01	1.676225e+02
3.300000e-06	6.804461e-06	1.406444e-09	3.659364e+01	1.679562e+02
3.310000e-06	6.823484e-06	1.409569e-09	3.669594e+01	1.682861e+02
3.320000e-06	6.841895e-06	1.412111e-09	3.679495e+01	1.686119e+02
3.330000e-06	6.859649e-06	1.414047e-09	3.689043e+01	1.689333e+02
3.340000e-06	6.876910e-06	1.416102e-09	3.698326e+01	1.692500e+02
3.350000e-06	6.893884e-06	1.418224e-09	3.707455e+01	1.695616e+02
3.360000e-06	6.910511e-06	1.420304e-09	3.716396e+01	1.698677e+02
3.370000e-06	6.926522e-06	1.423272e-09	3.725007e+01	1.701679e+02
3.380000e-06	6.941693e-06	1.426712e-09	3.733165e+01	1.704618e+02
3.390000e-06	6.956192e-06	1.430073e-09	3.740963e+01	1.707490e+02
3.400000e-06	6.970259e-06	1.433562e-09	3.748528e+01	1.710290e+02
3.410000e-06	6.983833e-06	1.437156e-09	3.755828e+01	1.713014e+02
3.420000e-06	6.996903e-06	1.440756e-09	3.762857e+01	1.715657e+02
3.430000e-06	7.009428e-06	1.443439e-09	3.769593e+01	1.718217e+02
3.440000e-06	7.021453e-06	1.444716e-09	3.776060e+01	1.720689e+02
3.450000e-06	7.033075e-06	1.446834e-09	3.782310e+01	1.723070e+02
3.460000e-06	7.044257e-06	1.450745e-09	3.788323e+01	1.725357e+02
3.470000e-06	7.054722e-06	1.454423e-09	3.793951e+01	1.727547e+02
3.480000e-06	7.064386e-06	1.457131e-09	3.799148e+01	1.729638e+02
3.490000e-06	7.073322e-06	1.459099e-09	3.803954e+01	1.731629e+02
3.500000e-06	7.081639e-06	1.460578e-09	3.808427e+01	1.733517e+02
3.510000e-06	7.089597e-06	1.462971e-09	3.812707e+01	1.735301e+02
3.520000e-06	7.097145e-06	1.466383e-09	3.816766e+01	1.736982e+02
3.530000e-06	7.104152e-06	1.469431e-09	3.820534e+01	1.738559e+02
3.540000e-06	7.110683e-06	1.471864e-09	3.824047e+01	1.740032e+02
3.550000e-06	7.116824e-06	1.474558e-09	3.827349e+01	1.741402e+02
3.560000e-06	7.122373e-06	1.477780e-09	3.830333e+01	1.742670e+02
3.570000e-06	7.127263e-06	1.480592e-09	3.832963e+01	1.743837e+02
3.580000e-06	7.131770e-06	1.483651e-09	3.835387e+01	1.744904e+02
3.590000e-06	7.135975e-06	1.486075e-09	3.837648e+01	1.745874e+02
3.600000e-06	7.139954e-06	1.487880e-09	3.839788e+01	1.746748e+02
3.610000e-06	7.143432e-06	1.490565e-09	3.841659e+01	1.747527e+02
3.620000e-06	7.146240e-06	1.492562e-09	3.843169e+01	1.748215e+02
3.630000e-06	7.148509e-06	1.493387e-09	3.844389e+01	1.748813e+02
3.640000e-06	7.150132e-06	1.493790e-09	3.845262e+01	1.749324e+02
3.650000e-06	7.151105e-06	1.494679e-09	3.845785e+01	1.749749e+02
3.660000e-06	7.151505e-06	1.497055e-09	3.846000e+01	1.750089e+02
3.670000e-06	7.151440e-06	1.499562e-09	3.845965e+01	1.750348e+02
3.680000e-06	7.150793e-06	1.501041e-09	3.845617e+01	1.750527e+02
3.690000e-06	7.149554e-06	1.501987e-09	3.844951e+01	1.750627e+02
3.700000e-06	7.148034e-06	1.503028e-09	3.844134e+01	1.750649e+02
3.710000e-06	7.146177e-06	1.503937e-09	3.843135e+01	1.750596e+02
3.720000e-06	7.143807e-06	1.504521e-09	3.841860e+01	1.750468e+02
3.730000e-06	7.140981e-06	1.505946e-09	3.840340e+01	1.750267e+02
3.740000e-06	7.137698e-06	1.504592e-09	3.838575e+01	1.749992e+02
3.750000e-06	7.133891e-06	1.503328e-09	3.836527e+01	1.749647e+02
3.760000e-06	7.129421e-06	1.515414e-09	3.834124e+01	1.749230e+02
3.770000e-06	7.124047e-06	1.528493e-09	3.831233e+01	1.748744e+02
3.780000e-06	7.117912e-06	1.514196e-09	3.827934e+01	1.748189e+02
3.790000e-06	7.111604e-06	1.487789e-09	3.824542e+01	1.747567e+02
3.800000e-06	7.105074e-06	1.490997e-09	3.821030e+01	1.746877e+02
3.810000e-06	7.097813e-06	1.524106e-09	3.817125e+01	1.746122e+02
3.820000e-06	7.089938e-06	1.523183e-09	3.812890e+01	1.745304e+02
3.830000e-06	7.081785e-06	1.487000e-09	3.808506e+01	1.744422e+02
3.840000e-06	7.073283e-06	1.494825e-09	3.803933e+01	1.743480e+02
3.850000e-06	7.064129e-06	1.534208e-09	3.799011e+01	1.742479e+02
3.860000e-06	7.054318e-06	1.523572e-09	3.793734e+01	1.741422e+02
3.870000e-06	7.044204e-06	1.473835e-09	3.788295e+01	1.740309e+02
3.880000e-06	7.033818e-06	1.477166e-09	3.782709e+01	1.739146e+02
3.890000e-06	7.022871e-06	1.527826e-09	3.776822e+01	1.737932e+02
3.900000e-06	7.011355e-06	1.530978e-09	3.770629e+01	1.736673e+02
3.910000e-06	6.999249e-06	1.489357e-09	3.764119e+01	1.735370e+02
3.920000e-06	6.986541e-06	1.491672e-09	3.757284e+01	1.734026e+02
3.930000e-06	6.973067e-06	1.524803e-09	3.750038e+01	1.732644e+02
3.940000e-06	6.958771e-06	1.513067e-09	3.742350e+01	1.731228e+02
3.950000e-06	6.943993e-06	1.484661e-09	3.734402e+01	1.729781e+02
3.960000e-06	6.928651e-06	1.500651e-09	3.726152e+01	1.728304e+02
3.970000e-06	6.912739e-06	1.521549e-09	3.717594e+01	1.726801e+02
3.980000e-06	6.896443e-06	1.500095e-09	3.708831e+01	1.725273e+02
3.990000e-06	6.879578e-06	1.486219e-09	3.699761e+01	1.723723e+02
4.000000e-06	6.862083e-06	1.507217e-09	3.690352e+01	1.722153e+02
4.010000e-06	6.844226e-06	1.506855e-09	3.680749e+01	1.720563e+02
4.020000e-06	6.825995e-06	1.482548e-09	3.670944e+01	1.718954e+02
4.030000e-06	6.807206e-06	1.492193e-09	3.660840e+01	1.717328e+02
4.040000e-06	6.787867e-06	1.516927e-09	3.650440e+01	1.715683e+02
4.050000e-06	6.768148e-06	1.499521e-09	3.639835e+01	1.714018e+02
4.060000e-06	6.748188e-06	1.474933e-09	3.629101e+01	1.712334e+02
4.070000e-06	6.727961e-06	1.492174e-09	3.618223e+01	1.710627e+02
4.080000e-06	6.707325e-06	1.501767e-09	3.607125e+01	1.708897e+02
4.090000e-06	6.686133e-06	1.480941e-09	3.595728e+01	1.707139e+02
4.100000e-06	6.664147e-06	1.482846e-09	3.583905e+01	1.705351e+02
4.110000e-06	6.641294e-06	1.501008e-09	3.571614e+01	1.703530e+02
4.120000e-06	6.617827e-06	1.487887e-09	3.558994e+01	1.701672e+02
4.130000e-06	6.593872e-06	1.474650e-09	3.546111e+01	1.699771e+02
4.140000e-06	6.569576e-06	1.490252e-09	3.533045e+01	1.697825e+02
4.150000e-06	6.544948e-06	1.489226e-09	3.519800e+01	1.695828e+02
4.160000e-06	6.519808e-06	1.471916e-09	3.506281e+01	1.693776e+02
4.170000e-06	6.494274e-06	1.481765e-09	3.492548e+01	1.691664e+02
4.180000e-06	6.468413e-06	1.488925e-09	3.478641e+01	1.689487e+02
4.190000e-06	6.442066e-06	1.472297e-09	3.464472e+01	1.687241e+02
4.200000e-06	6.415102e-06	1.475686e-09	3.449971e+01	1.684922e+02
4.210000e-06	6.387590e-06	1.485781e-09	3.435175e+01	1.682525e+02
4.220000e-06	6.359757e-06	1.470209e-09	3.420207e+01	1.680046e+02
4.230000e-06	6.331649e-06	1.469387e-09	3.405091e+01	1.677482e+02
4.240000e-06	6.303192e-06	1.485522e-09	3.389787e+01	1.674830e+02
4.250000e-06	6.274241e-06	1.472337e-09	3.374217e+01	1.672088e+02
4.260000e-06	6.244814e-06	1.460597e-09	3.358392e+01	1.669252e+02
4.270000e-06	6.214824e-06	1.474162e-09	3.342264e+01	1.666322e+02
4.280000e-06	6.184108e-06	1.468561e-09	3.325745e+01	1.663295e+02
4.290000e-06	6.152762e-06	1.455570e-09	3.308887e+01	1.660171e+02
4.300000e-06	6.120902e-06	1.466659e-09	3.291753e+01	1.656950e+02
4.310000e-06	6.088618e-06	1.465152e-09	3.274391e+01	1.653632e+02
4.320000e-06	6.055859e-06	1.449135e-09	3.256774e+01	1.650216e+02
4.330000e-06	6.022737e-06	1.455168e-09	3.238961e+01	1.646704e+02
4.340000e-06	5.989321e-06	1.459073e-09	3.220991e+01	1.643096e+02
4.350000e-06	5.955540e-06	1.445104e-09	3.202824e+01	1.639394e+02
4.360000e-06	5.921432e-06	1.445853e-09	3.184480e+01	1.635599e+02
4.370000e-06	5.886847e-06	1.450690e-09	3.165881e+01	1.631711e+02
4.380000e-06	5.851701e-06	1.440034e-09	3.146980e+01	1.627734e+02
4.390000e-06	5.816158e-06	1.437001e-09	3.127865e+01	1.623668e+02
4.400000e-06	5.780381e-06	1.439599e-09	3.108625e+01	1.619514e+02
4.410000e-06	5.744430e-06	1.432044e-09	3.089291e+01	1.615275e+02
4.420000e-06	5.708149e-06	1.429183e-09	3.069779e+01	1.610950e+02
4.430000e-06	5.671457e-06	1.431130e-09	3.050047e+01	1.606542e+02
4.440000e-06	5.634366e-06	1.425040e-09	3.030100e+01	1.602050e+02
4.450000e-06	5.596681e-06	1.419595e-09	3.009833e+01	1.597476e+02
4.460000e-06	5.558267e-06	1.418771e-09	2.989174e+01	1.592820e+02
4.470000e-06	5.519278e-06	1.414873e-09	2.968207e+01	1.588082e+02
4.480000e-06	5.479792e-06	1.410179e-09	2.946971e+01	1.583261e+02
4.490000e-06	5.439928e-06	1.407628e-09	2.925533e+01	1.578358e+02
4.500000e-06	5.399825e-06	1.403703e-09	2.903966e+01	1.573372e+02
4.510000e-06	5.359467e-06	1.400272e-09	2.882262e+01	1.568303e+02
4.520000e-06	5.318672e-06	1.397683e-09	2.860323e+01	1.563149e+02
4.530000e-06	5.277299e-06	1.393422e-09	2.838073e+01	1.557909e+02
4.540000e-06	5.235677e-06	1.388534e-09	2.815689e+01	1.552584e+02
4.550000e-06	5.193845e-06	1.383761e-09	2.793192e+01	1.547171e+02
4.560000e-06	5.151605e-06	1.380013e-09	2.770476e+01	1.541671e+02
4.570000e-06	5.109094e-06	1.377105e-09	2.747614e+01	1.536082e+02
4.580000e-06	5.066114e-06	1.372200e-09	2.724500e+01	1.530404e+02
4.590000e-06	5.022660e-06	1.365656e-09	2.701131e+01	1.524637e+02
4.600000e-06	4.978981e-06	1.360491e-09	2.677641e+01	1.518780e+02
4.610000e-06	4.935043e-06	1.358198e-09	2.654011e+01	1.512834e+02
4.620000e-06	4.890903e-06	1.356958e-09	2.630273e+01	1.506799e+02
4.630000e-06	4.846588e-06	1.352814e-09	2.606442e+01	1.500675e+02
4.640000e-06	4.802000e-06	1.345719e-09	2.582462e+01	1.494464e+02
4.650000e-06	4.756953e-06	1.338065e-09	2.558237e+01	1.488166e+02
4.660000e-06	4.711635e-06	1.330892e-09	2.533865e+01	1.481782e+02
4.670000e-06	4.665958e-06	1.324794e-09	2.509301e+01	1.475315e+02
4.680000e-06	4.619751e-06	1.318025e-09	2.484451e+01	1.468765e+02
4.690000e-06	4.573260e-06	1.311809e-09	2.459449e+01	1.462135e+02
4.700000e-06	4.526597e-06	1.308217e-09	2.434354e+01	1.455425e+02
4.710000e-06	4.479636e-06	1.305328e-09	2.409099e+01	1.448637e+02
4.720000e-06	4.432258e-06	1.300672e-09	2.383620e+01	1.441773e+02
4.730000e-06	4.384491e-06	1.292429e-09	2.357931e+01	1.434834e+02
4.740000e-06	4.336467e-06	1.283575e-09	2.332104e+01	1.427820e+02
4.750000e-06	4.288122e-06	1.278014e-09	2.306104e+01	1.420731e+02
4.760000e-06	4.239283e-06	1.273478e-09	2.279839e+01	1.413569e+02
4.770000e-06	4.190011e-06	1.267883e-09	2.253341e+01	1.406332e+02
4.780000e-06	4.140504e-06	1.262486e-09	2.226717e+01	1.399018e+02
4.790000e-06	4.090647e-06	1.257188e-09	2.199904e+01	1.391627e+02
4.800000e-06	4.040406e-06	1.251561e-09	2.172886e+01	1.384156e+02
4.810000e-06	3.989997e-06	1.246261e-09	2.145776e+01	1.376602e+02
4.820000e-06	3.939220e-06	1.240735e-09	2.118469e+01	1.368961e+02
4.830000e-06	3.888085e-06	1.233774e-09	2.090969e+01	1.361229e+02
4.840000e-06	3.836702e-06	1.226497e-09	2.063336e+01	1.353400e+02
4.850000e-06	3.785048e-06	1.220006e-09	2.035557e+01	1.345468e+02
4.860000e-06	3.733116e-06	1.213977e-09	2.007628e+01	1.337428e+02
4.870000e-06	3.680972e-06	1.207747e-09	1.979586e+01	1.329273e+02
4.880000e-06	3.628418e-06	1.200608e-09	1.951323e+01	1.320996e+02
4.890000e-06	3.575532e-06	1.193343e-09	1.922881e+01	1.312588e+02
4.900000e-06	3.522446e-06	1.186903e-09	1.894332e+01	1.304043e+02
4.910000e-06	3.468861e-06	1.180481e-09	1.865515e+01	1.295352e+02
4.920000e-06	3.414844e-06	1.172713e-09	1.836465e+01	1.286508e+02
4.930000e-06	3.360460e-06	1.164025e-09	1.807218e+01	1.277503e+02
4.940000e-06	3.305761e-06	1.155730e-09	1.777802e+01	1.268330e+02
4.950000e-06	3.250821e-06	1.147898e-09	1.748255e+01	1.258982e+02
4.960000e-06	3.195586e-06	1.139930e-09	1.718551e+01	1.249452e+02
4.970000e-06	3.140136e-06	1.131600e-09	1.688730e+01	1.239736e+02
4.980000e-06	3.084489e-06	1.123258e-09	1.658804e+01	1.229827e+02
4.990000e-06	3.028547e-06	1.114875e-09	1.628719e+01	1.219721e+02
5.000000e-06	2.972451e-06	1.105824e-09	1.598551e+01	1.209416e+02
5.010000e-06	2.916251e-06	1.095775e-09	1.568327e+01	1.198908e+02
5.020000e-06	2.859860e-06	1.085576e-09	1.538001e+01	1.188196e+02
5.030000e-06	2.803273e-06	1.076430e-09	1.507569e+01	1.177279e+02
5.040000e-06	2.746482e-06	1.068151e-09	1.477028e+01	1.166159e+02
5.050000e-06	2.689449e-06	1.059110e-09	1.446356e+01	1.154835e+02
5.060000e-06	2.632209e-06	1.049081e-09	1.415573e+01	1.143311e+02
5.070000e-06	2.574869e-06	1.037863e-09	1.384736e+01	1.131589e+02
5.080000e-06	2.517330e-06	1.026106e-09	1.353792e+01	1.119672e+02
5.090000e-06	2.459686e-06	1.014964e-09	1.322792e+01	1.107564e+02
5.100000e-06	2.401924e-06	1.003186e-09	1.291728e+01	1.095270e+02
5.110000e-06	2.343925e-06	9.910427e-10	1.260537e+01	1.082794e+02
5.120000e-06	2.285834e-06	9.792428e-10	1.229296e+01	1.070141e+02
5.130000e-06	2.227611e-06	9.676370e-10	1.197984e+01	1.057314e+02
5.140000e-06	2.169141e-06	9.563386e-10	1.166540e+01	1.044319e+02
5.150000e-06	2.110395e-06	9.448146e-10	1.134947e+01	1.031158e+02
5.160000e-06	2.051415e-06	9.328511e-10	1.103228e+01	1.017834e+02
5.170000e-06	1.992348e-06	9.204074e-10	1.071463e+01	1.004349e+02
5.180000e-06	1.933110e-06	9.079421e-10	1.039605e+01	9.907043e+01
5.190000e-06	1.873740e-06	8.958312e-10	1.007676e+01	9.768991e+01
5.200000e-06	1.814339e-06	8.831469e-10	9.757315e+00	9.629318e+01
5.210000e-06	1.754767e-06	8.694150e-10	9.436943e+00	9.487993e+01
5.220000e-06	1.695072e-06	8.559160e-10	9.115912e+00	9.344968e+01
5.230000e-06	1.635371e-06	8.427497e-10	8.794843e+00	9.200182e+01
5.240000e-06	1.575584e-06	8.281854e-10	8.473317e+00	9.053554e+01
5.250000e-06	1.515758e-06	8.136976e-10	8.151577e+00	8.904992e+01
5.260000e-06	1.455972e-06	8.002490e-10	7.830059e+00	8.754383e+01
5.270000e-06	1.396101e-06	7.864637e-10	7.508079e+00	8.601603e+01
5.280000e-06	1.336080e-06	7.720999e-10	7.185290e+00	8.446513e+01
5.290000e-06	1.275994e-06	7.566736e-10	6.862155e+00	8.288961e+01
5.300000e-06	1.215872e-06	7.403609e-10	6.538825e+00	8.128784e+01
5.310000e-06	1.155656e-06	7.245612e-10	6.214988e+00	7.965811e+01
5.320000e-06	1.095364e-06	7.094308e-10	5.890745e+00	7.799862e+01
5.330000e-06	1.035052e-06	6.948758e-10	5.566394e+00	7.630756e+01
5.340000e-06	9.747373e-07	6.812797e-10	5.242029e+00	7.458309e+01
5.350000e-06	9.142784e-07	6.665163e-10	4.916888e+00	7.282336e+01
5.360000e-06	8.536380e-07	6.492886e-10	4.590771e+00	7.102658e+01
5.370000e-06	7.929956e-07	6.315663e-10	4.264642e+00	6.919103e+01
5.380000e-06	7.323526e-07	6.142355e-10	3.938511e+00	6.731509e+01
5.390000e-06	6.716421e-07	5.964581e-10	3.612017e+00	6.539725e+01
5.400000e-06	6.108983e-07	5.780845e-10	3.285343e+00	6.343616e+01
5.410000e-06	5.501018e-07	5.599778e-10	2.958386e+00	6.143066e+01
5.420000e-06	4.892247e-07	5.419828e-10	2.630996e+00	5.937978e+01
5.430000e-06	4.283701e-07	5.235687e-10	2.303727e+00	5.728280e+01
5.440000e-06	3.675556e-07	5.043893e-10	1.976673e+00	5.513922e+01
5.450000e-06	3.066576e-07	4.842583e-10	1.649171e+00	5.294882e+01
5.460000e-06	2.457208e-07	4.636638e-10	1.321459e+00	5.071167e+01
5.470000e-06	1.848449e-07	4.432128e-10	9.940755e-01	4.842810e+01
5.480000e-06	1.239836e-07	4.227448e-10	6.667701e-01	4.609875e+01
5.490000e-06	6.312496e-08	4.018332e-10	3.394791e-01	4.372455e+01
5.500000e-06	2.359395e-09	3.802268e-10	1.268856e-02	4.130672e+01
5.510000e-06	-5.839095e-08	3.569965e-10	-3.140201e-01	3.884679e+01
5.520000e-06	-1.193111e-07	3.337430e-10	-6.416418e-01	3.634655e+01
5.530000e-06	-1.801800e-07	3.118554e-10	-9.689883e-01	3.380806e+01
5.540000e-06	-2.409567e-07	2.897946e-10	-1.295838e+00	3.123364e+01
5.550000e-06	-3.017659e-07	2.668255e-10	-1.622864e+00	2.862584e+01
5.560000e-06	-3.625559e-07	2.428521e-10	-1.949785e+00	2.598741e+01
5.570000e-06	-4.234158e-07	2.180046e-10	-2.277083e+00	2.332131e+01
5.580000e-06	-4.841676e-07	1.932060e-10	-2.603800e+00	2.063064e+01
5.590000e-06	-5.447469e-07	1.686717e-10	-2.929588e+00	1.791863e+01
5.600000e-06	-6.053464e-07	1.443038e-10	-3.255486e+00	1.518864e+01
5.610000e-06	-6.658960e-07	1.204823e-10	-3.581115e+00	1.244407e+01
5.620000e-06	-7.264979e-07	9.693916e-11	-3.907025e+00	9.688391e+00
5.630000e-06	-7.871654e-07	7.295331e-11	-4.233288e+00	6.925067e+00
5.640000e-06	-8.477179e-07	4.791770e-11	-4.558933e+00	4.157556e+00
5.650000e-06	-9.081613e-07	2.210493e-11	-4.883991e+00	1.389269e+00
5.660000e-06	-9.685513e-07	-3.157317e-12	-5.208762e+00	-1.376454e+00
5.670000e-06	-1.028894e-06	-2.717082e-11	-5.533280e+00	-4.136370e+00
5.680000e-06	-1.089180e-06	-5.026188e-11	-5.857487e+00	-6.887359e+00
5.690000e-06	-1.149408e-06	-7.406994e-11	-6.181387e+00	-9.626439e+00
5.700000e-06	-1.209510e-06	-9.867571e-11	-6.504610e+00	-1.235079e+01
5.710000e-06	-1.269671e-06	-1.227904e-10	-6.828151e+00	-1.505777e+01
5.720000e-06	-1.329801e-06	-1.462642e-10	-7.151522e+00	-1.774491e+01
5.730000e-06	-1.389845e-06	-1.688476e-10	-7.474433e+00	-2.040997e+01
5.740000e-06	-1.449864e-06	-1.917984e-10	-7.797208e+00	-2.305089e+01
5.750000e-06	-1.509682e-06	-2.160755e-10	-8.118902e+00	-2.566582e+01
5.760000e-06	-1.569403e-06	-2.408924e-10	-8.440075e+00	-2.825314e+01
5.770000e-06	-1.629089e-06	-2.659197e-10	-8.761058e+00	-3.081143e+01
5.780000e-06	-1.688698e-06	-2.902403e-10	-9.081631e+00	-3.333948e+01
5.790000e-06	-1.748176e-06	-3.143509e-10	-9.401495e+00	-3.583626e+01
5.800000e-06	-1.807606e-06	-3.385337e-10	-9.721104e+00	-3.830097e+01
5.810000e-06	-1.866943e-06	-3.608733e-10	-1.004021e+01	-4.073298e+01
5.820000e-06	-1.926167e-06	-3.818655e-10	-1.035871e+01	-4.313180e+01
5.830000e-06	-1.985290e-06	-4.039527e-10	-1.067667e+01	-4.549716e+01
5.840000e-06	-2.044222e-06	-4.274034e-10	-1.099360e+01	-4.782887e+01
5.850000e-06	-2.102875e-06	-4.501233e-10	-1.130903e+01	-5.012693e+01
5.860000e-06	-2.161305e-06	-4.708814e-10	-1.162326e+01	-5.239142e+01
5.870000e-06	-2.219619e-06	-4.914665e-10	-1.193687e+01	-5.462253e+01
5.880000e-06	-2.277781e-06	-5.123070e-10	-1.224965e+01	-5.682055e+01
5.890000e-06	-2.335776e-06	-5.325740e-10	-1.256154e+01	-5.898582e+01
5.900000e-06	-2.393582e-06	-5.529591e-10	-1.287242e+01	-6.111877e+01
5.910000e-06	-2.451144e-06	-5.731106e-10	-1.318198e+01	-6.321986e+01
5.920000e-06	-2.508445e-06	-5.925302e-10	-1.349014e+01	-6.528957e+01
5.930000e-06	-2.565656e-06	-6.122889e-10	-1.379781e+01	-6.732843e+01
5.940000e-06	-2.622812e-06	-6.333297e-10	-1.410519e+01	-6.933696e+01
5.950000e-06	-2.679771e-06	-6.538593e-10	-1.441151e+01	-7.131571e+01
5.960000e-06	-2.736472e-06	-6.724352e-10	-1.471644e+01	-7.326520e+01
5.970000e-06	-2.793012e-06	-6.902310e-10	-1.502051e+01	-7.518595e+01
5.980000e-06	-2.849399e-06	-7.076874e-10	-1.532375e+01	-7.707847e+01
5.990000e-06	-2.905671e-06	-7.245685e-10	-1.562638e+01	-7.894324e+01
6.000000e-06	-2.961841e-06	-7.408542e-10	-1.592845e+01	-8.078073e+01
6.010000e-06	-3.017795e-06	-7.562876e-10	-1.622937e+01	-8.259139e+01
6.020000e-06	-3.073582e-06	-7.719813e-10	-1.652938e+01	-8.437561e+01
6.030000e-06	-3.129207e-06	-7.886407e-10	-1.682853e+01	-8.613380e+01
6.040000e-06	-3.184582e-06	-8.054464e-10	-1.712633e+01	-8.786632e+01
6.050000e-06	-3.239681e-06	-8.212960e-10	-1.742264e+01	-8.957352e+01
6.060000e-06	-3.294451e-06	-8.358638e-10	-1.771719e+01	-9.125570e+01
6.070000e-06	-3.348836e-06	-8.499058e-10	-1.800967e+01	-9.291316e+01
6.080000e-06	-3.402824e-06	-8.651338e-10	-1.830001e+01	-9.454620e+01
6.090000e-06	-3.456389e-06	-8.821173e-10	-1.858808e+01	-9.615508e+01
6.100000e-06	-3.509551e-06	-8.982269e-10	-1.887397e+01	-9.774004e+01
6.110000e-06	-3.562415e-06	-9.117254e-10	-1.915828e+01	-9.930133e+01
6.120000e-06	-3.614966e-06	-9.244810e-10	-1.944089e+01	-1.008392e+02
6.130000e-06	-3.667197e-06	-9.377928e-10	-1.972178e+01	-1.023538e+02
6.140000e-06	-3.719327e-06	-9.518123e-10	-2.000213e+01	-1.038455e+02
6.150000e-06	-3.771262e-06	-9.662326e-10	-2.028143e+01	-1.053144e+02
6.160000e-06	-3.822832e-06	-9.796577e-10	-2.055877e+01	-1.067608e+02
6.170000e-06	-3.874076e-06	-9.924220e-10	-2.083435e+01	-1.081848e+02
6.180000e-06	-3.924929e-06	-1.005248e-09	-2.110783e+01	-1.095868e+02
6.190000e-06	-3.975485e-06	-1.017333e-09	-2.137972e+01	-1.109669e+02
6.200000e-06	-4.025888e-06	-1.027998e-09	-2.165078e+01	-1.123253e+02
6.210000e-06	-4.076001e-06	-1.037949e-09	-2.192028e+01	-1.136623e+02
6.220000e-06	-4.125646e-06	-1.048934e-09	-2.218727e+01	-1.149781e+02
6.230000e-06	-4.174724e-06	-1.061149e-09	-2.245121e+01	-1.162729e+02
6.240000e-06	-4.223327e-06	-1.073021e-09	-2.271258e+01	-1.175470e+02
6.250000e-06	-4.271615e-06	-1.084221e-09	-2.297227e+01	-1.188006e+02
6.260000e-06	-4.319570e-06	-1.095182e-09	-2.323017e+01	-1.200339e+02
6.270000e-06	-4.367051e-06	-1.105673e-09	-2.348552e+01	-1.212471e+02
6.280000e-06	-4.414151e-06	-1.116816e-09	-2.373882e+01	-1.224405e+02
6.290000e-06	-4.460987e-06	-1.128625e-09	-2.399069e+01	-1.236142e+02
6.300000e-06	-4.507523e-06	-1.139318e-09	-2.424096e+01	-1.247686e+02
6.310000e-06	-4.553873e-06	-1.149127e-09	-2.449023e+01	-1.259038e+02
6.320000e-06	-4.600004e-06	-1.158987e-09	-2.473831e+01	-1.270200e+02
6.330000e-06	-4.645801e-06	-1.168633e-09	-2.498460e+01	-1.281174e+02
6.340000e-06	-4.691122e-06	-1.178218e-09	-2.522834e+01	-1.291962e+02
6.350000e-06	-4.736068e-06	-1.187972e-09	-2.547005e+01	-1.302567e+02
6.360000e-06	-4.780813e-06	-1.197471e-09	-2.571068e+01	-1.312989e+02
6.370000e-06	-4.825364e-06	-1.206560e-09	-2.595027e+01	-1.323231e+02
6.380000e-06	-4.869696e-06	-1.215392e-09	-2.618869e+01	-1.333295e+02
6.390000e-06	-4.913820e-06	-1.224023e-09	-2.642598e+01	-1.343181e+02
6.400000e-06	-4.957621e-06	-1.231652e-09	-2.666154e+01	-1.352892e+02
6.410000e-06	-5.001064e-06	-1.239777e-09	-2.689517e+01	-1.362430e+02
6.420000e-06	-5.044206e-06	-1.249522e-09	-2.712718e+01	-1.371794e+02
6.430000e-06	-5.086983e-06	-1.258769e-09	-2.735723e+01	-1.380988e+02
6.440000e-06	-5.129387e-06	-1.265796e-09	-2.758527e+01	-1.390013e+02
6.450000e-06	-5.171460e-06	-1.272559e-09	-2.781154e+01	-1.398869e+02
6.460000e-06	-5.213191e-06	-1.281114e-09	-2.803597e+01	-1.407558e+02
6.470000e-06	-5.254460e-06	-1.289606e-09	-2.825790e+01	-1.416082e+02
6.480000e-06	-5.295337e-06	-1.296989e-09	-2.847774e+01	-1.424441e+02
6.490000e-06	-5.336008e-06	-1.304013e-09	-2.869646e+01	-1.432636e+02
6.500000e-06	-5.376474e-06	-1.310680e-09	-2.891408e+01	-1.440669e+02
6.510000e-06	-5.416687e-06	-1.317593e-09	-2.913034e+01	-1.448542e+02
6.520000e-06	-5.456570e-06	-1.324791e-09	-2.934483e+01	-1.456254e+02
6.530000e-06	-5.496024e-06	-1.330163e-09	-2.955701e+01	-1.463808e+02
6.540000e-06	-5.535061e-06	-1.334878e-09	-2.976694e+01	-1.471204e+02
6.550000e-06	-5.573502e-06	-1.342084e-09	-2.997368e+01	-1.478444e+02
6.560000e-06	-5.611248e-06	-1.351131e-09	-3.017667e+01	-1.485529e+02
6.570000e-06	-5.648342e-06	-1.358564e-09	-3.037616e+01	-1.492461e+02
6.580000e-06	-5.684918e-06	-1.363104e-09	-3.057286e+01	-1.499240e+02
6.590000e-06	-5.721245e-06	-1.366614e-09	-3.076822e+01	-1.505868e+02
6.600000e-06	-5.757392e-06	-1.370482e-09	-3.096262e+01	-1.512347e+02
6.610000e-06	-5.793132e-06	-1.375796e-09	-3.115482e+01	-1.518679e+02
6.620000e-06	-5.828357e-06	-1.381082e-09	-3.134426e+01	-1.524865e+02
6.630000e-06	-5.863252e-06	-1.384286e-09	-3.153192e+01	-1.530908e+02
6.640000e-06	-5.897810e-06	-1.387311e-09	-3.171777e+01	-1.536809e+02
6.650000e-06	-5.931915e-06	-1.391741e-09	-3.190118e+01	-1.542572e+02
6.660000e-06	-5.965566e-06	-1.396993e-09	-3.208215e+01	-1.548199e+02
6.670000e-06	-5.998748e-06	-1.401631e-09	-3.226060e+01	-1.553693e+02
6.680000e-06	-6.031525e-06	-1.405405e-09	-3.243687e+01	-1.559056e+02
6.690000e-06	-6.063985e-06	-1.409481e-09	-3.261144e+01	-1.564293e+02
6.700000e-06	-6.096156e-06	-1.413304e-09	-3.278445e+01	-1.569406e+02
6.710000e-06	-6.128023e-06	-1.416587e-09	-3.295583e+01	-1.574400e+02
6.720000e-06	-6.159334e-06	-1.419712e-09	-3.312422e+01	-1.579278e+02
6.730000e-06	-6.189951e-06	-1.422699e-09	-3.328887e+01	-1.584045e+02
6.740000e-06	-6.219958e-06	-1.426176e-09	-3.345024e+01	-1.588706e+02
6.750000e-06	-6.249437e-06	-1.430520e-09	-3.360878e+01	-1.593264e+02
6.760000e-06	-6.278353e-06	-1.434479e-09	-3.376429e+01	-1.597725e+02
6.770000e-06	-6.306813e-06	-1.437019e-09	-3.391734e+01	-1.602094e+02
6.780000e-06	-6.334991e-06	-1.438724e-09	-3.406888e+01	-1.606375e+02
6.790000e-06	-6.362849e-06	-1.440872e-09	-3.421870e+01	-1.610574e+02
6.800000e-06	-6.390196e-06	-1.443328e-09	-3.436576e+01	-1.614695e+02
6.810000e-06	-6.417093e-06	-1.445909e-09	-3.451042e+01	-1.618744e+02
6.820000e-06	-6.443678e-06	-1.447447e-09	-3.465339e+01	-1.622726e+02
6.830000e-06	-6.469750e-06	-1.448675e-09	-3.479360e+01	-1.626645e+02
6.840000e-06	-6.495283e-06	-1.451370e-09	-3.493091e+01	-1.630506e+02
6.850000e-06	-6.520326e-06	-1.454067e-09	-3.506559e+01	-1.634313e+02
6.860000e-06	-6.544992e-06	-1.456023e-09	-3.519824e+01	-1.638070e+02
6.870000e-06	-6.569349e-06	-1.457227e-09	-3.532923e+01	-1.641781e+02
6.880000e-06	-6.593381e-06	-1.459068e-09	-3.545847e+01	-1.645449e+02
6.890000e-06	-6.616964e-06	-1.462243e-09	-3.558530e+01	-1.649077e+02
6.900000e-06	-6.640109e-06	-1.464639e-09	-3.570977e+01	-1.652667e+02
6.910000e-06	-6.662684e-06	-1.465097e-09	-3.583118e+01	-1.656222e+02
6.920000e-06	-6.684391e-06	-1.464699e-09	-3.594792e+01	-1.659743e+02
6.930000e-06	-6.705404e-06	-1.465469e-09	-3.606092e+01	-1.663230e+02
6.940000e-06	-6.726001e-06	-1.468067e-09	-3.617169e+01	-1.666683e+02
6.950000e-06	-6.746255e-06	-1.470875e-09	-3.628061e+01	-1.670103e+02
6.960000e-06	-6.766058e-06	-1.473639e-09	-3.638711e+01	-1.673488e+02
6.970000e-06	-6.785454e-06	-1.475381e-09	-3.649142e+01	-1.676838e+02
6.980000e-06	-6.804477e-06	-1.475848e-09	-3.659372e+01	-1.680150e+02
6.990000e-06	-6.822991e-06	-1.477142e-09	-3.669329e+01	-1.683422e+02
7.000000e-06	-6.840946e-06	-1.478914e-09	-3.678985e+01	-1.686651e+02
7.010000e-06	-6.858377e-06	-1.480538e-09	-3.688359e+01	-1.689833e+02
7.020000e-06	-6.875310e-06	-1.482479e-09	-3.697466e+01	-1.692966e+02
7.030000e-06	-6.891912e-06	-1.484771e-09	-3.706394e+01	-1.696046e+02
7.040000e-06	-6.908230e-06	-1.487730e-09	-3.715170e+01	-1.699068e+02
7.050000e-06	-6.924220e-06	-1.490551e-09	-3.723769e+01	-1.702028e+02
7.060000e-06	-6.939739e-06	-1.493003e-09	-3.732115e+01	-1.704923e+02
7.070000e-06	-6.954521e-06	-1.494741e-09	-3.740064e+01	-1.707747e+02
7.080000e-06	-6.968393e-06	-1.495888e-09	-3.747524e+01	-1.710496e+02
7.090000e-06	-6.981461e-06	-1.498350e-09	-3.754552e+01	-1.713167e+02
7.100000e-06	-6.994095e-06	-1.501134e-09	-3.761347e+01	-1.715755e+02
7.110000e-06	-7.006222e-06	-1.502947e-09	-3.767869e+01	-1.718257e+02
7.120000e-06	-7.017718e-06	-1.504737e-09	-3.774051e+01	-1.720668e+02
7.130000e-06	-7.028652e-06	-1.506537e-09	-3.779931e+01	-1.722986e+02
7.140000e-06	-7.039040e-06	-1.507444e-09	-3.785518e+01	-1.725209e+02
7.150000e-06	-7.049004e-06	-1.507149e-09	-3.790876e+01	-1.727333e+02
7.160000e-06	-7.058612e-06	-1.507922e-09	-3.796043e+01	-1.729357e+02
7.170000e-06	-7.067671e-06	-1.510057e-09	-3.800915e+01	-1.731279e+02
7.180000e-06	-7.076116e-06	-1.511263e-09	-3.805457e+01	-1.733098e+02
7.190000e-06	-7.084226e-06	-1.511446e-09	-3.809818e+01	-1.734813e+02
7.200000e-06	-7.092069e-06	-1.511611e-09	-3.814036e+01	-1.736424e+02
7.210000e-06	-7.099467e-06	-1.512286e-09	-3.818015e+01	-1.737932e+02
7.220000e-06	-7.106253e-06	-1.512521e-09	-3.821664e+01	-1.739336e+02
7.230000e-06	-7.112311e-06	-1.512183e-09	-3.824922e+01	-1.740637e+02
7.240000e-06	-7.117560e-06	-1.511892e-09	-3.827745e+01	-1.741838e+02
7.250000e-06	-7.122155e-06	-1.512183e-09	-3.830216e+01	-1.742938e+02
7.260000e-06	-7.126451e-06	-1.512551e-09	-3.832526e+01	-1.743940e+02
7.270000e-06	-7.130536e-06	-1.512548e-09	-3.834723e+01	-1.744845e+02
7.280000e-06	-7.134107e-06	-1.513034e-09	-3.836644e+01	-1.745656e+02
7.290000e-06	-7.137116e-06	-1.513019e-09	-3.838262e+01	-1.746374e+02
7.300000e-06	-7.139680e-06	-1.513232e-09	-3.839641e+01	-1.747002e+02
7.310000e-06	-7.141664e-06	-1.514403e-09	-3.840708e+01	-1.747541e+02
7.320000e-06	-7.143039e-06	-1.514572e-09	-3.841447e+01	-1.747994e+02
7.330000e-06	-7.143939e-06	-1.513214e-09	-3.841931e+01	-1.748362e+02
7.340000e-06	-7.144518e-06	-1.510827e-09	-3.842243e+01	-1.748648e+02
