# Temperatura_=_20.0
# Concentracion g/m^3_=_7400.0
# C_Vs_to_Am_M_A/Vsm_=_116720831517.84952
# pendiente_HvsI_1/m_=_3716.3
# ordenada_HvsI_A/m_=_1297.0
# frecuencia_Hz_=_136118.66759609067

Tiempo_(s)	Campo_(V.s)	Magnetizacion_(V.s)	Campo_(kA/m)	Magnetizacion_(A/m)
0.000000e+00	-7.106692e-06	-1.258233e-09	-3.841411e+01	-1.454225e+02
1.000000e-08	-7.107065e-06	-1.256528e-09	-3.841613e+01	-1.454049e+02
2.000000e-08	-7.107018e-06	-1.256494e-09	-3.841587e+01	-1.453802e+02
3.000000e-08	-7.106504e-06	-1.257068e-09	-3.841309e+01	-1.453484e+02
4.000000e-08	-7.105294e-06	-1.257245e-09	-3.840655e+01	-1.453096e+02
5.000000e-08	-7.103484e-06	-1.256294e-09	-3.839677e+01	-1.452637e+02
6.000000e-08	-7.101109e-06	-1.253839e-09	-3.838393e+01	-1.452109e+02
7.000000e-08	-7.098018e-06	-1.250788e-09	-3.836723e+01	-1.451514e+02
8.000000e-08	-7.094355e-06	-1.246418e-09	-3.834743e+01	-1.450852e+02
9.000000e-08	-7.090152e-06	-1.249479e-09	-3.832471e+01	-1.450126e+02
1.000000e-07	-7.085310e-06	-1.261614e-09	-3.829853e+01	-1.449338e+02
1.100000e-07	-7.079871e-06	-1.251884e-09	-3.826913e+01	-1.448492e+02
1.200000e-07	-7.074142e-06	-1.219886e-09	-3.823816e+01	-1.447589e+02
1.300000e-07	-7.068171e-06	-1.236765e-09	-3.820589e+01	-1.446635e+02
1.400000e-07	-7.061666e-06	-1.283350e-09	-3.817073e+01	-1.445633e+02
1.500000e-07	-7.054567e-06	-1.256479e-09	-3.813236e+01	-1.444587e+02
1.600000e-07	-7.047127e-06	-1.192167e-09	-3.809214e+01	-1.443500e+02
1.700000e-07	-7.039313e-06	-1.223124e-09	-3.804990e+01	-1.442378e+02
1.800000e-07	-7.030970e-06	-1.296648e-09	-3.800481e+01	-1.441225e+02
1.900000e-07	-7.021860e-06	-1.246080e-09	-3.795557e+01	-1.440044e+02
2.000000e-07	-7.012275e-06	-1.161101e-09	-3.790376e+01	-1.438840e+02
2.100000e-07	-7.002273e-06	-1.220743e-09	-3.784969e+01	-1.437616e+02
2.200000e-07	-6.991526e-06	-1.300883e-09	-3.779160e+01	-1.436377e+02
2.300000e-07	-6.980153e-06	-1.228456e-09	-3.773012e+01	-1.435124e+02
2.400000e-07	-6.968172e-06	-1.159749e-09	-3.766536e+01	-1.433860e+02
2.500000e-07	-6.955546e-06	-1.235156e-09	-3.759711e+01	-1.432588e+02
2.600000e-07	-6.942334e-06	-1.274869e-09	-3.752570e+01	-1.431308e+02
2.700000e-07	-6.928720e-06	-1.191739e-09	-3.745211e+01	-1.430022e+02
2.800000e-07	-6.914484e-06	-1.178364e-09	-3.737516e+01	-1.428728e+02
2.900000e-07	-6.899433e-06	-1.250377e-09	-3.729381e+01	-1.427426e+02
3.000000e-07	-6.883708e-06	-1.225566e-09	-3.720881e+01	-1.426115e+02
3.100000e-07	-6.867439e-06	-1.170051e-09	-3.712086e+01	-1.424793e+02
3.200000e-07	-6.850592e-06	-1.224552e-09	-3.702980e+01	-1.423456e+02
3.300000e-07	-6.833250e-06	-1.246569e-09	-3.693606e+01	-1.422100e+02
3.400000e-07	-6.815527e-06	-1.166554e-09	-3.684026e+01	-1.420723e+02
3.500000e-07	-6.797409e-06	-1.176451e-09	-3.674233e+01	-1.419318e+02
3.600000e-07	-6.778808e-06	-1.255682e-09	-3.664178e+01	-1.417881e+02
3.700000e-07	-6.759734e-06	-1.206981e-09	-3.653868e+01	-1.416407e+02
3.800000e-07	-6.740287e-06	-1.140703e-09	-3.643356e+01	-1.414889e+02
3.900000e-07	-6.720456e-06	-1.208835e-09	-3.632637e+01	-1.413322e+02
4.000000e-07	-6.700151e-06	-1.237316e-09	-3.621662e+01	-1.411699e+02
4.100000e-07	-6.679353e-06	-1.161292e-09	-3.610420e+01	-1.410015e+02
4.200000e-07	-6.658128e-06	-1.168388e-09	-3.598946e+01	-1.408264e+02
4.300000e-07	-6.636556e-06	-1.225141e-09	-3.587286e+01	-1.406441e+02
4.400000e-07	-6.614482e-06	-1.183503e-09	-3.575355e+01	-1.404541e+02
4.500000e-07	-6.591748e-06	-1.154263e-09	-3.563066e+01	-1.402558e+02
4.600000e-07	-6.568641e-06	-1.202452e-09	-3.550576e+01	-1.400490e+02
4.700000e-07	-6.545342e-06	-1.190618e-09	-3.537982e+01	-1.398331e+02
4.800000e-07	-6.521661e-06	-1.145011e-09	-3.525182e+01	-1.396081e+02
4.900000e-07	-6.497472e-06	-1.177012e-09	-3.512107e+01	-1.393737e+02
5.000000e-07	-6.472665e-06	-1.194466e-09	-3.498698e+01	-1.391297e+02
5.100000e-07	-6.447185e-06	-1.150788e-09	-3.484925e+01	-1.388761e+02
5.200000e-07	-6.421113e-06	-1.152380e-09	-3.470832e+01	-1.386129e+02
5.300000e-07	-6.394483e-06	-1.179792e-09	-3.456438e+01	-1.383403e+02
5.400000e-07	-6.367319e-06	-1.156002e-09	-3.441755e+01	-1.380584e+02
5.500000e-07	-6.339656e-06	-1.140154e-09	-3.426802e+01	-1.377674e+02
5.600000e-07	-6.311666e-06	-1.159868e-09	-3.411672e+01	-1.374677e+02
5.700000e-07	-6.283339e-06	-1.153362e-09	-3.396361e+01	-1.371596e+02
5.800000e-07	-6.254565e-06	-1.136820e-09	-3.380807e+01	-1.368435e+02
5.900000e-07	-6.225425e-06	-1.145595e-09	-3.365056e+01	-1.365198e+02
6.000000e-07	-6.195925e-06	-1.144807e-09	-3.349110e+01	-1.361889e+02
6.100000e-07	-6.165972e-06	-1.130341e-09	-3.332920e+01	-1.358514e+02
6.200000e-07	-6.135575e-06	-1.129784e-09	-3.316489e+01	-1.355076e+02
6.300000e-07	-6.104728e-06	-1.130690e-09	-3.299815e+01	-1.351579e+02
6.400000e-07	-6.073473e-06	-1.124397e-09	-3.282921e+01	-1.348029e+02
6.500000e-07	-6.041883e-06	-1.121953e-09	-3.265845e+01	-1.344430e+02
6.600000e-07	-6.009966e-06	-1.120398e-09	-3.248593e+01	-1.340783e+02
6.700000e-07	-5.977611e-06	-1.115763e-09	-3.231104e+01	-1.337093e+02
6.800000e-07	-5.944646e-06	-1.111366e-09	-3.213285e+01	-1.333362e+02
6.900000e-07	-5.911045e-06	-1.105817e-09	-3.195123e+01	-1.329591e+02
7.000000e-07	-5.876808e-06	-1.101481e-09	-3.176616e+01	-1.325782e+02
7.100000e-07	-5.842024e-06	-1.098584e-09	-3.157815e+01	-1.321935e+02
7.200000e-07	-5.806826e-06	-1.093029e-09	-3.138789e+01	-1.318049e+02
7.300000e-07	-5.771298e-06	-1.088811e-09	-3.119585e+01	-1.314124e+02
7.400000e-07	-5.735522e-06	-1.087556e-09	-3.100246e+01	-1.310157e+02
7.500000e-07	-5.699445e-06	-1.082187e-09	-3.080746e+01	-1.306147e+02
7.600000e-07	-5.662963e-06	-1.075515e-09	-3.061026e+01	-1.302090e+02
7.700000e-07	-5.626067e-06	-1.073260e-09	-3.041082e+01	-1.297983e+02
7.800000e-07	-5.588749e-06	-1.070435e-09	-3.020911e+01	-1.293821e+02
7.900000e-07	-5.550958e-06	-1.064700e-09	-3.000483e+01	-1.289600e+02
8.000000e-07	-5.512677e-06	-1.059454e-09	-2.979791e+01	-1.285315e+02
8.100000e-07	-5.474059e-06	-1.053563e-09	-2.958917e+01	-1.280961e+02
8.200000e-07	-5.435176e-06	-1.047960e-09	-2.937899e+01	-1.276533e+02
8.300000e-07	-5.395947e-06	-1.044681e-09	-2.916695e+01	-1.272026e+02
8.400000e-07	-5.356455e-06	-1.041272e-09	-2.895348e+01	-1.267434e+02
8.500000e-07	-5.316676e-06	-1.036568e-09	-2.873846e+01	-1.262753e+02
8.600000e-07	-5.276435e-06	-1.031411e-09	-2.852094e+01	-1.257979e+02
8.700000e-07	-5.235780e-06	-1.026114e-09	-2.830119e+01	-1.253105e+02
8.800000e-07	-5.194961e-06	-1.020725e-09	-2.808055e+01	-1.248130e+02
8.900000e-07	-5.153635e-06	-1.014313e-09	-2.785717e+01	-1.243048e+02
9.000000e-07	-5.111525e-06	-1.005958e-09	-2.762955e+01	-1.237857e+02
9.100000e-07	-5.068883e-06	-9.990925e-10	-2.739905e+01	-1.232555e+02
9.200000e-07	-5.025756e-06	-9.949606e-10	-2.716593e+01	-1.227140e+02
9.300000e-07	-4.982283e-06	-9.907676e-10	-2.693095e+01	-1.221610e+02
9.400000e-07	-4.938530e-06	-9.848221e-10	-2.669445e+01	-1.215964e+02
9.500000e-07	-4.894391e-06	-9.779382e-10	-2.645586e+01	-1.210202e+02
9.600000e-07	-4.850026e-06	-9.716166e-10	-2.621605e+01	-1.204325e+02
9.700000e-07	-4.805438e-06	-9.669689e-10	-2.597504e+01	-1.198332e+02
9.800000e-07	-4.760555e-06	-9.624742e-10	-2.573243e+01	-1.192225e+02
9.900000e-07	-4.715341e-06	-9.566119e-10	-2.548804e+01	-1.186005e+02
1.000000e-06	-4.669713e-06	-9.503964e-10	-2.524140e+01	-1.179673e+02
1.010000e-06	-4.623770e-06	-9.453938e-10	-2.499306e+01	-1.173231e+02
1.020000e-06	-4.577551e-06	-9.409471e-10	-2.474323e+01	-1.166682e+02
1.030000e-06	-4.530946e-06	-9.354853e-10	-2.449132e+01	-1.160025e+02
1.040000e-06	-4.483964e-06	-9.290461e-10	-2.423737e+01	-1.153263e+02
1.050000e-06	-4.436768e-06	-9.240490e-10	-2.398225e+01	-1.146398e+02
1.060000e-06	-4.389339e-06	-9.205077e-10	-2.372588e+01	-1.139431e+02
1.070000e-06	-4.341589e-06	-9.161190e-10	-2.346778e+01	-1.132362e+02
1.080000e-06	-4.293559e-06	-9.096680e-10	-2.320816e+01	-1.125191e+02
1.090000e-06	-4.245217e-06	-9.013604e-10	-2.294686e+01	-1.117920e+02
1.100000e-06	-4.196631e-06	-8.929995e-10	-2.268423e+01	-1.110548e+02
1.110000e-06	-4.147723e-06	-8.862810e-10	-2.241987e+01	-1.103074e+02
1.120000e-06	-4.098203e-06	-8.807961e-10	-2.215219e+01	-1.095497e+02
1.130000e-06	-4.048200e-06	-8.749510e-10	-2.188191e+01	-1.087815e+02
1.140000e-06	-3.997738e-06	-8.685050e-10	-2.160915e+01	-1.080026e+02
1.150000e-06	-3.946919e-06	-8.626298e-10	-2.133445e+01	-1.072128e+02
1.160000e-06	-3.895903e-06	-8.569243e-10	-2.105869e+01	-1.064118e+02
1.170000e-06	-3.844491e-06	-8.497418e-10	-2.078079e+01	-1.055993e+02
1.180000e-06	-3.792656e-06	-8.420753e-10	-2.050061e+01	-1.047750e+02
1.190000e-06	-3.740548e-06	-8.349209e-10	-2.021894e+01	-1.039386e+02
1.200000e-06	-3.688165e-06	-8.284513e-10	-1.993580e+01	-1.030896e+02
1.210000e-06	-3.635544e-06	-8.223304e-10	-1.965136e+01	-1.022279e+02
1.220000e-06	-3.582779e-06	-8.151985e-10	-1.936615e+01	-1.013530e+02
1.230000e-06	-3.529725e-06	-8.061734e-10	-1.907937e+01	-1.004646e+02
1.240000e-06	-3.476263e-06	-7.967401e-10	-1.879040e+01	-9.956250e+01
1.250000e-06	-3.422493e-06	-7.891280e-10	-1.849975e+01	-9.864642e+01
1.260000e-06	-3.368542e-06	-7.832075e-10	-1.820812e+01	-9.771616e+01
1.270000e-06	-3.314447e-06	-7.756310e-10	-1.791572e+01	-9.677156e+01
1.280000e-06	-3.260150e-06	-7.662226e-10	-1.762223e+01	-9.581253e+01
1.290000e-06	-3.205630e-06	-7.576374e-10	-1.732753e+01	-9.483902e+01
1.300000e-06	-3.150837e-06	-7.500779e-10	-1.703135e+01	-9.385105e+01
1.310000e-06	-3.095823e-06	-7.417038e-10	-1.673399e+01	-9.284868e+01
1.320000e-06	-3.040717e-06	-7.325266e-10	-1.643612e+01	-9.183205e+01
1.330000e-06	-2.985416e-06	-7.237494e-10	-1.613720e+01	-9.080134e+01
1.340000e-06	-2.929887e-06	-7.147025e-10	-1.583705e+01	-8.975680e+01
1.350000e-06	-2.874225e-06	-7.055755e-10	-1.553617e+01	-8.869872e+01
1.360000e-06	-2.818446e-06	-6.966384e-10	-1.523467e+01	-8.762742e+01
1.370000e-06	-2.762482e-06	-6.875056e-10	-1.493216e+01	-8.654327e+01
1.380000e-06	-2.706392e-06	-6.784972e-10	-1.462898e+01	-8.544666e+01
1.390000e-06	-2.650217e-06	-6.694196e-10	-1.432533e+01	-8.433800e+01
1.400000e-06	-2.593906e-06	-6.605441e-10	-1.402095e+01	-8.321770e+01
1.410000e-06	-2.537281e-06	-6.506850e-10	-1.371488e+01	-8.208616e+01
1.420000e-06	-2.480290e-06	-6.395009e-10	-1.340682e+01	-8.094379e+01
1.430000e-06	-2.423018e-06	-6.289945e-10	-1.309724e+01	-7.979094e+01
1.440000e-06	-2.365527e-06	-6.191919e-10	-1.278649e+01	-7.862795e+01
1.450000e-06	-2.307839e-06	-6.093168e-10	-1.247466e+01	-7.745510e+01
1.460000e-06	-2.249756e-06	-5.990207e-10	-1.216070e+01	-7.627262e+01
1.470000e-06	-2.191308e-06	-5.886469e-10	-1.184477e+01	-7.508067e+01
1.480000e-06	-2.132741e-06	-5.784868e-10	-1.152820e+01	-7.387935e+01
1.490000e-06	-2.074044e-06	-5.682399e-10	-1.121092e+01	-7.266865e+01
1.500000e-06	-2.015106e-06	-5.580326e-10	-1.089234e+01	-7.144851e+01
1.510000e-06	-1.955992e-06	-5.475211e-10	-1.057281e+01	-7.021877e+01
1.520000e-06	-1.896730e-06	-5.366562e-10	-1.025248e+01	-6.897918e+01
1.530000e-06	-1.837378e-06	-5.273848e-10	-9.931656e+00	-6.772939e+01
1.540000e-06	-1.777876e-06	-5.179431e-10	-9.610032e+00	-6.646898e+01
1.550000e-06	-1.718260e-06	-5.065262e-10	-9.287783e+00	-6.519744e+01
1.560000e-06	-1.658611e-06	-4.944166e-10	-8.965364e+00	-6.391417e+01
1.570000e-06	-1.598867e-06	-4.826950e-10	-8.642427e+00	-6.261851e+01
1.580000e-06	-1.539079e-06	-4.724338e-10	-8.319250e+00	-6.130971e+01
1.590000e-06	-1.479226e-06	-4.623695e-10	-7.995722e+00	-5.998700e+01
1.600000e-06	-1.419332e-06	-4.513785e-10	-7.671976e+00	-5.864952e+01
1.610000e-06	-1.359412e-06	-4.398693e-10	-7.348088e+00	-5.729641e+01
1.620000e-06	-1.299385e-06	-4.280809e-10	-7.023623e+00	-5.592676e+01
1.630000e-06	-1.239281e-06	-4.171419e-10	-6.698739e+00	-5.453966e+01
1.640000e-06	-1.179027e-06	-4.062275e-10	-6.373048e+00	-5.313422e+01
1.650000e-06	-1.118745e-06	-3.944105e-10	-6.047201e+00	-5.170952e+01
1.660000e-06	-1.058424e-06	-3.829605e-10	-5.721146e+00	-5.026471e+01
1.670000e-06	-9.979384e-07	-3.718039e-10	-5.394200e+00	-4.879897e+01
1.680000e-06	-9.374963e-07	-3.601467e-10	-5.067489e+00	-4.731152e+01
1.690000e-06	-8.771229e-07	-3.472025e-10	-4.741150e+00	-4.580165e+01
1.700000e-06	-8.166680e-07	-3.340147e-10	-4.414371e+00	-4.426875e+01
1.710000e-06	-7.560319e-07	-3.223540e-10	-4.086612e+00	-4.271227e+01
1.720000e-06	-6.952972e-07	-3.113437e-10	-3.758320e+00	-4.113176e+01
1.730000e-06	-6.345213e-07	-2.996728e-10	-3.429806e+00	-3.952690e+01
1.740000e-06	-5.736694e-07	-2.875544e-10	-3.100880e+00	-3.789745e+01
1.750000e-06	-5.128288e-07	-2.742017e-10	-2.772015e+00	-3.624330e+01
1.760000e-06	-4.519804e-07	-2.597945e-10	-2.443109e+00	-3.456446e+01
1.770000e-06	-3.910720e-07	-2.457523e-10	-2.113878e+00	-3.286107e+01
1.780000e-06	-3.302066e-07	-2.320456e-10	-1.784880e+00	-3.113338e+01
1.790000e-06	-2.693540e-07	-2.186749e-10	-1.455951e+00	-2.938178e+01
1.800000e-06	-2.084995e-07	-2.050154e-10	-1.127011e+00	-2.760678e+01
1.810000e-06	-1.477409e-07	-1.904236e-10	-7.985904e-01	-2.580900e+01
1.820000e-06	-8.692324e-08	-1.755889e-10	-4.698500e-01	-2.398918e+01
1.830000e-06	-2.604485e-08	-1.603057e-10	-1.407813e-01	-2.214819e+01
1.840000e-06	3.480886e-08	-1.446406e-10	1.881538e-01	-2.028698e+01
1.850000e-06	9.569840e-08	-1.297050e-10	5.172827e-01	-1.840663e+01
1.860000e-06	1.566480e-07	-1.154354e-10	8.467363e-01	-1.650827e+01
1.870000e-06	2.176226e-07	-1.009859e-10	1.176325e+00	-1.459315e+01
1.880000e-06	2.785256e-07	-8.606678e-11	1.505527e+00	-1.266260e+01
1.890000e-06	3.393425e-07	-6.997498e-11	1.834263e+00	-1.071798e+01
1.900000e-06	4.001375e-07	-5.387830e-11	2.162880e+00	-8.760752e+00
1.910000e-06	4.610650e-07	-3.865194e-11	2.492215e+00	-6.792398e+00
1.920000e-06	5.219786e-07	-2.350359e-11	2.821474e+00	-4.814454e+00
1.930000e-06	5.827530e-07	-9.598710e-12	3.149980e+00	-2.828484e+00
1.940000e-06	6.434982e-07	3.839301e-12	3.478329e+00	-8.360774e-01
1.950000e-06	7.041578e-07	1.906196e-11	3.806214e+00	1.161164e+00
1.960000e-06	7.647226e-07	3.575947e-11	4.133588e+00	3.161630e+00
1.970000e-06	8.252573e-07	5.271548e-11	4.460799e+00	5.163714e+00
1.980000e-06	8.857448e-07	6.844724e-11	4.787755e+00	7.165818e+00
1.990000e-06	9.462366e-07	8.283526e-11	5.114734e+00	9.166360e+00
2.000000e-06	1.006634e-06	9.757313e-11	5.441205e+00	1.116378e+01
2.010000e-06	1.066912e-06	1.131478e-10	5.767027e+00	1.315655e+01
2.020000e-06	1.127115e-06	1.291748e-10	6.092443e+00	1.514318e+01
2.030000e-06	1.187236e-06	1.451269e-10	6.417420e+00	1.712221e+01
2.040000e-06	1.247355e-06	1.608328e-10	6.742383e+00	1.909225e+01
2.050000e-06	1.307434e-06	1.763790e-10	7.067130e+00	2.105192e+01
2.060000e-06	1.367438e-06	1.918922e-10	7.391472e+00	2.299994e+01
2.070000e-06	1.427363e-06	2.072284e-10	7.715389e+00	2.493507e+01
2.080000e-06	1.487239e-06	2.217720e-10	8.039036e+00	2.685612e+01
2.090000e-06	1.547033e-06	2.355843e-10	8.362245e+00	2.876199e+01
2.100000e-06	1.606802e-06	2.494804e-10	8.685316e+00	3.065163e+01
2.110000e-06	1.666543e-06	2.642084e-10	9.008238e+00	3.252407e+01
2.120000e-06	1.726148e-06	2.788945e-10	9.330420e+00	3.437842e+01
2.130000e-06	1.785648e-06	2.929253e-10	9.652041e+00	3.621386e+01
2.140000e-06	1.845110e-06	3.067269e-10	9.973453e+00	3.802962e+01
2.150000e-06	1.904533e-06	3.197082e-10	1.029466e+01	3.982506e+01
2.160000e-06	1.963816e-06	3.330877e-10	1.061510e+01	4.159958e+01
2.170000e-06	2.022942e-06	3.476441e-10	1.093469e+01	4.335266e+01
2.180000e-06	2.081963e-06	3.620280e-10	1.125372e+01	4.508387e+01
2.190000e-06	2.140687e-06	3.757223e-10	1.157115e+01	4.679285e+01
2.200000e-06	2.198940e-06	3.892440e-10	1.188602e+01	4.847931e+01
2.210000e-06	2.257006e-06	4.030310e-10	1.219989e+01	5.014306e+01
2.220000e-06	2.314969e-06	4.157038e-10	1.251320e+01	5.178394e+01
2.230000e-06	2.372586e-06	4.269870e-10	1.282464e+01	5.340190e+01
2.240000e-06	2.429768e-06	4.388495e-10	1.313373e+01	5.499692e+01
2.250000e-06	2.486524e-06	4.526076e-10	1.344052e+01	5.656907e+01
2.260000e-06	2.543016e-06	4.665671e-10	1.374587e+01	5.811845e+01
2.270000e-06	2.599325e-06	4.791572e-10	1.405024e+01	5.964525e+01
2.280000e-06	2.655456e-06	4.913449e-10	1.435365e+01	6.114968e+01
2.290000e-06	2.711418e-06	5.027651e-10	1.465614e+01	6.263200e+01
2.300000e-06	2.767270e-06	5.127053e-10	1.495805e+01	6.409251e+01
2.310000e-06	2.823015e-06	5.224400e-10	1.525937e+01	6.553156e+01
2.320000e-06	2.878603e-06	5.335350e-10	1.555984e+01	6.694951e+01
2.330000e-06	2.934078e-06	5.467467e-10	1.585970e+01	6.834674e+01
2.340000e-06	2.989425e-06	5.603564e-10	1.615887e+01	6.972366e+01
2.350000e-06	3.044707e-06	5.728130e-10	1.645768e+01	7.108068e+01
2.360000e-06	3.099787e-06	5.836191e-10	1.675541e+01	7.241823e+01
2.370000e-06	3.154623e-06	5.917502e-10	1.705182e+01	7.373675e+01
2.380000e-06	3.209173e-06	5.985951e-10	1.734668e+01	7.503664e+01
2.390000e-06	3.263417e-06	6.072144e-10	1.763989e+01	7.631832e+01
2.400000e-06	3.317432e-06	6.186245e-10	1.793186e+01	7.758222e+01
2.410000e-06	3.371275e-06	6.304802e-10	1.822290e+01	7.882871e+01
2.420000e-06	3.425041e-06	6.417750e-10	1.851352e+01	8.005817e+01
2.430000e-06	3.478620e-06	6.524800e-10	1.880314e+01	8.127096e+01
2.440000e-06	3.531862e-06	6.621551e-10	1.909093e+01	8.246742e+01
2.450000e-06	3.584812e-06	6.714996e-10	1.937714e+01	8.364787e+01
2.460000e-06	3.637484e-06	6.802249e-10	1.966185e+01	8.481259e+01
2.470000e-06	3.689827e-06	6.885073e-10	1.994478e+01	8.596186e+01
2.480000e-06	3.741913e-06	6.975451e-10	2.022632e+01	8.709592e+01
2.490000e-06	3.793708e-06	7.071730e-10	2.050629e+01	8.821500e+01
2.500000e-06	3.845177e-06	7.159203e-10	2.078450e+01	8.931931e+01
2.510000e-06	3.896337e-06	7.237850e-10	2.106104e+01	9.040903e+01
2.520000e-06	3.947104e-06	7.318585e-10	2.133545e+01	9.148433e+01
2.530000e-06	3.997357e-06	7.406265e-10	2.160709e+01	9.254537e+01
2.540000e-06	4.047199e-06	7.498392e-10	2.187650e+01	9.359229e+01
2.550000e-06	4.096740e-06	7.583190e-10	2.214429e+01	9.462521e+01
2.560000e-06	4.145882e-06	7.657487e-10	2.240991e+01	9.564426e+01
2.570000e-06	4.194533e-06	7.727638e-10	2.267289e+01	9.664955e+01
2.580000e-06	4.242790e-06	7.803344e-10	2.293373e+01	9.764119e+01
2.590000e-06	4.290681e-06	7.886626e-10	2.319260e+01	9.861929e+01
2.600000e-06	4.338362e-06	7.970504e-10	2.345034e+01	9.958394e+01
2.610000e-06	4.385911e-06	8.046619e-10	2.370735e+01	1.005353e+02
2.620000e-06	4.433189e-06	8.115927e-10	2.396291e+01	1.014733e+02
2.630000e-06	4.480191e-06	8.179537e-10	2.421697e+01	1.023983e+02
2.640000e-06	4.526928e-06	8.243961e-10	2.446960e+01	1.033102e+02
2.650000e-06	4.573289e-06	8.319449e-10	2.472020e+01	1.042092e+02
2.660000e-06	4.619197e-06	8.395632e-10	2.496834e+01	1.050955e+02
2.670000e-06	4.664705e-06	8.458065e-10	2.521433e+01	1.059690e+02
2.680000e-06	4.709922e-06	8.515634e-10	2.545875e+01	1.068299e+02
2.690000e-06	4.754918e-06	8.583064e-10	2.570197e+01	1.076784e+02
2.700000e-06	4.799658e-06	8.647636e-10	2.594380e+01	1.085144e+02
2.710000e-06	4.844074e-06	8.707684e-10	2.618388e+01	1.093383e+02
2.720000e-06	4.888221e-06	8.777085e-10	2.642251e+01	1.101500e+02
2.730000e-06	4.932188e-06	8.856079e-10	2.666017e+01	1.109496e+02
2.740000e-06	4.975943e-06	8.938130e-10	2.689668e+01	1.117372e+02
2.750000e-06	5.019478e-06	9.012365e-10	2.713200e+01	1.125130e+02
2.760000e-06	5.062607e-06	9.076254e-10	2.736513e+01	1.132769e+02
2.770000e-06	5.105084e-06	9.140803e-10	2.759473e+01	1.140292e+02
2.780000e-06	5.146972e-06	9.212601e-10	2.782115e+01	1.147697e+02
2.790000e-06	5.188253e-06	9.288384e-10	2.804429e+01	1.154987e+02
2.800000e-06	5.228911e-06	9.356035e-10	2.826406e+01	1.162161e+02
2.810000e-06	5.269173e-06	9.411937e-10	2.848169e+01	1.169220e+02
2.820000e-06	5.309182e-06	9.470246e-10	2.869795e+01	1.176165e+02
2.830000e-06	5.349013e-06	9.532748e-10	2.891325e+01	1.182995e+02
2.840000e-06	5.388591e-06	9.594581e-10	2.912719e+01	1.189712e+02
2.850000e-06	5.427736e-06	9.659840e-10	2.933878e+01	1.196315e+02
2.860000e-06	5.466523e-06	9.721289e-10	2.954844e+01	1.202806e+02
2.870000e-06	5.504988e-06	9.774646e-10	2.975635e+01	1.209185e+02
2.880000e-06	5.543032e-06	9.823130e-10	2.996199e+01	1.215453e+02
2.890000e-06	5.580633e-06	9.874207e-10	3.016524e+01	1.221611e+02
2.900000e-06	5.617764e-06	9.927453e-10	3.036594e+01	1.227659e+02
2.910000e-06	5.654473e-06	9.980915e-10	3.056437e+01	1.233600e+02
2.920000e-06	5.690867e-06	1.004308e-09	3.076109e+01	1.239433e+02
2.930000e-06	5.726917e-06	1.011072e-09	3.095595e+01	1.245162e+02
2.940000e-06	5.762638e-06	1.018440e-09	3.114904e+01	1.250788e+02
2.950000e-06	5.798159e-06	1.024619e-09	3.134104e+01	1.256313e+02
2.960000e-06	5.833466e-06	1.027907e-09	3.153189e+01	1.261739e+02
2.970000e-06	5.868329e-06	1.030942e-09	3.172033e+01	1.267070e+02
2.980000e-06	5.902552e-06	1.035876e-09	3.190532e+01	1.272307e+02
2.990000e-06	5.936044e-06	1.041112e-09	3.208636e+01	1.277455e+02
3.000000e-06	5.968756e-06	1.045888e-09	3.226317e+01	1.282515e+02
3.010000e-06	6.000975e-06	1.051336e-09	3.243733e+01	1.287492e+02
3.020000e-06	6.032891e-06	1.057157e-09	3.260984e+01	1.292389e+02
3.030000e-06	6.064520e-06	1.063533e-09	3.278081e+01	1.297209e+02
3.040000e-06	6.095891e-06	1.069961e-09	3.295038e+01	1.301956e+02
3.050000e-06	6.126811e-06	1.075357e-09	3.311752e+01	1.306634e+02
3.060000e-06	6.157256e-06	1.080911e-09	3.328208e+01	1.311245e+02
3.070000e-06	6.187255e-06	1.086675e-09	3.344424e+01	1.315794e+02
3.080000e-06	6.216748e-06	1.090768e-09	3.360366e+01	1.320283e+02
3.090000e-06	6.245879e-06	1.093999e-09	3.376112e+01	1.324715e+02
3.100000e-06	6.274652e-06	1.098832e-09	3.391665e+01	1.329093e+02
3.110000e-06	6.303000e-06	1.104593e-09	3.406988e+01	1.333419e+02
3.120000e-06	6.331075e-06	1.109343e-09	3.422164e+01	1.337695e+02
3.130000e-06	6.358899e-06	1.111827e-09	3.437203e+01	1.341921e+02
3.140000e-06	6.386400e-06	1.114393e-09	3.452069e+01	1.346100e+02
3.150000e-06	6.413539e-06	1.118407e-09	3.466738e+01	1.350231e+02
3.160000e-06	6.440185e-06	1.123042e-09	3.481141e+01	1.354315e+02
3.170000e-06	6.466022e-06	1.127604e-09	3.495107e+01	1.358351e+02
3.180000e-06	6.490926e-06	1.130557e-09	3.508568e+01	1.362337e+02
3.190000e-06	6.515191e-06	1.133314e-09	3.521684e+01	1.366273e+02
3.200000e-06	6.538998e-06	1.136326e-09	3.534553e+01	1.370155e+02
3.210000e-06	6.562400e-06	1.139053e-09	3.547202e+01	1.373983e+02
3.220000e-06	6.585360e-06	1.142236e-09	3.559613e+01	1.377753e+02
3.230000e-06	6.607910e-06	1.146466e-09	3.571802e+01	1.381461e+02
3.240000e-06	6.630103e-06	1.150904e-09	3.583798e+01	1.385104e+02
3.250000e-06	6.651806e-06	1.154455e-09	3.595530e+01	1.388679e+02
3.260000e-06	6.673001e-06	1.157333e-09	3.606986e+01	1.392181e+02
3.270000e-06	6.693729e-06	1.160003e-09	3.618190e+01	1.395607e+02
3.280000e-06	6.714027e-06	1.162462e-09	3.629162e+01	1.398952e+02
3.290000e-06	6.733957e-06	1.165571e-09	3.639935e+01	1.402213e+02
3.300000e-06	6.753595e-06	1.169864e-09	3.650550e+01	1.405386e+02
3.310000e-06	6.772942e-06	1.173305e-09	3.661007e+01	1.408466e+02
3.320000e-06	6.791811e-06	1.175229e-09	3.671207e+01	1.411451e+02
3.330000e-06	6.810094e-06	1.177192e-09	3.681090e+01	1.414338e+02
3.340000e-06	6.827747e-06	1.178938e-09	3.690631e+01	1.417123e+02
3.350000e-06	6.844896e-06	1.181646e-09	3.699901e+01	1.419805e+02
3.360000e-06	6.861617e-06	1.186160e-09	3.708940e+01	1.422381e+02
3.370000e-06	6.877834e-06	1.189227e-09	3.717705e+01	1.424851e+02
3.380000e-06	6.893497e-06	1.191057e-09	3.726172e+01	1.427213e+02
3.390000e-06	6.908621e-06	1.194262e-09	3.734347e+01	1.429467e+02
3.400000e-06	6.923144e-06	1.198285e-09	3.742197e+01	1.431613e+02
3.410000e-06	6.936976e-06	1.201813e-09	3.749674e+01	1.433651e+02
3.420000e-06	6.950428e-06	1.204655e-09	3.756945e+01	1.435583e+02
3.430000e-06	6.963458e-06	1.207075e-09	3.763988e+01	1.437410e+02
3.440000e-06	6.975982e-06	1.208622e-09	3.770758e+01	1.439134e+02
3.450000e-06	6.988084e-06	1.209703e-09	3.777299e+01	1.440756e+02
3.460000e-06	6.999664e-06	1.212012e-09	3.783559e+01	1.442280e+02
3.470000e-06	7.010655e-06	1.214692e-09	3.789500e+01	1.443708e+02
3.480000e-06	7.020894e-06	1.216208e-09	3.795034e+01	1.445043e+02
3.490000e-06	7.030324e-06	1.217703e-09	3.800131e+01	1.446287e+02
3.500000e-06	7.039001e-06	1.219262e-09	3.804822e+01	1.447443e+02
3.510000e-06	7.047171e-06	1.221197e-09	3.809238e+01	1.448515e+02
3.520000e-06	7.055064e-06	1.224165e-09	3.813504e+01	1.449505e+02
3.530000e-06	7.062646e-06	1.226357e-09	3.817602e+01	1.450414e+02
3.540000e-06	7.069669e-06	1.227755e-09	3.821399e+01	1.451247e+02
3.550000e-06	7.076133e-06	1.229631e-09	3.824893e+01	1.452005e+02
3.560000e-06	7.082112e-06	1.231367e-09	3.828125e+01	1.452689e+02
3.570000e-06	7.087523e-06	1.233183e-09	3.831049e+01	1.453301e+02
3.580000e-06	7.092472e-06	1.234695e-09	3.833725e+01	1.453843e+02
3.590000e-06	7.096996e-06	1.235019e-09	3.836170e+01	1.454315e+02
3.600000e-06	7.101112e-06	1.236172e-09	3.838395e+01	1.454717e+02
3.610000e-06	7.104872e-06	1.238782e-09	3.840427e+01	1.455052e+02
3.620000e-06	7.108259e-06	1.241065e-09	3.842258e+01	1.455317e+02
3.630000e-06	7.111105e-06	1.241958e-09	3.843796e+01	1.455514e+02
3.640000e-06	7.113051e-06	1.241548e-09	3.844848e+01	1.455642e+02
3.650000e-06	7.114262e-06	1.241210e-09	3.845503e+01	1.455700e+02
3.660000e-06	7.115026e-06	1.242260e-09	3.845916e+01	1.455688e+02
3.670000e-06	7.115182e-06	1.243329e-09	3.846000e+01	1.455607e+02
3.680000e-06	7.114892e-06	1.243615e-09	3.845843e+01	1.455454e+02
3.690000e-06	7.114177e-06	1.244021e-09	3.845457e+01	1.455231e+02
3.700000e-06	7.112884e-06	1.244499e-09	3.844758e+01	1.454937e+02
3.710000e-06	7.111331e-06	1.245070e-09	3.843918e+01	1.454572e+02
3.720000e-06	7.109409e-06	1.245489e-09	3.842880e+01	1.454136e+02
3.730000e-06	7.106893e-06	1.245664e-09	3.841520e+01	1.453631e+02
3.740000e-06	7.103944e-06	1.247406e-09	3.839925e+01	1.453058e+02
3.750000e-06	7.100481e-06	1.248406e-09	3.838054e+01	1.452418e+02
3.760000e-06	7.096534e-06	1.234454e-09	3.835920e+01	1.451713e+02
3.770000e-06	7.091910e-06	1.220117e-09	3.833421e+01	1.450945e+02
3.780000e-06	7.086489e-06	1.257064e-09	3.830491e+01	1.450118e+02
3.790000e-06	7.080519e-06	1.279796e-09	3.827264e+01	1.449234e+02
3.800000e-06	7.074127e-06	1.218964e-09	3.823809e+01	1.448297e+02
3.810000e-06	7.067293e-06	1.186625e-09	3.820114e+01	1.447310e+02
3.820000e-06	7.059888e-06	1.253804e-09	3.816112e+01	1.446278e+02
3.830000e-06	7.052055e-06	1.292723e-09	3.811878e+01	1.445204e+02
3.840000e-06	7.043987e-06	1.210735e-09	3.807517e+01	1.444093e+02
3.850000e-06	7.035472e-06	1.163535e-09	3.802914e+01	1.442950e+02
3.860000e-06	7.026297e-06	1.265966e-09	3.797955e+01	1.441777e+02
3.870000e-06	7.016482e-06	1.317590e-09	3.792649e+01	1.440581e+02
3.880000e-06	7.006328e-06	1.197806e-09	3.787161e+01	1.439363e+02
3.890000e-06	6.995804e-06	1.151085e-09	3.781472e+01	1.438128e+02
3.900000e-06	6.984679e-06	1.285211e-09	3.775459e+01	1.436880e+02
3.910000e-06	6.973092e-06	1.315913e-09	3.769196e+01	1.435619e+02
3.920000e-06	6.961004e-06	1.172260e-09	3.762661e+01	1.434350e+02
3.930000e-06	6.948123e-06	1.165573e-09	3.755699e+01	1.433072e+02
3.940000e-06	6.934429e-06	1.303938e-09	3.748297e+01	1.431788e+02
3.950000e-06	6.920173e-06	1.270241e-09	3.740591e+01	1.430496e+02
3.960000e-06	6.905283e-06	1.141429e-09	3.732543e+01	1.429197e+02
3.970000e-06	6.889748e-06	1.212245e-09	3.724145e+01	1.427890e+02
3.980000e-06	6.873794e-06	1.309322e-09	3.715522e+01	1.426571e+02
3.990000e-06	6.857484e-06	1.201142e-09	3.706705e+01	1.425239e+02
4.000000e-06	6.840668e-06	1.151843e-09	3.697616e+01	1.423890e+02
4.010000e-06	6.823297e-06	1.283040e-09	3.688226e+01	1.422520e+02
4.020000e-06	6.805483e-06	1.275544e-09	3.678597e+01	1.421125e+02
4.030000e-06	6.787144e-06	1.146982e-09	3.668684e+01	1.419700e+02
4.040000e-06	6.768273e-06	1.211672e-09	3.658484e+01	1.418238e+02
4.050000e-06	6.749054e-06	1.310635e-09	3.648095e+01	1.416735e+02
4.060000e-06	6.729439e-06	1.202657e-09	3.637493e+01	1.415185e+02
4.070000e-06	6.709555e-06	1.154650e-09	3.626745e+01	1.413581e+02
4.080000e-06	6.689350e-06	1.273239e-09	3.615823e+01	1.411918e+02
4.090000e-06	6.668701e-06	1.256704e-09	3.604662e+01	1.410191e+02
4.100000e-06	6.647553e-06	1.156348e-09	3.593231e+01	1.408392e+02
4.110000e-06	6.625683e-06	1.223146e-09	3.581409e+01	1.406518e+02
4.120000e-06	6.602953e-06	1.273743e-09	3.569123e+01	1.404563e+02
4.130000e-06	6.579501e-06	1.183128e-09	3.556446e+01	1.402523e+02
4.140000e-06	6.555624e-06	1.188238e-09	3.543540e+01	1.400395e+02
4.150000e-06	6.531327e-06	1.265232e-09	3.530406e+01	1.398176e+02
4.160000e-06	6.506609e-06	1.214321e-09	3.517046e+01	1.395863e+02
4.170000e-06	6.481581e-06	1.174519e-09	3.503517e+01	1.393454e+02
4.180000e-06	6.456166e-06	1.236321e-09	3.489780e+01	1.390950e+02
4.190000e-06	6.430194e-06	1.229112e-09	3.475741e+01	1.388351e+02
4.200000e-06	6.403697e-06	1.183056e-09	3.461418e+01	1.385656e+02
4.210000e-06	6.376701e-06	1.217093e-09	3.446826e+01	1.382867e+02
4.220000e-06	6.349254e-06	1.228910e-09	3.431990e+01	1.379988e+02
4.230000e-06	6.321486e-06	1.189892e-09	3.416980e+01	1.377019e+02
4.240000e-06	6.293410e-06	1.200651e-09	3.401804e+01	1.373966e+02
4.250000e-06	6.264981e-06	1.218002e-09	3.386437e+01	1.370831e+02
4.260000e-06	6.236170e-06	1.194668e-09	3.370864e+01	1.367618e+02
4.270000e-06	6.206798e-06	1.191868e-09	3.354988e+01	1.364333e+02
4.280000e-06	6.176745e-06	1.202820e-09	3.338743e+01	1.360979e+02
4.290000e-06	6.146094e-06	1.194032e-09	3.322175e+01	1.357561e+02
4.300000e-06	6.114864e-06	1.190814e-09	3.305294e+01	1.354083e+02
4.310000e-06	6.083081e-06	1.190652e-09	3.288114e+01	1.350551e+02
4.320000e-06	6.050845e-06	1.183847e-09	3.270689e+01	1.346967e+02
4.330000e-06	6.018346e-06	1.184473e-09	3.253122e+01	1.343336e+02
4.340000e-06	5.985644e-06	1.181158e-09	3.235446e+01	1.339660e+02
4.350000e-06	5.952529e-06	1.174188e-09	3.217546e+01	1.335942e+02
4.360000e-06	5.918842e-06	1.178692e-09	3.199337e+01	1.332184e+02
4.370000e-06	5.884703e-06	1.174757e-09	3.180884e+01	1.328388e+02
4.380000e-06	5.850147e-06	1.164269e-09	3.162205e+01	1.324553e+02
4.390000e-06	5.815212e-06	1.169402e-09	3.143322e+01	1.320680e+02
4.400000e-06	5.779981e-06	1.169282e-09	3.124278e+01	1.316768e+02
4.410000e-06	5.744388e-06	1.156596e-09	3.105039e+01	1.312815e+02
4.420000e-06	5.708481e-06	1.157136e-09	3.085630e+01	1.308820e+02
4.430000e-06	5.672258e-06	1.160138e-09	3.066050e+01	1.304779e+02
4.440000e-06	5.635691e-06	1.151243e-09	3.046285e+01	1.300689e+02
4.450000e-06	5.598670e-06	1.147050e-09	3.026273e+01	1.296545e+02
4.460000e-06	5.560987e-06	1.147657e-09	3.005904e+01	1.292344e+02
4.470000e-06	5.522900e-06	1.142418e-09	2.985317e+01	1.288081e+02
4.480000e-06	5.484424e-06	1.137913e-09	2.964519e+01	1.283751e+02
4.490000e-06	5.445262e-06	1.137019e-09	2.943351e+01	1.279348e+02
4.500000e-06	5.405595e-06	1.134939e-09	2.921910e+01	1.274868e+02
4.510000e-06	5.365534e-06	1.130591e-09	2.900255e+01	1.270305e+02
4.520000e-06	5.325155e-06	1.126410e-09	2.878429e+01	1.265654e+02
4.530000e-06	5.284483e-06	1.124986e-09	2.856445e+01	1.260911e+02
4.540000e-06	5.243470e-06	1.122963e-09	2.834275e+01	1.256071e+02
4.550000e-06	5.202122e-06	1.117755e-09	2.811926e+01	1.251130e+02
4.560000e-06	5.160474e-06	1.113323e-09	2.789413e+01	1.246084e+02
4.570000e-06	5.118487e-06	1.110294e-09	2.766718e+01	1.240929e+02
4.580000e-06	5.076027e-06	1.105231e-09	2.743767e+01	1.235665e+02
4.590000e-06	5.033243e-06	1.099150e-09	2.720641e+01	1.230287e+02
4.600000e-06	4.990167e-06	1.093904e-09	2.697357e+01	1.224795e+02
4.610000e-06	4.946743e-06	1.089880e-09	2.673885e+01	1.219188e+02
4.620000e-06	4.902997e-06	1.087565e-09	2.650238e+01	1.213465e+02
4.630000e-06	4.858832e-06	1.086326e-09	2.626366e+01	1.207626e+02
4.640000e-06	4.814318e-06	1.083594e-09	2.602304e+01	1.201671e+02
4.650000e-06	4.769596e-06	1.077524e-09	2.578130e+01	1.195602e+02
4.660000e-06	4.724683e-06	1.069996e-09	2.553853e+01	1.189419e+02
4.670000e-06	4.679599e-06	1.063073e-09	2.529484e+01	1.183125e+02
4.680000e-06	4.634224e-06	1.057174e-09	2.504957e+01	1.176719e+02
4.690000e-06	4.588380e-06	1.052172e-09	2.480177e+01	1.170205e+02
4.700000e-06	4.542112e-06	1.047295e-09	2.455168e+01	1.163584e+02
4.710000e-06	4.495447e-06	1.043227e-09	2.429943e+01	1.156857e+02
4.720000e-06	4.448504e-06	1.039452e-09	2.404569e+01	1.150026e+02
4.730000e-06	4.401285e-06	1.033680e-09	2.379046e+01	1.143092e+02
4.740000e-06	4.353655e-06	1.024127e-09	2.353300e+01	1.136057e+02
4.750000e-06	4.305689e-06	1.015300e-09	2.327373e+01	1.128920e+02
4.760000e-06	4.257414e-06	1.010262e-09	2.301278e+01	1.121683e+02
4.770000e-06	4.208771e-06	1.005010e-09	2.274985e+01	1.114344e+02
4.780000e-06	4.159685e-06	9.992428e-10	2.248453e+01	1.106904e+02
4.790000e-06	4.110216e-06	9.944664e-10	2.221713e+01	1.099361e+02
4.800000e-06	4.060444e-06	9.890196e-10	2.194809e+01	1.091714e+02
4.810000e-06	4.010447e-06	9.831131e-10	2.167784e+01	1.083961e+02
4.820000e-06	3.960217e-06	9.780919e-10	2.140633e+01	1.076100e+02
4.830000e-06	3.909624e-06	9.717347e-10	2.113286e+01	1.068127e+02
4.840000e-06	3.858751e-06	9.637113e-10	2.085788e+01	1.060041e+02
4.850000e-06	3.807666e-06	9.567644e-10	2.058174e+01	1.051838e+02
4.860000e-06	3.756321e-06	9.502434e-10	2.030421e+01	1.043514e+02
4.870000e-06	3.704637e-06	9.434231e-10	2.002483e+01	1.035067e+02
4.880000e-06	3.652632e-06	9.365640e-10	1.974373e+01	1.026492e+02
4.890000e-06	3.600346e-06	9.291875e-10	1.946111e+01	1.017787e+02
4.900000e-06	3.547744e-06	9.223717e-10	1.917678e+01	1.008949e+02
4.910000e-06	3.494885e-06	9.169675e-10	1.889105e+01	9.999735e+01
4.920000e-06	3.441783e-06	9.113008e-10	1.860402e+01	9.908594e+01
4.930000e-06	3.388348e-06	9.025057e-10	1.831518e+01	9.816041e+01
4.940000e-06	3.334592e-06	8.921677e-10	1.802461e+01	9.722060e+01
4.950000e-06	3.280475e-06	8.834941e-10	1.773209e+01	9.626638e+01
4.960000e-06	3.225960e-06	8.756148e-10	1.743742e+01	9.529768e+01
4.970000e-06	3.171125e-06	8.675052e-10	1.714102e+01	9.431451e+01
4.980000e-06	3.115926e-06	8.588427e-10	1.684265e+01	9.331692e+01
4.990000e-06	3.060388e-06	8.496869e-10	1.654245e+01	9.230501e+01
5.000000e-06	3.004686e-06	8.414338e-10	1.624136e+01	9.127896e+01
5.010000e-06	2.948780e-06	8.329372e-10	1.593917e+01	9.023900e+01
5.020000e-06	2.892594e-06	8.232159e-10	1.563546e+01	8.918538e+01
5.030000e-06	2.836224e-06	8.135890e-10	1.533077e+01	8.811844e+01
5.040000e-06	2.779704e-06	8.046335e-10	1.502526e+01	8.703852e+01
5.050000e-06	2.723099e-06	7.961392e-10	1.471929e+01	8.594601e+01
5.060000e-06	2.666381e-06	7.880253e-10	1.441270e+01	8.484131e+01
5.070000e-06	2.609519e-06	7.786418e-10	1.410535e+01	8.372483e+01
5.080000e-06	2.552529e-06	7.671950e-10	1.379729e+01	8.259699e+01
5.090000e-06	2.495381e-06	7.556128e-10	1.348839e+01	8.145817e+01
5.100000e-06	2.438058e-06	7.449291e-10	1.317854e+01	8.030877e+01
5.110000e-06	2.380572e-06	7.349535e-10	1.286781e+01	7.914911e+01
5.120000e-06	2.322926e-06	7.248439e-10	1.255621e+01	7.797951e+01
5.130000e-06	2.265113e-06	7.135580e-10	1.224371e+01	7.680021e+01
5.140000e-06	2.207105e-06	7.027403e-10	1.193016e+01	7.561139e+01
5.150000e-06	2.148805e-06	6.928695e-10	1.161503e+01	7.441317e+01
5.160000e-06	2.090333e-06	6.826266e-10	1.129897e+01	7.320559e+01
5.170000e-06	2.031777e-06	6.715010e-10	1.098245e+01	7.198861e+01
5.180000e-06	1.973086e-06	6.597773e-10	1.066521e+01	7.076208e+01
5.190000e-06	1.914188e-06	6.484081e-10	1.034684e+01	6.952579e+01
5.200000e-06	1.855100e-06	6.374432e-10	1.002745e+01	6.827943e+01
5.210000e-06	1.795985e-06	6.264661e-10	9.707914e+00	6.702261e+01
5.220000e-06	1.736794e-06	6.152564e-10	9.387967e+00	6.575483e+01
5.230000e-06	1.677448e-06	6.036976e-10	9.067182e+00	6.447553e+01
5.240000e-06	1.618051e-06	5.920014e-10	8.746119e+00	6.318407e+01
5.250000e-06	1.558532e-06	5.800283e-10	8.424400e+00	6.187972e+01
5.260000e-06	1.498776e-06	5.675936e-10	8.101397e+00	6.056173e+01
5.270000e-06	1.438911e-06	5.559265e-10	7.777806e+00	5.922926e+01
5.280000e-06	1.379010e-06	5.447461e-10	7.454025e+00	5.788144e+01
5.290000e-06	1.319063e-06	5.323134e-10	7.129986e+00	5.651740e+01
5.300000e-06	1.259027e-06	5.183293e-10	6.805472e+00	5.513621e+01
5.310000e-06	1.198937e-06	5.041615e-10	6.480665e+00	5.373697e+01
5.320000e-06	1.138819e-06	4.905170e-10	6.155707e+00	5.231878e+01
5.330000e-06	1.078651e-06	4.773548e-10	5.830478e+00	5.088076e+01
5.340000e-06	1.018456e-06	4.654963e-10	5.505105e+00	4.942207e+01
5.350000e-06	9.582451e-07	4.540933e-10	5.179644e+00	4.794192e+01
5.360000e-06	8.980362e-07	4.408493e-10	4.854194e+00	4.643959e+01
5.370000e-06	8.377576e-07	4.261493e-10	4.528368e+00	4.491442e+01
5.380000e-06	7.773871e-07	4.114074e-10	4.202044e+00	4.336584e+01
5.390000e-06	7.170033e-07	3.970047e-10	3.875649e+00	4.179338e+01
5.400000e-06	6.565991e-07	3.821405e-10	3.549144e+00	4.019666e+01
5.410000e-06	5.961270e-07	3.666706e-10	3.222271e+00	3.857541e+01
5.420000e-06	5.356387e-07	3.517033e-10	2.895311e+00	3.692948e+01
5.430000e-06	4.752381e-07	3.367682e-10	2.568825e+00	3.525886e+01
5.440000e-06	4.148718e-07	3.218613e-10	2.242525e+00	3.356362e+01
5.450000e-06	3.543483e-07	3.064105e-10	1.915374e+00	3.184398e+01
5.460000e-06	2.936855e-07	2.893626e-10	1.587471e+00	3.010029e+01
5.470000e-06	2.329983e-07	2.722045e-10	1.259436e+00	2.833302e+01
5.480000e-06	1.723429e-07	2.564852e-10	9.315727e-01	2.654274e+01
5.490000e-06	1.117346e-07	2.406347e-10	6.039637e-01	2.473017e+01
5.500000e-06	5.112413e-08	2.238869e-10	2.763435e-01	2.289613e+01
5.510000e-06	-9.566953e-09	2.066760e-10	-5.171266e-02	2.104153e+01
5.520000e-06	-7.019144e-08	1.890078e-10	-3.794088e-01	1.916742e+01
5.530000e-06	-1.306922e-07	1.721366e-10	-7.064363e-01	1.727492e+01
5.540000e-06	-1.911713e-07	1.554349e-10	-1.033347e+00	1.536524e+01
5.550000e-06	-2.517070e-07	1.381336e-10	-1.360563e+00	1.343967e+01
5.560000e-06	-3.124091e-07	1.204897e-10	-1.688678e+00	1.149957e+01
5.570000e-06	-3.731530e-07	1.023359e-10	-2.017020e+00	9.546374e+00
5.580000e-06	-4.338120e-07	8.367363e-11	-2.344903e+00	7.581549e+00
5.590000e-06	-4.943551e-07	6.432977e-11	-2.672159e+00	5.606618e+00
5.600000e-06	-5.548703e-07	4.520537e-11	-2.999265e+00	3.623137e+00
5.610000e-06	-6.153446e-07	2.681693e-11	-3.326149e+00	1.632688e+00
5.620000e-06	-6.757249e-07	8.682922e-12	-3.652525e+00	-3.631308e-01
5.630000e-06	-7.360290e-07	-9.372200e-12	-3.978489e+00	-2.362711e+00
5.640000e-06	-7.962644e-07	-2.825197e-11	-4.304083e+00	-4.364445e+00
5.650000e-06	-8.564757e-07	-4.845108e-11	-4.629545e+00	-6.366730e+00
5.660000e-06	-9.166874e-07	-6.910972e-11	-4.955010e+00	-8.367977e+00
5.670000e-06	-9.768829e-07	-8.880359e-11	-5.280387e+00	-1.036662e+01
5.680000e-06	-1.037041e-06	-1.067194e-10	-5.605564e+00	-1.236112e+01
5.690000e-06	-1.097152e-06	-1.239332e-10	-5.930484e+00	-1.434997e+01
5.700000e-06	-1.157189e-06	-1.428714e-10	-6.255005e+00	-1.633170e+01
5.710000e-06	-1.217236e-06	-1.630681e-10	-6.579576e+00	-1.830490e+01
5.720000e-06	-1.277290e-06	-1.820685e-10	-6.904191e+00	-2.026819e+01
5.730000e-06	-1.337251e-06	-1.995602e-10	-7.228302e+00	-2.222024e+01
5.740000e-06	-1.397048e-06	-2.162754e-10	-7.551527e+00	-2.415981e+01
5.750000e-06	-1.456752e-06	-2.332142e-10	-7.874245e+00	-2.608569e+01
5.760000e-06	-1.516400e-06	-2.516834e-10	-8.196664e+00	-2.799675e+01
5.770000e-06	-1.575841e-06	-2.705719e-10	-8.517962e+00	-2.989193e+01
5.780000e-06	-1.635120e-06	-2.884036e-10	-8.838385e+00	-3.177022e+01
5.790000e-06	-1.694368e-06	-3.065454e-10	-9.158641e+00	-3.363070e+01
5.800000e-06	-1.753612e-06	-3.258815e-10	-9.478877e+00	-3.547254e+01
5.810000e-06	-1.812767e-06	-3.443472e-10	-9.798629e+00	-3.729495e+01
5.820000e-06	-1.871669e-06	-3.601990e-10	-1.011701e+01	-3.909724e+01
5.830000e-06	-1.930373e-06	-3.753674e-10	-1.043433e+01	-4.087881e+01
5.840000e-06	-1.989009e-06	-3.921469e-10	-1.075128e+01	-4.263909e+01
5.850000e-06	-2.047499e-06	-4.095699e-10	-1.106744e+01	-4.437765e+01
5.860000e-06	-2.105792e-06	-4.256972e-10	-1.138253e+01	-4.609408e+01
5.870000e-06	-2.163926e-06	-4.403910e-10	-1.169676e+01	-4.778809e+01
5.880000e-06	-2.221972e-06	-4.552860e-10	-1.201052e+01	-4.945944e+01
5.890000e-06	-2.279888e-06	-4.701351e-10	-1.232358e+01	-5.110797e+01
5.900000e-06	-2.337485e-06	-4.848726e-10	-1.263491e+01	-5.273358e+01
5.910000e-06	-2.394882e-06	-5.007927e-10	-1.294516e+01	-5.433625e+01
5.920000e-06	-2.452202e-06	-5.161602e-10	-1.325499e+01	-5.591602e+01
5.930000e-06	-2.509262e-06	-5.306682e-10	-1.356342e+01	-5.747299e+01
5.940000e-06	-2.565967e-06	-5.457962e-10	-1.386993e+01	-5.900731e+01
5.950000e-06	-2.622573e-06	-5.612975e-10	-1.417591e+01	-6.051917e+01
5.960000e-06	-2.679146e-06	-5.759380e-10	-1.448170e+01	-6.200884e+01
5.970000e-06	-2.735538e-06	-5.889499e-10	-1.478652e+01	-6.347660e+01
5.980000e-06	-2.791805e-06	-6.016495e-10	-1.509067e+01	-6.492278e+01
5.990000e-06	-2.847963e-06	-6.147886e-10	-1.539422e+01	-6.634773e+01
6.000000e-06	-2.904031e-06	-6.273489e-10	-1.569729e+01	-6.775183e+01
6.010000e-06	-2.959960e-06	-6.401132e-10	-1.599960e+01	-6.913548e+01
6.020000e-06	-3.015725e-06	-6.518209e-10	-1.630103e+01	-7.049910e+01
6.030000e-06	-3.071302e-06	-6.623224e-10	-1.660144e+01	-7.184311e+01
6.040000e-06	-3.126642e-06	-6.746882e-10	-1.690057e+01	-7.316793e+01
6.050000e-06	-3.181627e-06	-6.875442e-10	-1.719779e+01	-7.447399e+01
6.060000e-06	-3.236197e-06	-6.990224e-10	-1.749276e+01	-7.576171e+01
6.070000e-06	-3.290455e-06	-7.095854e-10	-1.778604e+01	-7.703150e+01
6.080000e-06	-3.344264e-06	-7.207100e-10	-1.807689e+01	-7.828376e+01
6.090000e-06	-3.397504e-06	-7.328926e-10	-1.836468e+01	-7.951887e+01
6.100000e-06	-3.450409e-06	-7.464297e-10	-1.865065e+01	-8.073719e+01
6.110000e-06	-3.503079e-06	-7.590124e-10	-1.893534e+01	-8.193907e+01
6.120000e-06	-3.555463e-06	-7.678723e-10	-1.921850e+01	-8.312483e+01
6.130000e-06	-3.607652e-06	-7.757595e-10	-1.950060e+01	-8.429477e+01
6.140000e-06	-3.659635e-06	-7.851176e-10	-1.978158e+01	-8.544917e+01
6.150000e-06	-3.711367e-06	-7.955853e-10	-2.006122e+01	-8.658829e+01
6.160000e-06	-3.762845e-06	-8.064416e-10	-2.033947e+01	-8.771235e+01
6.170000e-06	-3.813977e-06	-8.175859e-10	-2.061586e+01	-8.882157e+01
6.180000e-06	-3.864821e-06	-8.286085e-10	-2.089068e+01	-8.991615e+01
6.190000e-06	-3.915395e-06	-8.387012e-10	-2.116405e+01	-9.099625e+01
6.200000e-06	-3.965721e-06	-8.478113e-10	-2.143609e+01	-9.206204e+01
6.210000e-06	-4.015765e-06	-8.562486e-10	-2.170659e+01	-9.311366e+01
6.220000e-06	-4.065440e-06	-8.645843e-10	-2.197510e+01	-9.415124e+01
6.230000e-06	-4.114598e-06	-8.737136e-10	-2.224081e+01	-9.517491e+01
6.240000e-06	-4.163166e-06	-8.827578e-10	-2.250334e+01	-9.618479e+01
6.250000e-06	-4.211466e-06	-8.914548e-10	-2.276442e+01	-9.718098e+01
6.260000e-06	-4.259342e-06	-9.005647e-10	-2.302320e+01	-9.816359e+01
6.270000e-06	-4.306751e-06	-9.088495e-10	-2.327947e+01	-9.913272e+01
6.280000e-06	-4.353940e-06	-9.161014e-10	-2.353454e+01	-1.000885e+02
6.290000e-06	-4.400974e-06	-9.246536e-10	-2.378877e+01	-1.010310e+02
6.300000e-06	-4.447721e-06	-9.340040e-10	-2.404146e+01	-1.019603e+02
6.310000e-06	-4.494152e-06	-9.419536e-10	-2.429243e+01	-1.028766e+02
6.320000e-06	-4.540407e-06	-9.487078e-10	-2.454246e+01	-1.037799e+02
6.330000e-06	-4.586352e-06	-9.564968e-10	-2.479081e+01	-1.046704e+02
6.340000e-06	-4.631887e-06	-9.656496e-10	-2.503694e+01	-1.055481e+02
6.350000e-06	-4.677034e-06	-9.742139e-10	-2.528097e+01	-1.064132e+02
6.360000e-06	-4.721779e-06	-9.820665e-10	-2.552284e+01	-1.072659e+02
6.370000e-06	-4.766223e-06	-9.892056e-10	-2.576307e+01	-1.081061e+02
6.380000e-06	-4.810513e-06	-9.960085e-10	-2.600248e+01	-1.089340e+02
6.390000e-06	-4.854520e-06	-1.003528e-09	-2.624035e+01	-1.097497e+02
6.400000e-06	-4.898266e-06	-1.011096e-09	-2.647681e+01	-1.105533e+02
6.410000e-06	-4.941832e-06	-1.017985e-09	-2.671230e+01	-1.113450e+02
6.420000e-06	-4.985099e-06	-1.024901e-09	-2.694617e+01	-1.121247e+02
6.430000e-06	-5.028039e-06	-1.031839e-09	-2.717828e+01	-1.128926e+02
6.440000e-06	-5.070538e-06	-1.038087e-09	-2.740800e+01	-1.136487e+02
6.450000e-06	-5.112608e-06	-1.044487e-09	-2.763540e+01	-1.143932e+02
6.460000e-06	-5.154418e-06	-1.051791e-09	-2.786140e+01	-1.151260e+02
6.470000e-06	-5.195845e-06	-1.059640e-09	-2.808532e+01	-1.158473e+02
6.480000e-06	-5.236753e-06	-1.066428e-09	-2.830645e+01	-1.165570e+02
6.490000e-06	-5.277268e-06	-1.071542e-09	-2.852544e+01	-1.172553e+02
6.500000e-06	-5.317560e-06	-1.077367e-09	-2.874323e+01	-1.179422e+02
6.510000e-06	-5.357662e-06	-1.083768e-09	-2.896000e+01	-1.186176e+02
6.520000e-06	-5.397467e-06	-1.089430e-09	-2.917516e+01	-1.192818e+02
6.530000e-06	-5.437030e-06	-1.094582e-09	-2.938901e+01	-1.199346e+02
6.540000e-06	-5.476212e-06	-1.098115e-09	-2.960080e+01	-1.205763e+02
6.550000e-06	-5.514718e-06	-1.101840e-09	-2.980895e+01	-1.212068e+02
6.560000e-06	-5.552557e-06	-1.108106e-09	-3.001348e+01	-1.218262e+02
6.570000e-06	-5.589765e-06	-1.113877e-09	-3.021460e+01	-1.224347e+02
6.580000e-06	-5.626436e-06	-1.118233e-09	-3.041282e+01	-1.230323e+02
6.590000e-06	-5.662734e-06	-1.122699e-09	-3.060902e+01	-1.236192e+02
6.600000e-06	-5.698844e-06	-1.127836e-09	-3.080421e+01	-1.241956e+02
6.610000e-06	-5.734792e-06	-1.132578e-09	-3.099852e+01	-1.247616e+02
6.620000e-06	-5.770360e-06	-1.136041e-09	-3.119078e+01	-1.253175e+02
6.630000e-06	-5.805407e-06	-1.138521e-09	-3.138022e+01	-1.258634e+02
6.640000e-06	-5.840038e-06	-1.140140e-09	-3.156741e+01	-1.263996e+02
6.650000e-06	-5.874308e-06	-1.143188e-09	-3.175265e+01	-1.269264e+02
6.660000e-06	-5.908150e-06	-1.148339e-09	-3.193558e+01	-1.274441e+02
6.670000e-06	-5.941526e-06	-1.153040e-09	-3.211599e+01	-1.279530e+02
6.680000e-06	-5.974364e-06	-1.156611e-09	-3.229349e+01	-1.284535e+02
6.690000e-06	-6.006821e-06	-1.159794e-09	-3.246893e+01	-1.289458e+02
6.700000e-06	-6.039100e-06	-1.162897e-09	-3.264341e+01	-1.294303e+02
6.710000e-06	-6.071136e-06	-1.166280e-09	-3.281658e+01	-1.299075e+02
6.720000e-06	-6.102815e-06	-1.169442e-09	-3.298781e+01	-1.303775e+02
6.730000e-06	-6.133968e-06	-1.172223e-09	-3.315620e+01	-1.308408e+02
6.740000e-06	-6.164404e-06	-1.175010e-09	-3.332072e+01	-1.312978e+02
6.750000e-06	-6.194079e-06	-1.178471e-09	-3.348112e+01	-1.317487e+02
6.760000e-06	-6.223122e-06	-1.182476e-09	-3.363811e+01	-1.321938e+02
6.770000e-06	-6.251743e-06	-1.185008e-09	-3.379282e+01	-1.326333e+02
6.780000e-06	-6.280031e-06	-1.186288e-09	-3.394572e+01	-1.330677e+02
6.790000e-06	-6.307980e-06	-1.188647e-09	-3.409680e+01	-1.334969e+02
6.800000e-06	-6.335570e-06	-1.190901e-09	-3.424593e+01	-1.339212e+02
6.810000e-06	-6.362674e-06	-1.192870e-09	-3.439244e+01	-1.343407e+02
6.820000e-06	-6.389330e-06	-1.195351e-09	-3.453652e+01	-1.347554e+02
6.830000e-06	-6.415576e-06	-1.198440e-09	-3.467839e+01	-1.351653e+02
6.840000e-06	-6.441316e-06	-1.202657e-09	-3.481753e+01	-1.355705e+02
6.850000e-06	-6.466503e-06	-1.205553e-09	-3.495367e+01	-1.359708e+02
6.860000e-06	-6.491143e-06	-1.206685e-09	-3.508686e+01	-1.363661e+02
6.870000e-06	-6.515500e-06	-1.207842e-09	-3.521851e+01	-1.367562e+02
6.880000e-06	-6.539733e-06	-1.210579e-09	-3.534950e+01	-1.371408e+02
6.890000e-06	-6.563790e-06	-1.215516e-09	-3.547954e+01	-1.375198e+02
6.900000e-06	-6.587445e-06	-1.219435e-09	-3.560740e+01	-1.378927e+02
6.910000e-06	-6.610305e-06	-1.220870e-09	-3.573097e+01	-1.382592e+02
6.920000e-06	-6.632327e-06	-1.222013e-09	-3.585000e+01	-1.386190e+02
6.930000e-06	-6.653587e-06	-1.223850e-09	-3.596492e+01	-1.389717e+02
6.940000e-06	-6.674239e-06	-1.225540e-09	-3.607655e+01	-1.393169e+02
6.950000e-06	-6.694547e-06	-1.227642e-09	-3.618632e+01	-1.396542e+02
6.960000e-06	-6.714565e-06	-1.230849e-09	-3.629453e+01	-1.399832e+02
6.970000e-06	-6.734253e-06	-1.234710e-09	-3.640095e+01	-1.403034e+02
6.980000e-06	-6.753498e-06	-1.238263e-09	-3.650498e+01	-1.406146e+02
6.990000e-06	-6.772261e-06	-1.240261e-09	-3.660639e+01	-1.409163e+02
7.000000e-06	-6.790484e-06	-1.241697e-09	-3.670490e+01	-1.412083e+02
7.010000e-06	-6.808215e-06	-1.243179e-09	-3.680074e+01	-1.414902e+02
7.020000e-06	-6.825585e-06	-1.244608e-09	-3.689463e+01	-1.417619e+02
7.030000e-06	-6.842532e-06	-1.246652e-09	-3.698623e+01	-1.420231e+02
7.040000e-06	-6.859040e-06	-1.248661e-09	-3.707546e+01	-1.422736e+02
7.050000e-06	-6.875192e-06	-1.249690e-09	-3.716277e+01	-1.425134e+02
7.060000e-06	-6.890958e-06	-1.251295e-09	-3.724799e+01	-1.427424e+02
7.070000e-06	-6.906201e-06	-1.253828e-09	-3.733038e+01	-1.429606e+02
7.080000e-06	-6.920611e-06	-1.255855e-09	-3.740828e+01	-1.431680e+02
7.090000e-06	-6.934164e-06	-1.257770e-09	-3.748154e+01	-1.433648e+02
7.100000e-06	-6.947093e-06	-1.259183e-09	-3.755142e+01	-1.435510e+02
7.110000e-06	-6.959406e-06	-1.259779e-09	-3.761798e+01	-1.437268e+02
7.120000e-06	-6.971183e-06	-1.260669e-09	-3.768164e+01	-1.438924e+02
7.130000e-06	-6.982497e-06	-1.262556e-09	-3.774279e+01	-1.440481e+02
7.140000e-06	-6.993309e-06	-1.264562e-09	-3.780124e+01	-1.441940e+02
7.150000e-06	-7.003690e-06	-1.264668e-09	-3.785735e+01	-1.443306e+02
7.160000e-06	-7.013609e-06	-1.265254e-09	-3.791097e+01	-1.444580e+02
7.170000e-06	-7.022943e-06	-1.267769e-09	-3.796142e+01	-1.445765e+02
7.180000e-06	-7.031755e-06	-1.269468e-09	-3.800905e+01	-1.446865e+02
7.190000e-06	-7.040206e-06	-1.269562e-09	-3.805473e+01	-1.447882e+02
7.200000e-06	-7.048276e-06	-1.269141e-09	-3.809835e+01	-1.448818e+02
7.210000e-06	-7.056023e-06	-1.268966e-09	-3.814023e+01	-1.449676e+02
7.220000e-06	-7.063289e-06	-1.268025e-09	-3.817950e+01	-1.450459e+02
7.230000e-06	-7.069734e-06	-1.266076e-09	-3.821434e+01	-1.451167e+02
7.240000e-06	-7.075466e-06	-1.263843e-09	-3.824532e+01	-1.451803e+02
7.250000e-06	-7.080556e-06	-1.262974e-09	-3.827284e+01	-1.452369e+02
7.260000e-06	-7.085085e-06	-1.263753e-09	-3.829732e+01	-1.452864e+02
7.270000e-06	-7.089264e-06	-1.262431e-09	-3.831991e+01	-1.453290e+02
7.280000e-06	-7.093046e-06	-1.260382e-09	-3.834035e+01	-1.453647e+02
7.290000e-06	-7.096316e-06	-1.260603e-09	-3.835802e+01	-1.453935e+02
7.300000e-06	-7.099150e-06	-1.260830e-09	-3.837334e+01	-1.454155e+02
7.310000e-06	-7.101595e-06	-1.260165e-09	-3.838656e+01	-1.454306e+02
7.320000e-06	-7.103577e-06	-1.259887e-09	-3.839727e+01	-1.454388e+02
7.330000e-06	-7.105021e-06	-1.260125e-09	-3.840508e+01	-1.454400e+02
7.340000e-06	-7.106006e-06	-1.259795e-09	-3.841040e+01	-1.454342e+02
