# Temperatura_=_20.0
# Concentracion g/m^3_=_7400.0
# C_Vs_to_Am_M_A/Vsm_=_116720831517.84952
# pendiente_HvsI_1/m_=_3716.3
# ordenada_HvsI_A/m_=_1297.0
# frecuencia_Hz_=_136117.90123641936

Tiempo_(s)	Campo_(V.s)	Magnetizacion_(V.s)	Campo_(kA/m)	Magnetizacion_(A/m)
0.000000e+00	-7.108556e-06	-1.246548e-09	-3.842291e+01	-1.443924e+02
1.000000e-08	-7.108596e-06	-1.247397e-09	-3.842312e+01	-1.443474e+02
2.000000e-08	-7.108250e-06	-1.247812e-09	-3.842125e+01	-1.442957e+02
3.000000e-08	-7.107122e-06	-1.246833e-09	-3.841516e+01	-1.442378e+02
4.000000e-08	-7.105298e-06	-1.244174e-09	-3.840530e+01	-1.441742e+02
5.000000e-08	-7.102883e-06	-1.240904e-09	-3.839225e+01	-1.441052e+02
6.000000e-08	-7.099835e-06	-1.237140e-09	-3.837577e+01	-1.440314e+02
7.000000e-08	-7.096322e-06	-1.232148e-09	-3.835678e+01	-1.439529e+02
8.000000e-08	-7.092232e-06	-1.241710e-09	-3.833468e+01	-1.438704e+02
9.000000e-08	-7.087467e-06	-1.264802e-09	-3.830892e+01	-1.437840e+02
1.000000e-07	-7.082117e-06	-1.240885e-09	-3.828001e+01	-1.436940e+02
1.100000e-07	-7.076379e-06	-1.177745e-09	-3.824899e+01	-1.436009e+02
1.200000e-07	-7.070291e-06	-1.213856e-09	-3.821608e+01	-1.435047e+02
1.300000e-07	-7.063763e-06	-1.311520e-09	-3.818080e+01	-1.434056e+02
1.400000e-07	-7.056777e-06	-1.259158e-09	-3.814304e+01	-1.433039e+02
1.500000e-07	-7.049364e-06	-1.131584e-09	-3.810297e+01	-1.431996e+02
1.600000e-07	-7.041519e-06	-1.198892e-09	-3.806056e+01	-1.430929e+02
1.700000e-07	-7.033317e-06	-1.348075e-09	-3.801623e+01	-1.429838e+02
1.800000e-07	-7.024524e-06	-1.249072e-09	-3.796870e+01	-1.428723e+02
1.900000e-07	-7.014985e-06	-1.079670e-09	-3.791714e+01	-1.427584e+02
2.000000e-07	-7.004793e-06	-1.201633e-09	-3.786205e+01	-1.426420e+02
2.100000e-07	-6.993980e-06	-1.365117e-09	-3.780361e+01	-1.425232e+02
2.200000e-07	-6.982559e-06	-1.221343e-09	-3.774188e+01	-1.424017e+02
2.300000e-07	-6.970470e-06	-1.081537e-09	-3.767653e+01	-1.422776e+02
2.400000e-07	-6.957809e-06	-1.230759e-09	-3.760810e+01	-1.421506e+02
2.500000e-07	-6.944686e-06	-1.312087e-09	-3.753717e+01	-1.420207e+02
2.600000e-07	-6.931146e-06	-1.152574e-09	-3.746398e+01	-1.418877e+02
2.700000e-07	-6.916682e-06	-1.130217e-09	-3.738580e+01	-1.417514e+02
2.800000e-07	-6.901268e-06	-1.272783e-09	-3.730249e+01	-1.416118e+02
2.900000e-07	-6.885406e-06	-1.225471e-09	-3.721675e+01	-1.414685e+02
3.000000e-07	-6.869137e-06	-1.117926e-09	-3.712881e+01	-1.413215e+02
3.100000e-07	-6.852406e-06	-1.221138e-09	-3.703838e+01	-1.411707e+02
3.200000e-07	-6.835255e-06	-1.260926e-09	-3.694567e+01	-1.410157e+02
3.300000e-07	-6.817657e-06	-1.110992e-09	-3.685055e+01	-1.408566e+02
3.400000e-07	-6.799698e-06	-1.138312e-09	-3.675348e+01	-1.406932e+02
3.500000e-07	-6.781314e-06	-1.290304e-09	-3.665411e+01	-1.405253e+02
3.600000e-07	-6.762411e-06	-1.192493e-09	-3.655194e+01	-1.403528e+02
3.700000e-07	-6.743085e-06	-1.068800e-09	-3.644748e+01	-1.401756e+02
3.800000e-07	-6.723326e-06	-1.202833e-09	-3.634068e+01	-1.399936e+02
3.900000e-07	-6.703175e-06	-1.254692e-09	-3.623176e+01	-1.398067e+02
4.000000e-07	-6.682577e-06	-1.109287e-09	-3.612043e+01	-1.396148e+02
4.100000e-07	-6.661472e-06	-1.127216e-09	-3.600635e+01	-1.394178e+02
4.200000e-07	-6.639904e-06	-1.234737e-09	-3.588977e+01	-1.392157e+02
4.300000e-07	-6.617758e-06	-1.155952e-09	-3.577006e+01	-1.390084e+02
4.400000e-07	-6.595135e-06	-1.108815e-09	-3.564779e+01	-1.387958e+02
4.500000e-07	-6.572263e-06	-1.202102e-09	-3.552416e+01	-1.385779e+02
4.600000e-07	-6.548965e-06	-1.172430e-09	-3.539823e+01	-1.383546e+02
4.700000e-07	-6.525281e-06	-1.093884e-09	-3.527021e+01	-1.381259e+02
4.800000e-07	-6.501343e-06	-1.168592e-09	-3.514082e+01	-1.378917e+02
4.900000e-07	-6.476876e-06	-1.196579e-09	-3.500858e+01	-1.376520e+02
5.000000e-07	-6.451594e-06	-1.107730e-09	-3.487192e+01	-1.374066e+02
5.100000e-07	-6.425507e-06	-1.123596e-09	-3.473092e+01	-1.371556e+02
5.200000e-07	-6.398717e-06	-1.178753e-09	-3.458611e+01	-1.368989e+02
5.300000e-07	-6.371523e-06	-1.125856e-09	-3.443913e+01	-1.366364e+02
5.400000e-07	-6.344010e-06	-1.106504e-09	-3.429041e+01	-1.363681e+02
5.500000e-07	-6.316054e-06	-1.152870e-09	-3.413931e+01	-1.360939e+02
5.600000e-07	-6.287685e-06	-1.131743e-09	-3.398597e+01	-1.358137e+02
5.700000e-07	-6.258963e-06	-1.104670e-09	-3.383072e+01	-1.355275e+02
5.800000e-07	-6.229937e-06	-1.135886e-09	-3.367383e+01	-1.352351e+02
5.900000e-07	-6.200435e-06	-1.130097e-09	-3.351437e+01	-1.349365e+02
6.000000e-07	-6.170461e-06	-1.100808e-09	-3.335235e+01	-1.346316e+02
6.100000e-07	-6.139926e-06	-1.117324e-09	-3.318731e+01	-1.343202e+02
6.200000e-07	-6.108847e-06	-1.123863e-09	-3.301932e+01	-1.340024e+02
6.300000e-07	-6.077539e-06	-1.104409e-09	-3.285009e+01	-1.336780e+02
6.400000e-07	-6.045961e-06	-1.108789e-09	-3.267941e+01	-1.333469e+02
6.500000e-07	-6.014125e-06	-1.113491e-09	-3.250733e+01	-1.330090e+02
6.600000e-07	-5.981950e-06	-1.100211e-09	-3.233342e+01	-1.326642e+02
6.700000e-07	-5.949287e-06	-1.099485e-09	-3.215687e+01	-1.323125e+02
6.800000e-07	-5.916047e-06	-1.101449e-09	-3.197720e+01	-1.319537e+02
6.900000e-07	-5.881955e-06	-1.091877e-09	-3.179293e+01	-1.315877e+02
7.000000e-07	-5.847085e-06	-1.088337e-09	-3.160445e+01	-1.312145e+02
7.100000e-07	-5.811813e-06	-1.086706e-09	-3.141380e+01	-1.308340e+02
7.200000e-07	-5.776336e-06	-1.079780e-09	-3.122204e+01	-1.304461e+02
7.300000e-07	-5.740654e-06	-1.078218e-09	-3.102918e+01	-1.300508e+02
7.400000e-07	-5.704641e-06	-1.075395e-09	-3.083452e+01	-1.296479e+02
7.500000e-07	-5.668167e-06	-1.066730e-09	-3.063737e+01	-1.292375e+02
7.600000e-07	-5.631229e-06	-1.064275e-09	-3.043772e+01	-1.288194e+02
7.700000e-07	-5.593948e-06	-1.064344e-09	-3.023621e+01	-1.283937e+02
7.800000e-07	-5.556306e-06	-1.057558e-09	-3.003275e+01	-1.279602e+02
7.900000e-07	-5.518133e-06	-1.050537e-09	-2.982641e+01	-1.275190e+02
8.000000e-07	-5.479403e-06	-1.045623e-09	-2.961707e+01	-1.270701e+02
8.100000e-07	-5.440304e-06	-1.039420e-09	-2.940573e+01	-1.266133e+02
8.200000e-07	-5.400975e-06	-1.034793e-09	-2.919315e+01	-1.261487e+02
8.300000e-07	-5.361442e-06	-1.031140e-09	-2.897947e+01	-1.256763e+02
8.400000e-07	-5.321735e-06	-1.025354e-09	-2.876485e+01	-1.251960e+02
8.500000e-07	-5.281751e-06	-1.020069e-09	-2.854873e+01	-1.247078e+02
8.600000e-07	-5.241256e-06	-1.016438e-09	-2.832985e+01	-1.242118e+02
8.700000e-07	-5.200291e-06	-1.012339e-09	-2.810842e+01	-1.237079e+02
8.800000e-07	-5.159051e-06	-1.006407e-09	-2.788552e+01	-1.231960e+02
8.900000e-07	-5.117265e-06	-9.981206e-10	-2.765966e+01	-1.226763e+02
9.000000e-07	-5.074843e-06	-9.909780e-10	-2.743036e+01	-1.221485e+02
9.100000e-07	-5.031930e-06	-9.864020e-10	-2.719841e+01	-1.216128e+02
9.200000e-07	-4.988600e-06	-9.814275e-10	-2.696420e+01	-1.210691e+02
9.300000e-07	-4.944970e-06	-9.744263e-10	-2.672837e+01	-1.205172e+02
9.400000e-07	-4.900996e-06	-9.685645e-10	-2.649069e+01	-1.199573e+02
9.500000e-07	-4.856686e-06	-9.655597e-10	-2.625118e+01	-1.193891e+02
9.600000e-07	-4.812122e-06	-9.623314e-10	-2.601031e+01	-1.188127e+02
9.700000e-07	-4.767256e-06	-9.574252e-10	-2.576780e+01	-1.182278e+02
9.800000e-07	-4.722116e-06	-9.517256e-10	-2.552381e+01	-1.176345e+02
9.900000e-07	-4.676636e-06	-9.453898e-10	-2.527798e+01	-1.170325e+02
1.000000e-06	-4.630675e-06	-9.395087e-10	-2.502956e+01	-1.164217e+02
1.010000e-06	-4.584320e-06	-9.345207e-10	-2.477900e+01	-1.158020e+02
1.020000e-06	-4.537714e-06	-9.290972e-10	-2.452709e+01	-1.151731e+02
1.030000e-06	-4.490871e-06	-9.226684e-10	-2.427390e+01	-1.145350e+02
1.040000e-06	-4.443691e-06	-9.174148e-10	-2.401888e+01	-1.138873e+02
1.050000e-06	-4.396172e-06	-9.143727e-10	-2.376203e+01	-1.132298e+02
1.060000e-06	-4.348443e-06	-9.103940e-10	-2.350405e+01	-1.125622e+02
1.070000e-06	-4.300552e-06	-9.045623e-10	-2.324519e+01	-1.118844e+02
1.080000e-06	-4.252321e-06	-8.982118e-10	-2.298449e+01	-1.111960e+02
1.090000e-06	-4.203743e-06	-8.917468e-10	-2.272192e+01	-1.104967e+02
1.100000e-06	-4.154817e-06	-8.855378e-10	-2.245747e+01	-1.097862e+02
1.110000e-06	-4.105337e-06	-8.788173e-10	-2.219002e+01	-1.090642e+02
1.120000e-06	-4.055191e-06	-8.717167e-10	-2.191897e+01	-1.083305e+02
1.130000e-06	-4.004510e-06	-8.651819e-10	-2.164503e+01	-1.075846e+02
1.140000e-06	-3.953534e-06	-8.596223e-10	-2.136950e+01	-1.068263e+02
1.150000e-06	-3.902358e-06	-8.548956e-10	-2.109288e+01	-1.060553e+02
1.160000e-06	-3.850966e-06	-8.485327e-10	-2.081510e+01	-1.052712e+02
1.170000e-06	-3.799358e-06	-8.410284e-10	-2.053615e+01	-1.044738e+02
1.180000e-06	-3.747315e-06	-8.344381e-10	-2.025485e+01	-1.036629e+02
1.190000e-06	-3.694852e-06	-8.284292e-10	-1.997128e+01	-1.028381e+02
1.200000e-06	-3.642255e-06	-8.222959e-10	-1.968699e+01	-1.019992e+02
1.210000e-06	-3.589401e-06	-8.148943e-10	-1.940130e+01	-1.011460e+02
1.220000e-06	-3.536217e-06	-8.057640e-10	-1.911383e+01	-1.002784e+02
1.230000e-06	-3.482874e-06	-7.964078e-10	-1.882550e+01	-9.939622e+01
1.240000e-06	-3.429389e-06	-7.887669e-10	-1.853641e+01	-9.849935e+01
1.250000e-06	-3.375637e-06	-7.826401e-10	-1.824587e+01	-9.758773e+01
1.260000e-06	-3.321684e-06	-7.754323e-10	-1.795424e+01	-9.666132e+01
1.270000e-06	-3.267633e-06	-7.665285e-10	-1.766209e+01	-9.572015e+01
1.280000e-06	-3.213350e-06	-7.577334e-10	-1.736868e+01	-9.476427e+01
1.290000e-06	-3.158575e-06	-7.504138e-10	-1.707261e+01	-9.379376e+01
1.300000e-06	-3.103438e-06	-7.430107e-10	-1.677459e+01	-9.280876e+01
1.310000e-06	-3.048167e-06	-7.336485e-10	-1.647584e+01	-9.180943e+01
1.320000e-06	-2.992784e-06	-7.237965e-10	-1.617649e+01	-9.079599e+01
1.330000e-06	-2.937271e-06	-7.148972e-10	-1.587643e+01	-8.976866e+01
1.340000e-06	-2.881623e-06	-7.072464e-10	-1.557564e+01	-8.872772e+01
1.350000e-06	-2.825891e-06	-6.994746e-10	-1.527440e+01	-8.767344e+01
1.360000e-06	-2.770048e-06	-6.899906e-10	-1.497257e+01	-8.660613e+01
1.370000e-06	-2.714116e-06	-6.801609e-10	-1.467024e+01	-8.552613e+01
1.380000e-06	-2.657970e-06	-6.712403e-10	-1.436676e+01	-8.443374e+01
1.390000e-06	-2.601691e-06	-6.632005e-10	-1.406257e+01	-8.332932e+01
1.400000e-06	-2.545278e-06	-6.543602e-10	-1.375764e+01	-8.221317e+01
1.410000e-06	-2.488472e-06	-6.440808e-10	-1.345060e+01	-8.108561e+01
1.420000e-06	-2.431352e-06	-6.345245e-10	-1.314185e+01	-7.994693e+01
1.430000e-06	-2.373907e-06	-6.256052e-10	-1.283136e+01	-7.879741e+01
1.440000e-06	-2.316189e-06	-6.161684e-10	-1.251938e+01	-7.763727e+01
1.450000e-06	-2.258125e-06	-6.059940e-10	-1.220553e+01	-7.646671e+01
1.460000e-06	-2.199658e-06	-5.949483e-10	-1.188951e+01	-7.528588e+01
1.470000e-06	-2.140854e-06	-5.837806e-10	-1.157167e+01	-7.409487e+01
1.480000e-06	-2.081878e-06	-5.734228e-10	-1.125289e+01	-7.289373e+01
1.490000e-06	-2.022895e-06	-5.636250e-10	-1.093408e+01	-7.168244e+01
1.500000e-06	-1.963758e-06	-5.532639e-10	-1.061443e+01	-7.046091e+01
1.510000e-06	-1.904458e-06	-5.422303e-10	-1.029391e+01	-6.922899e+01
1.520000e-06	-1.845051e-06	-5.318764e-10	-9.972801e+00	-6.798647e+01
1.530000e-06	-1.785557e-06	-5.225162e-10	-9.651229e+00	-6.673306e+01
1.540000e-06	-1.725948e-06	-5.124940e-10	-9.329032e+00	-6.546841e+01
1.550000e-06	-1.666281e-06	-5.006735e-10	-9.006523e+00	-6.419209e+01
1.560000e-06	-1.606603e-06	-4.883890e-10	-8.683950e+00	-6.290362e+01
1.570000e-06	-1.546891e-06	-4.780878e-10	-8.361198e+00	-6.160245e+01
1.580000e-06	-1.487125e-06	-4.687361e-10	-8.038155e+00	-6.028798e+01
1.590000e-06	-1.427233e-06	-4.577650e-10	-7.714428e+00	-5.895957e+01
1.600000e-06	-1.367244e-06	-4.457394e-10	-7.390177e+00	-5.761652e+01
1.610000e-06	-1.307245e-06	-4.340869e-10	-7.065873e+00	-5.625811e+01
1.620000e-06	-1.247190e-06	-4.229239e-10	-6.741266e+00	-5.488359e+01
1.630000e-06	-1.186992e-06	-4.120624e-10	-6.415888e+00	-5.349219e+01
1.640000e-06	-1.126699e-06	-4.007787e-10	-6.089991e+00	-5.208313e+01
1.650000e-06	-1.066360e-06	-3.884330e-10	-5.763853e+00	-5.065565e+01
1.660000e-06	-1.006013e-06	-3.767831e-10	-5.437667e+00	-4.920899e+01
1.670000e-06	-9.456249e-07	-3.659725e-10	-5.111258e+00	-4.774241e+01
1.680000e-06	-8.852142e-07	-3.538834e-10	-4.784728e+00	-4.625522e+01
1.690000e-06	-8.246295e-07	-3.412091e-10	-4.457258e+00	-4.474678e+01
1.700000e-06	-7.638650e-07	-3.287409e-10	-4.128816e+00	-4.321647e+01
1.710000e-06	-7.031779e-07	-3.165908e-10	-3.800792e+00	-4.166378e+01
1.720000e-06	-6.425391e-07	-3.049582e-10	-3.473029e+00	-4.008825e+01
1.730000e-06	-5.817610e-07	-2.925747e-10	-3.144513e+00	-3.848951e+01
1.740000e-06	-5.208454e-07	-2.788730e-10	-2.815254e+00	-3.686727e+01
1.750000e-06	-4.598796e-07	-2.650835e-10	-2.485724e+00	-3.522135e+01
1.760000e-06	-3.988668e-07	-2.517657e-10	-2.155940e+00	-3.355167e+01
1.770000e-06	-3.378640e-07	-2.387684e-10	-1.826210e+00	-3.185825e+01
1.780000e-06	-2.768066e-07	-2.264344e-10	-1.496185e+00	-3.014123e+01
1.790000e-06	-2.156978e-07	-2.129130e-10	-1.165882e+00	-2.840086e+01
1.800000e-06	-1.546377e-07	-1.975838e-10	-8.358423e-01	-2.663750e+01
1.810000e-06	-9.364015e-08	-1.830695e-10	-5.061403e-01	-2.485163e+01
1.820000e-06	-3.272116e-08	-1.693018e-10	-1.768632e-01	-2.304384e+01
1.830000e-06	2.822312e-08	-1.545234e-10	1.525506e-01	-2.121484e+01
1.840000e-06	8.925609e-08	-1.394637e-10	4.824438e-01	-1.936543e+01
1.850000e-06	1.503451e-07	-1.249471e-10	8.126396e-01	-1.749653e+01
1.860000e-06	2.113438e-07	-1.107307e-10	1.142348e+00	-1.560916e+01
1.870000e-06	2.723269e-07	-9.645225e-11	1.471971e+00	-1.370442e+01
1.880000e-06	3.334409e-07	-8.155894e-11	1.802302e+00	-1.178350e+01
1.890000e-06	3.945683e-07	-6.568054e-11	2.132706e+00	-9.847687e+00
1.900000e-06	4.555843e-07	-4.938102e-11	2.462508e+00	-7.898314e+00
1.910000e-06	5.165711e-07	-3.467603e-11	2.792151e+00	-5.936796e+00
1.920000e-06	5.776171e-07	-2.160735e-11	3.122115e+00	-3.964597e+00
1.930000e-06	6.385373e-07	-7.898330e-12	3.451399e+00	-1.983231e+00
1.940000e-06	6.993206e-07	7.596029e-12	3.779943e+00	5.748584e-03
1.950000e-06	7.599934e-07	2.397724e-11	4.107889e+00	2.000760e+00
1.960000e-06	8.205783e-07	3.983421e-11	4.435360e+00	4.000197e+00
1.970000e-06	8.811485e-07	5.468320e-11	4.762752e+00	6.002441e+00
1.980000e-06	9.416716e-07	6.909689e-11	5.089889e+00	8.005866e+00
1.990000e-06	1.002130e-06	8.402485e-11	5.416677e+00	1.000885e+01
2.000000e-06	1.062477e-06	9.944003e-11	5.742861e+00	1.200977e+01
2.010000e-06	1.122671e-06	1.149798e-10	6.068223e+00	1.400703e+01
2.020000e-06	1.182818e-06	1.310379e-10	6.393328e+00	1.599905e+01
2.030000e-06	1.242970e-06	1.469769e-10	6.718458e+00	1.798429e+01
2.040000e-06	1.303044e-06	1.621756e-10	7.043164e+00	1.996122e+01
2.050000e-06	1.362979e-06	1.772117e-10	7.367126e+00	2.192838e+01
2.060000e-06	1.422798e-06	1.919034e-10	7.690458e+00	2.388431e+01
2.070000e-06	1.482556e-06	2.064638e-10	8.013459e+00	2.582766e+01
2.080000e-06	1.542386e-06	2.213860e-10	8.336846e+00	2.775707e+01
2.090000e-06	1.602216e-06	2.363570e-10	8.660240e+00	2.967128e+01
2.100000e-06	1.661913e-06	2.510710e-10	8.982914e+00	3.156908e+01
2.110000e-06	1.721508e-06	2.658456e-10	9.305032e+00	3.344931e+01
2.120000e-06	1.781034e-06	2.811264e-10	9.626783e+00	3.531089e+01
2.130000e-06	1.840562e-06	2.961672e-10	9.948537e+00	3.715281e+01
2.140000e-06	1.900030e-06	3.093953e-10	1.026997e+01	3.897412e+01
2.150000e-06	1.959286e-06	3.223716e-10	1.059026e+01	4.077397e+01
2.160000e-06	2.018300e-06	3.364103e-10	1.090924e+01	4.255156e+01
2.170000e-06	2.077128e-06	3.498605e-10	1.122722e+01	4.430618e+01
2.180000e-06	2.135856e-06	3.632037e-10	1.154465e+01	4.603720e+01
2.190000e-06	2.194261e-06	3.780408e-10	1.186034e+01	4.774407e+01
2.200000e-06	2.252207e-06	3.929422e-10	1.217355e+01	4.942634e+01
2.210000e-06	2.309945e-06	4.068506e-10	1.248563e+01	5.108363e+01
2.220000e-06	2.367506e-06	4.202519e-10	1.279676e+01	5.271564e+01
2.230000e-06	2.424692e-06	4.327608e-10	1.310586e+01	5.432217e+01
2.240000e-06	2.481543e-06	4.450359e-10	1.341315e+01	5.590309e+01
2.250000e-06	2.538180e-06	4.570971e-10	1.371928e+01	5.745838e+01
2.260000e-06	2.594634e-06	4.683206e-10	1.402442e+01	5.898809e+01
2.270000e-06	2.650873e-06	4.794921e-10	1.432840e+01	6.049234e+01
2.280000e-06	2.706876e-06	4.912905e-10	1.463111e+01	6.197136e+01
2.290000e-06	2.762792e-06	5.031215e-10	1.493334e+01	6.342543e+01
2.300000e-06	2.818590e-06	5.148962e-10	1.523494e+01	6.485493e+01
2.310000e-06	2.874212e-06	5.281495e-10	1.553559e+01	6.626029e+01
2.320000e-06	2.929705e-06	5.426362e-10	1.583553e+01	6.764202e+01
2.330000e-06	2.985100e-06	5.552151e-10	1.613496e+01	6.900069e+01
2.340000e-06	3.040245e-06	5.651155e-10	1.643302e+01	7.033693e+01
2.350000e-06	3.095156e-06	5.736315e-10	1.672983e+01	7.165140e+01
2.360000e-06	3.149971e-06	5.810524e-10	1.702611e+01	7.294482e+01
2.370000e-06	3.204550e-06	5.886561e-10	1.732112e+01	7.421794e+01
2.380000e-06	3.258860e-06	5.980717e-10	1.761467e+01	7.547155e+01
2.390000e-06	3.312930e-06	6.096448e-10	1.790693e+01	7.670642e+01
2.400000e-06	3.366783e-06	6.221149e-10	1.819801e+01	7.792337e+01
2.410000e-06	3.420435e-06	6.341682e-10	1.848801e+01	7.912321e+01
2.420000e-06	3.473895e-06	6.450745e-10	1.877697e+01	8.030673e+01
2.430000e-06	3.527182e-06	6.540747e-10	1.906500e+01	8.147472e+01
2.440000e-06	3.580303e-06	6.617098e-10	1.935212e+01	8.262794e+01
2.450000e-06	3.633195e-06	6.690109e-10	1.963801e+01	8.376710e+01
2.460000e-06	3.685614e-06	6.764428e-10	1.992135e+01	8.489291e+01
2.470000e-06	3.737636e-06	6.840546e-10	2.020253e+01	8.600598e+01
2.480000e-06	3.789464e-06	6.927997e-10	2.048267e+01	8.710691e+01
2.490000e-06	3.841022e-06	7.025095e-10	2.076135e+01	8.819621e+01
2.500000e-06	3.892285e-06	7.122653e-10	2.103844e+01	8.927434e+01
2.510000e-06	3.943239e-06	7.219222e-10	2.131385e+01	9.034170e+01
2.520000e-06	3.993717e-06	7.301375e-10	2.158669e+01	9.139859e+01
2.530000e-06	4.043685e-06	7.368286e-10	2.185678e+01	9.244525e+01
2.540000e-06	4.093228e-06	7.434441e-10	2.212457e+01	9.348185e+01
2.550000e-06	4.142209e-06	7.503270e-10	2.238932e+01	9.450848e+01
2.560000e-06	4.190720e-06	7.570011e-10	2.265153e+01	9.552516e+01
2.570000e-06	4.238922e-06	7.643494e-10	2.291207e+01	9.653184e+01
2.580000e-06	4.286849e-06	7.723190e-10	2.317112e+01	9.752838e+01
2.590000e-06	4.334491e-06	7.808081e-10	2.342864e+01	9.851461e+01
2.600000e-06	4.381905e-06	7.899091e-10	2.368491e+01	9.949030e+01
2.610000e-06	4.429136e-06	7.976076e-10	2.394021e+01	1.004551e+02
2.620000e-06	4.476097e-06	8.035797e-10	2.419404e+01	1.014088e+02
2.630000e-06	4.522755e-06	8.100186e-10	2.444623e+01	1.023509e+02
2.640000e-06	4.569041e-06	8.173504e-10	2.469641e+01	1.032811e+02
2.650000e-06	4.615001e-06	8.241481e-10	2.494484e+01	1.041989e+02
2.660000e-06	4.660767e-06	8.301068e-10	2.519221e+01	1.051039e+02
2.670000e-06	4.706194e-06	8.363816e-10	2.543775e+01	1.059957e+02
2.680000e-06	4.751179e-06	8.441960e-10	2.568090e+01	1.068738e+02
2.690000e-06	4.795781e-06	8.519549e-10	2.592198e+01	1.077379e+02
2.700000e-06	4.840044e-06	8.583326e-10	2.616123e+01	1.085876e+02
2.710000e-06	4.884108e-06	8.647656e-10	2.639940e+01	1.094224e+02
2.720000e-06	4.928010e-06	8.720829e-10	2.663670e+01	1.102422e+02
2.730000e-06	4.971711e-06	8.800210e-10	2.687291e+01	1.110467e+02
2.740000e-06	5.015155e-06	8.872386e-10	2.710773e+01	1.118356e+02
2.750000e-06	5.058189e-06	8.930328e-10	2.734034e+01	1.126087e+02
2.760000e-06	5.100660e-06	8.981847e-10	2.756990e+01	1.133660e+02
2.770000e-06	5.142695e-06	9.046553e-10	2.779711e+01	1.141074e+02
2.780000e-06	5.184236e-06	9.128083e-10	2.802165e+01	1.148329e+02
2.790000e-06	5.225127e-06	9.199410e-10	2.824267e+01	1.155427e+02
2.800000e-06	5.265548e-06	9.256783e-10	2.846115e+01	1.162368e+02
2.810000e-06	5.305584e-06	9.317202e-10	2.867755e+01	1.169155e+02
2.820000e-06	5.345308e-06	9.387175e-10	2.889226e+01	1.175790e+02
2.830000e-06	5.384743e-06	9.456694e-10	2.910542e+01	1.182277e+02
2.840000e-06	5.423921e-06	9.517618e-10	2.931718e+01	1.188618e+02
2.850000e-06	5.462810e-06	9.567676e-10	2.952738e+01	1.194819e+02
2.860000e-06	5.501327e-06	9.608501e-10	2.973557e+01	1.200883e+02
2.870000e-06	5.539509e-06	9.659792e-10	2.994195e+01	1.206816e+02
2.880000e-06	5.577227e-06	9.722620e-10	3.014583e+01	1.212622e+02
2.890000e-06	5.614407e-06	9.781332e-10	3.034679e+01	1.218307e+02
2.900000e-06	5.651152e-06	9.836369e-10	3.054540e+01	1.223876e+02
2.910000e-06	5.687583e-06	9.892672e-10	3.074232e+01	1.229335e+02
2.920000e-06	5.723716e-06	9.953495e-10	3.093762e+01	1.234690e+02
2.930000e-06	5.759562e-06	1.001386e-09	3.113138e+01	1.239945e+02
2.940000e-06	5.795144e-06	1.005497e-09	3.132370e+01	1.245107e+02
2.950000e-06	5.830442e-06	1.007810e-09	3.151450e+01	1.250181e+02
2.960000e-06	5.865456e-06	1.011840e-09	3.170375e+01	1.255171e+02
2.970000e-06	5.899872e-06	1.018337e-09	3.188978e+01	1.260082e+02
2.980000e-06	5.933552e-06	1.024479e-09	3.207182e+01	1.264920e+02
2.990000e-06	5.966518e-06	1.029187e-09	3.225001e+01	1.269687e+02
3.000000e-06	5.998898e-06	1.033151e-09	3.242502e+01	1.274389e+02
3.010000e-06	6.030932e-06	1.037581e-09	3.259817e+01	1.279029e+02
3.020000e-06	6.062558e-06	1.043160e-09	3.276912e+01	1.283610e+02
3.030000e-06	6.093783e-06	1.049566e-09	3.293789e+01	1.288135e+02
3.040000e-06	6.124608e-06	1.054377e-09	3.310451e+01	1.292606e+02
3.050000e-06	6.154940e-06	1.058659e-09	3.326846e+01	1.297026e+02
3.060000e-06	6.184908e-06	1.064120e-09	3.343044e+01	1.301396e+02
3.070000e-06	6.214523e-06	1.068339e-09	3.359051e+01	1.305718e+02
3.080000e-06	6.243611e-06	1.071914e-09	3.374774e+01	1.309994e+02
3.090000e-06	6.272250e-06	1.076333e-09	3.390254e+01	1.314224e+02
3.100000e-06	6.300517e-06	1.080811e-09	3.405533e+01	1.318409e+02
3.110000e-06	6.328450e-06	1.085032e-09	3.420631e+01	1.322549e+02
3.120000e-06	6.356170e-06	1.089805e-09	3.435614e+01	1.326645e+02
3.130000e-06	6.383604e-06	1.094220e-09	3.450443e+01	1.330697e+02
3.140000e-06	6.410606e-06	1.098006e-09	3.465038e+01	1.334704e+02
3.150000e-06	6.437142e-06	1.101837e-09	3.479380e+01	1.338667e+02
3.160000e-06	6.463014e-06	1.105976e-09	3.493365e+01	1.342585e+02
3.170000e-06	6.488111e-06	1.110922e-09	3.506930e+01	1.346458e+02
3.180000e-06	6.512454e-06	1.115256e-09	3.520088e+01	1.350285e+02
3.190000e-06	6.536335e-06	1.118608e-09	3.532996e+01	1.354066e+02
3.200000e-06	6.559826e-06	1.121439e-09	3.545693e+01	1.357799e+02
3.210000e-06	6.582909e-06	1.124343e-09	3.558170e+01	1.361484e+02
3.220000e-06	6.605641e-06	1.128031e-09	3.570457e+01	1.365119e+02
3.230000e-06	6.627846e-06	1.131869e-09	3.582459e+01	1.368705e+02
3.240000e-06	6.649598e-06	1.135481e-09	3.594217e+01	1.372239e+02
3.250000e-06	6.670820e-06	1.138518e-09	3.605687e+01	1.375720e+02
3.260000e-06	6.691530e-06	1.141184e-09	3.616882e+01	1.379147e+02
3.270000e-06	6.711908e-06	1.143965e-09	3.627896e+01	1.382519e+02
3.280000e-06	6.731931e-06	1.146412e-09	3.638719e+01	1.385833e+02
3.290000e-06	6.751604e-06	1.149113e-09	3.649353e+01	1.389088e+02
3.300000e-06	6.770945e-06	1.152049e-09	3.659807e+01	1.392282e+02
3.310000e-06	6.789840e-06	1.155327e-09	3.670020e+01	1.395412e+02
3.320000e-06	6.808080e-06	1.158883e-09	3.679879e+01	1.398477e+02
3.330000e-06	6.825802e-06	1.161183e-09	3.689458e+01	1.401474e+02
3.340000e-06	6.843172e-06	1.163431e-09	3.698846e+01	1.404399e+02
3.350000e-06	6.859979e-06	1.166915e-09	3.707931e+01	1.407252e+02
3.360000e-06	6.876210e-06	1.170771e-09	3.716704e+01	1.410027e+02
3.370000e-06	6.891945e-06	1.174346e-09	3.725209e+01	1.412724e+02
3.380000e-06	6.907136e-06	1.178354e-09	3.733420e+01	1.415338e+02
3.390000e-06	6.921860e-06	1.181972e-09	3.741379e+01	1.417866e+02
3.400000e-06	6.936078e-06	1.185396e-09	3.749064e+01	1.420305e+02
3.410000e-06	6.949622e-06	1.189628e-09	3.756384e+01	1.422653e+02
3.420000e-06	6.962562e-06	1.192733e-09	3.763379e+01	1.424905e+02
3.430000e-06	6.975089e-06	1.194123e-09	3.770150e+01	1.427060e+02
3.440000e-06	6.987188e-06	1.196023e-09	3.776690e+01	1.429113e+02
3.450000e-06	6.998693e-06	1.200448e-09	3.782908e+01	1.431062e+02
3.460000e-06	7.009561e-06	1.205785e-09	3.788783e+01	1.432905e+02
3.470000e-06	7.019872e-06	1.209014e-09	3.794356e+01	1.434638e+02
3.480000e-06	7.029442e-06	1.209834e-09	3.799529e+01	1.436262e+02
3.490000e-06	7.038224e-06	1.210530e-09	3.804275e+01	1.437772e+02
3.500000e-06	7.046460e-06	1.212975e-09	3.808727e+01	1.439168e+02
3.510000e-06	7.054222e-06	1.216480e-09	3.812923e+01	1.440449e+02
3.520000e-06	7.061636e-06	1.218796e-09	3.816930e+01	1.441615e+02
3.530000e-06	7.068697e-06	1.220321e-09	3.820747e+01	1.442665e+02
3.540000e-06	7.075309e-06	1.222638e-09	3.824320e+01	1.443599e+02
3.550000e-06	7.081436e-06	1.224946e-09	3.827632e+01	1.444417e+02
3.560000e-06	7.086998e-06	1.226941e-09	3.830639e+01	1.445122e+02
3.570000e-06	7.091972e-06	1.228913e-09	3.833327e+01	1.445715e+02
3.580000e-06	7.096431e-06	1.231129e-09	3.835737e+01	1.446197e+02
3.590000e-06	7.100532e-06	1.233911e-09	3.837954e+01	1.446572e+02
3.600000e-06	7.104334e-06	1.235956e-09	3.840009e+01	1.446841e+02
3.610000e-06	7.107737e-06	1.236960e-09	3.841848e+01	1.447009e+02
3.620000e-06	7.110595e-06	1.237138e-09	3.843393e+01	1.447078e+02
3.630000e-06	7.112868e-06	1.236928e-09	3.844622e+01	1.447053e+02
3.640000e-06	7.114363e-06	1.238492e-09	3.845430e+01	1.446937e+02
3.650000e-06	7.115160e-06	1.240883e-09	3.845861e+01	1.446735e+02
3.660000e-06	7.115418e-06	1.241642e-09	3.846000e+01	1.446452e+02
3.670000e-06	7.115075e-06	1.241530e-09	3.845815e+01	1.446091e+02
3.680000e-06	7.114386e-06	1.240852e-09	3.845442e+01	1.445658e+02
3.690000e-06	7.113386e-06	1.239932e-09	3.844902e+01	1.445157e+02
3.700000e-06	7.111810e-06	1.239893e-09	3.844050e+01	1.444593e+02
3.710000e-06	7.109688e-06	1.239671e-09	3.842903e+01	1.443970e+02
3.720000e-06	7.107217e-06	1.240023e-09	3.841567e+01	1.443292e+02
3.730000e-06	7.104301e-06	1.244669e-09	3.839991e+01	1.442565e+02
3.740000e-06	7.100911e-06	1.246884e-09	3.838159e+01	1.441791e+02
3.750000e-06	7.097050e-06	1.220129e-09	3.836072e+01	1.440975e+02
3.760000e-06	7.092482e-06	1.195125e-09	3.833603e+01	1.440120e+02
3.770000e-06	7.087273e-06	1.266734e-09	3.830787e+01	1.439229e+02
3.780000e-06	7.081428e-06	1.316039e-09	3.827628e+01	1.438304e+02
3.790000e-06	7.075007e-06	1.197499e-09	3.824157e+01	1.437349e+02
3.800000e-06	7.068256e-06	1.129819e-09	3.820508e+01	1.436365e+02
3.810000e-06	7.061148e-06	1.267680e-09	3.816666e+01	1.435354e+02
3.820000e-06	7.053555e-06	1.347452e-09	3.812562e+01	1.434317e+02
3.830000e-06	7.045444e-06	1.182936e-09	3.808178e+01	1.433255e+02
3.840000e-06	7.036840e-06	1.089066e-09	3.803527e+01	1.432169e+02
3.850000e-06	7.027821e-06	1.297302e-09	3.798652e+01	1.431060e+02
3.860000e-06	7.018329e-06	1.404051e-09	3.793522e+01	1.429926e+02
3.870000e-06	7.008257e-06	1.158563e-09	3.788078e+01	1.428768e+02
3.880000e-06	6.997733e-06	1.056340e-09	3.782389e+01	1.427585e+02
3.890000e-06	6.986755e-06	1.326681e-09	3.776456e+01	1.426377e+02
3.900000e-06	6.975202e-06	1.398609e-09	3.770211e+01	1.425142e+02
3.910000e-06	6.962958e-06	1.114623e-09	3.763593e+01	1.423879e+02
3.920000e-06	6.950102e-06	1.099541e-09	3.756644e+01	1.422587e+02
3.930000e-06	6.936800e-06	1.379983e-09	3.749454e+01	1.421264e+02
3.940000e-06	6.922773e-06	1.316321e-09	3.741872e+01	1.419909e+02
3.950000e-06	6.907908e-06	1.056075e-09	3.733838e+01	1.418521e+02
3.960000e-06	6.892395e-06	1.193990e-09	3.725452e+01	1.417097e+02
3.970000e-06	6.876418e-06	1.394369e-09	3.716817e+01	1.415636e+02
3.980000e-06	6.860026e-06	1.188054e-09	3.707956e+01	1.414136e+02
3.990000e-06	6.843174e-06	1.086454e-09	3.698847e+01	1.412597e+02
4.000000e-06	6.825915e-06	1.337445e-09	3.689519e+01	1.411016e+02
4.010000e-06	6.808167e-06	1.319809e-09	3.679926e+01	1.409392e+02
4.020000e-06	6.790061e-06	1.067498e-09	3.670139e+01	1.407723e+02
4.030000e-06	6.771547e-06	1.195190e-09	3.660132e+01	1.406009e+02
4.040000e-06	6.752392e-06	1.390482e-09	3.649779e+01	1.404249e+02
4.050000e-06	6.732692e-06	1.182546e-09	3.639130e+01	1.402440e+02
4.060000e-06	6.712619e-06	1.092255e-09	3.628280e+01	1.400583e+02
4.070000e-06	6.692288e-06	1.324553e-09	3.617291e+01	1.398676e+02
4.080000e-06	6.671580e-06	1.290917e-09	3.606098e+01	1.396719e+02
4.090000e-06	6.650266e-06	1.098271e-09	3.594578e+01	1.394710e+02
4.100000e-06	6.628424e-06	1.228330e-09	3.582772e+01	1.392650e+02
4.110000e-06	6.605922e-06	1.321345e-09	3.570609e+01	1.390536e+02
4.120000e-06	6.582579e-06	1.149174e-09	3.557992e+01	1.388370e+02
4.130000e-06	6.558672e-06	1.170038e-09	3.545070e+01	1.386150e+02
4.140000e-06	6.534464e-06	1.311232e-09	3.531985e+01	1.383876e+02
4.150000e-06	6.509858e-06	1.200861e-09	3.518685e+01	1.381547e+02
4.160000e-06	6.484861e-06	1.136154e-09	3.505173e+01	1.379163e+02
4.170000e-06	6.459479e-06	1.266765e-09	3.491454e+01	1.376723e+02
4.180000e-06	6.433531e-06	1.239309e-09	3.477429e+01	1.374227e+02
4.190000e-06	6.407073e-06	1.147174e-09	3.463128e+01	1.371674e+02
4.200000e-06	6.380158e-06	1.226520e-09	3.448580e+01	1.369063e+02
4.210000e-06	6.352799e-06	1.241525e-09	3.433792e+01	1.366394e+02
4.220000e-06	6.325083e-06	1.158497e-09	3.418811e+01	1.363666e+02
4.230000e-06	6.297018e-06	1.199398e-09	3.403642e+01	1.360879e+02
4.240000e-06	6.268545e-06	1.236467e-09	3.388251e+01	1.358031e+02
4.250000e-06	6.239733e-06	1.174683e-09	3.372678e+01	1.355122e+02
4.260000e-06	6.210480e-06	1.182643e-09	3.356866e+01	1.352151e+02
4.270000e-06	6.180536e-06	1.219861e-09	3.340681e+01	1.349117e+02
4.280000e-06	6.149994e-06	1.185975e-09	3.324172e+01	1.346019e+02
4.290000e-06	6.118936e-06	1.178511e-09	3.307385e+01	1.342857e+02
4.300000e-06	6.087262e-06	1.197601e-09	3.290265e+01	1.339629e+02
4.310000e-06	6.055087e-06	1.177762e-09	3.272874e+01	1.336334e+02
4.320000e-06	6.022611e-06	1.174800e-09	3.255320e+01	1.332971e+02
4.330000e-06	5.989777e-06	1.189058e-09	3.237573e+01	1.329540e+02
4.340000e-06	5.956479e-06	1.175280e-09	3.219574e+01	1.326040e+02
4.350000e-06	5.922777e-06	1.171290e-09	3.201358e+01	1.322469e+02
4.360000e-06	5.888686e-06	1.177826e-09	3.182931e+01	1.318827e+02
4.370000e-06	5.854183e-06	1.167081e-09	3.164282e+01	1.315113e+02
4.380000e-06	5.819253e-06	1.166918e-09	3.145402e+01	1.311325e+02
4.390000e-06	5.783887e-06	1.170843e-09	3.126286e+01	1.307464e+02
4.400000e-06	5.748154e-06	1.155595e-09	3.106972e+01	1.303529e+02
4.410000e-06	5.712163e-06	1.152537e-09	3.087517e+01	1.299519e+02
4.420000e-06	5.675932e-06	1.160876e-09	3.067934e+01	1.295433e+02
4.430000e-06	5.639404e-06	1.151030e-09	3.048191e+01	1.291271e+02
4.440000e-06	5.602443e-06	1.141595e-09	3.028212e+01	1.287032e+02
4.450000e-06	5.565086e-06	1.144297e-09	3.008020e+01	1.282717e+02
4.460000e-06	5.527247e-06	1.141400e-09	2.987567e+01	1.278323e+02
4.470000e-06	5.488608e-06	1.135603e-09	2.966682e+01	1.273853e+02
4.480000e-06	5.449324e-06	1.134215e-09	2.945449e+01	1.269304e+02
4.490000e-06	5.409607e-06	1.130054e-09	2.923981e+01	1.264677e+02
4.500000e-06	5.369456e-06	1.123282e-09	2.902279e+01	1.259972e+02
4.510000e-06	5.329030e-06	1.120734e-09	2.880428e+01	1.255188e+02
4.520000e-06	5.288487e-06	1.120403e-09	2.858514e+01	1.250326e+02
4.530000e-06	5.247664e-06	1.116967e-09	2.836448e+01	1.245385e+02
4.540000e-06	5.206335e-06	1.111327e-09	2.814109e+01	1.240365e+02
4.550000e-06	5.164594e-06	1.107326e-09	2.791548e+01	1.235265e+02
4.560000e-06	5.122584e-06	1.105377e-09	2.768841e+01	1.230087e+02
4.570000e-06	5.080280e-06	1.101509e-09	2.745974e+01	1.224829e+02
4.580000e-06	5.037590e-06	1.093212e-09	2.722900e+01	1.219491e+02
4.590000e-06	4.994464e-06	1.085618e-09	2.699590e+01	1.214073e+02
4.600000e-06	4.950942e-06	1.083354e-09	2.676065e+01	1.208575e+02
4.610000e-06	4.907092e-06	1.082396e-09	2.652364e+01	1.202995e+02
4.620000e-06	4.863013e-06	1.079156e-09	2.628538e+01	1.197333e+02
4.630000e-06	4.818778e-06	1.074752e-09	2.604628e+01	1.191589e+02
4.640000e-06	4.774318e-06	1.070341e-09	2.580597e+01	1.185761e+02
4.650000e-06	4.729576e-06	1.065045e-09	2.556413e+01	1.179848e+02
4.660000e-06	4.684439e-06	1.059702e-09	2.532016e+01	1.173850e+02
4.670000e-06	4.638928e-06	1.053936e-09	2.507417e+01	1.167764e+02
4.680000e-06	4.593072e-06	1.046626e-09	2.482631e+01	1.161589e+02
4.690000e-06	4.546789e-06	1.040153e-09	2.457614e+01	1.155323e+02
4.700000e-06	4.500121e-06	1.036621e-09	2.432389e+01	1.148964e+02
4.710000e-06	4.453132e-06	1.034187e-09	2.406991e+01	1.142510e+02
4.720000e-06	4.405855e-06	1.029410e-09	2.381437e+01	1.135959e+02
4.730000e-06	4.358261e-06	1.021071e-09	2.355711e+01	1.129309e+02
4.740000e-06	4.310343e-06	1.013691e-09	2.329811e+01	1.122556e+02
4.750000e-06	4.262092e-06	1.009454e-09	2.303730e+01	1.115698e+02
4.760000e-06	4.213590e-06	1.004579e-09	2.277514e+01	1.108732e+02
4.770000e-06	4.164797e-06	9.982676e-10	2.251141e+01	1.101655e+02
4.780000e-06	4.115551e-06	9.928064e-10	2.224523e+01	1.094464e+02
4.790000e-06	4.066053e-06	9.885036e-10	2.197768e+01	1.087155e+02
4.800000e-06	4.016238e-06	9.838479e-10	2.170842e+01	1.079727e+02
4.810000e-06	3.966065e-06	9.782835e-10	2.143723e+01	1.072175e+02
4.820000e-06	3.915688e-06	9.710582e-10	2.116493e+01	1.064496e+02
4.830000e-06	3.864944e-06	9.631799e-10	2.089065e+01	1.056688e+02
4.840000e-06	3.813810e-06	9.563204e-10	2.061427e+01	1.048747e+02
4.850000e-06	3.762399e-06	9.501472e-10	2.033638e+01	1.040671e+02
4.860000e-06	3.710726e-06	9.438515e-10	2.005708e+01	1.032457e+02
4.870000e-06	3.658813e-06	9.367280e-10	1.977648e+01	1.024103e+02
4.880000e-06	3.606708e-06	9.291615e-10	1.949485e+01	1.015606e+02
4.890000e-06	3.554323e-06	9.223896e-10	1.921170e+01	1.006966e+02
4.900000e-06	3.501707e-06	9.169176e-10	1.892730e+01	9.981803e+01
4.910000e-06	3.448886e-06	9.103156e-10	1.864179e+01	9.892479e+01
4.920000e-06	3.395706e-06	9.014933e-10	1.835435e+01	9.801680e+01
4.930000e-06	3.342014e-06	8.933034e-10	1.806414e+01	9.709404e+01
4.940000e-06	3.287769e-06	8.861948e-10	1.777093e+01	9.615651e+01
4.950000e-06	3.233140e-06	8.787898e-10	1.747565e+01	9.520424e+01
4.960000e-06	3.178281e-06	8.698806e-10	1.717913e+01	9.423732e+01
4.970000e-06	3.123113e-06	8.601247e-10	1.688094e+01	9.325588e+01
4.980000e-06	3.067584e-06	8.512729e-10	1.658079e+01	9.226006e+01
4.990000e-06	3.011777e-06	8.427464e-10	1.627915e+01	9.125007e+01
5.000000e-06	2.955797e-06	8.342484e-10	1.597657e+01	9.022614e+01
5.010000e-06	2.899732e-06	8.256917e-10	1.567352e+01	8.918852e+01
5.020000e-06	2.843537e-06	8.169061e-10	1.536978e+01	8.813749e+01
5.030000e-06	2.787230e-06	8.090361e-10	1.506543e+01	8.707336e+01
5.040000e-06	2.730755e-06	8.011754e-10	1.476018e+01	8.599644e+01
5.050000e-06	2.674098e-06	7.921263e-10	1.445394e+01	8.490707e+01
5.060000e-06	2.617310e-06	7.818528e-10	1.414699e+01	8.380556e+01
5.070000e-06	2.560299e-06	7.702663e-10	1.383884e+01	8.269226e+01
5.080000e-06	2.503104e-06	7.591252e-10	1.352969e+01	8.156747e+01
5.090000e-06	2.445674e-06	7.492133e-10	1.321927e+01	8.043150e+01
5.100000e-06	2.388049e-06	7.397781e-10	1.290780e+01	7.928461e+01
5.110000e-06	2.330220e-06	7.294842e-10	1.259522e+01	7.812705e+01
5.120000e-06	2.272195e-06	7.182279e-10	1.228158e+01	7.695902e+01
5.130000e-06	2.214149e-06	7.070695e-10	1.196784e+01	7.578069e+01
5.140000e-06	2.155932e-06	6.955758e-10	1.165317e+01	7.459217e+01
5.150000e-06	2.097456e-06	6.834174e-10	1.133709e+01	7.339351e+01
5.160000e-06	2.038868e-06	6.715970e-10	1.102042e+01	7.218470e+01
5.170000e-06	1.980316e-06	6.606769e-10	1.070393e+01	7.096569e+01
5.180000e-06	1.921672e-06	6.499663e-10	1.038695e+01	6.973634e+01
5.190000e-06	1.862782e-06	6.393812e-10	1.006864e+01	6.849644e+01
5.200000e-06	1.803625e-06	6.282340e-10	9.748889e+00	6.724573e+01
5.210000e-06	1.744334e-06	6.157972e-10	9.428411e+00	6.598387e+01
5.220000e-06	1.685034e-06	6.040079e-10	9.107885e+00	6.471045e+01
5.230000e-06	1.625609e-06	5.934762e-10	8.786683e+00	6.342501e+01
5.240000e-06	1.566128e-06	5.810298e-10	8.465178e+00	6.212702e+01
5.250000e-06	1.506546e-06	5.673493e-10	8.143129e+00	6.081588e+01
5.260000e-06	1.446806e-06	5.556602e-10	7.820223e+00	5.949096e+01
5.270000e-06	1.386934e-06	5.442069e-10	7.496606e+00	5.815159e+01
5.280000e-06	1.326932e-06	5.307297e-10	7.172287e+00	5.679703e+01
5.290000e-06	1.266887e-06	5.160478e-10	6.847734e+00	5.542656e+01
5.300000e-06	1.206805e-06	5.023117e-10	6.522979e+00	5.403939e+01
5.310000e-06	1.146640e-06	4.901346e-10	6.197779e+00	5.263477e+01
5.320000e-06	1.086370e-06	4.782531e-10	5.872007e+00	5.121191e+01
5.330000e-06	1.026098e-06	4.662258e-10	5.546230e+00	4.977006e+01
5.340000e-06	9.659021e-07	4.535784e-10	5.220859e+00	4.830847e+01
5.350000e-06	9.056411e-07	4.396485e-10	4.895138e+00	4.682645e+01
5.360000e-06	8.452611e-07	4.253743e-10	4.568775e+00	4.532332e+01
5.370000e-06	7.849057e-07	4.114269e-10	4.242544e+00	4.379848e+01
5.380000e-06	7.245370e-07	3.974852e-10	3.916241e+00	4.225138e+01
5.390000e-06	6.641786e-07	3.828779e-10	3.589994e+00	4.068154e+01
5.400000e-06	6.037649e-07	3.677916e-10	3.263448e+00	3.908858e+01
5.410000e-06	5.432925e-07	3.536455e-10	2.936585e+00	3.747218e+01
5.420000e-06	4.828530e-07	3.399375e-10	2.609900e+00	3.583214e+01
5.430000e-06	4.222866e-07	3.251425e-10	2.282528e+00	3.416834e+01
5.440000e-06	3.616816e-07	3.090449e-10	1.954949e+00	3.248080e+01
5.450000e-06	3.010902e-07	2.932090e-10	1.627442e+00	3.076960e+01
5.460000e-06	2.404816e-07	2.781970e-10	1.299843e+00	2.903499e+01
5.470000e-06	1.798884e-07	2.631974e-10	9.723260e-01	2.727728e+01
5.480000e-06	1.193204e-07	2.476358e-10	6.449462e-01	2.549693e+01
5.490000e-06	5.880673e-08	2.315574e-10	3.178600e-01	2.369451e+01
5.500000e-06	-1.727405e-09	2.145541e-10	-9.336910e-03	2.187068e+01
5.510000e-06	-6.227792e-08	1.968904e-10	-3.366224e-01	2.002624e+01
5.520000e-06	-1.228163e-07	1.794056e-10	-6.638423e-01	1.816207e+01
5.530000e-06	-1.833520e-07	1.616146e-10	-9.910478e-01	1.627916e+01
5.540000e-06	-2.438621e-07	1.445827e-10	-1.318115e+00	1.437860e+01
5.550000e-06	-3.044127e-07	1.285837e-10	-1.645401e+00	1.246156e+01
5.560000e-06	-3.649816e-07	1.115982e-10	-1.972785e+00	1.052929e+01
5.570000e-06	-4.255407e-07	9.247967e-11	-2.300117e+00	8.583121e+00
5.580000e-06	-4.860503e-07	7.222617e-11	-2.627182e+00	6.624449e+00
5.590000e-06	-5.464747e-07	5.288490e-11	-2.953785e+00	4.654726e+00
5.600000e-06	-6.068253e-07	3.495464e-11	-3.279990e+00	2.675454e+00
5.610000e-06	-6.671521e-07	1.744752e-11	-3.606066e+00	6.881760e-01
5.620000e-06	-7.274664e-07	-8.925443e-13	-3.932075e+00	-1.305531e+00
5.630000e-06	-7.877667e-07	-1.967581e-11	-4.258008e+00	-3.304068e+00
5.640000e-06	-8.481162e-07	-3.892440e-11	-4.584207e+00	-5.305817e+00
5.650000e-06	-9.084619e-07	-5.858145e-11	-4.910385e+00	-7.309153e+00
5.660000e-06	-9.687409e-07	-7.771798e-11	-5.236203e+00	-9.312451e+00
5.670000e-06	-1.028943e-06	-9.636356e-11	-5.561607e+00	-1.131409e+01
5.680000e-06	-1.089111e-06	-1.143224e-10	-5.886825e+00	-1.331247e+01
5.690000e-06	-1.149197e-06	-1.329515e-10	-6.211597e+00	-1.530601e+01
5.700000e-06	-1.209185e-06	-1.520298e-10	-6.535842e+00	-1.729314e+01
5.710000e-06	-1.269211e-06	-1.697917e-10	-6.860292e+00	-1.927234e+01
5.720000e-06	-1.329253e-06	-1.871908e-10	-7.184833e+00	-2.124213e+01
5.730000e-06	-1.389169e-06	-2.054063e-10	-7.508684e+00	-2.320105e+01
5.740000e-06	-1.448842e-06	-2.236541e-10	-7.831229e+00	-2.514773e+01
5.750000e-06	-1.508427e-06	-2.428999e-10	-8.153297e+00	-2.708080e+01
5.760000e-06	-1.567970e-06	-2.634007e-10	-8.475134e+00	-2.899898e+01
5.770000e-06	-1.627475e-06	-2.828483e-10	-8.796769e+00	-3.090105e+01
5.780000e-06	-1.686906e-06	-3.006220e-10	-9.118001e+00	-3.278582e+01
5.790000e-06	-1.746148e-06	-3.182418e-10	-9.438214e+00	-3.465222e+01
5.800000e-06	-1.805325e-06	-3.355286e-10	-9.758077e+00	-3.649920e+01
5.810000e-06	-1.864352e-06	-3.516649e-10	-1.007713e+01	-3.832580e+01
5.820000e-06	-1.923190e-06	-3.683556e-10	-1.039516e+01	-4.013115e+01
5.830000e-06	-1.981938e-06	-3.863603e-10	-1.071270e+01	-4.191443e+01
5.840000e-06	-2.040491e-06	-4.047021e-10	-1.102919e+01	-4.367490e+01
5.850000e-06	-2.098865e-06	-4.215532e-10	-1.134471e+01	-4.541193e+01
5.860000e-06	-2.157075e-06	-4.363214e-10	-1.165934e+01	-4.712495e+01
5.870000e-06	-2.215113e-06	-4.508614e-10	-1.197305e+01	-4.881346e+01
5.880000e-06	-2.273024e-06	-4.657524e-10	-1.228607e+01	-5.047708e+01
5.890000e-06	-2.330756e-06	-4.805189e-10	-1.259812e+01	-5.211548e+01
5.900000e-06	-2.388247e-06	-4.959551e-10	-1.290887e+01	-5.372845e+01
5.910000e-06	-2.445468e-06	-5.108031e-10	-1.321815e+01	-5.531584e+01
5.920000e-06	-2.502493e-06	-5.243871e-10	-1.352639e+01	-5.687759e+01
5.930000e-06	-2.559352e-06	-5.384496e-10	-1.383372e+01	-5.841374e+01
5.940000e-06	-2.616002e-06	-5.533654e-10	-1.413992e+01	-5.992439e+01
5.950000e-06	-2.672571e-06	-5.685126e-10	-1.444568e+01	-6.140974e+01
5.960000e-06	-2.729069e-06	-5.828954e-10	-1.475106e+01	-6.287007e+01
5.970000e-06	-2.785392e-06	-5.956831e-10	-1.505550e+01	-6.430573e+01
5.980000e-06	-2.841671e-06	-6.075858e-10	-1.535970e+01	-6.571713e+01
5.990000e-06	-2.897837e-06	-6.193253e-10	-1.566328e+01	-6.710478e+01
6.000000e-06	-2.953807e-06	-6.309494e-10	-1.596581e+01	-6.846921e+01
6.010000e-06	-3.009675e-06	-6.418786e-10	-1.626779e+01	-6.981105e+01
6.020000e-06	-3.065283e-06	-6.527391e-10	-1.656836e+01	-7.113095e+01
6.030000e-06	-3.120539e-06	-6.659749e-10	-1.686702e+01	-7.242962e+01
6.040000e-06	-3.175541e-06	-6.804082e-10	-1.716432e+01	-7.370780e+01
6.050000e-06	-3.230191e-06	-6.924728e-10	-1.745971e+01	-7.496626e+01
6.060000e-06	-3.284476e-06	-7.031893e-10	-1.775313e+01	-7.620580e+01
6.070000e-06	-3.338396e-06	-7.146827e-10	-1.804458e+01	-7.742721e+01
6.080000e-06	-3.391862e-06	-7.266790e-10	-1.833357e+01	-7.863131e+01
6.090000e-06	-3.444968e-06	-7.386746e-10	-1.862061e+01	-7.981889e+01
6.100000e-06	-3.497777e-06	-7.492591e-10	-1.890606e+01	-8.099074e+01
6.110000e-06	-3.550212e-06	-7.580408e-10	-1.918948e+01	-8.214764e+01
6.120000e-06	-3.602368e-06	-7.660420e-10	-1.947139e+01	-8.329030e+01
6.130000e-06	-3.654349e-06	-7.753791e-10	-1.975235e+01	-8.441944e+01
6.140000e-06	-3.706105e-06	-7.869002e-10	-2.003210e+01	-8.553569e+01
6.150000e-06	-3.757594e-06	-7.981699e-10	-2.031041e+01	-8.663965e+01
6.160000e-06	-3.808705e-06	-8.086466e-10	-2.058668e+01	-8.773187e+01
6.170000e-06	-3.859459e-06	-8.183945e-10	-2.086101e+01	-8.881281e+01
6.180000e-06	-3.910052e-06	-8.265160e-10	-2.113447e+01	-8.988289e+01
6.190000e-06	-3.960485e-06	-8.340468e-10	-2.140707e+01	-9.094242e+01
6.200000e-06	-4.010609e-06	-8.418072e-10	-2.167800e+01	-9.199167e+01
6.210000e-06	-4.060231e-06	-8.497329e-10	-2.194621e+01	-9.303083e+01
6.220000e-06	-4.109408e-06	-8.593469e-10	-2.221202e+01	-9.406001e+01
6.230000e-06	-4.158090e-06	-8.706132e-10	-2.247516e+01	-9.507923e+01
6.240000e-06	-4.206142e-06	-8.810497e-10	-2.273489e+01	-9.608847e+01
6.250000e-06	-4.253880e-06	-8.895502e-10	-2.299292e+01	-9.708762e+01
6.260000e-06	-4.301354e-06	-8.970825e-10	-2.324952e+01	-9.807650e+01
6.270000e-06	-4.348430e-06	-9.050546e-10	-2.350398e+01	-9.905490e+01
6.280000e-06	-4.395303e-06	-9.144010e-10	-2.375733e+01	-1.000225e+02
6.290000e-06	-4.442038e-06	-9.249769e-10	-2.400994e+01	-1.009791e+02
6.300000e-06	-4.488518e-06	-9.345953e-10	-2.426118e+01	-1.019242e+02
6.310000e-06	-4.534790e-06	-9.431239e-10	-2.451128e+01	-1.028574e+02
6.320000e-06	-4.580770e-06	-9.523633e-10	-2.475981e+01	-1.037784e+02
6.330000e-06	-4.626282e-06	-9.618030e-10	-2.500581e+01	-1.046867e+02
6.340000e-06	-4.671358e-06	-9.706088e-10	-2.524945e+01	-1.055819e+02
6.350000e-06	-4.716111e-06	-9.789594e-10	-2.549135e+01	-1.064635e+02
6.360000e-06	-4.760595e-06	-9.867876e-10	-2.573180e+01	-1.073312e+02
6.370000e-06	-4.804900e-06	-9.942430e-10	-2.597127e+01	-1.081846e+02
6.380000e-06	-4.849049e-06	-1.001967e-09	-2.620990e+01	-1.090232e+02
6.390000e-06	-4.892904e-06	-1.009077e-09	-2.644695e+01	-1.098469e+02
6.400000e-06	-4.936467e-06	-1.014562e-09	-2.668241e+01	-1.106553e+02
6.410000e-06	-4.979745e-06	-1.020095e-09	-2.691634e+01	-1.114481e+02
6.420000e-06	-5.022691e-06	-1.028084e-09	-2.714847e+01	-1.122252e+02
6.430000e-06	-5.065266e-06	-1.037138e-09	-2.737859e+01	-1.129865e+02
6.440000e-06	-5.107418e-06	-1.044584e-09	-2.760643e+01	-1.137320e+02
6.450000e-06	-5.149157e-06	-1.050770e-09	-2.783204e+01	-1.144615e+02
6.460000e-06	-5.190614e-06	-1.057088e-09	-2.805612e+01	-1.151753e+02
6.470000e-06	-5.231815e-06	-1.063198e-09	-2.827882e+01	-1.158733e+02
6.480000e-06	-5.272635e-06	-1.068491e-09	-2.849946e+01	-1.165559e+02
6.490000e-06	-5.313104e-06	-1.074489e-09	-2.871820e+01	-1.172233e+02
6.500000e-06	-5.353344e-06	-1.081240e-09	-2.893570e+01	-1.178756e+02
6.510000e-06	-5.393335e-06	-1.087700e-09	-2.915186e+01	-1.185134e+02
6.520000e-06	-5.433002e-06	-1.093285e-09	-2.936626e+01	-1.191370e+02
6.530000e-06	-5.472141e-06	-1.097287e-09	-2.957782e+01	-1.197469e+02
6.540000e-06	-5.510662e-06	-1.100987e-09	-2.978603e+01	-1.203434e+02
6.550000e-06	-5.548650e-06	-1.105209e-09	-2.999136e+01	-1.209272e+02
6.560000e-06	-5.585995e-06	-1.109689e-09	-3.019322e+01	-1.214988e+02
6.570000e-06	-5.622778e-06	-1.114448e-09	-3.039204e+01	-1.220586e+02
6.580000e-06	-5.659254e-06	-1.118891e-09	-3.058920e+01	-1.226073e+02
6.590000e-06	-5.695429e-06	-1.123371e-09	-3.078473e+01	-1.231453e+02
6.600000e-06	-5.731339e-06	-1.127493e-09	-3.097883e+01	-1.236734e+02
6.610000e-06	-5.766996e-06	-1.131084e-09	-3.117156e+01	-1.241919e+02
6.620000e-06	-5.802119e-06	-1.134969e-09	-3.136141e+01	-1.247014e+02
6.630000e-06	-5.836750e-06	-1.137703e-09	-3.154859e+01	-1.252025e+02
6.640000e-06	-5.871050e-06	-1.139819e-09	-3.173399e+01	-1.256956e+02
6.650000e-06	-5.905039e-06	-1.143363e-09	-3.191770e+01	-1.261813e+02
6.660000e-06	-5.938699e-06	-1.146839e-09	-3.209964e+01	-1.266598e+02
6.670000e-06	-5.971858e-06	-1.150535e-09	-3.227887e+01	-1.271317e+02
6.680000e-06	-6.004528e-06	-1.154463e-09	-3.245546e+01	-1.275972e+02
6.690000e-06	-6.036894e-06	-1.157811e-09	-3.263040e+01	-1.280568e+02
6.700000e-06	-6.068990e-06	-1.161193e-09	-3.280389e+01	-1.285107e+02
6.710000e-06	-6.100674e-06	-1.164509e-09	-3.297515e+01	-1.289592e+02
6.720000e-06	-6.131721e-06	-1.167845e-09	-3.314296e+01	-1.294025e+02
6.730000e-06	-6.162054e-06	-1.170168e-09	-3.330691e+01	-1.298408e+02
6.740000e-06	-6.191663e-06	-1.172588e-09	-3.346695e+01	-1.302743e+02
6.750000e-06	-6.220584e-06	-1.176477e-09	-3.362327e+01	-1.307031e+02
6.760000e-06	-6.249080e-06	-1.179882e-09	-3.377730e+01	-1.311272e+02
6.770000e-06	-6.277342e-06	-1.182917e-09	-3.393006e+01	-1.315469e+02
6.780000e-06	-6.305397e-06	-1.185936e-09	-3.408170e+01	-1.319621e+02
6.790000e-06	-6.333170e-06	-1.186868e-09	-3.423182e+01	-1.323728e+02
6.800000e-06	-6.360486e-06	-1.186810e-09	-3.437947e+01	-1.327792e+02
6.810000e-06	-6.387333e-06	-1.186920e-09	-3.452458e+01	-1.331811e+02
6.820000e-06	-6.413686e-06	-1.188165e-09	-3.466702e+01	-1.335785e+02
6.830000e-06	-6.439638e-06	-1.191869e-09	-3.480730e+01	-1.339715e+02
6.840000e-06	-6.465041e-06	-1.195784e-09	-3.494461e+01	-1.343600e+02
6.850000e-06	-6.489802e-06	-1.198883e-09	-3.507844e+01	-1.347439e+02
6.860000e-06	-6.514308e-06	-1.201650e-09	-3.521090e+01	-1.351232e+02
6.870000e-06	-6.538613e-06	-1.203909e-09	-3.534228e+01	-1.354978e+02
6.880000e-06	-6.562555e-06	-1.205863e-09	-3.547168e+01	-1.358675e+02
6.890000e-06	-6.585948e-06	-1.206849e-09	-3.559813e+01	-1.362324e+02
6.900000e-06	-6.608857e-06	-1.207073e-09	-3.572196e+01	-1.365923e+02
6.910000e-06	-6.631082e-06	-1.207925e-09	-3.584208e+01	-1.369470e+02
6.920000e-06	-6.652407e-06	-1.210049e-09	-3.595735e+01	-1.372965e+02
6.930000e-06	-6.673134e-06	-1.213035e-09	-3.606938e+01	-1.376407e+02
6.940000e-06	-6.693508e-06	-1.216241e-09	-3.617951e+01	-1.379793e+02
6.950000e-06	-6.713612e-06	-1.219033e-09	-3.628817e+01	-1.383122e+02
6.960000e-06	-6.733379e-06	-1.221238e-09	-3.639502e+01	-1.386393e+02
6.970000e-06	-6.752776e-06	-1.222939e-09	-3.649986e+01	-1.389602e+02
6.980000e-06	-6.771722e-06	-1.224526e-09	-3.660227e+01	-1.392749e+02
6.990000e-06	-6.790133e-06	-1.226358e-09	-3.670178e+01	-1.395831e+02
7.000000e-06	-6.808100e-06	-1.228084e-09	-3.679889e+01	-1.398846e+02
7.010000e-06	-6.825629e-06	-1.229904e-09	-3.689364e+01	-1.401790e+02
7.020000e-06	-6.842681e-06	-1.232167e-09	-3.698581e+01	-1.404661e+02
7.030000e-06	-6.859234e-06	-1.235210e-09	-3.707528e+01	-1.407457e+02
7.040000e-06	-6.875341e-06	-1.238181e-09	-3.716235e+01	-1.410174e+02
7.050000e-06	-6.891066e-06	-1.240027e-09	-3.724734e+01	-1.412810e+02
7.060000e-06	-6.906314e-06	-1.241418e-09	-3.732976e+01	-1.415360e+02
7.070000e-06	-6.920869e-06	-1.242786e-09	-3.740843e+01	-1.417823e+02
7.080000e-06	-6.934518e-06	-1.244529e-09	-3.748221e+01	-1.420194e+02
7.090000e-06	-6.947440e-06	-1.246728e-09	-3.755205e+01	-1.422471e+02
7.100000e-06	-6.959818e-06	-1.248078e-09	-3.761896e+01	-1.424651e+02
7.110000e-06	-6.971688e-06	-1.248983e-09	-3.768312e+01	-1.426730e+02
7.120000e-06	-6.982980e-06	-1.250007e-09	-3.774415e+01	-1.428706e+02
7.130000e-06	-6.993682e-06	-1.250993e-09	-3.780200e+01	-1.430576e+02
7.140000e-06	-7.004045e-06	-1.251077e-09	-3.785801e+01	-1.432338e+02
7.150000e-06	-7.014014e-06	-1.250837e-09	-3.791190e+01	-1.433989e+02
7.160000e-06	-7.023395e-06	-1.252108e-09	-3.796260e+01	-1.435528e+02
7.170000e-06	-7.032308e-06	-1.253372e-09	-3.801077e+01	-1.436954e+02
7.180000e-06	-7.040824e-06	-1.253733e-09	-3.805681e+01	-1.438264e+02
7.190000e-06	-7.048928e-06	-1.254337e-09	-3.810061e+01	-1.439459e+02
7.200000e-06	-7.056650e-06	-1.255531e-09	-3.814235e+01	-1.440539e+02
7.210000e-06	-7.063862e-06	-1.255952e-09	-3.818133e+01	-1.441502e+02
7.220000e-06	-7.070384e-06	-1.254843e-09	-3.821658e+01	-1.442350e+02
7.230000e-06	-7.076187e-06	-1.253341e-09	-3.824795e+01	-1.443084e+02
7.240000e-06	-7.081271e-06	-1.252455e-09	-3.827543e+01	-1.443705e+02
7.250000e-06	-7.085853e-06	-1.252848e-09	-3.830020e+01	-1.444215e+02
7.260000e-06	-7.090165e-06	-1.253233e-09	-3.832351e+01	-1.444617e+02
7.270000e-06	-7.094167e-06	-1.252864e-09	-3.834513e+01	-1.444913e+02
7.280000e-06	-7.097756e-06	-1.251763e-09	-3.836453e+01	-1.445106e+02
7.290000e-06	-7.100750e-06	-1.250108e-09	-3.838072e+01	-1.445200e+02
7.300000e-06	-7.103167e-06	-1.248434e-09	-3.839378e+01	-1.445199e+02
7.310000e-06	-7.105159e-06	-1.246998e-09	-3.840455e+01	-1.445106e+02
7.320000e-06	-7.106698e-06	-1.246784e-09	-3.841287e+01	-1.444925e+02
7.330000e-06	-7.107738e-06	-1.247533e-09	-3.841849e+01	-1.444662e+02
7.340000e-06	-7.108313e-06	-1.247115e-09	-3.842160e+01	-1.444321e+02
