# Temperatura_=_20.0
# Concentracion g/m^3_=_7400.0
# C_Vs_to_Am_M_A/Vsm_=_116720831517.84952
# pendiente_HvsI_1/m_=_3716.3
# ordenada_HvsI_A/m_=_1297.0
# frecuencia_Hz_=_136106.86742564916

Tiempo_(s)	Campo_(V.s)	Magnetizacion_(V.s)	Campo_(kA/m)	Magnetizacion_(A/m)
0.000000e+00	-7.140181e-06	-1.442757e-09	-3.843106e+01	-1.668451e+02
1.000000e-08	-7.140081e-06	-1.443151e-09	-3.843052e+01	-1.668553e+02
2.000000e-08	-7.139581e-06	-1.443534e-09	-3.842783e+01	-1.668587e+02
3.000000e-08	-7.138540e-06	-1.442144e-09	-3.842223e+01	-1.668552e+02
4.000000e-08	-7.136922e-06	-1.439979e-09	-3.841352e+01	-1.668448e+02
5.000000e-08	-7.134563e-06	-1.439528e-09	-3.840083e+01	-1.668275e+02
6.000000e-08	-7.131481e-06	-1.440843e-09	-3.838424e+01	-1.668034e+02
7.000000e-08	-7.127939e-06	-1.446222e-09	-3.836517e+01	-1.667724e+02
8.000000e-08	-7.124036e-06	-1.448603e-09	-3.834417e+01	-1.667348e+02
9.000000e-08	-7.119436e-06	-1.423454e-09	-3.831941e+01	-1.666907e+02
1.000000e-07	-7.113904e-06	-1.387027e-09	-3.828963e+01	-1.666405e+02
1.100000e-07	-7.108010e-06	-1.423399e-09	-3.825791e+01	-1.665844e+02
1.200000e-07	-7.101930e-06	-1.492940e-09	-3.822518e+01	-1.665227e+02
1.300000e-07	-7.095380e-06	-1.467274e-09	-3.818993e+01	-1.664559e+02
1.400000e-07	-7.088290e-06	-1.380442e-09	-3.815177e+01	-1.663844e+02
1.500000e-07	-7.080704e-06	-1.404034e-09	-3.811094e+01	-1.663087e+02
1.600000e-07	-7.072863e-06	-1.501956e-09	-3.806873e+01	-1.662291e+02
1.700000e-07	-7.064688e-06	-1.453166e-09	-3.802473e+01	-1.661462e+02
1.800000e-07	-7.055795e-06	-1.334837e-09	-3.797687e+01	-1.660605e+02
1.900000e-07	-7.046018e-06	-1.386877e-09	-3.792424e+01	-1.659723e+02
2.000000e-07	-7.035765e-06	-1.517790e-09	-3.786906e+01	-1.658821e+02
2.100000e-07	-7.025022e-06	-1.465313e-09	-3.781124e+01	-1.657903e+02
2.200000e-07	-7.013593e-06	-1.343568e-09	-3.774972e+01	-1.656973e+02
2.300000e-07	-7.001626e-06	-1.388959e-09	-3.768531e+01	-1.656033e+02
2.400000e-07	-6.989274e-06	-1.472459e-09	-3.761883e+01	-1.655086e+02
2.500000e-07	-6.976434e-06	-1.414158e-09	-3.754972e+01	-1.654133e+02
2.600000e-07	-6.962822e-06	-1.366033e-09	-3.747645e+01	-1.653176e+02
2.700000e-07	-6.948563e-06	-1.430055e-09	-3.739971e+01	-1.652214e+02
2.800000e-07	-6.933709e-06	-1.440352e-09	-3.731976e+01	-1.651246e+02
2.900000e-07	-6.917900e-06	-1.381884e-09	-3.723467e+01	-1.650271e+02
3.000000e-07	-6.901306e-06	-1.397794e-09	-3.714535e+01	-1.649287e+02
3.100000e-07	-6.884440e-06	-1.429224e-09	-3.705457e+01	-1.648291e+02
3.200000e-07	-6.867178e-06	-1.375098e-09	-3.696166e+01	-1.647278e+02
3.300000e-07	-6.849441e-06	-1.371819e-09	-3.686620e+01	-1.646244e+02
3.400000e-07	-6.831243e-06	-1.449963e-09	-3.676825e+01	-1.645184e+02
3.500000e-07	-6.812650e-06	-1.428393e-09	-3.666817e+01	-1.644092e+02
3.600000e-07	-6.793561e-06	-1.344578e-09	-3.656543e+01	-1.642962e+02
3.700000e-07	-6.774031e-06	-1.376338e-09	-3.646031e+01	-1.641787e+02
3.800000e-07	-6.754144e-06	-1.430845e-09	-3.635327e+01	-1.640561e+02
3.900000e-07	-6.733833e-06	-1.381204e-09	-3.624395e+01	-1.639276e+02
4.000000e-07	-6.713080e-06	-1.354085e-09	-3.613225e+01	-1.637927e+02
4.100000e-07	-6.691776e-06	-1.405278e-09	-3.601759e+01	-1.636506e+02
4.200000e-07	-6.670027e-06	-1.404387e-09	-3.590052e+01	-1.635008e+02
4.300000e-07	-6.647927e-06	-1.364653e-09	-3.578157e+01	-1.633426e+02
4.400000e-07	-6.625428e-06	-1.378015e-09	-3.566048e+01	-1.631754e+02
4.500000e-07	-6.602473e-06	-1.386053e-09	-3.553692e+01	-1.629989e+02
4.600000e-07	-6.579080e-06	-1.357831e-09	-3.541101e+01	-1.628126e+02
4.700000e-07	-6.555361e-06	-1.368929e-09	-3.528335e+01	-1.626162e+02
4.800000e-07	-6.531293e-06	-1.393525e-09	-3.515381e+01	-1.624094e+02
4.900000e-07	-6.506738e-06	-1.366925e-09	-3.502164e+01	-1.621921e+02
5.000000e-07	-6.481539e-06	-1.345944e-09	-3.488601e+01	-1.619642e+02
5.100000e-07	-6.455594e-06	-1.365187e-09	-3.474636e+01	-1.617257e+02
5.200000e-07	-6.428773e-06	-1.366159e-09	-3.460201e+01	-1.614768e+02
5.300000e-07	-6.401305e-06	-1.346352e-09	-3.445416e+01	-1.612176e+02
5.400000e-07	-6.373595e-06	-1.348617e-09	-3.430502e+01	-1.609485e+02
5.500000e-07	-6.345606e-06	-1.355521e-09	-3.415437e+01	-1.606697e+02
5.600000e-07	-6.317186e-06	-1.345344e-09	-3.400140e+01	-1.603818e+02
5.700000e-07	-6.288290e-06	-1.338533e-09	-3.384588e+01	-1.600851e+02
5.800000e-07	-6.259018e-06	-1.339906e-09	-3.368832e+01	-1.597802e+02
5.900000e-07	-6.229144e-06	-1.334933e-09	-3.352753e+01	-1.594677e+02
6.000000e-07	-6.198818e-06	-1.328589e-09	-3.336431e+01	-1.591481e+02
6.100000e-07	-6.168303e-06	-1.329565e-09	-3.320006e+01	-1.588221e+02
6.200000e-07	-6.137266e-06	-1.330994e-09	-3.303301e+01	-1.584901e+02
6.300000e-07	-6.105771e-06	-1.324127e-09	-3.286349e+01	-1.581528e+02
6.400000e-07	-6.074035e-06	-1.316329e-09	-3.269268e+01	-1.578108e+02
6.500000e-07	-6.042081e-06	-1.315720e-09	-3.252069e+01	-1.574644e+02
6.600000e-07	-6.009821e-06	-1.315753e-09	-3.234705e+01	-1.571141e+02
6.700000e-07	-5.976981e-06	-1.310649e-09	-3.217030e+01	-1.567604e+02
6.800000e-07	-5.943381e-06	-1.307103e-09	-3.198945e+01	-1.564036e+02
6.900000e-07	-5.909194e-06	-1.303788e-09	-3.180544e+01	-1.560438e+02
7.000000e-07	-5.874394e-06	-1.295528e-09	-3.161814e+01	-1.556812e+02
7.100000e-07	-5.839001e-06	-1.289927e-09	-3.142763e+01	-1.553159e+02
7.200000e-07	-5.803329e-06	-1.290187e-09	-3.123564e+01	-1.549479e+02
7.300000e-07	-5.767376e-06	-1.285810e-09	-3.104213e+01	-1.545771e+02
7.400000e-07	-5.731146e-06	-1.278643e-09	-3.084712e+01	-1.542033e+02
7.500000e-07	-5.694675e-06	-1.277022e-09	-3.065082e+01	-1.538261e+02
7.600000e-07	-5.657819e-06	-1.275843e-09	-3.045245e+01	-1.534454e+02
7.700000e-07	-5.620431e-06	-1.270174e-09	-3.025121e+01	-1.530606e+02
7.800000e-07	-5.582470e-06	-1.264239e-09	-3.004689e+01	-1.526712e+02
7.900000e-07	-5.544046e-06	-1.259588e-09	-2.984008e+01	-1.522769e+02
8.000000e-07	-5.505247e-06	-1.254993e-09	-2.963125e+01	-1.518768e+02
8.100000e-07	-5.466206e-06	-1.251822e-09	-2.942112e+01	-1.514706e+02
8.200000e-07	-5.426931e-06	-1.248862e-09	-2.920973e+01	-1.510576e+02
8.300000e-07	-5.387255e-06	-1.243496e-09	-2.899618e+01	-1.506371e+02
8.400000e-07	-5.347374e-06	-1.237936e-09	-2.878152e+01	-1.502085e+02
8.500000e-07	-5.307300e-06	-1.234153e-09	-2.856583e+01	-1.497713e+02
8.600000e-07	-5.266804e-06	-1.230411e-09	-2.834786e+01	-1.493248e+02
8.700000e-07	-5.225884e-06	-1.225573e-09	-2.812762e+01	-1.488685e+02
8.800000e-07	-5.184357e-06	-1.218415e-09	-2.790410e+01	-1.484020e+02
8.900000e-07	-5.142039e-06	-1.210792e-09	-2.767633e+01	-1.479248e+02
9.000000e-07	-5.099118e-06	-1.204516e-09	-2.744532e+01	-1.474366e+02
9.100000e-07	-5.055723e-06	-1.199506e-09	-2.721175e+01	-1.469369e+02
9.200000e-07	-5.012057e-06	-1.193998e-09	-2.697672e+01	-1.464257e+02
9.300000e-07	-4.968230e-06	-1.188593e-09	-2.674083e+01	-1.459027e+02
9.400000e-07	-4.924140e-06	-1.183150e-09	-2.650352e+01	-1.453678e+02
9.500000e-07	-4.879722e-06	-1.178470e-09	-2.626445e+01	-1.448210e+02
9.600000e-07	-4.834884e-06	-1.174786e-09	-2.602312e+01	-1.442623e+02
9.700000e-07	-4.789754e-06	-1.169413e-09	-2.578020e+01	-1.436919e+02
9.800000e-07	-4.744294e-06	-1.163190e-09	-2.553553e+01	-1.431098e+02
9.900000e-07	-4.698503e-06	-1.157656e-09	-2.528906e+01	-1.425163e+02
1.000000e-06	-4.652442e-06	-1.152505e-09	-2.504114e+01	-1.419116e+02
1.010000e-06	-4.605974e-06	-1.147156e-09	-2.479104e+01	-1.412960e+02
1.020000e-06	-4.559191e-06	-1.141222e-09	-2.453923e+01	-1.406697e+02
1.030000e-06	-4.512185e-06	-1.134868e-09	-2.428623e+01	-1.400330e+02
1.040000e-06	-4.464889e-06	-1.129422e-09	-2.403167e+01	-1.393862e+02
1.050000e-06	-4.417298e-06	-1.126283e-09	-2.377551e+01	-1.387297e+02
1.060000e-06	-4.369460e-06	-1.123223e-09	-2.351803e+01	-1.380635e+02
1.070000e-06	-4.321425e-06	-1.118335e-09	-2.325949e+01	-1.373880e+02
1.080000e-06	-4.273131e-06	-1.111713e-09	-2.299955e+01	-1.367032e+02
1.090000e-06	-4.224445e-06	-1.103753e-09	-2.273751e+01	-1.360095e+02
1.100000e-06	-4.175077e-06	-1.096892e-09	-2.247179e+01	-1.353067e+02
1.110000e-06	-4.125243e-06	-1.091693e-09	-2.220357e+01	-1.345949e+02
1.120000e-06	-4.075019e-06	-1.086522e-09	-2.193324e+01	-1.338741e+02
1.130000e-06	-4.024301e-06	-1.081059e-09	-2.166026e+01	-1.331441e+02
1.140000e-06	-3.973311e-06	-1.075579e-09	-2.138581e+01	-1.324048e+02
1.150000e-06	-3.922076e-06	-1.070189e-09	-2.111005e+01	-1.316559e+02
1.160000e-06	-3.870517e-06	-1.064007e-09	-2.083254e+01	-1.308970e+02
1.170000e-06	-3.818629e-06	-1.056435e-09	-2.055325e+01	-1.301279e+02
1.180000e-06	-3.766497e-06	-1.049321e-09	-2.027266e+01	-1.293481e+02
1.190000e-06	-3.713957e-06	-1.042104e-09	-1.998987e+01	-1.285571e+02
1.200000e-06	-3.661032e-06	-1.035540e-09	-1.970501e+01	-1.277545e+02
1.210000e-06	-3.607894e-06	-1.029795e-09	-1.941900e+01	-1.269397e+02
1.220000e-06	-3.554573e-06	-1.022621e-09	-1.913201e+01	-1.261122e+02
1.230000e-06	-3.500979e-06	-1.013846e-09	-1.884355e+01	-1.252714e+02
1.240000e-06	-3.447158e-06	-1.005340e-09	-1.855386e+01	-1.244167e+02
1.250000e-06	-3.393016e-06	-9.997406e-10	-1.826245e+01	-1.235478e+02
1.260000e-06	-3.338629e-06	-9.940772e-10	-1.796972e+01	-1.226639e+02
1.270000e-06	-3.284099e-06	-9.850763e-10	-1.767622e+01	-1.217648e+02
1.280000e-06	-3.229194e-06	-9.761343e-10	-1.738070e+01	-1.208499e+02
1.290000e-06	-3.174070e-06	-9.683672e-10	-1.708401e+01	-1.199189e+02
1.300000e-06	-3.118850e-06	-9.600508e-10	-1.678679e+01	-1.189714e+02
1.310000e-06	-3.063494e-06	-9.520805e-10	-1.648885e+01	-1.180072e+02
1.320000e-06	-3.007965e-06	-9.437598e-10	-1.618997e+01	-1.170261e+02
1.330000e-06	-2.952249e-06	-9.343822e-10	-1.589008e+01	-1.160281e+02
1.340000e-06	-2.896463e-06	-9.263591e-10	-1.558982e+01	-1.150129e+02
1.350000e-06	-2.840557e-06	-9.194861e-10	-1.528892e+01	-1.139807e+02
1.360000e-06	-2.784380e-06	-9.108886e-10	-1.498655e+01	-1.129315e+02
1.370000e-06	-2.727968e-06	-9.007912e-10	-1.468292e+01	-1.118654e+02
1.380000e-06	-2.671425e-06	-8.912706e-10	-1.437859e+01	-1.107827e+02
1.390000e-06	-2.614729e-06	-8.830945e-10	-1.407342e+01	-1.096835e+02
1.400000e-06	-2.557880e-06	-8.748146e-10	-1.376745e+01	-1.085681e+02
1.410000e-06	-2.500667e-06	-8.651353e-10	-1.345951e+01	-1.074368e+02
1.420000e-06	-2.443219e-06	-8.549697e-10	-1.315030e+01	-1.062898e+02
1.430000e-06	-2.385678e-06	-8.450054e-10	-1.284059e+01	-1.051275e+02
1.440000e-06	-2.327773e-06	-8.352671e-10	-1.252893e+01	-1.039499e+02
1.450000e-06	-2.269347e-06	-8.258095e-10	-1.221445e+01	-1.027575e+02
1.460000e-06	-2.210585e-06	-8.150089e-10	-1.189818e+01	-1.015502e+02
1.470000e-06	-2.151674e-06	-8.031559e-10	-1.158109e+01	-1.003283e+02
1.480000e-06	-2.092609e-06	-7.924405e-10	-1.126319e+01	-9.909165e+01
1.490000e-06	-2.033443e-06	-7.825977e-10	-1.094473e+01	-9.784025e+01
1.500000e-06	-1.974116e-06	-7.720535e-10	-1.062541e+01	-9.657390e+01
1.510000e-06	-1.914658e-06	-7.600009e-10	-1.030539e+01	-9.529229e+01
1.520000e-06	-1.855050e-06	-7.485718e-10	-9.984556e+00	-9.399500e+01
1.530000e-06	-1.795278e-06	-7.383689e-10	-9.662841e+00	-9.268149e+01
1.540000e-06	-1.735425e-06	-7.274190e-10	-9.340691e+00	-9.135106e+01
1.550000e-06	-1.675555e-06	-7.155386e-10	-9.018449e+00	-9.000290e+01
1.560000e-06	-1.615644e-06	-7.032928e-10	-8.695985e+00	-8.863606e+01
1.570000e-06	-1.555723e-06	-6.919108e-10	-8.373472e+00	-8.724944e+01
1.580000e-06	-1.495767e-06	-6.812205e-10	-8.050766e+00	-8.584185e+01
1.590000e-06	-1.435675e-06	-6.694049e-10	-7.727330e+00	-8.441194e+01
1.600000e-06	-1.375469e-06	-6.566327e-10	-7.403277e+00	-8.295828e+01
1.610000e-06	-1.315150e-06	-6.442786e-10	-7.078617e+00	-8.147934e+01
1.620000e-06	-1.254843e-06	-6.322428e-10	-6.754025e+00	-7.997351e+01
1.630000e-06	-1.194453e-06	-6.203139e-10	-6.428984e+00	-7.843911e+01
1.640000e-06	-1.133895e-06	-6.080810e-10	-6.103036e+00	-7.687444e+01
1.650000e-06	-1.073328e-06	-5.949847e-10	-5.777043e+00	-7.527776e+01
1.660000e-06	-1.012773e-06	-5.819308e-10	-5.451116e+00	-7.364733e+01
1.670000e-06	-9.521505e-07	-5.693878e-10	-5.124822e+00	-7.198145e+01
1.680000e-06	-8.913122e-07	-5.561945e-10	-4.797368e+00	-7.027845e+01
1.690000e-06	-8.303777e-07	-5.419086e-10	-4.469396e+00	-6.853675e+01
1.700000e-06	-7.695517e-07	-5.278076e-10	-4.142009e+00	-6.675485e+01
1.710000e-06	-7.086345e-07	-5.143976e-10	-3.814130e+00	-6.493140e+01
1.720000e-06	-6.475601e-07	-5.007333e-10	-3.485405e+00	-6.306516e+01
1.730000e-06	-5.865096e-07	-4.860364e-10	-3.156809e+00	-6.115508e+01
1.740000e-06	-5.254627e-07	-4.702666e-10	-2.828232e+00	-5.920030e+01
1.750000e-06	-4.643636e-07	-4.540913e-10	-2.499374e+00	-5.720015e+01
1.760000e-06	-4.032081e-07	-4.381196e-10	-2.170213e+00	-5.515421e+01
1.770000e-06	-3.419922e-07	-4.223420e-10	-1.840727e+00	-5.306227e+01
1.780000e-06	-2.807200e-07	-4.058235e-10	-1.510938e+00	-5.092440e+01
1.790000e-06	-2.194725e-07	-3.878356e-10	-1.181281e+00	-4.874091e+01
1.800000e-06	-1.582664e-07	-3.692976e-10	-8.518478e-01	-4.651239e+01
1.810000e-06	-9.707691e-08	-3.509785e-10	-5.225034e-01	-4.423970e+01
1.820000e-06	-3.587889e-08	-3.327394e-10	-1.931133e-01	-4.192398e+01
1.830000e-06	2.536027e-08	-3.137095e-10	1.364982e-01	-3.956662e+01
1.840000e-06	8.661058e-08	-2.935857e-10	4.661698e-01	-3.716928e+01
1.850000e-06	1.478241e-07	-2.736549e-10	7.956431e-01	-3.473389e+01
1.860000e-06	2.090737e-07	-2.542664e-10	1.125311e+00	-3.226260e+01
1.870000e-06	2.703132e-07	-2.340095e-10	1.454924e+00	-2.975781e+01
1.880000e-06	3.314446e-07	-2.121340e-10	1.783956e+00	-2.722212e+01
1.890000e-06	3.925599e-07	-1.895780e-10	2.112901e+00	-2.465830e+01
1.900000e-06	4.537102e-07	-1.681296e-10	2.442034e+00	-2.206932e+01
1.910000e-06	5.149043e-07	-1.470762e-10	2.771403e+00	-1.945827e+01
1.920000e-06	5.760773e-07	-1.266829e-10	3.100659e+00	-1.682838e+01
1.930000e-06	6.371021e-07	-1.066290e-10	3.429116e+00	-1.418295e+01
1.940000e-06	6.980897e-07	-8.498664e-11	3.757374e+00	-1.152536e+01
1.950000e-06	7.591327e-07	-6.259627e-11	4.085930e+00	-8.859016e+00
1.960000e-06	8.199757e-07	-4.037273e-11	4.413409e+00	-6.187330e+00
1.970000e-06	8.806576e-07	-1.917118e-11	4.740021e+00	-3.513699e+00
1.980000e-06	9.413510e-07	1.554206e-12	5.066695e+00	-8.414677e-01
1.990000e-06	1.002012e-06	2.312057e-11	5.393195e+00	1.826094e+00
2.000000e-06	1.062528e-06	4.467646e-11	5.718911e+00	4.485815e+00
2.010000e-06	1.122971e-06	6.538116e-11	6.044238e+00	7.134652e+00
2.020000e-06	1.183440e-06	8.681457e-11	6.369707e+00	9.769705e+00
2.030000e-06	1.243802e-06	1.086033e-10	6.694595e+00	1.238824e+01
2.040000e-06	1.303975e-06	1.292800e-10	7.018471e+00	1.498771e+01
2.050000e-06	1.364112e-06	1.492113e-10	7.342149e+00	1.756576e+01
2.060000e-06	1.424223e-06	1.685713e-10	7.665687e+00	2.012026e+01
2.070000e-06	1.484200e-06	1.879404e-10	7.988504e+00	2.264927e+01
2.080000e-06	1.544038e-06	2.070955e-10	8.310576e+00	2.515111e+01
2.090000e-06	1.603808e-06	2.259445e-10	8.632279e+00	2.762431e+01
2.100000e-06	1.663657e-06	2.455533e-10	8.954413e+00	3.006763e+01
2.110000e-06	1.723416e-06	2.656872e-10	9.276052e+00	3.248007e+01
2.120000e-06	1.783010e-06	2.849011e-10	9.596811e+00	3.486084e+01
2.130000e-06	1.842530e-06	3.032110e-10	9.917172e+00	3.720938e+01
2.140000e-06	1.902004e-06	3.211803e-10	1.023728e+01	3.952532e+01
2.150000e-06	1.961402e-06	3.386983e-10	1.055698e+01	4.180850e+01
2.160000e-06	2.020621e-06	3.564579e-10	1.087572e+01	4.405894e+01
2.170000e-06	2.079759e-06	3.742708e-10	1.119402e+01	4.627680e+01
2.180000e-06	2.138800e-06	3.910056e-10	1.151180e+01	4.846242e+01
2.190000e-06	2.197586e-06	4.075438e-10	1.182821e+01	5.061626e+01
2.200000e-06	2.256034e-06	4.250881e-10	1.214280e+01	5.273889e+01
2.210000e-06	2.314277e-06	4.426987e-10	1.245628e+01	5.483096e+01
2.220000e-06	2.372354e-06	4.589017e-10	1.276887e+01	5.689321e+01
2.230000e-06	2.429926e-06	4.740365e-10	1.307875e+01	5.892642e+01
2.240000e-06	2.487117e-06	4.898250e-10	1.338657e+01	6.093142e+01
2.250000e-06	2.544163e-06	5.060558e-10	1.369361e+01	6.290904e+01
2.260000e-06	2.601026e-06	5.213228e-10	1.399967e+01	6.486012e+01
2.270000e-06	2.657609e-06	5.355675e-10	1.430423e+01	6.678547e+01
2.280000e-06	2.713773e-06	5.494093e-10	1.460652e+01	6.868588e+01
2.290000e-06	2.769797e-06	5.629537e-10	1.490806e+01	7.056209e+01
2.300000e-06	2.825825e-06	5.773845e-10	1.520962e+01	7.241478e+01
2.310000e-06	2.881669e-06	5.936061e-10	1.551020e+01	7.424458e+01
2.320000e-06	2.937408e-06	6.102864e-10	1.581020e+01	7.605202e+01
2.330000e-06	2.993012e-06	6.261766e-10	1.610948e+01	7.783757e+01
2.340000e-06	3.048386e-06	6.401672e-10	1.640753e+01	7.960161e+01
2.350000e-06	3.103536e-06	6.528201e-10	1.670436e+01	8.134445e+01
2.360000e-06	3.158560e-06	6.648322e-10	1.700052e+01	8.306629e+01
2.370000e-06	3.213412e-06	6.760592e-10	1.729576e+01	8.476726e+01
2.380000e-06	3.268044e-06	6.878706e-10	1.758981e+01	8.644742e+01
2.390000e-06	3.322445e-06	7.013690e-10	1.788261e+01	8.810675e+01
2.400000e-06	3.376508e-06	7.165453e-10	1.817360e+01	8.974516e+01
2.410000e-06	3.430285e-06	7.321771e-10	1.846305e+01	9.136251e+01
2.420000e-06	3.483886e-06	7.465626e-10	1.875155e+01	9.295859e+01
2.430000e-06	3.537314e-06	7.591850e-10	1.903912e+01	9.453317e+01
2.440000e-06	3.590456e-06	7.707926e-10	1.932515e+01	9.608598e+01
2.450000e-06	3.643318e-06	7.826319e-10	1.960967e+01	9.761672e+01
2.460000e-06	3.695909e-06	7.944195e-10	1.989273e+01	9.912510e+01
2.470000e-06	3.748165e-06	8.054373e-10	2.017400e+01	1.006108e+02
2.480000e-06	3.800176e-06	8.166098e-10	2.045393e+01	1.020736e+02
2.490000e-06	3.851991e-06	8.287211e-10	2.073282e+01	1.035131e+02
2.500000e-06	3.903508e-06	8.414082e-10	2.101011e+01	1.049291e+02
2.510000e-06	3.954645e-06	8.538076e-10	2.128534e+01	1.063214e+02
2.520000e-06	4.005401e-06	8.652868e-10	2.155853e+01	1.076898e+02
2.530000e-06	4.055774e-06	8.755746e-10	2.182966e+01	1.090342e+02
2.540000e-06	4.105627e-06	8.847407e-10	2.209798e+01	1.103545e+02
2.550000e-06	4.154998e-06	8.931925e-10	2.236372e+01	1.116507e+02
2.560000e-06	4.203968e-06	9.015483e-10	2.262729e+01	1.129227e+02
2.570000e-06	4.252443e-06	9.101193e-10	2.288820e+01	1.141707e+02
2.580000e-06	4.300553e-06	9.192223e-10	2.314715e+01	1.153948e+02
2.590000e-06	4.348489e-06	9.293889e-10	2.340515e+01	1.165951e+02
2.600000e-06	4.396164e-06	9.404697e-10	2.366176e+01	1.177719e+02
2.610000e-06	4.443563e-06	9.504347e-10	2.391688e+01	1.189254e+02
2.620000e-06	4.490676e-06	9.585327e-10	2.417046e+01	1.200560e+02
2.630000e-06	4.537486e-06	9.667007e-10	2.442241e+01	1.211640e+02
2.640000e-06	4.583981e-06	9.754605e-10	2.467266e+01	1.222498e+02
2.650000e-06	4.629924e-06	9.839295e-10	2.491994e+01	1.233137e+02
2.660000e-06	4.675529e-06	9.916605e-10	2.516540e+01	1.243562e+02
2.670000e-06	4.721068e-06	9.984104e-10	2.541051e+01	1.253777e+02
2.680000e-06	4.766385e-06	1.006029e-09	2.565443e+01	1.263786e+02
2.690000e-06	4.811355e-06	1.015185e-09	2.589647e+01	1.273593e+02
2.700000e-06	4.855992e-06	1.023905e-09	2.613672e+01	1.283202e+02
2.710000e-06	4.900320e-06	1.031553e-09	2.637532e+01	1.292618e+02
2.720000e-06	4.944321e-06	1.039291e-09	2.661214e+01	1.301844e+02
2.730000e-06	4.988120e-06	1.047867e-09	2.684788e+01	1.310885e+02
2.740000e-06	5.031719e-06	1.056691e-09	2.708255e+01	1.319742e+02
2.750000e-06	5.074966e-06	1.064411e-09	2.731532e+01	1.328420e+02
2.760000e-06	5.117913e-06	1.070522e-09	2.754648e+01	1.336922e+02
2.770000e-06	5.160406e-06	1.076970e-09	2.777519e+01	1.345251e+02
2.780000e-06	5.202107e-06	1.084803e-09	2.799964e+01	1.353408e+02
2.790000e-06	5.242949e-06	1.093170e-09	2.821947e+01	1.361397e+02
2.800000e-06	5.283280e-06	1.100129e-09	2.843654e+01	1.369220e+02
2.810000e-06	5.323458e-06	1.106126e-09	2.865280e+01	1.376879e+02
2.820000e-06	5.363393e-06	1.112611e-09	2.886774e+01	1.384375e+02
2.830000e-06	5.403029e-06	1.119572e-09	2.908108e+01	1.391712e+02
2.840000e-06	5.442468e-06	1.126714e-09	2.929335e+01	1.398892e+02
2.850000e-06	5.481599e-06	1.132720e-09	2.950397e+01	1.405915e+02
2.860000e-06	5.520204e-06	1.136606e-09	2.971175e+01	1.412786e+02
2.870000e-06	5.558384e-06	1.140610e-09	2.991725e+01	1.419505e+02
2.880000e-06	5.596175e-06	1.147168e-09	3.012066e+01	1.426077e+02
2.890000e-06	5.633520e-06	1.154420e-09	3.032167e+01	1.432503e+02
2.900000e-06	5.670584e-06	1.160190e-09	3.052115e+01	1.438788e+02
2.910000e-06	5.707228e-06	1.165684e-09	3.071839e+01	1.444934e+02
2.920000e-06	5.743460e-06	1.171546e-09	3.091340e+01	1.450945e+02
2.930000e-06	5.779456e-06	1.177196e-09	3.110715e+01	1.456826e+02
2.940000e-06	5.815183e-06	1.182752e-09	3.129944e+01	1.462581e+02
2.950000e-06	5.850594e-06	1.187483e-09	3.149004e+01	1.468214e+02
2.960000e-06	5.885711e-06	1.191566e-09	3.167905e+01	1.473731e+02
2.970000e-06	5.920419e-06	1.197054e-09	3.186586e+01	1.479138e+02
2.980000e-06	5.954405e-06	1.203303e-09	3.204878e+01	1.484438e+02
2.990000e-06	5.987569e-06	1.208483e-09	3.222728e+01	1.489639e+02
3.000000e-06	6.020128e-06	1.213106e-09	3.240253e+01	1.494746e+02
3.010000e-06	6.052286e-06	1.217760e-09	3.257562e+01	1.499764e+02
3.020000e-06	6.084105e-06	1.223433e-09	3.274688e+01	1.504700e+02
3.030000e-06	6.115698e-06	1.229734e-09	3.291692e+01	1.509558e+02
3.040000e-06	6.146852e-06	1.235204e-09	3.308461e+01	1.514344e+02
3.050000e-06	6.177552e-06	1.240769e-09	3.324984e+01	1.519063e+02
3.060000e-06	6.207841e-06	1.246410e-09	3.341287e+01	1.523720e+02
3.070000e-06	6.237608e-06	1.250563e-09	3.357309e+01	1.528319e+02
3.080000e-06	6.267004e-06	1.254452e-09	3.373130e+01	1.532863e+02
3.090000e-06	6.296040e-06	1.259213e-09	3.388759e+01	1.537357e+02
3.100000e-06	6.324561e-06	1.264188e-09	3.404110e+01	1.541802e+02
3.110000e-06	6.352653e-06	1.268071e-09	3.419230e+01	1.546200e+02
3.120000e-06	6.380502e-06	1.271283e-09	3.434219e+01	1.550553e+02
3.130000e-06	6.408086e-06	1.275502e-09	3.449066e+01	1.554861e+02
3.140000e-06	6.435370e-06	1.279904e-09	3.463751e+01	1.559124e+02
3.150000e-06	6.462141e-06	1.284287e-09	3.478161e+01	1.563342e+02
3.160000e-06	6.488174e-06	1.288827e-09	3.492173e+01	1.567512e+02
3.170000e-06	6.513322e-06	1.292171e-09	3.505708e+01	1.571632e+02
3.180000e-06	6.537693e-06	1.294354e-09	3.518825e+01	1.575700e+02
3.190000e-06	6.561676e-06	1.297452e-09	3.531734e+01	1.579713e+02
3.200000e-06	6.585356e-06	1.301362e-09	3.544479e+01	1.583666e+02
3.210000e-06	6.608602e-06	1.305197e-09	3.556991e+01	1.587555e+02
3.220000e-06	6.631320e-06	1.309465e-09	3.569219e+01	1.591376e+02
3.230000e-06	6.653559e-06	1.314554e-09	3.581189e+01	1.595124e+02
3.240000e-06	6.675371e-06	1.319522e-09	3.592929e+01	1.598795e+02
3.250000e-06	6.696663e-06	1.323165e-09	3.604389e+01	1.602383e+02
3.260000e-06	6.717544e-06	1.325820e-09	3.615628e+01	1.605884e+02
3.270000e-06	6.738064e-06	1.328682e-09	3.626672e+01	1.609293e+02
3.280000e-06	6.758134e-06	1.332312e-09	3.637475e+01	1.612605e+02
3.290000e-06	6.777855e-06	1.336951e-09	3.648090e+01	1.615817e+02
3.300000e-06	6.797240e-06	1.341302e-09	3.658523e+01	1.618926e+02
3.310000e-06	6.816195e-06	1.343958e-09	3.668725e+01	1.621927e+02
3.320000e-06	6.834704e-06	1.345299e-09	3.678688e+01	1.624819e+02
3.330000e-06	6.852606e-06	1.346638e-09	3.688323e+01	1.627599e+02
3.340000e-06	6.869935e-06	1.349151e-09	3.697650e+01	1.630267e+02
3.350000e-06	6.886871e-06	1.353063e-09	3.706766e+01	1.632822e+02
3.360000e-06	6.903547e-06	1.357128e-09	3.715742e+01	1.635264e+02
3.370000e-06	6.919742e-06	1.360215e-09	3.724458e+01	1.637593e+02
3.380000e-06	6.935185e-06	1.363055e-09	3.732770e+01	1.639811e+02
3.390000e-06	6.949940e-06	1.365594e-09	3.740712e+01	1.641920e+02
3.400000e-06	6.964074e-06	1.368284e-09	3.748319e+01	1.643923e+02
3.410000e-06	6.977739e-06	1.371440e-09	3.755674e+01	1.645822e+02
3.420000e-06	6.990781e-06	1.374644e-09	3.762694e+01	1.647621e+02
3.430000e-06	7.003180e-06	1.377454e-09	3.769367e+01	1.649324e+02
3.440000e-06	7.015084e-06	1.380351e-09	3.775775e+01	1.650935e+02
3.450000e-06	7.026637e-06	1.384777e-09	3.781993e+01	1.652459e+02
3.460000e-06	7.037776e-06	1.388769e-09	3.787988e+01	1.653898e+02
3.470000e-06	7.048306e-06	1.390325e-09	3.793656e+01	1.655259e+02
3.480000e-06	7.058173e-06	1.391426e-09	3.798967e+01	1.656546e+02
3.490000e-06	7.067186e-06	1.393298e-09	3.803818e+01	1.657761e+02
3.500000e-06	7.075446e-06	1.395979e-09	3.808264e+01	1.658910e+02
3.510000e-06	7.083351e-06	1.398626e-09	3.812519e+01	1.659995e+02
3.520000e-06	7.090949e-06	1.399770e-09	3.816608e+01	1.661021e+02
3.530000e-06	7.098145e-06	1.400243e-09	3.820481e+01	1.661989e+02
3.540000e-06	7.104822e-06	1.402183e-09	3.824075e+01	1.662902e+02
3.550000e-06	7.110911e-06	1.404983e-09	3.827352e+01	1.663761e+02
3.560000e-06	7.116463e-06	1.407999e-09	3.830340e+01	1.664568e+02
3.570000e-06	7.121492e-06	1.410305e-09	3.833048e+01	1.665324e+02
3.580000e-06	7.126073e-06	1.411352e-09	3.835513e+01	1.666028e+02
3.590000e-06	7.130187e-06	1.412554e-09	3.837727e+01	1.666680e+02
3.600000e-06	7.133968e-06	1.414120e-09	3.839762e+01	1.667281e+02
3.610000e-06	7.137553e-06	1.415737e-09	3.841692e+01	1.667827e+02
3.620000e-06	7.140702e-06	1.416663e-09	3.843387e+01	1.668319e+02
3.630000e-06	7.143094e-06	1.417723e-09	3.844674e+01	1.668754e+02
3.640000e-06	7.144639e-06	1.418638e-09	3.845506e+01	1.669130e+02
3.650000e-06	7.145404e-06	1.419459e-09	3.845918e+01	1.669446e+02
3.660000e-06	7.145557e-06	1.421592e-09	3.846000e+01	1.669700e+02
3.670000e-06	7.145337e-06	1.422611e-09	3.845882e+01	1.669890e+02
3.680000e-06	7.144871e-06	1.422421e-09	3.845631e+01	1.670014e+02
3.690000e-06	7.144014e-06	1.423059e-09	3.845169e+01	1.670071e+02
3.700000e-06	7.142621e-06	1.424422e-09	3.844420e+01	1.670059e+02
3.710000e-06	7.140692e-06	1.426081e-09	3.843381e+01	1.669979e+02
3.720000e-06	7.138387e-06	1.426723e-09	3.842141e+01	1.669829e+02
3.730000e-06	7.135673e-06	1.424254e-09	3.840680e+01	1.669610e+02
3.740000e-06	7.132422e-06	1.412731e-09	3.838930e+01	1.669323e+02
3.750000e-06	7.128595e-06	1.414877e-09	3.836870e+01	1.668969e+02
3.760000e-06	7.124092e-06	1.464785e-09	3.834447e+01	1.668550e+02
3.770000e-06	7.118701e-06	1.485123e-09	3.831545e+01	1.668068e+02
3.780000e-06	7.112477e-06	1.402809e-09	3.828195e+01	1.667526e+02
3.790000e-06	7.106138e-06	1.346736e-09	3.824783e+01	1.666928e+02
3.800000e-06	7.099666e-06	1.426707e-09	3.821300e+01	1.666277e+02
3.810000e-06	7.092507e-06	1.502297e-09	3.817446e+01	1.665578e+02
3.820000e-06	7.084707e-06	1.415899e-09	3.813248e+01	1.664834e+02
3.830000e-06	7.076477e-06	1.337120e-09	3.808818e+01	1.664050e+02
3.840000e-06	7.068005e-06	1.454416e-09	3.804259e+01	1.663232e+02
3.850000e-06	7.059040e-06	1.543201e-09	3.799433e+01	1.662384e+02
3.860000e-06	7.049383e-06	1.398681e-09	3.794236e+01	1.661509e+02
3.870000e-06	7.039328e-06	1.285593e-09	3.788823e+01	1.660614e+02
3.880000e-06	7.029005e-06	1.431754e-09	3.783267e+01	1.659701e+02
3.890000e-06	7.018077e-06	1.539381e-09	3.777386e+01	1.658775e+02
3.900000e-06	7.006469e-06	1.402456e-09	3.771138e+01	1.657838e+02
3.910000e-06	6.994380e-06	1.332833e-09	3.764631e+01	1.656894e+02
3.920000e-06	6.981681e-06	1.474676e-09	3.757796e+01	1.655943e+02
3.930000e-06	6.968008e-06	1.496263e-09	3.750437e+01	1.654987e+02
3.940000e-06	6.953527e-06	1.346417e-09	3.742642e+01	1.654026e+02
3.950000e-06	6.938561e-06	1.361130e-09	3.734587e+01	1.653061e+02
3.960000e-06	6.922970e-06	1.496502e-09	3.726195e+01	1.652089e+02
3.970000e-06	6.906882e-06	1.451462e-09	3.717536e+01	1.651108e+02
3.980000e-06	6.890522e-06	1.358962e-09	3.708731e+01	1.650117e+02
3.990000e-06	6.873788e-06	1.443637e-09	3.699724e+01	1.649110e+02
4.000000e-06	6.856460e-06	1.483762e-09	3.690397e+01	1.648084e+02
4.010000e-06	6.838613e-06	1.370146e-09	3.680791e+01	1.647033e+02
4.020000e-06	6.820366e-06	1.379769e-09	3.670970e+01	1.645953e+02
4.030000e-06	6.801650e-06	1.497952e-09	3.660896e+01	1.644836e+02
4.040000e-06	6.782393e-06	1.453445e-09	3.650532e+01	1.643677e+02
4.050000e-06	6.762695e-06	1.366180e-09	3.639930e+01	1.642469e+02
4.060000e-06	6.742690e-06	1.437119e-09	3.629162e+01	1.641205e+02
4.070000e-06	6.722392e-06	1.476051e-09	3.618237e+01	1.639878e+02
4.080000e-06	6.701707e-06	1.390186e-09	3.607104e+01	1.638482e+02
4.090000e-06	6.680379e-06	1.395069e-09	3.595624e+01	1.637010e+02
4.100000e-06	6.658301e-06	1.467196e-09	3.583741e+01	1.635457e+02
4.110000e-06	6.635465e-06	1.433944e-09	3.571450e+01	1.633816e+02
4.120000e-06	6.611892e-06	1.396681e-09	3.558762e+01	1.632082e+02
4.130000e-06	6.587943e-06	1.441370e-09	3.545872e+01	1.630253e+02
4.140000e-06	6.563829e-06	1.436656e-09	3.532892e+01	1.628322e+02
4.150000e-06	6.539349e-06	1.391780e-09	3.519717e+01	1.626289e+02
4.160000e-06	6.514378e-06	1.419107e-09	3.506276e+01	1.624152e+02
4.170000e-06	6.489000e-06	1.449452e-09	3.492617e+01	1.621908e+02
4.180000e-06	6.463262e-06	1.418881e-09	3.478764e+01	1.619559e+02
4.190000e-06	6.436960e-06	1.409352e-09	3.464607e+01	1.617104e+02
4.200000e-06	6.410038e-06	1.429817e-09	3.450117e+01	1.614547e+02
4.210000e-06	6.382658e-06	1.419195e-09	3.435380e+01	1.611888e+02
4.220000e-06	6.354862e-06	1.403680e-09	3.420419e+01	1.609133e+02
4.230000e-06	6.326790e-06	1.414780e-09	3.405309e+01	1.606283e+02
4.240000e-06	6.298397e-06	1.420284e-09	3.390027e+01	1.603345e+02
4.250000e-06	6.269632e-06	1.409397e-09	3.374545e+01	1.600323e+02
4.260000e-06	6.240388e-06	1.406630e-09	3.358805e+01	1.597223e+02
4.270000e-06	6.210449e-06	1.410916e-09	3.342691e+01	1.594050e+02
4.280000e-06	6.179823e-06	1.403945e-09	3.326207e+01	1.590811e+02
4.290000e-06	6.148499e-06	1.391754e-09	3.309347e+01	1.587511e+02
4.300000e-06	6.116633e-06	1.395649e-09	3.292195e+01	1.584155e+02
4.310000e-06	6.084516e-06	1.404332e-09	3.274909e+01	1.580750e+02
4.320000e-06	6.051985e-06	1.395635e-09	3.257400e+01	1.577300e+02
4.330000e-06	6.018984e-06	1.386486e-09	3.239637e+01	1.573810e+02
4.340000e-06	5.985696e-06	1.390536e-09	3.221720e+01	1.570284e+02
4.350000e-06	5.951922e-06	1.386770e-09	3.203542e+01	1.566726e+02
4.360000e-06	5.917668e-06	1.379872e-09	3.185105e+01	1.563138e+02
4.370000e-06	5.883073e-06	1.386170e-09	3.166485e+01	1.559521e+02
4.380000e-06	5.848149e-06	1.385921e-09	3.147687e+01	1.555878e+02
4.390000e-06	5.812818e-06	1.374334e-09	3.128671e+01	1.552207e+02
4.400000e-06	5.777077e-06	1.374191e-09	3.109434e+01	1.548509e+02
4.410000e-06	5.741049e-06	1.377065e-09	3.090043e+01	1.544781e+02
4.420000e-06	5.704720e-06	1.368377e-09	3.070489e+01	1.541021e+02
4.430000e-06	5.668033e-06	1.361700e-09	3.050743e+01	1.537226e+02
4.440000e-06	5.630927e-06	1.363526e-09	3.030771e+01	1.533392e+02
4.450000e-06	5.593183e-06	1.364440e-09	3.010456e+01	1.529514e+02
4.460000e-06	5.554645e-06	1.362524e-09	2.989713e+01	1.525588e+02
4.470000e-06	5.515535e-06	1.359080e-09	2.968663e+01	1.521608e+02
4.480000e-06	5.475964e-06	1.354350e-09	2.947364e+01	1.517567e+02
4.490000e-06	5.436029e-06	1.351564e-09	2.925869e+01	1.513460e+02
4.500000e-06	5.395809e-06	1.349360e-09	2.904222e+01	1.509281e+02
4.510000e-06	5.355288e-06	1.346931e-09	2.882412e+01	1.505023e+02
4.520000e-06	5.314426e-06	1.344515e-09	2.860418e+01	1.500680e+02
4.530000e-06	5.273214e-06	1.340320e-09	2.838236e+01	1.496247e+02
4.540000e-06	5.231746e-06	1.336948e-09	2.815917e+01	1.491718e+02
4.550000e-06	5.189984e-06	1.336145e-09	2.793439e+01	1.487087e+02
4.560000e-06	5.147818e-06	1.332200e-09	2.770744e+01	1.482352e+02
4.570000e-06	5.105316e-06	1.325378e-09	2.747868e+01	1.477506e+02
4.580000e-06	5.062484e-06	1.321064e-09	2.724814e+01	1.472548e+02
4.590000e-06	5.019230e-06	1.317925e-09	2.701533e+01	1.467475e+02
4.600000e-06	4.975606e-06	1.314177e-09	2.678053e+01	1.462284e+02
4.610000e-06	4.931711e-06	1.311015e-09	2.654427e+01	1.456975e+02
4.620000e-06	4.887589e-06	1.308585e-09	2.630679e+01	1.451547e+02
4.630000e-06	4.843170e-06	1.306439e-09	2.606771e+01	1.446000e+02
4.640000e-06	4.798507e-06	1.302180e-09	2.582732e+01	1.440335e+02
4.650000e-06	4.753585e-06	1.295542e-09	2.558553e+01	1.434553e+02
4.660000e-06	4.708247e-06	1.288563e-09	2.534151e+01	1.428656e+02
4.670000e-06	4.662414e-06	1.282033e-09	2.509482e+01	1.422646e+02
4.680000e-06	4.616307e-06	1.277154e-09	2.484665e+01	1.416526e+02
4.690000e-06	4.569957e-06	1.273931e-09	2.459718e+01	1.410299e+02
4.700000e-06	4.523279e-06	1.271060e-09	2.434594e+01	1.403966e+02
4.710000e-06	4.476331e-06	1.267352e-09	2.409325e+01	1.397532e+02
4.720000e-06	4.428941e-06	1.260753e-09	2.383818e+01	1.390999e+02
4.730000e-06	4.381277e-06	1.251888e-09	2.358163e+01	1.384369e+02
4.740000e-06	4.333252e-06	1.244734e-09	2.332314e+01	1.377645e+02
4.750000e-06	4.284816e-06	1.240652e-09	2.306245e+01	1.370828e+02
4.760000e-06	4.236221e-06	1.236106e-09	2.280089e+01	1.363921e+02
4.770000e-06	4.187278e-06	1.230256e-09	2.253746e+01	1.356923e+02
4.780000e-06	4.137879e-06	1.226128e-09	2.227158e+01	1.349835e+02
4.790000e-06	4.088118e-06	1.221873e-09	2.200375e+01	1.342657e+02
4.800000e-06	4.038048e-06	1.215381e-09	2.173425e+01	1.335389e+02
4.810000e-06	3.987591e-06	1.208594e-09	2.146267e+01	1.328027e+02
4.820000e-06	3.936975e-06	1.202539e-09	2.119024e+01	1.320570e+02
4.830000e-06	3.886120e-06	1.196128e-09	2.091652e+01	1.313015e+02
4.840000e-06	3.834944e-06	1.188943e-09	2.064107e+01	1.305359e+02
4.850000e-06	3.783551e-06	1.181369e-09	2.036446e+01	1.297597e+02
4.860000e-06	3.731762e-06	1.173846e-09	2.008571e+01	1.289725e+02
4.870000e-06	3.679704e-06	1.166293e-09	1.980551e+01	1.281739e+02
4.880000e-06	3.627389e-06	1.159175e-09	1.952393e+01	1.273632e+02
4.890000e-06	3.574763e-06	1.152786e-09	1.924068e+01	1.265400e+02
4.900000e-06	3.521736e-06	1.146495e-09	1.895527e+01	1.257037e+02
4.910000e-06	3.468320e-06	1.140183e-09	1.866777e+01	1.248537e+02
4.920000e-06	3.414449e-06	1.132186e-09	1.837781e+01	1.239896e+02
4.930000e-06	3.360036e-06	1.123290e-09	1.808494e+01	1.231108e+02
4.940000e-06	3.305346e-06	1.115053e-09	1.779058e+01	1.222168e+02
4.950000e-06	3.250446e-06	1.106561e-09	1.749509e+01	1.213072e+02
4.960000e-06	3.195327e-06	1.098081e-09	1.719842e+01	1.203816e+02
4.970000e-06	3.140023e-06	1.090160e-09	1.690075e+01	1.194397e+02
4.980000e-06	3.084376e-06	1.082560e-09	1.660124e+01	1.184811e+02
4.990000e-06	3.028364e-06	1.074360e-09	1.629976e+01	1.175057e+02
5.000000e-06	2.972239e-06	1.065930e-09	1.599768e+01	1.165133e+02
5.010000e-06	2.916058e-06	1.056975e-09	1.569529e+01	1.155039e+02
5.020000e-06	2.859665e-06	1.047713e-09	1.539176e+01	1.144774e+02
5.030000e-06	2.803131e-06	1.039647e-09	1.508747e+01	1.134338e+02
5.040000e-06	2.746472e-06	1.031489e-09	1.478252e+01	1.123734e+02
5.050000e-06	2.689513e-06	1.022895e-09	1.447594e+01	1.112962e+02
5.060000e-06	2.632380e-06	1.013450e-09	1.416843e+01	1.102025e+02
5.070000e-06	2.575255e-06	1.002761e-09	1.386096e+01	1.090925e+02
5.080000e-06	2.517955e-06	9.925729e-10	1.355255e+01	1.079665e+02
5.090000e-06	2.460402e-06	9.825494e-10	1.324278e+01	1.068247e+02
5.100000e-06	2.402712e-06	9.719053e-10	1.293227e+01	1.056674e+02
5.110000e-06	2.344837e-06	9.616569e-10	1.262077e+01	1.044950e+02
5.120000e-06	2.286702e-06	9.511313e-10	1.230787e+01	1.033075e+02
5.130000e-06	2.228372e-06	9.399969e-10	1.199391e+01	1.021051e+02
5.140000e-06	2.169956e-06	9.295303e-10	1.167950e+01	1.008881e+02
5.150000e-06	2.111399e-06	9.193047e-10	1.136432e+01	9.965639e+01
5.160000e-06	2.052637e-06	9.078192e-10	1.104804e+01	9.840994e+01
5.170000e-06	1.993585e-06	8.950507e-10	1.073020e+01	9.714861e+01
5.180000e-06	1.934413e-06	8.831199e-10	1.041172e+01	9.587214e+01
5.190000e-06	1.875225e-06	8.723971e-10	1.009315e+01	9.458015e+01
5.200000e-06	1.815759e-06	8.611010e-10	9.773077e+00	9.327212e+01
5.210000e-06	1.756075e-06	8.486002e-10	9.451839e+00	9.194743e+01
5.220000e-06	1.696336e-06	8.360693e-10	9.130299e+00	9.060530e+01
5.230000e-06	1.636560e-06	8.236762e-10	8.808564e+00	8.924481e+01
5.240000e-06	1.576785e-06	8.107535e-10	8.486833e+00	8.786493e+01
5.250000e-06	1.517003e-06	7.982516e-10	8.165064e+00	8.646449e+01
5.260000e-06	1.457134e-06	7.850103e-10	7.842827e+00	8.504218e+01
5.270000e-06	1.397110e-06	7.709858e-10	7.519757e+00	8.359662e+01
5.280000e-06	1.336971e-06	7.576085e-10	7.196068e+00	8.212630e+01
5.290000e-06	1.276797e-06	7.442775e-10	6.872187e+00	8.062963e+01
5.300000e-06	1.216580e-06	7.304948e-10	6.548079e+00	7.910496e+01
5.310000e-06	1.156318e-06	7.163126e-10	6.223726e+00	7.755058e+01
5.320000e-06	1.096039e-06	7.022394e-10	5.899281e+00	7.596478e+01
5.330000e-06	1.035666e-06	6.882269e-10	5.574330e+00	7.434580e+01
5.340000e-06	9.752167e-07	6.740973e-10	5.248973e+00	7.269194e+01
5.350000e-06	9.147460e-07	6.578787e-10	4.923497e+00	7.100151e+01
5.360000e-06	8.542646e-07	6.403549e-10	4.597964e+00	6.927289e+01
5.370000e-06	7.936634e-07	6.246722e-10	4.271787e+00	6.750457e+01
5.380000e-06	7.329406e-07	6.106349e-10	3.944954e+00	6.569513e+01
5.390000e-06	6.722058e-07	5.956223e-10	3.618057e+00	6.384329e+01
5.400000e-06	6.114496e-07	5.780016e-10	3.291045e+00	6.194795e+01
5.410000e-06	5.507148e-07	5.588310e-10	2.964149e+00	6.000816e+01
5.420000e-06	4.898832e-07	5.404791e-10	2.636731e+00	5.802321e+01
5.430000e-06	4.289240e-07	5.229595e-10	2.308626e+00	5.599258e+01
5.440000e-06	3.679343e-07	5.040089e-10	1.980357e+00	5.391599e+01
5.450000e-06	3.070154e-07	4.844770e-10	1.652469e+00	5.179342e+01
5.460000e-06	2.462377e-07	4.649224e-10	1.325341e+00	4.962510e+01
5.470000e-06	1.855575e-07	4.449657e-10	9.987384e-01	4.741153e+01
5.480000e-06	1.247771e-07	4.261833e-10	6.715958e-01	4.515347e+01
5.490000e-06	6.388899e-08	4.069637e-10	3.438739e-01	4.285196e+01
5.500000e-06	3.055538e-09	3.846943e-10	1.644602e-02	4.050832e+01
5.510000e-06	-5.782633e-08	3.608641e-10	-3.112424e-01	3.812412e+01
5.520000e-06	-1.188139e-07	3.382607e-10	-6.394996e-01	3.570120e+01
5.530000e-06	-1.797965e-07	3.172898e-10	-9.677302e-01	3.324164e+01
5.540000e-06	-2.406896e-07	2.959910e-10	-1.295480e+00	3.074775e+01
5.550000e-06	-3.015673e-07	2.729633e-10	-1.623145e+00	2.822207e+01
5.560000e-06	-3.624212e-07	2.492473e-10	-1.950683e+00	2.566732e+01
5.570000e-06	-4.232206e-07	2.266813e-10	-2.277928e+00	2.308640e+01
5.580000e-06	-4.839577e-07	2.034565e-10	-2.604837e+00	2.048237e+01
5.590000e-06	-5.446648e-07	1.785460e-10	-2.931585e+00	1.785842e+01
5.600000e-06	-6.054136e-07	1.539159e-10	-3.258557e+00	1.521781e+01
5.610000e-06	-6.660736e-07	1.305089e-10	-3.585052e+00	1.256391e+01
5.620000e-06	-7.266363e-07	1.079646e-10	-3.911022e+00	9.900117e+00
5.630000e-06	-7.871305e-07	8.435946e-11	-4.236624e+00	7.229847e+00
5.640000e-06	-8.476201e-07	5.856957e-11	-4.562201e+00	4.556504e+00
5.650000e-06	-9.081281e-07	3.124208e-11	-4.887877e+00	1.883452e+00
5.660000e-06	-9.685306e-07	5.389933e-12	-5.212985e+00	-7.860091e-01
5.670000e-06	-1.028802e-06	-1.695521e-11	-5.537387e+00	-3.448675e+00
5.680000e-06	-1.088994e-06	-3.827152e-11	-5.861366e+00	-6.101455e+00
5.690000e-06	-1.149231e-06	-6.138946e-11	-6.185580e+00	-8.741401e+00
5.700000e-06	-1.209426e-06	-8.663523e-11	-6.509574e+00	-1.136572e+01
5.710000e-06	-1.269488e-06	-1.116710e-10	-6.832849e+00	-1.397180e+01
5.720000e-06	-1.329507e-06	-1.345708e-10	-7.155892e+00	-1.655723e+01
5.730000e-06	-1.389478e-06	-1.566231e-10	-7.478677e+00	-1.911979e+01
5.740000e-06	-1.449322e-06	-1.797161e-10	-7.800783e+00	-2.165748e+01
5.750000e-06	-1.509111e-06	-2.037389e-10	-8.122586e+00	-2.416854e+01
5.760000e-06	-1.568918e-06	-2.270271e-10	-8.444492e+00	-2.665142e+01
5.770000e-06	-1.628654e-06	-2.491634e-10	-8.766009e+00	-2.910481e+01
5.780000e-06	-1.688232e-06	-2.720606e-10	-9.086679e+00	-3.152762e+01
5.790000e-06	-1.747613e-06	-2.966670e-10	-9.406291e+00	-3.391901e+01
5.800000e-06	-1.806872e-06	-3.209491e-10	-9.725244e+00	-3.627833e+01
5.810000e-06	-1.866068e-06	-3.427194e-10	-1.004386e+01	-3.860515e+01
5.820000e-06	-1.925172e-06	-3.626271e-10	-1.036198e+01	-4.089924e+01
5.830000e-06	-1.984107e-06	-3.833581e-10	-1.067919e+01	-4.316056e+01
5.840000e-06	-2.042949e-06	-4.058933e-10	-1.099590e+01	-4.538924e+01
5.850000e-06	-2.101655e-06	-4.280600e-10	-1.131187e+01	-4.758555e+01
5.860000e-06	-2.160142e-06	-4.477877e-10	-1.162668e+01	-4.974992e+01
5.870000e-06	-2.218487e-06	-4.666942e-10	-1.194071e+01	-5.188286e+01
5.880000e-06	-2.276619e-06	-4.858939e-10	-1.225360e+01	-5.398503e+01
5.890000e-06	-2.334519e-06	-5.050384e-10	-1.256523e+01	-5.605712e+01
5.900000e-06	-2.392234e-06	-5.241823e-10	-1.287588e+01	-5.809990e+01
5.910000e-06	-2.449659e-06	-5.426940e-10	-1.318496e+01	-6.011420e+01
5.920000e-06	-2.506944e-06	-5.610511e-10	-1.349329e+01	-6.210084e+01
5.930000e-06	-2.564114e-06	-5.804465e-10	-1.380100e+01	-6.406066e+01
5.940000e-06	-2.621000e-06	-6.007875e-10	-1.410718e+01	-6.599448e+01
5.950000e-06	-2.677885e-06	-6.197675e-10	-1.441335e+01	-6.790311e+01
5.960000e-06	-2.734599e-06	-6.366214e-10	-1.471861e+01	-6.978729e+01
5.970000e-06	-2.791025e-06	-6.529806e-10	-1.502232e+01	-7.164774e+01
5.980000e-06	-2.847385e-06	-6.695951e-10	-1.532567e+01	-7.348509e+01
5.990000e-06	-2.903618e-06	-6.862727e-10	-1.562833e+01	-7.529991e+01
6.000000e-06	-2.959659e-06	-7.027443e-10	-1.592997e+01	-7.709270e+01
6.010000e-06	-3.015595e-06	-7.182992e-10	-1.623103e+01	-7.886386e+01
6.020000e-06	-3.071430e-06	-7.331218e-10	-1.653156e+01	-8.061372e+01
6.030000e-06	-3.127109e-06	-7.491907e-10	-1.683124e+01	-8.234252e+01
6.040000e-06	-3.182522e-06	-7.665631e-10	-1.712950e+01	-8.405043e+01
6.050000e-06	-3.237455e-06	-7.832477e-10	-1.742517e+01	-8.573751e+01
6.060000e-06	-3.291943e-06	-7.980009e-10	-1.771844e+01	-8.740378e+01
6.070000e-06	-3.346136e-06	-8.115145e-10	-1.801013e+01	-8.904916e+01
6.080000e-06	-3.400077e-06	-8.259565e-10	-1.830046e+01	-9.067353e+01
6.090000e-06	-3.453742e-06	-8.417161e-10	-1.858930e+01	-9.227671e+01
6.100000e-06	-3.507034e-06	-8.571652e-10	-1.887614e+01	-9.385847e+01
6.110000e-06	-3.559851e-06	-8.713016e-10	-1.916042e+01	-9.541855e+01
6.120000e-06	-3.612192e-06	-8.848181e-10	-1.944214e+01	-9.695667e+01
6.130000e-06	-3.664354e-06	-8.985975e-10	-1.972289e+01	-9.847253e+01
6.140000e-06	-3.716406e-06	-9.125936e-10	-2.000306e+01	-9.996582e+01
6.150000e-06	-3.768043e-06	-9.258525e-10	-2.028098e+01	-1.014362e+02
6.160000e-06	-3.819395e-06	-9.388896e-10	-2.055738e+01	-1.028835e+02
6.170000e-06	-3.870588e-06	-9.526234e-10	-2.083292e+01	-1.043074e+02
6.180000e-06	-3.921457e-06	-9.659050e-10	-2.110671e+01	-1.057076e+02
6.190000e-06	-3.972000e-06	-9.778545e-10	-2.137876e+01	-1.070840e+02
6.200000e-06	-4.022221e-06	-9.889999e-10	-2.164906e+01	-1.084364e+02
6.210000e-06	-4.072180e-06	-9.999694e-10	-2.191796e+01	-1.097647e+02
6.220000e-06	-4.121911e-06	-1.011372e-09	-2.218563e+01	-1.110689e+02
6.230000e-06	-4.171288e-06	-1.023239e-09	-2.245139e+01	-1.123490e+02
6.240000e-06	-4.220075e-06	-1.035060e-09	-2.271399e+01	-1.136049e+02
6.250000e-06	-4.268519e-06	-1.046243e-09	-2.297473e+01	-1.148369e+02
6.260000e-06	-4.316540e-06	-1.056626e-09	-2.323319e+01	-1.160451e+02
6.270000e-06	-4.364077e-06	-1.066276e-09	-2.348906e+01	-1.172297e+02
6.280000e-06	-4.411335e-06	-1.076630e-09	-2.374342e+01	-1.183910e+02
6.290000e-06	-4.458210e-06	-1.088366e-09	-2.399572e+01	-1.195292e+02
6.300000e-06	-4.504847e-06	-1.099262e-09	-2.424673e+01	-1.206447e+02
6.310000e-06	-4.551209e-06	-1.108868e-09	-2.449627e+01	-1.217378e+02
6.320000e-06	-4.597324e-06	-1.118794e-09	-2.474448e+01	-1.228089e+02
6.330000e-06	-4.643262e-06	-1.129360e-09	-2.499173e+01	-1.238585e+02
6.340000e-06	-4.688862e-06	-1.139817e-09	-2.523717e+01	-1.248869e+02
6.350000e-06	-4.733924e-06	-1.149157e-09	-2.547971e+01	-1.258946e+02
6.360000e-06	-4.778620e-06	-1.156944e-09	-2.572028e+01	-1.268820e+02
6.370000e-06	-4.823117e-06	-1.164651e-09	-2.595978e+01	-1.278495e+02
6.380000e-06	-4.867363e-06	-1.173142e-09	-2.619793e+01	-1.287974e+02
6.390000e-06	-4.911406e-06	-1.180982e-09	-2.643498e+01	-1.297263e+02
6.400000e-06	-4.955119e-06	-1.188064e-09	-2.667026e+01	-1.306365e+02
6.410000e-06	-4.998449e-06	-1.196248e-09	-2.690348e+01	-1.315283e+02
6.420000e-06	-5.041612e-06	-1.205098e-09	-2.713580e+01	-1.324020e+02
6.430000e-06	-5.084522e-06	-1.213119e-09	-2.736675e+01	-1.332581e+02
6.440000e-06	-5.127074e-06	-1.219869e-09	-2.759579e+01	-1.340966e+02
6.450000e-06	-5.169189e-06	-1.226299e-09	-2.782246e+01	-1.349180e+02
6.460000e-06	-5.210812e-06	-1.233347e-09	-2.804649e+01	-1.357225e+02
6.470000e-06	-5.252134e-06	-1.240781e-09	-2.826891e+01	-1.365103e+02
6.480000e-06	-5.293227e-06	-1.247661e-09	-2.849008e+01	-1.372816e+02
6.490000e-06	-5.333937e-06	-1.254280e-09	-2.870920e+01	-1.380366e+02
6.500000e-06	-5.374206e-06	-1.261014e-09	-2.892594e+01	-1.387756e+02
6.510000e-06	-5.414126e-06	-1.267674e-09	-2.914080e+01	-1.394988e+02
6.520000e-06	-5.453820e-06	-1.274901e-09	-2.935445e+01	-1.402063e+02
6.530000e-06	-5.493263e-06	-1.280110e-09	-2.956675e+01	-1.408984e+02
6.540000e-06	-5.532230e-06	-1.284432e-09	-2.977648e+01	-1.415753e+02
6.550000e-06	-5.570604e-06	-1.290928e-09	-2.998303e+01	-1.422374e+02
6.560000e-06	-5.608376e-06	-1.297210e-09	-3.018633e+01	-1.428848e+02
6.570000e-06	-5.645562e-06	-1.302657e-09	-3.038648e+01	-1.435179e+02
6.580000e-06	-5.682251e-06	-1.308376e-09	-3.058395e+01	-1.441371e+02
6.590000e-06	-5.718563e-06	-1.314548e-09	-3.077939e+01	-1.447427e+02
6.600000e-06	-5.754568e-06	-1.320418e-09	-3.097319e+01	-1.453350e+02
6.610000e-06	-5.790257e-06	-1.324625e-09	-3.116528e+01	-1.459146e+02
6.620000e-06	-5.825577e-06	-1.327830e-09	-3.135538e+01	-1.464820e+02
6.630000e-06	-5.860536e-06	-1.332065e-09	-3.154355e+01	-1.470375e+02
6.640000e-06	-5.895044e-06	-1.336353e-09	-3.172928e+01	-1.475817e+02
6.650000e-06	-5.929085e-06	-1.339987e-09	-3.191250e+01	-1.481153e+02
6.660000e-06	-5.962735e-06	-1.343826e-09	-3.209362e+01	-1.486386e+02
6.670000e-06	-5.995989e-06	-1.347188e-09	-3.227260e+01	-1.491523e+02
6.680000e-06	-6.028777e-06	-1.349963e-09	-3.244908e+01	-1.496570e+02
6.690000e-06	-6.061127e-06	-1.352886e-09	-3.262320e+01	-1.501532e+02
6.700000e-06	-6.093131e-06	-1.356348e-09	-3.279546e+01	-1.506416e+02
6.710000e-06	-6.124857e-06	-1.359511e-09	-3.296622e+01	-1.511225e+02
6.720000e-06	-6.156359e-06	-1.362426e-09	-3.313577e+01	-1.515966e+02
6.730000e-06	-6.187142e-06	-1.365716e-09	-3.330146e+01	-1.520643e+02
6.740000e-06	-6.217133e-06	-1.368533e-09	-3.346288e+01	-1.525260e+02
6.750000e-06	-6.246520e-06	-1.371987e-09	-3.362106e+01	-1.529822e+02
6.760000e-06	-6.275330e-06	-1.376296e-09	-3.377612e+01	-1.534333e+02
6.770000e-06	-6.303853e-06	-1.378980e-09	-3.392964e+01	-1.538793e+02
6.780000e-06	-6.331999e-06	-1.381360e-09	-3.408113e+01	-1.543207e+02
6.790000e-06	-6.359806e-06	-1.384405e-09	-3.423080e+01	-1.547575e+02
6.800000e-06	-6.387210e-06	-1.386341e-09	-3.437830e+01	-1.551898e+02
6.810000e-06	-6.414057e-06	-1.388471e-09	-3.452280e+01	-1.556176e+02
6.820000e-06	-6.440547e-06	-1.391531e-09	-3.466538e+01	-1.560408e+02
6.830000e-06	-6.466622e-06	-1.394852e-09	-3.480572e+01	-1.564594e+02
6.840000e-06	-6.492163e-06	-1.399170e-09	-3.494319e+01	-1.568731e+02
6.850000e-06	-6.517297e-06	-1.402954e-09	-3.507847e+01	-1.572817e+02
6.860000e-06	-6.542028e-06	-1.404930e-09	-3.521159e+01	-1.576848e+02
6.870000e-06	-6.566313e-06	-1.407010e-09	-3.534230e+01	-1.580821e+02
6.880000e-06	-6.590318e-06	-1.410176e-09	-3.547150e+01	-1.584732e+02
6.890000e-06	-6.613994e-06	-1.413483e-09	-3.559893e+01	-1.588577e+02
6.900000e-06	-6.637109e-06	-1.416279e-09	-3.572335e+01	-1.592350e+02
6.910000e-06	-6.659508e-06	-1.418155e-09	-3.584391e+01	-1.596047e+02
6.920000e-06	-6.681227e-06	-1.419728e-09	-3.596081e+01	-1.599663e+02
6.930000e-06	-6.702272e-06	-1.421582e-09	-3.607408e+01	-1.603193e+02
6.940000e-06	-6.722707e-06	-1.422933e-09	-3.618407e+01	-1.606633e+02
6.950000e-06	-6.742806e-06	-1.424171e-09	-3.629225e+01	-1.609977e+02
6.960000e-06	-6.762645e-06	-1.425803e-09	-3.639903e+01	-1.613223e+02
6.970000e-06	-6.782069e-06	-1.428878e-09	-3.650358e+01	-1.616367e+02
6.980000e-06	-6.800958e-06	-1.432556e-09	-3.660524e+01	-1.619404e+02
6.990000e-06	-6.819419e-06	-1.434349e-09	-3.670461e+01	-1.622332e+02
7.000000e-06	-6.837467e-06	-1.435265e-09	-3.680175e+01	-1.625150e+02
7.010000e-06	-6.854889e-06	-1.437020e-09	-3.689552e+01	-1.627855e+02
7.020000e-06	-6.871682e-06	-1.438882e-09	-3.698591e+01	-1.630447e+02
7.030000e-06	-6.888105e-06	-1.440102e-09	-3.707430e+01	-1.632927e+02
7.040000e-06	-6.904351e-06	-1.442022e-09	-3.716174e+01	-1.635293e+02
7.050000e-06	-6.920309e-06	-1.445068e-09	-3.724763e+01	-1.637548e+02
7.060000e-06	-6.935672e-06	-1.447105e-09	-3.733032e+01	-1.639693e+02
7.070000e-06	-6.950148e-06	-1.446523e-09	-3.740823e+01	-1.641730e+02
7.080000e-06	-6.963817e-06	-1.445909e-09	-3.748181e+01	-1.643664e+02
7.090000e-06	-6.976813e-06	-1.446381e-09	-3.755176e+01	-1.645496e+02
7.100000e-06	-6.989224e-06	-1.446698e-09	-3.761856e+01	-1.647230e+02
7.110000e-06	-7.001239e-06	-1.447326e-09	-3.768323e+01	-1.648871e+02
7.120000e-06	-7.012687e-06	-1.448088e-09	-3.774485e+01	-1.650423e+02
7.130000e-06	-7.023561e-06	-1.449093e-09	-3.780337e+01	-1.651890e+02
7.140000e-06	-7.034050e-06	-1.450005e-09	-3.785983e+01	-1.653277e+02
7.150000e-06	-7.044214e-06	-1.450728e-09	-3.791453e+01	-1.654587e+02
7.160000e-06	-7.053861e-06	-1.451474e-09	-3.796646e+01	-1.655826e+02
7.170000e-06	-7.062856e-06	-1.452999e-09	-3.801487e+01	-1.656997e+02
7.180000e-06	-7.071354e-06	-1.454725e-09	-3.806061e+01	-1.658103e+02
7.190000e-06	-7.079539e-06	-1.454477e-09	-3.810467e+01	-1.659148e+02
7.200000e-06	-7.087521e-06	-1.453957e-09	-3.814763e+01	-1.660134e+02
7.210000e-06	-7.095002e-06	-1.453808e-09	-3.818790e+01	-1.661065e+02
7.220000e-06	-7.101697e-06	-1.452317e-09	-3.822393e+01	-1.661942e+02
7.230000e-06	-7.107514e-06	-1.449732e-09	-3.825524e+01	-1.662767e+02
7.240000e-06	-7.112588e-06	-1.447445e-09	-3.828255e+01	-1.663539e+02
7.250000e-06	-7.117212e-06	-1.446049e-09	-3.830744e+01	-1.664260e+02
7.260000e-06	-7.121513e-06	-1.445703e-09	-3.833059e+01	-1.664930e+02
7.270000e-06	-7.125511e-06	-1.445936e-09	-3.835211e+01	-1.665547e+02
7.280000e-06	-7.129049e-06	-1.445947e-09	-3.837114e+01	-1.666112e+02
7.290000e-06	-7.132090e-06	-1.445867e-09	-3.838752e+01	-1.666622e+02
7.300000e-06	-7.134717e-06	-1.445508e-09	-3.840165e+01	-1.667076e+02
7.310000e-06	-7.136856e-06	-1.445073e-09	-3.841317e+01	-1.667472e+02
7.320000e-06	-7.138402e-06	-1.444410e-09	-3.842149e+01	-1.667808e+02
7.330000e-06	-7.139345e-06	-1.444033e-09	-3.842656e+01	-1.668083e+02
7.340000e-06	-7.139908e-06	-1.443541e-09	-3.842960e+01	-1.668294e+02
