# Temperatura_=_20.0
# Concentracion g/m^3_=_7400.0
# C_Vs_to_Am_M_A/Vsm_=_116720831517.84952
# pendiente_HvsI_1/m_=_3716.3
# ordenada_HvsI_A/m_=_1297.0
# frecuencia_Hz_=_136112.51213162145

Tiempo_(s)	Campo_(V.s)	Magnetizacion_(V.s)	Campo_(kA/m)	Magnetizacion_(A/m)
0.000000e+00	-7.137318e-06	-1.613726e-09	-3.842324e+01	-1.864664e+02
1.000000e-08	-7.137679e-06	-1.613831e-09	-3.842519e+01	-1.864739e+02
2.000000e-08	-7.137629e-06	-1.613237e-09	-3.842492e+01	-1.864707e+02
3.000000e-08	-7.137115e-06	-1.611820e-09	-3.842215e+01	-1.864570e+02
4.000000e-08	-7.136098e-06	-1.610223e-09	-3.841667e+01	-1.864329e+02
5.000000e-08	-7.134399e-06	-1.608027e-09	-3.840753e+01	-1.863986e+02
6.000000e-08	-7.131856e-06	-1.606067e-09	-3.839384e+01	-1.863544e+02
7.000000e-08	-7.128713e-06	-1.604538e-09	-3.837692e+01	-1.863007e+02
8.000000e-08	-7.125145e-06	-1.601083e-09	-3.835771e+01	-1.862378e+02
9.000000e-08	-7.121067e-06	-1.607684e-09	-3.833576e+01	-1.861662e+02
1.000000e-07	-7.116367e-06	-1.620880e-09	-3.831045e+01	-1.860862e+02
1.100000e-07	-7.111086e-06	-1.593148e-09	-3.828203e+01	-1.859985e+02
1.200000e-07	-7.105350e-06	-1.543818e-09	-3.825115e+01	-1.859035e+02
1.300000e-07	-7.099165e-06	-1.587913e-09	-3.821785e+01	-1.858018e+02
1.400000e-07	-7.092651e-06	-1.673803e-09	-3.818278e+01	-1.856941e+02
1.500000e-07	-7.085778e-06	-1.613806e-09	-3.814578e+01	-1.855808e+02
1.600000e-07	-7.078378e-06	-1.501969e-09	-3.810595e+01	-1.854627e+02
1.700000e-07	-7.070504e-06	-1.575179e-09	-3.806355e+01	-1.853402e+02
1.800000e-07	-7.062233e-06	-1.699760e-09	-3.801903e+01	-1.852141e+02
1.900000e-07	-7.053377e-06	-1.592717e-09	-3.797135e+01	-1.850849e+02
2.000000e-07	-7.043812e-06	-1.448179e-09	-3.791986e+01	-1.849530e+02
2.100000e-07	-7.033641e-06	-1.580054e-09	-3.786511e+01	-1.848191e+02
2.200000e-07	-7.022892e-06	-1.722575e-09	-3.780724e+01	-1.846835e+02
2.300000e-07	-7.011638e-06	-1.576917e-09	-3.774666e+01	-1.845466e+02
2.400000e-07	-6.999687e-06	-1.454014e-09	-3.768232e+01	-1.844088e+02
2.500000e-07	-6.987055e-06	-1.596787e-09	-3.761431e+01	-1.842704e+02
2.600000e-07	-6.973914e-06	-1.663494e-09	-3.754357e+01	-1.841314e+02
2.700000e-07	-6.960165e-06	-1.516206e-09	-3.746955e+01	-1.839921e+02
2.800000e-07	-6.945851e-06	-1.503958e-09	-3.739250e+01	-1.838524e+02
2.900000e-07	-6.930861e-06	-1.633414e-09	-3.731180e+01	-1.837123e+02
3.000000e-07	-6.915127e-06	-1.585552e-09	-3.722709e+01	-1.835716e+02
3.100000e-07	-6.898800e-06	-1.490115e-09	-3.713920e+01	-1.834302e+02
3.200000e-07	-6.881906e-06	-1.584433e-09	-3.704825e+01	-1.832876e+02
3.300000e-07	-6.864625e-06	-1.613616e-09	-3.695522e+01	-1.831437e+02
3.400000e-07	-6.847042e-06	-1.481153e-09	-3.686056e+01	-1.829979e+02
3.500000e-07	-6.828936e-06	-1.514546e-09	-3.676309e+01	-1.828497e+02
3.600000e-07	-6.810295e-06	-1.649922e-09	-3.666274e+01	-1.826985e+02
3.700000e-07	-6.791223e-06	-1.555546e-09	-3.656007e+01	-1.825438e+02
3.800000e-07	-6.771718e-06	-1.446821e-09	-3.645506e+01	-1.823850e+02
3.900000e-07	-6.751824e-06	-1.570958e-09	-3.634797e+01	-1.822213e+02
4.000000e-07	-6.731582e-06	-1.613652e-09	-3.623899e+01	-1.820522e+02
4.100000e-07	-6.710870e-06	-1.480966e-09	-3.612749e+01	-1.818769e+02
4.200000e-07	-6.689640e-06	-1.500707e-09	-3.601320e+01	-1.816947e+02
4.300000e-07	-6.667918e-06	-1.598716e-09	-3.589626e+01	-1.815050e+02
4.400000e-07	-6.645677e-06	-1.526782e-09	-3.577653e+01	-1.813072e+02
4.500000e-07	-6.623025e-06	-1.482218e-09	-3.565458e+01	-1.811007e+02
4.600000e-07	-6.599925e-06	-1.565315e-09	-3.553023e+01	-1.808850e+02
4.700000e-07	-6.576411e-06	-1.540757e-09	-3.540364e+01	-1.806595e+02
4.800000e-07	-6.552632e-06	-1.468592e-09	-3.527563e+01	-1.804238e+02
4.900000e-07	-6.528478e-06	-1.532760e-09	-3.514560e+01	-1.801777e+02
5.000000e-07	-6.503763e-06	-1.559659e-09	-3.501255e+01	-1.799207e+02
5.100000e-07	-6.478405e-06	-1.479642e-09	-3.487603e+01	-1.796526e+02
5.200000e-07	-6.452374e-06	-1.489689e-09	-3.473589e+01	-1.793734e+02
5.300000e-07	-6.425565e-06	-1.541284e-09	-3.459157e+01	-1.790830e+02
5.400000e-07	-6.398157e-06	-1.497011e-09	-3.444402e+01	-1.787813e+02
5.500000e-07	-6.370473e-06	-1.474725e-09	-3.429499e+01	-1.784685e+02
5.600000e-07	-6.342489e-06	-1.514252e-09	-3.414434e+01	-1.781446e+02
5.700000e-07	-6.314172e-06	-1.499049e-09	-3.399190e+01	-1.778099e+02
5.800000e-07	-6.285403e-06	-1.470115e-09	-3.383702e+01	-1.774647e+02
5.900000e-07	-6.255999e-06	-1.492146e-09	-3.367872e+01	-1.771092e+02
6.000000e-07	-6.226203e-06	-1.490901e-09	-3.351832e+01	-1.767438e+02
6.100000e-07	-6.196053e-06	-1.463911e-09	-3.335601e+01	-1.763688e+02
6.200000e-07	-6.165465e-06	-1.470880e-09	-3.319134e+01	-1.759847e+02
6.300000e-07	-6.134514e-06	-1.476850e-09	-3.302472e+01	-1.755918e+02
6.400000e-07	-6.103259e-06	-1.460063e-09	-3.285646e+01	-1.751906e+02
6.500000e-07	-6.071723e-06	-1.457202e-09	-3.268669e+01	-1.747814e+02
6.600000e-07	-6.039809e-06	-1.459300e-09	-3.251488e+01	-1.743647e+02
6.700000e-07	-6.007564e-06	-1.449535e-09	-3.234129e+01	-1.739407e+02
6.800000e-07	-5.974837e-06	-1.444771e-09	-3.216511e+01	-1.735098e+02
6.900000e-07	-5.941481e-06	-1.443610e-09	-3.198554e+01	-1.730722e+02
7.000000e-07	-5.907329e-06	-1.437982e-09	-3.180169e+01	-1.726282e+02
7.100000e-07	-5.872423e-06	-1.433115e-09	-3.161377e+01	-1.721779e+02
7.200000e-07	-5.837116e-06	-1.426533e-09	-3.142370e+01	-1.717215e+02
7.300000e-07	-5.801538e-06	-1.419740e-09	-3.123217e+01	-1.712591e+02
7.400000e-07	-5.765694e-06	-1.417734e-09	-3.103921e+01	-1.707906e+02
7.500000e-07	-5.729534e-06	-1.413271e-09	-3.084454e+01	-1.703160e+02
7.600000e-07	-5.693046e-06	-1.406193e-09	-3.064811e+01	-1.698352e+02
7.700000e-07	-5.656060e-06	-1.404218e-09	-3.044900e+01	-1.693480e+02
7.800000e-07	-5.618546e-06	-1.402487e-09	-3.024704e+01	-1.688543e+02
7.900000e-07	-5.580628e-06	-1.395411e-09	-3.004292e+01	-1.683538e+02
8.000000e-07	-5.542282e-06	-1.387900e-09	-2.983648e+01	-1.678462e+02
8.100000e-07	-5.503565e-06	-1.380814e-09	-2.962805e+01	-1.673313e+02
8.200000e-07	-5.464441e-06	-1.374046e-09	-2.941743e+01	-1.668086e+02
8.300000e-07	-5.425016e-06	-1.370420e-09	-2.920519e+01	-1.662780e+02
8.400000e-07	-5.385367e-06	-1.367429e-09	-2.899174e+01	-1.657390e+02
8.500000e-07	-5.345434e-06	-1.361356e-09	-2.877677e+01	-1.651913e+02
8.600000e-07	-5.305229e-06	-1.354497e-09	-2.856032e+01	-1.646346e+02
8.700000e-07	-5.264453e-06	-1.349607e-09	-2.834081e+01	-1.640686e+02
8.800000e-07	-5.223130e-06	-1.344900e-09	-2.811835e+01	-1.634931e+02
8.900000e-07	-5.181448e-06	-1.337807e-09	-2.789396e+01	-1.629077e+02
9.000000e-07	-5.139260e-06	-1.328983e-09	-2.766684e+01	-1.623123e+02
9.100000e-07	-5.096385e-06	-1.322031e-09	-2.743602e+01	-1.617067e+02
9.200000e-07	-5.052917e-06	-1.317989e-09	-2.720202e+01	-1.610909e+02
9.300000e-07	-5.009177e-06	-1.313552e-09	-2.696655e+01	-1.604646e+02
9.400000e-07	-4.965255e-06	-1.306355e-09	-2.673010e+01	-1.598280e+02
9.500000e-07	-4.921049e-06	-1.298608e-09	-2.649212e+01	-1.591810e+02
9.600000e-07	-4.876568e-06	-1.292455e-09	-2.625265e+01	-1.585236e+02
9.700000e-07	-4.831851e-06	-1.286947e-09	-2.601193e+01	-1.578561e+02
9.800000e-07	-4.786781e-06	-1.281300e-09	-2.576930e+01	-1.571785e+02
9.900000e-07	-4.741325e-06	-1.274952e-09	-2.552459e+01	-1.564909e+02
1.000000e-06	-4.695533e-06	-1.267913e-09	-2.527807e+01	-1.557936e+02
1.010000e-06	-4.649467e-06	-1.261322e-09	-2.503007e+01	-1.550867e+02
1.020000e-06	-4.603056e-06	-1.255396e-09	-2.478022e+01	-1.543705e+02
1.030000e-06	-4.556298e-06	-1.249147e-09	-2.452851e+01	-1.536451e+02
1.040000e-06	-4.509263e-06	-1.241734e-09	-2.427530e+01	-1.529107e+02
1.050000e-06	-4.461940e-06	-1.235117e-09	-2.402054e+01	-1.521675e+02
1.060000e-06	-4.414422e-06	-1.230482e-09	-2.376473e+01	-1.514156e+02
1.070000e-06	-4.366640e-06	-1.226074e-09	-2.350749e+01	-1.506551e+02
1.080000e-06	-4.318556e-06	-1.219484e-09	-2.324864e+01	-1.498860e+02
1.090000e-06	-4.270129e-06	-1.210762e-09	-2.298794e+01	-1.491083e+02
1.100000e-06	-4.221189e-06	-1.202899e-09	-2.272447e+01	-1.483220e+02
1.110000e-06	-4.171810e-06	-1.197567e-09	-2.245864e+01	-1.475269e+02
1.120000e-06	-4.121960e-06	-1.192655e-09	-2.219028e+01	-1.467229e+02
1.130000e-06	-4.071501e-06	-1.185931e-09	-2.191864e+01	-1.459097e+02
1.140000e-06	-4.020535e-06	-1.177952e-09	-2.164427e+01	-1.450869e+02
1.150000e-06	-3.969281e-06	-1.170594e-09	-2.136834e+01	-1.442542e+02
1.160000e-06	-3.917837e-06	-1.164579e-09	-2.109140e+01	-1.434111e+02
1.170000e-06	-3.866150e-06	-1.158196e-09	-2.081314e+01	-1.425571e+02
1.180000e-06	-3.814271e-06	-1.150809e-09	-2.053386e+01	-1.416918e+02
1.190000e-06	-3.762061e-06	-1.143015e-09	-2.025279e+01	-1.408144e+02
1.200000e-06	-3.709429e-06	-1.135335e-09	-1.996945e+01	-1.399243e+02
1.210000e-06	-3.656604e-06	-1.127956e-09	-1.968507e+01	-1.390210e+02
1.220000e-06	-3.603567e-06	-1.119722e-09	-1.939955e+01	-1.381038e+02
1.230000e-06	-3.550212e-06	-1.109804e-09	-1.911231e+01	-1.371719e+02
1.240000e-06	-3.496588e-06	-1.099920e-09	-1.882363e+01	-1.362248e+02
1.250000e-06	-3.442765e-06	-1.092682e-09	-1.853388e+01	-1.352618e+02
1.260000e-06	-3.388825e-06	-1.087095e-09	-1.824350e+01	-1.342823e+02
1.270000e-06	-3.334569e-06	-1.079441e-09	-1.795142e+01	-1.332858e+02
1.280000e-06	-3.280001e-06	-1.068991e-09	-1.765765e+01	-1.322718e+02
1.290000e-06	-3.225226e-06	-1.058425e-09	-1.736278e+01	-1.312398e+02
1.300000e-06	-3.170215e-06	-1.049562e-09	-1.706663e+01	-1.301895e+02
1.310000e-06	-3.114992e-06	-1.041079e-09	-1.676934e+01	-1.291206e+02
1.320000e-06	-3.059511e-06	-1.031779e-09	-1.647066e+01	-1.280330e+02
1.330000e-06	-3.003942e-06	-1.022595e-09	-1.617151e+01	-1.269265e+02
1.340000e-06	-2.948255e-06	-1.014163e-09	-1.587172e+01	-1.258011e+02
1.350000e-06	-2.892428e-06	-1.005958e-09	-1.557118e+01	-1.246568e+02
1.360000e-06	-2.836539e-06	-9.970001e-10	-1.527030e+01	-1.234939e+02
1.370000e-06	-2.780465e-06	-9.866872e-10	-1.496844e+01	-1.223125e+02
1.380000e-06	-2.724180e-06	-9.759007e-10	-1.466543e+01	-1.211129e+02
1.390000e-06	-2.667726e-06	-9.663108e-10	-1.436151e+01	-1.198956e+02
1.400000e-06	-2.611195e-06	-9.579698e-10	-1.405718e+01	-1.186608e+02
1.410000e-06	-2.554572e-06	-9.485786e-10	-1.375236e+01	-1.174091e+02
1.420000e-06	-2.497679e-06	-9.374166e-10	-1.344608e+01	-1.161408e+02
1.430000e-06	-2.440370e-06	-9.269683e-10	-1.313756e+01	-1.148566e+02
1.440000e-06	-2.382738e-06	-9.180931e-10	-1.282730e+01	-1.135567e+02
1.450000e-06	-2.324817e-06	-9.086814e-10	-1.251549e+01	-1.122417e+02
1.460000e-06	-2.266502e-06	-8.972819e-10	-1.220155e+01	-1.109118e+02
1.470000e-06	-2.207947e-06	-8.847994e-10	-1.188632e+01	-1.095674e+02
1.480000e-06	-2.149207e-06	-8.727114e-10	-1.157010e+01	-1.082087e+02
1.490000e-06	-2.090213e-06	-8.613678e-10	-1.125251e+01	-1.068358e+02
1.500000e-06	-2.030886e-06	-8.505413e-10	-1.093313e+01	-1.054487e+02
1.510000e-06	-1.971324e-06	-8.388587e-10	-1.061248e+01	-1.040472e+02
1.520000e-06	-1.911749e-06	-8.259761e-10	-1.029176e+01	-1.026311e+02
1.530000e-06	-1.852129e-06	-8.143415e-10	-9.970805e+00	-1.011998e+02
1.540000e-06	-1.792433e-06	-8.048091e-10	-9.649435e+00	-9.975270e+01
1.550000e-06	-1.732671e-06	-7.948371e-10	-9.327708e+00	-9.828908e+01
1.560000e-06	-1.672828e-06	-7.824638e-10	-9.005548e+00	-9.680791e+01
1.570000e-06	-1.612989e-06	-7.684626e-10	-8.683410e+00	-9.530805e+01
1.580000e-06	-1.553153e-06	-7.548511e-10	-8.361288e+00	-9.378817e+01
1.590000e-06	-1.493277e-06	-7.421392e-10	-8.038948e+00	-9.224679e+01
1.600000e-06	-1.433376e-06	-7.300510e-10	-7.716479e+00	-9.068227e+01
1.610000e-06	-1.373357e-06	-7.181287e-10	-7.393371e+00	-8.909281e+01
1.620000e-06	-1.313125e-06	-7.052961e-10	-7.069114e+00	-8.747652e+01
1.630000e-06	-1.252811e-06	-6.922378e-10	-6.744421e+00	-8.583137e+01
1.640000e-06	-1.192466e-06	-6.790649e-10	-6.419558e+00	-8.415527e+01
1.650000e-06	-1.132024e-06	-6.645812e-10	-6.094171e+00	-8.244606e+01
1.660000e-06	-1.071566e-06	-6.492562e-10	-5.768697e+00	-8.070156e+01
1.670000e-06	-1.011140e-06	-6.346170e-10	-5.443402e+00	-7.891957e+01
1.680000e-06	-9.505167e-07	-6.207677e-10	-5.117039e+00	-7.709793e+01
1.690000e-06	-8.896650e-07	-6.058801e-10	-4.789448e+00	-7.523453e+01
1.700000e-06	-8.287834e-07	-5.903833e-10	-4.461696e+00	-7.332736e+01
1.710000e-06	-7.678695e-07	-5.754948e-10	-4.133771e+00	-7.137451e+01
1.720000e-06	-7.068372e-07	-5.603216e-10	-3.805208e+00	-6.937426e+01
1.730000e-06	-6.457168e-07	-5.447456e-10	-3.476170e+00	-6.732502e+01
1.740000e-06	-5.845917e-07	-5.289893e-10	-3.147108e+00	-6.522545e+01
1.750000e-06	-5.233828e-07	-5.124318e-10	-2.817594e+00	-6.307443e+01
1.760000e-06	-4.622100e-07	-4.949262e-10	-2.488275e+00	-6.087111e+01
1.770000e-06	-4.010945e-07	-4.768182e-10	-2.159264e+00	-5.861492e+01
1.780000e-06	-3.398706e-07	-4.580480e-10	-1.829669e+00	-5.630559e+01
1.790000e-06	-2.785965e-07	-4.384402e-10	-1.499804e+00	-5.394316e+01
1.800000e-06	-2.172924e-07	-4.182646e-10	-1.169778e+00	-5.152801e+01
1.810000e-06	-1.559843e-07	-3.977188e-10	-8.397305e-01	-4.906087e+01
1.820000e-06	-9.476621e-08	-3.770218e-10	-5.101672e-01	-4.654278e+01
1.830000e-06	-3.359675e-08	-3.563074e-10	-1.808657e-01	-4.397514e+01
1.840000e-06	2.758842e-08	-3.349981e-10	1.485203e-01	-4.135967e+01
1.850000e-06	8.885859e-08	-3.128518e-10	4.783639e-01	-3.869845e+01
1.860000e-06	1.503117e-07	-2.898161e-10	8.091925e-01	-3.599385e+01
1.870000e-06	2.117565e-07	-2.663248e-10	1.139976e+00	-3.324853e+01
1.880000e-06	2.731019e-07	-2.427715e-10	1.470225e+00	-3.046545e+01
1.890000e-06	3.344624e-07	-2.191539e-10	1.800555e+00	-2.764780e+01
1.900000e-06	3.957056e-07	-1.957713e-10	2.130253e+00	-2.479904e+01
1.910000e-06	4.569231e-07	-1.718411e-10	2.459813e+00	-2.192277e+01
1.920000e-06	5.181869e-07	-1.468892e-10	2.789622e+00	-1.902282e+01
1.930000e-06	5.794107e-07	-1.224338e-10	3.119216e+00	-1.610310e+01
1.940000e-06	6.405293e-07	-9.774891e-11	3.448244e+00	-1.316764e+01
1.950000e-06	7.016165e-07	-7.130269e-11	3.777103e+00	-1.022055e+01
1.960000e-06	7.626472e-07	-4.449885e-11	4.105657e+00	-7.265940e+00
1.970000e-06	8.235007e-07	-1.835833e-11	4.433257e+00	-4.307925e+00
1.980000e-06	8.842850e-07	6.610989e-12	4.760485e+00	-1.350572e+00
1.990000e-06	9.449837e-07	3.041746e-11	5.087253e+00	1.602132e+00
2.000000e-06	1.005636e-06	5.420078e-11	5.413769e+00	4.546309e+00
2.010000e-06	1.066354e-06	7.830745e-11	5.740640e+00	7.478226e+00
2.020000e-06	1.127087e-06	1.026335e-10	6.067594e+00	1.039432e+01
2.030000e-06	1.187588e-06	1.265467e-10	6.393295e+00	1.329124e+01
2.040000e-06	1.247871e-06	1.499668e-10	6.717822e+00	1.616582e+01
2.050000e-06	1.308129e-06	1.734720e-10	7.042221e+00	1.901518e+01
2.060000e-06	1.368328e-06	1.960547e-10	7.366295e+00	2.183666e+01
2.070000e-06	1.428432e-06	2.177956e-10	7.689863e+00	2.462790e+01
2.080000e-06	1.488391e-06	2.398122e-10	8.012645e+00	2.738679e+01
2.090000e-06	1.548231e-06	2.613865e-10	8.334793e+00	3.011153e+01
2.100000e-06	1.608002e-06	2.822961e-10	8.656566e+00	3.280058e+01
2.110000e-06	1.667688e-06	3.035096e-10	8.977878e+00	3.545272e+01
2.120000e-06	1.727326e-06	3.245262e-10	9.298934e+00	3.806699e+01
2.130000e-06	1.786915e-06	3.445918e-10	9.619732e+00	4.064269e+01
2.140000e-06	1.846489e-06	3.643555e-10	9.940442e+00	4.317939e+01
2.150000e-06	1.906089e-06	3.843743e-10	1.026129e+01	4.567692e+01
2.160000e-06	1.965623e-06	4.045646e-10	1.058179e+01	4.813532e+01
2.170000e-06	2.024973e-06	4.237792e-10	1.090130e+01	5.055486e+01
2.180000e-06	2.084078e-06	4.417555e-10	1.121949e+01	5.293597e+01
2.190000e-06	2.143008e-06	4.591792e-10	1.153673e+01	5.527927e+01
2.200000e-06	2.201752e-06	4.772806e-10	1.185298e+01	5.758553e+01
2.210000e-06	2.260136e-06	4.959534e-10	1.216728e+01	5.985562e+01
2.220000e-06	2.318148e-06	5.140058e-10	1.247958e+01	6.209054e+01
2.230000e-06	2.375931e-06	5.310294e-10	1.279065e+01	6.429133e+01
2.240000e-06	2.433493e-06	5.481180e-10	1.310054e+01	6.645910e+01
2.250000e-06	2.490733e-06	5.657523e-10	1.340868e+01	6.859500e+01
2.260000e-06	2.547581e-06	5.825399e-10	1.371472e+01	7.070017e+01
2.270000e-06	2.604087e-06	5.984998e-10	1.401892e+01	7.277574e+01
2.280000e-06	2.660442e-06	6.139938e-10	1.432230e+01	7.482283e+01
2.290000e-06	2.716618e-06	6.293407e-10	1.462472e+01	7.684250e+01
2.300000e-06	2.772631e-06	6.448908e-10	1.492626e+01	7.883574e+01
2.310000e-06	2.828529e-06	6.603985e-10	1.522718e+01	8.080350e+01
2.320000e-06	2.884263e-06	6.754882e-10	1.552723e+01	8.274663e+01
2.330000e-06	2.939908e-06	6.905647e-10	1.582678e+01	8.466590e+01
2.340000e-06	2.995460e-06	7.059881e-10	1.612585e+01	8.656197e+01
2.350000e-06	3.050850e-06	7.212778e-10	1.642404e+01	8.843544e+01
2.360000e-06	3.106066e-06	7.357220e-10	1.672128e+01	9.028677e+01
2.370000e-06	3.161105e-06	7.488429e-10	1.701759e+01	9.211637e+01
2.380000e-06	3.215873e-06	7.609694e-10	1.731242e+01	9.392452e+01
2.390000e-06	3.270421e-06	7.739900e-10	1.760608e+01	9.571143e+01
2.400000e-06	3.324752e-06	7.888966e-10	1.789857e+01	9.747724e+01
2.410000e-06	3.378855e-06	8.035824e-10	1.818983e+01	9.922199e+01
2.420000e-06	3.432786e-06	8.173399e-10	1.848016e+01	1.009457e+02
2.430000e-06	3.486485e-06	8.308930e-10	1.876924e+01	1.026482e+02
2.440000e-06	3.539958e-06	8.440071e-10	1.905711e+01	1.043296e+02
2.450000e-06	3.593239e-06	8.571842e-10	1.934395e+01	1.059895e+02
2.460000e-06	3.646247e-06	8.701127e-10	1.962931e+01	1.076279e+02
2.470000e-06	3.698949e-06	8.825839e-10	1.991303e+01	1.092445e+02
2.480000e-06	3.751278e-06	8.944684e-10	2.019474e+01	1.108391e+02
2.490000e-06	3.803252e-06	9.071731e-10	2.047454e+01	1.124116e+02
2.500000e-06	3.855010e-06	9.210656e-10	2.075317e+01	1.139617e+02
2.510000e-06	3.906497e-06	9.339126e-10	2.103035e+01	1.154894e+02
2.520000e-06	3.957627e-06	9.456326e-10	2.130560e+01	1.169944e+02
2.530000e-06	4.008286e-06	9.574987e-10	2.157832e+01	1.184766e+02
2.540000e-06	4.058520e-06	9.700917e-10	2.184875e+01	1.199360e+02
2.550000e-06	4.108424e-06	9.825644e-10	2.211741e+01	1.213724e+02
2.560000e-06	4.157826e-06	9.940333e-10	2.238336e+01	1.227860e+02
2.570000e-06	4.206690e-06	1.004459e-09	2.264642e+01	1.241766e+02
2.580000e-06	4.255163e-06	1.014645e-09	2.290737e+01	1.255445e+02
2.590000e-06	4.303261e-06	1.025170e-09	2.316630e+01	1.268896e+02
2.600000e-06	4.351060e-06	1.035844e-09	2.342362e+01	1.282122e+02
2.610000e-06	4.398713e-06	1.046804e-09	2.368016e+01	1.295123e+02
2.620000e-06	4.446200e-06	1.057536e-09	2.393580e+01	1.307902e+02
2.630000e-06	4.493439e-06	1.067126e-09	2.419011e+01	1.320462e+02
2.640000e-06	4.540244e-06	1.076430e-09	2.444208e+01	1.332803e+02
2.650000e-06	4.586698e-06	1.086335e-09	2.469216e+01	1.344930e+02
2.660000e-06	4.632848e-06	1.095709e-09	2.494061e+01	1.356843e+02
2.670000e-06	4.678599e-06	1.103505e-09	2.518691e+01	1.368547e+02
2.680000e-06	4.724123e-06	1.111275e-09	2.543198e+01	1.380044e+02
2.690000e-06	4.769397e-06	1.120992e-09	2.567571e+01	1.391335e+02
2.700000e-06	4.814306e-06	1.131434e-09	2.591747e+01	1.402424e+02
2.710000e-06	4.858905e-06	1.140184e-09	2.615757e+01	1.413313e+02
2.720000e-06	4.903196e-06	1.148604e-09	2.639601e+01	1.424004e+02
2.730000e-06	4.947153e-06	1.158303e-09	2.663265e+01	1.434500e+02
2.740000e-06	4.990924e-06	1.167450e-09	2.686828e+01	1.444801e+02
2.750000e-06	5.034511e-06	1.174911e-09	2.710293e+01	1.454910e+02
2.760000e-06	5.077820e-06	1.181835e-09	2.733608e+01	1.464828e+02
2.770000e-06	5.120811e-06	1.189374e-09	2.756752e+01	1.474556e+02
2.780000e-06	5.163366e-06	1.198062e-09	2.779661e+01	1.484096e+02
2.790000e-06	5.205185e-06	1.207494e-09	2.802174e+01	1.493449e+02
2.800000e-06	5.246137e-06	1.216209e-09	2.824221e+01	1.502616e+02
2.810000e-06	5.286579e-06	1.223678e-09	2.845992e+01	1.511598e+02
2.820000e-06	5.326765e-06	1.231007e-09	2.867626e+01	1.520395e+02
2.830000e-06	5.366671e-06	1.239029e-09	2.889109e+01	1.529009e+02
2.840000e-06	5.406312e-06	1.247323e-09	2.910449e+01	1.537441e+02
2.850000e-06	5.445733e-06	1.254987e-09	2.931672e+01	1.545693e+02
2.860000e-06	5.484875e-06	1.261009e-09	2.952744e+01	1.553765e+02
2.870000e-06	5.523597e-06	1.266318e-09	2.973589e+01	1.561660e+02
2.880000e-06	5.561865e-06	1.272757e-09	2.994190e+01	1.569379e+02
2.890000e-06	5.599711e-06	1.280151e-09	3.014564e+01	1.576925e+02
2.900000e-06	5.637130e-06	1.286973e-09	3.034709e+01	1.584301e+02
2.910000e-06	5.674118e-06	1.292996e-09	3.054621e+01	1.591509e+02
2.920000e-06	5.710684e-06	1.299423e-09	3.074306e+01	1.598552e+02
2.930000e-06	5.746893e-06	1.306277e-09	3.093799e+01	1.605435e+02
2.940000e-06	5.782804e-06	1.313612e-09	3.113131e+01	1.612162e+02
2.950000e-06	5.818444e-06	1.320022e-09	3.132318e+01	1.618736e+02
2.960000e-06	5.853802e-06	1.324263e-09	3.151353e+01	1.625164e+02
2.970000e-06	5.888810e-06	1.329244e-09	3.170199e+01	1.631450e+02
2.980000e-06	5.923188e-06	1.335987e-09	3.188706e+01	1.637599e+02
2.990000e-06	5.956842e-06	1.342297e-09	3.206823e+01	1.643617e+02
3.000000e-06	5.989878e-06	1.347183e-09	3.224608e+01	1.649511e+02
3.010000e-06	6.022381e-06	1.351360e-09	3.242106e+01	1.655285e+02
3.020000e-06	6.054434e-06	1.355921e-09	3.259362e+01	1.660947e+02
3.030000e-06	6.086120e-06	1.361485e-09	3.276419e+01	1.666502e+02
3.040000e-06	6.117494e-06	1.367776e-09	3.293310e+01	1.671957e+02
3.050000e-06	6.148527e-06	1.373455e-09	3.310016e+01	1.677316e+02
3.060000e-06	6.179173e-06	1.378902e-09	3.326514e+01	1.682587e+02
3.070000e-06	6.209465e-06	1.384817e-09	3.342821e+01	1.687775e+02
3.080000e-06	6.239298e-06	1.389798e-09	3.358881e+01	1.692884e+02
3.090000e-06	6.268664e-06	1.393182e-09	3.374691e+01	1.697921e+02
3.100000e-06	6.297559e-06	1.397065e-09	3.390246e+01	1.702888e+02
3.110000e-06	6.326015e-06	1.402803e-09	3.405565e+01	1.707791e+02
3.120000e-06	6.354225e-06	1.408320e-09	3.420752e+01	1.712633e+02
3.130000e-06	6.382123e-06	1.413451e-09	3.435771e+01	1.717417e+02
3.140000e-06	6.409683e-06	1.418406e-09	3.450607e+01	1.722145e+02
3.150000e-06	6.436813e-06	1.422022e-09	3.465212e+01	1.726820e+02
3.160000e-06	6.463389e-06	1.425386e-09	3.479520e+01	1.731442e+02
3.170000e-06	6.489285e-06	1.430018e-09	3.493460e+01	1.736012e+02
3.180000e-06	6.514288e-06	1.435828e-09	3.506921e+01	1.740531e+02
3.190000e-06	6.538527e-06	1.440807e-09	3.519969e+01	1.744999e+02
3.200000e-06	6.562402e-06	1.444869e-09	3.532822e+01	1.749415e+02
3.210000e-06	6.585961e-06	1.448756e-09	3.545505e+01	1.753777e+02
3.220000e-06	6.609178e-06	1.452195e-09	3.558004e+01	1.758084e+02
3.230000e-06	6.631934e-06	1.455823e-09	3.570255e+01	1.762334e+02
3.240000e-06	6.654160e-06	1.460180e-09	3.582220e+01	1.766526e+02
3.250000e-06	6.675993e-06	1.465320e-09	3.593973e+01	1.770655e+02
3.260000e-06	6.697391e-06	1.470647e-09	3.605493e+01	1.774721e+02
3.270000e-06	6.718379e-06	1.475565e-09	3.616791e+01	1.778720e+02
3.280000e-06	6.738934e-06	1.479691e-09	3.627857e+01	1.782649e+02
3.290000e-06	6.759012e-06	1.483712e-09	3.638666e+01	1.786505e+02
3.300000e-06	6.778710e-06	1.488060e-09	3.649270e+01	1.790287e+02
3.310000e-06	6.798124e-06	1.492067e-09	3.659722e+01	1.793990e+02
3.320000e-06	6.817038e-06	1.495320e-09	3.669904e+01	1.797612e+02
3.330000e-06	6.835423e-06	1.498712e-09	3.679802e+01	1.801152e+02
3.340000e-06	6.853400e-06	1.502487e-09	3.689479e+01	1.804606e+02
3.350000e-06	6.870732e-06	1.505421e-09	3.698810e+01	1.807973e+02
3.360000e-06	6.887596e-06	1.508417e-09	3.707888e+01	1.811250e+02
3.370000e-06	6.904057e-06	1.511259e-09	3.716750e+01	1.814438e+02
3.380000e-06	6.919921e-06	1.513359e-09	3.725290e+01	1.817533e+02
3.390000e-06	6.935188e-06	1.516036e-09	3.733509e+01	1.820536e+02
3.400000e-06	6.949881e-06	1.519364e-09	3.741419e+01	1.823445e+02
3.410000e-06	6.964039e-06	1.523283e-09	3.749041e+01	1.826260e+02
3.420000e-06	6.977665e-06	1.527412e-09	3.756376e+01	1.828980e+02
3.430000e-06	6.990747e-06	1.530412e-09	3.763419e+01	1.831606e+02
3.440000e-06	7.003303e-06	1.532393e-09	3.770178e+01	1.834136e+02
3.450000e-06	7.015442e-06	1.534904e-09	3.776713e+01	1.836571e+02
3.460000e-06	7.027182e-06	1.538897e-09	3.783034e+01	1.838912e+02
3.470000e-06	7.038349e-06	1.542639e-09	3.789045e+01	1.841157e+02
3.480000e-06	7.048758e-06	1.544934e-09	3.794649e+01	1.843307e+02
3.490000e-06	7.058375e-06	1.546800e-09	3.799826e+01	1.845362e+02
3.500000e-06	7.067201e-06	1.548975e-09	3.804577e+01	1.847322e+02
3.510000e-06	7.075364e-06	1.551860e-09	3.808972e+01	1.849187e+02
3.520000e-06	7.083111e-06	1.555057e-09	3.813142e+01	1.850956e+02
3.530000e-06	7.090567e-06	1.558374e-09	3.817157e+01	1.852629e+02
3.540000e-06	7.097734e-06	1.561775e-09	3.821015e+01	1.854204e+02
3.550000e-06	7.104427e-06	1.564776e-09	3.824618e+01	1.855683e+02
3.560000e-06	7.110444e-06	1.566202e-09	3.827857e+01	1.857062e+02
3.570000e-06	7.115973e-06	1.566658e-09	3.830833e+01	1.858342e+02
3.580000e-06	7.121025e-06	1.567626e-09	3.833553e+01	1.859522e+02
3.590000e-06	7.125536e-06	1.569671e-09	3.835982e+01	1.860600e+02
3.600000e-06	7.129704e-06	1.573181e-09	3.838225e+01	1.861575e+02
3.610000e-06	7.133528e-06	1.576946e-09	3.840284e+01	1.862446e+02
3.620000e-06	7.136924e-06	1.579147e-09	3.842112e+01	1.863211e+02
3.630000e-06	7.139707e-06	1.579881e-09	3.843610e+01	1.863871e+02
3.640000e-06	7.141810e-06	1.580415e-09	3.844743e+01	1.864423e+02
3.650000e-06	7.143221e-06	1.580328e-09	3.845502e+01	1.864868e+02
3.660000e-06	7.143933e-06	1.579108e-09	3.845886e+01	1.865204e+02
3.670000e-06	7.144146e-06	1.579365e-09	3.846000e+01	1.865432e+02
3.680000e-06	7.143974e-06	1.582685e-09	3.845908e+01	1.865552e+02
3.690000e-06	7.143366e-06	1.585586e-09	3.845581e+01	1.865565e+02
3.700000e-06	7.142329e-06	1.586362e-09	3.845022e+01	1.865471e+02
3.710000e-06	7.140986e-06	1.586278e-09	3.844299e+01	1.865273e+02
3.720000e-06	7.139193e-06	1.586177e-09	3.843334e+01	1.864973e+02
3.730000e-06	7.136775e-06	1.587197e-09	3.842032e+01	1.864572e+02
3.740000e-06	7.133861e-06	1.590889e-09	3.840463e+01	1.864074e+02
3.750000e-06	7.130536e-06	1.592449e-09	3.838673e+01	1.863483e+02
3.760000e-06	7.126624e-06	1.573037e-09	3.836567e+01	1.862803e+02
3.770000e-06	7.121976e-06	1.561113e-09	3.834065e+01	1.862037e+02
3.780000e-06	7.116574e-06	1.628918e-09	3.831157e+01	1.861192e+02
3.790000e-06	7.110528e-06	1.659092e-09	3.827902e+01	1.860271e+02
3.800000e-06	7.104020e-06	1.544567e-09	3.824399e+01	1.859282e+02
3.810000e-06	7.097189e-06	1.492930e-09	3.820721e+01	1.858229e+02
3.820000e-06	7.090021e-06	1.626810e-09	3.816862e+01	1.857119e+02
3.830000e-06	7.082319e-06	1.690511e-09	3.812716e+01	1.855957e+02
3.840000e-06	7.074178e-06	1.534225e-09	3.808333e+01	1.854750e+02
3.850000e-06	7.065654e-06	1.463945e-09	3.803744e+01	1.853504e+02
3.860000e-06	7.056614e-06	1.660235e-09	3.798878e+01	1.852224e+02
3.870000e-06	7.047019e-06	1.737062e-09	3.793713e+01	1.850915e+02
3.880000e-06	7.036975e-06	1.498487e-09	3.788305e+01	1.849584e+02
3.890000e-06	7.026539e-06	1.419579e-09	3.782687e+01	1.848235e+02
3.900000e-06	7.015578e-06	1.676584e-09	3.776787e+01	1.846871e+02
3.910000e-06	7.004030e-06	1.733666e-09	3.770570e+01	1.845497e+02
3.920000e-06	6.991827e-06	1.472372e-09	3.764000e+01	1.844114e+02
3.930000e-06	6.978931e-06	1.469189e-09	3.757058e+01	1.842727e+02
3.940000e-06	6.965309e-06	1.723374e-09	3.749725e+01	1.841335e+02
3.950000e-06	6.950900e-06	1.657029e-09	3.741967e+01	1.839940e+02
3.960000e-06	6.935811e-06	1.425993e-09	3.733844e+01	1.838541e+02
3.970000e-06	6.920300e-06	1.560705e-09	3.725494e+01	1.837136e+02
3.980000e-06	6.904378e-06	1.740072e-09	3.716923e+01	1.835726e+02
3.990000e-06	6.887917e-06	1.549117e-09	3.708061e+01	1.834306e+02
4.000000e-06	6.870965e-06	1.459023e-09	3.698935e+01	1.832873e+02
4.010000e-06	6.853586e-06	1.682501e-09	3.689579e+01	1.831423e+02
4.020000e-06	6.835728e-06	1.662277e-09	3.679965e+01	1.829951e+02
4.030000e-06	6.817345e-06	1.437451e-09	3.670069e+01	1.828453e+02
4.040000e-06	6.798433e-06	1.555507e-09	3.659888e+01	1.826922e+02
4.050000e-06	6.779115e-06	1.732201e-09	3.649488e+01	1.825352e+02
4.060000e-06	6.759488e-06	1.545333e-09	3.638922e+01	1.823736e+02
4.070000e-06	6.739497e-06	1.460978e-09	3.628160e+01	1.822068e+02
4.080000e-06	6.719188e-06	1.667240e-09	3.617227e+01	1.820342e+02
4.090000e-06	6.698606e-06	1.640374e-09	3.606147e+01	1.818549e+02
4.100000e-06	6.677373e-06	1.466929e-09	3.594716e+01	1.816685e+02
4.110000e-06	6.655303e-06	1.580175e-09	3.582835e+01	1.814742e+02
4.120000e-06	6.632391e-06	1.671710e-09	3.570501e+01	1.812714e+02
4.130000e-06	6.608812e-06	1.520345e-09	3.557807e+01	1.810595e+02
4.140000e-06	6.584854e-06	1.526637e-09	3.544910e+01	1.808382e+02
4.150000e-06	6.560548e-06	1.652915e-09	3.531824e+01	1.806068e+02
4.160000e-06	6.535885e-06	1.563764e-09	3.518547e+01	1.803651e+02
4.170000e-06	6.510781e-06	1.498117e-09	3.505033e+01	1.801126e+02
4.180000e-06	6.485273e-06	1.609845e-09	3.491300e+01	1.798492e+02
4.190000e-06	6.459257e-06	1.599418e-09	3.477295e+01	1.795747e+02
4.200000e-06	6.432660e-06	1.515959e-09	3.462977e+01	1.792889e+02
4.210000e-06	6.405608e-06	1.572688e-09	3.448413e+01	1.789919e+02
4.220000e-06	6.378061e-06	1.594298e-09	3.433584e+01	1.786837e+02
4.230000e-06	6.350154e-06	1.526392e-09	3.418560e+01	1.783644e+02
4.240000e-06	6.322064e-06	1.546919e-09	3.403438e+01	1.780342e+02
4.250000e-06	6.293688e-06	1.581157e-09	3.388162e+01	1.776934e+02
4.260000e-06	6.264871e-06	1.540111e-09	3.372649e+01	1.773421e+02
4.270000e-06	6.235441e-06	1.537887e-09	3.356805e+01	1.769808e+02
4.280000e-06	6.205367e-06	1.563485e-09	3.340615e+01	1.766098e+02
4.290000e-06	6.174622e-06	1.544692e-09	3.324064e+01	1.762295e+02
4.300000e-06	6.143225e-06	1.535859e-09	3.307162e+01	1.758402e+02
4.310000e-06	6.111307e-06	1.544187e-09	3.289979e+01	1.754424e+02
4.320000e-06	6.079099e-06	1.534980e-09	3.272640e+01	1.750365e+02
4.330000e-06	6.046590e-06	1.534253e-09	3.255139e+01	1.746229e+02
4.340000e-06	6.013632e-06	1.535311e-09	3.237396e+01	1.742019e+02
4.350000e-06	5.980225e-06	1.524087e-09	3.219412e+01	1.737738e+02
4.360000e-06	5.946387e-06	1.526595e-09	3.201195e+01	1.733390e+02
4.370000e-06	5.912117e-06	1.526603e-09	3.182746e+01	1.728976e+02
4.380000e-06	5.877481e-06	1.514945e-09	3.164100e+01	1.724500e+02
4.390000e-06	5.842539e-06	1.520159e-09	3.145290e+01	1.719961e+02
4.400000e-06	5.807125e-06	1.520887e-09	3.126224e+01	1.715362e+02
4.410000e-06	5.771355e-06	1.503520e-09	3.106968e+01	1.710702e+02
4.420000e-06	5.735364e-06	1.503731e-09	3.087593e+01	1.705982e+02
4.430000e-06	5.699123e-06	1.510390e-09	3.068082e+01	1.701200e+02
4.440000e-06	5.662554e-06	1.498587e-09	3.048395e+01	1.696355e+02
4.450000e-06	5.625424e-06	1.492934e-09	3.028407e+01	1.691446e+02
4.460000e-06	5.587696e-06	1.498154e-09	3.008096e+01	1.686469e+02
4.470000e-06	5.549342e-06	1.493963e-09	2.987449e+01	1.681423e+02
4.480000e-06	5.510279e-06	1.487106e-09	2.966419e+01	1.676305e+02
4.490000e-06	5.470626e-06	1.484873e-09	2.945073e+01	1.671111e+02
4.500000e-06	5.430656e-06	1.480379e-09	2.923555e+01	1.665839e+02
4.510000e-06	5.390460e-06	1.474459e-09	2.901916e+01	1.660484e+02
4.520000e-06	5.349950e-06	1.472112e-09	2.880108e+01	1.655044e+02
4.530000e-06	5.309060e-06	1.471427e-09	2.858095e+01	1.649515e+02
4.540000e-06	5.267783e-06	1.467689e-09	2.835874e+01	1.643894e+02
4.550000e-06	5.226147e-06	1.461085e-09	2.813459e+01	1.638179e+02
4.560000e-06	5.184187e-06	1.456476e-09	2.790870e+01	1.632366e+02
4.570000e-06	5.141998e-06	1.454667e-09	2.768158e+01	1.626455e+02
4.580000e-06	5.099513e-06	1.450752e-09	2.745287e+01	1.620441e+02
4.590000e-06	5.056592e-06	1.443843e-09	2.722181e+01	1.614326e+02
4.600000e-06	5.013380e-06	1.438432e-09	2.698917e+01	1.608107e+02
4.610000e-06	4.969798e-06	1.435030e-09	2.675455e+01	1.601784e+02
4.620000e-06	4.925819e-06	1.430975e-09	2.651780e+01	1.595357e+02
4.630000e-06	4.881584e-06	1.426485e-09	2.627966e+01	1.588827e+02
4.640000e-06	4.837102e-06	1.421905e-09	2.604019e+01	1.582194e+02
4.650000e-06	4.792419e-06	1.416211e-09	2.579965e+01	1.575459e+02
4.660000e-06	4.747417e-06	1.410151e-09	2.555738e+01	1.568625e+02
4.670000e-06	4.702093e-06	1.405033e-09	2.531338e+01	1.561692e+02
4.680000e-06	4.656562e-06	1.398850e-09	2.506827e+01	1.554663e+02
4.690000e-06	4.610578e-06	1.391277e-09	2.482072e+01	1.547540e+02
4.700000e-06	4.564072e-06	1.384854e-09	2.457036e+01	1.540324e+02
4.710000e-06	4.517350e-06	1.379381e-09	2.431883e+01	1.533017e+02
4.720000e-06	4.470321e-06	1.374413e-09	2.406565e+01	1.525622e+02
4.730000e-06	4.422974e-06	1.368339e-09	2.381077e+01	1.518139e+02
4.740000e-06	4.375474e-06	1.359337e-09	2.355506e+01	1.510570e+02
4.750000e-06	4.327597e-06	1.351456e-09	2.329731e+01	1.502915e+02
4.760000e-06	4.279060e-06	1.346706e-09	2.303602e+01	1.495174e+02
4.770000e-06	4.230091e-06	1.340833e-09	2.277239e+01	1.487347e+02
4.780000e-06	4.180886e-06	1.332947e-09	2.250750e+01	1.479433e+02
4.790000e-06	4.131428e-06	1.326072e-09	2.224125e+01	1.471430e+02
4.800000e-06	4.081743e-06	1.320102e-09	2.197378e+01	1.463337e+02
4.810000e-06	4.031698e-06	1.314008e-09	2.170436e+01	1.455149e+02
4.820000e-06	3.981336e-06	1.307274e-09	2.143324e+01	1.446864e+02
4.830000e-06	3.930736e-06	1.299123e-09	2.116084e+01	1.438477e+02
4.840000e-06	3.879776e-06	1.290294e-09	2.088650e+01	1.429984e+02
4.850000e-06	3.828432e-06	1.282377e-09	2.061009e+01	1.421378e+02
4.860000e-06	3.776824e-06	1.275399e-09	2.033226e+01	1.412655e+02
4.870000e-06	3.724956e-06	1.268536e-09	2.005303e+01	1.403808e+02
4.880000e-06	3.672831e-06	1.260913e-09	1.977242e+01	1.394832e+02
4.890000e-06	3.620453e-06	1.252486e-09	1.949045e+01	1.385718e+02
4.900000e-06	3.567831e-06	1.244977e-09	1.920716e+01	1.376461e+02
4.910000e-06	3.514920e-06	1.238246e-09	1.892232e+01	1.367054e+02
4.920000e-06	3.461662e-06	1.230055e-09	1.863561e+01	1.357491e+02
4.930000e-06	3.407968e-06	1.219802e-09	1.834655e+01	1.347766e+02
4.940000e-06	3.353804e-06	1.209973e-09	1.805497e+01	1.337872e+02
4.950000e-06	3.299229e-06	1.202979e-09	1.776117e+01	1.327806e+02
4.960000e-06	3.244373e-06	1.195696e-09	1.746585e+01	1.317561e+02
4.970000e-06	3.189233e-06	1.185319e-09	1.716901e+01	1.307135e+02
4.980000e-06	3.133619e-06	1.173989e-09	1.686962e+01	1.296524e+02
4.990000e-06	3.077718e-06	1.163849e-09	1.656867e+01	1.285726e+02
5.000000e-06	3.021721e-06	1.154726e-09	1.626722e+01	1.274740e+02
5.010000e-06	2.965624e-06	1.144539e-09	1.596523e+01	1.263565e+02
5.020000e-06	2.909415e-06	1.133549e-09	1.566263e+01	1.252201e+02
5.030000e-06	2.853067e-06	1.122940e-09	1.535928e+01	1.240649e+02
5.040000e-06	2.796575e-06	1.112641e-09	1.505516e+01	1.228912e+02
5.050000e-06	2.739892e-06	1.102441e-09	1.475001e+01	1.216991e+02
5.060000e-06	2.683055e-06	1.091629e-09	1.444404e+01	1.204892e+02
5.070000e-06	2.626059e-06	1.079740e-09	1.413720e+01	1.192616e+02
5.080000e-06	2.568861e-06	1.067704e-09	1.382928e+01	1.180169e+02
5.090000e-06	2.511532e-06	1.056748e-09	1.352065e+01	1.167555e+02
5.100000e-06	2.453962e-06	1.046141e-09	1.321073e+01	1.154779e+02
5.110000e-06	2.396124e-06	1.035004e-09	1.289936e+01	1.141844e+02
5.120000e-06	2.338126e-06	1.023639e-09	1.258713e+01	1.128757e+02
5.130000e-06	2.279949e-06	1.012389e-09	1.227394e+01	1.115520e+02
5.140000e-06	2.221664e-06	1.001217e-09	1.196017e+01	1.102136e+02
5.150000e-06	2.163225e-06	9.901618e-10	1.164557e+01	1.088609e+02
5.160000e-06	2.104547e-06	9.779066e-10	1.132968e+01	1.074939e+02
5.170000e-06	2.045706e-06	9.642083e-10	1.101292e+01	1.061127e+02
5.180000e-06	1.986712e-06	9.516625e-10	1.069532e+01	1.047173e+02
5.190000e-06	1.927562e-06	9.397590e-10	1.037689e+01	1.033073e+02
5.200000e-06	1.868265e-06	9.270662e-10	1.005767e+01	1.018824e+02
5.210000e-06	1.808812e-06	9.138835e-10	9.737609e+00	1.004420e+02
5.220000e-06	1.749251e-06	9.000561e-10	9.416968e+00	9.898535e+01
5.230000e-06	1.689604e-06	8.865022e-10	9.095861e+00	9.751162e+01
5.240000e-06	1.629874e-06	8.739936e-10	8.774309e+00	9.601971e+01
5.250000e-06	1.570057e-06	8.603504e-10	8.452288e+00	9.450836e+01
5.260000e-06	1.510137e-06	8.444946e-10	8.129717e+00	9.297614e+01
5.270000e-06	1.450147e-06	8.286274e-10	7.806762e+00	9.142147e+01
5.280000e-06	1.390084e-06	8.139328e-10	7.483421e+00	8.984264e+01
5.290000e-06	1.329956e-06	7.994320e-10	7.159723e+00	8.823777e+01
5.300000e-06	1.269851e-06	7.840406e-10	6.836151e+00	8.660491e+01
5.310000e-06	1.209726e-06	7.688403e-10	6.512474e+00	8.494197e+01
5.320000e-06	1.149550e-06	7.534890e-10	6.188521e+00	8.324683e+01
5.330000e-06	1.089362e-06	7.374741e-10	5.864500e+00	8.151731e+01
5.340000e-06	1.029114e-06	7.219489e-10	5.540162e+00	7.975121e+01
5.350000e-06	9.687339e-07	7.056402e-10	5.215110e+00	7.794636e+01
5.360000e-06	9.082897e-07	6.877842e-10	4.889713e+00	7.610062e+01
5.370000e-06	8.478982e-07	6.697893e-10	4.564600e+00	7.421193e+01
5.380000e-06	7.875008e-07	6.527710e-10	4.239454e+00	7.227834e+01
5.390000e-06	7.270211e-07	6.359062e-10	3.913866e+00	7.029805e+01
5.400000e-06	6.664508e-07	6.174434e-10	3.587791e+00	6.826941e+01
5.410000e-06	6.058721e-07	5.979732e-10	3.261669e+00	6.619097e+01
5.420000e-06	5.452811e-07	5.791694e-10	2.935482e+00	6.406151e+01
5.430000e-06	4.846462e-07	5.601712e-10	2.609058e+00	6.188008e+01
5.440000e-06	4.240427e-07	5.404994e-10	2.282804e+00	5.964598e+01
5.450000e-06	3.634521e-07	5.203675e-10	1.956618e+00	5.735881e+01
5.460000e-06	3.028616e-07	4.994266e-10	1.630434e+00	5.501848e+01
5.470000e-06	2.422176e-07	4.775615e-10	1.303961e+00	5.262524e+01
5.480000e-06	1.813608e-07	4.553838e-10	9.763430e-01	5.017967e+01
5.490000e-06	1.204809e-07	4.331771e-10	6.486005e-01	4.768266e+01
5.500000e-06	5.976213e-08	4.100630e-10	3.217252e-01	4.513548e+01
5.510000e-06	-9.102277e-10	3.867654e-10	-4.900146e-03	4.253972e+01
5.520000e-06	-6.161713e-08	3.635343e-10	-3.317115e-01	3.989730e+01
5.530000e-06	-1.224122e-07	3.398844e-10	-6.589971e-01	3.721047e+01
5.540000e-06	-1.831721e-07	3.159256e-10	-9.860938e-01	3.448178e+01
5.550000e-06	-2.438740e-07	2.916900e-10	-1.312878e+00	3.171407e+01
5.560000e-06	-3.046865e-07	2.671661e-10	-1.640258e+00	2.891043e+01
5.570000e-06	-3.655015e-07	2.427485e-10	-1.967651e+00	2.607421e+01
5.580000e-06	-4.261973e-07	2.181222e-10	-2.294403e+00	2.320896e+01
5.590000e-06	-4.868988e-07	1.925886e-10	-2.621185e+00	2.031841e+01
5.600000e-06	-5.475812e-07	1.665208e-10	-2.947864e+00	1.740645e+01
5.610000e-06	-6.081592e-07	1.403450e-10	-3.273982e+00	1.447706e+01
5.620000e-06	-6.687131e-07	1.142852e-10	-3.599970e+00	1.153433e+01
5.630000e-06	-7.291703e-07	8.845023e-11	-3.925436e+00	8.582355e+00
5.640000e-06	-7.895820e-07	6.257768e-11	-4.250658e+00	5.625269e+00
5.650000e-06	-8.500770e-07	3.637303e-11	-4.576329e+00	2.667158e+00
5.660000e-06	-9.105467e-07	9.917233e-12	-4.901863e+00	-2.879535e-01
5.670000e-06	-9.709076e-07	-1.617398e-11	-5.226812e+00	-3.236138e+00
5.680000e-06	-1.031201e-06	-4.169705e-11	-5.551395e+00	-6.173599e+00
5.690000e-06	-1.091446e-06	-6.692891e-11	-5.875723e+00	-9.096701e+00
5.700000e-06	-1.151623e-06	-9.257433e-11	-6.199680e+00	-1.200199e+01
5.710000e-06	-1.211756e-06	-1.184083e-10	-6.523402e+00	-1.488624e+01
5.720000e-06	-1.271814e-06	-1.427245e-10	-6.846722e+00	-1.774644e+01
5.730000e-06	-1.331829e-06	-1.659297e-10	-7.169808e+00	-2.057983e+01
5.740000e-06	-1.391850e-06	-1.899818e-10	-7.492923e+00	-2.338393e+01
5.750000e-06	-1.451816e-06	-2.149435e-10	-7.815748e+00	-2.615653e+01
5.760000e-06	-1.511686e-06	-2.400555e-10	-8.138056e+00	-2.889569e+01
5.770000e-06	-1.571468e-06	-2.651692e-10	-8.459885e+00	-3.159978e+01
5.780000e-06	-1.631149e-06	-2.894568e-10	-8.781174e+00	-3.426742e+01
5.790000e-06	-1.690765e-06	-3.129433e-10	-9.102115e+00	-3.689756e+01
5.800000e-06	-1.750411e-06	-3.373734e-10	-9.423213e+00	-3.948939e+01
5.810000e-06	-1.809927e-06	-3.618371e-10	-9.743611e+00	-4.204237e+01
5.820000e-06	-1.869168e-06	-3.845738e-10	-1.006253e+01	-4.455622e+01
5.830000e-06	-1.928262e-06	-4.069525e-10	-1.038066e+01	-4.703090e+01
5.840000e-06	-1.987188e-06	-4.304798e-10	-1.069789e+01	-4.946657e+01
5.850000e-06	-2.045946e-06	-4.540416e-10	-1.101420e+01	-5.186362e+01
5.860000e-06	-2.104519e-06	-4.760739e-10	-1.132953e+01	-5.422258e+01
5.870000e-06	-2.162835e-06	-4.975092e-10	-1.164347e+01	-5.654417e+01
5.880000e-06	-2.221002e-06	-5.192637e-10	-1.195661e+01	-5.882921e+01
5.890000e-06	-2.279079e-06	-5.408920e-10	-1.226926e+01	-6.107865e+01
5.900000e-06	-2.337074e-06	-5.617864e-10	-1.258147e+01	-6.329352e+01
5.910000e-06	-2.394865e-06	-5.819398e-10	-1.289258e+01	-6.547490e+01
5.920000e-06	-2.452399e-06	-6.014009e-10	-1.320231e+01	-6.762394e+01
5.930000e-06	-2.509821e-06	-6.200539e-10	-1.351144e+01	-6.974176e+01
5.940000e-06	-2.567093e-06	-6.396669e-10	-1.381976e+01	-7.182952e+01
5.950000e-06	-2.624241e-06	-6.609462e-10	-1.412741e+01	-7.388834e+01
5.960000e-06	-2.681111e-06	-6.817351e-10	-1.443357e+01	-7.591930e+01
5.970000e-06	-2.737597e-06	-7.008992e-10	-1.473766e+01	-7.792343e+01
5.980000e-06	-2.793882e-06	-7.192509e-10	-1.504067e+01	-7.990169e+01
5.990000e-06	-2.850035e-06	-7.377565e-10	-1.534296e+01	-8.185498e+01
6.000000e-06	-2.906119e-06	-7.555888e-10	-1.564488e+01	-8.378409e+01
6.010000e-06	-2.962034e-06	-7.718074e-10	-1.594590e+01	-8.568974e+01
6.020000e-06	-3.017803e-06	-7.877103e-10	-1.624613e+01	-8.757256e+01
6.030000e-06	-3.073489e-06	-8.039118e-10	-1.654591e+01	-8.943305e+01
6.040000e-06	-3.128948e-06	-8.207739e-10	-1.684447e+01	-9.127166e+01
6.050000e-06	-3.184078e-06	-8.383167e-10	-1.714126e+01	-9.308870e+01
6.060000e-06	-3.238945e-06	-8.554837e-10	-1.743663e+01	-9.488444e+01
6.070000e-06	-3.293569e-06	-8.717425e-10	-1.773070e+01	-9.665902e+01
6.080000e-06	-3.347927e-06	-8.872880e-10	-1.802333e+01	-9.841254e+01
6.090000e-06	-3.401758e-06	-9.029356e-10	-1.831312e+01	-1.001450e+02
6.100000e-06	-3.454989e-06	-9.188870e-10	-1.859969e+01	-1.018564e+02
6.110000e-06	-3.507938e-06	-9.346690e-10	-1.888474e+01	-1.035465e+02
6.120000e-06	-3.560664e-06	-9.497229e-10	-1.916858e+01	-1.052154e+02
6.130000e-06	-3.613069e-06	-9.644220e-10	-1.945070e+01	-1.068628e+02
6.140000e-06	-3.665155e-06	-9.794692e-10	-1.973110e+01	-1.084884e+02
6.150000e-06	-3.717011e-06	-9.950265e-10	-2.001026e+01	-1.100923e+02
6.160000e-06	-3.768707e-06	-1.010423e-09	-2.028857e+01	-1.116740e+02
6.170000e-06	-3.820170e-06	-1.024860e-09	-2.056561e+01	-1.132335e+02
6.180000e-06	-3.871338e-06	-1.038315e-09	-2.084107e+01	-1.147705e+02
6.190000e-06	-3.922243e-06	-1.051083e-09	-2.111512e+01	-1.162849e+02
6.200000e-06	-3.972889e-06	-1.063954e-09	-2.138776e+01	-1.177767e+02
6.210000e-06	-4.023168e-06	-1.077930e-09	-2.165844e+01	-1.192455e+02
6.220000e-06	-4.072947e-06	-1.092138e-09	-2.192642e+01	-1.206915e+02
6.230000e-06	-4.122429e-06	-1.105732e-09	-2.219280e+01	-1.221146e+02
6.240000e-06	-4.171650e-06	-1.118531e-09	-2.245778e+01	-1.235148e+02
6.250000e-06	-4.220377e-06	-1.130605e-09	-2.272010e+01	-1.248922e+02
6.260000e-06	-4.268497e-06	-1.142764e-09	-2.297915e+01	-1.262467e+02
6.270000e-06	-4.316070e-06	-1.154258e-09	-2.323526e+01	-1.275787e+02
6.280000e-06	-4.363335e-06	-1.165587e-09	-2.348970e+01	-1.288881e+02
6.290000e-06	-4.410442e-06	-1.178149e-09	-2.374330e+01	-1.301753e+02
6.300000e-06	-4.457277e-06	-1.191568e-09	-2.399543e+01	-1.314403e+02
6.310000e-06	-4.503769e-06	-1.204784e-09	-2.424572e+01	-1.326835e+02
6.320000e-06	-4.550064e-06	-1.216403e-09	-2.449495e+01	-1.339051e+02
6.330000e-06	-4.596222e-06	-1.226249e-09	-2.474343e+01	-1.351053e+02
6.340000e-06	-4.642139e-06	-1.235873e-09	-2.499063e+01	-1.362844e+02
6.350000e-06	-4.687637e-06	-1.246447e-09	-2.523556e+01	-1.374426e+02
6.360000e-06	-4.732731e-06	-1.257600e-09	-2.547832e+01	-1.385802e+02
6.370000e-06	-4.777486e-06	-1.267928e-09	-2.571926e+01	-1.396976e+02
6.380000e-06	-4.821980e-06	-1.276744e-09	-2.595878e+01	-1.407948e+02
6.390000e-06	-4.866234e-06	-1.284679e-09	-2.619702e+01	-1.418721e+02
6.400000e-06	-4.910212e-06	-1.292935e-09	-2.643378e+01	-1.429297e+02
6.410000e-06	-4.953961e-06	-1.301972e-09	-2.666930e+01	-1.439679e+02
6.420000e-06	-4.997464e-06	-1.311028e-09	-2.690349e+01	-1.449868e+02
6.430000e-06	-5.040669e-06	-1.320338e-09	-2.713608e+01	-1.459865e+02
6.440000e-06	-5.083502e-06	-1.330249e-09	-2.736667e+01	-1.469672e+02
6.450000e-06	-5.125911e-06	-1.339372e-09	-2.759498e+01	-1.479291e+02
6.460000e-06	-5.167956e-06	-1.346903e-09	-2.782132e+01	-1.488721e+02
6.470000e-06	-5.209723e-06	-1.354484e-09	-2.804617e+01	-1.497966e+02
6.480000e-06	-5.251098e-06	-1.362547e-09	-2.826891e+01	-1.507024e+02
6.490000e-06	-5.292073e-06	-1.370221e-09	-2.848950e+01	-1.515898e+02
6.500000e-06	-5.332794e-06	-1.378249e-09	-2.870872e+01	-1.524588e+02
6.510000e-06	-5.373198e-06	-1.386181e-09	-2.892623e+01	-1.533096e+02
6.520000e-06	-5.413219e-06	-1.392712e-09	-2.914168e+01	-1.541423e+02
6.530000e-06	-5.452943e-06	-1.398271e-09	-2.935553e+01	-1.549570e+02
6.540000e-06	-5.492321e-06	-1.403698e-09	-2.956752e+01	-1.557538e+02
6.550000e-06	-5.531238e-06	-1.410089e-09	-2.977702e+01	-1.565330e+02
6.560000e-06	-5.569605e-06	-1.417530e-09	-2.998357e+01	-1.572948e+02
6.570000e-06	-5.607391e-06	-1.424442e-09	-3.018699e+01	-1.580394e+02
6.580000e-06	-5.644638e-06	-1.429993e-09	-3.038751e+01	-1.587671e+02
6.590000e-06	-5.681295e-06	-1.434598e-09	-3.058485e+01	-1.594783e+02
6.600000e-06	-5.717468e-06	-1.439429e-09	-3.077958e+01	-1.601732e+02
6.610000e-06	-5.753384e-06	-1.445398e-09	-3.097293e+01	-1.608523e+02
6.620000e-06	-5.789057e-06	-1.450920e-09	-3.116498e+01	-1.615161e+02
6.630000e-06	-5.824348e-06	-1.455955e-09	-3.135496e+01	-1.621649e+02
6.640000e-06	-5.859170e-06	-1.462214e-09	-3.154243e+01	-1.627993e+02
6.650000e-06	-5.893658e-06	-1.468565e-09	-3.172809e+01	-1.634198e+02
6.660000e-06	-5.927793e-06	-1.474006e-09	-3.191185e+01	-1.640270e+02
6.670000e-06	-5.961390e-06	-1.478040e-09	-3.209272e+01	-1.646215e+02
6.680000e-06	-5.994538e-06	-1.481091e-09	-3.227117e+01	-1.652038e+02
6.690000e-06	-6.027341e-06	-1.484348e-09	-3.244776e+01	-1.657746e+02
6.700000e-06	-6.059772e-06	-1.489132e-09	-3.262235e+01	-1.663345e+02
6.710000e-06	-6.091858e-06	-1.494509e-09	-3.279508e+01	-1.668840e+02
6.720000e-06	-6.123576e-06	-1.498552e-09	-3.296584e+01	-1.674239e+02
6.730000e-06	-6.154989e-06	-1.502484e-09	-3.313494e+01	-1.679546e+02
6.740000e-06	-6.185923e-06	-1.506288e-09	-3.330148e+01	-1.684768e+02
6.750000e-06	-6.216093e-06	-1.509667e-09	-3.346389e+01	-1.689909e+02
6.760000e-06	-6.245564e-06	-1.513481e-09	-3.362255e+01	-1.694975e+02
6.770000e-06	-6.274399e-06	-1.517724e-09	-3.377778e+01	-1.699971e+02
6.780000e-06	-6.302748e-06	-1.521714e-09	-3.393039e+01	-1.704900e+02
6.790000e-06	-6.330798e-06	-1.525384e-09	-3.408140e+01	-1.709767e+02
6.800000e-06	-6.358550e-06	-1.529095e-09	-3.423080e+01	-1.714575e+02
6.810000e-06	-6.385959e-06	-1.532042e-09	-3.437835e+01	-1.719326e+02
6.820000e-06	-6.412891e-06	-1.533867e-09	-3.452334e+01	-1.724022e+02
6.830000e-06	-6.439264e-06	-1.536091e-09	-3.466532e+01	-1.728666e+02
6.840000e-06	-6.465150e-06	-1.540154e-09	-3.480468e+01	-1.733258e+02
6.850000e-06	-6.490561e-06	-1.544495e-09	-3.494148e+01	-1.737798e+02
6.860000e-06	-6.515441e-06	-1.547649e-09	-3.507541e+01	-1.742287e+02
6.870000e-06	-6.539902e-06	-1.550225e-09	-3.520710e+01	-1.746725e+02
6.880000e-06	-6.564179e-06	-1.552633e-09	-3.533779e+01	-1.751109e+02
6.890000e-06	-6.588227e-06	-1.555202e-09	-3.546725e+01	-1.755439e+02
6.900000e-06	-6.611772e-06	-1.558385e-09	-3.559401e+01	-1.759714e+02
6.910000e-06	-6.634818e-06	-1.561255e-09	-3.571807e+01	-1.763930e+02
6.920000e-06	-6.657244e-06	-1.563310e-09	-3.583880e+01	-1.768085e+02
6.930000e-06	-6.678918e-06	-1.566345e-09	-3.595548e+01	-1.772178e+02
6.940000e-06	-6.699912e-06	-1.569823e-09	-3.606850e+01	-1.776205e+02
6.950000e-06	-6.720375e-06	-1.572400e-09	-3.617866e+01	-1.780163e+02
6.960000e-06	-6.740546e-06	-1.575304e-09	-3.628725e+01	-1.784050e+02
6.970000e-06	-6.760366e-06	-1.579177e-09	-3.639395e+01	-1.787863e+02
6.980000e-06	-6.779700e-06	-1.583369e-09	-3.649803e+01	-1.791599e+02
6.990000e-06	-6.798509e-06	-1.586653e-09	-3.659929e+01	-1.795255e+02
7.000000e-06	-6.816824e-06	-1.588613e-09	-3.669789e+01	-1.798829e+02
7.010000e-06	-6.834751e-06	-1.589380e-09	-3.679439e+01	-1.802319e+02
7.020000e-06	-6.852341e-06	-1.590390e-09	-3.688909e+01	-1.805723e+02
7.030000e-06	-6.869498e-06	-1.592088e-09	-3.698146e+01	-1.809038e+02
7.040000e-06	-6.886206e-06	-1.594401e-09	-3.707140e+01	-1.812263e+02
7.050000e-06	-6.902483e-06	-1.597431e-09	-3.715903e+01	-1.815397e+02
7.060000e-06	-6.918391e-06	-1.600640e-09	-3.724467e+01	-1.818438e+02
7.070000e-06	-6.933838e-06	-1.603279e-09	-3.732782e+01	-1.821386e+02
7.080000e-06	-6.948395e-06	-1.603999e-09	-3.740619e+01	-1.824240e+02
7.090000e-06	-6.962053e-06	-1.604755e-09	-3.747972e+01	-1.827000e+02
7.100000e-06	-6.975051e-06	-1.606549e-09	-3.754969e+01	-1.829665e+02
7.110000e-06	-6.987508e-06	-1.607992e-09	-3.761675e+01	-1.832235e+02
7.120000e-06	-6.999420e-06	-1.608871e-09	-3.768088e+01	-1.834710e+02
7.130000e-06	-7.010748e-06	-1.610488e-09	-3.774186e+01	-1.837089e+02
7.140000e-06	-7.021645e-06	-1.612848e-09	-3.780053e+01	-1.839374e+02
7.150000e-06	-7.032051e-06	-1.613925e-09	-3.785654e+01	-1.841564e+02
7.160000e-06	-7.041941e-06	-1.613947e-09	-3.790979e+01	-1.843659e+02
7.170000e-06	-7.051420e-06	-1.614502e-09	-3.796082e+01	-1.845658e+02
7.180000e-06	-7.060527e-06	-1.615482e-09	-3.800984e+01	-1.847563e+02
7.190000e-06	-7.069202e-06	-1.615198e-09	-3.805655e+01	-1.849371e+02
7.200000e-06	-7.077357e-06	-1.614553e-09	-3.810045e+01	-1.851084e+02
7.210000e-06	-7.085040e-06	-1.615156e-09	-3.814181e+01	-1.852700e+02
7.220000e-06	-7.092309e-06	-1.615290e-09	-3.818094e+01	-1.854219e+02
7.230000e-06	-7.098978e-06	-1.614525e-09	-3.821684e+01	-1.855640e+02
7.240000e-06	-7.104999e-06	-1.614224e-09	-3.824926e+01	-1.856962e+02
7.250000e-06	-7.110397e-06	-1.613988e-09	-3.827831e+01	-1.858183e+02
7.260000e-06	-7.115129e-06	-1.613869e-09	-3.830379e+01	-1.859304e+02
7.270000e-06	-7.119348e-06	-1.614045e-09	-3.832650e+01	-1.860322e+02
7.280000e-06	-7.123173e-06	-1.614461e-09	-3.834710e+01	-1.861236e+02
7.290000e-06	-7.126588e-06	-1.615064e-09	-3.836548e+01	-1.862045e+02
7.300000e-06	-7.129521e-06	-1.614244e-09	-3.838127e+01	-1.862749e+02
7.310000e-06	-7.131987e-06	-1.613389e-09	-3.839455e+01	-1.863346e+02
7.320000e-06	-7.134049e-06	-1.613099e-09	-3.840564e+01	-1.863835e+02
7.330000e-06	-7.135646e-06	-1.612332e-09	-3.841424e+01	-1.864217e+02
7.340000e-06	-7.136667e-06	-1.612796e-09	-3.841974e+01	-1.864490e+02
