# Temperatura_=_20.0
# Concentracion g/m^3_=_7400.0
# C_Vs_to_Am_M_A/Vsm_=_116720831517.84952
# pendiente_HvsI_1/m_=_3716.3
# ordenada_HvsI_A/m_=_1297.0
# frecuencia_Hz_=_136117.87705722827

Tiempo_(s)	Campo_(V.s)	Magnetizacion_(V.s)	Campo_(kA/m)	Magnetizacion_(A/m)
0.000000e+00	-7.108338e-06	-1.673500e-09	-3.842972e+01	-1.938008e+02
1.000000e-08	-7.108450e-06	-1.672791e-09	-3.843032e+01	-1.938415e+02
2.000000e-08	-7.108247e-06	-1.672916e-09	-3.842923e+01	-1.938702e+02
3.000000e-08	-7.107578e-06	-1.672634e-09	-3.842561e+01	-1.938870e+02
4.000000e-08	-7.106110e-06	-1.672012e-09	-3.841767e+01	-1.938918e+02
5.000000e-08	-7.103738e-06	-1.671912e-09	-3.840485e+01	-1.938847e+02
6.000000e-08	-7.100827e-06	-1.672353e-09	-3.838911e+01	-1.938658e+02
7.000000e-08	-7.097491e-06	-1.674903e-09	-3.837108e+01	-1.938353e+02
8.000000e-08	-7.093684e-06	-1.683631e-09	-3.835049e+01	-1.937932e+02
9.000000e-08	-7.089337e-06	-1.675147e-09	-3.832699e+01	-1.937399e+02
1.000000e-07	-7.084166e-06	-1.625736e-09	-3.829904e+01	-1.936755e+02
1.100000e-07	-7.078253e-06	-1.612855e-09	-3.826707e+01	-1.936004e+02
1.200000e-07	-7.072173e-06	-1.711679e-09	-3.823420e+01	-1.935150e+02
1.300000e-07	-7.065980e-06	-1.754208e-09	-3.820072e+01	-1.934197e+02
1.400000e-07	-7.059228e-06	-1.627817e-09	-3.816422e+01	-1.933149e+02
1.500000e-07	-7.051777e-06	-1.567074e-09	-3.812393e+01	-1.932011e+02
1.600000e-07	-7.043926e-06	-1.712750e-09	-3.808149e+01	-1.930788e+02
1.700000e-07	-7.035899e-06	-1.768330e-09	-3.803809e+01	-1.929486e+02
1.800000e-07	-7.027295e-06	-1.576300e-09	-3.799157e+01	-1.928110e+02
1.900000e-07	-7.017968e-06	-1.523327e-09	-3.794115e+01	-1.926667e+02
2.000000e-07	-7.007935e-06	-1.742130e-09	-3.788691e+01	-1.925161e+02
2.100000e-07	-6.997508e-06	-1.791287e-09	-3.783054e+01	-1.923599e+02
2.200000e-07	-6.986554e-06	-1.569797e-09	-3.777132e+01	-1.921987e+02
2.300000e-07	-6.974689e-06	-1.537699e-09	-3.770717e+01	-1.920331e+02
2.400000e-07	-6.962281e-06	-1.724440e-09	-3.764009e+01	-1.918635e+02
2.500000e-07	-6.949432e-06	-1.705279e-09	-3.757062e+01	-1.916904e+02
2.600000e-07	-6.935866e-06	-1.551412e-09	-3.749728e+01	-1.915144e+02
2.700000e-07	-6.921700e-06	-1.617744e-09	-3.742070e+01	-1.913357e+02
2.800000e-07	-6.906968e-06	-1.720978e-09	-3.734106e+01	-1.911549e+02
2.900000e-07	-6.891320e-06	-1.614318e-09	-3.725646e+01	-1.909721e+02
3.000000e-07	-6.874903e-06	-1.568295e-09	-3.716770e+01	-1.907876e+02
3.100000e-07	-6.858119e-06	-1.677578e-09	-3.707696e+01	-1.906016e+02
3.200000e-07	-6.841177e-06	-1.639003e-09	-3.698537e+01	-1.904141e+02
3.300000e-07	-6.823673e-06	-1.532332e-09	-3.689074e+01	-1.902251e+02
3.400000e-07	-6.805523e-06	-1.642944e-09	-3.679261e+01	-1.900345e+02
3.500000e-07	-6.787074e-06	-1.717488e-09	-3.669287e+01	-1.898423e+02
3.600000e-07	-6.768252e-06	-1.555738e-09	-3.659111e+01	-1.896482e+02
3.700000e-07	-6.748926e-06	-1.521377e-09	-3.648663e+01	-1.894520e+02
3.800000e-07	-6.729179e-06	-1.676867e-09	-3.637987e+01	-1.892533e+02
3.900000e-07	-6.709057e-06	-1.643504e-09	-3.627109e+01	-1.890517e+02
4.000000e-07	-6.688521e-06	-1.518588e-09	-3.616006e+01	-1.888468e+02
4.100000e-07	-6.667516e-06	-1.600363e-09	-3.604651e+01	-1.886382e+02
4.200000e-07	-6.646083e-06	-1.664396e-09	-3.593063e+01	-1.884253e+02
4.300000e-07	-6.624108e-06	-1.559609e-09	-3.581183e+01	-1.882076e+02
4.400000e-07	-6.601667e-06	-1.556767e-09	-3.569051e+01	-1.879846e+02
4.500000e-07	-6.578847e-06	-1.630628e-09	-3.556714e+01	-1.877558e+02
4.600000e-07	-6.555631e-06	-1.567999e-09	-3.544163e+01	-1.875206e+02
4.700000e-07	-6.532035e-06	-1.536158e-09	-3.531406e+01	-1.872786e+02
4.800000e-07	-6.508019e-06	-1.622361e-09	-3.518422e+01	-1.870293e+02
4.900000e-07	-6.483617e-06	-1.599666e-09	-3.505230e+01	-1.867723e+02
5.000000e-07	-6.458679e-06	-1.516730e-09	-3.491748e+01	-1.865071e+02
5.100000e-07	-6.432953e-06	-1.562108e-09	-3.477839e+01	-1.862334e+02
5.200000e-07	-6.406499e-06	-1.595873e-09	-3.463538e+01	-1.859509e+02
5.300000e-07	-6.379558e-06	-1.535164e-09	-3.448972e+01	-1.856594e+02
5.400000e-07	-6.352113e-06	-1.537249e-09	-3.434135e+01	-1.853588e+02
5.500000e-07	-6.324237e-06	-1.575494e-09	-3.419065e+01	-1.850488e+02
5.600000e-07	-6.295958e-06	-1.542542e-09	-3.403776e+01	-1.847295e+02
5.700000e-07	-6.267211e-06	-1.526299e-09	-3.388235e+01	-1.844007e+02
5.800000e-07	-6.238116e-06	-1.553473e-09	-3.372505e+01	-1.840627e+02
5.900000e-07	-6.208612e-06	-1.536084e-09	-3.356554e+01	-1.837153e+02
6.000000e-07	-6.178684e-06	-1.513813e-09	-3.340374e+01	-1.833589e+02
6.100000e-07	-6.148491e-06	-1.535193e-09	-3.324051e+01	-1.829934e+02
6.200000e-07	-6.117846e-06	-1.536811e-09	-3.307484e+01	-1.826192e+02
6.300000e-07	-6.086663e-06	-1.515136e-09	-3.290625e+01	-1.822364e+02
6.400000e-07	-6.055060e-06	-1.515315e-09	-3.273540e+01	-1.818451e+02
6.500000e-07	-6.023177e-06	-1.516650e-09	-3.256302e+01	-1.814456e+02
6.600000e-07	-5.991148e-06	-1.506871e-09	-3.238987e+01	-1.810381e+02
6.700000e-07	-5.958739e-06	-1.508051e-09	-3.221465e+01	-1.806227e+02
6.800000e-07	-5.925558e-06	-1.508428e-09	-3.203527e+01	-1.801995e+02
6.900000e-07	-5.891693e-06	-1.497900e-09	-3.185218e+01	-1.797686e+02
7.000000e-07	-5.857310e-06	-1.490619e-09	-3.166630e+01	-1.793301e+02
7.100000e-07	-5.822336e-06	-1.487958e-09	-3.147722e+01	-1.788839e+02
7.200000e-07	-5.786893e-06	-1.485345e-09	-3.128561e+01	-1.784301e+02
7.300000e-07	-5.751133e-06	-1.483330e-09	-3.109228e+01	-1.779683e+02
7.400000e-07	-5.715058e-06	-1.478063e-09	-3.089724e+01	-1.774986e+02
7.500000e-07	-5.678718e-06	-1.473377e-09	-3.070078e+01	-1.770206e+02
7.600000e-07	-5.642060e-06	-1.473743e-09	-3.050260e+01	-1.765340e+02
7.700000e-07	-5.604891e-06	-1.469699e-09	-3.030165e+01	-1.760386e+02
7.800000e-07	-5.567267e-06	-1.458731e-09	-3.009825e+01	-1.755340e+02
7.900000e-07	-5.529263e-06	-1.450720e-09	-2.989279e+01	-1.750196e+02
8.000000e-07	-5.490829e-06	-1.446576e-09	-2.968500e+01	-1.744952e+02
8.100000e-07	-5.451923e-06	-1.443428e-09	-2.947466e+01	-1.739601e+02
8.200000e-07	-5.412630e-06	-1.441212e-09	-2.926223e+01	-1.734141e+02
8.300000e-07	-5.373075e-06	-1.436307e-09	-2.904839e+01	-1.728565e+02
8.400000e-07	-5.333261e-06	-1.428339e-09	-2.883314e+01	-1.722870e+02
8.500000e-07	-5.293122e-06	-1.422179e-09	-2.861614e+01	-1.717051e+02
8.600000e-07	-5.252696e-06	-1.418541e-09	-2.839758e+01	-1.711105e+02
8.700000e-07	-5.211968e-06	-1.412306e-09	-2.817740e+01	-1.705028e+02
8.800000e-07	-5.170875e-06	-1.403277e-09	-2.795524e+01	-1.698817e+02
8.900000e-07	-5.129170e-06	-1.395053e-09	-2.772977e+01	-1.692471e+02
9.000000e-07	-5.086687e-06	-1.389544e-09	-2.750009e+01	-1.685988e+02
9.100000e-07	-5.043635e-06	-1.385188e-09	-2.726734e+01	-1.679367e+02
9.200000e-07	-5.000199e-06	-1.378614e-09	-2.703251e+01	-1.672610e+02
9.300000e-07	-4.956507e-06	-1.369535e-09	-2.679630e+01	-1.665716e+02
9.400000e-07	-4.912590e-06	-1.362409e-09	-2.655887e+01	-1.658690e+02
9.500000e-07	-4.868399e-06	-1.357943e-09	-2.631996e+01	-1.651532e+02
9.600000e-07	-4.823977e-06	-1.352670e-09	-2.607980e+01	-1.644248e+02
9.700000e-07	-4.779232e-06	-1.344874e-09	-2.583790e+01	-1.636841e+02
9.800000e-07	-4.734092e-06	-1.335903e-09	-2.559386e+01	-1.629317e+02
9.900000e-07	-4.688571e-06	-1.328492e-09	-2.534776e+01	-1.621681e+02
1.000000e-06	-4.642677e-06	-1.323365e-09	-2.509965e+01	-1.613940e+02
1.010000e-06	-4.596460e-06	-1.317920e-09	-2.484978e+01	-1.606100e+02
1.020000e-06	-4.549901e-06	-1.311384e-09	-2.459807e+01	-1.598167e+02
1.030000e-06	-4.503027e-06	-1.304664e-09	-2.434466e+01	-1.590149e+02
1.040000e-06	-4.455824e-06	-1.298351e-09	-2.408947e+01	-1.582052e+02
1.050000e-06	-4.408322e-06	-1.292790e-09	-2.383266e+01	-1.573881e+02
1.060000e-06	-4.360605e-06	-1.286762e-09	-2.357469e+01	-1.565642e+02
1.070000e-06	-4.312588e-06	-1.279694e-09	-2.331509e+01	-1.557341e+02
1.080000e-06	-4.264168e-06	-1.272126e-09	-2.305332e+01	-1.548981e+02
1.090000e-06	-4.215355e-06	-1.264804e-09	-2.278942e+01	-1.540565e+02
1.100000e-06	-4.166259e-06	-1.258004e-09	-2.252399e+01	-1.532097e+02
1.110000e-06	-4.116972e-06	-1.250525e-09	-2.225754e+01	-1.523576e+02
1.120000e-06	-4.067315e-06	-1.241794e-09	-2.198908e+01	-1.515003e+02
1.130000e-06	-4.017085e-06	-1.233519e-09	-2.171752e+01	-1.506376e+02
1.140000e-06	-3.966498e-06	-1.226747e-09	-2.144403e+01	-1.497692e+02
1.150000e-06	-3.915577e-06	-1.221060e-09	-2.116874e+01	-1.488947e+02
1.160000e-06	-3.864204e-06	-1.213884e-09	-2.089100e+01	-1.480136e+02
1.170000e-06	-3.812562e-06	-1.205184e-09	-2.061181e+01	-1.471252e+02
1.180000e-06	-3.760602e-06	-1.197346e-09	-2.033089e+01	-1.462288e+02
1.190000e-06	-3.708260e-06	-1.190043e-09	-2.004792e+01	-1.453234e+02
1.200000e-06	-3.655609e-06	-1.182058e-09	-1.976327e+01	-1.444082e+02
1.210000e-06	-3.602803e-06	-1.173350e-09	-1.947779e+01	-1.434820e+02
1.220000e-06	-3.549826e-06	-1.164215e-09	-1.919138e+01	-1.425438e+02
1.230000e-06	-3.496492e-06	-1.155133e-09	-1.890304e+01	-1.415925e+02
1.240000e-06	-3.442842e-06	-1.146742e-09	-1.861300e+01	-1.406269e+02
1.250000e-06	-3.389067e-06	-1.139482e-09	-1.832227e+01	-1.396458e+02
1.260000e-06	-3.335239e-06	-1.131430e-09	-1.803126e+01	-1.386481e+02
1.270000e-06	-3.281137e-06	-1.121371e-09	-1.773877e+01	-1.376329e+02
1.280000e-06	-3.226669e-06	-1.111933e-09	-1.744430e+01	-1.365989e+02
1.290000e-06	-3.172033e-06	-1.104011e-09	-1.714892e+01	-1.355454e+02
1.300000e-06	-3.117178e-06	-1.095232e-09	-1.685236e+01	-1.344714e+02
1.310000e-06	-3.062061e-06	-1.085384e-09	-1.655438e+01	-1.333762e+02
1.320000e-06	-3.006899e-06	-1.076105e-09	-1.625616e+01	-1.322593e+02
1.330000e-06	-2.951582e-06	-1.066597e-09	-1.595710e+01	-1.311202e+02
1.340000e-06	-2.895950e-06	-1.056438e-09	-1.565634e+01	-1.299586e+02
1.350000e-06	-2.840127e-06	-1.046706e-09	-1.535455e+01	-1.287742e+02
1.360000e-06	-2.784171e-06	-1.037636e-09	-1.505203e+01	-1.275671e+02
1.370000e-06	-2.728124e-06	-1.028872e-09	-1.474902e+01	-1.263374e+02
1.380000e-06	-2.671922e-06	-1.019600e-09	-1.444518e+01	-1.250853e+02
1.390000e-06	-2.615620e-06	-1.009491e-09	-1.414080e+01	-1.238111e+02
1.400000e-06	-2.559228e-06	-9.984207e-10	-1.383592e+01	-1.225155e+02
1.410000e-06	-2.502543e-06	-9.866639e-10	-1.352947e+01	-1.211988e+02
1.420000e-06	-2.445648e-06	-9.763185e-10	-1.322187e+01	-1.198618e+02
1.430000e-06	-2.388402e-06	-9.669092e-10	-1.291239e+01	-1.185052e+02
1.440000e-06	-2.330814e-06	-9.560424e-10	-1.260105e+01	-1.171296e+02
1.450000e-06	-2.273013e-06	-9.444354e-10	-1.228856e+01	-1.157359e+02
1.460000e-06	-2.214910e-06	-9.330017e-10	-1.197444e+01	-1.143246e+02
1.470000e-06	-2.156671e-06	-9.209985e-10	-1.165959e+01	-1.128964e+02
1.480000e-06	-2.098168e-06	-9.082961e-10	-1.134330e+01	-1.114520e+02
1.490000e-06	-2.039381e-06	-8.958058e-10	-1.102548e+01	-1.099917e+02
1.500000e-06	-1.980293e-06	-8.840440e-10	-1.070603e+01	-1.085159e+02
1.510000e-06	-1.920958e-06	-8.723437e-10	-1.038525e+01	-1.070248e+02
1.520000e-06	-1.861674e-06	-8.603564e-10	-1.006475e+01	-1.055183e+02
1.530000e-06	-1.802356e-06	-8.482020e-10	-9.744054e+00	-1.039964e+02
1.540000e-06	-1.742925e-06	-8.352938e-10	-9.422754e+00	-1.024585e+02
1.550000e-06	-1.683377e-06	-8.217422e-10	-9.100818e+00	-1.009041e+02
1.560000e-06	-1.623718e-06	-8.083917e-10	-8.778284e+00	-9.933243e+01
1.570000e-06	-1.564033e-06	-7.955840e-10	-8.455612e+00	-9.774237e+01
1.580000e-06	-1.504262e-06	-7.827190e-10	-8.132471e+00	-9.613267e+01
1.590000e-06	-1.444340e-06	-7.686995e-10	-7.808516e+00	-9.450185e+01
1.600000e-06	-1.384383e-06	-7.544266e-10	-7.484374e+00	-9.284823e+01
1.610000e-06	-1.324344e-06	-7.408792e-10	-7.159785e+00	-9.116995e+01
1.620000e-06	-1.264209e-06	-7.268132e-10	-6.834677e+00	-8.946496e+01
1.630000e-06	-1.204023e-06	-7.121594e-10	-6.509296e+00	-8.773109e+01
1.640000e-06	-1.143755e-06	-6.978182e-10	-6.183471e+00	-8.596605e+01
1.650000e-06	-1.083423e-06	-6.835349e-10	-5.857298e+00	-8.416747e+01
1.660000e-06	-1.023028e-06	-6.692501e-10	-5.530785e+00	-8.233292e+01
1.670000e-06	-9.625967e-07	-6.551119e-10	-5.204075e+00	-8.045996e+01
1.680000e-06	-9.021166e-07	-6.401482e-10	-4.877102e+00	-7.854619e+01
1.690000e-06	-8.415612e-07	-6.237488e-10	-4.549722e+00	-7.658925e+01
1.700000e-06	-7.809607e-07	-6.076899e-10	-4.222098e+00	-7.458689e+01
1.710000e-06	-7.203268e-07	-5.921486e-10	-3.894294e+00	-7.253702e+01
1.720000e-06	-6.596523e-07	-5.758787e-10	-3.566270e+00	-7.043769e+01
1.730000e-06	-5.988720e-07	-5.588866e-10	-3.237674e+00	-6.828720e+01
1.740000e-06	-5.379974e-07	-5.414188e-10	-2.908568e+00	-6.608409e+01
1.750000e-06	-4.771233e-07	-5.239238e-10	-2.579466e+00	-6.382716e+01
1.760000e-06	-4.162510e-07	-5.056921e-10	-2.250373e+00	-6.151554e+01
1.770000e-06	-3.553716e-07	-4.863633e-10	-1.921241e+00	-5.914868e+01
1.780000e-06	-2.944611e-07	-4.665403e-10	-1.591941e+00	-5.672639e+01
1.790000e-06	-2.334949e-07	-4.460739e-10	-1.262340e+00	-5.424883e+01
1.800000e-06	-1.725298e-07	-4.243962e-10	-9.327459e-01	-5.171655e+01
1.810000e-06	-1.115763e-07	-4.025544e-10	-6.032138e-01	-4.913047e+01
1.820000e-06	-5.053787e-08	-3.804699e-10	-2.732223e-01	-4.649192e+01
1.830000e-06	1.058444e-08	-3.573097e-10	5.722252e-02	-4.380257e+01
1.840000e-06	7.153816e-08	-3.344508e-10	3.867558e-01	-4.106447e+01
1.850000e-06	1.324073e-07	-3.118865e-10	7.158319e-01	-3.828003e+01
1.860000e-06	1.933667e-07	-2.888758e-10	1.045396e+00	-3.545198e+01
1.870000e-06	2.543291e-07	-2.649255e-10	1.374976e+00	-3.258337e+01
1.880000e-06	3.152358e-07	-2.394651e-10	1.704255e+00	-2.967753e+01
1.890000e-06	3.760417e-07	-2.141065e-10	2.032989e+00	-2.673802e+01
1.900000e-06	4.368517e-07	-1.895680e-10	2.361746e+00	-2.376864e+01
1.910000e-06	4.977130e-07	-1.643799e-10	2.690780e+00	-2.077335e+01
1.920000e-06	5.586221e-07	-1.387509e-10	3.020072e+00	-1.775628e+01
1.930000e-06	6.194316e-07	-1.139670e-10	3.348825e+00	-1.472162e+01
1.940000e-06	6.801029e-07	-8.875501e-11	3.676832e+00	-1.167366e+01
1.950000e-06	7.407990e-07	-6.198076e-11	4.004972e+00	-8.616686e+00
1.960000e-06	8.014647e-07	-3.498017e-11	4.332948e+00	-5.554984e+00
1.970000e-06	8.620643e-07	-8.770850e-12	4.660567e+00	-2.492773e+00
1.980000e-06	9.225345e-07	1.628602e-11	4.987487e+00	5.658134e-01
1.990000e-06	9.828444e-07	4.118697e-11	5.313539e+00	3.616772e+00
2.000000e-06	1.043108e-06	6.633832e-11	5.639339e+00	6.656256e+00
2.010000e-06	1.103468e-06	9.100394e-11	5.965663e+00	9.680604e+00
2.020000e-06	1.163702e-06	1.158767e-10	6.291306e+00	1.268637e+01
2.030000e-06	1.223768e-06	1.411015e-10	6.616041e+00	1.567034e+01
2.040000e-06	1.283797e-06	1.658785e-10	6.940574e+00	1.862954e+01
2.050000e-06	1.343672e-06	1.896880e-10	7.264279e+00	2.156128e+01
2.060000e-06	1.403558e-06	2.132645e-10	7.588040e+00	2.446314e+01
2.070000e-06	1.463432e-06	2.368850e-10	7.911734e+00	2.733297e+01
2.080000e-06	1.523229e-06	2.591759e-10	8.235012e+00	3.016891e+01
2.090000e-06	1.583063e-06	2.809565e-10	8.558495e+00	3.296938e+01
2.100000e-06	1.642845e-06	3.031009e-10	8.881692e+00	3.573309e+01
2.110000e-06	1.702518e-06	3.252637e-10	9.204301e+00	3.845900e+01
2.120000e-06	1.762106e-06	3.471780e-10	9.526451e+00	4.114633e+01
2.130000e-06	1.821630e-06	3.690445e-10	9.848256e+00	4.379455e+01
2.140000e-06	1.881063e-06	3.896099e-10	1.016957e+01	4.640335e+01
2.150000e-06	1.940358e-06	4.086191e-10	1.049014e+01	4.897263e+01
2.160000e-06	1.999510e-06	4.287883e-10	1.080993e+01	5.150248e+01
2.170000e-06	2.058352e-06	4.488654e-10	1.112804e+01	5.399316e+01
2.180000e-06	2.117059e-06	4.678687e-10	1.144543e+01	5.644508e+01
2.190000e-06	2.175681e-06	4.865436e-10	1.176236e+01	5.885876e+01
2.200000e-06	2.233984e-06	5.051237e-10	1.207756e+01	6.123485e+01
2.210000e-06	2.291913e-06	5.241159e-10	1.239074e+01	6.357405e+01
2.220000e-06	2.349498e-06	5.430056e-10	1.270206e+01	6.587714e+01
2.230000e-06	2.406754e-06	5.611947e-10	1.301161e+01	6.814496e+01
2.240000e-06	2.463751e-06	5.788576e-10	1.331975e+01	7.037836e+01
2.250000e-06	2.520440e-06	5.971299e-10	1.362622e+01	7.257818e+01
2.260000e-06	2.576808e-06	6.152998e-10	1.393096e+01	7.474528e+01
2.270000e-06	2.632985e-06	6.313064e-10	1.423467e+01	7.688050e+01
2.280000e-06	2.689166e-06	6.460698e-10	1.453841e+01	7.898465e+01
2.290000e-06	2.745283e-06	6.618836e-10	1.484179e+01	8.105850e+01
2.300000e-06	2.801097e-06	6.787943e-10	1.514354e+01	8.310276e+01
2.310000e-06	2.856743e-06	6.961925e-10	1.544437e+01	8.511811e+01
2.320000e-06	2.912357e-06	7.138405e-10	1.574504e+01	8.710516e+01
2.330000e-06	2.967855e-06	7.313191e-10	1.604508e+01	8.906449e+01
2.340000e-06	3.023179e-06	7.473910e-10	1.634418e+01	9.099660e+01
2.350000e-06	3.078312e-06	7.617420e-10	1.664224e+01	9.290195e+01
2.360000e-06	3.133096e-06	7.749119e-10	1.693842e+01	9.478093e+01
2.370000e-06	3.187604e-06	7.869259e-10	1.723310e+01	9.663389e+01
2.380000e-06	3.241937e-06	7.996877e-10	1.752684e+01	9.846116e+01
2.390000e-06	3.296044e-06	8.147054e-10	1.781936e+01	1.002630e+02
2.400000e-06	3.349952e-06	8.309092e-10	1.811080e+01	1.020396e+02
2.410000e-06	3.403781e-06	8.465401e-10	1.840182e+01	1.037913e+02
2.420000e-06	3.457345e-06	8.615765e-10	1.869140e+01	1.055182e+02
2.430000e-06	3.510542e-06	8.762637e-10	1.897900e+01	1.072204e+02
2.440000e-06	3.563476e-06	8.901258e-10	1.926518e+01	1.088982e+02
2.450000e-06	3.616059e-06	9.032305e-10	1.954945e+01	1.105517e+02
2.460000e-06	3.668376e-06	9.159736e-10	1.983230e+01	1.121811e+02
2.470000e-06	3.720436e-06	9.287622e-10	2.011375e+01	1.137865e+02
2.480000e-06	3.772227e-06	9.413330e-10	2.039374e+01	1.153681e+02
2.490000e-06	3.823908e-06	9.537272e-10	2.067315e+01	1.169261e+02
2.500000e-06	3.875176e-06	9.658343e-10	2.095031e+01	1.184606e+02
2.510000e-06	3.925958e-06	9.781738e-10	2.122486e+01	1.199720e+02
2.520000e-06	3.976375e-06	9.906849e-10	2.149742e+01	1.214603e+02
2.530000e-06	4.026350e-06	1.002794e-09	2.176761e+01	1.229259e+02
2.540000e-06	4.075986e-06	1.014486e-09	2.203595e+01	1.243690e+02
2.550000e-06	4.125319e-06	1.025458e-09	2.230266e+01	1.257898e+02
2.560000e-06	4.174159e-06	1.035549e-09	2.256670e+01	1.271887e+02
2.570000e-06	4.222427e-06	1.044691e-09	2.282765e+01	1.285660e+02
2.580000e-06	4.270397e-06	1.054811e-09	2.308699e+01	1.299218e+02
2.590000e-06	4.318182e-06	1.066337e-09	2.334533e+01	1.312566e+02
2.600000e-06	4.365783e-06	1.077828e-09	2.360268e+01	1.325707e+02
2.610000e-06	4.413187e-06	1.089101e-09	2.385896e+01	1.338642e+02
2.620000e-06	4.460264e-06	1.099694e-09	2.411347e+01	1.351376e+02
2.630000e-06	4.507010e-06	1.108803e-09	2.436619e+01	1.363912e+02
2.640000e-06	4.553310e-06	1.117539e-09	2.461650e+01	1.376251e+02
2.650000e-06	4.599172e-06	1.126445e-09	2.486445e+01	1.388397e+02
2.660000e-06	4.644839e-06	1.133995e-09	2.511133e+01	1.400352e+02
2.670000e-06	4.690329e-06	1.141307e-09	2.535727e+01	1.412120e+02
2.680000e-06	4.735557e-06	1.149987e-09	2.560178e+01	1.423701e+02
2.690000e-06	4.780359e-06	1.159275e-09	2.584399e+01	1.435098e+02
2.700000e-06	4.824728e-06	1.167841e-09	2.608387e+01	1.446314e+02
2.710000e-06	4.868807e-06	1.176758e-09	2.632217e+01	1.457349e+02
2.720000e-06	4.912728e-06	1.186826e-09	2.655962e+01	1.468206e+02
2.730000e-06	4.956517e-06	1.196499e-09	2.679635e+01	1.478885e+02
2.740000e-06	5.000151e-06	1.205523e-09	2.703226e+01	1.489389e+02
2.750000e-06	5.043563e-06	1.213887e-09	2.726695e+01	1.499718e+02
2.760000e-06	5.086652e-06	1.221287e-09	2.749990e+01	1.509872e+02
2.770000e-06	5.129088e-06	1.228834e-09	2.772932e+01	1.519854e+02
2.780000e-06	5.170722e-06	1.236987e-09	2.795441e+01	1.529663e+02
2.790000e-06	5.211724e-06	1.245487e-09	2.817608e+01	1.539301e+02
2.800000e-06	5.252167e-06	1.254030e-09	2.839473e+01	1.548769e+02
2.810000e-06	5.292189e-06	1.261866e-09	2.861109e+01	1.558066e+02
2.820000e-06	5.331956e-06	1.268878e-09	2.882609e+01	1.567193e+02
2.830000e-06	5.371582e-06	1.275370e-09	2.904032e+01	1.576152e+02
2.840000e-06	5.410945e-06	1.282049e-09	2.925313e+01	1.584943e+02
2.850000e-06	5.449992e-06	1.289698e-09	2.946422e+01	1.593567e+02
2.860000e-06	5.488574e-06	1.296746e-09	2.967281e+01	1.602026e+02
2.870000e-06	5.526750e-06	1.302532e-09	2.987920e+01	1.610319e+02
2.880000e-06	5.564653e-06	1.309173e-09	3.008411e+01	1.618449e+02
2.890000e-06	5.602108e-06	1.316630e-09	3.028661e+01	1.626418e+02
2.900000e-06	5.639043e-06	1.323889e-09	3.048629e+01	1.634226e+02
2.910000e-06	5.675451e-06	1.330707e-09	3.068312e+01	1.641875e+02
2.920000e-06	5.711454e-06	1.337965e-09	3.087776e+01	1.649369e+02
2.930000e-06	5.747257e-06	1.346523e-09	3.107132e+01	1.656709e+02
2.940000e-06	5.782890e-06	1.354401e-09	3.126396e+01	1.663897e+02
2.950000e-06	5.818311e-06	1.359999e-09	3.145546e+01	1.670937e+02
2.960000e-06	5.853372e-06	1.365079e-09	3.164501e+01	1.677831e+02
2.970000e-06	5.887936e-06	1.371679e-09	3.183188e+01	1.684583e+02
2.980000e-06	5.921845e-06	1.378312e-09	3.201520e+01	1.691196e+02
2.990000e-06	5.954921e-06	1.384325e-09	3.219401e+01	1.697673e+02
3.000000e-06	5.987334e-06	1.391122e-09	3.236925e+01	1.704018e+02
3.010000e-06	6.019305e-06	1.397811e-09	3.254209e+01	1.710235e+02
3.020000e-06	6.051063e-06	1.404408e-09	3.271378e+01	1.716329e+02
3.030000e-06	6.082544e-06	1.411413e-09	3.288398e+01	1.722302e+02
3.040000e-06	6.113564e-06	1.417915e-09	3.305168e+01	1.728160e+02
3.050000e-06	6.144144e-06	1.424898e-09	3.321701e+01	1.733906e+02
3.060000e-06	6.174287e-06	1.432469e-09	3.337997e+01	1.739545e+02
3.070000e-06	6.203933e-06	1.438228e-09	3.354025e+01	1.745081e+02
3.080000e-06	6.233177e-06	1.442317e-09	3.369835e+01	1.750518e+02
3.090000e-06	6.262100e-06	1.447242e-09	3.385471e+01	1.755861e+02
3.100000e-06	6.290556e-06	1.453903e-09	3.400855e+01	1.761112e+02
3.110000e-06	6.318526e-06	1.460160e-09	3.415977e+01	1.766277e+02
3.120000e-06	6.346233e-06	1.464267e-09	3.430956e+01	1.771359e+02
3.130000e-06	6.373784e-06	1.468526e-09	3.445851e+01	1.776361e+02
3.140000e-06	6.401011e-06	1.473792e-09	3.460570e+01	1.781288e+02
3.150000e-06	6.427552e-06	1.478197e-09	3.474919e+01	1.786141e+02
3.160000e-06	6.453147e-06	1.482134e-09	3.488757e+01	1.790924e+02
3.170000e-06	6.477982e-06	1.485630e-09	3.502183e+01	1.795640e+02
3.180000e-06	6.502389e-06	1.489469e-09	3.515378e+01	1.800290e+02
3.190000e-06	6.526389e-06	1.494662e-09	3.528354e+01	1.804877e+02
3.200000e-06	6.550048e-06	1.499826e-09	3.541144e+01	1.809403e+02
3.210000e-06	6.573313e-06	1.503890e-09	3.553722e+01	1.813868e+02
3.220000e-06	6.595987e-06	1.508109e-09	3.565980e+01	1.818275e+02
3.230000e-06	6.618273e-06	1.513464e-09	3.578029e+01	1.822623e+02
3.240000e-06	6.640272e-06	1.518322e-09	3.589922e+01	1.826913e+02
3.250000e-06	6.661785e-06	1.522654e-09	3.601552e+01	1.831146e+02
3.260000e-06	6.682697e-06	1.526732e-09	3.612858e+01	1.835320e+02
3.270000e-06	6.703069e-06	1.530416e-09	3.623872e+01	1.839436e+02
3.280000e-06	6.723069e-06	1.533511e-09	3.634684e+01	1.843494e+02
3.290000e-06	6.742825e-06	1.536973e-09	3.645365e+01	1.847491e+02
3.300000e-06	6.762371e-06	1.541062e-09	3.655932e+01	1.851428e+02
3.310000e-06	6.781526e-06	1.542796e-09	3.666288e+01	1.855302e+02
3.320000e-06	6.800163e-06	1.543071e-09	3.676364e+01	1.859113e+02
3.330000e-06	6.818178e-06	1.545437e-09	3.686103e+01	1.862858e+02
3.340000e-06	6.835515e-06	1.550075e-09	3.695476e+01	1.866537e+02
3.350000e-06	6.852464e-06	1.555512e-09	3.704639e+01	1.870147e+02
3.360000e-06	6.869162e-06	1.559978e-09	3.713666e+01	1.873686e+02
3.370000e-06	6.885316e-06	1.562318e-09	3.722400e+01	1.877153e+02
3.380000e-06	6.900767e-06	1.563844e-09	3.730753e+01	1.880546e+02
3.390000e-06	6.915561e-06	1.566315e-09	3.738751e+01	1.883863e+02
3.400000e-06	6.929634e-06	1.570242e-09	3.746359e+01	1.887102e+02
3.410000e-06	6.943252e-06	1.574937e-09	3.753721e+01	1.890261e+02
3.420000e-06	6.956532e-06	1.578739e-09	3.760901e+01	1.893339e+02
3.430000e-06	6.969293e-06	1.582690e-09	3.767800e+01	1.896335e+02
3.440000e-06	6.981572e-06	1.587145e-09	3.774438e+01	1.899245e+02
3.450000e-06	6.993430e-06	1.590402e-09	3.780849e+01	1.902070e+02
3.460000e-06	7.004890e-06	1.592856e-09	3.787045e+01	1.904806e+02
3.470000e-06	7.015615e-06	1.595540e-09	3.792843e+01	1.907454e+02
3.480000e-06	7.025346e-06	1.597596e-09	3.798104e+01	1.910011e+02
3.490000e-06	7.034230e-06	1.598763e-09	3.802907e+01	1.912477e+02
3.500000e-06	7.042533e-06	1.601905e-09	3.807396e+01	1.914849e+02
3.510000e-06	7.050513e-06	1.606313e-09	3.811710e+01	1.917126e+02
3.520000e-06	7.058156e-06	1.610062e-09	3.815842e+01	1.919308e+02
3.530000e-06	7.065390e-06	1.613520e-09	3.819753e+01	1.921392e+02
3.540000e-06	7.072074e-06	1.617625e-09	3.823367e+01	1.923377e+02
3.550000e-06	7.078190e-06	1.621360e-09	3.826673e+01	1.925263e+02
3.560000e-06	7.083910e-06	1.624239e-09	3.829765e+01	1.927046e+02
3.570000e-06	7.089086e-06	1.627434e-09	3.832564e+01	1.928727e+02
3.580000e-06	7.093620e-06	1.629980e-09	3.835015e+01	1.930303e+02
3.590000e-06	7.097763e-06	1.632480e-09	3.837255e+01	1.931772e+02
3.600000e-06	7.101664e-06	1.635194e-09	3.839364e+01	1.933134e+02
3.610000e-06	7.105274e-06	1.637240e-09	3.841315e+01	1.934387e+02
3.620000e-06	7.108470e-06	1.638749e-09	3.843043e+01	1.935528e+02
3.630000e-06	7.111010e-06	1.641349e-09	3.844416e+01	1.936557e+02
3.640000e-06	7.112717e-06	1.644287e-09	3.845339e+01	1.937472e+02
3.650000e-06	7.113634e-06	1.644483e-09	3.845835e+01	1.938272e+02
3.660000e-06	7.113939e-06	1.644620e-09	3.846000e+01	1.938955e+02
3.670000e-06	7.113817e-06	1.646641e-09	3.845934e+01	1.939520e+02
3.680000e-06	7.113319e-06	1.648442e-09	3.845665e+01	1.939967e+02
3.690000e-06	7.112437e-06	1.649868e-09	3.845188e+01	1.940294e+02
3.700000e-06	7.111044e-06	1.651508e-09	3.844435e+01	1.940503e+02
3.710000e-06	7.109048e-06	1.653002e-09	3.843356e+01	1.940591e+02
3.720000e-06	7.106676e-06	1.654102e-09	3.842073e+01	1.940560e+02
3.730000e-06	7.104028e-06	1.654327e-09	3.840642e+01	1.940411e+02
3.740000e-06	7.100762e-06	1.646445e-09	3.838876e+01	1.940145e+02
3.750000e-06	7.096921e-06	1.631260e-09	3.836799e+01	1.939763e+02
3.760000e-06	7.092671e-06	1.662548e-09	3.834502e+01	1.939267e+02
3.770000e-06	7.087687e-06	1.740716e-09	3.831807e+01	1.938660e+02
3.780000e-06	7.081652e-06	1.692353e-09	3.828545e+01	1.937945e+02
3.790000e-06	7.075099e-06	1.547650e-09	3.825002e+01	1.937126e+02
3.800000e-06	7.068713e-06	1.592040e-09	3.821549e+01	1.936206e+02
3.810000e-06	7.062003e-06	1.760512e-09	3.817922e+01	1.935189e+02
3.820000e-06	7.054342e-06	1.719484e-09	3.813780e+01	1.934081e+02
3.830000e-06	7.046089e-06	1.529577e-09	3.809318e+01	1.932886e+02
3.840000e-06	7.037730e-06	1.590817e-09	3.804799e+01	1.931610e+02
3.850000e-06	7.029025e-06	1.825392e-09	3.800093e+01	1.930259e+02
3.860000e-06	7.019558e-06	1.738991e-09	3.794975e+01	1.928838e+02
3.870000e-06	7.009502e-06	1.458513e-09	3.789539e+01	1.927353e+02
3.880000e-06	6.999202e-06	1.550742e-09	3.783970e+01	1.925810e+02
3.890000e-06	6.988536e-06	1.841810e-09	3.778204e+01	1.924214e+02
3.900000e-06	6.977102e-06	1.731895e-09	3.772022e+01	1.922572e+02
3.910000e-06	6.964991e-06	1.472788e-09	3.765474e+01	1.920889e+02
3.920000e-06	6.952460e-06	1.628494e-09	3.758700e+01	1.919170e+02
3.930000e-06	6.939259e-06	1.835637e-09	3.751563e+01	1.917420e+02
3.940000e-06	6.925174e-06	1.618356e-09	3.743948e+01	1.915642e+02
3.950000e-06	6.910381e-06	1.466295e-09	3.735951e+01	1.913841e+02
3.960000e-06	6.895009e-06	1.715769e-09	3.727640e+01	1.912020e+02
3.970000e-06	6.879039e-06	1.786121e-09	3.719006e+01	1.910181e+02
3.980000e-06	6.862743e-06	1.540349e-09	3.710196e+01	1.908326e+02
3.990000e-06	6.846180e-06	1.578585e-09	3.701242e+01	1.906456e+02
4.000000e-06	6.829125e-06	1.789142e-09	3.692021e+01	1.904571e+02
4.010000e-06	6.811605e-06	1.636599e-09	3.682549e+01	1.902672e+02
4.020000e-06	6.793570e-06	1.484437e-09	3.672799e+01	1.900756e+02
4.030000e-06	6.775101e-06	1.710886e-09	3.662815e+01	1.898822e+02
4.040000e-06	6.756178e-06	1.775511e-09	3.652584e+01	1.896868e+02
4.050000e-06	6.736622e-06	1.535503e-09	3.642011e+01	1.894890e+02
4.060000e-06	6.716742e-06	1.578601e-09	3.631264e+01	1.892884e+02
4.070000e-06	6.696649e-06	1.774351e-09	3.620401e+01	1.890848e+02
4.080000e-06	6.676246e-06	1.635557e-09	3.609370e+01	1.888775e+02
4.090000e-06	6.655306e-06	1.522194e-09	3.598050e+01	1.886661e+02
4.100000e-06	6.633649e-06	1.701514e-09	3.586341e+01	1.884501e+02
4.110000e-06	6.611279e-06	1.707861e-09	3.574247e+01	1.882290e+02
4.120000e-06	6.588228e-06	1.553376e-09	3.561785e+01	1.880022e+02
4.130000e-06	6.564511e-06	1.637500e-09	3.548963e+01	1.877693e+02
4.140000e-06	6.540337e-06	1.714102e-09	3.535894e+01	1.875297e+02
4.150000e-06	6.515946e-06	1.579009e-09	3.522708e+01	1.872829e+02
4.160000e-06	6.491279e-06	1.586901e-09	3.509372e+01	1.870285e+02
4.170000e-06	6.466045e-06	1.704627e-09	3.495730e+01	1.867661e+02
4.180000e-06	6.440405e-06	1.633121e-09	3.481868e+01	1.864953e+02
4.190000e-06	6.414393e-06	1.576610e-09	3.467805e+01	1.862159e+02
4.200000e-06	6.387873e-06	1.661229e-09	3.453468e+01	1.859275e+02
4.210000e-06	6.360864e-06	1.642624e-09	3.438866e+01	1.856299e+02
4.220000e-06	6.333254e-06	1.578690e-09	3.423939e+01	1.853231e+02
4.230000e-06	6.305251e-06	1.630585e-09	3.408800e+01	1.850069e+02
4.240000e-06	6.276961e-06	1.644321e-09	3.393506e+01	1.846814e+02
4.250000e-06	6.248341e-06	1.594118e-09	3.378033e+01	1.843465e+02
4.260000e-06	6.219347e-06	1.616129e-09	3.362358e+01	1.840023e+02
4.270000e-06	6.189817e-06	1.635548e-09	3.346393e+01	1.836489e+02
4.280000e-06	6.159552e-06	1.598017e-09	3.330031e+01	1.832865e+02
4.290000e-06	6.128543e-06	1.597168e-09	3.313266e+01	1.829152e+02
4.300000e-06	6.096952e-06	1.613382e-09	3.296187e+01	1.825352e+02
4.310000e-06	6.064933e-06	1.601731e-09	3.278877e+01	1.821468e+02
4.320000e-06	6.032584e-06	1.601525e-09	3.261388e+01	1.817501e+02
4.330000e-06	5.999893e-06	1.602543e-09	3.243714e+01	1.813453e+02
4.340000e-06	5.966763e-06	1.588440e-09	3.225804e+01	1.809325e+02
4.350000e-06	5.933161e-06	1.589155e-09	3.207637e+01	1.805119e+02
4.360000e-06	5.899117e-06	1.591665e-09	3.189232e+01	1.800837e+02
4.370000e-06	5.864726e-06	1.585633e-09	3.170640e+01	1.796478e+02
4.380000e-06	5.830018e-06	1.589000e-09	3.151876e+01	1.792042e+02
4.390000e-06	5.794958e-06	1.584676e-09	3.132921e+01	1.787529e+02
4.400000e-06	5.759503e-06	1.572501e-09	3.113753e+01	1.782939e+02
4.410000e-06	5.723713e-06	1.576378e-09	3.094404e+01	1.778269e+02
4.420000e-06	5.687589e-06	1.575916e-09	3.074874e+01	1.773517e+02
4.430000e-06	5.651108e-06	1.561379e-09	3.055152e+01	1.768681e+02
4.440000e-06	5.614210e-06	1.560369e-09	3.035204e+01	1.763757e+02
4.450000e-06	5.576840e-06	1.566663e-09	3.015000e+01	1.758742e+02
4.460000e-06	5.538835e-06	1.560929e-09	2.994454e+01	1.753632e+02
4.470000e-06	5.500138e-06	1.553740e-09	2.973533e+01	1.748422e+02
4.480000e-06	5.460851e-06	1.549414e-09	2.952293e+01	1.743108e+02
4.490000e-06	5.421151e-06	1.542562e-09	2.930830e+01	1.737685e+02
4.500000e-06	5.381193e-06	1.537569e-09	2.909228e+01	1.732149e+02
4.510000e-06	5.340927e-06	1.536241e-09	2.887459e+01	1.726494e+02
4.520000e-06	5.300386e-06	1.534096e-09	2.865541e+01	1.720718e+02
4.530000e-06	5.259544e-06	1.529357e-09	2.843461e+01	1.714815e+02
4.540000e-06	5.218339e-06	1.525288e-09	2.821184e+01	1.708782e+02
4.550000e-06	5.176816e-06	1.523169e-09	2.798735e+01	1.702617e+02
4.560000e-06	5.134912e-06	1.518913e-09	2.776081e+01	1.696316e+02
4.570000e-06	5.092650e-06	1.509198e-09	2.753233e+01	1.689879e+02
4.580000e-06	5.050070e-06	1.499500e-09	2.730213e+01	1.683305e+02
4.590000e-06	5.007090e-06	1.494125e-09	2.706977e+01	1.676594e+02
4.600000e-06	4.963713e-06	1.489862e-09	2.683526e+01	1.669746e+02
4.610000e-06	4.919996e-06	1.483513e-09	2.659891e+01	1.662764e+02
4.620000e-06	4.876096e-06	1.477311e-09	2.636157e+01	1.655650e+02
4.630000e-06	4.831974e-06	1.473647e-09	2.612304e+01	1.648408e+02
4.640000e-06	4.787565e-06	1.469893e-09	2.588295e+01	1.641042e+02
4.650000e-06	4.742826e-06	1.462614e-09	2.564108e+01	1.633556e+02
4.660000e-06	4.697840e-06	1.453337e-09	2.539787e+01	1.625958e+02
4.670000e-06	4.652586e-06	1.443695e-09	2.515322e+01	1.618252e+02
4.680000e-06	4.607010e-06	1.434643e-09	2.490682e+01	1.610444e+02
4.690000e-06	4.561054e-06	1.428777e-09	2.465837e+01	1.602542e+02
4.700000e-06	4.514617e-06	1.425058e-09	2.440731e+01	1.594552e+02
4.710000e-06	4.467884e-06	1.420748e-09	2.415466e+01	1.586481e+02
4.720000e-06	4.420731e-06	1.413961e-09	2.389974e+01	1.578334e+02
4.730000e-06	4.373347e-06	1.404536e-09	2.364357e+01	1.570118e+02
4.740000e-06	4.325737e-06	1.395535e-09	2.338618e+01	1.561838e+02
4.750000e-06	4.277552e-06	1.388455e-09	2.312568e+01	1.553497e+02
4.760000e-06	4.228985e-06	1.381018e-09	2.286311e+01	1.545101e+02
4.770000e-06	4.180220e-06	1.372993e-09	2.259947e+01	1.536650e+02
4.780000e-06	4.131056e-06	1.366748e-09	2.233368e+01	1.528147e+02
4.790000e-06	4.081540e-06	1.362323e-09	2.206598e+01	1.519592e+02
4.800000e-06	4.031784e-06	1.356112e-09	2.179698e+01	1.510983e+02
4.810000e-06	3.981635e-06	1.347699e-09	2.152587e+01	1.502319e+02
4.820000e-06	3.931244e-06	1.339406e-09	2.125344e+01	1.493596e+02
4.830000e-06	3.880627e-06	1.331687e-09	2.097978e+01	1.484808e+02
4.840000e-06	3.829746e-06	1.324488e-09	2.070471e+01	1.475950e+02
4.850000e-06	3.778623e-06	1.317244e-09	2.042832e+01	1.467014e+02
4.860000e-06	3.727145e-06	1.309535e-09	2.015002e+01	1.457991e+02
4.870000e-06	3.675349e-06	1.301901e-09	1.986999e+01	1.448873e+02
4.880000e-06	3.623270e-06	1.294885e-09	1.958844e+01	1.439650e+02
4.890000e-06	3.570886e-06	1.288130e-09	1.930524e+01	1.430310e+02
4.900000e-06	3.518274e-06	1.280999e-09	1.902080e+01	1.420842e+02
4.910000e-06	3.465390e-06	1.273622e-09	1.873489e+01	1.411235e+02
4.920000e-06	3.412165e-06	1.265893e-09	1.844715e+01	1.401478e+02
4.930000e-06	3.358632e-06	1.257550e-09	1.815773e+01	1.391558e+02
4.940000e-06	3.304649e-06	1.248896e-09	1.786588e+01	1.381466e+02
4.950000e-06	3.250162e-06	1.239122e-09	1.757131e+01	1.371190e+02
4.960000e-06	3.195364e-06	1.228118e-09	1.727506e+01	1.360721e+02
4.970000e-06	3.140326e-06	1.218176e-09	1.697751e+01	1.350051e+02
4.980000e-06	3.085055e-06	1.209653e-09	1.667869e+01	1.339171e+02
4.990000e-06	3.029525e-06	1.200534e-09	1.637848e+01	1.328075e+02
5.000000e-06	2.973689e-06	1.190182e-09	1.607662e+01	1.316759e+02
5.010000e-06	2.917544e-06	1.179072e-09	1.577308e+01	1.305219e+02
5.020000e-06	2.861251e-06	1.167691e-09	1.546875e+01	1.293451e+02
5.030000e-06	2.804847e-06	1.156982e-09	1.516381e+01	1.281457e+02
5.040000e-06	2.748256e-06	1.148183e-09	1.485786e+01	1.269235e+02
5.050000e-06	2.691542e-06	1.139801e-09	1.455125e+01	1.256789e+02
5.060000e-06	2.634770e-06	1.129264e-09	1.424432e+01	1.244121e+02
5.070000e-06	2.577954e-06	1.117459e-09	1.393716e+01	1.231236e+02
5.080000e-06	2.520949e-06	1.105241e-09	1.362898e+01	1.218139e+02
5.090000e-06	2.463707e-06	1.092814e-09	1.331951e+01	1.204836e+02
5.100000e-06	2.406306e-06	1.080853e-09	1.300918e+01	1.191335e+02
5.110000e-06	2.348675e-06	1.069437e-09	1.269761e+01	1.177642e+02
5.120000e-06	2.290784e-06	1.057611e-09	1.238464e+01	1.163765e+02
5.130000e-06	2.232757e-06	1.045343e-09	1.207092e+01	1.149710e+02
5.140000e-06	2.174580e-06	1.032442e-09	1.175640e+01	1.135485e+02
5.150000e-06	2.116114e-06	1.017745e-09	1.144032e+01	1.121095e+02
5.160000e-06	2.057426e-06	1.003348e-09	1.112304e+01	1.106545e+02
5.170000e-06	1.998706e-06	9.898270e-10	1.080558e+01	1.091839e+02
5.180000e-06	1.939892e-06	9.768517e-10	1.048762e+01	1.076979e+02
5.190000e-06	1.880828e-06	9.650991e-10	1.016830e+01	1.061966e+02
5.200000e-06	1.821669e-06	9.524182e-10	9.848467e+00	1.046799e+02
5.210000e-06	1.762467e-06	9.376118e-10	9.528404e+00	1.031474e+02
5.220000e-06	1.703223e-06	9.229057e-10	9.208112e+00	1.015987e+02
5.230000e-06	1.643916e-06	9.090447e-10	8.887484e+00	1.000329e+02
5.240000e-06	1.584456e-06	8.937233e-10	8.566025e+00	9.844912e+01
5.250000e-06	1.524864e-06	8.780646e-10	8.243854e+00	9.684617e+01
5.260000e-06	1.465114e-06	8.636201e-10	7.920825e+00	9.522261e+01
5.270000e-06	1.405239e-06	8.484349e-10	7.597125e+00	9.357684e+01
5.280000e-06	1.345279e-06	8.317030e-10	7.272967e+00	9.190704e+01
5.290000e-06	1.285271e-06	8.141816e-10	6.948543e+00	9.021123e+01
5.300000e-06	1.225235e-06	7.965720e-10	6.623974e+00	8.848729e+01
5.310000e-06	1.165191e-06	7.795467e-10	6.299358e+00	8.673294e+01
5.320000e-06	1.105119e-06	7.637602e-10	5.974590e+00	8.494586e+01
5.330000e-06	1.045119e-06	7.489590e-10	5.650214e+00	8.312361e+01
5.340000e-06	9.850359e-07	7.336506e-10	5.325387e+00	8.126377e+01
5.350000e-06	9.247834e-07	7.159911e-10	4.999645e+00	7.936391e+01
5.360000e-06	8.645299e-07	6.963715e-10	4.673897e+00	7.742166e+01
5.370000e-06	8.042582e-07	6.773418e-10	4.348051e+00	7.543474e+01
5.380000e-06	7.439147e-07	6.591594e-10	4.021817e+00	7.340097e+01
5.390000e-06	6.835490e-07	6.404719e-10	3.695462e+00	7.131838e+01
5.400000e-06	6.230995e-07	6.208698e-10	3.368655e+00	6.918517e+01
5.410000e-06	5.625355e-07	6.007628e-10	3.041229e+00	6.699978e+01
5.420000e-06	5.019804e-07	5.809469e-10	2.713850e+00	6.476095e+01
5.430000e-06	4.414438e-07	5.609237e-10	2.386572e+00	6.246769e+01
5.440000e-06	3.808956e-07	5.399636e-10	2.059231e+00	6.011933e+01
5.450000e-06	3.203597e-07	5.176789e-10	1.731957e+00	5.771555e+01
5.460000e-06	2.598222e-07	4.953232e-10	1.404674e+00	5.525642e+01
5.470000e-06	1.991775e-07	4.737105e-10	1.076811e+00	5.274234e+01
5.480000e-06	1.384911e-07	4.515583e-10	7.487228e-01	5.017412e+01
5.490000e-06	7.787142e-08	4.283794e-10	4.209953e-01	4.755294e+01
5.500000e-06	1.737164e-08	4.039678e-10	9.391607e-02	4.488035e+01
5.510000e-06	-4.312968e-08	3.790328e-10	-2.331714e-01	4.215830e+01
5.520000e-06	-1.036689e-07	3.547454e-10	-5.604641e-01	3.938906e+01
5.530000e-06	-1.642080e-07	3.309826e-10	-8.877555e-01	3.657528e+01
5.540000e-06	-2.247321e-07	3.074036e-10	-1.214966e+00	3.371988e+01
5.550000e-06	-2.852573e-07	2.832611e-10	-1.542183e+00	3.082610e+01
5.560000e-06	-3.458858e-07	2.577738e-10	-1.869958e+00	2.789745e+01
5.570000e-06	-4.064813e-07	2.309728e-10	-2.197555e+00	2.493764e+01
5.580000e-06	-4.669827e-07	2.032130e-10	-2.524642e+00	2.195059e+01
5.590000e-06	-5.275041e-07	1.756341e-10	-2.851839e+00	1.894036e+01
5.600000e-06	-5.880809e-07	1.490403e-10	-3.179334e+00	1.591113e+01
5.610000e-06	-6.485656e-07	1.231399e-10	-3.506332e+00	1.286717e+01
5.620000e-06	-7.088763e-07	9.720344e-11	-3.832389e+00	9.812774e+00
5.630000e-06	-7.691182e-07	7.079952e-11	-4.158074e+00	6.752222e+00
5.640000e-06	-8.293370e-07	4.387072e-11	-4.483634e+00	3.689762e+00
5.650000e-06	-8.895235e-07	1.673109e-11	-4.809020e+00	6.295615e-01
5.660000e-06	-9.497062e-07	-1.030629e-11	-5.134385e+00	-2.424330e+00
5.670000e-06	-1.009906e-06	-3.669088e-11	-5.459842e+00	-5.468009e+00
5.680000e-06	-1.070079e-06	-6.194922e-11	-5.785153e+00	-8.497751e+00
5.690000e-06	-1.130123e-06	-8.676797e-11	-6.109772e+00	-1.151003e+01
5.700000e-06	-1.190077e-06	-1.126882e-10	-6.433896e+00	-1.450156e+01
5.710000e-06	-1.250056e-06	-1.388316e-10	-6.758160e+00	-1.746929e+01
5.720000e-06	-1.310051e-06	-1.636683e-10	-7.082514e+00	-2.041042e+01
5.730000e-06	-1.370047e-06	-1.878814e-10	-7.406868e+00	-2.332244e+01
5.740000e-06	-1.429963e-06	-2.115786e-10	-7.730790e+00	-2.620312e+01
5.750000e-06	-1.489710e-06	-2.356223e-10	-8.053803e+00	-2.905050e+01
5.760000e-06	-1.549308e-06	-2.611665e-10	-8.376002e+00	-3.186291e+01
5.770000e-06	-1.608792e-06	-2.874593e-10	-8.697592e+00	-3.463896e+01
5.780000e-06	-1.668190e-06	-3.136516e-10	-9.018715e+00	-3.737752e+01
5.790000e-06	-1.727499e-06	-3.393536e-10	-9.339356e+00	-4.007774e+01
5.800000e-06	-1.786731e-06	-3.643557e-10	-9.659580e+00	-4.273899e+01
5.810000e-06	-1.845906e-06	-3.879980e-10	-9.979501e+00	-4.536090e+01
5.820000e-06	-1.904932e-06	-4.101293e-10	-1.029861e+01	-4.794331e+01
5.830000e-06	-1.963646e-06	-4.330125e-10	-1.061603e+01	-5.048624e+01
5.840000e-06	-2.022124e-06	-4.573992e-10	-1.093218e+01	-5.298989e+01
5.850000e-06	-2.080503e-06	-4.809693e-10	-1.124780e+01	-5.545463e+01
5.860000e-06	-2.138803e-06	-5.026465e-10	-1.156298e+01	-5.788095e+01
5.870000e-06	-2.196922e-06	-5.238175e-10	-1.187719e+01	-6.026944e+01
5.880000e-06	-2.254860e-06	-5.449578e-10	-1.219042e+01	-6.262081e+01
5.890000e-06	-2.312603e-06	-5.658618e-10	-1.250260e+01	-6.493581e+01
5.900000e-06	-2.370086e-06	-5.879505e-10	-1.281336e+01	-6.721525e+01
5.910000e-06	-2.427411e-06	-6.102960e-10	-1.312328e+01	-6.945997e+01
5.920000e-06	-2.484527e-06	-6.312807e-10	-1.343206e+01	-7.167084e+01
5.930000e-06	-2.541398e-06	-6.523991e-10	-1.373953e+01	-7.384871e+01
5.940000e-06	-2.598117e-06	-6.742626e-10	-1.404617e+01	-7.599443e+01
5.950000e-06	-2.654741e-06	-6.955463e-10	-1.435229e+01	-7.810880e+01
5.960000e-06	-2.711206e-06	-7.152898e-10	-1.465756e+01	-8.019262e+01
5.970000e-06	-2.767554e-06	-7.339301e-10	-1.496219e+01	-8.224661e+01
5.980000e-06	-2.823826e-06	-7.527989e-10	-1.526641e+01	-8.427148e+01
5.990000e-06	-2.879964e-06	-7.722885e-10	-1.556991e+01	-8.626786e+01
6.000000e-06	-2.935940e-06	-7.912464e-10	-1.587254e+01	-8.823633e+01
6.010000e-06	-2.991674e-06	-8.085291e-10	-1.617385e+01	-9.017741e+01
6.020000e-06	-3.047259e-06	-8.243918e-10	-1.647436e+01	-9.209158e+01
6.030000e-06	-3.102686e-06	-8.405866e-10	-1.677401e+01	-9.397926e+01
6.040000e-06	-3.157773e-06	-8.579045e-10	-1.707183e+01	-9.584082e+01
6.050000e-06	-3.212470e-06	-8.749660e-10	-1.736754e+01	-9.767658e+01
6.060000e-06	-3.266849e-06	-8.916943e-10	-1.766152e+01	-9.948682e+01
6.070000e-06	-3.320884e-06	-9.084604e-10	-1.795365e+01	-1.012718e+02
6.080000e-06	-3.374552e-06	-9.247027e-10	-1.824380e+01	-1.030317e+02
6.090000e-06	-3.427863e-06	-9.413675e-10	-1.853201e+01	-1.047668e+02
6.100000e-06	-3.480773e-06	-9.578495e-10	-1.881806e+01	-1.064772e+02
6.110000e-06	-3.533346e-06	-9.730539e-10	-1.910228e+01	-1.081631e+02
6.120000e-06	-3.585697e-06	-9.881442e-10	-1.938531e+01	-1.098246e+02
6.130000e-06	-3.637833e-06	-1.003188e-09	-1.966717e+01	-1.114620e+02
6.140000e-06	-3.689650e-06	-1.018069e-09	-1.994731e+01	-1.130753e+02
6.150000e-06	-3.741123e-06	-1.032981e-09	-2.022559e+01	-1.146647e+02
6.160000e-06	-3.792198e-06	-1.047477e-09	-2.050171e+01	-1.162305e+02
6.170000e-06	-3.842993e-06	-1.061339e-09	-2.077632e+01	-1.177728e+02
6.180000e-06	-3.893580e-06	-1.074394e-09	-2.104981e+01	-1.192918e+02
6.190000e-06	-3.943955e-06	-1.087446e-09	-2.132215e+01	-1.207878e+02
6.200000e-06	-3.994169e-06	-1.101195e-09	-2.159363e+01	-1.222609e+02
6.210000e-06	-4.044010e-06	-1.114495e-09	-2.186308e+01	-1.237114e+02
6.220000e-06	-4.093401e-06	-1.126570e-09	-2.213010e+01	-1.251396e+02
6.230000e-06	-4.142314e-06	-1.137643e-09	-2.239454e+01	-1.265457e+02
6.240000e-06	-4.190611e-06	-1.148795e-09	-2.265565e+01	-1.279301e+02
6.250000e-06	-4.238430e-06	-1.161345e-09	-2.291417e+01	-1.292930e+02
6.260000e-06	-4.285970e-06	-1.174498e-09	-2.317118e+01	-1.306347e+02
6.270000e-06	-4.333223e-06	-1.186502e-09	-2.342665e+01	-1.319556e+02
6.280000e-06	-4.380216e-06	-1.197544e-09	-2.368070e+01	-1.332559e+02
6.290000e-06	-4.426933e-06	-1.209177e-09	-2.393327e+01	-1.345360e+02
6.300000e-06	-4.473394e-06	-1.221697e-09	-2.418445e+01	-1.357960e+02
6.310000e-06	-4.519676e-06	-1.233423e-09	-2.443467e+01	-1.370364e+02
6.320000e-06	-4.565770e-06	-1.243549e-09	-2.468386e+01	-1.382574e+02
6.330000e-06	-4.611625e-06	-1.253520e-09	-2.493177e+01	-1.394592e+02
6.340000e-06	-4.656986e-06	-1.264488e-09	-2.517701e+01	-1.406421e+02
6.350000e-06	-4.701846e-06	-1.275187e-09	-2.541953e+01	-1.418064e+02
6.360000e-06	-4.746468e-06	-1.284653e-09	-2.566077e+01	-1.429522e+02
6.370000e-06	-4.790856e-06	-1.294439e-09	-2.590074e+01	-1.440797e+02
6.380000e-06	-4.835003e-06	-1.305079e-09	-2.613941e+01	-1.451892e+02
6.390000e-06	-4.879000e-06	-1.315345e-09	-2.637728e+01	-1.462808e+02
6.400000e-06	-4.922864e-06	-1.324871e-09	-2.661442e+01	-1.473546e+02
6.410000e-06	-4.966386e-06	-1.334236e-09	-2.684971e+01	-1.484107e+02
6.420000e-06	-5.009504e-06	-1.343189e-09	-2.708282e+01	-1.494494e+02
6.430000e-06	-5.052221e-06	-1.351699e-09	-2.731376e+01	-1.504706e+02
6.440000e-06	-5.094525e-06	-1.360691e-09	-2.754246e+01	-1.514745e+02
6.450000e-06	-5.136485e-06	-1.370331e-09	-2.776931e+01	-1.524611e+02
6.460000e-06	-5.178075e-06	-1.379587e-09	-2.799416e+01	-1.534306e+02
6.470000e-06	-5.219185e-06	-1.388202e-09	-2.821642e+01	-1.543829e+02
6.480000e-06	-5.259885e-06	-1.396280e-09	-2.843645e+01	-1.553182e+02
6.490000e-06	-5.300313e-06	-1.404028e-09	-2.865502e+01	-1.562366e+02
6.500000e-06	-5.340545e-06	-1.412191e-09	-2.887252e+01	-1.571380e+02
6.510000e-06	-5.380651e-06	-1.420723e-09	-2.908934e+01	-1.580227e+02
6.520000e-06	-5.420523e-06	-1.428585e-09	-2.930491e+01	-1.588906e+02
6.530000e-06	-5.460081e-06	-1.434700e-09	-2.951877e+01	-1.597419e+02
6.540000e-06	-5.499081e-06	-1.440675e-09	-2.972961e+01	-1.605767e+02
6.550000e-06	-5.537360e-06	-1.448567e-09	-2.993656e+01	-1.613951e+02
6.560000e-06	-5.574804e-06	-1.457040e-09	-3.013900e+01	-1.621973e+02
6.570000e-06	-5.611660e-06	-1.464321e-09	-3.033825e+01	-1.629833e+02
6.580000e-06	-5.648204e-06	-1.470970e-09	-3.053581e+01	-1.637535e+02
6.590000e-06	-5.684445e-06	-1.477911e-09	-3.073175e+01	-1.645080e+02
6.600000e-06	-5.720463e-06	-1.484953e-09	-3.092646e+01	-1.652470e+02
6.610000e-06	-5.756230e-06	-1.490719e-09	-3.111983e+01	-1.659709e+02
6.620000e-06	-5.791578e-06	-1.495655e-09	-3.131093e+01	-1.666797e+02
6.630000e-06	-5.826453e-06	-1.501431e-09	-3.149948e+01	-1.673739e+02
6.640000e-06	-5.860948e-06	-1.507354e-09	-3.168597e+01	-1.680537e+02
6.650000e-06	-5.895083e-06	-1.512744e-09	-3.187051e+01	-1.687196e+02
6.660000e-06	-5.928526e-06	-1.517647e-09	-3.205131e+01	-1.693717e+02
6.670000e-06	-5.961432e-06	-1.522294e-09	-3.222922e+01	-1.700106e+02
6.680000e-06	-5.994181e-06	-1.527024e-09	-3.240626e+01	-1.706365e+02
6.690000e-06	-6.026684e-06	-1.532612e-09	-3.258198e+01	-1.712498e+02
6.700000e-06	-6.058852e-06	-1.538313e-09	-3.275589e+01	-1.718511e+02
6.710000e-06	-6.090618e-06	-1.543278e-09	-3.292763e+01	-1.724406e+02
6.720000e-06	-6.122035e-06	-1.547976e-09	-3.309748e+01	-1.730189e+02
6.730000e-06	-6.152915e-06	-1.551806e-09	-3.326443e+01	-1.735863e+02
6.740000e-06	-6.183040e-06	-1.554215e-09	-3.342729e+01	-1.741432e+02
6.750000e-06	-6.212422e-06	-1.557221e-09	-3.358614e+01	-1.746901e+02
6.760000e-06	-6.241283e-06	-1.561524e-09	-3.374217e+01	-1.752274e+02
6.770000e-06	-6.269807e-06	-1.565193e-09	-3.389638e+01	-1.757555e+02
6.780000e-06	-6.298075e-06	-1.568578e-09	-3.404921e+01	-1.762748e+02
6.790000e-06	-6.325949e-06	-1.572248e-09	-3.419990e+01	-1.767857e+02
6.800000e-06	-6.353331e-06	-1.575285e-09	-3.434794e+01	-1.772885e+02
6.810000e-06	-6.380253e-06	-1.577526e-09	-3.449348e+01	-1.777836e+02
6.820000e-06	-6.406732e-06	-1.579205e-09	-3.463664e+01	-1.782712e+02
6.830000e-06	-6.432634e-06	-1.581116e-09	-3.477667e+01	-1.787518e+02
6.840000e-06	-6.458009e-06	-1.584184e-09	-3.491386e+01	-1.792256e+02
6.850000e-06	-6.482885e-06	-1.586642e-09	-3.504834e+01	-1.796927e+02
6.860000e-06	-6.507368e-06	-1.588281e-09	-3.518070e+01	-1.801534e+02
6.870000e-06	-6.531693e-06	-1.590339e-09	-3.531221e+01	-1.806080e+02
6.880000e-06	-6.555799e-06	-1.593697e-09	-3.544253e+01	-1.810565e+02
6.890000e-06	-6.579519e-06	-1.598901e-09	-3.557077e+01	-1.814991e+02
6.900000e-06	-6.602559e-06	-1.603414e-09	-3.569533e+01	-1.819358e+02
6.910000e-06	-6.624707e-06	-1.605748e-09	-3.581507e+01	-1.823667e+02
6.920000e-06	-6.645978e-06	-1.607161e-09	-3.593007e+01	-1.827918e+02
6.930000e-06	-6.666646e-06	-1.608875e-09	-3.604180e+01	-1.832111e+02
6.940000e-06	-6.687003e-06	-1.611534e-09	-3.615186e+01	-1.836247e+02
6.950000e-06	-6.707173e-06	-1.614183e-09	-3.626090e+01	-1.840323e+02
6.960000e-06	-6.727011e-06	-1.616876e-09	-3.636816e+01	-1.844340e+02
6.970000e-06	-6.746414e-06	-1.620681e-09	-3.647305e+01	-1.848297e+02
6.980000e-06	-6.765324e-06	-1.624708e-09	-3.657528e+01	-1.852192e+02
6.990000e-06	-6.783708e-06	-1.627815e-09	-3.667467e+01	-1.856023e+02
7.000000e-06	-6.801635e-06	-1.629609e-09	-3.677160e+01	-1.859790e+02
7.010000e-06	-6.819160e-06	-1.630472e-09	-3.686634e+01	-1.863491e+02
7.020000e-06	-6.836147e-06	-1.631948e-09	-3.695817e+01	-1.867123e+02
7.030000e-06	-6.852604e-06	-1.634605e-09	-3.704715e+01	-1.870686e+02
7.040000e-06	-6.868842e-06	-1.637604e-09	-3.713493e+01	-1.874177e+02
7.050000e-06	-6.884921e-06	-1.640021e-09	-3.722186e+01	-1.877594e+02
7.060000e-06	-6.900493e-06	-1.641944e-09	-3.730605e+01	-1.880936e+02
7.070000e-06	-6.915161e-06	-1.643989e-09	-3.738535e+01	-1.884201e+02
7.080000e-06	-6.928927e-06	-1.646029e-09	-3.745977e+01	-1.887386e+02
7.090000e-06	-6.942062e-06	-1.648408e-09	-3.753078e+01	-1.890491e+02
7.100000e-06	-6.954696e-06	-1.651065e-09	-3.759909e+01	-1.893514e+02
7.110000e-06	-6.966867e-06	-1.653254e-09	-3.766489e+01	-1.896452e+02
7.120000e-06	-6.978542e-06	-1.655499e-09	-3.772800e+01	-1.899305e+02
7.130000e-06	-6.989701e-06	-1.658345e-09	-3.778833e+01	-1.902071e+02
7.140000e-06	-7.000319e-06	-1.660113e-09	-3.784573e+01	-1.904748e+02
7.150000e-06	-7.010483e-06	-1.660547e-09	-3.790069e+01	-1.907335e+02
7.160000e-06	-7.020061e-06	-1.661250e-09	-3.795247e+01	-1.909831e+02
7.170000e-06	-7.029055e-06	-1.663173e-09	-3.800109e+01	-1.912234e+02
7.180000e-06	-7.037637e-06	-1.665782e-09	-3.804749e+01	-1.914542e+02
7.190000e-06	-7.045900e-06	-1.666973e-09	-3.809216e+01	-1.916756e+02
7.200000e-06	-7.053964e-06	-1.667263e-09	-3.813576e+01	-1.918872e+02
7.210000e-06	-7.061597e-06	-1.667673e-09	-3.817702e+01	-1.920890e+02
7.220000e-06	-7.068561e-06	-1.667111e-09	-3.821468e+01	-1.922808e+02
7.230000e-06	-7.074658e-06	-1.666314e-09	-3.824764e+01	-1.924626e+02
7.240000e-06	-7.079931e-06	-1.665987e-09	-3.827614e+01	-1.926340e+02
7.250000e-06	-7.084615e-06	-1.666485e-09	-3.830147e+01	-1.927951e+02
7.260000e-06	-7.088913e-06	-1.667687e-09	-3.832470e+01	-1.929455e+02
7.270000e-06	-7.092980e-06	-1.668797e-09	-3.834669e+01	-1.930853e+02
7.280000e-06	-7.096613e-06	-1.669984e-09	-3.836633e+01	-1.932142e+02
7.290000e-06	-7.099660e-06	-1.670799e-09	-3.838280e+01	-1.933320e+02
7.300000e-06	-7.102283e-06	-1.671521e-09	-3.839698e+01	-1.934386e+02
7.310000e-06	-7.104545e-06	-1.672624e-09	-3.840921e+01	-1.935339e+02
7.320000e-06	-7.106394e-06	-1.673582e-09	-3.841921e+01	-1.936176e+02
7.330000e-06	-7.107554e-06	-1.674271e-09	-3.842548e+01	-1.936898e+02
7.340000e-06	-7.108070e-06	-1.674436e-09	-3.842827e+01	-1.937502e+02
