# Temperatura_=_20.0
# Concentracion g/m^3_=_7400.0
# C_Vs_to_Am_M_A/Vsm_=_116720831517.84952
# pendiente_HvsI_1/m_=_3716.3
# ordenada_HvsI_A/m_=_1297.0
# frecuencia_Hz_=_136109.907019171

Tiempo_(s)	Campo_(V.s)	Magnetizacion_(V.s)	Campo_(kA/m)	Magnetizacion_(A/m)
0.000000e+00	-7.103000e-06	-1.598069e-09	-3.842153e+01	-1.851610e+02
1.000000e-08	-7.103233e-06	-1.597132e-09	-3.842279e+01	-1.851685e+02
2.000000e-08	-7.103097e-06	-1.597616e-09	-3.842206e+01	-1.851662e+02
3.000000e-08	-7.102635e-06	-1.597683e-09	-3.841956e+01	-1.851544e+02
4.000000e-08	-7.101651e-06	-1.596220e-09	-3.841423e+01	-1.851334e+02
5.000000e-08	-7.099850e-06	-1.594647e-09	-3.840449e+01	-1.851034e+02
6.000000e-08	-7.097278e-06	-1.594026e-09	-3.839058e+01	-1.850649e+02
7.000000e-08	-7.094003e-06	-1.593282e-09	-3.837287e+01	-1.850179e+02
8.000000e-08	-7.090263e-06	-1.595026e-09	-3.835263e+01	-1.849630e+02
9.000000e-08	-7.086174e-06	-1.602547e-09	-3.833052e+01	-1.849005e+02
1.000000e-07	-7.081393e-06	-1.589571e-09	-3.830465e+01	-1.848306e+02
1.100000e-07	-7.075786e-06	-1.542404e-09	-3.827433e+01	-1.847538e+02
1.200000e-07	-7.069829e-06	-1.552978e-09	-3.824210e+01	-1.846703e+02
1.300000e-07	-7.063723e-06	-1.643891e-09	-3.820907e+01	-1.845807e+02
1.400000e-07	-7.057237e-06	-1.646818e-09	-3.817399e+01	-1.844852e+02
1.500000e-07	-7.050206e-06	-1.527638e-09	-3.813596e+01	-1.843841e+02
1.600000e-07	-7.042716e-06	-1.516847e-09	-3.809544e+01	-1.842779e+02
1.700000e-07	-7.034906e-06	-1.654098e-09	-3.805320e+01	-1.841669e+02
1.800000e-07	-7.026785e-06	-1.644196e-09	-3.800927e+01	-1.840514e+02
1.900000e-07	-7.018060e-06	-1.470315e-09	-3.796207e+01	-1.839317e+02
2.000000e-07	-7.008486e-06	-1.487463e-09	-3.791029e+01	-1.838081e+02
2.100000e-07	-6.998278e-06	-1.680387e-09	-3.785507e+01	-1.836808e+02
2.200000e-07	-6.987621e-06	-1.651549e-09	-3.779742e+01	-1.835501e+02
2.300000e-07	-6.976243e-06	-1.462717e-09	-3.773588e+01	-1.834161e+02
2.400000e-07	-6.964095e-06	-1.500840e-09	-3.767017e+01	-1.832791e+02
2.500000e-07	-6.951510e-06	-1.649564e-09	-3.760209e+01	-1.831391e+02
2.600000e-07	-6.938343e-06	-1.578280e-09	-3.753087e+01	-1.829962e+02
2.700000e-07	-6.924525e-06	-1.472591e-09	-3.745613e+01	-1.828505e+02
2.800000e-07	-6.910235e-06	-1.569239e-09	-3.737883e+01	-1.827020e+02
2.900000e-07	-6.895267e-06	-1.619489e-09	-3.729786e+01	-1.825505e+02
3.000000e-07	-6.879439e-06	-1.510761e-09	-3.721224e+01	-1.823961e+02
3.100000e-07	-6.863017e-06	-1.514133e-09	-3.712341e+01	-1.822385e+02
3.200000e-07	-6.846252e-06	-1.604056e-09	-3.703273e+01	-1.820776e+02
3.300000e-07	-6.829094e-06	-1.532057e-09	-3.693992e+01	-1.819133e+02
3.400000e-07	-6.811471e-06	-1.473390e-09	-3.684459e+01	-1.817451e+02
3.500000e-07	-6.793440e-06	-1.593922e-09	-3.674706e+01	-1.815730e+02
3.600000e-07	-6.774934e-06	-1.607222e-09	-3.664696e+01	-1.813965e+02
3.700000e-07	-6.755935e-06	-1.462539e-09	-3.654419e+01	-1.812153e+02
3.800000e-07	-6.736519e-06	-1.487999e-09	-3.643916e+01	-1.810291e+02
3.900000e-07	-6.716712e-06	-1.604701e-09	-3.633202e+01	-1.808375e+02
4.000000e-07	-6.696543e-06	-1.531368e-09	-3.622293e+01	-1.806402e+02
4.100000e-07	-6.675862e-06	-1.459076e-09	-3.611106e+01	-1.804368e+02
4.200000e-07	-6.654664e-06	-1.552859e-09	-3.599639e+01	-1.802270e+02
4.300000e-07	-6.633045e-06	-1.567324e-09	-3.587945e+01	-1.800103e+02
4.400000e-07	-6.611050e-06	-1.481795e-09	-3.576048e+01	-1.797866e+02
4.500000e-07	-6.588518e-06	-1.511403e-09	-3.563860e+01	-1.795554e+02
4.600000e-07	-6.565381e-06	-1.550310e-09	-3.551344e+01	-1.793165e+02
4.700000e-07	-6.541888e-06	-1.485507e-09	-3.538636e+01	-1.790696e+02
4.800000e-07	-6.518058e-06	-1.489805e-09	-3.525747e+01	-1.788147e+02
4.900000e-07	-6.493879e-06	-1.551284e-09	-3.512668e+01	-1.785514e+02
5.000000e-07	-6.469206e-06	-1.506480e-09	-3.499321e+01	-1.782797e+02
5.100000e-07	-6.443918e-06	-1.462569e-09	-3.485643e+01	-1.779995e+02
5.200000e-07	-6.417910e-06	-1.509599e-09	-3.471575e+01	-1.777107e+02
5.300000e-07	-6.391177e-06	-1.509919e-09	-3.457114e+01	-1.774133e+02
5.400000e-07	-6.363901e-06	-1.466174e-09	-3.442360e+01	-1.771075e+02
5.500000e-07	-6.336175e-06	-1.483885e-09	-3.427363e+01	-1.767932e+02
5.600000e-07	-6.308154e-06	-1.498552e-09	-3.412205e+01	-1.764706e+02
5.700000e-07	-6.279859e-06	-1.470465e-09	-3.396900e+01	-1.761397e+02
5.800000e-07	-6.251130e-06	-1.471064e-09	-3.381360e+01	-1.758009e+02
5.900000e-07	-6.221944e-06	-1.482025e-09	-3.365573e+01	-1.754543e+02
6.000000e-07	-6.192324e-06	-1.462313e-09	-3.349550e+01	-1.750999e+02
6.100000e-07	-6.162336e-06	-1.457748e-09	-3.333329e+01	-1.747382e+02
6.200000e-07	-6.132006e-06	-1.469138e-09	-3.316923e+01	-1.743692e+02
6.300000e-07	-6.101212e-06	-1.460301e-09	-3.300266e+01	-1.739932e+02
6.400000e-07	-6.070015e-06	-1.451833e-09	-3.283391e+01	-1.736104e+02
6.500000e-07	-6.038488e-06	-1.452341e-09	-3.266337e+01	-1.732208e+02
6.600000e-07	-6.006656e-06	-1.444949e-09	-3.249119e+01	-1.728247e+02
6.700000e-07	-5.974471e-06	-1.440878e-09	-3.231710e+01	-1.724221e+02
6.800000e-07	-5.941802e-06	-1.441520e-09	-3.214038e+01	-1.720131e+02
6.900000e-07	-5.908322e-06	-1.434454e-09	-3.195928e+01	-1.715977e+02
7.000000e-07	-5.874042e-06	-1.429154e-09	-3.177385e+01	-1.711759e+02
7.100000e-07	-5.839238e-06	-1.426749e-09	-3.158559e+01	-1.707477e+02
7.200000e-07	-5.803999e-06	-1.418310e-09	-3.139498e+01	-1.703130e+02
7.300000e-07	-5.768510e-06	-1.413776e-09	-3.120301e+01	-1.698715e+02
7.400000e-07	-5.732813e-06	-1.413456e-09	-3.100992e+01	-1.694231e+02
7.500000e-07	-5.696844e-06	-1.406383e-09	-3.081536e+01	-1.689675e+02
7.600000e-07	-5.660593e-06	-1.401258e-09	-3.061927e+01	-1.685045e+02
7.700000e-07	-5.623893e-06	-1.401436e-09	-3.042075e+01	-1.680337e+02
7.800000e-07	-5.586628e-06	-1.395605e-09	-3.021918e+01	-1.675549e+02
7.900000e-07	-5.548960e-06	-1.386247e-09	-3.001542e+01	-1.670676e+02
8.000000e-07	-5.510961e-06	-1.380681e-09	-2.980988e+01	-1.665716e+02
8.100000e-07	-5.472390e-06	-1.375219e-09	-2.960124e+01	-1.660663e+02
8.200000e-07	-5.433273e-06	-1.370382e-09	-2.938965e+01	-1.655514e+02
8.300000e-07	-5.393909e-06	-1.368178e-09	-2.917672e+01	-1.650266e+02
8.400000e-07	-5.354389e-06	-1.363672e-09	-2.896295e+01	-1.644915e+02
8.500000e-07	-5.314630e-06	-1.356458e-09	-2.874789e+01	-1.639458e+02
8.600000e-07	-5.274550e-06	-1.350850e-09	-2.853109e+01	-1.633892e+02
8.700000e-07	-5.234136e-06	-1.345974e-09	-2.831248e+01	-1.628215e+02
8.800000e-07	-5.193371e-06	-1.339856e-09	-2.809197e+01	-1.622424e+02
8.900000e-07	-5.152123e-06	-1.332970e-09	-2.786885e+01	-1.616517e+02
9.000000e-07	-5.110248e-06	-1.326447e-09	-2.764234e+01	-1.610495e+02
9.100000e-07	-5.067728e-06	-1.321478e-09	-2.741234e+01	-1.604356e+02
9.200000e-07	-5.024608e-06	-1.316590e-09	-2.717910e+01	-1.598100e+02
9.300000e-07	-4.981141e-06	-1.309594e-09	-2.694398e+01	-1.591730e+02
9.400000e-07	-4.937426e-06	-1.301291e-09	-2.670752e+01	-1.585244e+02
9.500000e-07	-4.893432e-06	-1.293447e-09	-2.646954e+01	-1.578647e+02
9.600000e-07	-4.849137e-06	-1.287603e-09	-2.622994e+01	-1.571939e+02
9.700000e-07	-4.804494e-06	-1.282512e-09	-2.598846e+01	-1.565124e+02
9.800000e-07	-4.759553e-06	-1.276364e-09	-2.574537e+01	-1.558205e+02
9.900000e-07	-4.714312e-06	-1.269411e-09	-2.550064e+01	-1.551186e+02
1.000000e-06	-4.668693e-06	-1.262803e-09	-2.525388e+01	-1.544070e+02
1.010000e-06	-4.622706e-06	-1.257092e-09	-2.500513e+01	-1.536860e+02
1.020000e-06	-4.576366e-06	-1.251123e-09	-2.475447e+01	-1.529561e+02
1.030000e-06	-4.529762e-06	-1.244432e-09	-2.450238e+01	-1.522177e+02
1.040000e-06	-4.482892e-06	-1.237678e-09	-2.424885e+01	-1.514710e+02
1.050000e-06	-4.435704e-06	-1.231943e-09	-2.399360e+01	-1.507164e+02
1.060000e-06	-4.388262e-06	-1.226918e-09	-2.373698e+01	-1.499541e+02
1.070000e-06	-4.340606e-06	-1.221353e-09	-2.347919e+01	-1.491845e+02
1.080000e-06	-4.292654e-06	-1.214473e-09	-2.321981e+01	-1.484076e+02
1.090000e-06	-4.244455e-06	-1.207023e-09	-2.295909e+01	-1.476235e+02
1.100000e-06	-4.195975e-06	-1.200090e-09	-2.269686e+01	-1.468322e+02
1.110000e-06	-4.147218e-06	-1.193328e-09	-2.243312e+01	-1.460338e+02
1.120000e-06	-4.098074e-06	-1.186509e-09	-2.216729e+01	-1.452279e+02
1.130000e-06	-4.048225e-06	-1.179084e-09	-2.189765e+01	-1.444145e+02
1.140000e-06	-3.997860e-06	-1.170630e-09	-2.162522e+01	-1.435932e+02
1.150000e-06	-3.947161e-06	-1.164022e-09	-2.135097e+01	-1.427636e+02
1.160000e-06	-3.896157e-06	-1.158001e-09	-2.107508e+01	-1.419252e+02
1.170000e-06	-3.844761e-06	-1.149999e-09	-2.079707e+01	-1.410775e+02
1.180000e-06	-3.793006e-06	-1.141809e-09	-2.051712e+01	-1.402198e+02
1.190000e-06	-3.741051e-06	-1.134489e-09	-2.023608e+01	-1.393516e+02
1.200000e-06	-3.688744e-06	-1.127134e-09	-1.995314e+01	-1.384721e+02
1.210000e-06	-3.636124e-06	-1.118985e-09	-1.966851e+01	-1.375805e+02
1.220000e-06	-3.583306e-06	-1.110489e-09	-1.938281e+01	-1.366761e+02
1.230000e-06	-3.530254e-06	-1.101719e-09	-1.909584e+01	-1.357581e+02
1.240000e-06	-3.477020e-06	-1.093706e-09	-1.880789e+01	-1.348257e+02
1.250000e-06	-3.423396e-06	-1.086770e-09	-1.851783e+01	-1.338783e+02
1.260000e-06	-3.369372e-06	-1.079901e-09	-1.822560e+01	-1.329150e+02
1.270000e-06	-3.315232e-06	-1.071453e-09	-1.793274e+01	-1.319351e+02
1.280000e-06	-3.260939e-06	-1.061494e-09	-1.763906e+01	-1.309381e+02
1.290000e-06	-3.206380e-06	-1.052427e-09	-1.734394e+01	-1.299235e+02
1.300000e-06	-3.151597e-06	-1.044672e-09	-1.704761e+01	-1.288906e+02
1.310000e-06	-3.096734e-06	-1.036073e-09	-1.675085e+01	-1.278391e+02
1.320000e-06	-3.041717e-06	-1.026072e-09	-1.645325e+01	-1.267688e+02
1.330000e-06	-2.986398e-06	-1.016602e-09	-1.615402e+01	-1.256794e+02
1.340000e-06	-2.930859e-06	-1.007752e-09	-1.585359e+01	-1.245707e+02
1.350000e-06	-2.875184e-06	-9.982235e-10	-1.555244e+01	-1.234428e+02
1.360000e-06	-2.819325e-06	-9.877827e-10	-1.525029e+01	-1.222957e+02
1.370000e-06	-2.763340e-06	-9.770948e-10	-1.494745e+01	-1.211296e+02
1.380000e-06	-2.707340e-06	-9.673897e-10	-1.464454e+01	-1.199447e+02
1.390000e-06	-2.651220e-06	-9.586435e-10	-1.434097e+01	-1.187413e+02
1.400000e-06	-2.594850e-06	-9.496745e-10	-1.403606e+01	-1.175198e+02
1.410000e-06	-2.538253e-06	-9.392192e-10	-1.372991e+01	-1.162805e+02
1.420000e-06	-2.481496e-06	-9.276411e-10	-1.342290e+01	-1.150240e+02
1.430000e-06	-2.424507e-06	-9.178353e-10	-1.311464e+01	-1.137505e+02
1.440000e-06	-2.367265e-06	-9.094080e-10	-1.280500e+01	-1.124606e+02
1.450000e-06	-2.309742e-06	-8.995352e-10	-1.249385e+01	-1.111547e+02
1.460000e-06	-2.251962e-06	-8.879359e-10	-1.218131e+01	-1.098331e+02
1.470000e-06	-2.193965e-06	-8.755064e-10	-1.186759e+01	-1.084961e+02
1.480000e-06	-2.135662e-06	-8.636019e-10	-1.155222e+01	-1.071440e+02
1.490000e-06	-2.077044e-06	-8.525059e-10	-1.123514e+01	-1.057767e+02
1.500000e-06	-2.018101e-06	-8.410806e-10	-1.091631e+01	-1.043945e+02
1.510000e-06	-1.958911e-06	-8.290234e-10	-1.059614e+01	-1.029970e+02
1.520000e-06	-1.899598e-06	-8.167307e-10	-1.027530e+01	-1.015841e+02
1.530000e-06	-1.840212e-06	-8.055595e-10	-9.954073e+00	-1.001553e+02
1.540000e-06	-1.780742e-06	-7.952203e-10	-9.632384e+00	-9.870997e+01
1.550000e-06	-1.721170e-06	-7.837958e-10	-9.310150e+00	-9.724744e+01
1.560000e-06	-1.661490e-06	-7.707978e-10	-8.987330e+00	-9.576675e+01
1.570000e-06	-1.601716e-06	-7.571216e-10	-8.664001e+00	-9.426681e+01
1.580000e-06	-1.541905e-06	-7.445820e-10	-8.340468e+00	-9.274638e+01
1.590000e-06	-1.482050e-06	-7.327474e-10	-8.016703e+00	-9.120404e+01
1.600000e-06	-1.422143e-06	-7.197882e-10	-7.692651e+00	-8.963825e+01
1.610000e-06	-1.362217e-06	-7.061044e-10	-7.368500e+00	-8.804732e+01
1.620000e-06	-1.302191e-06	-6.929548e-10	-7.043810e+00	-8.642948e+01
1.630000e-06	-1.242132e-06	-6.801262e-10	-6.718936e+00	-8.478282e+01
1.640000e-06	-1.182023e-06	-6.668853e-10	-6.393798e+00	-8.310541e+01
1.650000e-06	-1.121753e-06	-6.524889e-10	-6.067783e+00	-8.139524e+01
1.660000e-06	-1.061488e-06	-6.373017e-10	-5.741797e+00	-7.965029e+01
1.670000e-06	-1.001260e-06	-6.227869e-10	-5.416012e+00	-7.786855e+01
1.680000e-06	-9.409231e-07	-6.082683e-10	-5.089639e+00	-7.604805e+01
1.690000e-06	-8.805019e-07	-5.926964e-10	-4.762809e+00	-7.418688e+01
1.700000e-06	-8.200538e-07	-5.771578e-10	-4.435833e+00	-7.228323e+01
1.710000e-06	-7.595048e-07	-5.622421e-10	-4.108312e+00	-7.033542e+01
1.720000e-06	-6.988867e-07	-5.477130e-10	-3.780416e+00	-6.834192e+01
1.730000e-06	-6.382278e-07	-5.329703e-10	-3.452300e+00	-6.630138e+01
1.740000e-06	-5.774851e-07	-5.169698e-10	-3.123731e+00	-6.421266e+01
1.750000e-06	-5.167421e-07	-4.995441e-10	-2.795160e+00	-6.207485e+01
1.760000e-06	-4.559883e-07	-4.822656e-10	-2.466531e+00	-5.988729e+01
1.770000e-06	-3.950801e-07	-4.651791e-10	-2.137067e+00	-5.764959e+01
1.780000e-06	-3.341220e-07	-4.470478e-10	-1.807332e+00	-5.536165e+01
1.790000e-06	-2.732278e-07	-4.280340e-10	-1.477943e+00	-5.302366e+01
1.800000e-06	-2.124061e-07	-4.082656e-10	-1.148947e+00	-5.063611e+01
1.810000e-06	-1.516167e-07	-3.879995e-10	-8.201247e-01	-4.819981e+01
1.820000e-06	-9.077978e-08	-3.674470e-10	-4.910458e-01	-4.571588e+01
1.830000e-06	-2.993915e-08	-3.465749e-10	-1.619468e-01	-4.318573e+01
1.840000e-06	3.085858e-08	-3.251139e-10	1.669202e-01	-4.061109e+01
1.850000e-06	9.162817e-08	-3.032282e-10	4.956349e-01	-3.799397e+01
1.860000e-06	1.524735e-07	-2.817327e-10	8.247594e-01	-3.533665e+01
1.870000e-06	2.134011e-07	-2.599845e-10	1.154329e+00	-3.264168e+01
1.880000e-06	2.743218e-07	-2.368853e-10	1.483861e+00	-2.991183e+01
1.890000e-06	3.351815e-07	-2.129874e-10	1.813063e+00	-2.715011e+01
1.900000e-06	3.960428e-07	-1.893865e-10	2.142274e+00	-2.435969e+01
1.910000e-06	4.568227e-07	-1.658183e-10	2.471044e+00	-2.154394e+01
1.920000e-06	5.174330e-07	-1.422400e-10	2.798898e+00	-1.870633e+01
1.930000e-06	5.780934e-07	-1.191065e-10	3.127021e+00	-1.585044e+01
1.940000e-06	6.388337e-07	-9.553790e-11	3.455578e+00	-1.297994e+01
1.950000e-06	6.994700e-07	-7.056671e-11	3.783572e+00	-1.009852e+01
1.960000e-06	7.600240e-07	-4.489028e-11	4.111120e+00	-7.209900e+00
1.970000e-06	8.206017e-07	-2.016640e-11	4.438797e+00	-4.317766e+00
1.980000e-06	8.811406e-07	2.917154e-12	4.766264e+00	-1.425760e+00
1.990000e-06	9.416345e-07	2.588437e-11	5.093487e+00	1.462553e+00
2.000000e-06	1.002002e-06	4.943866e-11	5.420025e+00	4.343714e+00
2.010000e-06	1.062199e-06	7.302902e-11	5.745645e+00	7.214393e+00
2.020000e-06	1.122341e-06	9.697489e-11	6.070966e+00	1.007141e+01
2.030000e-06	1.182455e-06	1.211032e-10	6.396134e+00	1.291176e+01
2.040000e-06	1.242533e-06	1.445447e-10	6.721108e+00	1.573262e+01
2.050000e-06	1.302518e-06	1.666971e-10	7.045576e+00	1.853137e+01
2.060000e-06	1.362414e-06	1.879321e-10	7.369569e+00	2.130563e+01
2.070000e-06	1.422291e-06	2.092047e-10	7.693454e+00	2.405321e+01
2.080000e-06	1.482115e-06	2.310980e-10	8.017051e+00	2.677218e+01
2.090000e-06	1.541857e-06	2.530190e-10	8.340209e+00	2.946082e+01
2.100000e-06	1.601541e-06	2.748545e-10	8.663053e+00	3.211765e+01
2.110000e-06	1.661161e-06	2.972249e-10	8.985550e+00	3.474144e+01
2.120000e-06	1.720784e-06	3.192061e-10	9.308060e+00	3.733116e+01
2.130000e-06	1.780397e-06	3.397607e-10	9.630522e+00	3.988602e+01
2.140000e-06	1.839877e-06	3.595602e-10	9.952257e+00	4.240543e+01
2.150000e-06	1.899203e-06	3.789747e-10	1.027316e+01	4.488901e+01
2.160000e-06	1.958413e-06	3.985418e-10	1.059344e+01	4.733655e+01
2.170000e-06	2.017477e-06	4.181349e-10	1.091293e+01	4.974802e+01
2.180000e-06	2.076333e-06	4.371626e-10	1.123129e+01	5.212356e+01
2.190000e-06	2.134885e-06	4.558320e-10	1.154802e+01	5.446344e+01
2.200000e-06	2.193166e-06	4.739657e-10	1.186327e+01	5.676804e+01
2.210000e-06	2.251215e-06	4.920016e-10	1.217727e+01	5.903788e+01
2.220000e-06	2.308953e-06	5.101620e-10	1.248959e+01	6.127354e+01
2.230000e-06	2.366345e-06	5.270742e-10	1.280003e+01	6.347570e+01
2.240000e-06	2.423317e-06	5.430658e-10	1.310820e+01	6.564507e+01
2.250000e-06	2.480033e-06	5.594384e-10	1.341499e+01	6.778244e+01
2.260000e-06	2.536590e-06	5.757229e-10	1.372092e+01	6.988858e+01
2.270000e-06	2.592971e-06	5.917696e-10	1.402589e+01	7.196432e+01
2.280000e-06	2.649199e-06	6.074447e-10	1.433004e+01	7.401047e+01
2.290000e-06	2.705240e-06	6.227665e-10	1.463318e+01	7.602782e+01
2.300000e-06	2.761208e-06	6.378450e-10	1.493592e+01	7.801715e+01
2.310000e-06	2.817087e-06	6.530417e-10	1.523818e+01	7.997922e+01
2.320000e-06	2.872778e-06	6.689202e-10	1.553942e+01	8.191473e+01
2.330000e-06	2.928188e-06	6.846741e-10	1.583915e+01	8.382437e+01
2.340000e-06	2.983410e-06	6.999363e-10	1.613786e+01	8.570875e+01
2.350000e-06	3.038544e-06	7.148632e-10	1.643609e+01	8.756843e+01
2.360000e-06	3.093485e-06	7.289041e-10	1.673327e+01	8.940395e+01
2.370000e-06	3.148237e-06	7.419914e-10	1.702943e+01	9.121576e+01
2.380000e-06	3.202693e-06	7.542964e-10	1.732400e+01	9.300427e+01
2.390000e-06	3.256913e-06	7.670600e-10	1.761729e+01	9.476983e+01
2.400000e-06	3.311067e-06	7.817525e-10	1.791022e+01	9.651273e+01
2.410000e-06	3.365020e-06	7.969333e-10	1.820206e+01	9.823325e+01
2.420000e-06	3.418620e-06	8.106903e-10	1.849199e+01	9.993156e+01
2.430000e-06	3.471965e-06	8.233326e-10	1.878055e+01	1.016078e+02
2.440000e-06	3.525188e-06	8.356240e-10	1.906844e+01	1.032622e+02
2.450000e-06	3.578143e-06	8.481121e-10	1.935488e+01	1.048948e+02
2.460000e-06	3.630804e-06	8.607392e-10	1.963974e+01	1.065056e+02
2.470000e-06	3.683192e-06	8.732042e-10	1.992311e+01	1.080946e+02
2.480000e-06	3.735229e-06	8.856888e-10	2.020459e+01	1.096620e+02
2.490000e-06	3.786942e-06	8.983911e-10	2.048432e+01	1.112076e+02
2.500000e-06	3.838388e-06	9.116167e-10	2.076260e+01	1.127315e+02
2.510000e-06	3.889544e-06	9.245681e-10	2.103932e+01	1.142337e+02
2.520000e-06	3.940262e-06	9.363390e-10	2.131365e+01	1.157140e+02
2.530000e-06	3.990582e-06	9.475607e-10	2.158585e+01	1.171726e+02
2.540000e-06	4.040588e-06	9.594779e-10	2.185634e+01	1.186094e+02
2.550000e-06	4.090100e-06	9.708422e-10	2.212416e+01	1.200243e+02
2.560000e-06	4.139130e-06	9.810649e-10	2.238937e+01	1.214174e+02
2.570000e-06	4.187788e-06	9.914332e-10	2.265257e+01	1.227887e+02
2.580000e-06	4.236052e-06	1.002323e-09	2.291365e+01	1.241383e+02
2.590000e-06	4.284029e-06	1.013626e-09	2.317316e+01	1.254660e+02
2.600000e-06	4.331822e-06	1.024671e-09	2.343168e+01	1.267720e+02
2.610000e-06	4.379373e-06	1.035209e-09	2.368889e+01	1.280565e+02
2.620000e-06	4.426601e-06	1.044889e-09	2.394436e+01	1.293193e+02
2.630000e-06	4.473475e-06	1.054021e-09	2.419791e+01	1.305607e+02
2.640000e-06	4.519980e-06	1.063804e-09	2.444947e+01	1.317808e+02
2.650000e-06	4.566173e-06	1.074073e-09	2.469933e+01	1.329796e+02
2.660000e-06	4.611920e-06	1.083461e-09	2.494679e+01	1.341574e+02
2.670000e-06	4.657387e-06	1.091964e-09	2.519273e+01	1.353143e+02
2.680000e-06	4.702776e-06	1.100485e-09	2.543825e+01	1.364504e+02
2.690000e-06	4.747810e-06	1.109481e-09	2.568184e+01	1.375660e+02
2.700000e-06	4.792391e-06	1.118155e-09	2.592299e+01	1.386612e+02
2.710000e-06	4.836708e-06	1.126247e-09	2.616271e+01	1.397362e+02
2.720000e-06	4.880812e-06	1.135244e-09	2.640128e+01	1.407913e+02
2.730000e-06	4.924705e-06	1.144784e-09	2.663870e+01	1.418266e+02
2.740000e-06	4.968408e-06	1.154289e-09	2.687510e+01	1.428424e+02
2.750000e-06	5.011971e-06	1.163115e-09	2.711074e+01	1.438388e+02
2.760000e-06	5.055239e-06	1.170853e-09	2.734479e+01	1.448162e+02
2.770000e-06	5.097823e-06	1.178423e-09	2.757514e+01	1.457748e+02
2.780000e-06	5.139609e-06	1.186587e-09	2.780116e+01	1.467147e+02
2.790000e-06	5.180780e-06	1.195309e-09	2.802386e+01	1.476362e+02
2.800000e-06	5.221513e-06	1.203350e-09	2.824420e+01	1.485396e+02
2.810000e-06	5.261825e-06	1.210882e-09	2.846225e+01	1.494251e+02
2.820000e-06	5.301805e-06	1.218699e-09	2.867851e+01	1.502929e+02
2.830000e-06	5.341550e-06	1.226732e-09	2.889350e+01	1.511434e+02
2.840000e-06	5.381061e-06	1.234350e-09	2.910722e+01	1.519766e+02
2.850000e-06	5.420265e-06	1.240897e-09	2.931928e+01	1.527930e+02
2.860000e-06	5.459118e-06	1.246495e-09	2.952945e+01	1.535927e+02
2.870000e-06	5.497638e-06	1.252240e-09	2.973781e+01	1.543760e+02
2.880000e-06	5.535699e-06	1.259275e-09	2.994369e+01	1.551432e+02
2.890000e-06	5.573322e-06	1.266732e-09	3.014720e+01	1.558946e+02
2.900000e-06	5.610575e-06	1.273468e-09	3.034871e+01	1.566304e+02
2.910000e-06	5.647427e-06	1.279869e-09	3.054805e+01	1.573510e+02
2.920000e-06	5.683896e-06	1.286602e-09	3.074532e+01	1.580566e+02
2.930000e-06	5.719960e-06	1.293751e-09	3.094040e+01	1.587476e+02
2.940000e-06	5.755777e-06	1.300852e-09	3.113414e+01	1.594243e+02
2.950000e-06	5.791327e-06	1.306926e-09	3.132643e+01	1.600869e+02
2.960000e-06	5.826535e-06	1.312559e-09	3.151688e+01	1.607360e+02
2.970000e-06	5.861385e-06	1.318904e-09	3.170539e+01	1.613718e+02
2.980000e-06	5.895680e-06	1.325412e-09	3.189090e+01	1.619947e+02
2.990000e-06	5.929161e-06	1.330808e-09	3.207200e+01	1.626051e+02
3.000000e-06	5.961906e-06	1.335029e-09	3.224913e+01	1.632033e+02
3.010000e-06	5.994241e-06	1.339777e-09	3.242404e+01	1.637898e+02
3.020000e-06	6.026245e-06	1.345606e-09	3.259715e+01	1.643650e+02
3.030000e-06	6.057965e-06	1.352182e-09	3.276873e+01	1.649293e+02
3.040000e-06	6.089334e-06	1.359094e-09	3.293841e+01	1.654830e+02
3.050000e-06	6.120267e-06	1.364941e-09	3.310574e+01	1.660267e+02
3.060000e-06	6.150885e-06	1.369725e-09	3.327135e+01	1.665607e+02
3.070000e-06	6.181049e-06	1.375297e-09	3.343451e+01	1.670855e+02
3.080000e-06	6.210619e-06	1.380608e-09	3.359446e+01	1.676014e+02
3.090000e-06	6.239782e-06	1.385361e-09	3.375222e+01	1.681090e+02
3.100000e-06	6.268482e-06	1.391005e-09	3.390746e+01	1.686085e+02
3.110000e-06	6.296717e-06	1.396752e-09	3.406019e+01	1.691003e+02
3.120000e-06	6.324704e-06	1.401777e-09	3.421158e+01	1.695849e+02
3.130000e-06	6.352459e-06	1.406109e-09	3.436171e+01	1.700625e+02
3.140000e-06	6.379879e-06	1.410378e-09	3.451003e+01	1.705335e+02
3.150000e-06	6.406870e-06	1.414312e-09	3.465603e+01	1.709983e+02
3.160000e-06	6.433244e-06	1.418321e-09	3.479869e+01	1.714570e+02
3.170000e-06	6.458770e-06	1.423456e-09	3.493676e+01	1.719099e+02
3.180000e-06	6.483494e-06	1.428568e-09	3.507050e+01	1.723572e+02
3.190000e-06	6.507704e-06	1.432439e-09	3.520146e+01	1.727992e+02
3.200000e-06	6.531604e-06	1.434752e-09	3.533074e+01	1.732359e+02
3.210000e-06	6.555181e-06	1.437160e-09	3.545827e+01	1.736675e+02
3.220000e-06	6.578343e-06	1.441576e-09	3.558356e+01	1.740940e+02
3.230000e-06	6.601017e-06	1.447623e-09	3.570621e+01	1.745155e+02
3.240000e-06	6.623139e-06	1.453472e-09	3.582587e+01	1.749320e+02
3.250000e-06	6.644846e-06	1.457224e-09	3.594329e+01	1.753434e+02
3.260000e-06	6.666159e-06	1.459254e-09	3.605857e+01	1.757498e+02
3.270000e-06	6.686910e-06	1.462173e-09	3.617082e+01	1.761508e+02
3.280000e-06	6.707210e-06	1.466378e-09	3.628063e+01	1.765465e+02
3.290000e-06	6.727213e-06	1.470332e-09	3.638883e+01	1.769367e+02
3.300000e-06	6.746886e-06	1.474646e-09	3.649524e+01	1.773211e+02
3.310000e-06	6.766140e-06	1.479617e-09	3.659939e+01	1.776996e+02
3.320000e-06	6.784901e-06	1.484636e-09	3.670087e+01	1.780718e+02
3.330000e-06	6.803147e-06	1.489097e-09	3.679957e+01	1.784376e+02
3.340000e-06	6.820753e-06	1.491693e-09	3.689480e+01	1.787966e+02
3.350000e-06	6.837851e-06	1.493573e-09	3.698729e+01	1.791485e+02
3.360000e-06	6.854647e-06	1.496637e-09	3.707814e+01	1.794931e+02
3.370000e-06	6.871069e-06	1.500747e-09	3.716697e+01	1.798300e+02
3.380000e-06	6.887044e-06	1.504990e-09	3.725339e+01	1.801589e+02
3.390000e-06	6.902366e-06	1.508275e-09	3.733626e+01	1.804795e+02
3.400000e-06	6.917037e-06	1.511018e-09	3.741562e+01	1.807914e+02
3.410000e-06	6.931183e-06	1.514436e-09	3.749214e+01	1.810944e+02
3.420000e-06	6.944794e-06	1.518183e-09	3.756577e+01	1.813882e+02
3.430000e-06	6.957894e-06	1.521033e-09	3.763663e+01	1.816725e+02
3.440000e-06	6.970385e-06	1.522866e-09	3.770419e+01	1.819470e+02
3.450000e-06	6.982319e-06	1.525657e-09	3.776874e+01	1.822114e+02
3.460000e-06	6.993909e-06	1.529685e-09	3.783144e+01	1.824655e+02
3.470000e-06	7.004963e-06	1.533265e-09	3.789123e+01	1.827092e+02
3.480000e-06	7.015198e-06	1.535790e-09	3.794660e+01	1.829422e+02
3.490000e-06	7.024611e-06	1.537278e-09	3.799751e+01	1.831643e+02
3.500000e-06	7.033326e-06	1.539489e-09	3.804465e+01	1.833753e+02
3.510000e-06	7.041524e-06	1.543448e-09	3.808900e+01	1.835752e+02
3.520000e-06	7.049348e-06	1.547768e-09	3.813132e+01	1.837639e+02
3.530000e-06	7.056853e-06	1.550947e-09	3.817191e+01	1.839412e+02
3.540000e-06	7.063941e-06	1.552281e-09	3.821025e+01	1.841071e+02
3.550000e-06	7.070455e-06	1.552786e-09	3.824549e+01	1.842616e+02
3.560000e-06	7.076406e-06	1.555208e-09	3.827768e+01	1.844046e+02
3.570000e-06	7.081894e-06	1.559222e-09	3.830737e+01	1.845362e+02
3.580000e-06	7.086896e-06	1.561467e-09	3.833442e+01	1.846563e+02
3.590000e-06	7.091359e-06	1.561373e-09	3.835856e+01	1.847651e+02
3.600000e-06	7.095448e-06	1.562840e-09	3.838068e+01	1.848625e+02
3.610000e-06	7.099260e-06	1.566560e-09	3.840130e+01	1.849487e+02
3.620000e-06	7.102735e-06	1.569438e-09	3.842010e+01	1.850238e+02
3.630000e-06	7.105715e-06	1.570858e-09	3.843622e+01	1.850879e+02
3.640000e-06	7.107923e-06	1.571270e-09	3.844816e+01	1.851412e+02
3.650000e-06	7.109300e-06	1.571812e-09	3.845561e+01	1.851837e+02
3.660000e-06	7.109972e-06	1.573119e-09	3.845925e+01	1.852158e+02
3.670000e-06	7.110112e-06	1.574632e-09	3.846000e+01	1.852375e+02
3.680000e-06	7.109923e-06	1.574650e-09	3.845898e+01	1.852491e+02
3.690000e-06	7.109445e-06	1.573360e-09	3.845639e+01	1.852509e+02
3.700000e-06	7.108523e-06	1.574090e-09	3.845141e+01	1.852431e+02
3.710000e-06	7.107043e-06	1.577144e-09	3.844340e+01	1.852259e+02
3.720000e-06	7.105068e-06	1.579255e-09	3.843272e+01	1.851996e+02
3.730000e-06	7.102694e-06	1.579296e-09	3.841987e+01	1.851646e+02
3.740000e-06	7.099834e-06	1.578319e-09	3.840441e+01	1.851211e+02
3.750000e-06	7.096412e-06	1.568763e-09	3.838590e+01	1.850695e+02
3.760000e-06	7.092472e-06	1.557649e-09	3.836458e+01	1.850101e+02
3.770000e-06	7.087938e-06	1.596915e-09	3.834006e+01	1.849432e+02
3.780000e-06	7.082542e-06	1.653408e-09	3.831087e+01	1.848693e+02
3.790000e-06	7.076349e-06	1.579839e-09	3.827737e+01	1.847886e+02
3.800000e-06	7.069853e-06	1.477282e-09	3.824223e+01	1.847015e+02
3.810000e-06	7.063231e-06	1.556410e-09	3.820641e+01	1.846084e+02
3.820000e-06	7.056168e-06	1.680129e-09	3.816821e+01	1.845096e+02
3.830000e-06	7.048401e-06	1.597180e-09	3.812619e+01	1.844055e+02
3.840000e-06	7.040139e-06	1.456395e-09	3.808151e+01	1.842965e+02
3.850000e-06	7.031628e-06	1.568717e-09	3.803547e+01	1.841828e+02
3.860000e-06	7.022635e-06	1.738226e-09	3.798682e+01	1.840648e+02
3.870000e-06	7.012950e-06	1.594467e-09	3.793443e+01	1.839428e+02
3.880000e-06	7.002805e-06	1.392863e-09	3.787956e+01	1.838170e+02
3.890000e-06	6.992290e-06	1.552239e-09	3.782268e+01	1.836877e+02
3.900000e-06	6.981250e-06	1.755226e-09	3.776296e+01	1.835551e+02
3.910000e-06	6.969589e-06	1.585818e-09	3.769989e+01	1.834194e+02
3.920000e-06	6.957441e-06	1.419799e-09	3.763417e+01	1.832806e+02
3.930000e-06	6.944762e-06	1.615069e-09	3.756559e+01	1.831389e+02
3.940000e-06	6.931237e-06	1.719999e-09	3.749243e+01	1.829944e+02
3.950000e-06	6.916793e-06	1.494892e-09	3.741430e+01	1.828470e+02
3.960000e-06	6.901840e-06	1.454824e-09	3.733342e+01	1.826968e+02
3.970000e-06	6.886436e-06	1.685582e-09	3.725009e+01	1.825436e+02
3.980000e-06	6.870396e-06	1.655516e-09	3.716333e+01	1.823874e+02
3.990000e-06	6.853968e-06	1.455792e-09	3.707447e+01	1.822279e+02
4.000000e-06	6.837193e-06	1.565029e-09	3.698373e+01	1.820650e+02
4.010000e-06	6.819931e-06	1.697377e-09	3.689035e+01	1.818985e+02
4.020000e-06	6.802120e-06	1.513341e-09	3.679401e+01	1.817281e+02
4.030000e-06	6.783800e-06	1.458044e-09	3.669491e+01	1.815534e+02
4.040000e-06	6.765032e-06	1.672392e-09	3.659340e+01	1.813742e+02
4.050000e-06	6.745845e-06	1.644659e-09	3.648961e+01	1.811902e+02
4.060000e-06	6.726255e-06	1.453831e-09	3.638364e+01	1.810009e+02
4.070000e-06	6.706255e-06	1.555481e-09	3.627546e+01	1.808060e+02
4.080000e-06	6.685885e-06	1.671225e-09	3.616528e+01	1.806052e+02
4.090000e-06	6.665173e-06	1.516186e-09	3.605324e+01	1.803981e+02
4.100000e-06	6.644040e-06	1.488566e-09	3.593893e+01	1.801844e+02
4.110000e-06	6.622169e-06	1.640185e-09	3.582062e+01	1.799636e+02
4.120000e-06	6.599434e-06	1.585535e-09	3.569765e+01	1.797356e+02
4.130000e-06	6.576013e-06	1.486138e-09	3.557096e+01	1.794999e+02
4.140000e-06	6.552132e-06	1.586463e-09	3.544178e+01	1.792564e+02
4.150000e-06	6.527987e-06	1.602467e-09	3.531117e+01	1.790049e+02
4.160000e-06	6.503457e-06	1.494672e-09	3.517848e+01	1.787451e+02
4.170000e-06	6.478493e-06	1.541393e-09	3.504345e+01	1.784769e+02
4.180000e-06	6.453083e-06	1.606900e-09	3.490600e+01	1.782002e+02
4.190000e-06	6.427226e-06	1.531702e-09	3.476614e+01	1.779150e+02
4.200000e-06	6.400934e-06	1.522473e-09	3.462392e+01	1.776213e+02
4.210000e-06	6.374103e-06	1.579500e-09	3.447879e+01	1.773190e+02
4.220000e-06	6.346739e-06	1.540096e-09	3.433076e+01	1.770082e+02
4.230000e-06	6.318933e-06	1.514248e-09	3.418036e+01	1.766890e+02
4.240000e-06	6.290807e-06	1.556697e-09	3.402822e+01	1.763616e+02
4.250000e-06	6.262413e-06	1.544892e-09	3.387463e+01	1.760261e+02
4.260000e-06	6.233592e-06	1.520564e-09	3.371873e+01	1.756827e+02
4.270000e-06	6.204204e-06	1.543337e-09	3.355977e+01	1.753315e+02
4.280000e-06	6.174276e-06	1.538484e-09	3.339788e+01	1.749729e+02
4.290000e-06	6.143789e-06	1.519245e-09	3.323297e+01	1.746069e+02
4.300000e-06	6.112658e-06	1.527603e-09	3.306457e+01	1.742338e+02
4.310000e-06	6.080975e-06	1.523483e-09	3.289320e+01	1.738538e+02
4.320000e-06	6.048897e-06	1.516345e-09	3.271968e+01	1.734670e+02
4.330000e-06	6.016512e-06	1.524098e-09	3.254450e+01	1.730736e+02
4.340000e-06	5.983895e-06	1.513624e-09	3.236807e+01	1.726737e+02
4.350000e-06	5.950746e-06	1.503720e-09	3.218876e+01	1.722674e+02
4.360000e-06	5.916989e-06	1.511540e-09	3.200616e+01	1.718547e+02
4.370000e-06	5.882909e-06	1.504230e-09	3.182182e+01	1.714356e+02
4.380000e-06	5.848466e-06	1.497380e-09	3.163551e+01	1.710101e+02
4.390000e-06	5.813504e-06	1.506916e-09	3.144639e+01	1.705781e+02
4.400000e-06	5.778121e-06	1.498957e-09	3.125500e+01	1.701394e+02
4.410000e-06	5.742456e-06	1.486748e-09	3.106208e+01	1.696939e+02
4.420000e-06	5.706493e-06	1.494645e-09	3.086755e+01	1.692414e+02
4.430000e-06	5.670272e-06	1.491546e-09	3.067162e+01	1.687815e+02
4.440000e-06	5.633801e-06	1.477297e-09	3.047434e+01	1.683140e+02
4.450000e-06	5.596888e-06	1.478751e-09	3.027468e+01	1.678386e+02
4.460000e-06	5.559334e-06	1.481374e-09	3.007154e+01	1.673549e+02
4.470000e-06	5.521202e-06	1.473444e-09	2.986527e+01	1.668626e+02
4.480000e-06	5.482483e-06	1.468411e-09	2.965583e+01	1.663612e+02
4.490000e-06	5.443207e-06	1.465962e-09	2.944338e+01	1.658504e+02
4.500000e-06	5.403484e-06	1.460534e-09	2.922851e+01	1.653297e+02
4.510000e-06	5.363378e-06	1.456598e-09	2.901157e+01	1.647990e+02
4.520000e-06	5.322997e-06	1.455553e-09	2.879315e+01	1.642578e+02
4.530000e-06	5.282343e-06	1.453204e-09	2.857324e+01	1.637057e+02
4.540000e-06	5.241358e-06	1.447692e-09	2.835154e+01	1.631427e+02
4.550000e-06	5.200053e-06	1.442154e-09	2.812812e+01	1.625683e+02
4.560000e-06	5.158387e-06	1.439990e-09	2.790274e+01	1.619825e+02
4.570000e-06	5.116274e-06	1.437550e-09	2.767494e+01	1.613851e+02
4.580000e-06	5.073800e-06	1.430649e-09	2.744519e+01	1.607761e+02
4.590000e-06	5.031083e-06	1.424378e-09	2.721413e+01	1.601554e+02
4.600000e-06	4.988049e-06	1.421760e-09	2.698135e+01	1.595231e+02
4.610000e-06	4.944604e-06	1.418400e-09	2.674634e+01	1.588793e+02
4.620000e-06	4.900837e-06	1.412885e-09	2.650960e+01	1.582242e+02
4.630000e-06	4.856799e-06	1.407624e-09	2.627138e+01	1.575580e+02
4.640000e-06	4.812572e-06	1.403040e-09	2.603215e+01	1.568810e+02
4.650000e-06	4.768176e-06	1.397277e-09	2.579200e+01	1.561934e+02
4.660000e-06	4.723452e-06	1.391085e-09	2.555009e+01	1.554956e+02
4.670000e-06	4.678279e-06	1.384847e-09	2.530574e+01	1.547880e+02
4.680000e-06	4.632804e-06	1.377310e-09	2.505975e+01	1.540709e+02
4.690000e-06	4.586983e-06	1.370066e-09	2.481190e+01	1.533447e+02
4.700000e-06	4.540715e-06	1.364705e-09	2.456162e+01	1.526097e+02
4.710000e-06	4.494155e-06	1.359838e-09	2.430977e+01	1.518665e+02
4.720000e-06	4.447328e-06	1.354003e-09	2.405648e+01	1.511151e+02
4.730000e-06	4.400313e-06	1.346921e-09	2.380216e+01	1.503561e+02
4.740000e-06	4.353005e-06	1.339257e-09	2.354627e+01	1.495895e+02
4.750000e-06	4.305270e-06	1.332850e-09	2.328806e+01	1.488156e+02
4.760000e-06	4.257180e-06	1.327202e-09	2.302793e+01	1.480345e+02
4.770000e-06	4.208788e-06	1.319816e-09	2.276616e+01	1.472462e+02
4.780000e-06	4.159998e-06	1.311661e-09	2.250225e+01	1.464508e+02
4.790000e-06	4.110746e-06	1.305644e-09	2.223584e+01	1.456481e+02
4.800000e-06	4.061140e-06	1.300457e-09	2.196751e+01	1.448378e+02
4.810000e-06	4.011207e-06	1.293838e-09	2.169741e+01	1.440199e+02
4.820000e-06	3.961030e-06	1.285947e-09	2.142600e+01	1.431938e+02
4.830000e-06	3.910553e-06	1.278085e-09	2.115295e+01	1.423591e+02
4.840000e-06	3.859735e-06	1.270806e-09	2.087807e+01	1.415153e+02
4.850000e-06	3.808615e-06	1.264255e-09	2.060155e+01	1.406619e+02
4.860000e-06	3.757248e-06	1.257199e-09	2.032369e+01	1.397982e+02
4.870000e-06	3.705688e-06	1.249539e-09	2.004480e+01	1.389235e+02
4.880000e-06	3.653808e-06	1.242278e-09	1.976417e+01	1.380370e+02
4.890000e-06	3.601684e-06	1.235415e-09	1.948222e+01	1.371380e+02
4.900000e-06	3.549376e-06	1.228585e-09	1.919928e+01	1.362258e+02
4.910000e-06	3.496693e-06	1.220903e-09	1.891431e+01	1.352995e+02
4.920000e-06	3.443536e-06	1.212799e-09	1.862676e+01	1.343585e+02
4.930000e-06	3.390061e-06	1.204018e-09	1.833751e+01	1.334019e+02
4.940000e-06	3.336297e-06	1.194911e-09	1.804669e+01	1.324290e+02
4.950000e-06	3.282218e-06	1.186624e-09	1.775417e+01	1.314392e+02
4.960000e-06	3.227832e-06	1.177912e-09	1.745998e+01	1.304320e+02
4.970000e-06	3.173085e-06	1.167798e-09	1.716385e+01	1.294068e+02
4.980000e-06	3.118007e-06	1.157898e-09	1.686592e+01	1.283631e+02
4.990000e-06	3.062597e-06	1.149492e-09	1.656619e+01	1.273007e+02
5.000000e-06	3.006885e-06	1.140818e-09	1.626484e+01	1.262192e+02
5.010000e-06	2.950980e-06	1.130727e-09	1.596244e+01	1.251186e+02
5.020000e-06	2.894915e-06	1.120298e-09	1.565917e+01	1.239987e+02
5.030000e-06	2.838650e-06	1.110467e-09	1.535482e+01	1.228596e+02
5.040000e-06	2.782281e-06	1.100678e-09	1.504991e+01	1.217014e+02
5.050000e-06	2.725801e-06	1.090255e-09	1.474440e+01	1.205243e+02
5.060000e-06	2.669154e-06	1.079968e-09	1.443798e+01	1.193286e+02
5.070000e-06	2.612406e-06	1.068810e-09	1.413102e+01	1.181146e+02
5.080000e-06	2.555495e-06	1.057299e-09	1.382318e+01	1.168827e+02
5.090000e-06	2.498353e-06	1.046815e-09	1.351408e+01	1.156333e+02
5.100000e-06	2.441081e-06	1.036371e-09	1.320429e+01	1.143668e+02
5.110000e-06	2.383790e-06	1.025233e-09	1.289439e+01	1.130838e+02
5.120000e-06	2.326282e-06	1.014138e-09	1.258332e+01	1.117845e+02
5.130000e-06	2.268585e-06	1.003030e-09	1.227122e+01	1.104694e+02
5.140000e-06	2.210629e-06	9.913117e-10	1.195773e+01	1.091388e+02
5.150000e-06	2.152375e-06	9.794335e-10	1.164262e+01	1.077929e+02
5.160000e-06	2.094092e-06	9.674333e-10	1.132736e+01	1.064320e+02
5.170000e-06	2.035706e-06	9.546711e-10	1.101154e+01	1.050560e+02
5.180000e-06	1.977156e-06	9.415109e-10	1.069483e+01	1.036649e+02
5.190000e-06	1.918421e-06	9.293089e-10	1.037712e+01	1.022585e+02
5.200000e-06	1.859449e-06	9.172249e-10	1.005812e+01	1.008363e+02
5.210000e-06	1.800363e-06	9.041855e-10	9.738517e+00	9.939799e+01
5.220000e-06	1.741250e-06	8.908498e-10	9.418766e+00	9.794275e+01
5.230000e-06	1.682021e-06	8.777606e-10	9.098385e+00	9.646976e+01
5.240000e-06	1.622642e-06	8.645012e-10	8.777193e+00	9.497799e+01
5.250000e-06	1.563048e-06	8.505288e-10	8.454837e+00	9.346626e+01
5.260000e-06	1.503364e-06	8.365752e-10	8.131995e+00	9.193324e+01
5.270000e-06	1.443612e-06	8.228184e-10	7.808784e+00	9.037742e+01
5.280000e-06	1.383739e-06	8.087675e-10	7.484920e+00	8.879719e+01
5.290000e-06	1.323848e-06	7.939869e-10	7.160958e+00	8.719079e+01
5.300000e-06	1.263875e-06	7.784787e-10	6.836551e+00	8.555639e+01
5.310000e-06	1.203788e-06	7.627022e-10	6.511526e+00	8.389204e+01
5.320000e-06	1.143632e-06	7.466968e-10	6.186130e+00	8.219577e+01
5.330000e-06	1.083512e-06	7.307344e-10	5.860929e+00	8.046556e+01
5.340000e-06	1.023383e-06	7.156000e-10	5.535682e+00	7.869940e+01
5.350000e-06	9.631856e-07	7.005061e-10	5.210061e+00	7.689529e+01
5.360000e-06	9.029900e-07	6.839823e-10	4.884452e+00	7.505130e+01
5.370000e-06	8.428296e-07	6.669414e-10	4.559032e+00	7.316557e+01
5.380000e-06	7.826124e-07	6.493637e-10	4.233305e+00	7.123637e+01
5.390000e-06	7.223127e-07	6.307026e-10	3.907132e+00	6.926209e+01
5.400000e-06	6.618661e-07	6.117130e-10	3.580164e+00	6.724131e+01
5.410000e-06	6.013264e-07	5.927986e-10	3.252693e+00	6.517279e+01
5.420000e-06	5.408691e-07	5.741472e-10	2.925668e+00	6.305554e+01
5.430000e-06	4.804723e-07	5.551519e-10	2.598969e+00	6.088878e+01
5.440000e-06	4.200679e-07	5.356808e-10	2.272230e+00	5.867201e+01
5.450000e-06	3.595263e-07	5.156230e-10	1.944749e+00	5.640501e+01
5.460000e-06	2.989014e-07	4.947744e-10	1.616817e+00	5.408783e+01
5.470000e-06	2.382943e-07	4.728651e-10	1.288981e+00	5.172086e+01
5.480000e-06	1.776680e-07	4.499674e-10	9.610414e-01	4.930477e+01
5.490000e-06	1.169867e-07	4.273725e-10	6.328040e-01	4.684053e+01
5.500000e-06	5.627555e-08	4.049375e-10	3.044056e-01	4.432946e+01
5.510000e-06	-4.414471e-09	3.817743e-10	-2.387875e-02	4.177313e+01
5.520000e-06	-6.502644e-08	3.579799e-10	-3.517409e-01	3.917346e+01
5.530000e-06	-1.256877e-07	3.341284e-10	-6.798697e-01	3.653260e+01
5.540000e-06	-1.863955e-07	3.102309e-10	-1.008250e+00	3.385300e+01
5.550000e-06	-2.469954e-07	2.864136e-10	-1.336047e+00	3.113734e+01
5.560000e-06	-3.074987e-07	2.624766e-10	-1.663321e+00	2.838853e+01
5.570000e-06	-3.679697e-07	2.383780e-10	-1.990421e+00	2.560968e+01
5.580000e-06	-4.285140e-07	2.143220e-10	-2.317917e+00	2.280407e+01
5.590000e-06	-4.890642e-07	1.894466e-10	-2.645445e+00	1.997515e+01
5.600000e-06	-5.495145e-07	1.639476e-10	-2.972432e+00	1.712644e+01
5.610000e-06	-6.098946e-07	1.387234e-10	-3.299041e+00	1.426159e+01
5.620000e-06	-6.702705e-07	1.131597e-10	-3.625625e+00	1.138427e+01
5.630000e-06	-7.306368e-07	8.728526e-11	-3.952159e+00	8.498212e+00
5.640000e-06	-7.909683e-07	6.165496e-11	-4.278504e+00	5.607103e+00
5.650000e-06	-8.512787e-07	3.575075e-11	-4.604735e+00	2.714613e+00
5.660000e-06	-9.115620e-07	9.688873e-12	-4.930819e+00	-1.756584e-01
5.670000e-06	-9.717971e-07	-1.602236e-11	-5.256643e+00	-3.060205e+00
5.680000e-06	-1.031892e-06	-4.148359e-11	-5.581709e+00	-5.935639e+00
5.690000e-06	-1.091911e-06	-6.637268e-11	-5.906365e+00	-8.798716e+00
5.700000e-06	-1.151896e-06	-9.147587e-11	-6.230833e+00	-1.164635e+01
5.710000e-06	-1.211846e-06	-1.168621e-10	-6.555115e+00	-1.447566e+01
5.720000e-06	-1.271838e-06	-1.412138e-10	-6.879626e+00	-1.728392e+01
5.730000e-06	-1.331797e-06	-1.645618e-10	-7.203953e+00	-2.006866e+01
5.740000e-06	-1.391642e-06	-1.872887e-10	-7.527668e+00	-2.282759e+01
5.750000e-06	-1.451367e-06	-2.105538e-10	-7.850731e+00	-2.555870e+01
5.760000e-06	-1.510920e-06	-2.345925e-10	-8.172863e+00	-2.826016e+01
5.770000e-06	-1.570319e-06	-2.591527e-10	-8.494165e+00	-3.093040e+01
5.780000e-06	-1.629606e-06	-2.842296e-10	-8.814860e+00	-3.356808e+01
5.790000e-06	-1.688784e-06	-3.092237e-10	-9.134965e+00	-3.617210e+01
5.800000e-06	-1.747862e-06	-3.339128e-10	-9.454529e+00	-3.874156e+01
5.810000e-06	-1.806824e-06	-3.574321e-10	-9.773467e+00	-4.127579e+01
5.820000e-06	-1.865781e-06	-3.795841e-10	-1.009238e+01	-4.377433e+01
5.830000e-06	-1.924573e-06	-4.014505e-10	-1.041040e+01	-4.623689e+01
5.840000e-06	-1.983159e-06	-4.239372e-10	-1.072730e+01	-4.866338e+01
5.850000e-06	-2.041635e-06	-4.466903e-10	-1.104361e+01	-5.105386e+01
5.860000e-06	-2.099931e-06	-4.688384e-10	-1.135894e+01	-5.340855e+01
5.870000e-06	-2.158163e-06	-4.904052e-10	-1.167393e+01	-5.572778e+01
5.880000e-06	-2.216213e-06	-5.121057e-10	-1.198793e+01	-5.801203e+01
5.890000e-06	-2.273963e-06	-5.333028e-10	-1.230032e+01	-6.026185e+01
5.900000e-06	-2.331460e-06	-5.532967e-10	-1.261133e+01	-6.247788e+01
5.910000e-06	-2.388823e-06	-5.730592e-10	-1.292162e+01	-6.466081e+01
5.920000e-06	-2.445993e-06	-5.927246e-10	-1.323086e+01	-6.681141e+01
5.930000e-06	-2.502839e-06	-6.123355e-10	-1.353835e+01	-6.893046e+01
5.940000e-06	-2.559578e-06	-6.323695e-10	-1.384526e+01	-7.101876e+01
5.950000e-06	-2.616309e-06	-6.522583e-10	-1.415213e+01	-7.307713e+01
5.960000e-06	-2.672978e-06	-6.715238e-10	-1.445866e+01	-7.510637e+01
5.970000e-06	-2.729528e-06	-6.907498e-10	-1.476456e+01	-7.710728e+01
5.980000e-06	-2.785924e-06	-7.099353e-10	-1.506961e+01	-7.908061e+01
5.990000e-06	-2.842107e-06	-7.285344e-10	-1.537352e+01	-8.102710e+01
6.000000e-06	-2.898059e-06	-7.464470e-10	-1.567617e+01	-8.294743e+01
6.010000e-06	-2.953817e-06	-7.637421e-10	-1.597778e+01	-8.484225e+01
6.020000e-06	-3.009484e-06	-7.800913e-10	-1.627890e+01	-8.671215e+01
6.030000e-06	-3.065098e-06	-7.964629e-10	-1.657972e+01	-8.855768e+01
6.040000e-06	-3.120464e-06	-8.135385e-10	-1.687921e+01	-9.037930e+01
6.050000e-06	-3.175413e-06	-8.300030e-10	-1.717644e+01	-9.217747e+01
6.060000e-06	-3.229944e-06	-8.459706e-10	-1.747140e+01	-9.395254e+01
6.070000e-06	-3.284138e-06	-8.617061e-10	-1.776455e+01	-9.570484e+01
6.080000e-06	-3.337934e-06	-8.772872e-10	-1.805555e+01	-9.743465e+01
6.090000e-06	-3.391247e-06	-8.933575e-10	-1.834392e+01	-9.914219e+01
6.100000e-06	-3.444150e-06	-9.097255e-10	-1.863009e+01	-1.008276e+02
6.110000e-06	-3.496856e-06	-9.255511e-10	-1.891519e+01	-1.024911e+02
6.120000e-06	-3.549410e-06	-9.406157e-10	-1.919946e+01	-1.041327e+02
6.130000e-06	-3.601713e-06	-9.555763e-10	-1.948238e+01	-1.057526e+02
6.140000e-06	-3.653708e-06	-9.702666e-10	-1.976363e+01	-1.073507e+02
6.150000e-06	-3.705306e-06	-9.845014e-10	-2.004273e+01	-1.089271e+02
6.160000e-06	-3.756602e-06	-9.989427e-10	-2.032020e+01	-1.104818e+02
6.170000e-06	-3.807667e-06	-1.014068e-09	-2.059642e+01	-1.120147e+02
6.180000e-06	-3.858466e-06	-1.028825e-09	-2.087121e+01	-1.135259e+02
6.190000e-06	-3.908965e-06	-1.042312e-09	-2.114437e+01	-1.150154e+02
6.200000e-06	-3.959184e-06	-1.055363e-09	-2.141601e+01	-1.164830e+02
6.210000e-06	-4.009114e-06	-1.068393e-09	-2.168609e+01	-1.179289e+02
6.220000e-06	-4.058712e-06	-1.081141e-09	-2.195438e+01	-1.193529e+02
6.230000e-06	-4.108017e-06	-1.093741e-09	-2.222108e+01	-1.207551e+02
6.240000e-06	-4.156815e-06	-1.105713e-09	-2.248503e+01	-1.221355e+02
6.250000e-06	-4.205094e-06	-1.117774e-09	-2.274619e+01	-1.234941e+02
6.260000e-06	-4.252931e-06	-1.130540e-09	-2.300494e+01	-1.248309e+02
6.270000e-06	-4.300302e-06	-1.142702e-09	-2.326119e+01	-1.261459e+02
6.280000e-06	-4.347405e-06	-1.154090e-09	-2.351597e+01	-1.274393e+02
6.290000e-06	-4.394257e-06	-1.166369e-09	-2.376941e+01	-1.287111e+02
6.300000e-06	-4.440906e-06	-1.179054e-09	-2.402174e+01	-1.299615e+02
6.310000e-06	-4.487312e-06	-1.190943e-09	-2.427276e+01	-1.311904e+02
6.320000e-06	-4.533439e-06	-1.202209e-09	-2.452227e+01	-1.323980e+02
6.330000e-06	-4.579302e-06	-1.212623e-09	-2.477035e+01	-1.335846e+02
6.340000e-06	-4.624693e-06	-1.222629e-09	-2.501588e+01	-1.347501e+02
6.350000e-06	-4.669668e-06	-1.232700e-09	-2.525916e+01	-1.358949e+02
6.360000e-06	-4.714354e-06	-1.242576e-09	-2.550087e+01	-1.370190e+02
6.370000e-06	-4.758819e-06	-1.251233e-09	-2.574140e+01	-1.381226e+02
6.380000e-06	-4.803111e-06	-1.259518e-09	-2.598098e+01	-1.392060e+02
6.390000e-06	-4.847225e-06	-1.268719e-09	-2.621960e+01	-1.402694e+02
6.400000e-06	-4.891081e-06	-1.278599e-09	-2.645682e+01	-1.413129e+02
6.410000e-06	-4.934673e-06	-1.288276e-09	-2.669262e+01	-1.423368e+02
6.420000e-06	-4.977943e-06	-1.296492e-09	-2.692668e+01	-1.433413e+02
6.430000e-06	-5.020759e-06	-1.303987e-09	-2.715828e+01	-1.443266e+02
6.440000e-06	-5.063172e-06	-1.312434e-09	-2.738770e+01	-1.452929e+02
6.450000e-06	-5.105256e-06	-1.321454e-09	-2.761534e+01	-1.462406e+02
6.460000e-06	-5.147095e-06	-1.329954e-09	-2.784165e+01	-1.471698e+02
6.470000e-06	-5.188520e-06	-1.338602e-09	-2.806573e+01	-1.480807e+02
6.480000e-06	-5.229470e-06	-1.347511e-09	-2.828724e+01	-1.489736e+02
6.490000e-06	-5.270119e-06	-1.355835e-09	-2.850712e+01	-1.498487e+02
6.500000e-06	-5.310526e-06	-1.362721e-09	-2.872569e+01	-1.507064e+02
6.510000e-06	-5.350725e-06	-1.368690e-09	-2.894313e+01	-1.515468e+02
6.520000e-06	-5.390723e-06	-1.375541e-09	-2.915949e+01	-1.523701e+02
6.530000e-06	-5.430471e-06	-1.381994e-09	-2.937449e+01	-1.531767e+02
6.540000e-06	-5.469804e-06	-1.387330e-09	-2.958725e+01	-1.539668e+02
6.550000e-06	-5.508408e-06	-1.393735e-09	-2.979607e+01	-1.547407e+02
6.560000e-06	-5.546330e-06	-1.400670e-09	-3.000120e+01	-1.554986e+02
6.570000e-06	-5.583746e-06	-1.406883e-09	-3.020359e+01	-1.562409e+02
6.580000e-06	-5.620639e-06	-1.412481e-09	-3.040315e+01	-1.569678e+02
6.590000e-06	-5.657095e-06	-1.417830e-09	-3.060035e+01	-1.576796e+02
6.600000e-06	-5.693228e-06	-1.423713e-09	-3.079579e+01	-1.583766e+02
6.610000e-06	-5.729057e-06	-1.429784e-09	-3.098960e+01	-1.590592e+02
6.620000e-06	-5.764469e-06	-1.435378e-09	-3.118115e+01	-1.597277e+02
6.630000e-06	-5.799445e-06	-1.440122e-09	-3.137034e+01	-1.603824e+02
6.640000e-06	-5.834102e-06	-1.444629e-09	-3.155781e+01	-1.610236e+02
6.650000e-06	-5.868420e-06	-1.449422e-09	-3.174344e+01	-1.616519e+02
6.660000e-06	-5.902394e-06	-1.453745e-09	-3.192722e+01	-1.622674e+02
6.670000e-06	-5.935960e-06	-1.457369e-09	-3.210878e+01	-1.628706e+02
6.680000e-06	-5.968984e-06	-1.461297e-09	-3.228741e+01	-1.634620e+02
6.690000e-06	-6.001567e-06	-1.465067e-09	-3.246366e+01	-1.640418e+02
6.700000e-06	-6.033862e-06	-1.469089e-09	-3.263835e+01	-1.646106e+02
6.710000e-06	-6.065915e-06	-1.473961e-09	-3.281173e+01	-1.651686e+02
6.720000e-06	-6.097632e-06	-1.477869e-09	-3.298330e+01	-1.657165e+02
6.730000e-06	-6.128859e-06	-1.481204e-09	-3.315221e+01	-1.662544e+02
6.740000e-06	-6.159281e-06	-1.484403e-09	-3.331677e+01	-1.667830e+02
6.750000e-06	-6.188866e-06	-1.487222e-09	-3.347680e+01	-1.673026e+02
6.760000e-06	-6.217921e-06	-1.491202e-09	-3.363396e+01	-1.678136e+02
6.770000e-06	-6.246531e-06	-1.496199e-09	-3.378872e+01	-1.683163e+02
6.780000e-06	-6.274760e-06	-1.500263e-09	-3.394142e+01	-1.688113e+02
6.790000e-06	-6.302706e-06	-1.503788e-09	-3.409259e+01	-1.692989e+02
6.800000e-06	-6.330340e-06	-1.507774e-09	-3.424206e+01	-1.697794e+02
6.810000e-06	-6.357552e-06	-1.512057e-09	-3.438926e+01	-1.702531e+02
6.820000e-06	-6.384257e-06	-1.515777e-09	-3.453371e+01	-1.707204e+02
6.830000e-06	-6.410501e-06	-1.519076e-09	-3.467567e+01	-1.711816e+02
6.840000e-06	-6.436378e-06	-1.522919e-09	-3.481564e+01	-1.716369e+02
6.850000e-06	-6.461749e-06	-1.526214e-09	-3.495288e+01	-1.720865e+02
6.860000e-06	-6.486555e-06	-1.528242e-09	-3.508706e+01	-1.725307e+02
6.870000e-06	-6.511030e-06	-1.529587e-09	-3.521945e+01	-1.729695e+02
6.880000e-06	-6.535247e-06	-1.531781e-09	-3.535045e+01	-1.734032e+02
6.890000e-06	-6.559187e-06	-1.535690e-09	-3.547994e+01	-1.738319e+02
6.900000e-06	-6.582763e-06	-1.540292e-09	-3.560747e+01	-1.742555e+02
6.910000e-06	-6.605695e-06	-1.543615e-09	-3.573151e+01	-1.746740e+02
6.920000e-06	-6.627747e-06	-1.545273e-09	-3.585080e+01	-1.750876e+02
6.930000e-06	-6.648967e-06	-1.547567e-09	-3.596558e+01	-1.754960e+02
6.940000e-06	-6.669663e-06	-1.550914e-09	-3.607753e+01	-1.758993e+02
6.950000e-06	-6.690012e-06	-1.554448e-09	-3.618760e+01	-1.762972e+02
6.960000e-06	-6.710038e-06	-1.557660e-09	-3.629592e+01	-1.766897e+02
6.970000e-06	-6.729678e-06	-1.560905e-09	-3.640216e+01	-1.770766e+02
6.980000e-06	-6.748871e-06	-1.564017e-09	-3.650598e+01	-1.774575e+02
6.990000e-06	-6.767636e-06	-1.566743e-09	-3.660748e+01	-1.778324e+02
7.000000e-06	-6.785908e-06	-1.569879e-09	-3.670632e+01	-1.782009e+02
7.010000e-06	-6.803705e-06	-1.572264e-09	-3.680259e+01	-1.785627e+02
7.020000e-06	-6.821076e-06	-1.574031e-09	-3.689655e+01	-1.789176e+02
7.030000e-06	-6.838000e-06	-1.576238e-09	-3.698810e+01	-1.792653e+02
7.040000e-06	-6.854491e-06	-1.578160e-09	-3.707730e+01	-1.796054e+02
7.050000e-06	-6.870613e-06	-1.579859e-09	-3.716451e+01	-1.799377e+02
7.060000e-06	-6.886435e-06	-1.582648e-09	-3.725009e+01	-1.802618e+02
7.070000e-06	-6.901710e-06	-1.585639e-09	-3.733271e+01	-1.805773e+02
7.080000e-06	-6.916098e-06	-1.587149e-09	-3.741054e+01	-1.808841e+02
7.090000e-06	-6.929560e-06	-1.588426e-09	-3.748336e+01	-1.811818e+02
7.100000e-06	-6.942370e-06	-1.590845e-09	-3.755265e+01	-1.814700e+02
7.110000e-06	-6.954828e-06	-1.593434e-09	-3.762004e+01	-1.817486e+02
7.120000e-06	-6.966783e-06	-1.595370e-09	-3.768471e+01	-1.820172e+02
7.130000e-06	-6.978158e-06	-1.597021e-09	-3.774624e+01	-1.822757e+02
7.140000e-06	-6.989014e-06	-1.598214e-09	-3.780496e+01	-1.825237e+02
7.150000e-06	-6.999409e-06	-1.599284e-09	-3.786119e+01	-1.827612e+02
7.160000e-06	-7.009396e-06	-1.599791e-09	-3.791521e+01	-1.829878e+02
7.170000e-06	-7.018831e-06	-1.600002e-09	-3.796624e+01	-1.832035e+02
7.180000e-06	-7.027626e-06	-1.600796e-09	-3.801382e+01	-1.834081e+02
7.190000e-06	-7.036006e-06	-1.601337e-09	-3.805915e+01	-1.836014e+02
7.200000e-06	-7.044131e-06	-1.602180e-09	-3.810310e+01	-1.837835e+02
7.210000e-06	-7.051914e-06	-1.602667e-09	-3.814520e+01	-1.839541e+02
7.220000e-06	-7.059169e-06	-1.602197e-09	-3.818444e+01	-1.841134e+02
7.230000e-06	-7.065775e-06	-1.601987e-09	-3.822017e+01	-1.842611e+02
7.240000e-06	-7.071660e-06	-1.601697e-09	-3.825201e+01	-1.843975e+02
7.250000e-06	-7.076797e-06	-1.601340e-09	-3.827980e+01	-1.845223e+02
7.260000e-06	-7.081371e-06	-1.600822e-09	-3.830454e+01	-1.846358e+02
7.270000e-06	-7.085547e-06	-1.600680e-09	-3.832713e+01	-1.847380e+02
7.280000e-06	-7.089408e-06	-1.601316e-09	-3.834801e+01	-1.848288e+02
7.290000e-06	-7.092889e-06	-1.601816e-09	-3.836684e+01	-1.849085e+02
7.300000e-06	-7.095887e-06	-1.601819e-09	-3.838306e+01	-1.849772e+02
7.310000e-06	-7.098326e-06	-1.601480e-09	-3.839625e+01	-1.850349e+02
7.320000e-06	-7.100249e-06	-1.601313e-09	-3.840665e+01	-1.850819e+02
7.330000e-06	-7.101652e-06	-1.600611e-09	-3.841424e+01	-1.851183e+02
7.340000e-06	-7.102509e-06	-1.599516e-09	-3.841888e+01	-1.851443e+02
