# Temperatura_=_20.0
# Concentracion g/m^3_=_7400.0
# C_Vs_to_Am_M_A/Vsm_=_116720831517.84952
# pendiente_HvsI_1/m_=_3716.3
# ordenada_HvsI_A/m_=_1297.0
# frecuencia_Hz_=_136121.7689114628

Tiempo_(s)	Campo_(V.s)	Magnetizacion_(V.s)	Campo_(kA/m)	Magnetizacion_(A/m)
0.000000e+00	-7.099605e-06	-1.658563e-09	-3.842111e+01	-1.920645e+02
1.000000e-08	-7.099908e-06	-1.657336e-09	-3.842275e+01	-1.921026e+02
2.000000e-08	-7.099945e-06	-1.657541e-09	-3.842295e+01	-1.921318e+02
3.000000e-08	-7.099501e-06	-1.657923e-09	-3.842054e+01	-1.921521e+02
4.000000e-08	-7.098482e-06	-1.656669e-09	-3.841503e+01	-1.921635e+02
5.000000e-08	-7.096865e-06	-1.654310e-09	-3.840628e+01	-1.921661e+02
6.000000e-08	-7.094401e-06	-1.652514e-09	-3.839295e+01	-1.921598e+02
7.000000e-08	-7.091221e-06	-1.651892e-09	-3.837573e+01	-1.921448e+02
8.000000e-08	-7.087643e-06	-1.653934e-09	-3.835637e+01	-1.921210e+02
9.000000e-08	-7.083640e-06	-1.662192e-09	-3.833471e+01	-1.920885e+02
1.000000e-07	-7.078949e-06	-1.651491e-09	-3.830932e+01	-1.920474e+02
1.100000e-07	-7.073422e-06	-1.602864e-09	-3.827941e+01	-1.919978e+02
1.200000e-07	-7.067453e-06	-1.605755e-09	-3.824711e+01	-1.919399e+02
1.300000e-07	-7.061437e-06	-1.700011e-09	-3.821455e+01	-1.918736e+02
1.400000e-07	-7.055173e-06	-1.715982e-09	-3.818066e+01	-1.917993e+02
1.500000e-07	-7.048184e-06	-1.592376e-09	-3.814283e+01	-1.917172e+02
1.600000e-07	-7.040572e-06	-1.565131e-09	-3.810163e+01	-1.916274e+02
1.700000e-07	-7.032765e-06	-1.709785e-09	-3.805939e+01	-1.915303e+02
1.800000e-07	-7.024723e-06	-1.723477e-09	-3.801586e+01	-1.914260e+02
1.900000e-07	-7.015912e-06	-1.540086e-09	-3.796818e+01	-1.913149e+02
2.000000e-07	-7.006190e-06	-1.531715e-09	-3.791557e+01	-1.911973e+02
2.100000e-07	-6.995967e-06	-1.738252e-09	-3.786024e+01	-1.910734e+02
2.200000e-07	-6.985333e-06	-1.735985e-09	-3.780270e+01	-1.909435e+02
2.300000e-07	-6.974067e-06	-1.531493e-09	-3.774173e+01	-1.908081e+02
2.400000e-07	-6.962190e-06	-1.547764e-09	-3.767745e+01	-1.906672e+02
2.500000e-07	-6.949807e-06	-1.714750e-09	-3.761044e+01	-1.905212e+02
2.600000e-07	-6.936844e-06	-1.656841e-09	-3.754029e+01	-1.903703e+02
2.700000e-07	-6.923262e-06	-1.529066e-09	-3.746679e+01	-1.902147e+02
2.800000e-07	-6.909125e-06	-1.620448e-09	-3.739028e+01	-1.900545e+02
2.900000e-07	-6.894281e-06	-1.692450e-09	-3.730995e+01	-1.898899e+02
3.000000e-07	-6.878491e-06	-1.579028e-09	-3.722450e+01	-1.897210e+02
3.100000e-07	-6.861943e-06	-1.565036e-09	-3.713495e+01	-1.895477e+02
3.200000e-07	-6.845141e-06	-1.666892e-09	-3.704402e+01	-1.893700e+02
3.300000e-07	-6.828141e-06	-1.601470e-09	-3.695202e+01	-1.891879e+02
3.400000e-07	-6.810574e-06	-1.521823e-09	-3.685695e+01	-1.890012e+02
3.500000e-07	-6.792442e-06	-1.644974e-09	-3.675882e+01	-1.888098e+02
3.600000e-07	-6.773834e-06	-1.679954e-09	-3.665813e+01	-1.886134e+02
3.700000e-07	-6.754697e-06	-1.522471e-09	-3.655456e+01	-1.884117e+02
3.800000e-07	-6.735163e-06	-1.531356e-09	-3.644885e+01	-1.882046e+02
3.900000e-07	-6.715434e-06	-1.666907e-09	-3.634208e+01	-1.879915e+02
4.000000e-07	-6.695347e-06	-1.599975e-09	-3.623338e+01	-1.877723e+02
4.100000e-07	-6.674668e-06	-1.507345e-09	-3.612146e+01	-1.875465e+02
4.200000e-07	-6.653451e-06	-1.604576e-09	-3.600664e+01	-1.873138e+02
4.300000e-07	-6.631801e-06	-1.633197e-09	-3.588948e+01	-1.870738e+02
4.400000e-07	-6.609760e-06	-1.535540e-09	-3.577020e+01	-1.868262e+02
4.500000e-07	-6.587291e-06	-1.559200e-09	-3.564861e+01	-1.865706e+02
4.600000e-07	-6.564402e-06	-1.610946e-09	-3.552474e+01	-1.863069e+02
4.700000e-07	-6.541084e-06	-1.541263e-09	-3.539855e+01	-1.860346e+02
4.800000e-07	-6.517325e-06	-1.535110e-09	-3.526997e+01	-1.857537e+02
4.900000e-07	-6.493319e-06	-1.606292e-09	-3.514005e+01	-1.854639e+02
5.000000e-07	-6.468869e-06	-1.564836e-09	-3.500774e+01	-1.851651e+02
5.100000e-07	-6.443687e-06	-1.510877e-09	-3.487146e+01	-1.848574e+02
5.200000e-07	-6.417792e-06	-1.560387e-09	-3.473133e+01	-1.845407e+02
5.300000e-07	-6.391144e-06	-1.567354e-09	-3.458711e+01	-1.842150e+02
5.400000e-07	-6.363862e-06	-1.517867e-09	-3.443947e+01	-1.838806e+02
5.500000e-07	-6.336215e-06	-1.533095e-09	-3.428985e+01	-1.835377e+02
5.600000e-07	-6.308307e-06	-1.551909e-09	-3.413882e+01	-1.831864e+02
5.700000e-07	-6.280024e-06	-1.522224e-09	-3.398576e+01	-1.828270e+02
5.800000e-07	-6.251248e-06	-1.521746e-09	-3.383003e+01	-1.824599e+02
5.900000e-07	-6.222009e-06	-1.534534e-09	-3.367180e+01	-1.820854e+02
6.000000e-07	-6.192454e-06	-1.512671e-09	-3.351186e+01	-1.817040e+02
6.100000e-07	-6.162670e-06	-1.506358e-09	-3.335067e+01	-1.813159e+02
6.200000e-07	-6.132481e-06	-1.519507e-09	-3.318730e+01	-1.809216e+02
6.300000e-07	-6.101748e-06	-1.510874e-09	-3.302098e+01	-1.805215e+02
6.400000e-07	-6.070357e-06	-1.501893e-09	-3.285110e+01	-1.801158e+02
6.500000e-07	-6.038423e-06	-1.502221e-09	-3.267828e+01	-1.797050e+02
6.600000e-07	-6.006367e-06	-1.493679e-09	-3.250480e+01	-1.792892e+02
6.700000e-07	-5.974188e-06	-1.490090e-09	-3.233066e+01	-1.788688e+02
6.800000e-07	-5.941543e-06	-1.491935e-09	-3.215399e+01	-1.784438e+02
6.900000e-07	-5.908048e-06	-1.484037e-09	-3.197273e+01	-1.780144e+02
7.000000e-07	-5.873845e-06	-1.478428e-09	-3.178763e+01	-1.775806e+02
7.100000e-07	-5.839223e-06	-1.476404e-09	-3.160027e+01	-1.771422e+02
7.200000e-07	-5.804144e-06	-1.467661e-09	-3.141043e+01	-1.766993e+02
7.300000e-07	-5.768650e-06	-1.463634e-09	-3.121835e+01	-1.762515e+02
7.400000e-07	-5.732895e-06	-1.463877e-09	-3.102485e+01	-1.757987e+02
7.500000e-07	-5.696960e-06	-1.456104e-09	-3.083038e+01	-1.753403e+02
7.600000e-07	-5.660694e-06	-1.451021e-09	-3.063412e+01	-1.748760e+02
7.700000e-07	-5.623924e-06	-1.453274e-09	-3.043513e+01	-1.744052e+02
7.800000e-07	-5.586727e-06	-1.448442e-09	-3.023383e+01	-1.739275e+02
7.900000e-07	-5.549090e-06	-1.437242e-09	-3.003015e+01	-1.734422e+02
8.000000e-07	-5.511014e-06	-1.430129e-09	-2.982409e+01	-1.729488e+02
8.100000e-07	-5.472471e-06	-1.425202e-09	-2.961550e+01	-1.724465e+02
8.200000e-07	-5.433338e-06	-1.420628e-09	-2.940373e+01	-1.719347e+02
8.300000e-07	-5.393909e-06	-1.417000e-09	-2.919035e+01	-1.714128e+02
8.400000e-07	-5.354378e-06	-1.411530e-09	-2.897642e+01	-1.708803e+02
8.500000e-07	-5.314610e-06	-1.404716e-09	-2.876121e+01	-1.703364e+02
8.600000e-07	-5.274525e-06	-1.399406e-09	-2.854428e+01	-1.697807e+02
8.700000e-07	-5.234073e-06	-1.394369e-09	-2.832536e+01	-1.692127e+02
8.800000e-07	-5.193188e-06	-1.388357e-09	-2.810410e+01	-1.686320e+02
8.900000e-07	-5.151845e-06	-1.380636e-09	-2.788037e+01	-1.680383e+02
9.000000e-07	-5.109987e-06	-1.371790e-09	-2.765384e+01	-1.674313e+02
9.100000e-07	-5.067500e-06	-1.365384e-09	-2.742392e+01	-1.668109e+02
9.200000e-07	-5.024376e-06	-1.361094e-09	-2.719054e+01	-1.661771e+02
9.300000e-07	-4.980869e-06	-1.354578e-09	-2.695509e+01	-1.655298e+02
9.400000e-07	-4.937190e-06	-1.345547e-09	-2.671871e+01	-1.648693e+02
9.500000e-07	-4.893336e-06	-1.338332e-09	-2.648139e+01	-1.641956e+02
9.600000e-07	-4.849152e-06	-1.333770e-09	-2.624227e+01	-1.635091e+02
9.700000e-07	-4.804535e-06	-1.328245e-09	-2.600082e+01	-1.628102e+02
9.800000e-07	-4.759626e-06	-1.321083e-09	-2.575779e+01	-1.620993e+02
9.900000e-07	-4.714434e-06	-1.313975e-09	-2.551322e+01	-1.613769e+02
1.000000e-06	-4.668870e-06	-1.307394e-09	-2.526664e+01	-1.606435e+02
1.010000e-06	-4.622966e-06	-1.301483e-09	-2.501822e+01	-1.598996e+02
1.020000e-06	-4.576719e-06	-1.296063e-09	-2.476794e+01	-1.591458e+02
1.030000e-06	-4.530098e-06	-1.289938e-09	-2.451564e+01	-1.583825e+02
1.040000e-06	-4.483222e-06	-1.282289e-09	-2.426196e+01	-1.576104e+02
1.050000e-06	-4.436105e-06	-1.276262e-09	-2.400698e+01	-1.568298e+02
1.060000e-06	-4.388572e-06	-1.272184e-09	-2.374974e+01	-1.560412e+02
1.070000e-06	-4.340819e-06	-1.266078e-09	-2.349132e+01	-1.552449e+02
1.080000e-06	-4.293016e-06	-1.257808e-09	-2.323262e+01	-1.544412e+02
1.090000e-06	-4.244895e-06	-1.249521e-09	-2.297220e+01	-1.536302e+02
1.100000e-06	-4.196343e-06	-1.243038e-09	-2.270945e+01	-1.528120e+02
1.110000e-06	-4.147312e-06	-1.238792e-09	-2.244411e+01	-1.519865e+02
1.120000e-06	-4.097894e-06	-1.233825e-09	-2.217667e+01	-1.511535e+02
1.130000e-06	-4.048089e-06	-1.225932e-09	-2.190714e+01	-1.503127e+02
1.140000e-06	-3.997669e-06	-1.216579e-09	-2.163428e+01	-1.494639e+02
1.150000e-06	-3.946866e-06	-1.208466e-09	-2.135935e+01	-1.486063e+02
1.160000e-06	-3.895741e-06	-1.202234e-09	-2.108268e+01	-1.477395e+02
1.170000e-06	-3.844216e-06	-1.195672e-09	-2.080384e+01	-1.468627e+02
1.180000e-06	-3.792440e-06	-1.187715e-09	-2.052364e+01	-1.459750e+02
1.190000e-06	-3.740388e-06	-1.180131e-09	-2.024195e+01	-1.450758e+02
1.200000e-06	-3.688070e-06	-1.173356e-09	-1.995882e+01	-1.441639e+02
1.210000e-06	-3.635539e-06	-1.166153e-09	-1.967454e+01	-1.432385e+02
1.220000e-06	-3.582799e-06	-1.157664e-09	-1.938912e+01	-1.422986e+02
1.230000e-06	-3.529768e-06	-1.148673e-09	-1.910213e+01	-1.413432e+02
1.240000e-06	-3.476392e-06	-1.140142e-09	-1.881327e+01	-1.403714e+02
1.250000e-06	-3.422753e-06	-1.133346e-09	-1.852300e+01	-1.393822e+02
1.260000e-06	-3.368945e-06	-1.127984e-09	-1.823180e+01	-1.383748e+02
1.270000e-06	-3.314972e-06	-1.119967e-09	-1.793971e+01	-1.373484e+02
1.280000e-06	-3.260747e-06	-1.108683e-09	-1.764627e+01	-1.363023e+02
1.290000e-06	-3.206240e-06	-1.098332e-09	-1.735129e+01	-1.352359e+02
1.300000e-06	-3.151430e-06	-1.090799e-09	-1.705467e+01	-1.341488e+02
1.310000e-06	-3.096399e-06	-1.083582e-09	-1.675686e+01	-1.330406e+02
1.320000e-06	-3.041179e-06	-1.074527e-09	-1.645802e+01	-1.319110e+02
1.330000e-06	-2.985713e-06	-1.064086e-09	-1.615786e+01	-1.307601e+02
1.340000e-06	-2.930114e-06	-1.053324e-09	-1.585697e+01	-1.295879e+02
1.350000e-06	-2.874420e-06	-1.043696e-09	-1.555557e+01	-1.283946e+02
1.360000e-06	-2.818595e-06	-1.035019e-09	-1.525346e+01	-1.271805e+02
1.370000e-06	-2.762657e-06	-1.025823e-09	-1.495074e+01	-1.259461e+02
1.380000e-06	-2.706600e-06	-1.016620e-09	-1.464738e+01	-1.246919e+02
1.390000e-06	-2.650457e-06	-1.007297e-09	-1.434354e+01	-1.234186e+02
1.400000e-06	-2.594210e-06	-9.978637e-10	-1.403915e+01	-1.221268e+02
1.410000e-06	-2.537668e-06	-9.876476e-10	-1.373316e+01	-1.208173e+02
1.420000e-06	-2.480780e-06	-9.763941e-10	-1.342530e+01	-1.194910e+02
1.430000e-06	-2.423819e-06	-9.656812e-10	-1.311704e+01	-1.181485e+02
1.440000e-06	-2.366694e-06	-9.556159e-10	-1.280790e+01	-1.167907e+02
1.450000e-06	-2.309207e-06	-9.450755e-10	-1.249679e+01	-1.154182e+02
1.460000e-06	-2.251397e-06	-9.332321e-10	-1.218394e+01	-1.140317e+02
1.470000e-06	-2.193318e-06	-9.204764e-10	-1.186963e+01	-1.126317e+02
1.480000e-06	-2.134881e-06	-9.072500e-10	-1.155339e+01	-1.112187e+02
1.490000e-06	-2.076047e-06	-8.946387e-10	-1.123499e+01	-1.097928e+02
1.500000e-06	-2.017019e-06	-8.833702e-10	-1.091555e+01	-1.083542e+02
1.510000e-06	-1.957769e-06	-8.721238e-10	-1.059491e+01	-1.069028e+02
1.520000e-06	-1.898303e-06	-8.594775e-10	-1.027309e+01	-1.054383e+02
1.530000e-06	-1.838803e-06	-8.471961e-10	-9.951093e+00	-1.039601e+02
1.540000e-06	-1.779304e-06	-8.357597e-10	-9.629104e+00	-1.024676e+02
1.550000e-06	-1.719799e-06	-8.230878e-10	-9.307079e+00	-1.009597e+02
1.560000e-06	-1.660260e-06	-8.092921e-10	-8.984868e+00	-9.943538e+01
1.570000e-06	-1.600569e-06	-7.959723e-10	-8.661840e+00	-9.789312e+01
1.580000e-06	-1.540811e-06	-7.837836e-10	-8.338447e+00	-9.633134e+01
1.590000e-06	-1.481047e-06	-7.711598e-10	-8.015019e+00	-9.474825e+01
1.600000e-06	-1.421220e-06	-7.574742e-10	-7.691251e+00	-9.314185e+01
1.610000e-06	-1.361341e-06	-7.440910e-10	-7.367200e+00	-9.151001e+01
1.620000e-06	-1.301433e-06	-7.309211e-10	-7.042998e+00	-8.985043e+01
1.630000e-06	-1.241411e-06	-7.174600e-10	-6.718172e+00	-8.816074e+01
1.640000e-06	-1.181305e-06	-7.035241e-10	-6.392896e+00	-8.643846e+01
1.650000e-06	-1.121195e-06	-6.889796e-10	-6.067597e+00	-8.468110e+01
1.660000e-06	-1.060963e-06	-6.742130e-10	-5.741637e+00	-8.288614e+01
1.670000e-06	-1.000649e-06	-6.595679e-10	-5.415239e+00	-8.105108e+01
1.680000e-06	-9.403562e-07	-6.452298e-10	-5.088949e+00	-7.917350e+01
1.690000e-06	-8.800615e-07	-6.298340e-10	-4.762651e+00	-7.725108e+01
1.700000e-06	-8.197334e-07	-6.138990e-10	-4.436171e+00	-7.528161e+01
1.710000e-06	-7.593144e-07	-5.991526e-10	-4.109200e+00	-7.326308e+01
1.720000e-06	-6.989218e-07	-5.843505e-10	-3.782372e+00	-7.119366e+01
1.730000e-06	-6.385438e-07	-5.683336e-10	-3.455623e+00	-6.907179e+01
1.740000e-06	-5.779791e-07	-5.517499e-10	-3.127864e+00	-6.689612e+01
1.750000e-06	-5.172883e-07	-5.353022e-10	-2.799422e+00	-6.466564e+01
1.760000e-06	-4.565571e-07	-5.184360e-10	-2.470761e+00	-6.237962e+01
1.770000e-06	-3.957418e-07	-4.999711e-10	-2.141646e+00	-6.003767e+01
1.780000e-06	-3.348849e-07	-4.799413e-10	-1.812305e+00	-5.763974e+01
1.790000e-06	-2.740638e-07	-4.596974e-10	-1.483158e+00	-5.518613e+01
1.800000e-06	-2.132402e-07	-4.391138e-10	-1.153997e+00	-5.267752e+01
1.810000e-06	-1.523346e-07	-4.173559e-10	-8.243927e-01	-5.011492e+01
1.820000e-06	-9.127984e-08	-3.949738e-10	-4.939813e-01	-4.749972e+01
1.830000e-06	-3.021003e-08	-3.718211e-10	-1.634884e-01	-4.483366e+01
1.840000e-06	3.067381e-08	-3.479264e-10	1.659982e-01	-4.211879e+01
1.850000e-06	9.151366e-08	-3.243965e-10	4.952467e-01	-3.935752e+01
1.860000e-06	1.524276e-07	-3.019930e-10	8.248964e-01	-3.655255e+01
1.870000e-06	2.133162e-07	-2.793683e-10	1.154409e+00	-3.370686e+01
1.880000e-06	2.742341e-07	-2.542048e-10	1.484079e+00	-3.082367e+01
1.890000e-06	3.351188e-07	-2.277516e-10	1.813571e+00	-2.790647e+01
1.900000e-06	3.960310e-07	-2.027278e-10	2.143211e+00	-2.495891e+01
1.910000e-06	4.569934e-07	-1.781697e-10	2.473122e+00	-2.198482e+01
1.920000e-06	5.177843e-07	-1.532855e-10	2.802106e+00	-1.898817e+01
1.930000e-06	5.783631e-07	-1.287726e-10	3.129942e+00	-1.597302e+01
1.940000e-06	6.388706e-07	-1.038063e-10	3.457392e+00	-1.294349e+01
1.950000e-06	6.995273e-07	-7.829283e-11	3.785649e+00	-9.903754e+00
1.960000e-06	7.602297e-07	-5.327476e-11	4.114154e+00	-6.857962e+00
1.970000e-06	8.207590e-07	-2.734154e-11	4.441722e+00	-3.810239e+00
1.980000e-06	8.811455e-07	-7.605913e-13	4.768517e+00	-7.646387e-01
1.990000e-06	9.413711e-07	2.448758e-11	5.094441e+00	2.274877e+00
2.000000e-06	1.001512e-06	4.947500e-11	5.419905e+00	5.304472e+00
2.010000e-06	1.061691e-06	7.512645e-11	5.745582e+00	8.320459e+00
2.020000e-06	1.121833e-06	1.008154e-10	6.071052e+00	1.131932e+01
2.030000e-06	1.181931e-06	1.262549e-10	6.396284e+00	1.429774e+01
2.040000e-06	1.242014e-06	1.517123e-10	6.721437e+00	1.725261e+01
2.050000e-06	1.302025e-06	1.756342e-10	7.046203e+00	2.018103e+01
2.060000e-06	1.361959e-06	1.984584e-10	7.370546e+00	2.308037e+01
2.070000e-06	1.421790e-06	2.217794e-10	7.694336e+00	2.594821e+01
2.080000e-06	1.481565e-06	2.450515e-10	8.017823e+00	2.878241e+01
2.090000e-06	1.541340e-06	2.674232e-10	8.341305e+00	3.158108e+01
2.100000e-06	1.601026e-06	2.885876e-10	8.664310e+00	3.434259e+01
2.110000e-06	1.660636e-06	3.096224e-10	8.986904e+00	3.706556e+01
2.120000e-06	1.720203e-06	3.312225e-10	9.309264e+00	3.974886e+01
2.130000e-06	1.779727e-06	3.536036e-10	9.631390e+00	4.239162e+01
2.140000e-06	1.839153e-06	3.762277e-10	9.952988e+00	4.499320e+01
2.150000e-06	1.898452e-06	3.968600e-10	1.027390e+01	4.755317e+01
2.160000e-06	1.957695e-06	4.163319e-10	1.059451e+01	5.007136e+01
2.170000e-06	2.016791e-06	4.370976e-10	1.091432e+01	5.254775e+01
2.180000e-06	2.075571e-06	4.578202e-10	1.123242e+01	5.498255e+01
2.190000e-06	2.134096e-06	4.765558e-10	1.154914e+01	5.737613e+01
2.200000e-06	2.192415e-06	4.942653e-10	1.186475e+01	5.972902e+01
2.210000e-06	2.250412e-06	5.127095e-10	1.217861e+01	6.204188e+01
2.220000e-06	2.307991e-06	5.317120e-10	1.249021e+01	6.431550e+01
2.230000e-06	2.365192e-06	5.501552e-10	1.279977e+01	6.655079e+01
2.240000e-06	2.422165e-06	5.675756e-10	1.310809e+01	6.874873e+01
2.250000e-06	2.478953e-06	5.844476e-10	1.341541e+01	7.091039e+01
2.260000e-06	2.535502e-06	6.012816e-10	1.372144e+01	7.303688e+01
2.270000e-06	2.591757e-06	6.180038e-10	1.402588e+01	7.512936e+01
2.280000e-06	2.647855e-06	6.343700e-10	1.432946e+01	7.718902e+01
2.290000e-06	2.703884e-06	6.496891e-10	1.463268e+01	7.921705e+01
2.300000e-06	2.759752e-06	6.640287e-10	1.493502e+01	8.121464e+01
2.310000e-06	2.815513e-06	6.794067e-10	1.523678e+01	8.318294e+01
2.320000e-06	2.871244e-06	6.964705e-10	1.553838e+01	8.512311e+01
2.330000e-06	2.926892e-06	7.136302e-10	1.583954e+01	8.703624e+01
2.340000e-06	2.982298e-06	7.293636e-10	1.613938e+01	8.892338e+01
2.350000e-06	3.037298e-06	7.434869e-10	1.643702e+01	9.078550e+01
2.360000e-06	3.092015e-06	7.562712e-10	1.673313e+01	9.262352e+01
2.370000e-06	3.146624e-06	7.684257e-10	1.702866e+01	9.443829e+01
2.380000e-06	3.201166e-06	7.804535e-10	1.732383e+01	9.623057e+01
2.390000e-06	3.255614e-06	7.930645e-10	1.761848e+01	9.800102e+01
2.400000e-06	3.309793e-06	8.076138e-10	1.791169e+01	9.975025e+01
2.410000e-06	3.363662e-06	8.233199e-10	1.820321e+01	1.014788e+02
2.420000e-06	3.417425e-06	8.387211e-10	1.849416e+01	1.031869e+02
2.430000e-06	3.470955e-06	8.530116e-10	1.878385e+01	1.048751e+02
2.440000e-06	3.524090e-06	8.659880e-10	1.907141e+01	1.065436e+02
2.450000e-06	3.576941e-06	8.785485e-10	1.935742e+01	1.081925e+02
2.460000e-06	3.629490e-06	8.908906e-10	1.964180e+01	1.098218e+02
2.470000e-06	3.681740e-06	9.030126e-10	1.992456e+01	1.114317e+02
2.480000e-06	3.733800e-06	9.147743e-10	2.020629e+01	1.130220e+02
2.490000e-06	3.785646e-06	9.267465e-10	2.048687e+01	1.145927e+02
2.500000e-06	3.837150e-06	9.393515e-10	2.076560e+01	1.161435e+02
2.510000e-06	3.888387e-06	9.522758e-10	2.104288e+01	1.176743e+02
2.520000e-06	3.939195e-06	9.652327e-10	2.131784e+01	1.191849e+02
2.530000e-06	3.989408e-06	9.771420e-10	2.158958e+01	1.206749e+02
2.540000e-06	4.039206e-06	9.882637e-10	2.185907e+01	1.221441e+02
2.550000e-06	4.088595e-06	9.991861e-10	2.212635e+01	1.235922e+02
2.560000e-06	4.137484e-06	1.009719e-09	2.239092e+01	1.250189e+02
2.570000e-06	4.185914e-06	1.019319e-09	2.265301e+01	1.264240e+02
2.580000e-06	4.234059e-06	1.028944e-09	2.291356e+01	1.278072e+02
2.590000e-06	4.282041e-06	1.039911e-09	2.317322e+01	1.291682e+02
2.600000e-06	4.329809e-06	1.051876e-09	2.343174e+01	1.305069e+02
2.610000e-06	4.377311e-06	1.064207e-09	2.368880e+01	1.318231e+02
2.620000e-06	4.424530e-06	1.075510e-09	2.394434e+01	1.331166e+02
2.630000e-06	4.471467e-06	1.084554e-09	2.419835e+01	1.343875e+02
2.640000e-06	4.518165e-06	1.093043e-09	2.445106e+01	1.356358e+02
2.650000e-06	4.564542e-06	1.102882e-09	2.470204e+01	1.368613e+02
2.660000e-06	4.610475e-06	1.113019e-09	2.495062e+01	1.380644e+02
2.670000e-06	4.656077e-06	1.121426e-09	2.519740e+01	1.392450e+02
2.680000e-06	4.701419e-06	1.127823e-09	2.544278e+01	1.404034e+02
2.690000e-06	4.746359e-06	1.134576e-09	2.568599e+01	1.415399e+02
2.700000e-06	4.790912e-06	1.142875e-09	2.592710e+01	1.426547e+02
2.710000e-06	4.835181e-06	1.151858e-09	2.616667e+01	1.437483e+02
2.720000e-06	4.879259e-06	1.161281e-09	2.640520e+01	1.448209e+02
2.730000e-06	4.923199e-06	1.171076e-09	2.664300e+01	1.458730e+02
2.740000e-06	4.966902e-06	1.180766e-09	2.687950e+01	1.469051e+02
2.750000e-06	5.010338e-06	1.189399e-09	2.711457e+01	1.479176e+02
2.760000e-06	5.053482e-06	1.196557e-09	2.734805e+01	1.489110e+02
2.770000e-06	5.096119e-06	1.202543e-09	2.757879e+01	1.498859e+02
2.780000e-06	5.138170e-06	1.209271e-09	2.780636e+01	1.508426e+02
2.790000e-06	5.179603e-06	1.218331e-09	2.803059e+01	1.517817e+02
2.800000e-06	5.220425e-06	1.228343e-09	2.825150e+01	1.527038e+02
2.810000e-06	5.260773e-06	1.237435e-09	2.846986e+01	1.536092e+02
2.820000e-06	5.300761e-06	1.245542e-09	2.868626e+01	1.544984e+02
2.830000e-06	5.340577e-06	1.253020e-09	2.890173e+01	1.553718e+02
2.840000e-06	5.380131e-06	1.260195e-09	2.911579e+01	1.562299e+02
2.850000e-06	5.419354e-06	1.267897e-09	2.932805e+01	1.570730e+02
2.860000e-06	5.458260e-06	1.275104e-09	2.953860e+01	1.579015e+02
2.870000e-06	5.496736e-06	1.280889e-09	2.974682e+01	1.587157e+02
2.880000e-06	5.534715e-06	1.286909e-09	2.995235e+01	1.595158e+02
2.890000e-06	5.572270e-06	1.294435e-09	3.015559e+01	1.603021e+02
2.900000e-06	5.609385e-06	1.302196e-09	3.035645e+01	1.610749e+02
2.910000e-06	5.646030e-06	1.309351e-09	3.055476e+01	1.618343e+02
2.920000e-06	5.682300e-06	1.316628e-09	3.075104e+01	1.625805e+02
2.930000e-06	5.718317e-06	1.324966e-09	3.094596e+01	1.633137e+02
2.940000e-06	5.754193e-06	1.333458e-09	3.114011e+01	1.640341e+02
2.950000e-06	5.789910e-06	1.340028e-09	3.133340e+01	1.647417e+02
2.960000e-06	5.825340e-06	1.344663e-09	3.152513e+01	1.654368e+02
2.970000e-06	5.860217e-06	1.349561e-09	3.171388e+01	1.661195e+02
2.980000e-06	5.894418e-06	1.356389e-09	3.189897e+01	1.667900e+02
2.990000e-06	5.927852e-06	1.364004e-09	3.207990e+01	1.674483e+02
3.000000e-06	5.960559e-06	1.370461e-09	3.225691e+01	1.680947e+02
3.010000e-06	5.992783e-06	1.376294e-09	3.243129e+01	1.687295e+02
3.020000e-06	6.024674e-06	1.382579e-09	3.260388e+01	1.693528e+02
3.030000e-06	6.056286e-06	1.389334e-09	3.277495e+01	1.699648e+02
3.040000e-06	6.087522e-06	1.396236e-09	3.294399e+01	1.705659e+02
3.050000e-06	6.118397e-06	1.402201e-09	3.311108e+01	1.711564e+02
3.060000e-06	6.148954e-06	1.408183e-09	3.327645e+01	1.717366e+02
3.070000e-06	6.179096e-06	1.414570e-09	3.343956e+01	1.723069e+02
3.080000e-06	6.208724e-06	1.419776e-09	3.359990e+01	1.728675e+02
3.090000e-06	6.237771e-06	1.424759e-09	3.375710e+01	1.734190e+02
3.100000e-06	6.266369e-06	1.430652e-09	3.391186e+01	1.739617e+02
3.110000e-06	6.294666e-06	1.436853e-09	3.406500e+01	1.744961e+02
3.120000e-06	6.322673e-06	1.442404e-09	3.421656e+01	1.750225e+02
3.130000e-06	6.350458e-06	1.447406e-09	3.436693e+01	1.755414e+02
3.140000e-06	6.377909e-06	1.453228e-09	3.451549e+01	1.760532e+02
3.150000e-06	6.404741e-06	1.458852e-09	3.466069e+01	1.765582e+02
3.160000e-06	6.430920e-06	1.463105e-09	3.480237e+01	1.770569e+02
3.170000e-06	6.456501e-06	1.467382e-09	3.494081e+01	1.775495e+02
3.180000e-06	6.481386e-06	1.472598e-09	3.507548e+01	1.780365e+02
3.190000e-06	6.505632e-06	1.477930e-09	3.520669e+01	1.785179e+02
3.200000e-06	6.529450e-06	1.482280e-09	3.533559e+01	1.789941e+02
3.210000e-06	6.552962e-06	1.486021e-09	3.546282e+01	1.794652e+02
3.220000e-06	6.576093e-06	1.489984e-09	3.558801e+01	1.799313e+02
3.230000e-06	6.598708e-06	1.494015e-09	3.571039e+01	1.803925e+02
3.240000e-06	6.620789e-06	1.498901e-09	3.582988e+01	1.808487e+02
3.250000e-06	6.642441e-06	1.504294e-09	3.594706e+01	1.812999e+02
3.260000e-06	6.663563e-06	1.508669e-09	3.606137e+01	1.817460e+02
3.270000e-06	6.684156e-06	1.512557e-09	3.617281e+01	1.821867e+02
3.280000e-06	6.704438e-06	1.516773e-09	3.628257e+01	1.826220e+02
3.290000e-06	6.724412e-06	1.520824e-09	3.639067e+01	1.830514e+02
3.300000e-06	6.744056e-06	1.524583e-09	3.649697e+01	1.834746e+02
3.310000e-06	6.763288e-06	1.528811e-09	3.660105e+01	1.838913e+02
3.320000e-06	6.782152e-06	1.533311e-09	3.670314e+01	1.843011e+02
3.330000e-06	6.800607e-06	1.537246e-09	3.680301e+01	1.847036e+02
3.340000e-06	6.818479e-06	1.540598e-09	3.689973e+01	1.850983e+02
3.350000e-06	6.835681e-06	1.543443e-09	3.699282e+01	1.854848e+02
3.360000e-06	6.852322e-06	1.546887e-09	3.708288e+01	1.858626e+02
3.370000e-06	6.868526e-06	1.550827e-09	3.717057e+01	1.862313e+02
3.380000e-06	6.884307e-06	1.554362e-09	3.725597e+01	1.865905e+02
3.390000e-06	6.899576e-06	1.558032e-09	3.733861e+01	1.869397e+02
3.400000e-06	6.914290e-06	1.562022e-09	3.741823e+01	1.872787e+02
3.410000e-06	6.928394e-06	1.566612e-09	3.749456e+01	1.876069e+02
3.420000e-06	6.941857e-06	1.571279e-09	3.756742e+01	1.879242e+02
3.430000e-06	6.954805e-06	1.575524e-09	3.763749e+01	1.882303e+02
3.440000e-06	6.967182e-06	1.578881e-09	3.770447e+01	1.885249e+02
3.450000e-06	6.979064e-06	1.582113e-09	3.776877e+01	1.888079e+02
3.460000e-06	6.990567e-06	1.586512e-09	3.783102e+01	1.890792e+02
3.470000e-06	7.001622e-06	1.591011e-09	3.789085e+01	1.893386e+02
3.480000e-06	7.012074e-06	1.594620e-09	3.794741e+01	1.895862e+02
3.490000e-06	7.021634e-06	1.596967e-09	3.799915e+01	1.898220e+02
3.500000e-06	7.030370e-06	1.599232e-09	3.804642e+01	1.900460e+02
3.510000e-06	7.038533e-06	1.602259e-09	3.809060e+01	1.902584e+02
3.520000e-06	7.046278e-06	1.605411e-09	3.813252e+01	1.904592e+02
3.530000e-06	7.053807e-06	1.608027e-09	3.817326e+01	1.906487e+02
3.540000e-06	7.061065e-06	1.610367e-09	3.821254e+01	1.908269e+02
3.550000e-06	7.067724e-06	1.613271e-09	3.824857e+01	1.909942e+02
3.560000e-06	7.073696e-06	1.616224e-09	3.828090e+01	1.911507e+02
3.570000e-06	7.079182e-06	1.619175e-09	3.831059e+01	1.912966e+02
3.580000e-06	7.084143e-06	1.622428e-09	3.833743e+01	1.914322e+02
3.590000e-06	7.088493e-06	1.625862e-09	3.836097e+01	1.915576e+02
3.600000e-06	7.092412e-06	1.629426e-09	3.838218e+01	1.916731e+02
3.610000e-06	7.096087e-06	1.633252e-09	3.840207e+01	1.917788e+02
3.620000e-06	7.099514e-06	1.635886e-09	3.842061e+01	1.918749e+02
3.630000e-06	7.102399e-06	1.637091e-09	3.843623e+01	1.919617e+02
3.640000e-06	7.104597e-06	1.638698e-09	3.844812e+01	1.920391e+02
3.650000e-06	7.106041e-06	1.641180e-09	3.845594e+01	1.921073e+02
3.660000e-06	7.106661e-06	1.643366e-09	3.845929e+01	1.921664e+02
3.670000e-06	7.106792e-06	1.644883e-09	3.846000e+01	1.922165e+02
3.680000e-06	7.106587e-06	1.646139e-09	3.845889e+01	1.922576e+02
3.690000e-06	7.106068e-06	1.646651e-09	3.845609e+01	1.922898e+02
3.700000e-06	7.105165e-06	1.647167e-09	3.845120e+01	1.923131e+02
3.710000e-06	7.103660e-06	1.648633e-09	3.844305e+01	1.923275e+02
3.720000e-06	7.101585e-06	1.650015e-09	3.843182e+01	1.923331e+02
3.730000e-06	7.099102e-06	1.651372e-09	3.841838e+01	1.923298e+02
3.740000e-06	7.096226e-06	1.651389e-09	3.840282e+01	1.923178e+02
3.750000e-06	7.092885e-06	1.641168e-09	3.838474e+01	1.922969e+02
3.760000e-06	7.088948e-06	1.626924e-09	3.836344e+01	1.922674e+02
3.770000e-06	7.084315e-06	1.663599e-09	3.833836e+01	1.922292e+02
3.780000e-06	7.078759e-06	1.728731e-09	3.830830e+01	1.921824e+02
3.790000e-06	7.072369e-06	1.661791e-09	3.827371e+01	1.921273e+02
3.800000e-06	7.065820e-06	1.548035e-09	3.823827e+01	1.920638e+02
3.810000e-06	7.059327e-06	1.620312e-09	3.820313e+01	1.919922e+02
3.820000e-06	7.052315e-06	1.756145e-09	3.816518e+01	1.919127e+02
3.830000e-06	7.044458e-06	1.679513e-09	3.812267e+01	1.918255e+02
3.840000e-06	7.036117e-06	1.520483e-09	3.807753e+01	1.917308e+02
3.850000e-06	7.027595e-06	1.623129e-09	3.803141e+01	1.916290e+02
3.860000e-06	7.018680e-06	1.818190e-09	3.798316e+01	1.915201e+02
3.870000e-06	7.009057e-06	1.687031e-09	3.793109e+01	1.914047e+02
3.880000e-06	6.998888e-06	1.457283e-09	3.787605e+01	1.912829e+02
3.890000e-06	6.988408e-06	1.606164e-09	3.781934e+01	1.911550e+02
3.900000e-06	6.977427e-06	1.838607e-09	3.775991e+01	1.910215e+02
3.910000e-06	6.965784e-06	1.673412e-09	3.769690e+01	1.908824e+02
3.920000e-06	6.953602e-06	1.476266e-09	3.763098e+01	1.907381e+02
3.930000e-06	6.940880e-06	1.676267e-09	3.756213e+01	1.905889e+02
3.940000e-06	6.927544e-06	1.810372e-09	3.748996e+01	1.904348e+02
3.950000e-06	6.913409e-06	1.567245e-09	3.741346e+01	1.902762e+02
3.960000e-06	6.898491e-06	1.496045e-09	3.733274e+01	1.901131e+02
3.970000e-06	6.883075e-06	1.747552e-09	3.724931e+01	1.899457e+02
3.980000e-06	6.867137e-06	1.738969e-09	3.716305e+01	1.897739e+02
3.990000e-06	6.850763e-06	1.515769e-09	3.707444e+01	1.895977e+02
4.000000e-06	6.834015e-06	1.620116e-09	3.698381e+01	1.894172e+02
4.010000e-06	6.816705e-06	1.779235e-09	3.689013e+01	1.892321e+02
4.020000e-06	6.798874e-06	1.583389e-09	3.679363e+01	1.890423e+02
4.030000e-06	6.780671e-06	1.501542e-09	3.669512e+01	1.888476e+02
4.040000e-06	6.762002e-06	1.736011e-09	3.659409e+01	1.886478e+02
4.050000e-06	6.742776e-06	1.722501e-09	3.649005e+01	1.884425e+02
4.060000e-06	6.723098e-06	1.508099e-09	3.638356e+01	1.882315e+02
4.070000e-06	6.703151e-06	1.612973e-09	3.627561e+01	1.880144e+02
4.080000e-06	6.682934e-06	1.751984e-09	3.616620e+01	1.877909e+02
4.090000e-06	6.662283e-06	1.582009e-09	3.605444e+01	1.875606e+02
4.100000e-06	6.641199e-06	1.540186e-09	3.594034e+01	1.873231e+02
4.110000e-06	6.619453e-06	1.710363e-09	3.582266e+01	1.870781e+02
4.120000e-06	6.596796e-06	1.654745e-09	3.570004e+01	1.868253e+02
4.130000e-06	6.573411e-06	1.540749e-09	3.557349e+01	1.865643e+02
4.140000e-06	6.549523e-06	1.654001e-09	3.544421e+01	1.862949e+02
4.150000e-06	6.525304e-06	1.676103e-09	3.531315e+01	1.860169e+02
4.160000e-06	6.500827e-06	1.553906e-09	3.518068e+01	1.857302e+02
4.170000e-06	6.475950e-06	1.605894e-09	3.504606e+01	1.854344e+02
4.180000e-06	6.450513e-06	1.680678e-09	3.490840e+01	1.851297e+02
4.190000e-06	6.424447e-06	1.594520e-09	3.476734e+01	1.848160e+02
4.200000e-06	6.397846e-06	1.585390e-09	3.462338e+01	1.844934e+02
4.210000e-06	6.370909e-06	1.649744e-09	3.447760e+01	1.841620e+02
4.220000e-06	6.343618e-06	1.601082e-09	3.432991e+01	1.838219e+02
4.230000e-06	6.315916e-06	1.574426e-09	3.418000e+01	1.834734e+02
4.240000e-06	6.287909e-06	1.625109e-09	3.402843e+01	1.831167e+02
4.250000e-06	6.259629e-06	1.605884e-09	3.387539e+01	1.827522e+02
4.260000e-06	6.230927e-06	1.578439e-09	3.372006e+01	1.823802e+02
4.270000e-06	6.201621e-06	1.609458e-09	3.356146e+01	1.820010e+02
4.280000e-06	6.171672e-06	1.599862e-09	3.339939e+01	1.816152e+02
4.290000e-06	6.141040e-06	1.576070e-09	3.323362e+01	1.812230e+02
4.300000e-06	6.109758e-06	1.592635e-09	3.306433e+01	1.808248e+02
4.310000e-06	6.078017e-06	1.587661e-09	3.289256e+01	1.804209e+02
4.320000e-06	6.045885e-06	1.575702e-09	3.271866e+01	1.800118e+02
4.330000e-06	6.013384e-06	1.588876e-09	3.254278e+01	1.795977e+02
4.340000e-06	5.980621e-06	1.578109e-09	3.236548e+01	1.791789e+02
4.350000e-06	5.947478e-06	1.563307e-09	3.218611e+01	1.787554e+02
4.360000e-06	5.913836e-06	1.575523e-09	3.200405e+01	1.783275e+02
4.370000e-06	5.879797e-06	1.570157e-09	3.181984e+01	1.778952e+02
4.380000e-06	5.845398e-06	1.559954e-09	3.163368e+01	1.774585e+02
4.390000e-06	5.810549e-06	1.571212e-09	3.144509e+01	1.770171e+02
4.400000e-06	5.775247e-06	1.563836e-09	3.125405e+01	1.765710e+02
4.410000e-06	5.739529e-06	1.548161e-09	3.106075e+01	1.761200e+02
4.420000e-06	5.703541e-06	1.556098e-09	3.086600e+01	1.756635e+02
4.430000e-06	5.667391e-06	1.555085e-09	3.067036e+01	1.752012e+02
4.440000e-06	5.630969e-06	1.540429e-09	3.047325e+01	1.747328e+02
4.450000e-06	5.594194e-06	1.541915e-09	3.027424e+01	1.742575e+02
4.460000e-06	5.556957e-06	1.546542e-09	3.007272e+01	1.737748e+02
4.470000e-06	5.519116e-06	1.539493e-09	2.986793e+01	1.732842e+02
4.480000e-06	5.480525e-06	1.534109e-09	2.965909e+01	1.727850e+02
4.490000e-06	5.441216e-06	1.531589e-09	2.944636e+01	1.722765e+02
4.500000e-06	5.401424e-06	1.526258e-09	2.923102e+01	1.717581e+02
4.510000e-06	5.361357e-06	1.521282e-09	2.901419e+01	1.712292e+02
4.520000e-06	5.321030e-06	1.518103e-09	2.879595e+01	1.706892e+02
4.530000e-06	5.280452e-06	1.515085e-09	2.857635e+01	1.701375e+02
4.540000e-06	5.239567e-06	1.510216e-09	2.835509e+01	1.695737e+02
4.550000e-06	5.198307e-06	1.504773e-09	2.813181e+01	1.689973e+02
4.560000e-06	5.156705e-06	1.502642e-09	2.790666e+01	1.684080e+02
4.570000e-06	5.114816e-06	1.499982e-09	2.767998e+01	1.678055e+02
4.580000e-06	5.072598e-06	1.492022e-09	2.745150e+01	1.671897e+02
4.590000e-06	5.029978e-06	1.483892e-09	2.722085e+01	1.665604e+02
4.600000e-06	4.986907e-06	1.479700e-09	2.698777e+01	1.659176e+02
4.610000e-06	4.943531e-06	1.475827e-09	2.675303e+01	1.652615e+02
4.620000e-06	4.899900e-06	1.471549e-09	2.651691e+01	1.645922e+02
4.630000e-06	4.855863e-06	1.469783e-09	2.627859e+01	1.639100e+02
4.640000e-06	4.811597e-06	1.467688e-09	2.603904e+01	1.632152e+02
4.650000e-06	4.767247e-06	1.461330e-09	2.579903e+01	1.625083e+02
4.660000e-06	4.722674e-06	1.453006e-09	2.555781e+01	1.617897e+02
4.670000e-06	4.677687e-06	1.445352e-09	2.531435e+01	1.610600e+02
4.680000e-06	4.632320e-06	1.437455e-09	2.506884e+01	1.603195e+02
4.690000e-06	4.586569e-06	1.429612e-09	2.482125e+01	1.595690e+02
4.700000e-06	4.540323e-06	1.423406e-09	2.457098e+01	1.588089e+02
4.710000e-06	4.493666e-06	1.418636e-09	2.431848e+01	1.580397e+02
4.720000e-06	4.446749e-06	1.414136e-09	2.406458e+01	1.572619e+02
4.730000e-06	4.399664e-06	1.408140e-09	2.380977e+01	1.564760e+02
4.740000e-06	4.352343e-06	1.399003e-09	2.355368e+01	1.556823e+02
4.750000e-06	4.304663e-06	1.390340e-09	2.329565e+01	1.548811e+02
4.760000e-06	4.256663e-06	1.384269e-09	2.303589e+01	1.540725e+02
4.770000e-06	4.208414e-06	1.377198e-09	2.277478e+01	1.532568e+02
4.780000e-06	4.159717e-06	1.369949e-09	2.251124e+01	1.524337e+02
4.790000e-06	4.110502e-06	1.365338e-09	2.224490e+01	1.516033e+02
4.800000e-06	4.060995e-06	1.360110e-09	2.197699e+01	1.507652e+02
4.810000e-06	4.011209e-06	1.352195e-09	2.170756e+01	1.499191e+02
4.820000e-06	3.961201e-06	1.344146e-09	2.143693e+01	1.490646e+02
4.830000e-06	3.910832e-06	1.337209e-09	2.116434e+01	1.482010e+02
4.840000e-06	3.859998e-06	1.329509e-09	2.088925e+01	1.473276e+02
4.850000e-06	3.808960e-06	1.321268e-09	2.061304e+01	1.464437e+02
4.860000e-06	3.757597e-06	1.313278e-09	2.033508e+01	1.455485e+02
4.870000e-06	3.705907e-06	1.305614e-09	2.005535e+01	1.446410e+02
4.880000e-06	3.654066e-06	1.297959e-09	1.977480e+01	1.437202e+02
4.890000e-06	3.601938e-06	1.289815e-09	1.949270e+01	1.427853e+02
4.900000e-06	3.549484e-06	1.282599e-09	1.920883e+01	1.418352e+02
4.910000e-06	3.496765e-06	1.276555e-09	1.892353e+01	1.408690e+02
4.920000e-06	3.443784e-06	1.270139e-09	1.863681e+01	1.398858e+02
4.930000e-06	3.390403e-06	1.261743e-09	1.834793e+01	1.388846e+02
4.940000e-06	3.336702e-06	1.251962e-09	1.805731e+01	1.378646e+02
4.950000e-06	3.282746e-06	1.242552e-09	1.776532e+01	1.368252e+02
4.960000e-06	3.228373e-06	1.233174e-09	1.747107e+01	1.357657e+02
4.970000e-06	3.173678e-06	1.223501e-09	1.717507e+01	1.346855e+02
4.980000e-06	3.118708e-06	1.214011e-09	1.687759e+01	1.335844e+02
4.990000e-06	3.063302e-06	1.204043e-09	1.657775e+01	1.324620e+02
5.000000e-06	3.007566e-06	1.193610e-09	1.627612e+01	1.313183e+02
5.010000e-06	2.951689e-06	1.182919e-09	1.597373e+01	1.301532e+02
5.020000e-06	2.895606e-06	1.171168e-09	1.567022e+01	1.289670e+02
5.030000e-06	2.839377e-06	1.158688e-09	1.536593e+01	1.277598e+02
5.040000e-06	2.783091e-06	1.147152e-09	1.506132e+01	1.265322e+02
5.050000e-06	2.726647e-06	1.136738e-09	1.475586e+01	1.252845e+02
5.060000e-06	2.669996e-06	1.127084e-09	1.444928e+01	1.240175e+02
5.070000e-06	2.613248e-06	1.116327e-09	1.414218e+01	1.227319e+02
5.080000e-06	2.556328e-06	1.103338e-09	1.383414e+01	1.214282e+02
5.090000e-06	2.499059e-06	1.090089e-09	1.352422e+01	1.201075e+02
5.100000e-06	2.441632e-06	1.078025e-09	1.321344e+01	1.187703e+02
5.110000e-06	2.384192e-06	1.066546e-09	1.290259e+01	1.174176e+02
5.120000e-06	2.326539e-06	1.054481e-09	1.259059e+01	1.160499e+02
5.130000e-06	2.268615e-06	1.041916e-09	1.227712e+01	1.146681e+02
5.140000e-06	2.210582e-06	1.029931e-09	1.196306e+01	1.132726e+02
5.150000e-06	2.152469e-06	1.017722e-09	1.164857e+01	1.118639e+02
5.160000e-06	2.094130e-06	1.004189e-09	1.133286e+01	1.104424e+02
5.170000e-06	2.035577e-06	9.897949e-10	1.101598e+01	1.090081e+02
5.180000e-06	1.976911e-06	9.755290e-10	1.069850e+01	1.075610e+02
5.190000e-06	1.918184e-06	9.626327e-10	1.038068e+01	1.061009e+02
5.200000e-06	1.859309e-06	9.506134e-10	1.006207e+01	1.046274e+02
5.210000e-06	1.800152e-06	9.373050e-10	9.741928e+00	1.031398e+02
5.220000e-06	1.740936e-06	9.223959e-10	9.421466e+00	1.016372e+02
5.230000e-06	1.681592e-06	9.081513e-10	9.100312e+00	1.001185e+02
5.240000e-06	1.622045e-06	8.944578e-10	8.778063e+00	9.858245e+01
5.250000e-06	1.562422e-06	8.799474e-10	8.455399e+00	9.702741e+01
5.260000e-06	1.502750e-06	8.651944e-10	8.132467e+00	9.545168e+01
5.270000e-06	1.443033e-06	8.509536e-10	7.809295e+00	9.385333e+01
5.280000e-06	1.383254e-06	8.363100e-10	7.485792e+00	9.223025e+01
5.290000e-06	1.323423e-06	8.207692e-10	7.162002e+00	9.058022e+01
5.300000e-06	1.263471e-06	8.048275e-10	6.837558e+00	8.890088e+01
5.310000e-06	1.203453e-06	7.881770e-10	6.512757e+00	8.718978e+01
5.320000e-06	1.143408e-06	7.706488e-10	6.187810e+00	8.544444e+01
5.330000e-06	1.083298e-06	7.537621e-10	5.862510e+00	8.366233e+01
5.340000e-06	1.023134e-06	7.385140e-10	5.536921e+00	8.184095e+01
5.350000e-06	9.629835e-07	7.227485e-10	5.211401e+00	7.997785e+01
5.360000e-06	9.027718e-07	7.045759e-10	4.885552e+00	7.807067e+01
5.370000e-06	8.424829e-07	6.857768e-10	4.559286e+00	7.611715e+01
5.380000e-06	7.821477e-07	6.671706e-10	4.232768e+00	7.411523e+01
5.390000e-06	7.218050e-07	6.482419e-10	3.906210e+00	7.206301e+01
5.400000e-06	6.614828e-07	6.288748e-10	3.579763e+00	6.995882e+01
5.410000e-06	6.011463e-07	6.088918e-10	3.253238e+00	6.780126e+01
5.420000e-06	5.408097e-07	5.889981e-10	2.926713e+00	6.558918e+01
5.430000e-06	4.804050e-07	5.690736e-10	2.599820e+00	6.332178e+01
5.440000e-06	4.198962e-07	5.491592e-10	2.272363e+00	6.099853e+01
5.450000e-06	3.593775e-07	5.281348e-10	1.944852e+00	5.861929e+01
5.460000e-06	2.988494e-07	5.052098e-10	1.617291e+00	5.618423e+01
5.470000e-06	2.383679e-07	4.817067e-10	1.289981e+00	5.369390e+01
5.480000e-06	1.779853e-07	4.591614e-10	9.632072e-01	5.114920e+01
5.490000e-06	1.175263e-07	4.376571e-10	6.360197e-01	4.855140e+01
5.500000e-06	5.696302e-08	4.153916e-10	3.082682e-01	4.590212e+01
5.510000e-06	-3.597049e-09	3.910493e-10	-1.946624e-02	4.320331e+01
5.520000e-06	-6.410954e-08	3.658879e-10	-3.469431e-01	4.045726e+01
5.530000e-06	-1.245661e-07	3.413484e-10	-6.741174e-01	3.766658e+01
5.540000e-06	-1.850033e-07	3.169196e-10	-1.001187e+00	3.483416e+01
5.550000e-06	-2.454530e-07	2.921041e-10	-1.328324e+00	3.196314e+01
5.560000e-06	-3.059543e-07	2.670502e-10	-1.655741e+00	2.905692e+01
5.570000e-06	-3.664319e-07	2.419193e-10	-1.983028e+00	2.611910e+01
5.580000e-06	-4.268543e-07	2.164446e-10	-2.310018e+00	2.315346e+01
5.590000e-06	-4.872263e-07	1.895270e-10	-2.636735e+00	2.016392e+01
5.600000e-06	-5.475752e-07	1.623735e-10	-2.963326e+00	1.715452e+01
5.610000e-06	-6.079451e-07	1.362701e-10	-3.290031e+00	1.412937e+01
5.620000e-06	-6.683211e-07	1.104810e-10	-3.616770e+00	1.109261e+01
5.630000e-06	-7.286440e-07	8.549997e-11	-3.943221e+00	8.048420e+00
5.640000e-06	-7.888840e-07	6.006614e-11	-4.269223e+00	5.000927e+00
5.650000e-06	-8.491413e-07	3.231584e-11	-4.595319e+00	1.954216e+00
5.660000e-06	-9.093989e-07	3.882407e-12	-4.921416e+00	-1.087720e+00
5.670000e-06	-9.695826e-07	-2.302615e-11	-5.247114e+00	-4.120998e+00
5.680000e-06	-1.029762e-06	-4.818363e-11	-5.572791e+00	-7.141879e+00
5.690000e-06	-1.089936e-06	-7.258502e-11	-5.898435e+00	-1.014679e+01
5.700000e-06	-1.150041e-06	-9.757845e-11	-6.223708e+00	-1.313234e+01
5.710000e-06	-1.210100e-06	-1.234962e-10	-6.548727e+00	-1.609535e+01
5.720000e-06	-1.270089e-06	-1.494461e-10	-6.873370e+00	-1.903285e+01
5.730000e-06	-1.330018e-06	-1.746036e-10	-7.197694e+00	-2.194212e+01
5.740000e-06	-1.389927e-06	-1.993398e-10	-7.521900e+00	-2.482067e+01
5.750000e-06	-1.449747e-06	-2.242107e-10	-7.845630e+00	-2.766626e+01
5.760000e-06	-1.509395e-06	-2.494396e-10	-8.168430e+00	-3.047693e+01
5.770000e-06	-1.568918e-06	-2.747584e-10	-8.490551e+00	-3.325095e+01
5.780000e-06	-1.628341e-06	-2.999393e-10	-8.812134e+00	-3.598686e+01
5.790000e-06	-1.687572e-06	-3.250185e-10	-9.132677e+00	-3.868346e+01
5.800000e-06	-1.746545e-06	-3.502953e-10	-9.451820e+00	-4.133977e+01
5.810000e-06	-1.805393e-06	-3.747731e-10	-9.770291e+00	-4.395509e+01
5.820000e-06	-1.864273e-06	-3.980195e-10	-1.008893e+01	-4.652892e+01
5.830000e-06	-1.923147e-06	-4.217444e-10	-1.040754e+01	-4.906101e+01
5.840000e-06	-1.981915e-06	-4.464294e-10	-1.072558e+01	-5.155128e+01
5.850000e-06	-2.040383e-06	-4.708373e-10	-1.104199e+01	-5.399987e+01
5.860000e-06	-2.098544e-06	-4.930409e-10	-1.135674e+01	-5.640710e+01
5.870000e-06	-2.156600e-06	-5.135856e-10	-1.167093e+01	-5.877344e+01
5.880000e-06	-2.214556e-06	-5.350100e-10	-1.198457e+01	-6.109951e+01
5.890000e-06	-2.272298e-06	-5.566829e-10	-1.229705e+01	-6.338608e+01
5.900000e-06	-2.329884e-06	-5.772991e-10	-1.260869e+01	-6.563400e+01
5.910000e-06	-2.387437e-06	-5.974329e-10	-1.292015e+01	-6.784423e+01
5.920000e-06	-2.444794e-06	-6.171007e-10	-1.323055e+01	-7.001782e+01
5.930000e-06	-2.501813e-06	-6.369693e-10	-1.353912e+01	-7.215587e+01
5.940000e-06	-2.558543e-06	-6.579022e-10	-1.384613e+01	-7.425951e+01
5.950000e-06	-2.615104e-06	-6.795757e-10	-1.415222e+01	-7.632994e+01
5.960000e-06	-2.671598e-06	-7.003337e-10	-1.445795e+01	-7.836834e+01
5.970000e-06	-2.728003e-06	-7.194251e-10	-1.476320e+01	-8.037590e+01
5.980000e-06	-2.784321e-06	-7.382691e-10	-1.506798e+01	-8.235380e+01
5.990000e-06	-2.840509e-06	-7.569741e-10	-1.537205e+01	-8.430318e+01
6.000000e-06	-2.896565e-06	-7.747001e-10	-1.567541e+01	-8.622517e+01
6.010000e-06	-2.952541e-06	-7.922393e-10	-1.597834e+01	-8.812081e+01
6.020000e-06	-3.008358e-06	-8.095412e-10	-1.628041e+01	-8.999112e+01
6.030000e-06	-3.063792e-06	-8.262412e-10	-1.658040e+01	-9.183704e+01
6.040000e-06	-3.118889e-06	-8.435772e-10	-1.687857e+01	-9.365943e+01
6.050000e-06	-3.173824e-06	-8.605910e-10	-1.717586e+01	-9.545908e+01
6.060000e-06	-3.228401e-06	-8.761875e-10	-1.747122e+01	-9.723670e+01
6.070000e-06	-3.282434e-06	-8.913713e-10	-1.776363e+01	-9.899291e+01
6.080000e-06	-3.335973e-06	-9.066886e-10	-1.805337e+01	-1.007282e+02
6.090000e-06	-3.389145e-06	-9.228327e-10	-1.834112e+01	-1.024431e+02
6.100000e-06	-3.442000e-06	-9.400472e-10	-1.862716e+01	-1.041379e+02
6.110000e-06	-3.494625e-06	-9.565713e-10	-1.891195e+01	-1.058129e+02
6.120000e-06	-3.547037e-06	-9.717250e-10	-1.919559e+01	-1.074682e+02
6.130000e-06	-3.599241e-06	-9.869529e-10	-1.947810e+01	-1.091040e+02
6.140000e-06	-3.651248e-06	-1.002373e-09	-1.975955e+01	-1.107203e+02
6.150000e-06	-3.702939e-06	-1.017584e-09	-2.003929e+01	-1.123171e+02
6.160000e-06	-3.754372e-06	-1.032352e-09	-2.031763e+01	-1.138943e+02
6.170000e-06	-3.805468e-06	-1.046644e-09	-2.059414e+01	-1.154518e+02
6.180000e-06	-3.856263e-06	-1.060752e-09	-2.086903e+01	-1.169892e+02
6.190000e-06	-3.906861e-06	-1.074039e-09	-2.114286e+01	-1.185065e+02
6.200000e-06	-3.957122e-06	-1.086343e-09	-2.141485e+01	-1.200034e+02
6.210000e-06	-4.007076e-06	-1.098558e-09	-2.168519e+01	-1.214795e+02
6.220000e-06	-4.056781e-06	-1.110917e-09	-2.195418e+01	-1.229346e+02
6.230000e-06	-4.105868e-06	-1.122978e-09	-2.221983e+01	-1.243685e+02
6.240000e-06	-4.154401e-06	-1.135390e-09	-2.248247e+01	-1.257808e+02
6.250000e-06	-4.202539e-06	-1.148562e-09	-2.274298e+01	-1.271712e+02
6.260000e-06	-4.250316e-06	-1.161359e-09	-2.300154e+01	-1.285396e+02
6.270000e-06	-4.297805e-06	-1.173009e-09	-2.325854e+01	-1.298857e+02
6.280000e-06	-4.344973e-06	-1.184753e-09	-2.351379e+01	-1.312094e+02
6.290000e-06	-4.391922e-06	-1.198025e-09	-2.376787e+01	-1.325105e+02
6.300000e-06	-4.438587e-06	-1.211675e-09	-2.402041e+01	-1.337889e+02
6.310000e-06	-4.484973e-06	-1.224111e-09	-2.427144e+01	-1.350446e+02
6.320000e-06	-4.531080e-06	-1.234817e-09	-2.452096e+01	-1.362777e+02
6.330000e-06	-4.576937e-06	-1.244166e-09	-2.476912e+01	-1.374882e+02
6.340000e-06	-4.622508e-06	-1.253996e-09	-2.501574e+01	-1.386762e+02
6.350000e-06	-4.667689e-06	-1.265279e-09	-2.526025e+01	-1.398420e+02
6.360000e-06	-4.712406e-06	-1.276537e-09	-2.550224e+01	-1.409857e+02
6.370000e-06	-4.756836e-06	-1.286513e-09	-2.574269e+01	-1.421077e+02
6.380000e-06	-4.801170e-06	-1.296421e-09	-2.598261e+01	-1.432082e+02
6.390000e-06	-4.845375e-06	-1.306973e-09	-2.622184e+01	-1.442877e+02
6.400000e-06	-4.889317e-06	-1.316508e-09	-2.645964e+01	-1.453466e+02
6.410000e-06	-4.932902e-06	-1.323878e-09	-2.669551e+01	-1.463853e+02
6.420000e-06	-4.976160e-06	-1.330969e-09	-2.692961e+01	-1.474042e+02
6.430000e-06	-5.019072e-06	-1.339819e-09	-2.716184e+01	-1.484039e+02
6.440000e-06	-5.061589e-06	-1.349519e-09	-2.739193e+01	-1.493848e+02
6.450000e-06	-5.103697e-06	-1.358308e-09	-2.761980e+01	-1.503475e+02
6.460000e-06	-5.145461e-06	-1.367181e-09	-2.784582e+01	-1.512924e+02
6.470000e-06	-5.186849e-06	-1.376874e-09	-2.806980e+01	-1.522201e+02
6.480000e-06	-5.227866e-06	-1.385620e-09	-2.829177e+01	-1.531309e+02
6.490000e-06	-5.268560e-06	-1.393285e-09	-2.851200e+01	-1.540254e+02
6.500000e-06	-5.308941e-06	-1.401074e-09	-2.873053e+01	-1.549040e+02
6.510000e-06	-5.349093e-06	-1.408653e-09	-2.894782e+01	-1.557672e+02
6.520000e-06	-5.389033e-06	-1.415926e-09	-2.916396e+01	-1.566152e+02
6.530000e-06	-5.428639e-06	-1.422703e-09	-2.937830e+01	-1.574485e+02
6.540000e-06	-5.467781e-06	-1.427871e-09	-2.959012e+01	-1.582673e+02
6.550000e-06	-5.506349e-06	-1.433133e-09	-2.979884e+01	-1.590720e+02
6.560000e-06	-5.544202e-06	-1.440653e-09	-3.000369e+01	-1.598629e+02
6.570000e-06	-5.581312e-06	-1.449174e-09	-3.020452e+01	-1.606401e+02
6.580000e-06	-5.617936e-06	-1.456656e-09	-3.040272e+01	-1.614039e+02
6.590000e-06	-5.654341e-06	-1.463460e-09	-3.059974e+01	-1.621545e+02
6.600000e-06	-5.690593e-06	-1.470118e-09	-3.079592e+01	-1.628920e+02
6.610000e-06	-5.726667e-06	-1.475524e-09	-3.099114e+01	-1.636166e+02
6.620000e-06	-5.762230e-06	-1.480032e-09	-3.118360e+01	-1.643284e+02
6.630000e-06	-5.797170e-06	-1.485067e-09	-3.137269e+01	-1.650276e+02
6.640000e-06	-5.831832e-06	-1.490936e-09	-3.156027e+01	-1.657144e+02
6.650000e-06	-5.866202e-06	-1.496918e-09	-3.174627e+01	-1.663888e+02
6.660000e-06	-5.900029e-06	-1.502453e-09	-3.192933e+01	-1.670511e+02
6.670000e-06	-5.933347e-06	-1.508072e-09	-3.210964e+01	-1.677015e+02
6.680000e-06	-5.966320e-06	-1.512999e-09	-3.228808e+01	-1.683401e+02
6.690000e-06	-5.998960e-06	-1.516447e-09	-3.246472e+01	-1.689671e+02
6.700000e-06	-6.031239e-06	-1.519731e-09	-3.263940e+01	-1.695828e+02
6.710000e-06	-6.063249e-06	-1.523824e-09	-3.281263e+01	-1.701875e+02
6.720000e-06	-6.094922e-06	-1.529134e-09	-3.298404e+01	-1.707815e+02
6.730000e-06	-6.125986e-06	-1.534871e-09	-3.315215e+01	-1.713650e+02
6.740000e-06	-6.156296e-06	-1.538678e-09	-3.331618e+01	-1.719385e+02
6.750000e-06	-6.185913e-06	-1.541839e-09	-3.347646e+01	-1.725023e+02
6.760000e-06	-6.214921e-06	-1.546114e-09	-3.363344e+01	-1.730567e+02
6.770000e-06	-6.243441e-06	-1.550710e-09	-3.378779e+01	-1.736023e+02
6.780000e-06	-6.271703e-06	-1.554294e-09	-3.394073e+01	-1.741393e+02
6.790000e-06	-6.299747e-06	-1.557674e-09	-3.409250e+01	-1.746683e+02
6.800000e-06	-6.327407e-06	-1.561077e-09	-3.424218e+01	-1.751896e+02
6.810000e-06	-6.354578e-06	-1.564067e-09	-3.438923e+01	-1.757037e+02
6.820000e-06	-6.381215e-06	-1.567565e-09	-3.453338e+01	-1.762109e+02
6.830000e-06	-6.407310e-06	-1.570796e-09	-3.467460e+01	-1.767116e+02
6.840000e-06	-6.433026e-06	-1.574388e-09	-3.481376e+01	-1.772062e+02
6.850000e-06	-6.458218e-06	-1.578191e-09	-3.495010e+01	-1.776950e+02
6.860000e-06	-6.482850e-06	-1.581684e-09	-3.508340e+01	-1.781782e+02
6.870000e-06	-6.507244e-06	-1.584612e-09	-3.521541e+01	-1.786560e+02
6.880000e-06	-6.531494e-06	-1.586665e-09	-3.534665e+01	-1.791288e+02
6.890000e-06	-6.555464e-06	-1.589963e-09	-3.547636e+01	-1.795965e+02
6.900000e-06	-6.579003e-06	-1.594327e-09	-3.560375e+01	-1.800593e+02
6.910000e-06	-6.601910e-06	-1.597046e-09	-3.572772e+01	-1.805171e+02
6.920000e-06	-6.623872e-06	-1.598012e-09	-3.584657e+01	-1.809700e+02
6.930000e-06	-6.645033e-06	-1.599824e-09	-3.596109e+01	-1.814177e+02
6.940000e-06	-6.665687e-06	-1.602716e-09	-3.607286e+01	-1.818602e+02
6.950000e-06	-6.686023e-06	-1.605613e-09	-3.618292e+01	-1.822973e+02
6.960000e-06	-6.706136e-06	-1.609402e-09	-3.629176e+01	-1.827286e+02
6.970000e-06	-6.725855e-06	-1.613290e-09	-3.639848e+01	-1.831539e+02
6.980000e-06	-6.744986e-06	-1.616355e-09	-3.650201e+01	-1.835728e+02
6.990000e-06	-6.763582e-06	-1.618911e-09	-3.660264e+01	-1.839849e+02
7.000000e-06	-6.781799e-06	-1.621628e-09	-3.670123e+01	-1.843898e+02
7.010000e-06	-6.799690e-06	-1.624579e-09	-3.679805e+01	-1.847871e+02
7.020000e-06	-6.817069e-06	-1.626829e-09	-3.689210e+01	-1.851764e+02
7.030000e-06	-6.833850e-06	-1.628513e-09	-3.698292e+01	-1.855571e+02
7.040000e-06	-6.850272e-06	-1.630965e-09	-3.707178e+01	-1.859288e+02
7.050000e-06	-6.866507e-06	-1.634150e-09	-3.715965e+01	-1.862912e+02
7.060000e-06	-6.882460e-06	-1.637742e-09	-3.724598e+01	-1.866438e+02
7.070000e-06	-6.897674e-06	-1.641141e-09	-3.732831e+01	-1.869861e+02
7.080000e-06	-6.912031e-06	-1.643489e-09	-3.740601e+01	-1.873179e+02
7.090000e-06	-6.925623e-06	-1.646300e-09	-3.747956e+01	-1.876389e+02
7.100000e-06	-6.938526e-06	-1.649236e-09	-3.754939e+01	-1.879487e+02
7.110000e-06	-6.950862e-06	-1.649731e-09	-3.761615e+01	-1.882471e+02
7.120000e-06	-6.962715e-06	-1.649250e-09	-3.768029e+01	-1.885339e+02
7.130000e-06	-6.974087e-06	-1.651012e-09	-3.774184e+01	-1.888091e+02
7.140000e-06	-6.984924e-06	-1.654256e-09	-3.780048e+01	-1.890724e+02
7.150000e-06	-6.995289e-06	-1.656172e-09	-3.785658e+01	-1.893239e+02
7.160000e-06	-7.005282e-06	-1.656889e-09	-3.791066e+01	-1.895636e+02
7.170000e-06	-7.014865e-06	-1.657702e-09	-3.796252e+01	-1.897915e+02
7.180000e-06	-7.023757e-06	-1.658690e-09	-3.801064e+01	-1.900077e+02
7.190000e-06	-7.032131e-06	-1.659866e-09	-3.805595e+01	-1.902123e+02
7.200000e-06	-7.040291e-06	-1.661342e-09	-3.810012e+01	-1.904055e+02
7.210000e-06	-7.048154e-06	-1.662227e-09	-3.814267e+01	-1.905874e+02
7.220000e-06	-7.055599e-06	-1.661981e-09	-3.818296e+01	-1.907583e+02
7.230000e-06	-7.062305e-06	-1.661280e-09	-3.821925e+01	-1.909183e+02
7.240000e-06	-7.068194e-06	-1.660082e-09	-3.825112e+01	-1.910677e+02
7.250000e-06	-7.073385e-06	-1.658958e-09	-3.827921e+01	-1.912066e+02
7.260000e-06	-7.077981e-06	-1.658923e-09	-3.830409e+01	-1.913354e+02
7.270000e-06	-7.082143e-06	-1.658764e-09	-3.832661e+01	-1.914541e+02
7.280000e-06	-7.085929e-06	-1.658351e-09	-3.834710e+01	-1.915630e+02
7.290000e-06	-7.089334e-06	-1.658907e-09	-3.836552e+01	-1.916623e+02
7.300000e-06	-7.092302e-06	-1.659661e-09	-3.838159e+01	-1.917521e+02
7.310000e-06	-7.094811e-06	-1.659558e-09	-3.839516e+01	-1.918326e+02
7.320000e-06	-7.096856e-06	-1.659210e-09	-3.840623e+01	-1.919038e+02
7.330000e-06	-7.098334e-06	-1.659838e-09	-3.841423e+01	-1.919659e+02
7.340000e-06	-7.099152e-06	-1.659936e-09	-3.841866e+01	-1.920189e+02
