# Temperatura_=_20.0
# Concentracion g/m^3_=_7400.0
# C_Vs_to_Am_M_A/Vsm_=_116720831517.84952
# pendiente_HvsI_1/m_=_3716.3
# ordenada_HvsI_A/m_=_1297.0
# frecuencia_Hz_=_136110.79390012607

Tiempo_(s)	Campo_(V.s)	Magnetizacion_(V.s)	Campo_(kA/m)	Magnetizacion_(A/m)
0.000000e+00	-7.080810e-06	-1.369702e-09	-3.842250e+01	-1.586341e+02
1.000000e-08	-7.080940e-06	-1.369588e-09	-3.842320e+01	-1.585979e+02
2.000000e-08	-7.080686e-06	-1.369371e-09	-3.842182e+01	-1.585549e+02
3.000000e-08	-7.079927e-06	-1.367759e-09	-3.841771e+01	-1.585055e+02
4.000000e-08	-7.078251e-06	-1.366329e-09	-3.840861e+01	-1.584500e+02
5.000000e-08	-7.075711e-06	-1.365372e-09	-3.839483e+01	-1.583888e+02
6.000000e-08	-7.072751e-06	-1.364003e-09	-3.837876e+01	-1.583223e+02
7.000000e-08	-7.069384e-06	-1.366161e-09	-3.836050e+01	-1.582509e+02
8.000000e-08	-7.065457e-06	-1.369276e-09	-3.833919e+01	-1.581749e+02
9.000000e-08	-7.060778e-06	-1.351288e-09	-3.831379e+01	-1.580947e+02
1.000000e-07	-7.055384e-06	-1.322956e-09	-3.828453e+01	-1.580105e+02
1.100000e-07	-7.049498e-06	-1.349522e-09	-3.825259e+01	-1.579228e+02
1.200000e-07	-7.043429e-06	-1.406017e-09	-3.821966e+01	-1.578317e+02
1.300000e-07	-7.037046e-06	-1.382068e-09	-3.818502e+01	-1.577375e+02
1.400000e-07	-7.029896e-06	-1.314721e-09	-3.814622e+01	-1.576406e+02
1.500000e-07	-7.022341e-06	-1.335623e-09	-3.810523e+01	-1.575412e+02
1.600000e-07	-7.014701e-06	-1.405561e-09	-3.806377e+01	-1.574394e+02
1.700000e-07	-7.006587e-06	-1.367017e-09	-3.801974e+01	-1.573355e+02
1.800000e-07	-6.997690e-06	-1.280195e-09	-3.797147e+01	-1.572297e+02
1.900000e-07	-6.988249e-06	-1.325841e-09	-3.792023e+01	-1.571222e+02
2.000000e-07	-6.978463e-06	-1.417581e-09	-3.786713e+01	-1.570132e+02
2.100000e-07	-6.968159e-06	-1.370866e-09	-3.781122e+01	-1.569026e+02
2.200000e-07	-6.956980e-06	-1.284716e-09	-3.775056e+01	-1.567908e+02
2.300000e-07	-6.945049e-06	-1.324442e-09	-3.768582e+01	-1.566778e+02
2.400000e-07	-6.932778e-06	-1.379081e-09	-3.761923e+01	-1.565637e+02
2.500000e-07	-6.920066e-06	-1.329346e-09	-3.755025e+01	-1.564486e+02
2.600000e-07	-6.906730e-06	-1.301421e-09	-3.747789e+01	-1.563325e+02
2.700000e-07	-6.892790e-06	-1.353275e-09	-3.740224e+01	-1.562155e+02
2.800000e-07	-6.878332e-06	-1.351762e-09	-3.732379e+01	-1.560976e+02
2.900000e-07	-6.862998e-06	-1.304500e-09	-3.724059e+01	-1.559788e+02
3.000000e-07	-6.846793e-06	-1.326776e-09	-3.715266e+01	-1.558590e+02
3.100000e-07	-6.830194e-06	-1.347180e-09	-3.706258e+01	-1.557383e+02
3.200000e-07	-6.813117e-06	-1.296030e-09	-3.696992e+01	-1.556166e+02
3.300000e-07	-6.795626e-06	-1.299046e-09	-3.687501e+01	-1.554938e+02
3.400000e-07	-6.777929e-06	-1.361018e-09	-3.677898e+01	-1.553698e+02
3.500000e-07	-6.759756e-06	-1.332539e-09	-3.668037e+01	-1.552445e+02
3.600000e-07	-6.740831e-06	-1.268707e-09	-3.657768e+01	-1.551178e+02
3.700000e-07	-6.721404e-06	-1.305303e-09	-3.647226e+01	-1.549895e+02
3.800000e-07	-6.701748e-06	-1.339673e-09	-3.636560e+01	-1.548594e+02
3.900000e-07	-6.681827e-06	-1.292411e-09	-3.625750e+01	-1.547274e+02
4.000000e-07	-6.661556e-06	-1.283514e-09	-3.614750e+01	-1.545932e+02
4.100000e-07	-6.640750e-06	-1.324680e-09	-3.603460e+01	-1.544566e+02
4.200000e-07	-6.619348e-06	-1.310637e-09	-3.591847e+01	-1.543174e+02
4.300000e-07	-6.597354e-06	-1.284983e-09	-3.579912e+01	-1.541753e+02
4.400000e-07	-6.574834e-06	-1.304571e-09	-3.567692e+01	-1.540300e+02
4.500000e-07	-6.551909e-06	-1.300350e-09	-3.555253e+01	-1.538813e+02
4.600000e-07	-6.528632e-06	-1.277381e-09	-3.542622e+01	-1.537288e+02
4.700000e-07	-6.505035e-06	-1.296371e-09	-3.529817e+01	-1.535722e+02
4.800000e-07	-6.481110e-06	-1.307501e-09	-3.516835e+01	-1.534113e+02
4.900000e-07	-6.456659e-06	-1.280386e-09	-3.503567e+01	-1.532457e+02
5.000000e-07	-6.431541e-06	-1.277612e-09	-3.489938e+01	-1.530751e+02
5.100000e-07	-6.405725e-06	-1.290923e-09	-3.475929e+01	-1.528992e+02
5.200000e-07	-6.379250e-06	-1.279487e-09	-3.461563e+01	-1.527176e+02
5.300000e-07	-6.352185e-06	-1.272399e-09	-3.446877e+01	-1.525301e+02
5.400000e-07	-6.324628e-06	-1.278800e-09	-3.431923e+01	-1.523363e+02
5.500000e-07	-6.296812e-06	-1.272817e-09	-3.416830e+01	-1.521359e+02
5.600000e-07	-6.268754e-06	-1.269343e-09	-3.401605e+01	-1.519287e+02
5.700000e-07	-6.240380e-06	-1.272135e-09	-3.386209e+01	-1.517144e+02
5.800000e-07	-6.211564e-06	-1.263704e-09	-3.370572e+01	-1.514926e+02
5.900000e-07	-6.182205e-06	-1.258959e-09	-3.354641e+01	-1.512632e+02
6.000000e-07	-6.152359e-06	-1.263278e-09	-3.338446e+01	-1.510259e+02
6.100000e-07	-6.122108e-06	-1.258452e-09	-3.322031e+01	-1.507804e+02
6.200000e-07	-6.091440e-06	-1.254767e-09	-3.305389e+01	-1.505266e+02
6.300000e-07	-6.060312e-06	-1.257138e-09	-3.288498e+01	-1.502643e+02
6.400000e-07	-6.028796e-06	-1.249650e-09	-3.271397e+01	-1.499933e+02
6.500000e-07	-5.997066e-06	-1.243783e-09	-3.254179e+01	-1.497135e+02
6.600000e-07	-5.965150e-06	-1.247999e-09	-3.236860e+01	-1.494248e+02
6.700000e-07	-5.932789e-06	-1.244292e-09	-3.219300e+01	-1.491270e+02
6.800000e-07	-5.899714e-06	-1.236989e-09	-3.201353e+01	-1.488200e+02
6.900000e-07	-5.865919e-06	-1.238111e-09	-3.183015e+01	-1.485038e+02
7.000000e-07	-5.831481e-06	-1.233636e-09	-3.164328e+01	-1.481784e+02
7.100000e-07	-5.796511e-06	-1.224295e-09	-3.145352e+01	-1.478438e+02
7.200000e-07	-5.761084e-06	-1.224202e-09	-3.126129e+01	-1.474998e+02
7.300000e-07	-5.725326e-06	-1.224038e-09	-3.106725e+01	-1.471466e+02
7.400000e-07	-5.689317e-06	-1.218013e-09	-3.087186e+01	-1.467842e+02
7.500000e-07	-5.653046e-06	-1.216777e-09	-3.067504e+01	-1.464125e+02
7.600000e-07	-5.616449e-06	-1.216253e-09	-3.047646e+01	-1.460318e+02
7.700000e-07	-5.579431e-06	-1.210351e-09	-3.027559e+01	-1.456420e+02
7.800000e-07	-5.541958e-06	-1.205179e-09	-3.007225e+01	-1.452432e+02
7.900000e-07	-5.504042e-06	-1.201179e-09	-2.986650e+01	-1.448355e+02
8.000000e-07	-5.465733e-06	-1.194488e-09	-2.965863e+01	-1.444192e+02
8.100000e-07	-5.427017e-06	-1.188937e-09	-2.944854e+01	-1.439941e+02
8.200000e-07	-5.387819e-06	-1.185578e-09	-2.923584e+01	-1.435606e+02
8.300000e-07	-5.348246e-06	-1.181527e-09	-2.902111e+01	-1.431187e+02
8.400000e-07	-5.308502e-06	-1.176838e-09	-2.880545e+01	-1.426686e+02
8.500000e-07	-5.268622e-06	-1.173128e-09	-2.858905e+01	-1.422104e+02
8.600000e-07	-5.228405e-06	-1.169365e-09	-2.837082e+01	-1.417442e+02
8.700000e-07	-5.187781e-06	-1.164963e-09	-2.815038e+01	-1.412703e+02
8.800000e-07	-5.146813e-06	-1.159209e-09	-2.792808e+01	-1.407887e+02
8.900000e-07	-5.105223e-06	-1.151453e-09	-2.770240e+01	-1.402996e+02
9.000000e-07	-5.062931e-06	-1.144207e-09	-2.747291e+01	-1.398032e+02
9.100000e-07	-5.020082e-06	-1.139429e-09	-2.724040e+01	-1.392995e+02
9.200000e-07	-4.976808e-06	-1.135603e-09	-2.700558e+01	-1.387887e+02
9.300000e-07	-4.933263e-06	-1.130994e-09	-2.676929e+01	-1.382710e+02
9.400000e-07	-4.889508e-06	-1.125967e-09	-2.653187e+01	-1.377463e+02
9.500000e-07	-4.845524e-06	-1.120570e-09	-2.629320e+01	-1.372149e+02
9.600000e-07	-4.801330e-06	-1.115021e-09	-2.605339e+01	-1.366768e+02
9.700000e-07	-4.756777e-06	-1.109083e-09	-2.581163e+01	-1.361320e+02
9.800000e-07	-4.711748e-06	-1.102562e-09	-2.556729e+01	-1.355806e+02
9.900000e-07	-4.666259e-06	-1.096154e-09	-2.532045e+01	-1.350225e+02
1.000000e-06	-4.620434e-06	-1.090570e-09	-2.507180e+01	-1.344579e+02
1.010000e-06	-4.574428e-06	-1.085526e-09	-2.482215e+01	-1.338865e+02
1.020000e-06	-4.528112e-06	-1.080564e-09	-2.457083e+01	-1.333084e+02
1.030000e-06	-4.481501e-06	-1.074775e-09	-2.431790e+01	-1.327235e+02
1.040000e-06	-4.434632e-06	-1.068832e-09	-2.406358e+01	-1.321316e+02
1.050000e-06	-4.387391e-06	-1.064275e-09	-2.380723e+01	-1.315326e+02
1.060000e-06	-4.339776e-06	-1.060456e-09	-2.354886e+01	-1.309262e+02
1.070000e-06	-4.291910e-06	-1.056388e-09	-2.328913e+01	-1.303122e+02
1.080000e-06	-4.243933e-06	-1.051259e-09	-2.302879e+01	-1.296904e+02
1.090000e-06	-4.195771e-06	-1.044652e-09	-2.276745e+01	-1.290605e+02
1.100000e-06	-4.147301e-06	-1.039250e-09	-2.250444e+01	-1.284221e+02
1.110000e-06	-4.098385e-06	-1.034645e-09	-2.223901e+01	-1.277747e+02
1.120000e-06	-4.048877e-06	-1.028335e-09	-2.197036e+01	-1.271182e+02
1.130000e-06	-3.998910e-06	-1.021659e-09	-2.169923e+01	-1.264519e+02
1.140000e-06	-3.948566e-06	-1.016126e-09	-2.142605e+01	-1.257755e+02
1.150000e-06	-3.897649e-06	-1.011196e-09	-2.114975e+01	-1.250885e+02
1.160000e-06	-3.846326e-06	-1.006135e-09	-2.087126e+01	-1.243903e+02
1.170000e-06	-3.794829e-06	-1.000250e-09	-2.059183e+01	-1.236804e+02
1.180000e-06	-3.743041e-06	-9.933031e-10	-2.031081e+01	-1.229584e+02
1.190000e-06	-3.690912e-06	-9.867973e-10	-2.002794e+01	-1.222237e+02
1.200000e-06	-3.638539e-06	-9.812943e-10	-1.974375e+01	-1.214758e+02
1.210000e-06	-3.586030e-06	-9.751539e-10	-1.945882e+01	-1.207141e+02
1.220000e-06	-3.533302e-06	-9.680209e-10	-1.917270e+01	-1.199381e+02
1.230000e-06	-3.480210e-06	-9.605011e-10	-1.888462e+01	-1.191473e+02
1.240000e-06	-3.426834e-06	-9.535818e-10	-1.859498e+01	-1.183414e+02
1.250000e-06	-3.373275e-06	-9.484199e-10	-1.830435e+01	-1.175197e+02
1.260000e-06	-3.319285e-06	-9.421674e-10	-1.801139e+01	-1.166820e+02
1.270000e-06	-3.265001e-06	-9.337369e-10	-1.771683e+01	-1.158278e+02
1.280000e-06	-3.210680e-06	-9.266168e-10	-1.742207e+01	-1.149568e+02
1.290000e-06	-3.156162e-06	-9.207571e-10	-1.712624e+01	-1.140688e+02
1.300000e-06	-3.101416e-06	-9.132962e-10	-1.682917e+01	-1.131635e+02
1.310000e-06	-3.046399e-06	-9.044352e-10	-1.653063e+01	-1.122407e+02
1.320000e-06	-2.991030e-06	-8.958037e-10	-1.623018e+01	-1.113004e+02
1.330000e-06	-2.935498e-06	-8.877764e-10	-1.592885e+01	-1.103425e+02
1.340000e-06	-2.879971e-06	-8.803610e-10	-1.562755e+01	-1.093670e+02
1.350000e-06	-2.824315e-06	-8.736273e-10	-1.532554e+01	-1.083739e+02
1.360000e-06	-2.768478e-06	-8.663548e-10	-1.502255e+01	-1.073633e+02
1.370000e-06	-2.712546e-06	-8.578725e-10	-1.471905e+01	-1.063355e+02
1.380000e-06	-2.656522e-06	-8.494539e-10	-1.441504e+01	-1.052905e+02
1.390000e-06	-2.600280e-06	-8.413683e-10	-1.410986e+01	-1.042287e+02
1.400000e-06	-2.543837e-06	-8.325337e-10	-1.380358e+01	-1.031503e+02
1.410000e-06	-2.487356e-06	-8.229708e-10	-1.349710e+01	-1.020556e+02
1.420000e-06	-2.430681e-06	-8.139734e-10	-1.318957e+01	-1.009448e+02
1.430000e-06	-2.373725e-06	-8.056339e-10	-1.288051e+01	-9.981841e+01
1.440000e-06	-2.316554e-06	-7.967309e-10	-1.257028e+01	-9.867660e+01
1.450000e-06	-2.259048e-06	-7.867337e-10	-1.225824e+01	-9.751968e+01
1.460000e-06	-2.201214e-06	-7.755855e-10	-1.194442e+01	-9.634792e+01
1.470000e-06	-2.143175e-06	-7.639232e-10	-1.162948e+01	-9.516153e+01
1.480000e-06	-2.084932e-06	-7.534357e-10	-1.131344e+01	-9.396068e+01
1.490000e-06	-2.026447e-06	-7.440627e-10	-1.099608e+01	-9.274548e+01
1.500000e-06	-1.967661e-06	-7.340926e-10	-1.067709e+01	-9.151598e+01
1.510000e-06	-1.908557e-06	-7.234172e-10	-1.035638e+01	-9.027211e+01
1.520000e-06	-1.849237e-06	-7.137139e-10	-1.003449e+01	-8.901376e+01
1.530000e-06	-1.789777e-06	-7.044428e-10	-9.711841e+00	-8.774068e+01
1.540000e-06	-1.730256e-06	-6.935925e-10	-9.388861e+00	-8.645254e+01
1.550000e-06	-1.670724e-06	-6.819504e-10	-9.065823e+00	-8.514890e+01
1.560000e-06	-1.611115e-06	-6.710099e-10	-8.742370e+00	-8.382918e+01
1.570000e-06	-1.551378e-06	-6.604769e-10	-8.418222e+00	-8.249272e+01
1.580000e-06	-1.491556e-06	-6.494046e-10	-8.093608e+00	-8.113873e+01
1.590000e-06	-1.431760e-06	-6.372454e-10	-7.769139e+00	-7.976630e+01
1.600000e-06	-1.371886e-06	-6.240642e-10	-7.444244e+00	-7.837442e+01
1.610000e-06	-1.311953e-06	-6.111027e-10	-7.119032e+00	-7.696198e+01
1.620000e-06	-1.252038e-06	-5.993207e-10	-6.793918e+00	-7.552777e+01
1.630000e-06	-1.192030e-06	-5.883194e-10	-6.468297e+00	-7.407050e+01
1.640000e-06	-1.131914e-06	-5.760691e-10	-6.142091e+00	-7.258880e+01
1.650000e-06	-1.071758e-06	-5.628213e-10	-5.815666e+00	-7.108126e+01
1.660000e-06	-1.011584e-06	-5.505890e-10	-5.489146e+00	-6.954640e+01
1.670000e-06	-9.513298e-07	-5.386644e-10	-5.162187e+00	-6.798274e+01
1.680000e-06	-8.909902e-07	-5.251001e-10	-4.834767e+00	-6.638877e+01
1.690000e-06	-8.306870e-07	-5.104990e-10	-4.507545e+00	-6.476302e+01
1.700000e-06	-7.703297e-07	-4.977483e-10	-4.180029e+00	-6.310404e+01
1.710000e-06	-7.098938e-07	-4.866065e-10	-3.852087e+00	-6.141042e+01
1.720000e-06	-6.494117e-07	-4.741148e-10	-3.523893e+00	-5.968084e+01
1.730000e-06	-5.888943e-07	-4.593860e-10	-3.195509e+00	-5.791408e+01
1.740000e-06	-5.283667e-07	-4.436476e-10	-2.867069e+00	-5.610901e+01
1.750000e-06	-4.677532e-07	-4.285580e-10	-2.538162e+00	-5.426468e+01
1.760000e-06	-4.071359e-07	-4.143164e-10	-2.209235e+00	-5.238026e+01
1.770000e-06	-3.465228e-07	-3.999075e-10	-1.880332e+00	-5.045510e+01
1.780000e-06	-2.858507e-07	-3.844589e-10	-1.551108e+00	-4.848875e+01
1.790000e-06	-2.251349e-07	-3.675020e-10	-1.221646e+00	-4.648095e+01
1.800000e-06	-1.644351e-07	-3.502820e-10	-8.922718e-01	-4.443168e+01
1.810000e-06	-1.038155e-07	-3.339060e-10	-5.633323e-01	-4.234112e+01
1.820000e-06	-4.323147e-08	-3.172312e-10	-2.345863e-01	-4.020970e+01
1.830000e-06	1.738761e-08	-2.989921e-10	9.435015e-02	-3.803808e+01
1.840000e-06	7.803439e-08	-2.804985e-10	4.234369e-01	-3.582718e+01
1.850000e-06	1.386549e-07	-2.633771e-10	7.523809e-01	-3.357813e+01
1.860000e-06	1.992703e-07	-2.465247e-10	1.081298e+00	-3.129234e+01
1.870000e-06	2.599133e-07	-2.282544e-10	1.410364e+00	-2.897141e+01
1.880000e-06	3.205371e-07	-2.086822e-10	1.739326e+00	-2.661720e+01
1.890000e-06	3.811719e-07	-1.886693e-10	2.068348e+00	-2.423175e+01
1.900000e-06	4.417736e-07	-1.692499e-10	2.397190e+00	-2.181732e+01
1.910000e-06	5.022599e-07	-1.506125e-10	2.725405e+00	-1.937635e+01
1.920000e-06	5.627062e-07	-1.322913e-10	3.053405e+00	-1.691143e+01
1.930000e-06	6.231838e-07	-1.131850e-10	3.381573e+00	-1.442531e+01
1.940000e-06	6.836260e-07	-9.213681e-11	3.709550e+00	-1.192084e+01
1.950000e-06	7.440447e-07	-7.109381e-11	4.037399e+00	-9.401000e+00
1.960000e-06	8.043985e-07	-5.146275e-11	4.364896e+00	-6.868817e+00
1.970000e-06	8.646839e-07	-3.223846e-11	4.692021e+00	-4.327376e+00
1.980000e-06	9.249334e-07	-1.294373e-11	5.018952e+00	-1.779788e+00
1.990000e-06	9.850747e-07	6.618693e-12	5.345297e+00	7.708395e-01
2.000000e-06	1.045167e-06	2.650890e-11	5.671373e+00	3.321425e+00
2.010000e-06	1.105307e-06	4.658336e-11	5.997711e+00	5.868936e+00
2.020000e-06	1.165452e-06	6.735643e-11	6.324078e+00	8.410414e+00
2.030000e-06	1.225478e-06	8.807459e-11	6.649794e+00	1.094300e+01
2.040000e-06	1.285441e-06	1.077156e-10	6.975169e+00	1.346393e+01
2.050000e-06	1.345332e-06	1.268131e-10	7.300153e+00	1.597061e+01
2.060000e-06	1.405082e-06	1.456350e-10	7.624377e+00	1.846057e+01
2.070000e-06	1.464795e-06	1.648704e-10	7.948395e+00	2.093151e+01
2.080000e-06	1.524458e-06	1.840264e-10	8.272145e+00	2.338131e+01
2.090000e-06	1.584035e-06	2.019019e-10	8.595429e+00	2.580803e+01
2.100000e-06	1.643464e-06	2.204297e-10	8.917905e+00	2.820993e+01
2.110000e-06	1.702798e-06	2.399985e-10	9.239866e+00	3.058546e+01
2.120000e-06	1.762047e-06	2.587318e-10	9.561372e+00	3.293327e+01
2.130000e-06	1.821129e-06	2.768671e-10	9.881963e+00	3.525221e+01
2.140000e-06	1.880005e-06	2.941017e-10	1.020144e+01	3.754134e+01
2.150000e-06	1.938645e-06	3.102490e-10	1.051964e+01	3.979987e+01
2.160000e-06	1.997204e-06	3.267355e-10	1.083740e+01	4.202724e+01
2.170000e-06	2.055755e-06	3.439874e-10	1.115511e+01	4.422302e+01
2.180000e-06	2.114119e-06	3.609190e-10	1.147182e+01	4.638696e+01
2.190000e-06	2.172161e-06	3.779650e-10	1.178676e+01	4.851896e+01
2.200000e-06	2.229931e-06	3.954614e-10	1.210024e+01	5.061906e+01
2.210000e-06	2.287462e-06	4.127389e-10	1.241242e+01	5.268740e+01
2.220000e-06	2.344656e-06	4.290279e-10	1.272277e+01	5.472424e+01
2.230000e-06	2.401529e-06	4.440557e-10	1.303138e+01	5.672992e+01
2.240000e-06	2.458142e-06	4.593011e-10	1.333858e+01	5.870487e+01
2.250000e-06	2.514605e-06	4.752722e-10	1.364496e+01	6.064955e+01
2.260000e-06	2.570990e-06	4.914130e-10	1.395092e+01	6.256448e+01
2.270000e-06	2.627199e-06	5.065988e-10	1.425593e+01	6.445021e+01
2.280000e-06	2.683178e-06	5.203398e-10	1.455969e+01	6.630728e+01
2.290000e-06	2.739030e-06	5.335898e-10	1.486276e+01	6.813626e+01
2.300000e-06	2.794779e-06	5.478851e-10	1.516527e+01	6.993769e+01
2.310000e-06	2.850385e-06	5.636880e-10	1.546700e+01	7.171210e+01
2.320000e-06	2.905784e-06	5.797893e-10	1.576761e+01	7.345998e+01
2.330000e-06	2.960854e-06	5.956885e-10	1.606644e+01	7.518178e+01
2.340000e-06	3.015723e-06	6.104731e-10	1.636417e+01	7.687793e+01
2.350000e-06	3.070508e-06	6.231917e-10	1.666145e+01	7.854880e+01
2.360000e-06	3.125140e-06	6.341871e-10	1.695790e+01	8.019470e+01
2.370000e-06	3.179560e-06	6.446143e-10	1.725320e+01	8.181591e+01
2.380000e-06	3.233768e-06	6.557617e-10	1.754735e+01	8.341267e+01
2.390000e-06	3.287731e-06	6.690749e-10	1.784017e+01	8.498514e+01
2.400000e-06	3.341486e-06	6.841055e-10	1.813186e+01	8.653347e+01
2.410000e-06	3.394940e-06	6.986573e-10	1.842191e+01	8.805775e+01
2.420000e-06	3.448183e-06	7.121148e-10	1.871082e+01	8.955807e+01
2.430000e-06	3.501243e-06	7.245862e-10	1.899874e+01	9.103445e+01
2.440000e-06	3.553952e-06	7.364334e-10	1.928476e+01	9.248692e+01
2.450000e-06	3.606402e-06	7.478207e-10	1.956936e+01	9.391549e+01
2.460000e-06	3.658670e-06	7.587239e-10	1.985299e+01	9.532017e+01
2.470000e-06	3.710679e-06	7.696428e-10	2.013520e+01	9.670096e+01
2.480000e-06	3.762303e-06	7.803209e-10	2.041533e+01	9.805787e+01
2.490000e-06	3.813586e-06	7.909195e-10	2.069361e+01	9.939095e+01
2.500000e-06	3.864673e-06	8.018418e-10	2.097082e+01	1.007002e+02
2.510000e-06	3.915568e-06	8.121578e-10	2.124699e+01	1.019858e+02
2.520000e-06	3.966011e-06	8.219393e-10	2.152071e+01	1.032478e+02
2.530000e-06	4.015839e-06	8.315285e-10	2.179109e+01	1.044863e+02
2.540000e-06	4.065142e-06	8.406812e-10	2.205862e+01	1.057016e+02
2.550000e-06	4.114018e-06	8.496033e-10	2.232384e+01	1.068938e+02
2.560000e-06	4.162658e-06	8.578953e-10	2.258777e+01	1.080633e+02
2.570000e-06	4.211020e-06	8.653675e-10	2.285020e+01	1.092103e+02
2.580000e-06	4.258984e-06	8.735318e-10	2.311046e+01	1.103351e+02
2.590000e-06	4.306728e-06	8.828806e-10	2.336953e+01	1.114383e+02
2.600000e-06	4.354180e-06	8.924441e-10	2.362702e+01	1.125201e+02
2.610000e-06	4.401443e-06	9.017380e-10	2.388348e+01	1.135810e+02
2.620000e-06	4.448388e-06	9.101034e-10	2.413822e+01	1.146215e+02
2.630000e-06	4.494909e-06	9.171944e-10	2.439066e+01	1.156421e+02
2.640000e-06	4.541196e-06	9.237852e-10	2.464183e+01	1.166433e+02
2.650000e-06	4.587135e-06	9.306139e-10	2.489110e+01	1.176256e+02
2.660000e-06	4.632640e-06	9.373056e-10	2.513803e+01	1.185895e+02
2.670000e-06	4.677901e-06	9.434449e-10	2.538362e+01	1.195355e+02
2.680000e-06	4.722942e-06	9.502131e-10	2.562803e+01	1.204641e+02
2.690000e-06	4.767590e-06	9.579586e-10	2.587030e+01	1.213759e+02
2.700000e-06	4.811867e-06	9.653932e-10	2.611057e+01	1.222711e+02
2.710000e-06	4.855924e-06	9.732326e-10	2.634963e+01	1.231504e+02
2.720000e-06	4.899874e-06	9.818004e-10	2.658812e+01	1.240141e+02
2.730000e-06	4.943530e-06	9.895959e-10	2.682501e+01	1.248624e+02
2.740000e-06	4.986790e-06	9.966869e-10	2.705975e+01	1.256959e+02
2.750000e-06	5.029826e-06	1.003490e-09	2.729327e+01	1.265146e+02
2.760000e-06	5.072409e-06	1.009654e-09	2.752434e+01	1.273190e+02
2.770000e-06	5.114288e-06	1.015353e-09	2.775159e+01	1.281090e+02
2.780000e-06	5.155570e-06	1.022189e-09	2.797559e+01	1.288850e+02
2.790000e-06	5.196300e-06	1.029696e-09	2.819660e+01	1.296470e+02
2.800000e-06	5.236520e-06	1.036145e-09	2.841485e+01	1.303951e+02
2.810000e-06	5.276427e-06	1.042553e-09	2.863140e+01	1.311293e+02
2.820000e-06	5.316183e-06	1.049634e-09	2.884713e+01	1.318496e+02
2.830000e-06	5.355662e-06	1.056200e-09	2.906135e+01	1.325560e+02
2.840000e-06	5.394806e-06	1.062412e-09	2.927376e+01	1.332484e+02
2.850000e-06	5.433560e-06	1.068794e-09	2.948405e+01	1.339268e+02
2.860000e-06	5.471890e-06	1.074210e-09	2.969204e+01	1.345911e+02
2.870000e-06	5.509884e-06	1.078993e-09	2.989820e+01	1.352412e+02
2.880000e-06	5.547576e-06	1.084901e-09	3.010273e+01	1.358771e+02
2.890000e-06	5.584869e-06	1.091710e-09	3.030509e+01	1.364988e+02
2.900000e-06	5.621706e-06	1.097849e-09	3.050498e+01	1.371061e+02
2.910000e-06	5.658149e-06	1.104142e-09	3.070273e+01	1.376990e+02
2.920000e-06	5.694278e-06	1.111191e-09	3.089878e+01	1.382776e+02
2.930000e-06	5.730113e-06	1.118204e-09	3.109323e+01	1.388420e+02
2.940000e-06	5.765732e-06	1.124048e-09	3.128651e+01	1.393921e+02
2.950000e-06	5.801135e-06	1.127525e-09	3.147862e+01	1.399282e+02
2.960000e-06	5.836082e-06	1.131150e-09	3.166825e+01	1.404503e+02
2.970000e-06	5.870393e-06	1.137092e-09	3.185443e+01	1.409588e+02
2.980000e-06	5.903894e-06	1.143374e-09	3.203622e+01	1.414539e+02
2.990000e-06	5.936746e-06	1.149096e-09	3.221448e+01	1.419360e+02
3.000000e-06	5.969095e-06	1.154544e-09	3.239001e+01	1.424053e+02
3.010000e-06	6.000899e-06	1.159818e-09	3.256259e+01	1.428623e+02
3.020000e-06	6.032492e-06	1.165707e-09	3.273403e+01	1.433075e+02
3.030000e-06	6.063748e-06	1.171877e-09	3.290363e+01	1.437414e+02
3.040000e-06	6.094496e-06	1.176523e-09	3.307047e+01	1.441645e+02
3.050000e-06	6.124944e-06	1.180629e-09	3.323570e+01	1.445774e+02
3.060000e-06	6.154975e-06	1.186361e-09	3.339865e+01	1.449807e+02
3.070000e-06	6.184511e-06	1.191422e-09	3.355892e+01	1.453751e+02
3.080000e-06	6.213739e-06	1.194870e-09	3.371752e+01	1.457610e+02
3.090000e-06	6.242563e-06	1.199840e-09	3.387393e+01	1.461393e+02
3.100000e-06	6.270959e-06	1.205896e-09	3.402801e+01	1.465106e+02
3.110000e-06	6.299054e-06	1.210060e-09	3.418046e+01	1.468754e+02
3.120000e-06	6.326859e-06	1.213159e-09	3.433134e+01	1.472344e+02
3.130000e-06	6.354333e-06	1.216758e-09	3.448043e+01	1.475882e+02
3.140000e-06	6.381312e-06	1.219997e-09	3.462682e+01	1.479373e+02
3.150000e-06	6.407867e-06	1.222708e-09	3.477091e+01	1.482824e+02
3.160000e-06	6.433712e-06	1.226077e-09	3.491116e+01	1.486238e+02
3.170000e-06	6.458615e-06	1.229580e-09	3.504629e+01	1.489620e+02
3.180000e-06	6.482898e-06	1.232610e-09	3.517805e+01	1.492974e+02
3.190000e-06	6.506753e-06	1.235451e-09	3.530750e+01	1.496304e+02
3.200000e-06	6.530274e-06	1.238129e-09	3.543513e+01	1.499611e+02
3.210000e-06	6.553489e-06	1.240889e-09	3.556110e+01	1.502899e+02
3.220000e-06	6.576282e-06	1.243972e-09	3.568478e+01	1.506167e+02
3.230000e-06	6.598567e-06	1.248037e-09	3.580571e+01	1.509418e+02
3.240000e-06	6.620339e-06	1.251480e-09	3.592385e+01	1.512650e+02
3.250000e-06	6.641628e-06	1.253558e-09	3.603937e+01	1.515864e+02
3.260000e-06	6.662438e-06	1.256259e-09	3.615229e+01	1.519057e+02
3.270000e-06	6.682831e-06	1.260166e-09	3.626295e+01	1.522229e+02
3.280000e-06	6.702862e-06	1.264014e-09	3.637164e+01	1.525376e+02
3.290000e-06	6.722612e-06	1.267375e-09	3.647881e+01	1.528495e+02
3.300000e-06	6.742027e-06	1.270596e-09	3.658416e+01	1.531584e+02
3.310000e-06	6.760829e-06	1.273754e-09	3.668619e+01	1.534637e+02
3.320000e-06	6.778884e-06	1.276714e-09	3.678416e+01	1.537651e+02
3.330000e-06	6.796455e-06	1.278070e-09	3.687950e+01	1.540620e+02
3.340000e-06	6.813772e-06	1.278673e-09	3.697347e+01	1.543540e+02
3.350000e-06	6.830746e-06	1.280593e-09	3.706558e+01	1.546406e+02
3.360000e-06	6.847210e-06	1.283748e-09	3.715492e+01	1.549212e+02
3.370000e-06	6.862930e-06	1.287508e-09	3.724022e+01	1.551952e+02
3.380000e-06	6.878040e-06	1.291530e-09	3.732221e+01	1.554622e+02
3.390000e-06	6.892739e-06	1.294459e-09	3.740197e+01	1.557216e+02
3.400000e-06	6.906928e-06	1.297036e-09	3.747896e+01	1.559729e+02
3.410000e-06	6.920554e-06	1.300705e-09	3.755290e+01	1.562156e+02
3.420000e-06	6.933624e-06	1.304195e-09	3.762382e+01	1.564492e+02
3.430000e-06	6.946168e-06	1.307150e-09	3.769189e+01	1.566733e+02
3.440000e-06	6.958220e-06	1.310155e-09	3.775729e+01	1.568874e+02
3.450000e-06	6.969831e-06	1.313567e-09	3.782029e+01	1.570912e+02
3.460000e-06	6.980855e-06	1.316987e-09	3.788011e+01	1.572844e+02
3.470000e-06	6.991280e-06	1.319052e-09	3.793668e+01	1.574667e+02
3.480000e-06	7.001080e-06	1.319689e-09	3.798986e+01	1.576378e+02
3.490000e-06	7.009920e-06	1.321584e-09	3.803783e+01	1.577976e+02
3.500000e-06	7.018084e-06	1.325339e-09	3.808213e+01	1.579459e+02
3.510000e-06	7.025997e-06	1.330177e-09	3.812506e+01	1.580826e+02
3.520000e-06	7.033679e-06	1.333797e-09	3.816675e+01	1.582077e+02
3.530000e-06	7.040862e-06	1.334105e-09	3.820573e+01	1.583212e+02
3.540000e-06	7.047420e-06	1.334578e-09	3.824131e+01	1.584232e+02
3.550000e-06	7.053531e-06	1.337639e-09	3.827447e+01	1.585137e+02
3.560000e-06	7.059185e-06	1.341115e-09	3.830515e+01	1.585929e+02
3.570000e-06	7.064223e-06	1.343364e-09	3.833249e+01	1.586610e+02
3.580000e-06	7.068689e-06	1.345125e-09	3.835672e+01	1.587182e+02
3.590000e-06	7.072836e-06	1.347576e-09	3.837923e+01	1.587648e+02
3.600000e-06	7.076753e-06	1.351203e-09	3.840048e+01	1.588010e+02
3.610000e-06	7.080211e-06	1.353818e-09	3.841924e+01	1.588272e+02
3.620000e-06	7.083094e-06	1.354266e-09	3.843489e+01	1.588437e+02
3.630000e-06	7.085221e-06	1.355415e-09	3.844643e+01	1.588508e+02
3.640000e-06	7.086633e-06	1.356848e-09	3.845410e+01	1.588490e+02
3.650000e-06	7.087472e-06	1.357863e-09	3.845865e+01	1.588385e+02
3.660000e-06	7.087721e-06	1.359715e-09	3.846000e+01	1.588199e+02
3.670000e-06	7.087580e-06	1.360592e-09	3.845923e+01	1.587935e+02
3.680000e-06	7.087102e-06	1.359685e-09	3.845664e+01	1.587597e+02
3.690000e-06	7.086147e-06	1.359460e-09	3.845145e+01	1.587189e+02
3.700000e-06	7.084595e-06	1.361067e-09	3.844304e+01	1.586716e+02
3.710000e-06	7.082630e-06	1.362962e-09	3.843237e+01	1.586180e+02
3.720000e-06	7.080312e-06	1.363969e-09	3.841979e+01	1.585587e+02
3.730000e-06	7.077567e-06	1.363320e-09	3.840490e+01	1.584939e+02
3.740000e-06	7.074394e-06	1.355889e-09	3.838768e+01	1.584240e+02
3.750000e-06	7.070791e-06	1.354989e-09	3.836813e+01	1.583495e+02
3.760000e-06	7.066564e-06	1.392225e-09	3.834520e+01	1.582706e+02
3.770000e-06	7.061422e-06	1.411272e-09	3.831729e+01	1.581877e+02
3.780000e-06	7.055514e-06	1.344244e-09	3.828523e+01	1.581011e+02
3.790000e-06	7.049364e-06	1.305829e-09	3.825186e+01	1.580110e+02
3.800000e-06	7.042893e-06	1.369620e-09	3.821675e+01	1.579179e+02
3.810000e-06	7.035721e-06	1.416808e-09	3.817783e+01	1.578218e+02
3.820000e-06	7.027959e-06	1.350531e-09	3.813571e+01	1.577232e+02
3.830000e-06	7.019840e-06	1.296824e-09	3.809166e+01	1.576221e+02
3.840000e-06	7.011435e-06	1.383990e-09	3.804605e+01	1.575189e+02
3.850000e-06	7.002520e-06	1.445091e-09	3.799767e+01	1.574137e+02
3.860000e-06	6.992885e-06	1.337084e-09	3.794539e+01	1.573067e+02
3.870000e-06	6.982776e-06	1.263603e-09	3.789053e+01	1.571981e+02
3.880000e-06	6.972404e-06	1.376515e-09	3.783425e+01	1.570881e+02
3.890000e-06	6.961514e-06	1.447256e-09	3.777516e+01	1.569766e+02
3.900000e-06	6.950034e-06	1.338800e-09	3.771287e+01	1.568640e+02
3.910000e-06	6.938164e-06	1.294509e-09	3.764846e+01	1.567502e+02
3.920000e-06	6.925873e-06	1.403773e-09	3.758176e+01	1.566354e+02
3.930000e-06	6.912765e-06	1.408136e-09	3.751063e+01	1.565196e+02
3.940000e-06	6.898854e-06	1.294865e-09	3.743515e+01	1.564029e+02
3.950000e-06	6.884338e-06	1.320371e-09	3.735638e+01	1.562852e+02
3.960000e-06	6.869040e-06	1.420572e-09	3.727337e+01	1.561667e+02
3.970000e-06	6.853162e-06	1.367626e-09	3.718721e+01	1.560472e+02
3.980000e-06	6.836967e-06	1.303049e-09	3.709933e+01	1.559268e+02
3.990000e-06	6.820399e-06	1.380163e-09	3.700943e+01	1.558054e+02
4.000000e-06	6.803262e-06	1.395359e-09	3.691644e+01	1.556830e+02
4.010000e-06	6.785830e-06	1.299294e-09	3.682185e+01	1.555594e+02
4.020000e-06	6.768031e-06	1.323866e-09	3.672527e+01	1.554345e+02
4.030000e-06	6.749509e-06	1.414516e-09	3.662477e+01	1.553082e+02
4.040000e-06	6.730430e-06	1.359194e-09	3.652123e+01	1.551805e+02
4.050000e-06	6.710900e-06	1.301074e-09	3.641526e+01	1.550510e+02
4.060000e-06	6.691044e-06	1.372624e-09	3.630751e+01	1.549196e+02
4.070000e-06	6.670856e-06	1.383321e-09	3.619797e+01	1.547861e+02
4.080000e-06	6.650343e-06	1.311320e-09	3.608666e+01	1.546503e+02
4.090000e-06	6.629423e-06	1.336928e-09	3.597314e+01	1.545120e+02
4.100000e-06	6.607787e-06	1.385276e-09	3.585574e+01	1.543708e+02
4.110000e-06	6.585231e-06	1.340272e-09	3.573334e+01	1.542266e+02
4.120000e-06	6.561929e-06	1.329182e-09	3.560690e+01	1.540790e+02
4.130000e-06	6.538212e-06	1.370896e-09	3.547820e+01	1.539278e+02
4.140000e-06	6.514258e-06	1.345909e-09	3.534822e+01	1.537726e+02
4.150000e-06	6.490045e-06	1.319867e-09	3.521683e+01	1.536131e+02
4.160000e-06	6.465350e-06	1.356212e-09	3.508284e+01	1.534491e+02
4.170000e-06	6.440136e-06	1.357742e-09	3.494602e+01	1.532802e+02
4.180000e-06	6.414448e-06	1.333743e-09	3.480663e+01	1.531060e+02
4.190000e-06	6.388242e-06	1.348652e-09	3.466442e+01	1.529263e+02
4.200000e-06	6.361561e-06	1.349532e-09	3.451964e+01	1.527408e+02
4.210000e-06	6.334377e-06	1.331516e-09	3.437214e+01	1.525491e+02
4.220000e-06	6.306730e-06	1.343097e-09	3.422212e+01	1.523510e+02
4.230000e-06	6.278766e-06	1.346539e-09	3.407038e+01	1.521460e+02
4.240000e-06	6.250589e-06	1.334268e-09	3.391748e+01	1.519341e+02
4.250000e-06	6.222072e-06	1.343984e-09	3.376274e+01	1.517148e+02
4.260000e-06	6.192981e-06	1.344023e-09	3.360489e+01	1.514879e+02
4.270000e-06	6.163428e-06	1.329506e-09	3.344452e+01	1.512532e+02
4.280000e-06	6.133328e-06	1.337324e-09	3.328119e+01	1.510105e+02
4.290000e-06	6.102350e-06	1.337235e-09	3.311309e+01	1.507594e+02
4.300000e-06	6.070734e-06	1.323639e-09	3.294154e+01	1.505000e+02
4.310000e-06	6.038809e-06	1.334438e-09	3.276830e+01	1.502319e+02
4.320000e-06	6.006507e-06	1.337909e-09	3.259302e+01	1.499550e+02
4.330000e-06	5.973863e-06	1.319453e-09	3.241589e+01	1.496692e+02
4.340000e-06	5.940842e-06	1.321660e-09	3.223670e+01	1.493744e+02
4.350000e-06	5.907431e-06	1.327346e-09	3.205541e+01	1.490705e+02
4.360000e-06	5.873745e-06	1.313851e-09	3.187262e+01	1.487574e+02
4.370000e-06	5.839578e-06	1.315216e-09	3.168722e+01	1.484350e+02
4.380000e-06	5.804913e-06	1.323516e-09	3.149911e+01	1.481034e+02
4.390000e-06	5.769832e-06	1.312406e-09	3.130876e+01	1.477625e+02
4.400000e-06	5.734312e-06	1.307359e-09	3.111601e+01	1.474124e+02
4.410000e-06	5.698460e-06	1.313341e-09	3.092147e+01	1.470530e+02
4.420000e-06	5.662413e-06	1.307118e-09	3.072587e+01	1.466844e+02
4.430000e-06	5.626233e-06	1.299976e-09	3.052955e+01	1.463066e+02
4.440000e-06	5.589614e-06	1.301459e-09	3.033084e+01	1.459198e+02
4.450000e-06	5.552439e-06	1.299262e-09	3.012912e+01	1.455240e+02
4.460000e-06	5.514549e-06	1.294895e-09	2.992352e+01	1.451192e+02
4.470000e-06	5.475967e-06	1.292524e-09	2.971416e+01	1.447057e+02
4.480000e-06	5.436978e-06	1.287627e-09	2.950259e+01	1.442835e+02
4.490000e-06	5.397519e-06	1.283494e-09	2.928848e+01	1.438528e+02
4.500000e-06	5.357661e-06	1.280906e-09	2.907220e+01	1.434136e+02
4.510000e-06	5.317466e-06	1.277175e-09	2.885409e+01	1.429662e+02
4.520000e-06	5.276947e-06	1.274519e-09	2.863422e+01	1.425107e+02
4.530000e-06	5.236121e-06	1.271242e-09	2.841269e+01	1.420471e+02
4.540000e-06	5.195011e-06	1.266459e-09	2.818961e+01	1.415757e+02
4.550000e-06	5.153625e-06	1.263715e-09	2.796504e+01	1.410966e+02
4.560000e-06	5.111872e-06	1.261141e-09	2.773848e+01	1.406100e+02
4.570000e-06	5.069727e-06	1.256146e-09	2.750979e+01	1.401160e+02
4.580000e-06	5.027251e-06	1.251191e-09	2.727930e+01	1.396147e+02
4.590000e-06	4.984398e-06	1.247626e-09	2.704677e+01	1.391062e+02
4.600000e-06	4.941052e-06	1.243397e-09	2.681156e+01	1.385908e+02
4.610000e-06	4.897365e-06	1.239426e-09	2.657450e+01	1.380684e+02
4.620000e-06	4.853526e-06	1.237567e-09	2.633662e+01	1.375392e+02
4.630000e-06	4.809526e-06	1.234854e-09	2.609786e+01	1.370033e+02
4.640000e-06	4.765298e-06	1.229835e-09	2.585787e+01	1.364607e+02
4.650000e-06	4.720790e-06	1.223866e-09	2.561635e+01	1.359114e+02
4.660000e-06	4.675883e-06	1.217491e-09	2.537268e+01	1.353556e+02
4.670000e-06	4.630566e-06	1.211258e-09	2.512677e+01	1.347931e+02
4.680000e-06	4.584993e-06	1.205294e-09	2.487948e+01	1.342239e+02
4.690000e-06	4.539061e-06	1.200543e-09	2.463024e+01	1.336481e+02
4.700000e-06	4.492789e-06	1.197221e-09	2.437916e+01	1.330654e+02
4.710000e-06	4.446304e-06	1.194646e-09	2.412692e+01	1.324759e+02
4.720000e-06	4.399441e-06	1.191388e-09	2.387262e+01	1.318792e+02
4.730000e-06	4.352206e-06	1.185412e-09	2.361631e+01	1.312752e+02
4.740000e-06	4.304708e-06	1.178289e-09	2.335857e+01	1.306638e+02
4.750000e-06	4.256782e-06	1.172111e-09	2.309852e+01	1.300446e+02
4.760000e-06	4.208431e-06	1.166800e-09	2.283615e+01	1.294174e+02
4.770000e-06	4.159786e-06	1.161194e-09	2.257218e+01	1.287818e+02
4.780000e-06	4.110859e-06	1.157005e-09	2.230669e+01	1.281375e+02
4.790000e-06	4.061548e-06	1.153599e-09	2.203912e+01	1.274840e+02
4.800000e-06	4.011890e-06	1.148655e-09	2.176966e+01	1.268210e+02
4.810000e-06	3.962002e-06	1.142948e-09	2.149895e+01	1.261480e+02
4.820000e-06	3.911916e-06	1.137021e-09	2.122717e+01	1.254645e+02
4.830000e-06	3.861596e-06	1.130796e-09	2.095412e+01	1.247701e+02
4.840000e-06	3.810938e-06	1.124553e-09	2.067924e+01	1.240642e+02
4.850000e-06	3.759863e-06	1.119451e-09	2.040209e+01	1.233462e+02
4.860000e-06	3.708319e-06	1.114621e-09	2.012240e+01	1.226158e+02
4.870000e-06	3.656453e-06	1.108891e-09	1.984096e+01	1.218723e+02
4.880000e-06	3.604368e-06	1.103402e-09	1.955833e+01	1.211152e+02
4.890000e-06	3.552065e-06	1.097670e-09	1.927452e+01	1.203440e+02
4.900000e-06	3.499517e-06	1.091381e-09	1.898938e+01	1.195582e+02
4.910000e-06	3.446738e-06	1.086217e-09	1.870298e+01	1.187573e+02
4.920000e-06	3.393721e-06	1.080288e-09	1.841530e+01	1.179409e+02
4.930000e-06	3.340367e-06	1.072013e-09	1.812578e+01	1.171086e+02
4.940000e-06	3.286578e-06	1.064006e-09	1.783391e+01	1.162599e+02
4.950000e-06	3.232426e-06	1.056874e-09	1.754007e+01	1.153945e+02
4.960000e-06	3.177941e-06	1.049379e-09	1.724442e+01	1.145122e+02
4.970000e-06	3.123056e-06	1.041741e-09	1.694659e+01	1.136126e+02
4.980000e-06	3.067901e-06	1.034175e-09	1.664731e+01	1.126957e+02
4.990000e-06	3.012477e-06	1.026981e-09	1.634656e+01	1.117612e+02
5.000000e-06	2.956821e-06	1.018751e-09	1.604455e+01	1.108091e+02
5.010000e-06	2.900985e-06	1.008656e-09	1.574158e+01	1.098394e+02
5.020000e-06	2.844935e-06	9.986788e-10	1.543743e+01	1.088522e+02
5.030000e-06	2.788723e-06	9.900604e-10	1.513241e+01	1.078474e+02
5.040000e-06	2.732316e-06	9.825617e-10	1.482633e+01	1.068253e+02
5.050000e-06	2.675778e-06	9.749606e-10	1.451954e+01	1.057859e+02
5.060000e-06	2.619140e-06	9.667942e-10	1.421220e+01	1.047297e+02
5.070000e-06	2.562431e-06	9.577319e-10	1.390448e+01	1.036567e+02
5.080000e-06	2.505541e-06	9.473215e-10	1.359578e+01	1.025674e+02
5.090000e-06	2.448413e-06	9.368518e-10	1.328579e+01	1.014619e+02
5.100000e-06	2.391212e-06	9.267260e-10	1.297540e+01	1.003407e+02
5.110000e-06	2.333852e-06	9.164944e-10	1.266415e+01	9.920395e+01
5.120000e-06	2.276331e-06	9.067376e-10	1.235202e+01	9.805201e+01
5.130000e-06	2.218655e-06	8.967382e-10	1.203905e+01	9.688514e+01
5.140000e-06	2.160683e-06	8.855492e-10	1.172449e+01	9.570357e+01
5.150000e-06	2.102434e-06	8.745855e-10	1.140841e+01	9.450750e+01
5.160000e-06	2.044053e-06	8.626150e-10	1.109162e+01	9.329705e+01
5.170000e-06	1.985599e-06	8.489942e-10	1.077443e+01	9.207229e+01
5.180000e-06	1.927034e-06	8.376680e-10	1.045664e+01	9.083320e+01
5.190000e-06	1.868355e-06	8.279403e-10	1.013823e+01	8.957967e+01
5.200000e-06	1.809528e-06	8.173284e-10	9.819014e+00	8.831150e+01
5.210000e-06	1.750621e-06	8.070768e-10	9.499368e+00	8.702840e+01
5.220000e-06	1.691666e-06	7.967885e-10	9.179463e+00	8.572995e+01
5.230000e-06	1.632622e-06	7.844248e-10	8.859073e+00	8.441563e+01
5.240000e-06	1.573394e-06	7.709417e-10	8.537687e+00	8.308481e+01
5.250000e-06	1.513936e-06	7.570402e-10	8.215049e+00	8.173673e+01
5.260000e-06	1.454335e-06	7.430453e-10	7.891635e+00	8.037052e+01
5.270000e-06	1.394674e-06	7.308736e-10	7.567898e+00	7.898522e+01
5.280000e-06	1.335001e-06	7.202178e-10	7.244097e+00	7.757974e+01
5.290000e-06	1.275235e-06	7.082511e-10	6.919787e+00	7.615290e+01
5.300000e-06	1.215325e-06	6.934035e-10	6.594699e+00	7.470344e+01
5.310000e-06	1.155266e-06	6.777052e-10	6.268803e+00	7.323001e+01
5.320000e-06	1.095197e-06	6.628196e-10	5.942854e+00	7.173121e+01
5.330000e-06	1.035143e-06	6.486212e-10	5.616984e+00	7.020559e+01
5.340000e-06	9.749556e-07	6.351488e-10	5.290387e+00	6.865167e+01
5.350000e-06	9.147448e-07	6.215665e-10	4.963666e+00	6.706795e+01
5.360000e-06	8.545736e-07	6.070448e-10	4.637160e+00	6.545293e+01
5.370000e-06	7.943771e-07	5.920954e-10	4.310517e+00	6.380515e+01
5.380000e-06	7.341113e-07	5.771435e-10	3.983497e+00	6.212320e+01
5.390000e-06	6.737098e-07	5.610827e-10	3.655742e+00	6.040572e+01
5.400000e-06	6.132802e-07	5.439221e-10	3.327833e+00	5.865146e+01
5.410000e-06	5.528760e-07	5.271348e-10	3.000063e+00	5.685925e+01
5.420000e-06	4.924697e-07	5.113295e-10	2.672281e+00	5.502808e+01
5.430000e-06	4.321022e-07	4.953625e-10	2.344710e+00	5.315707e+01
5.440000e-06	3.717247e-07	4.785666e-10	2.017084e+00	5.124552e+01
5.450000e-06	3.112050e-07	4.603582e-10	1.688687e+00	4.929291e+01
5.460000e-06	2.506654e-07	4.410681e-10	1.360182e+00	4.729892e+01
5.470000e-06	1.902273e-07	4.224759e-10	1.032228e+00	4.526344e+01
5.480000e-06	1.297972e-07	4.042906e-10	7.043165e-01	4.318658e+01
5.490000e-06	6.938214e-08	3.855293e-10	3.764873e-01	4.106869e+01
5.500000e-06	8.921274e-09	3.654469e-10	4.840938e-02	3.891035e+01
5.510000e-06	-5.158719e-08	3.440637e-10	-2.799268e-01	3.671240e+01
5.520000e-06	-1.120927e-07	3.227938e-10	-6.082471e-01	3.447590e+01
5.530000e-06	-1.725540e-07	3.026056e-10	-9.363275e-01	3.220216e+01
5.540000e-06	-2.329664e-07	2.823565e-10	-1.264142e+00	2.989272e+01
5.550000e-06	-2.933575e-07	2.613165e-10	-1.591842e+00	2.754936e+01
5.560000e-06	-3.537456e-07	2.400884e-10	-1.919524e+00	2.517405e+01
5.570000e-06	-4.141911e-07	2.186639e-10	-2.247519e+00	2.276900e+01
5.580000e-06	-4.745490e-07	1.957125e-10	-2.575038e+00	2.033656e+01
5.590000e-06	-5.348557e-07	1.714390e-10	-2.902279e+00	1.787930e+01
5.600000e-06	-5.951896e-07	1.487230e-10	-3.229668e+00	1.539990e+01
5.610000e-06	-6.554899e-07	1.270476e-10	-3.556875e+00	1.290120e+01
5.620000e-06	-7.157374e-07	1.046975e-10	-3.883796e+00	1.038612e+01
5.630000e-06	-7.758935e-07	8.189706e-11	-4.210220e+00	7.857687e+00
5.640000e-06	-8.360548e-07	5.791101e-11	-4.536672e+00	5.318960e+00
5.650000e-06	-8.962785e-07	3.285838e-11	-4.863463e+00	2.773048e+00
5.660000e-06	-9.564516e-07	8.781367e-12	-5.189979e+00	2.230617e-01
5.670000e-06	-1.016509e-06	-1.351330e-11	-5.515869e+00	-2.327905e+00
5.680000e-06	-1.076566e-06	-3.499165e-11	-5.841752e+00	-4.876801e+00
5.690000e-06	-1.136522e-06	-5.684666e-11	-6.167092e+00	-7.420640e+00
5.700000e-06	-1.196321e-06	-7.967551e-11	-6.491578e+00	-9.956527e+00
5.710000e-06	-1.256122e-06	-1.029714e-10	-6.816075e+00	-1.248167e+01
5.720000e-06	-1.315787e-06	-1.258270e-10	-7.139837e+00	-1.499341e+01
5.730000e-06	-1.375367e-06	-1.477560e-10	-7.463134e+00	-1.748924e+01
5.740000e-06	-1.434939e-06	-1.698441e-10	-7.786391e+00	-1.996679e+01
5.750000e-06	-1.494331e-06	-1.928309e-10	-8.108665e+00	-2.242389e+01
5.760000e-06	-1.553625e-06	-2.156672e-10	-8.430415e+00	-2.485853e+01
5.770000e-06	-1.612815e-06	-2.380600e-10	-8.751597e+00	-2.726891e+01
5.780000e-06	-1.671832e-06	-2.610739e-10	-9.071837e+00	-2.965341e+01
5.790000e-06	-1.730704e-06	-2.849011e-10	-9.391291e+00	-3.201063e+01
5.800000e-06	-1.789494e-06	-3.085210e-10	-9.710306e+00	-3.433934e+01
5.810000e-06	-1.848168e-06	-3.308457e-10	-1.002869e+01	-3.663853e+01
5.820000e-06	-1.906712e-06	-3.521383e-10	-1.034636e+01	-3.890736e+01
5.830000e-06	-1.965209e-06	-3.737935e-10	-1.066378e+01	-4.114520e+01
5.840000e-06	-2.023626e-06	-3.956969e-10	-1.098077e+01	-4.335157e+01
5.850000e-06	-2.081841e-06	-4.161930e-10	-1.129666e+01	-4.552617e+01
5.860000e-06	-2.139763e-06	-4.351020e-10	-1.161096e+01	-4.766884e+01
5.870000e-06	-2.197528e-06	-4.535619e-10	-1.192442e+01	-4.977959e+01
5.880000e-06	-2.255227e-06	-4.727059e-10	-1.223751e+01	-5.185852e+01
5.890000e-06	-2.312683e-06	-4.922740e-10	-1.254928e+01	-5.390585e+01
5.900000e-06	-2.369848e-06	-5.119349e-10	-1.285947e+01	-5.592191e+01
5.910000e-06	-2.426819e-06	-5.315393e-10	-1.316861e+01	-5.790708e+01
5.920000e-06	-2.483737e-06	-5.503719e-10	-1.347747e+01	-5.986182e+01
5.930000e-06	-2.540647e-06	-5.690557e-10	-1.378628e+01	-6.178664e+01
5.940000e-06	-2.597305e-06	-5.878569e-10	-1.409372e+01	-6.368206e+01
5.950000e-06	-2.653749e-06	-6.062215e-10	-1.440000e+01	-6.554865e+01
5.960000e-06	-2.710082e-06	-6.231203e-10	-1.470568e+01	-6.738696e+01
5.970000e-06	-2.766302e-06	-6.392632e-10	-1.501075e+01	-6.919755e+01
5.980000e-06	-2.822430e-06	-6.557174e-10	-1.531531e+01	-7.098093e+01
5.990000e-06	-2.878416e-06	-6.718695e-10	-1.561911e+01	-7.273763e+01
6.000000e-06	-2.934241e-06	-6.879399e-10	-1.592203e+01	-7.446810e+01
6.010000e-06	-2.989811e-06	-7.034827e-10	-1.622357e+01	-7.617279e+01
6.020000e-06	-3.044986e-06	-7.174384e-10	-1.652296e+01	-7.785207e+01
6.030000e-06	-3.099791e-06	-7.313439e-10	-1.682035e+01	-7.950629e+01
6.040000e-06	-3.154461e-06	-7.467078e-10	-1.711700e+01	-8.113573e+01
6.050000e-06	-3.208917e-06	-7.617791e-10	-1.741250e+01	-8.274064e+01
6.060000e-06	-3.262841e-06	-7.756837e-10	-1.770511e+01	-8.432122e+01
6.070000e-06	-3.316370e-06	-7.895824e-10	-1.799557e+01	-8.587761e+01
6.080000e-06	-3.369649e-06	-8.036424e-10	-1.828468e+01	-8.740993e+01
6.090000e-06	-3.422593e-06	-8.188785e-10	-1.857197e+01	-8.891826e+01
6.100000e-06	-3.475179e-06	-8.347366e-10	-1.885731e+01	-9.040264e+01
6.110000e-06	-3.527532e-06	-8.480486e-10	-1.914140e+01	-9.186310e+01
6.120000e-06	-3.579680e-06	-8.593587e-10	-1.942436e+01	-9.329967e+01
6.130000e-06	-3.631486e-06	-8.710671e-10	-1.970548e+01	-9.471234e+01
6.140000e-06	-3.683000e-06	-8.835014e-10	-1.998501e+01	-9.610112e+01
6.150000e-06	-3.734144e-06	-8.962742e-10	-2.026253e+01	-9.746602e+01
6.160000e-06	-3.784983e-06	-9.089017e-10	-2.053840e+01	-9.880706e+01
6.170000e-06	-3.835695e-06	-9.207169e-10	-2.081358e+01	-1.001243e+02
6.180000e-06	-3.886150e-06	-9.311496e-10	-2.108736e+01	-1.014178e+02
6.190000e-06	-3.936246e-06	-9.411561e-10	-2.135920e+01	-1.026877e+02
6.200000e-06	-3.986023e-06	-9.519640e-10	-2.162930e+01	-1.039340e+02
6.210000e-06	-4.035444e-06	-9.618472e-10	-2.189747e+01	-1.051570e+02
6.220000e-06	-4.084346e-06	-9.707341e-10	-2.216283e+01	-1.063570e+02
6.230000e-06	-4.132759e-06	-9.804573e-10	-2.242553e+01	-1.075340e+02
6.240000e-06	-4.180803e-06	-9.911808e-10	-2.268623e+01	-1.086885e+02
6.250000e-06	-4.228486e-06	-1.001795e-09	-2.294497e+01	-1.098207e+02
6.260000e-06	-4.275788e-06	-1.011211e-09	-2.320164e+01	-1.109310e+02
6.270000e-06	-4.322769e-06	-1.019932e-09	-2.345658e+01	-1.120199e+02
6.280000e-06	-4.369538e-06	-1.029590e-09	-2.371036e+01	-1.130878e+02
6.290000e-06	-4.416099e-06	-1.040583e-09	-2.396301e+01	-1.141351e+02
6.300000e-06	-4.462448e-06	-1.051639e-09	-2.421452e+01	-1.151623e+02
6.310000e-06	-4.508552e-06	-1.060830e-09	-2.446469e+01	-1.161699e+02
6.320000e-06	-4.554293e-06	-1.068293e-09	-2.471289e+01	-1.171585e+02
6.330000e-06	-4.599670e-06	-1.076599e-09	-2.495912e+01	-1.181285e+02
6.340000e-06	-4.644673e-06	-1.086118e-09	-2.520332e+01	-1.190804e+02
6.350000e-06	-4.689318e-06	-1.094586e-09	-2.544558e+01	-1.200148e+02
6.360000e-06	-4.733723e-06	-1.100858e-09	-2.568653e+01	-1.209322e+02
6.370000e-06	-4.777888e-06	-1.107481e-09	-2.592619e+01	-1.218329e+02
6.380000e-06	-4.821865e-06	-1.116416e-09	-2.616482e+01	-1.227175e+02
6.390000e-06	-4.865579e-06	-1.126107e-09	-2.640202e+01	-1.235863e+02
6.400000e-06	-4.908989e-06	-1.133670e-09	-2.663758e+01	-1.244398e+02
6.410000e-06	-4.952049e-06	-1.139254e-09	-2.687123e+01	-1.252782e+02
6.420000e-06	-4.994719e-06	-1.145921e-09	-2.710277e+01	-1.261019e+02
6.430000e-06	-5.037149e-06	-1.153951e-09	-2.733301e+01	-1.269110e+02
6.440000e-06	-5.079404e-06	-1.161353e-09	-2.756230e+01	-1.277058e+02
6.450000e-06	-5.121171e-06	-1.167253e-09	-2.778893e+01	-1.284865e+02
6.460000e-06	-5.162387e-06	-1.173339e-09	-2.801258e+01	-1.292532e+02
6.470000e-06	-5.203407e-06	-1.181248e-09	-2.823517e+01	-1.300060e+02
6.480000e-06	-5.244111e-06	-1.189204e-09	-2.845604e+01	-1.307448e+02
6.490000e-06	-5.284457e-06	-1.195394e-09	-2.867497e+01	-1.314697e+02
6.500000e-06	-5.324643e-06	-1.199852e-09	-2.889303e+01	-1.321808e+02
6.510000e-06	-5.364663e-06	-1.204129e-09	-2.911019e+01	-1.328779e+02
6.520000e-06	-5.404305e-06	-1.209808e-09	-2.932530e+01	-1.335610e+02
6.530000e-06	-5.443352e-06	-1.215441e-09	-2.953718e+01	-1.342301e+02
6.540000e-06	-5.481875e-06	-1.220307e-09	-2.974622e+01	-1.348850e+02
6.550000e-06	-5.519762e-06	-1.225464e-09	-2.995180e+01	-1.355256e+02
6.560000e-06	-5.556871e-06	-1.231808e-09	-3.015317e+01	-1.361521e+02
6.570000e-06	-5.593514e-06	-1.238618e-09	-3.035200e+01	-1.367642e+02
6.580000e-06	-5.629932e-06	-1.243582e-09	-3.054962e+01	-1.373619e+02
6.590000e-06	-5.666093e-06	-1.247580e-09	-3.074584e+01	-1.379454e+02
6.600000e-06	-5.701949e-06	-1.251548e-09	-3.094040e+01	-1.385145e+02
6.610000e-06	-5.737375e-06	-1.255439e-09	-3.113264e+01	-1.390694e+02
6.620000e-06	-5.772429e-06	-1.259789e-09	-3.132285e+01	-1.396101e+02
6.630000e-06	-5.807209e-06	-1.263870e-09	-3.151157e+01	-1.401369e+02
6.640000e-06	-5.841595e-06	-1.266946e-09	-3.169816e+01	-1.406500e+02
6.650000e-06	-5.875664e-06	-1.270408e-09	-3.188303e+01	-1.411495e+02
6.660000e-06	-5.909289e-06	-1.274846e-09	-3.206549e+01	-1.416359e+02
6.670000e-06	-5.942351e-06	-1.278742e-09	-3.224489e+01	-1.421095e+02
6.680000e-06	-5.974987e-06	-1.280785e-09	-3.242199e+01	-1.425706e+02
6.690000e-06	-6.007282e-06	-1.281633e-09	-3.259723e+01	-1.430197e+02
6.700000e-06	-6.039180e-06	-1.284267e-09	-3.277032e+01	-1.434573e+02
6.710000e-06	-6.070787e-06	-1.288665e-09	-3.294182e+01	-1.438840e+02
6.720000e-06	-6.102004e-06	-1.292045e-09	-3.311122e+01	-1.443002e+02
6.730000e-06	-6.132490e-06	-1.294098e-09	-3.327664e+01	-1.447067e+02
6.740000e-06	-6.162231e-06	-1.296160e-09	-3.343802e+01	-1.451040e+02
6.750000e-06	-6.191310e-06	-1.300198e-09	-3.359582e+01	-1.454927e+02
6.760000e-06	-6.219853e-06	-1.304345e-09	-3.375070e+01	-1.458735e+02
6.770000e-06	-6.248034e-06	-1.305575e-09	-3.390362e+01	-1.462471e+02
6.780000e-06	-6.276022e-06	-1.306237e-09	-3.405549e+01	-1.466140e+02
6.790000e-06	-6.303734e-06	-1.307290e-09	-3.420586e+01	-1.469749e+02
6.800000e-06	-6.330917e-06	-1.308674e-09	-3.435336e+01	-1.473304e+02
6.810000e-06	-6.357622e-06	-1.311287e-09	-3.449827e+01	-1.476810e+02
6.820000e-06	-6.383855e-06	-1.312852e-09	-3.464062e+01	-1.480274e+02
6.830000e-06	-6.409604e-06	-1.313128e-09	-3.478034e+01	-1.483700e+02
6.840000e-06	-6.434898e-06	-1.315286e-09	-3.491760e+01	-1.487093e+02
6.850000e-06	-6.459678e-06	-1.318476e-09	-3.505206e+01	-1.490456e+02
6.860000e-06	-6.484151e-06	-1.321251e-09	-3.518485e+01	-1.493794e+02
6.870000e-06	-6.508423e-06	-1.323881e-09	-3.531656e+01	-1.497109e+02
6.880000e-06	-6.532347e-06	-1.326425e-09	-3.544638e+01	-1.500403e+02
6.890000e-06	-6.555759e-06	-1.329327e-09	-3.557342e+01	-1.503678e+02
6.900000e-06	-6.578523e-06	-1.331646e-09	-3.569694e+01	-1.506935e+02
6.910000e-06	-6.600780e-06	-1.331900e-09	-3.581772e+01	-1.510173e+02
6.920000e-06	-6.622399e-06	-1.331117e-09	-3.593503e+01	-1.513394e+02
6.930000e-06	-6.643200e-06	-1.331617e-09	-3.604790e+01	-1.516594e+02
6.940000e-06	-6.663565e-06	-1.333984e-09	-3.615841e+01	-1.519774e+02
6.950000e-06	-6.683654e-06	-1.337733e-09	-3.626742e+01	-1.522930e+02
6.960000e-06	-6.703279e-06	-1.341233e-09	-3.637391e+01	-1.526059e+02
6.970000e-06	-6.722454e-06	-1.343814e-09	-3.647795e+01	-1.529158e+02
6.980000e-06	-6.741296e-06	-1.345890e-09	-3.658020e+01	-1.532224e+02
6.990000e-06	-6.759694e-06	-1.347095e-09	-3.668003e+01	-1.535252e+02
7.000000e-06	-6.777631e-06	-1.348257e-09	-3.677736e+01	-1.538237e+02
7.010000e-06	-6.795143e-06	-1.349583e-09	-3.687238e+01	-1.541174e+02
7.020000e-06	-6.812065e-06	-1.350229e-09	-3.696421e+01	-1.544059e+02
7.030000e-06	-6.828493e-06	-1.351509e-09	-3.705335e+01	-1.546885e+02
7.040000e-06	-6.844655e-06	-1.354456e-09	-3.714105e+01	-1.549649e+02
7.050000e-06	-6.860564e-06	-1.357026e-09	-3.722738e+01	-1.552343e+02
7.060000e-06	-6.876007e-06	-1.358915e-09	-3.731117e+01	-1.554963e+02
7.070000e-06	-6.890537e-06	-1.361294e-09	-3.739002e+01	-1.557504e+02
7.080000e-06	-6.904186e-06	-1.363437e-09	-3.746409e+01	-1.559960e+02
7.090000e-06	-6.917149e-06	-1.365237e-09	-3.753442e+01	-1.562327e+02
7.100000e-06	-6.929589e-06	-1.365933e-09	-3.760193e+01	-1.564601e+02
7.110000e-06	-6.941689e-06	-1.366134e-09	-3.766759e+01	-1.566776e+02
7.120000e-06	-6.953228e-06	-1.367654e-09	-3.773020e+01	-1.568849e+02
7.130000e-06	-6.964149e-06	-1.370576e-09	-3.778946e+01	-1.570817e+02
7.140000e-06	-6.974707e-06	-1.373300e-09	-3.784675e+01	-1.572677e+02
7.150000e-06	-6.984882e-06	-1.374723e-09	-3.790197e+01	-1.574426e+02
7.160000e-06	-6.994574e-06	-1.375791e-09	-3.795455e+01	-1.576062e+02
7.170000e-06	-7.003578e-06	-1.376562e-09	-3.800342e+01	-1.577583e+02
7.180000e-06	-7.011969e-06	-1.376520e-09	-3.804895e+01	-1.578989e+02
7.190000e-06	-7.020148e-06	-1.376096e-09	-3.809333e+01	-1.580279e+02
7.200000e-06	-7.028170e-06	-1.375185e-09	-3.813686e+01	-1.581453e+02
7.210000e-06	-7.035682e-06	-1.374140e-09	-3.817762e+01	-1.582512e+02
7.220000e-06	-7.042434e-06	-1.374120e-09	-3.821425e+01	-1.583455e+02
7.230000e-06	-7.048336e-06	-1.374041e-09	-3.824628e+01	-1.584285e+02
7.240000e-06	-7.053449e-06	-1.373594e-09	-3.827403e+01	-1.585003e+02
7.250000e-06	-7.058074e-06	-1.373841e-09	-3.829912e+01	-1.585612e+02
7.260000e-06	-7.062325e-06	-1.373905e-09	-3.832219e+01	-1.586113e+02
7.270000e-06	-7.066261e-06	-1.372757e-09	-3.834355e+01	-1.586509e+02
7.280000e-06	-7.069763e-06	-1.371843e-09	-3.836255e+01	-1.586804e+02
7.290000e-06	-7.072762e-06	-1.372271e-09	-3.837882e+01	-1.587001e+02
7.300000e-06	-7.075281e-06	-1.372120e-09	-3.839249e+01	-1.587104e+02
7.310000e-06	-7.077242e-06	-1.370257e-09	-3.840313e+01	-1.587115e+02
7.320000e-06	-7.078833e-06	-1.368850e-09	-3.841177e+01	-1.587039e+02
7.330000e-06	-7.079929e-06	-1.369489e-09	-3.841772e+01	-1.586880e+02
7.340000e-06	-7.080460e-06	-1.370208e-09	-3.842060e+01	-1.586642e+02
