# Temperatura_=_20.0
# Concentracion g/m^3_=_7400.0
# C_Vs_to_Am_M_A/Vsm_=_116720831517.84952
# pendiente_HvsI_1/m_=_3716.3
# ordenada_HvsI_A/m_=_1297.0
# frecuencia_Hz_=_136120.29603027212

Tiempo_(s)	Campo_(V.s)	Magnetizacion_(V.s)	Campo_(kA/m)	Magnetizacion_(A/m)
0.000000e+00	-7.131738e-06	-1.264646e-09	-3.842381e+01	-1.464039e+02
1.000000e-08	-7.131775e-06	-1.264755e-09	-3.842401e+01	-1.464134e+02
2.000000e-08	-7.131397e-06	-1.264475e-09	-3.842197e+01	-1.464146e+02
3.000000e-08	-7.130403e-06	-1.264125e-09	-3.841662e+01	-1.464073e+02
4.000000e-08	-7.128792e-06	-1.263759e-09	-3.840794e+01	-1.463915e+02
5.000000e-08	-7.126413e-06	-1.263034e-09	-3.839512e+01	-1.463674e+02
6.000000e-08	-7.123290e-06	-1.262604e-09	-3.837829e+01	-1.463349e+02
7.000000e-08	-7.119748e-06	-1.265482e-09	-3.835921e+01	-1.462941e+02
8.000000e-08	-7.115894e-06	-1.273973e-09	-3.833844e+01	-1.462452e+02
9.000000e-08	-7.111457e-06	-1.261874e-09	-3.831454e+01	-1.461883e+02
1.000000e-07	-7.106139e-06	-1.214295e-09	-3.828589e+01	-1.461234e+02
1.100000e-07	-7.100150e-06	-1.215878e-09	-3.825362e+01	-1.460509e+02
1.200000e-07	-7.094001e-06	-1.305919e-09	-3.822049e+01	-1.459709e+02
1.300000e-07	-7.087707e-06	-1.323542e-09	-3.818658e+01	-1.458836e+02
1.400000e-07	-7.080757e-06	-1.209418e-09	-3.814914e+01	-1.457891e+02
1.500000e-07	-7.073218e-06	-1.183046e-09	-3.810852e+01	-1.456878e+02
1.600000e-07	-7.065521e-06	-1.315704e-09	-3.806705e+01	-1.455798e+02
1.700000e-07	-7.057540e-06	-1.327924e-09	-3.802405e+01	-1.454654e+02
1.800000e-07	-7.048787e-06	-1.158543e-09	-3.797689e+01	-1.453448e+02
1.900000e-07	-7.039197e-06	-1.151540e-09	-3.792522e+01	-1.452182e+02
2.000000e-07	-7.029111e-06	-1.342513e-09	-3.787088e+01	-1.450858e+02
2.100000e-07	-7.018591e-06	-1.344932e-09	-3.781421e+01	-1.449479e+02
2.200000e-07	-7.007376e-06	-1.156798e-09	-3.775378e+01	-1.448046e+02
2.300000e-07	-6.995424e-06	-1.165064e-09	-3.768939e+01	-1.446561e+02
2.400000e-07	-6.983097e-06	-1.317057e-09	-3.762297e+01	-1.445027e+02
2.500000e-07	-6.970297e-06	-1.271937e-09	-3.755401e+01	-1.443443e+02
2.600000e-07	-6.956869e-06	-1.157539e-09	-3.748166e+01	-1.441813e+02
2.700000e-07	-6.942921e-06	-1.232725e-09	-3.740651e+01	-1.440136e+02
2.800000e-07	-6.928225e-06	-1.295936e-09	-3.732734e+01	-1.438414e+02
2.900000e-07	-6.912580e-06	-1.200747e-09	-3.724305e+01	-1.436649e+02
3.000000e-07	-6.896262e-06	-1.187918e-09	-3.715513e+01	-1.434840e+02
3.100000e-07	-6.879601e-06	-1.269638e-09	-3.706536e+01	-1.432988e+02
3.200000e-07	-6.862592e-06	-1.210974e-09	-3.697373e+01	-1.431094e+02
3.300000e-07	-6.845021e-06	-1.149619e-09	-3.687906e+01	-1.429158e+02
3.400000e-07	-6.827081e-06	-1.260540e-09	-3.678240e+01	-1.427179e+02
3.500000e-07	-6.808889e-06	-1.284606e-09	-3.668439e+01	-1.425159e+02
3.600000e-07	-6.790119e-06	-1.143737e-09	-3.658326e+01	-1.423096e+02
3.700000e-07	-6.770740e-06	-1.153707e-09	-3.647885e+01	-1.420991e+02
3.800000e-07	-6.750950e-06	-1.272233e-09	-3.637223e+01	-1.418843e+02
3.900000e-07	-6.730889e-06	-1.214813e-09	-3.626415e+01	-1.416652e+02
4.000000e-07	-6.710385e-06	-1.134251e-09	-3.615367e+01	-1.414417e+02
4.100000e-07	-6.689314e-06	-1.214057e-09	-3.604015e+01	-1.412139e+02
4.200000e-07	-6.667734e-06	-1.237826e-09	-3.592388e+01	-1.409817e+02
4.300000e-07	-6.645754e-06	-1.157450e-09	-3.580546e+01	-1.407450e+02
4.400000e-07	-6.623326e-06	-1.177081e-09	-3.568463e+01	-1.405038e+02
4.500000e-07	-6.600247e-06	-1.215598e-09	-3.556028e+01	-1.402581e+02
4.600000e-07	-6.576660e-06	-1.155549e-09	-3.543320e+01	-1.400078e+02
4.700000e-07	-6.552887e-06	-1.156562e-09	-3.530512e+01	-1.397529e+02
4.800000e-07	-6.528956e-06	-1.220590e-09	-3.517619e+01	-1.394933e+02
4.900000e-07	-6.504554e-06	-1.180002e-09	-3.504471e+01	-1.392291e+02
5.000000e-07	-6.479425e-06	-1.128713e-09	-3.490933e+01	-1.389603e+02
5.100000e-07	-6.453653e-06	-1.174917e-09	-3.477048e+01	-1.386867e+02
5.200000e-07	-6.427276e-06	-1.185235e-09	-3.462837e+01	-1.384084e+02
5.300000e-07	-6.400206e-06	-1.139420e-09	-3.448252e+01	-1.381253e+02
5.400000e-07	-6.372655e-06	-1.151526e-09	-3.433408e+01	-1.378375e+02
5.500000e-07	-6.344788e-06	-1.169632e-09	-3.418394e+01	-1.375448e+02
5.600000e-07	-6.316616e-06	-1.140475e-09	-3.403216e+01	-1.372473e+02
5.700000e-07	-6.287942e-06	-1.138804e-09	-3.387767e+01	-1.369449e+02
5.800000e-07	-6.258726e-06	-1.154340e-09	-3.372026e+01	-1.366376e+02
5.900000e-07	-6.229194e-06	-1.132634e-09	-3.356115e+01	-1.363252e+02
6.000000e-07	-6.199284e-06	-1.121326e-09	-3.340001e+01	-1.360078e+02
6.100000e-07	-6.168857e-06	-1.138097e-09	-3.323607e+01	-1.356851e+02
6.200000e-07	-6.137888e-06	-1.133322e-09	-3.306922e+01	-1.353572e+02
6.300000e-07	-6.106639e-06	-1.117186e-09	-3.290086e+01	-1.350239e+02
6.400000e-07	-6.075131e-06	-1.117606e-09	-3.273111e+01	-1.346850e+02
6.500000e-07	-6.043315e-06	-1.115907e-09	-3.255969e+01	-1.343404e+02
6.600000e-07	-6.011224e-06	-1.109705e-09	-3.238679e+01	-1.339899e+02
6.700000e-07	-5.978607e-06	-1.111074e-09	-3.221106e+01	-1.336332e+02
6.800000e-07	-5.945194e-06	-1.109043e-09	-3.203104e+01	-1.332703e+02
6.900000e-07	-5.911085e-06	-1.100180e-09	-3.184727e+01	-1.329009e+02
7.000000e-07	-5.876410e-06	-1.093111e-09	-3.166045e+01	-1.325246e+02
7.100000e-07	-5.841201e-06	-1.088797e-09	-3.147075e+01	-1.321413e+02
7.200000e-07	-5.805617e-06	-1.085192e-09	-3.127904e+01	-1.317507e+02
7.300000e-07	-5.769811e-06	-1.080873e-09	-3.108613e+01	-1.313524e+02
7.400000e-07	-5.733857e-06	-1.074923e-09	-3.089241e+01	-1.309463e+02
7.500000e-07	-5.697560e-06	-1.072159e-09	-3.069686e+01	-1.305319e+02
7.600000e-07	-5.660725e-06	-1.072890e-09	-3.049840e+01	-1.301091e+02
7.700000e-07	-5.623447e-06	-1.069870e-09	-3.029756e+01	-1.296775e+02
7.800000e-07	-5.585816e-06	-1.061955e-09	-3.009481e+01	-1.292369e+02
7.900000e-07	-5.547754e-06	-1.054328e-09	-2.988975e+01	-1.287869e+02
8.000000e-07	-5.509152e-06	-1.049127e-09	-2.968177e+01	-1.283273e+02
8.100000e-07	-5.470160e-06	-1.046336e-09	-2.947169e+01	-1.278579e+02
8.200000e-07	-5.430919e-06	-1.043382e-09	-2.926027e+01	-1.273785e+02
8.300000e-07	-5.391313e-06	-1.037873e-09	-2.904689e+01	-1.268888e+02
8.400000e-07	-5.351412e-06	-1.031636e-09	-2.883191e+01	-1.263886e+02
8.500000e-07	-5.311290e-06	-1.028459e-09	-2.861574e+01	-1.258779e+02
8.600000e-07	-5.270752e-06	-1.027312e-09	-2.839733e+01	-1.253566e+02
8.700000e-07	-5.229786e-06	-1.023504e-09	-2.817662e+01	-1.248245e+02
8.800000e-07	-5.188527e-06	-1.015557e-09	-2.795433e+01	-1.242815e+02
8.900000e-07	-5.146693e-06	-1.006666e-09	-2.772894e+01	-1.237278e+02
9.000000e-07	-5.104040e-06	-1.000180e-09	-2.749914e+01	-1.231632e+02
9.100000e-07	-5.060774e-06	-9.951057e-10	-2.726603e+01	-1.225879e+02
9.200000e-07	-5.017207e-06	-9.885468e-10	-2.703131e+01	-1.220018e+02
9.300000e-07	-4.973432e-06	-9.820174e-10	-2.679546e+01	-1.214052e+02
9.400000e-07	-4.929400e-06	-9.782281e-10	-2.655823e+01	-1.207981e+02
9.500000e-07	-4.884990e-06	-9.753298e-10	-2.631896e+01	-1.201807e+02
9.600000e-07	-4.840260e-06	-9.711505e-10	-2.607797e+01	-1.195531e+02
9.700000e-07	-4.795336e-06	-9.652511e-10	-2.583593e+01	-1.189156e+02
9.800000e-07	-4.750066e-06	-9.582472e-10	-2.559202e+01	-1.182683e+02
9.900000e-07	-4.704406e-06	-9.515324e-10	-2.534602e+01	-1.176113e+02
1.000000e-06	-4.658441e-06	-9.465302e-10	-2.509838e+01	-1.169450e+02
1.010000e-06	-4.612160e-06	-9.417818e-10	-2.484903e+01	-1.162694e+02
1.020000e-06	-4.565451e-06	-9.350408e-10	-2.459737e+01	-1.155847e+02
1.030000e-06	-4.518341e-06	-9.272624e-10	-2.434356e+01	-1.148912e+02
1.040000e-06	-4.470967e-06	-9.213937e-10	-2.408832e+01	-1.141889e+02
1.050000e-06	-4.423418e-06	-9.172596e-10	-2.383214e+01	-1.134779e+02
1.060000e-06	-4.375698e-06	-9.131585e-10	-2.357504e+01	-1.127583e+02
1.070000e-06	-4.327761e-06	-9.075620e-10	-2.331676e+01	-1.120302e+02
1.080000e-06	-4.279540e-06	-9.008274e-10	-2.305696e+01	-1.112936e+02
1.090000e-06	-4.230944e-06	-8.941473e-10	-2.279514e+01	-1.105484e+02
1.100000e-06	-4.181720e-06	-8.872494e-10	-2.252994e+01	-1.097946e+02
1.110000e-06	-4.131914e-06	-8.793860e-10	-2.226160e+01	-1.090320e+02
1.120000e-06	-4.081828e-06	-8.709514e-10	-2.199175e+01	-1.082607e+02
1.130000e-06	-4.031303e-06	-8.640186e-10	-2.171953e+01	-1.074803e+02
1.140000e-06	-3.980337e-06	-8.588059e-10	-2.144494e+01	-1.066906e+02
1.150000e-06	-3.929103e-06	-8.543690e-10	-2.116891e+01	-1.058914e+02
1.160000e-06	-3.877684e-06	-8.488000e-10	-2.089188e+01	-1.050824e+02
1.170000e-06	-3.825967e-06	-8.407679e-10	-2.061324e+01	-1.042634e+02
1.180000e-06	-3.773851e-06	-8.319556e-10	-2.033245e+01	-1.034339e+02
1.190000e-06	-3.721477e-06	-8.239797e-10	-2.005028e+01	-1.025936e+02
1.200000e-06	-3.668865e-06	-8.169151e-10	-1.976682e+01	-1.017421e+02
1.210000e-06	-3.615914e-06	-8.100869e-10	-1.948153e+01	-1.008791e+02
1.220000e-06	-3.562657e-06	-8.030176e-10	-1.919460e+01	-1.000042e+02
1.230000e-06	-3.509158e-06	-7.953331e-10	-1.890636e+01	-9.911704e+01
1.240000e-06	-3.455465e-06	-7.874891e-10	-1.861708e+01	-9.821723e+01
1.250000e-06	-3.401576e-06	-7.807766e-10	-1.832674e+01	-9.730445e+01
1.260000e-06	-3.347409e-06	-7.733107e-10	-1.803490e+01	-9.637835e+01
1.270000e-06	-3.292873e-06	-7.637277e-10	-1.774108e+01	-9.543865e+01
1.280000e-06	-3.238029e-06	-7.544332e-10	-1.744559e+01	-9.448509e+01
1.290000e-06	-3.182992e-06	-7.470534e-10	-1.714907e+01	-9.351742e+01
1.300000e-06	-3.127820e-06	-7.393874e-10	-1.685182e+01	-9.253546e+01
1.310000e-06	-3.072520e-06	-7.298743e-10	-1.655388e+01	-9.153905e+01
1.320000e-06	-3.017034e-06	-7.203510e-10	-1.625493e+01	-9.052807e+01
1.330000e-06	-2.961493e-06	-7.118953e-10	-1.595569e+01	-8.950247e+01
1.340000e-06	-2.905892e-06	-7.037347e-10	-1.565613e+01	-8.846222e+01
1.350000e-06	-2.850086e-06	-6.957370e-10	-1.535546e+01	-8.740732e+01
1.360000e-06	-2.794045e-06	-6.871841e-10	-1.505353e+01	-8.633783e+01
1.370000e-06	-2.737874e-06	-6.779320e-10	-1.475090e+01	-8.525385e+01
1.380000e-06	-2.681668e-06	-6.686363e-10	-1.444807e+01	-8.415548e+01
1.390000e-06	-2.625355e-06	-6.590684e-10	-1.414468e+01	-8.304289e+01
1.400000e-06	-2.568770e-06	-6.495112e-10	-1.383981e+01	-8.191623e+01
1.410000e-06	-2.511835e-06	-6.402647e-10	-1.353307e+01	-8.077571e+01
1.420000e-06	-2.454584e-06	-6.315903e-10	-1.322461e+01	-7.962150e+01
1.430000e-06	-2.396993e-06	-6.230600e-10	-1.291433e+01	-7.845381e+01
1.440000e-06	-2.338991e-06	-6.135014e-10	-1.260183e+01	-7.727284e+01
1.450000e-06	-2.280652e-06	-6.033562e-10	-1.228752e+01	-7.607875e+01
1.460000e-06	-2.222054e-06	-5.931851e-10	-1.197180e+01	-7.487173e+01
1.470000e-06	-2.163197e-06	-5.824843e-10	-1.165470e+01	-7.365189e+01
1.480000e-06	-2.104077e-06	-5.719311e-10	-1.133618e+01	-7.241936e+01
1.490000e-06	-2.044764e-06	-5.616349e-10	-1.101661e+01	-7.117418e+01
1.500000e-06	-1.985360e-06	-5.510744e-10	-1.069656e+01	-6.991639e+01
1.510000e-06	-1.925860e-06	-5.403319e-10	-1.037599e+01	-6.864596e+01
1.520000e-06	-1.866296e-06	-5.298830e-10	-1.005508e+01	-6.736281e+01
1.530000e-06	-1.806655e-06	-5.198636e-10	-9.733749e+00	-6.606681e+01
1.540000e-06	-1.746987e-06	-5.095104e-10	-9.412275e+00	-6.475777e+01
1.550000e-06	-1.687325e-06	-4.983135e-10	-9.090834e+00	-6.343544e+01
1.560000e-06	-1.627644e-06	-4.865376e-10	-8.769289e+00	-6.209952e+01
1.570000e-06	-1.567958e-06	-4.752557e-10	-8.447716e+00	-6.074966e+01
1.580000e-06	-1.508216e-06	-4.639991e-10	-8.125846e+00	-5.938544e+01
1.590000e-06	-1.448363e-06	-4.519754e-10	-7.803373e+00	-5.800641e+01
1.600000e-06	-1.388396e-06	-4.403541e-10	-7.480288e+00	-5.661207e+01
1.610000e-06	-1.328354e-06	-4.293718e-10	-7.156799e+00	-5.520188e+01
1.620000e-06	-1.268160e-06	-4.184792e-10	-6.832491e+00	-5.377528e+01
1.630000e-06	-1.207767e-06	-4.070891e-10	-6.507108e+00	-5.233168e+01
1.640000e-06	-1.147209e-06	-3.951180e-10	-6.180839e+00	-5.087049e+01
1.650000e-06	-1.086624e-06	-3.831603e-10	-5.854427e+00	-4.939111e+01
1.660000e-06	-1.026112e-06	-3.714531e-10	-5.528404e+00	-4.789295e+01
1.670000e-06	-9.656029e-07	-3.601955e-10	-5.202398e+00	-4.637542e+01
1.680000e-06	-9.049634e-07	-3.477256e-10	-4.875689e+00	-4.483799e+01
1.690000e-06	-8.441453e-07	-3.336223e-10	-4.548019e+00	-4.328014e+01
1.700000e-06	-7.832881e-07	-3.208544e-10	-4.220137e+00	-4.170140e+01
1.710000e-06	-7.223715e-07	-3.093793e-10	-3.891935e+00	-4.010138e+01
1.720000e-06	-6.613368e-07	-2.970893e-10	-3.563098e+00	-3.847974e+01
1.730000e-06	-6.003101e-07	-2.843210e-10	-3.234303e+00	-3.683620e+01
1.740000e-06	-5.392642e-07	-2.715344e-10	-2.905404e+00	-3.517060e+01
1.750000e-06	-4.781924e-07	-2.584137e-10	-2.576367e+00	-3.348284e+01
1.760000e-06	-4.171693e-07	-2.446553e-10	-2.247591e+00	-3.177293e+01
1.770000e-06	-3.561383e-07	-2.303223e-10	-1.918773e+00	-3.004097e+01
1.780000e-06	-2.950843e-07	-2.158046e-10	-1.589832e+00	-2.828717e+01
1.790000e-06	-2.339857e-07	-2.015280e-10	-1.260649e+00	-2.651186e+01
1.800000e-06	-1.727968e-07	-1.875420e-10	-9.309807e-01	-2.471545e+01
1.810000e-06	-1.115783e-07	-1.729881e-10	-6.011524e-01	-2.289848e+01
1.820000e-06	-5.043022e-08	-1.576582e-10	-2.717039e-01	-2.106159e+01
1.830000e-06	1.067658e-08	-1.419873e-10	5.752240e-02	-1.920552e+01
1.840000e-06	7.183699e-08	-1.261727e-10	3.870376e-01	-1.733113e+01
1.850000e-06	1.330704e-07	-1.109387e-10	7.169463e-01	-1.543934e+01
1.860000e-06	1.942655e-07	-9.687573e-11	1.046648e+00	-1.353121e+01
1.870000e-06	2.554067e-07	-8.297249e-11	1.376060e+00	-1.160783e+01
1.880000e-06	3.165567e-07	-6.823621e-11	1.705519e+00	-9.670422e+00
1.890000e-06	3.776770e-07	-5.356367e-11	2.034818e+00	-7.720235e+00
1.900000e-06	4.387132e-07	-3.881985e-11	2.363664e+00	-5.758602e+00
1.910000e-06	4.997402e-07	-2.255971e-11	2.692460e+00	-3.786902e+00
1.920000e-06	5.607205e-07	-6.063464e-12	3.021005e+00	-1.806560e+00
1.930000e-06	6.217045e-07	8.848895e-12	3.349570e+00	1.809645e-01
1.940000e-06	6.827181e-07	2.346708e-11	3.678294e+00	2.174185e+00
1.950000e-06	7.435783e-07	3.919156e-11	4.006192e+00	4.171599e+00
1.960000e-06	8.043596e-07	5.503210e-11	4.333665e+00	6.171696e+00
1.970000e-06	8.650316e-07	6.997582e-11	4.660548e+00	8.172963e+00
1.980000e-06	9.256705e-07	8.472364e-11	4.987254e+00	1.017390e+01
1.990000e-06	9.863441e-07	1.000490e-10	5.314146e+00	1.217301e+01
2.000000e-06	1.046979e-06	1.155319e-10	5.640829e+00	1.416884e+01
2.010000e-06	1.107533e-06	1.311186e-10	5.967080e+00	1.615994e+01
2.020000e-06	1.167889e-06	1.467722e-10	6.292257e+00	1.814492e+01
2.030000e-06	1.228121e-06	1.618345e-10	6.616771e+00	2.012241e+01
2.040000e-06	1.288303e-06	1.763810e-10	6.941014e+00	2.209109e+01
2.050000e-06	1.348376e-06	1.914743e-10	7.264670e+00	2.404969e+01
2.060000e-06	1.408342e-06	2.073956e-10	7.587753e+00	2.599700e+01
2.070000e-06	1.468293e-06	2.227117e-10	7.910752e+00	2.793183e+01
2.080000e-06	1.528179e-06	2.367892e-10	8.233402e+00	2.985308e+01
2.090000e-06	1.588054e-06	2.504914e-10	8.555992e+00	3.175971e+01
2.100000e-06	1.647892e-06	2.650891e-10	8.878382e+00	3.365070e+01
2.110000e-06	1.707534e-06	2.801466e-10	9.199716e+00	3.552512e+01
2.120000e-06	1.767073e-06	2.942600e-10	9.520495e+00	3.738210e+01
2.130000e-06	1.826641e-06	3.079541e-10	9.841429e+00	3.922081e+01
2.140000e-06	1.886240e-06	3.217021e-10	1.016254e+01	4.104050e+01
2.150000e-06	1.945794e-06	3.350940e-10	1.048339e+01	4.284046e+01
2.160000e-06	2.005206e-06	3.483705e-10	1.080349e+01	4.462005e+01
2.170000e-06	2.064404e-06	3.617474e-10	1.112243e+01	4.637868e+01
2.180000e-06	2.123387e-06	3.753550e-10	1.144022e+01	4.811582e+01
2.190000e-06	2.182152e-06	3.892954e-10	1.175683e+01	4.983100e+01
2.200000e-06	2.240728e-06	4.034393e-10	1.207242e+01	5.152381e+01
2.210000e-06	2.299123e-06	4.170573e-10	1.238703e+01	5.319387e+01
2.220000e-06	2.357151e-06	4.292459e-10	1.269967e+01	5.484090e+01
2.230000e-06	2.414791e-06	4.407318e-10	1.301022e+01	5.646463e+01
2.240000e-06	2.472172e-06	4.532888e-10	1.331937e+01	5.806486e+01
2.250000e-06	2.529297e-06	4.668434e-10	1.362714e+01	5.964146e+01
2.260000e-06	2.586208e-06	4.795733e-10	1.393377e+01	6.119433e+01
2.270000e-06	2.642739e-06	4.914053e-10	1.423834e+01	6.272343e+01
2.280000e-06	2.698915e-06	5.029236e-10	1.454100e+01	6.422878e+01
2.290000e-06	2.754897e-06	5.137974e-10	1.484261e+01	6.571044e+01
2.300000e-06	2.810735e-06	5.249459e-10	1.514346e+01	6.716853e+01
2.310000e-06	2.866500e-06	5.374467e-10	1.544390e+01	6.860321e+01
2.320000e-06	2.922181e-06	5.512198e-10	1.574390e+01	7.001470e+01
2.330000e-06	2.977698e-06	5.652075e-10	1.604300e+01	7.140325e+01
2.340000e-06	3.032990e-06	5.773985e-10	1.634090e+01	7.276916e+01
2.350000e-06	3.088284e-06	5.870045e-10	1.663881e+01	7.411278e+01
2.360000e-06	3.143454e-06	5.949268e-10	1.693605e+01	7.543450e+01
2.370000e-06	3.198362e-06	6.023049e-10	1.723188e+01	7.673473e+01
2.380000e-06	3.253169e-06	6.106767e-10	1.752716e+01	7.801393e+01
2.390000e-06	3.307682e-06	6.220213e-10	1.782087e+01	7.927258e+01
2.400000e-06	3.361889e-06	6.349500e-10	1.811291e+01	8.051119e+01
2.410000e-06	3.415925e-06	6.467140e-10	1.840405e+01	8.173028e+01
2.420000e-06	3.469720e-06	6.575493e-10	1.869388e+01	8.293040e+01
2.430000e-06	3.523213e-06	6.681110e-10	1.898208e+01	8.411211e+01
2.440000e-06	3.576380e-06	6.779027e-10	1.926853e+01	8.527597e+01
2.450000e-06	3.629185e-06	6.867408e-10	1.955303e+01	8.642254e+01
2.460000e-06	3.681696e-06	6.953531e-10	1.983595e+01	8.755239e+01
2.470000e-06	3.734064e-06	7.039084e-10	2.011809e+01	8.866608e+01
2.480000e-06	3.786128e-06	7.123381e-10	2.039860e+01	8.976414e+01
2.490000e-06	3.837848e-06	7.215948e-10	2.067725e+01	9.084709e+01
2.500000e-06	3.889364e-06	7.313616e-10	2.095480e+01	9.191544e+01
2.510000e-06	3.940682e-06	7.397936e-10	2.123129e+01	9.296967e+01
2.520000e-06	3.991676e-06	7.476860e-10	2.150603e+01	9.401021e+01
2.530000e-06	4.042190e-06	7.563108e-10	2.177819e+01	9.503749e+01
2.540000e-06	4.092269e-06	7.643420e-10	2.204800e+01	9.605188e+01
2.550000e-06	4.141864e-06	7.712886e-10	2.231520e+01	9.705372e+01
2.560000e-06	4.190832e-06	7.780693e-10	2.257903e+01	9.804331e+01
2.570000e-06	4.239425e-06	7.846355e-10	2.284084e+01	9.902091e+01
2.580000e-06	4.287693e-06	7.916431e-10	2.310089e+01	9.998675e+01
2.590000e-06	4.335513e-06	7.998964e-10	2.335853e+01	1.009410e+02
2.600000e-06	4.383126e-06	8.084022e-10	2.361506e+01	1.018838e+02
2.610000e-06	4.430640e-06	8.161137e-10	2.387105e+01	1.028153e+02
2.620000e-06	4.477974e-06	8.232629e-10	2.412607e+01	1.037355e+02
2.630000e-06	4.524965e-06	8.303046e-10	2.437925e+01	1.046445e+02
2.640000e-06	4.571517e-06	8.371197e-10	2.463006e+01	1.055422e+02
2.650000e-06	4.617654e-06	8.436653e-10	2.487862e+01	1.064288e+02
2.660000e-06	4.663533e-06	8.494487e-10	2.512581e+01	1.073040e+02
2.670000e-06	4.709217e-06	8.552069e-10	2.537194e+01	1.081680e+02
2.680000e-06	4.754585e-06	8.618078e-10	2.561637e+01	1.090205e+02
2.690000e-06	4.799564e-06	8.687690e-10	2.585871e+01	1.098616e+02
2.700000e-06	4.844121e-06	8.752641e-10	2.609877e+01	1.106911e+02
2.710000e-06	4.888345e-06	8.824790e-10	2.633703e+01	1.115090e+02
2.720000e-06	4.932339e-06	8.912025e-10	2.657406e+01	1.123152e+02
2.730000e-06	4.976149e-06	8.996310e-10	2.681010e+01	1.131096e+02
2.740000e-06	5.019831e-06	9.075779e-10	2.704544e+01	1.138922e+02
2.750000e-06	5.063358e-06	9.147188e-10	2.727995e+01	1.146629e+02
2.760000e-06	5.106546e-06	9.202244e-10	2.751264e+01	1.154217e+02
2.770000e-06	5.149210e-06	9.252607e-10	2.774250e+01	1.161686e+02
2.780000e-06	5.191182e-06	9.317932e-10	2.796863e+01	1.169037e+02
2.790000e-06	5.232406e-06	9.393617e-10	2.819074e+01	1.176269e+02
2.800000e-06	5.273041e-06	9.468638e-10	2.840967e+01	1.183383e+02
2.810000e-06	5.313276e-06	9.541917e-10	2.862644e+01	1.190381e+02
2.820000e-06	5.353229e-06	9.606932e-10	2.884170e+01	1.197262e+02
2.830000e-06	5.392904e-06	9.659201e-10	2.905546e+01	1.204030e+02
2.840000e-06	5.432287e-06	9.706600e-10	2.926764e+01	1.210684e+02
2.850000e-06	5.471340e-06	9.753104e-10	2.947805e+01	1.217227e+02
2.860000e-06	5.510071e-06	9.799386e-10	2.968672e+01	1.223661e+02
2.870000e-06	5.548364e-06	9.853402e-10	2.989303e+01	1.229987e+02
2.880000e-06	5.586133e-06	9.917433e-10	3.009652e+01	1.236208e+02
2.890000e-06	5.623544e-06	9.980371e-10	3.029808e+01	1.242326e+02
2.900000e-06	5.660623e-06	1.002922e-09	3.049785e+01	1.248342e+02
2.910000e-06	5.697231e-06	1.007613e-09	3.069509e+01	1.254260e+02
2.920000e-06	5.733478e-06	1.013163e-09	3.089037e+01	1.260080e+02
2.930000e-06	5.769488e-06	1.019126e-09	3.108439e+01	1.265805e+02
2.940000e-06	5.805237e-06	1.025293e-09	3.127699e+01	1.271438e+02
2.950000e-06	5.840706e-06	1.030288e-09	3.146809e+01	1.276978e+02
2.960000e-06	5.875812e-06	1.034669e-09	3.165723e+01	1.282429e+02
2.970000e-06	5.910479e-06	1.040449e-09	3.184400e+01	1.287792e+02
2.980000e-06	5.944576e-06	1.046381e-09	3.202771e+01	1.293067e+02
2.990000e-06	5.977908e-06	1.050368e-09	3.220729e+01	1.298255e+02
3.000000e-06	6.010494e-06	1.054481e-09	3.238286e+01	1.303358e+02
3.010000e-06	6.042574e-06	1.060256e-09	3.255570e+01	1.308376e+02
3.020000e-06	6.074310e-06	1.066379e-09	3.272668e+01	1.313308e+02
3.030000e-06	6.105807e-06	1.073051e-09	3.289638e+01	1.318156e+02
3.040000e-06	6.137031e-06	1.080128e-09	3.306461e+01	1.322918e+02
3.050000e-06	6.167721e-06	1.086541e-09	3.322996e+01	1.327595e+02
3.060000e-06	6.197864e-06	1.092396e-09	3.339236e+01	1.332186e+02
3.070000e-06	6.227660e-06	1.096801e-09	3.355289e+01	1.336690e+02
3.080000e-06	6.257074e-06	1.099271e-09	3.371136e+01	1.341106e+02
3.090000e-06	6.286044e-06	1.102667e-09	3.386745e+01	1.345434e+02
3.100000e-06	6.314618e-06	1.108017e-09	3.402139e+01	1.349673e+02
3.110000e-06	6.342763e-06	1.113307e-09	3.417303e+01	1.353821e+02
3.120000e-06	6.370572e-06	1.117179e-09	3.432286e+01	1.357878e+02
3.130000e-06	6.398221e-06	1.121274e-09	3.447182e+01	1.361843e+02
3.140000e-06	6.425624e-06	1.125648e-09	3.461946e+01	1.365715e+02
3.150000e-06	6.452449e-06	1.128468e-09	3.476399e+01	1.369494e+02
3.160000e-06	6.478528e-06	1.131100e-09	3.490449e+01	1.373179e+02
3.170000e-06	6.503779e-06	1.135019e-09	3.504054e+01	1.376770e+02
3.180000e-06	6.528176e-06	1.139810e-09	3.517198e+01	1.380267e+02
3.190000e-06	6.552087e-06	1.144459e-09	3.530081e+01	1.383669e+02
3.200000e-06	6.575740e-06	1.147696e-09	3.542825e+01	1.386978e+02
3.210000e-06	6.598998e-06	1.150096e-09	3.555355e+01	1.390194e+02
3.220000e-06	6.621774e-06	1.153722e-09	3.567627e+01	1.393318e+02
3.230000e-06	6.644117e-06	1.158756e-09	3.579664e+01	1.396351e+02
3.240000e-06	6.666041e-06	1.163058e-09	3.591476e+01	1.399294e+02
3.250000e-06	6.687562e-06	1.165339e-09	3.603071e+01	1.402150e+02
3.260000e-06	6.708599e-06	1.166655e-09	3.614405e+01	1.404920e+02
3.270000e-06	6.729081e-06	1.169194e-09	3.625441e+01	1.407606e+02
3.280000e-06	6.749171e-06	1.172210e-09	3.636264e+01	1.410211e+02
3.290000e-06	6.768959e-06	1.174362e-09	3.646926e+01	1.412737e+02
3.300000e-06	6.788486e-06	1.176798e-09	3.657446e+01	1.415186e+02
3.310000e-06	6.807667e-06	1.179367e-09	3.667781e+01	1.417562e+02
3.320000e-06	6.826192e-06	1.181360e-09	3.677761e+01	1.419867e+02
3.330000e-06	6.844022e-06	1.182868e-09	3.687367e+01	1.422104e+02
3.340000e-06	6.861434e-06	1.183959e-09	3.696749e+01	1.424275e+02
3.350000e-06	6.878426e-06	1.185018e-09	3.705903e+01	1.426384e+02
3.360000e-06	6.894991e-06	1.187245e-09	3.714828e+01	1.428433e+02
3.370000e-06	6.911049e-06	1.190304e-09	3.723480e+01	1.430424e+02
3.380000e-06	6.926458e-06	1.193215e-09	3.731782e+01	1.432359e+02
3.390000e-06	6.941277e-06	1.196031e-09	3.739766e+01	1.434241e+02
3.400000e-06	6.955396e-06	1.198535e-09	3.747373e+01	1.436072e+02
3.410000e-06	6.968902e-06	1.200717e-09	3.754649e+01	1.437852e+02
3.420000e-06	6.981968e-06	1.202377e-09	3.761689e+01	1.439584e+02
3.430000e-06	6.994617e-06	1.204132e-09	3.768504e+01	1.441269e+02
3.440000e-06	7.006829e-06	1.206185e-09	3.775083e+01	1.442906e+02
3.450000e-06	7.018642e-06	1.208171e-09	3.781448e+01	1.444497e+02
3.460000e-06	7.029931e-06	1.211518e-09	3.787530e+01	1.446041e+02
3.470000e-06	7.040530e-06	1.215460e-09	3.793241e+01	1.447539e+02
3.480000e-06	7.050297e-06	1.217715e-09	3.798503e+01	1.448989e+02
3.490000e-06	7.059150e-06	1.218510e-09	3.803272e+01	1.450391e+02
3.500000e-06	7.067393e-06	1.219672e-09	3.807713e+01	1.451744e+02
3.510000e-06	7.075289e-06	1.222729e-09	3.811967e+01	1.453046e+02
3.520000e-06	7.082858e-06	1.226299e-09	3.816046e+01	1.454295e+02
3.530000e-06	7.090072e-06	1.228114e-09	3.819932e+01	1.455491e+02
3.540000e-06	7.096736e-06	1.228774e-09	3.823523e+01	1.456630e+02
3.550000e-06	7.102823e-06	1.230240e-09	3.826802e+01	1.457710e+02
3.560000e-06	7.108520e-06	1.232703e-09	3.829871e+01	1.458730e+02
3.570000e-06	7.113755e-06	1.235255e-09	3.832692e+01	1.459686e+02
3.580000e-06	7.118382e-06	1.237132e-09	3.835185e+01	1.460577e+02
3.590000e-06	7.122536e-06	1.238592e-09	3.837423e+01	1.461401e+02
3.600000e-06	7.126384e-06	1.240643e-09	3.839496e+01	1.462154e+02
3.610000e-06	7.129986e-06	1.243465e-09	3.841437e+01	1.462834e+02
3.620000e-06	7.133208e-06	1.245443e-09	3.843173e+01	1.463440e+02
3.630000e-06	7.135721e-06	1.246258e-09	3.844527e+01	1.463970e+02
3.640000e-06	7.137375e-06	1.246451e-09	3.845418e+01	1.464421e+02
3.650000e-06	7.138214e-06	1.246649e-09	3.845870e+01	1.464792e+02
3.660000e-06	7.138456e-06	1.249610e-09	3.846000e+01	1.465082e+02
3.670000e-06	7.138324e-06	1.253929e-09	3.845929e+01	1.465289e+02
3.680000e-06	7.137899e-06	1.255360e-09	3.845700e+01	1.465413e+02
3.690000e-06	7.137107e-06	1.254626e-09	3.845274e+01	1.465453e+02
3.700000e-06	7.135763e-06	1.254708e-09	3.844550e+01	1.465408e+02
3.710000e-06	7.133888e-06	1.255987e-09	3.843539e+01	1.465279e+02
3.720000e-06	7.131612e-06	1.257472e-09	3.842313e+01	1.465065e+02
3.730000e-06	7.128963e-06	1.256519e-09	3.840885e+01	1.464768e+02
3.740000e-06	7.125789e-06	1.245399e-09	3.839176e+01	1.464388e+02
3.750000e-06	7.122104e-06	1.233223e-09	3.837190e+01	1.463926e+02
3.760000e-06	7.117916e-06	1.271098e-09	3.834934e+01	1.463383e+02
3.770000e-06	7.112793e-06	1.333069e-09	3.832173e+01	1.462762e+02
3.780000e-06	7.106720e-06	1.268703e-09	3.828902e+01	1.462062e+02
3.790000e-06	7.100271e-06	1.156603e-09	3.825427e+01	1.461287e+02
3.800000e-06	7.093781e-06	1.220190e-09	3.821931e+01	1.460437e+02
3.810000e-06	7.086896e-06	1.353911e-09	3.818221e+01	1.459517e+02
3.820000e-06	7.079184e-06	1.289120e-09	3.814066e+01	1.458526e+02
3.830000e-06	7.070897e-06	1.136818e-09	3.809601e+01	1.457469e+02
3.840000e-06	7.062440e-06	1.228526e-09	3.805045e+01	1.456346e+02
3.850000e-06	7.053521e-06	1.413972e-09	3.800240e+01	1.455160e+02
3.860000e-06	7.043862e-06	1.294974e-09	3.795036e+01	1.453914e+02
3.870000e-06	7.033758e-06	1.074810e-09	3.789592e+01	1.452610e+02
3.880000e-06	7.023407e-06	1.205568e-09	3.784015e+01	1.451249e+02
3.890000e-06	7.012647e-06	1.430287e-09	3.778218e+01	1.449834e+02
3.900000e-06	7.001199e-06	1.288900e-09	3.772050e+01	1.448366e+02
3.910000e-06	6.989170e-06	1.097225e-09	3.765569e+01	1.446848e+02
3.920000e-06	6.976700e-06	1.266437e-09	3.758850e+01	1.445281e+02
3.930000e-06	6.963527e-06	1.398548e-09	3.751754e+01	1.443666e+02
3.940000e-06	6.949240e-06	1.189611e-09	3.744056e+01	1.442005e+02
3.950000e-06	6.934249e-06	1.115227e-09	3.735979e+01	1.440298e+02
3.960000e-06	6.918743e-06	1.336360e-09	3.727625e+01	1.438548e+02
3.970000e-06	6.902637e-06	1.342644e-09	3.718947e+01	1.436753e+02
3.980000e-06	6.886218e-06	1.147334e-09	3.710102e+01	1.434916e+02
3.990000e-06	6.869489e-06	1.226219e-09	3.701088e+01	1.433036e+02
4.000000e-06	6.852304e-06	1.364858e-09	3.691829e+01	1.431114e+02
4.010000e-06	6.834531e-06	1.203731e-09	3.682254e+01	1.429149e+02
4.020000e-06	6.816308e-06	1.132855e-09	3.672436e+01	1.427143e+02
4.030000e-06	6.797700e-06	1.335203e-09	3.662411e+01	1.425095e+02
4.040000e-06	6.778594e-06	1.329236e-09	3.652117e+01	1.423004e+02
4.050000e-06	6.758928e-06	1.140052e-09	3.641521e+01	1.420870e+02
4.060000e-06	6.738891e-06	1.220739e-09	3.630726e+01	1.418694e+02
4.070000e-06	6.718593e-06	1.344000e-09	3.619790e+01	1.416474e+02
4.080000e-06	6.698009e-06	1.203402e-09	3.608700e+01	1.414211e+02
4.090000e-06	6.677205e-06	1.160291e-09	3.597491e+01	1.411903e+02
4.100000e-06	6.655780e-06	1.304920e-09	3.585948e+01	1.409551e+02
4.110000e-06	6.633235e-06	1.265882e-09	3.573801e+01	1.407155e+02
4.120000e-06	6.609780e-06	1.166389e-09	3.561164e+01	1.404713e+02
4.130000e-06	6.585831e-06	1.256307e-09	3.548261e+01	1.402225e+02
4.140000e-06	6.561635e-06	1.276477e-09	3.535225e+01	1.399691e+02
4.150000e-06	6.537266e-06	1.169888e-09	3.522096e+01	1.397112e+02
4.160000e-06	6.512524e-06	1.212693e-09	3.508766e+01	1.394486e+02
4.170000e-06	6.487139e-06	1.285353e-09	3.495089e+01	1.391813e+02
4.180000e-06	6.461173e-06	1.210444e-09	3.481099e+01	1.389093e+02
4.190000e-06	6.434830e-06	1.191401e-09	3.466906e+01	1.386325e+02
4.200000e-06	6.407959e-06	1.252605e-09	3.452429e+01	1.383511e+02
4.210000e-06	6.380496e-06	1.218531e-09	3.437633e+01	1.380649e+02
4.220000e-06	6.352675e-06	1.185679e-09	3.422644e+01	1.377738e+02
4.230000e-06	6.324598e-06	1.230702e-09	3.407516e+01	1.374780e+02
4.240000e-06	6.296318e-06	1.224902e-09	3.392280e+01	1.371772e+02
4.250000e-06	6.267737e-06	1.191604e-09	3.376881e+01	1.368715e+02
4.260000e-06	6.238699e-06	1.215281e-09	3.361236e+01	1.365609e+02
4.270000e-06	6.209034e-06	1.221895e-09	3.345253e+01	1.362451e+02
4.280000e-06	6.178531e-06	1.195169e-09	3.328820e+01	1.359243e+02
4.290000e-06	6.147224e-06	1.197709e-09	3.311952e+01	1.355981e+02
4.300000e-06	6.115386e-06	1.205858e-09	3.294799e+01	1.352666e+02
4.310000e-06	6.083220e-06	1.198520e-09	3.277469e+01	1.349296e+02
4.320000e-06	6.050778e-06	1.197404e-09	3.259990e+01	1.345869e+02
4.330000e-06	6.017972e-06	1.194820e-09	3.242315e+01	1.342384e+02
4.340000e-06	5.984732e-06	1.189969e-09	3.224406e+01	1.338839e+02
4.350000e-06	5.951057e-06	1.191124e-09	3.206263e+01	1.335231e+02
4.360000e-06	5.917021e-06	1.188743e-09	3.187925e+01	1.331559e+02
4.370000e-06	5.882700e-06	1.188113e-09	3.169434e+01	1.327819e+02
4.380000e-06	5.847903e-06	1.188937e-09	3.150687e+01	1.324010e+02
4.390000e-06	5.812676e-06	1.179136e-09	3.131707e+01	1.320129e+02
4.400000e-06	5.777059e-06	1.173725e-09	3.112518e+01	1.316172e+02
4.410000e-06	5.741126e-06	1.179249e-09	3.093158e+01	1.312137e+02
4.420000e-06	5.705023e-06	1.174902e-09	3.073707e+01	1.308022e+02
4.430000e-06	5.668591e-06	1.165824e-09	3.054078e+01	1.303822e+02
4.440000e-06	5.631811e-06	1.167234e-09	3.034262e+01	1.299536e+02
4.450000e-06	5.594570e-06	1.168211e-09	3.014198e+01	1.295160e+02
4.460000e-06	5.556556e-06	1.162578e-09	2.993717e+01	1.290692e+02
4.470000e-06	5.517881e-06	1.157707e-09	2.972880e+01	1.286129e+02
4.480000e-06	5.478656e-06	1.153441e-09	2.951746e+01	1.281468e+02
4.490000e-06	5.438871e-06	1.149423e-09	2.930312e+01	1.276707e+02
4.500000e-06	5.398760e-06	1.146903e-09	2.908701e+01	1.271845e+02
4.510000e-06	5.358391e-06	1.144369e-09	2.886951e+01	1.266879e+02
4.520000e-06	5.317764e-06	1.140884e-09	2.865062e+01	1.261807e+02
4.530000e-06	5.276791e-06	1.135510e-09	2.842987e+01	1.256629e+02
4.540000e-06	5.235375e-06	1.129969e-09	2.820674e+01	1.251344e+02
4.550000e-06	5.193548e-06	1.127274e-09	2.798138e+01	1.245951e+02
4.560000e-06	5.151473e-06	1.124342e-09	2.775469e+01	1.240450e+02
4.570000e-06	5.109105e-06	1.118126e-09	2.752643e+01	1.234840e+02
4.580000e-06	5.066300e-06	1.111611e-09	2.729580e+01	1.229123e+02
4.590000e-06	5.023065e-06	1.106742e-09	2.706287e+01	1.223298e+02
4.600000e-06	4.979366e-06	1.102033e-09	2.682743e+01	1.217367e+02
4.610000e-06	4.935307e-06	1.096522e-09	2.659005e+01	1.211331e+02
4.620000e-06	4.891111e-06	1.092110e-09	2.635193e+01	1.205191e+02
4.630000e-06	4.846865e-06	1.090077e-09	2.611355e+01	1.198950e+02
4.640000e-06	4.802415e-06	1.087419e-09	2.587407e+01	1.192607e+02
4.650000e-06	4.757533e-06	1.081532e-09	2.563226e+01	1.186167e+02
4.660000e-06	4.712113e-06	1.073919e-09	2.538754e+01	1.179629e+02
4.670000e-06	4.666325e-06	1.066189e-09	2.514085e+01	1.172997e+02
4.680000e-06	4.620353e-06	1.058605e-09	2.489317e+01	1.166272e+02
4.690000e-06	4.574077e-06	1.052729e-09	2.464385e+01	1.159456e+02
4.700000e-06	4.527378e-06	1.049193e-09	2.439225e+01	1.152550e+02
4.710000e-06	4.480367e-06	1.045522e-09	2.413896e+01	1.145556e+02
4.720000e-06	4.433036e-06	1.039791e-09	2.388396e+01	1.138475e+02
4.730000e-06	4.385482e-06	1.031346e-09	2.362775e+01	1.131308e+02
4.740000e-06	4.337655e-06	1.023404e-09	2.337007e+01	1.124055e+02
4.750000e-06	4.289420e-06	1.017857e-09	2.311019e+01	1.116718e+02
4.760000e-06	4.240821e-06	1.011615e-09	2.284836e+01	1.109294e+02
4.770000e-06	4.191751e-06	1.004613e-09	2.258398e+01	1.101785e+02
4.780000e-06	4.142284e-06	9.991917e-10	2.231747e+01	1.094190e+02
4.790000e-06	4.092452e-06	9.939757e-10	2.204898e+01	1.086506e+02
4.800000e-06	4.042312e-06	9.860275e-10	2.177884e+01	1.078732e+02
4.810000e-06	3.991969e-06	9.775731e-10	2.150761e+01	1.070867e+02
4.820000e-06	3.941383e-06	9.715469e-10	2.123507e+01	1.062907e+02
4.830000e-06	3.890532e-06	9.662058e-10	2.096110e+01	1.054850e+02
4.840000e-06	3.839359e-06	9.598914e-10	2.068539e+01	1.046694e+02
4.850000e-06	3.787855e-06	9.526536e-10	2.040790e+01	1.038434e+02
4.860000e-06	3.736098e-06	9.439301e-10	2.012905e+01	1.030067e+02
4.870000e-06	3.684090e-06	9.352121e-10	1.984885e+01	1.021591e+02
4.880000e-06	3.631828e-06	9.283696e-10	1.956727e+01	1.013000e+02
4.890000e-06	3.579293e-06	9.217779e-10	1.928423e+01	1.004291e+02
4.900000e-06	3.526419e-06	9.145760e-10	1.899936e+01	9.954609e+01
4.910000e-06	3.473399e-06	9.075994e-10	1.871370e+01	9.865055e+01
4.920000e-06	3.420051e-06	8.997119e-10	1.842627e+01	9.774214e+01
4.930000e-06	3.366189e-06	8.914439e-10	1.813609e+01	9.682053e+01
4.940000e-06	3.311925e-06	8.833738e-10	1.784372e+01	9.588541e+01
4.950000e-06	3.257173e-06	8.742941e-10	1.754874e+01	9.493651e+01
4.960000e-06	3.202001e-06	8.648076e-10	1.725148e+01	9.397358e+01
4.970000e-06	3.146491e-06	8.565486e-10	1.695241e+01	9.299642e+01
4.980000e-06	3.090694e-06	8.492790e-10	1.665180e+01	9.200485e+01
4.990000e-06	3.034704e-06	8.410134e-10	1.635014e+01	9.099876e+01
5.000000e-06	2.978604e-06	8.311967e-10	1.604788e+01	8.997805e+01
5.010000e-06	2.922407e-06	8.212274e-10	1.574511e+01	8.894270e+01
5.020000e-06	2.866112e-06	8.119612e-10	1.544181e+01	8.789269e+01
5.030000e-06	2.809720e-06	8.032944e-10	1.513798e+01	8.682807e+01
5.040000e-06	2.753099e-06	7.950447e-10	1.483293e+01	8.574892e+01
5.050000e-06	2.696274e-06	7.865405e-10	1.452677e+01	8.465535e+01
5.060000e-06	2.639300e-06	7.769793e-10	1.421981e+01	8.354750e+01
5.070000e-06	2.582146e-06	7.666916e-10	1.391188e+01	8.242553e+01
5.080000e-06	2.524828e-06	7.562583e-10	1.360307e+01	8.128962e+01
5.090000e-06	2.467285e-06	7.454529e-10	1.329304e+01	8.013996e+01
5.100000e-06	2.409575e-06	7.344180e-10	1.298211e+01	7.897676e+01
5.110000e-06	2.351809e-06	7.234930e-10	1.267089e+01	7.780021e+01
5.120000e-06	2.293921e-06	7.127846e-10	1.235900e+01	7.661049e+01
5.130000e-06	2.235827e-06	7.018408e-10	1.204601e+01	7.540778e+01
5.140000e-06	2.177494e-06	6.906252e-10	1.173173e+01	7.419222e+01
5.150000e-06	2.118945e-06	6.793890e-10	1.141628e+01	7.296392e+01
5.160000e-06	2.060231e-06	6.685974e-10	1.109995e+01	7.172297e+01
5.170000e-06	2.001292e-06	6.574040e-10	1.078240e+01	7.046940e+01
5.180000e-06	1.942213e-06	6.459090e-10	1.046410e+01	6.920320e+01
5.190000e-06	1.883039e-06	6.356244e-10	1.014529e+01	6.792432e+01
5.200000e-06	1.823680e-06	6.248372e-10	9.825477e+00	6.663264e+01
5.210000e-06	1.764193e-06	6.124848e-10	9.504978e+00	6.532798e+01
5.220000e-06	1.704609e-06	6.006516e-10	9.183956e+00	6.401013e+01
5.230000e-06	1.644927e-06	5.891869e-10	8.862405e+00	6.267879e+01
5.240000e-06	1.585143e-06	5.765523e-10	8.540304e+00	6.133363e+01
5.250000e-06	1.525206e-06	5.637287e-10	8.217381e+00	5.997426e+01
5.260000e-06	1.465187e-06	5.514578e-10	7.894018e+00	5.860024e+01
5.270000e-06	1.405117e-06	5.389194e-10	7.570376e+00	5.721107e+01
5.280000e-06	1.345011e-06	5.261767e-10	7.246544e+00	5.580624e+01
5.290000e-06	1.284920e-06	5.135219e-10	6.922789e+00	5.438519e+01
5.300000e-06	1.224776e-06	4.996405e-10	6.598749e+00	5.294734e+01
5.310000e-06	1.164599e-06	4.845731e-10	6.274533e+00	5.149210e+01
5.320000e-06	1.104392e-06	4.705556e-10	5.950155e+00	5.001887e+01
5.330000e-06	1.044091e-06	4.582161e-10	5.625271e+00	4.852704e+01
5.340000e-06	9.837760e-07	4.462977e-10	5.300310e+00	4.701605e+01
5.350000e-06	9.234725e-07	4.334531e-10	4.975411e+00	4.548532e+01
5.360000e-06	8.631676e-07	4.192059e-10	4.650505e+00	4.393435e+01
5.370000e-06	8.028503e-07	4.040923e-10	4.325532e+00	4.236263e+01
5.380000e-06	7.425123e-07	3.892522e-10	4.000449e+00	4.076977e+01
5.390000e-06	6.821386e-07	3.743229e-10	3.675172e+00	3.915538e+01
5.400000e-06	6.216198e-07	3.583751e-10	3.349113e+00	3.751918e+01
5.410000e-06	5.610156e-07	3.423751e-10	3.022595e+00	3.586096e+01
5.420000e-06	5.003918e-07	3.271376e-10	2.695971e+00	3.418061e+01
5.430000e-06	4.397244e-07	3.128172e-10	2.369112e+00	3.247809e+01
5.440000e-06	3.790521e-07	2.985361e-10	2.042227e+00	3.075347e+01
5.450000e-06	3.183415e-07	2.831575e-10	1.715135e+00	2.900694e+01
5.460000e-06	2.576024e-07	2.666081e-10	1.387890e+00	2.723877e+01
5.470000e-06	1.969408e-07	2.494312e-10	1.061062e+00	2.544935e+01
5.480000e-06	1.363668e-07	2.328172e-10	7.347063e-01	2.363919e+01
5.490000e-06	7.571248e-08	2.168900e-10	4.079176e-01	2.180887e+01
5.500000e-06	1.497353e-08	1.996444e-10	8.067320e-02	1.995913e+01
5.510000e-06	-4.569295e-08	1.809415e-10	-2.461808e-01	1.809076e+01
5.520000e-06	-1.063127e-07	1.631376e-10	-5.727832e-01	1.620467e+01
5.530000e-06	-1.669430e-07	1.469125e-10	-8.994420e-01	1.430188e+01
5.540000e-06	-2.276196e-07	1.310628e-10	-1.226351e+00	1.238348e+01
5.550000e-06	-2.883611e-07	1.147789e-10	-1.553609e+00	1.045062e+01
5.560000e-06	-3.490939e-07	9.716246e-11	-1.880820e+00	8.504562e+00
5.570000e-06	-4.097708e-07	7.799113e-11	-2.207731e+00	6.546608e+00
5.580000e-06	-4.703952e-07	5.849598e-11	-2.534358e+00	4.578122e+00
5.590000e-06	-5.309265e-07	3.945698e-11	-2.860483e+00	2.600516e+00
5.600000e-06	-5.914026e-07	2.079603e-11	-3.186311e+00	6.152365e-01
5.610000e-06	-6.518915e-07	2.065875e-12	-3.512209e+00	-1.376237e+00
5.620000e-06	-7.123630e-07	-1.597079e-11	-3.838013e+00	-3.372406e+00
5.630000e-06	-7.727807e-07	-3.291649e-11	-4.163526e+00	-5.371761e+00
5.640000e-06	-8.331637e-07	-5.141175e-11	-4.488853e+00	-7.372791e+00
5.650000e-06	-8.935303e-07	-7.258419e-11	-4.814091e+00	-9.373988e+00
5.660000e-06	-9.538092e-07	-9.367949e-11	-5.138857e+00	-1.137386e+01
5.670000e-06	-1.014008e-06	-1.125879e-10	-5.463194e+00	-1.337093e+01
5.680000e-06	-1.074239e-06	-1.292542e-10	-5.787696e+00	-1.536375e+01
5.690000e-06	-1.134443e-06	-1.457934e-10	-6.112060e+00	-1.735091e+01
5.700000e-06	-1.194595e-06	-1.637090e-10	-6.436142e+00	-1.933103e+01
5.710000e-06	-1.254679e-06	-1.825930e-10	-6.759862e+00	-2.130277e+01
5.720000e-06	-1.314706e-06	-2.017781e-10	-7.083269e+00	-2.326486e+01
5.730000e-06	-1.374747e-06	-2.210734e-10	-7.406751e+00	-2.521604e+01
5.740000e-06	-1.434725e-06	-2.398665e-10	-7.729897e+00	-2.715514e+01
5.750000e-06	-1.494564e-06	-2.575368e-10	-8.052291e+00	-2.908103e+01
5.760000e-06	-1.554325e-06	-2.748336e-10	-8.374270e+00	-3.099263e+01
5.770000e-06	-1.613996e-06	-2.917471e-10	-8.695756e+00	-3.288892e+01
5.780000e-06	-1.673604e-06	-3.093473e-10	-9.016912e+00	-3.476895e+01
5.790000e-06	-1.733227e-06	-3.286034e-10	-9.338141e+00	-3.663183e+01
5.800000e-06	-1.792683e-06	-3.485112e-10	-9.658473e+00	-3.847670e+01
5.810000e-06	-1.851960e-06	-3.668063e-10	-9.977841e+00	-4.030280e+01
5.820000e-06	-1.911156e-06	-3.823683e-10	-1.029678e+01	-4.210939e+01
5.830000e-06	-1.970217e-06	-3.978184e-10	-1.061498e+01	-4.389582e+01
5.840000e-06	-2.029020e-06	-4.152129e-10	-1.093179e+01	-4.566148e+01
5.850000e-06	-2.087575e-06	-4.328846e-10	-1.124727e+01	-4.740583e+01
5.860000e-06	-2.145946e-06	-4.488994e-10	-1.156176e+01	-4.912836e+01
5.870000e-06	-2.204175e-06	-4.643506e-10	-1.187548e+01	-5.082866e+01
5.880000e-06	-2.262255e-06	-4.795825e-10	-1.218839e+01	-5.250632e+01
5.890000e-06	-2.320200e-06	-4.940555e-10	-1.250059e+01	-5.416105e+01
5.900000e-06	-2.378025e-06	-5.087072e-10	-1.281213e+01	-5.579255e+01
5.910000e-06	-2.435676e-06	-5.229456e-10	-1.312274e+01	-5.740062e+01
5.920000e-06	-2.493086e-06	-5.365068e-10	-1.343205e+01	-5.898509e+01
5.930000e-06	-2.550150e-06	-5.518344e-10	-1.373949e+01	-6.054586e+01
5.940000e-06	-2.606943e-06	-5.691079e-10	-1.404548e+01	-6.208287e+01
5.950000e-06	-2.663613e-06	-5.850105e-10	-1.435080e+01	-6.359612e+01
5.960000e-06	-2.720181e-06	-5.981496e-10	-1.465557e+01	-6.508565e+01
5.970000e-06	-2.776581e-06	-6.106152e-10	-1.495944e+01	-6.655157e+01
5.980000e-06	-2.832932e-06	-6.235156e-10	-1.526304e+01	-6.799402e+01
5.990000e-06	-2.889265e-06	-6.361833e-10	-1.556655e+01	-6.941319e+01
6.000000e-06	-2.945441e-06	-6.481413e-10	-1.586921e+01	-7.080934e+01
6.010000e-06	-3.001488e-06	-6.590471e-10	-1.617118e+01	-7.218275e+01
6.020000e-06	-3.057340e-06	-6.700991e-10	-1.647209e+01	-7.353375e+01
6.030000e-06	-3.113002e-06	-6.831605e-10	-1.677198e+01	-7.486271e+01
6.040000e-06	-3.168415e-06	-6.975260e-10	-1.707053e+01	-7.617004e+01
6.050000e-06	-3.223598e-06	-7.106470e-10	-1.736785e+01	-7.745618e+01
6.060000e-06	-3.278513e-06	-7.214967e-10	-1.766371e+01	-7.872161e+01
6.070000e-06	-3.332947e-06	-7.319590e-10	-1.795699e+01	-7.996682e+01
6.080000e-06	-3.386751e-06	-7.430687e-10	-1.824686e+01	-8.119234e+01
6.090000e-06	-3.439961e-06	-7.548269e-10	-1.853355e+01	-8.239871e+01
6.100000e-06	-3.492945e-06	-7.667793e-10	-1.881901e+01	-8.358648e+01
6.110000e-06	-3.545696e-06	-7.771557e-10	-1.910322e+01	-8.475621e+01
6.120000e-06	-3.598162e-06	-7.871095e-10	-1.938589e+01	-8.590847e+01
6.130000e-06	-3.650439e-06	-7.984545e-10	-1.966754e+01	-8.704382e+01
6.140000e-06	-3.702453e-06	-8.104045e-10	-1.994778e+01	-8.816281e+01
6.150000e-06	-3.754244e-06	-8.213377e-10	-2.022682e+01	-8.926601e+01
6.160000e-06	-3.805749e-06	-8.307884e-10	-2.050431e+01	-9.035392e+01
6.170000e-06	-3.856944e-06	-8.398095e-10	-2.078013e+01	-9.142707e+01
6.180000e-06	-3.907851e-06	-8.484940e-10	-2.105441e+01	-9.248594e+01
6.190000e-06	-3.958357e-06	-8.569970e-10	-2.132652e+01	-9.353099e+01
6.200000e-06	-4.008571e-06	-8.654014e-10	-2.159706e+01	-9.456263e+01
6.210000e-06	-4.058564e-06	-8.741165e-10	-2.186641e+01	-9.558126e+01
6.220000e-06	-4.108209e-06	-8.839896e-10	-2.213388e+01	-9.658723e+01
6.230000e-06	-4.157448e-06	-8.935362e-10	-2.239917e+01	-9.758085e+01
6.240000e-06	-4.206237e-06	-9.011932e-10	-2.266203e+01	-9.856241e+01
6.250000e-06	-4.254493e-06	-9.081518e-10	-2.292202e+01	-9.953213e+01
6.260000e-06	-4.302223e-06	-9.159167e-10	-2.317917e+01	-1.004902e+02
6.270000e-06	-4.349450e-06	-9.245617e-10	-2.343362e+01	-1.014368e+02
6.280000e-06	-4.396419e-06	-9.341692e-10	-2.368667e+01	-1.023720e+02
6.290000e-06	-4.443227e-06	-9.439145e-10	-2.393887e+01	-1.032960e+02
6.300000e-06	-4.489888e-06	-9.519724e-10	-2.419026e+01	-1.042087e+02
6.310000e-06	-4.536427e-06	-9.584911e-10	-2.444100e+01	-1.051102e+02
6.320000e-06	-4.582704e-06	-9.657856e-10	-2.469033e+01	-1.060004e+02
6.330000e-06	-4.628507e-06	-9.743002e-10	-2.493710e+01	-1.068794e+02
6.340000e-06	-4.673821e-06	-9.826966e-10	-2.518124e+01	-1.077471e+02
6.350000e-06	-4.718908e-06	-9.908479e-10	-2.542415e+01	-1.086035e+02
6.360000e-06	-4.763735e-06	-9.986244e-10	-2.566567e+01	-1.094484e+02
6.370000e-06	-4.808255e-06	-1.005566e-09	-2.590553e+01	-1.102817e+02
6.380000e-06	-4.852545e-06	-1.012383e-09	-2.614415e+01	-1.111035e+02
6.390000e-06	-4.896636e-06	-1.018811e-09	-2.638171e+01	-1.119136e+02
6.400000e-06	-4.940494e-06	-1.024304e-09	-2.661800e+01	-1.127119e+02
6.410000e-06	-4.984055e-06	-1.030158e-09	-2.685269e+01	-1.134984e+02
6.420000e-06	-5.027163e-06	-1.037504e-09	-2.708495e+01	-1.142731e+02
6.430000e-06	-5.069852e-06	-1.045466e-09	-2.731494e+01	-1.150358e+02
6.440000e-06	-5.112181e-06	-1.052110e-09	-2.754300e+01	-1.157867e+02
6.450000e-06	-5.154194e-06	-1.057735e-09	-2.776935e+01	-1.165257e+02
6.460000e-06	-5.196014e-06	-1.064164e-09	-2.799467e+01	-1.172528e+02
6.470000e-06	-5.237468e-06	-1.071460e-09	-2.821801e+01	-1.179682e+02
6.480000e-06	-5.278418e-06	-1.077856e-09	-2.843864e+01	-1.186718e+02
6.490000e-06	-5.318994e-06	-1.082371e-09	-2.865725e+01	-1.193638e+02
6.500000e-06	-5.359368e-06	-1.086512e-09	-2.887478e+01	-1.200443e+02
6.510000e-06	-5.399543e-06	-1.091892e-09	-2.909123e+01	-1.207135e+02
6.520000e-06	-5.439315e-06	-1.097993e-09	-2.930550e+01	-1.213715e+02
6.530000e-06	-5.478673e-06	-1.103450e-09	-2.951756e+01	-1.220185e+02
6.540000e-06	-5.517579e-06	-1.108621e-09	-2.972717e+01	-1.226546e+02
6.550000e-06	-5.555865e-06	-1.115503e-09	-2.993344e+01	-1.232802e+02
6.560000e-06	-5.593551e-06	-1.123036e-09	-3.013649e+01	-1.238954e+02
6.570000e-06	-5.630712e-06	-1.129125e-09	-3.033670e+01	-1.245003e+02
6.580000e-06	-5.667377e-06	-1.132911e-09	-3.053424e+01	-1.250953e+02
6.590000e-06	-5.703696e-06	-1.135094e-09	-3.072992e+01	-1.256806e+02
6.600000e-06	-5.739727e-06	-1.138517e-09	-3.092404e+01	-1.262562e+02
6.610000e-06	-5.775440e-06	-1.143042e-09	-3.111645e+01	-1.268225e+02
6.620000e-06	-5.810970e-06	-1.146935e-09	-3.130788e+01	-1.273796e+02
6.630000e-06	-5.846180e-06	-1.150691e-09	-3.149758e+01	-1.279277e+02
6.640000e-06	-5.880797e-06	-1.154667e-09	-3.168409e+01	-1.284668e+02
6.650000e-06	-5.914896e-06	-1.158980e-09	-3.186780e+01	-1.289972e+02
6.660000e-06	-5.948547e-06	-1.164090e-09	-3.204910e+01	-1.295189e+02
6.670000e-06	-5.981715e-06	-1.169104e-09	-3.222781e+01	-1.300321e+02
6.680000e-06	-6.014484e-06	-1.173049e-09	-3.240436e+01	-1.305366e+02
6.690000e-06	-6.046985e-06	-1.176732e-09	-3.257946e+01	-1.310327e+02
6.700000e-06	-6.079302e-06	-1.181433e-09	-3.275358e+01	-1.315203e+02
6.710000e-06	-6.111157e-06	-1.186019e-09	-3.292520e+01	-1.319994e+02
6.720000e-06	-6.142551e-06	-1.190104e-09	-3.309434e+01	-1.324699e+02
6.730000e-06	-6.173377e-06	-1.193904e-09	-3.326043e+01	-1.329318e+02
6.740000e-06	-6.203408e-06	-1.197048e-09	-3.342222e+01	-1.333851e+02
6.750000e-06	-6.232825e-06	-1.200893e-09	-3.358072e+01	-1.338297e+02
6.760000e-06	-6.261674e-06	-1.205226e-09	-3.373615e+01	-1.342654e+02
6.770000e-06	-6.290037e-06	-1.207628e-09	-3.388896e+01	-1.346922e+02
6.780000e-06	-6.318101e-06	-1.208707e-09	-3.404016e+01	-1.351101e+02
6.790000e-06	-6.345964e-06	-1.210730e-09	-3.419028e+01	-1.355188e+02
6.800000e-06	-6.373477e-06	-1.213251e-09	-3.433851e+01	-1.359184e+02
6.810000e-06	-6.400510e-06	-1.215825e-09	-3.448415e+01	-1.363087e+02
6.820000e-06	-6.427048e-06	-1.218465e-09	-3.462714e+01	-1.366897e+02
6.830000e-06	-6.453098e-06	-1.221218e-09	-3.476749e+01	-1.370613e+02
6.840000e-06	-6.478606e-06	-1.224644e-09	-3.490492e+01	-1.374235e+02
6.850000e-06	-6.503635e-06	-1.226981e-09	-3.503976e+01	-1.377763e+02
6.860000e-06	-6.528375e-06	-1.228182e-09	-3.517306e+01	-1.381197e+02
6.870000e-06	-6.552836e-06	-1.230345e-09	-3.530484e+01	-1.384536e+02
6.880000e-06	-6.577023e-06	-1.233641e-09	-3.543516e+01	-1.387783e+02
6.890000e-06	-6.600666e-06	-1.236854e-09	-3.556254e+01	-1.390937e+02
6.900000e-06	-6.623545e-06	-1.239185e-09	-3.568580e+01	-1.394000e+02
6.910000e-06	-6.645881e-06	-1.240775e-09	-3.580614e+01	-1.396973e+02
6.920000e-06	-6.667569e-06	-1.241805e-09	-3.592300e+01	-1.399858e+02
6.930000e-06	-6.688543e-06	-1.242879e-09	-3.603600e+01	-1.402656e+02
6.940000e-06	-6.709059e-06	-1.244770e-09	-3.614653e+01	-1.405370e+02
6.950000e-06	-6.729241e-06	-1.246627e-09	-3.625527e+01	-1.408001e+02
6.960000e-06	-6.749067e-06	-1.247949e-09	-3.636208e+01	-1.410553e+02
6.970000e-06	-6.768384e-06	-1.249718e-09	-3.646616e+01	-1.413027e+02
6.980000e-06	-6.787213e-06	-1.251092e-09	-3.656760e+01	-1.415427e+02
6.990000e-06	-6.805679e-06	-1.251611e-09	-3.666709e+01	-1.417756e+02
7.000000e-06	-6.823788e-06	-1.252059e-09	-3.676466e+01	-1.420015e+02
7.010000e-06	-6.841466e-06	-1.253419e-09	-3.685990e+01	-1.422208e+02
7.020000e-06	-6.858647e-06	-1.255322e-09	-3.695247e+01	-1.424337e+02
7.030000e-06	-6.875387e-06	-1.256942e-09	-3.704266e+01	-1.426405e+02
7.040000e-06	-6.891810e-06	-1.258616e-09	-3.713114e+01	-1.428415e+02
7.050000e-06	-6.907879e-06	-1.261196e-09	-3.721772e+01	-1.430368e+02
7.060000e-06	-6.923378e-06	-1.263847e-09	-3.730122e+01	-1.432268e+02
7.070000e-06	-6.938049e-06	-1.264868e-09	-3.738027e+01	-1.434115e+02
7.080000e-06	-6.951882e-06	-1.265273e-09	-3.745480e+01	-1.435912e+02
7.090000e-06	-6.965065e-06	-1.265677e-09	-3.752582e+01	-1.437660e+02
7.100000e-06	-6.977705e-06	-1.265810e-09	-3.759392e+01	-1.439360e+02
7.110000e-06	-6.989876e-06	-1.265076e-09	-3.765949e+01	-1.441013e+02
7.120000e-06	-7.001471e-06	-1.263795e-09	-3.772197e+01	-1.442619e+02
7.130000e-06	-7.012462e-06	-1.263846e-09	-3.778118e+01	-1.444179e+02
7.140000e-06	-7.023024e-06	-1.266219e-09	-3.783809e+01	-1.445692e+02
7.150000e-06	-7.033217e-06	-1.269661e-09	-3.789300e+01	-1.447158e+02
7.160000e-06	-7.042908e-06	-1.271212e-09	-3.794522e+01	-1.448576e+02
7.170000e-06	-7.052052e-06	-1.270923e-09	-3.799448e+01	-1.449945e+02
7.180000e-06	-7.060724e-06	-1.269336e-09	-3.804120e+01	-1.451264e+02
7.190000e-06	-7.069037e-06	-1.266544e-09	-3.808599e+01	-1.452531e+02
7.200000e-06	-7.077089e-06	-1.266130e-09	-3.812937e+01	-1.453744e+02
7.210000e-06	-7.084698e-06	-1.268180e-09	-3.817037e+01	-1.454902e+02
7.220000e-06	-7.091573e-06	-1.268867e-09	-3.820741e+01	-1.456002e+02
7.230000e-06	-7.097643e-06	-1.269226e-09	-3.824011e+01	-1.457042e+02
7.240000e-06	-7.102985e-06	-1.270503e-09	-3.826890e+01	-1.458020e+02
7.250000e-06	-7.107752e-06	-1.270732e-09	-3.829458e+01	-1.458933e+02
7.260000e-06	-7.112162e-06	-1.268222e-09	-3.831834e+01	-1.459779e+02
7.270000e-06	-7.116205e-06	-1.265052e-09	-3.834012e+01	-1.460556e+02
7.280000e-06	-7.119758e-06	-1.263846e-09	-3.835926e+01	-1.461261e+02
7.290000e-06	-7.122872e-06	-1.263733e-09	-3.837604e+01	-1.461892e+02
7.300000e-06	-7.125531e-06	-1.263317e-09	-3.839037e+01	-1.462447e+02
7.310000e-06	-7.127687e-06	-1.262862e-09	-3.840198e+01	-1.462924e+02
7.320000e-06	-7.129489e-06	-1.263877e-09	-3.841169e+01	-1.463322e+02
7.330000e-06	-7.130776e-06	-1.265415e-09	-3.841862e+01	-1.463639e+02
7.340000e-06	-7.131444e-06	-1.265259e-09	-3.842222e+01	-1.463873e+02
