# Temperatura_=_20.0
# Concentracion g/m^3_=_7400.0
# C_Vs_to_Am_M_A/Vsm_=_116720831517.84952
# pendiente_HvsI_1/m_=_3716.3
# ordenada_HvsI_A/m_=_1297.0
# frecuencia_Hz_=_136109.4138566654

Tiempo_(s)	Campo_(V.s)	Magnetizacion_(V.s)	Campo_(kA/m)	Magnetizacion_(A/m)
0.000000e+00	-7.099088e-06	-1.541046e-09	-3.842703e+01	-1.779942e+02
1.000000e-08	-7.099329e-06	-1.540561e-09	-3.842833e+01	-1.780152e+02
2.000000e-08	-7.099213e-06	-1.540355e-09	-3.842770e+01	-1.780298e+02
3.000000e-08	-7.098551e-06	-1.539030e-09	-3.842412e+01	-1.780379e+02
4.000000e-08	-7.097263e-06	-1.536863e-09	-3.841715e+01	-1.780397e+02
5.000000e-08	-7.095426e-06	-1.535656e-09	-3.840720e+01	-1.780349e+02
6.000000e-08	-7.092807e-06	-1.536048e-09	-3.839303e+01	-1.780237e+02
7.000000e-08	-7.089471e-06	-1.536579e-09	-3.837497e+01	-1.780059e+02
8.000000e-08	-7.085799e-06	-1.543764e-09	-3.835509e+01	-1.779813e+02
9.000000e-08	-7.081653e-06	-1.545447e-09	-3.833265e+01	-1.779501e+02
1.000000e-07	-7.076675e-06	-1.505056e-09	-3.830571e+01	-1.779119e+02
1.100000e-07	-7.070906e-06	-1.463233e-09	-3.827448e+01	-1.778669e+02
1.200000e-07	-7.064682e-06	-1.542822e-09	-3.824079e+01	-1.778148e+02
1.300000e-07	-7.058430e-06	-1.623041e-09	-3.820695e+01	-1.777557e+02
1.400000e-07	-7.051862e-06	-1.532029e-09	-3.817139e+01	-1.776894e+02
1.500000e-07	-7.044660e-06	-1.427181e-09	-3.813241e+01	-1.776162e+02
1.600000e-07	-7.037130e-06	-1.530475e-09	-3.809165e+01	-1.775358e+02
1.700000e-07	-7.029488e-06	-1.645612e-09	-3.805029e+01	-1.774485e+02
1.800000e-07	-7.021160e-06	-1.492177e-09	-3.800520e+01	-1.773543e+02
1.900000e-07	-7.011830e-06	-1.367946e-09	-3.795470e+01	-1.772534e+02
2.000000e-07	-7.001857e-06	-1.541795e-09	-3.790072e+01	-1.771459e+02
2.100000e-07	-6.991692e-06	-1.670768e-09	-3.784570e+01	-1.770320e+02
2.200000e-07	-6.980992e-06	-1.487832e-09	-3.778778e+01	-1.769121e+02
2.300000e-07	-6.969356e-06	-1.381622e-09	-3.772479e+01	-1.767863e+02
2.400000e-07	-6.957137e-06	-1.545747e-09	-3.765865e+01	-1.766550e+02
2.500000e-07	-6.944593e-06	-1.593609e-09	-3.759075e+01	-1.765185e+02
2.600000e-07	-6.931379e-06	-1.440169e-09	-3.751923e+01	-1.763771e+02
2.700000e-07	-6.917374e-06	-1.452622e-09	-3.744342e+01	-1.762311e+02
2.800000e-07	-6.902998e-06	-1.579636e-09	-3.736560e+01	-1.760809e+02
2.900000e-07	-6.887964e-06	-1.509875e-09	-3.728422e+01	-1.759268e+02
3.000000e-07	-6.871996e-06	-1.429613e-09	-3.719779e+01	-1.757690e+02
3.100000e-07	-6.855408e-06	-1.526252e-09	-3.710800e+01	-1.756079e+02
3.200000e-07	-6.838630e-06	-1.533267e-09	-3.701718e+01	-1.754436e+02
3.300000e-07	-6.821418e-06	-1.410492e-09	-3.692401e+01	-1.752764e+02
3.400000e-07	-6.803744e-06	-1.478066e-09	-3.682834e+01	-1.751065e+02
3.500000e-07	-6.785638e-06	-1.593601e-09	-3.673034e+01	-1.749338e+02
3.600000e-07	-6.766929e-06	-1.468400e-09	-3.662907e+01	-1.747584e+02
3.700000e-07	-6.747708e-06	-1.382716e-09	-3.652502e+01	-1.745804e+02
3.800000e-07	-6.728219e-06	-1.519018e-09	-3.641953e+01	-1.743995e+02
3.900000e-07	-6.708497e-06	-1.534051e-09	-3.631278e+01	-1.742157e+02
4.000000e-07	-6.688355e-06	-1.404455e-09	-3.620375e+01	-1.740288e+02
4.100000e-07	-6.667674e-06	-1.449517e-09	-3.609180e+01	-1.738384e+02
4.200000e-07	-6.646542e-06	-1.537082e-09	-3.597742e+01	-1.736442e+02
4.300000e-07	-6.624837e-06	-1.453540e-09	-3.585993e+01	-1.734459e+02
4.400000e-07	-6.602690e-06	-1.425560e-09	-3.574005e+01	-1.732431e+02
4.500000e-07	-6.580128e-06	-1.500629e-09	-3.561792e+01	-1.730353e+02
4.600000e-07	-6.557073e-06	-1.457045e-09	-3.549312e+01	-1.728220e+02
4.700000e-07	-6.533599e-06	-1.406574e-09	-3.536606e+01	-1.726028e+02
4.800000e-07	-6.509783e-06	-1.485134e-09	-3.523715e+01	-1.723771e+02
4.900000e-07	-6.485601e-06	-1.487561e-09	-3.510625e+01	-1.721445e+02
5.000000e-07	-6.460914e-06	-1.402957e-09	-3.497262e+01	-1.719045e+02
5.100000e-07	-6.435567e-06	-1.431296e-09	-3.483542e+01	-1.716567e+02
5.200000e-07	-6.409362e-06	-1.474904e-09	-3.469357e+01	-1.714006e+02
5.300000e-07	-6.382452e-06	-1.419321e-09	-3.454791e+01	-1.711359e+02
5.400000e-07	-6.354946e-06	-1.410648e-09	-3.439902e+01	-1.708623e+02
5.500000e-07	-6.327120e-06	-1.453199e-09	-3.424840e+01	-1.705796e+02
5.600000e-07	-6.299070e-06	-1.427925e-09	-3.409657e+01	-1.702875e+02
5.700000e-07	-6.270662e-06	-1.406416e-09	-3.394280e+01	-1.699860e+02
5.800000e-07	-6.241800e-06	-1.434086e-09	-3.378657e+01	-1.696749e+02
5.900000e-07	-6.212563e-06	-1.421439e-09	-3.362831e+01	-1.693544e+02
6.000000e-07	-6.183051e-06	-1.394337e-09	-3.346856e+01	-1.690245e+02
6.100000e-07	-6.153056e-06	-1.414799e-09	-3.330620e+01	-1.686853e+02
6.200000e-07	-6.122438e-06	-1.419814e-09	-3.314047e+01	-1.683372e+02
6.300000e-07	-6.091397e-06	-1.396153e-09	-3.297245e+01	-1.679804e+02
6.400000e-07	-6.060020e-06	-1.395919e-09	-3.280260e+01	-1.676153e+02
6.500000e-07	-6.028317e-06	-1.399122e-09	-3.263099e+01	-1.672421e+02
6.600000e-07	-5.996400e-06	-1.385624e-09	-3.245823e+01	-1.668613e+02
6.700000e-07	-5.964249e-06	-1.385633e-09	-3.228420e+01	-1.664734e+02
6.800000e-07	-5.931577e-06	-1.390069e-09	-3.210735e+01	-1.660787e+02
6.900000e-07	-5.898019e-06	-1.379511e-09	-3.192570e+01	-1.656778e+02
7.000000e-07	-5.863647e-06	-1.370434e-09	-3.173964e+01	-1.652709e+02
7.100000e-07	-5.828727e-06	-1.367583e-09	-3.155062e+01	-1.648584e+02
7.200000e-07	-5.793442e-06	-1.360938e-09	-3.135963e+01	-1.644408e+02
7.300000e-07	-5.757921e-06	-1.356294e-09	-3.116735e+01	-1.640183e+02
7.400000e-07	-5.722195e-06	-1.353578e-09	-3.097397e+01	-1.635911e+02
7.500000e-07	-5.686261e-06	-1.350071e-09	-3.077946e+01	-1.631594e+02
7.600000e-07	-5.649860e-06	-1.349436e-09	-3.058242e+01	-1.627233e+02
7.700000e-07	-5.612845e-06	-1.348038e-09	-3.038206e+01	-1.622828e+02
7.800000e-07	-5.575425e-06	-1.339636e-09	-3.017951e+01	-1.618378e+02
7.900000e-07	-5.537624e-06	-1.329800e-09	-2.997489e+01	-1.613882e+02
8.000000e-07	-5.499295e-06	-1.323708e-09	-2.976742e+01	-1.609338e+02
8.100000e-07	-5.460485e-06	-1.320350e-09	-2.955734e+01	-1.604743e+02
8.200000e-07	-5.421356e-06	-1.318068e-09	-2.934554e+01	-1.600093e+02
8.300000e-07	-5.381938e-06	-1.313497e-09	-2.913218e+01	-1.595383e+02
8.400000e-07	-5.342278e-06	-1.306944e-09	-2.891750e+01	-1.590609e+02
8.500000e-07	-5.302481e-06	-1.301549e-09	-2.870208e+01	-1.585765e+02
8.600000e-07	-5.262431e-06	-1.297630e-09	-2.848529e+01	-1.580845e+02
8.700000e-07	-5.221856e-06	-1.292035e-09	-2.826566e+01	-1.575845e+02
8.800000e-07	-5.181007e-06	-1.285571e-09	-2.804455e+01	-1.570756e+02
8.900000e-07	-5.139725e-06	-1.278461e-09	-2.782109e+01	-1.565574e+02
9.000000e-07	-5.097660e-06	-1.272660e-09	-2.759339e+01	-1.560292e+02
9.100000e-07	-5.054932e-06	-1.269117e-09	-2.736210e+01	-1.554905e+02
9.200000e-07	-5.011677e-06	-1.264505e-09	-2.712797e+01	-1.549407e+02
9.300000e-07	-4.968149e-06	-1.256962e-09	-2.689235e+01	-1.543793e+02
9.400000e-07	-4.924458e-06	-1.250543e-09	-2.665586e+01	-1.538060e+02
9.500000e-07	-4.880563e-06	-1.246286e-09	-2.641825e+01	-1.532204e+02
9.600000e-07	-4.836411e-06	-1.242306e-09	-2.617926e+01	-1.526221e+02
9.700000e-07	-4.791902e-06	-1.236138e-09	-2.593834e+01	-1.520110e+02
9.800000e-07	-4.746888e-06	-1.228657e-09	-2.569468e+01	-1.513870e+02
9.900000e-07	-4.701452e-06	-1.221536e-09	-2.544873e+01	-1.507500e+02
1.000000e-06	-4.655646e-06	-1.215956e-09	-2.520079e+01	-1.501001e+02
1.010000e-06	-4.609433e-06	-1.211036e-09	-2.495064e+01	-1.494373e+02
1.020000e-06	-4.563040e-06	-1.205203e-09	-2.469952e+01	-1.487619e+02
1.030000e-06	-4.516401e-06	-1.198707e-09	-2.444706e+01	-1.480741e+02
1.040000e-06	-4.469378e-06	-1.192026e-09	-2.419253e+01	-1.473742e+02
1.050000e-06	-4.422097e-06	-1.187227e-09	-2.393660e+01	-1.466625e+02
1.060000e-06	-4.374593e-06	-1.182351e-09	-2.367947e+01	-1.459395e+02
1.070000e-06	-4.326886e-06	-1.175443e-09	-2.342123e+01	-1.452055e+02
1.080000e-06	-4.278915e-06	-1.168586e-09	-2.316156e+01	-1.444610e+02
1.090000e-06	-4.230607e-06	-1.163278e-09	-2.290007e+01	-1.437063e+02
1.100000e-06	-4.182035e-06	-1.158126e-09	-2.263716e+01	-1.429418e+02
1.110000e-06	-4.132939e-06	-1.151535e-09	-2.237140e+01	-1.421678e+02
1.120000e-06	-4.083435e-06	-1.143441e-09	-2.210344e+01	-1.413847e+02
1.130000e-06	-4.033535e-06	-1.135782e-09	-2.183333e+01	-1.405926e+02
1.140000e-06	-3.982933e-06	-1.129956e-09	-2.155943e+01	-1.397917e+02
1.150000e-06	-3.931965e-06	-1.125580e-09	-2.128354e+01	-1.389822e+02
1.160000e-06	-3.880729e-06	-1.120168e-09	-2.100620e+01	-1.381639e+02
1.170000e-06	-3.829269e-06	-1.112513e-09	-2.072765e+01	-1.373369e+02
1.180000e-06	-3.777548e-06	-1.104521e-09	-2.044769e+01	-1.365009e+02
1.190000e-06	-3.725529e-06	-1.097248e-09	-2.016611e+01	-1.356557e+02
1.200000e-06	-3.673276e-06	-1.089416e-09	-1.988327e+01	-1.348009e+02
1.210000e-06	-3.620651e-06	-1.081614e-09	-1.959841e+01	-1.339361e+02
1.220000e-06	-3.567721e-06	-1.073710e-09	-1.931191e+01	-1.330607e+02
1.230000e-06	-3.514555e-06	-1.066199e-09	-1.902412e+01	-1.321742e+02
1.240000e-06	-3.461111e-06	-1.058307e-09	-1.873483e+01	-1.312760e+02
1.250000e-06	-3.407458e-06	-1.050784e-09	-1.844441e+01	-1.303653e+02
1.260000e-06	-3.353587e-06	-1.044014e-09	-1.815281e+01	-1.294415e+02
1.270000e-06	-3.299473e-06	-1.034920e-09	-1.785989e+01	-1.285038e+02
1.280000e-06	-3.245186e-06	-1.025620e-09	-1.756604e+01	-1.275515e+02
1.290000e-06	-3.190750e-06	-1.018598e-09	-1.727138e+01	-1.265839e+02
1.300000e-06	-3.136015e-06	-1.011795e-09	-1.697510e+01	-1.256003e+02
1.310000e-06	-3.080947e-06	-1.002928e-09	-1.667702e+01	-1.246000e+02
1.320000e-06	-3.025771e-06	-9.935694e-10	-1.637836e+01	-1.235826e+02
1.330000e-06	-2.970513e-06	-9.846005e-10	-1.607924e+01	-1.225473e+02
1.340000e-06	-2.915015e-06	-9.748275e-10	-1.577884e+01	-1.214939e+02
1.350000e-06	-2.859409e-06	-9.657540e-10	-1.547784e+01	-1.204220e+02
1.360000e-06	-2.803809e-06	-9.575856e-10	-1.517689e+01	-1.193312e+02
1.370000e-06	-2.748074e-06	-9.485571e-10	-1.487519e+01	-1.182215e+02
1.380000e-06	-2.692160e-06	-9.394072e-10	-1.457253e+01	-1.170927e+02
1.390000e-06	-2.636079e-06	-9.300250e-10	-1.426897e+01	-1.159449e+02
1.400000e-06	-2.579794e-06	-9.203669e-10	-1.396430e+01	-1.147782e+02
1.410000e-06	-2.523391e-06	-9.100706e-10	-1.365900e+01	-1.135927e+02
1.420000e-06	-2.466780e-06	-8.997854e-10	-1.335256e+01	-1.123887e+02
1.430000e-06	-2.409726e-06	-8.903536e-10	-1.304373e+01	-1.111666e+02
1.440000e-06	-2.352338e-06	-8.807376e-10	-1.273309e+01	-1.099265e+02
1.450000e-06	-2.294716e-06	-8.700089e-10	-1.242119e+01	-1.086690e+02
1.460000e-06	-2.236749e-06	-8.580619e-10	-1.210741e+01	-1.073944e+02
1.470000e-06	-2.178412e-06	-8.459362e-10	-1.179164e+01	-1.061030e+02
1.480000e-06	-2.119819e-06	-8.346764e-10	-1.147448e+01	-1.047951e+02
1.490000e-06	-2.060971e-06	-8.240193e-10	-1.115594e+01	-1.034710e+02
1.500000e-06	-2.001920e-06	-8.136983e-10	-1.083630e+01	-1.021308e+02
1.510000e-06	-1.942730e-06	-8.028609e-10	-1.051591e+01	-1.007747e+02
1.520000e-06	-1.883377e-06	-7.909424e-10	-1.019463e+01	-9.940251e+01
1.530000e-06	-1.823916e-06	-7.796645e-10	-9.872768e+00	-9.801411e+01
1.540000e-06	-1.764369e-06	-7.682847e-10	-9.550444e+00	-9.660914e+01
1.550000e-06	-1.704801e-06	-7.558036e-10	-9.228006e+00	-9.518712e+01
1.560000e-06	-1.645280e-06	-7.434585e-10	-8.905822e+00	-9.374736e+01
1.570000e-06	-1.585724e-06	-7.318253e-10	-8.583449e+00	-9.228903e+01
1.580000e-06	-1.526020e-06	-7.211947e-10	-8.260273e+00	-9.081110e+01
1.590000e-06	-1.466234e-06	-7.095345e-10	-7.936656e+00	-8.931237e+01
1.600000e-06	-1.406435e-06	-6.957507e-10	-7.612965e+00	-8.779145e+01
1.610000e-06	-1.346625e-06	-6.818453e-10	-7.289218e+00	-8.624682e+01
1.620000e-06	-1.286778e-06	-6.686444e-10	-6.965268e+00	-8.467678e+01
1.630000e-06	-1.226833e-06	-6.562617e-10	-6.640788e+00	-8.307953e+01
1.640000e-06	-1.166763e-06	-6.433769e-10	-6.315632e+00	-8.145312e+01
1.650000e-06	-1.106671e-06	-6.295584e-10	-5.990356e+00	-7.979556e+01
1.660000e-06	-1.046534e-06	-6.158065e-10	-5.664841e+00	-7.810476e+01
1.670000e-06	-9.863280e-07	-6.028627e-10	-5.338947e+00	-7.637862e+01
1.680000e-06	-9.260500e-07	-5.895356e-10	-5.012665e+00	-7.461504e+01
1.690000e-06	-8.656182e-07	-5.740871e-10	-4.685550e+00	-7.281193e+01
1.700000e-06	-8.050137e-07	-5.584645e-10	-4.357501e+00	-7.096730e+01
1.710000e-06	-7.444133e-07	-5.443584e-10	-4.029474e+00	-6.907925e+01
1.720000e-06	-6.839040e-07	-5.306359e-10	-3.701940e+00	-6.714600e+01
1.730000e-06	-6.233124e-07	-5.163670e-10	-3.373960e+00	-6.516595e+01
1.740000e-06	-5.625266e-07	-5.005683e-10	-3.044930e+00	-6.313771e+01
1.750000e-06	-5.016115e-07	-4.836080e-10	-2.715199e+00	-6.106011e+01
1.760000e-06	-4.407770e-07	-4.668773e-10	-2.385905e+00	-5.893223e+01
1.770000e-06	-3.799184e-07	-4.502299e-10	-2.056480e+00	-5.675345e+01
1.780000e-06	-3.190059e-07	-4.333921e-10	-1.726764e+00	-5.452343e+01
1.790000e-06	-2.582100e-07	-4.158524e-10	-1.397679e+00	-5.224216e+01
1.800000e-06	-1.973863e-07	-3.968133e-10	-1.068443e+00	-4.990996e+01
1.810000e-06	-1.364030e-07	-3.772059e-10	-7.383432e-01	-4.752750e+01
1.820000e-06	-7.547925e-08	-3.583319e-10	-4.085656e-01	-4.509578e+01
1.830000e-06	-1.467101e-08	-3.387132e-10	-7.941350e-02	-4.261615e+01
1.840000e-06	4.618509e-08	-3.171883e-10	2.499977e-01	-4.009030e+01
1.850000e-06	1.071174e-07	-2.950495e-10	5.798212e-01	-3.752024e+01
1.860000e-06	1.680588e-07	-2.734898e-10	9.096944e-01	-3.490831e+01
1.870000e-06	2.289717e-07	-2.524324e-10	1.239413e+00	-3.225714e+01
1.880000e-06	2.899147e-07	-2.305584e-10	1.569295e+00	-2.956961e+01
1.890000e-06	3.507844e-07	-2.074633e-10	1.898779e+00	-2.684888e+01
1.900000e-06	4.116506e-07	-1.846597e-10	2.228245e+00	-2.409831e+01
1.910000e-06	4.725387e-07	-1.619471e-10	2.557830e+00	-2.132146e+01
1.920000e-06	5.332987e-07	-1.389319e-10	2.886721e+00	-1.852204e+01
1.930000e-06	5.939131e-07	-1.162247e-10	3.214823e+00	-1.570386e+01
1.940000e-06	6.544073e-07	-9.340565e-11	3.542276e+00	-1.287084e+01
1.950000e-06	7.149119e-07	-6.973512e-11	3.869784e+00	-1.002693e+01
1.960000e-06	7.754606e-07	-4.593421e-11	4.197531e+00	-7.176102e+00
1.970000e-06	8.358473e-07	-2.275598e-11	4.524401e+00	-4.322284e+00
1.980000e-06	8.961287e-07	-1.362279e-13	4.850702e+00	-1.469354e+00
1.990000e-06	9.564829e-07	2.249736e-11	5.177396e+00	1.378906e+00
2.000000e-06	1.016838e-06	4.517248e-11	5.504096e+00	4.218840e+00
2.010000e-06	1.077041e-06	6.812863e-11	5.829969e+00	7.046946e+00
2.020000e-06	1.137108e-06	9.158768e-11	6.155112e+00	9.859902e+00
2.030000e-06	1.197097e-06	1.156761e-10	6.479831e+00	1.265459e+01
2.040000e-06	1.257009e-06	1.394075e-10	6.804129e+00	1.542811e+01
2.050000e-06	1.316892e-06	1.612866e-10	7.128273e+00	1.817780e+01
2.060000e-06	1.376787e-06	1.820987e-10	7.452484e+00	2.090126e+01
2.070000e-06	1.436675e-06	2.031331e-10	7.776656e+00	2.359633e+01
2.080000e-06	1.496444e-06	2.245115e-10	8.100180e+00	2.626113e+01
2.090000e-06	1.556110e-06	2.456075e-10	8.423150e+00	2.889403e+01
2.100000e-06	1.615736e-06	2.658447e-10	8.745902e+00	3.149369e+01
2.110000e-06	1.675338e-06	2.862213e-10	9.068527e+00	3.405899e+01
2.120000e-06	1.734882e-06	3.075949e-10	9.390834e+00	3.658910e+01
2.130000e-06	1.794351e-06	3.281689e-10	9.712739e+00	3.908341e+01
2.140000e-06	1.853714e-06	3.473276e-10	1.003406e+01	4.154154e+01
2.150000e-06	1.912955e-06	3.652163e-10	1.035473e+01	4.396333e+01
2.160000e-06	1.972058e-06	3.832966e-10	1.067466e+01	4.634880e+01
2.170000e-06	2.031014e-06	4.027637e-10	1.099379e+01	4.869816e+01
2.180000e-06	2.089843e-06	4.219062e-10	1.131222e+01	5.101177e+01
2.190000e-06	2.148528e-06	4.399299e-10	1.162988e+01	5.329015e+01
2.200000e-06	2.206964e-06	4.577890e-10	1.194619e+01	5.553391e+01
2.210000e-06	2.265044e-06	4.752476e-10	1.226058e+01	5.774378e+01
2.220000e-06	2.322742e-06	4.923928e-10	1.257289e+01	5.992056e+01
2.230000e-06	2.380104e-06	5.089271e-10	1.288339e+01	6.206510e+01
2.240000e-06	2.437272e-06	5.248145e-10	1.319284e+01	6.417832e+01
2.250000e-06	2.494017e-06	5.414465e-10	1.350000e+01	6.626113e+01
2.260000e-06	2.550333e-06	5.576548e-10	1.380483e+01	6.831446e+01
2.270000e-06	2.606541e-06	5.726992e-10	1.410908e+01	7.033925e+01
2.280000e-06	2.662562e-06	5.873872e-10	1.441232e+01	7.233639e+01
2.290000e-06	2.718357e-06	6.018872e-10	1.471434e+01	7.430676e+01
2.300000e-06	2.774070e-06	6.166076e-10	1.501591e+01	7.625119e+01
2.310000e-06	2.829693e-06	6.325053e-10	1.531699e+01	7.817044e+01
2.320000e-06	2.885244e-06	6.489246e-10	1.561769e+01	8.006525e+01
2.330000e-06	2.940618e-06	6.655131e-10	1.591743e+01	8.193625e+01
2.340000e-06	2.995778e-06	6.814615e-10	1.621601e+01	8.378404e+01
2.350000e-06	3.050910e-06	6.953541e-10	1.651443e+01	8.560912e+01
2.360000e-06	3.105854e-06	7.076153e-10	1.681184e+01	8.741195e+01
2.370000e-06	3.160528e-06	7.188170e-10	1.710779e+01	8.919288e+01
2.380000e-06	3.214996e-06	7.300650e-10	1.740262e+01	9.095221e+01
2.390000e-06	3.269190e-06	7.430420e-10	1.769597e+01	9.269017e+01
2.400000e-06	3.323088e-06	7.585290e-10	1.798772e+01	9.440691e+01
2.410000e-06	3.376708e-06	7.741239e-10	1.827796e+01	9.610253e+01
2.420000e-06	3.430217e-06	7.886227e-10	1.856760e+01	9.777707e+01
2.430000e-06	3.483535e-06	8.030554e-10	1.885621e+01	9.943051e+01
2.440000e-06	3.536511e-06	8.170512e-10	1.914297e+01	1.010628e+02
2.450000e-06	3.589249e-06	8.298659e-10	1.942844e+01	1.026738e+02
2.460000e-06	3.641683e-06	8.415624e-10	1.971226e+01	1.042633e+02
2.470000e-06	3.693802e-06	8.525074e-10	1.999437e+01	1.058312e+02
2.480000e-06	3.745697e-06	8.633346e-10	2.027528e+01	1.073773e+02
2.490000e-06	3.797318e-06	8.750826e-10	2.055470e+01	1.089014e+02
2.500000e-06	3.848663e-06	8.880392e-10	2.083263e+01	1.104031e+02
2.510000e-06	3.899828e-06	9.011929e-10	2.110958e+01	1.118823e+02
2.520000e-06	3.950694e-06	9.135340e-10	2.138492e+01	1.133387e+02
2.530000e-06	4.001086e-06	9.250483e-10	2.165769e+01	1.147720e+02
2.540000e-06	4.051017e-06	9.351111e-10	2.192797e+01	1.161819e+02
2.550000e-06	4.100350e-06	9.438514e-10	2.219500e+01	1.175684e+02
2.560000e-06	4.148979e-06	9.530265e-10	2.245823e+01	1.189310e+02
2.570000e-06	4.197132e-06	9.623874e-10	2.271887e+01	1.202697e+02
2.580000e-06	4.245065e-06	9.729303e-10	2.297833e+01	1.215842e+02
2.590000e-06	4.292904e-06	9.848814e-10	2.323728e+01	1.228745e+02
2.600000e-06	4.340600e-06	9.968142e-10	2.349546e+01	1.241405e+02
2.610000e-06	4.388055e-06	1.008362e-09	2.375233e+01	1.253820e+02
2.620000e-06	4.435246e-06	1.018438e-09	2.400778e+01	1.265990e+02
2.630000e-06	4.482082e-06	1.026973e-09	2.426130e+01	1.277917e+02
2.640000e-06	4.528474e-06	1.034727e-09	2.451241e+01	1.289600e+02
2.650000e-06	4.574575e-06	1.043328e-09	2.476196e+01	1.301041e+02
2.660000e-06	4.620504e-06	1.052917e-09	2.501057e+01	1.312241e+02
2.670000e-06	4.666082e-06	1.060938e-09	2.525728e+01	1.323204e+02
2.680000e-06	4.711279e-06	1.067411e-09	2.550193e+01	1.333930e+02
2.690000e-06	4.756097e-06	1.075660e-09	2.574453e+01	1.344424e+02
2.700000e-06	4.800505e-06	1.084268e-09	2.598491e+01	1.354689e+02
2.710000e-06	4.844626e-06	1.092376e-09	2.622373e+01	1.364730e+02
2.720000e-06	4.888490e-06	1.101615e-09	2.646116e+01	1.374550e+02
2.730000e-06	4.932176e-06	1.110736e-09	2.669763e+01	1.384155e+02
2.740000e-06	4.975735e-06	1.119653e-09	2.693342e+01	1.393550e+02
2.750000e-06	5.019068e-06	1.127979e-09	2.716798e+01	1.402741e+02
2.760000e-06	5.062040e-06	1.135472e-09	2.740058e+01	1.411732e+02
2.770000e-06	5.104638e-06	1.141852e-09	2.763116e+01	1.420531e+02
2.780000e-06	5.146644e-06	1.148141e-09	2.785854e+01	1.429144e+02
2.790000e-06	5.187911e-06	1.155145e-09	2.808192e+01	1.437577e+02
2.800000e-06	5.228528e-06	1.162624e-09	2.830177e+01	1.445835e+02
2.810000e-06	5.268641e-06	1.171348e-09	2.851890e+01	1.453926e+02
2.820000e-06	5.308478e-06	1.179799e-09	2.873454e+01	1.461857e+02
2.830000e-06	5.348023e-06	1.186691e-09	2.894859e+01	1.469631e+02
2.840000e-06	5.387422e-06	1.192958e-09	2.916186e+01	1.477257e+02
2.850000e-06	5.426669e-06	1.199847e-09	2.937430e+01	1.484740e+02
2.860000e-06	5.465466e-06	1.205364e-09	2.958431e+01	1.492084e+02
2.870000e-06	5.503709e-06	1.209416e-09	2.979131e+01	1.499296e+02
2.880000e-06	5.541483e-06	1.215127e-09	2.999578e+01	1.506380e+02
2.890000e-06	5.578968e-06	1.221303e-09	3.019869e+01	1.513340e+02
2.900000e-06	5.616068e-06	1.226679e-09	3.039951e+01	1.520180e+02
2.910000e-06	5.652673e-06	1.232632e-09	3.059765e+01	1.526904e+02
2.920000e-06	5.688853e-06	1.239691e-09	3.079349e+01	1.533516e+02
2.930000e-06	5.724732e-06	1.247886e-09	3.098770e+01	1.540018e+02
2.940000e-06	5.760403e-06	1.255976e-09	3.118079e+01	1.546412e+02
2.950000e-06	5.795868e-06	1.261247e-09	3.137276e+01	1.552701e+02
2.960000e-06	5.831071e-06	1.264114e-09	3.156331e+01	1.558887e+02
2.970000e-06	5.865740e-06	1.268237e-09	3.175097e+01	1.564970e+02
2.980000e-06	5.899633e-06	1.273784e-09	3.193443e+01	1.570952e+02
2.990000e-06	5.932803e-06	1.279414e-09	3.211398e+01	1.576834e+02
3.000000e-06	5.965466e-06	1.285728e-09	3.229078e+01	1.582616e+02
3.010000e-06	5.997734e-06	1.292789e-09	3.246545e+01	1.588300e+02
3.020000e-06	6.029621e-06	1.299621e-09	3.263805e+01	1.593886e+02
3.030000e-06	6.061230e-06	1.306122e-09	3.280915e+01	1.599374e+02
3.040000e-06	6.092562e-06	1.311904e-09	3.297875e+01	1.604765e+02
3.050000e-06	6.123330e-06	1.315764e-09	3.314529e+01	1.610059e+02
3.060000e-06	6.153601e-06	1.320262e-09	3.330915e+01	1.615257e+02
3.070000e-06	6.183626e-06	1.326303e-09	3.347168e+01	1.620361e+02
3.080000e-06	6.213168e-06	1.331051e-09	3.363158e+01	1.625370e+02
3.090000e-06	6.242147e-06	1.335124e-09	3.378844e+01	1.630286e+02
3.100000e-06	6.270793e-06	1.340852e-09	3.394350e+01	1.635110e+02
3.110000e-06	6.299048e-06	1.347398e-09	3.409645e+01	1.639844e+02
3.120000e-06	6.326889e-06	1.353108e-09	3.424715e+01	1.644489e+02
3.130000e-06	6.354527e-06	1.357879e-09	3.439675e+01	1.649047e+02
3.140000e-06	6.381966e-06	1.361761e-09	3.454528e+01	1.653520e+02
3.150000e-06	6.409053e-06	1.365532e-09	3.469190e+01	1.657910e+02
3.160000e-06	6.435542e-06	1.369862e-09	3.483528e+01	1.662220e+02
3.170000e-06	6.461108e-06	1.374195e-09	3.497367e+01	1.666451e+02
3.180000e-06	6.485765e-06	1.378557e-09	3.510714e+01	1.670607e+02
3.190000e-06	6.509811e-06	1.382831e-09	3.523730e+01	1.674688e+02
3.200000e-06	6.533515e-06	1.386570e-09	3.536561e+01	1.678697e+02
3.210000e-06	6.556964e-06	1.389917e-09	3.549253e+01	1.682637e+02
3.220000e-06	6.580016e-06	1.393690e-09	3.561731e+01	1.686510e+02
3.230000e-06	6.602559e-06	1.398155e-09	3.573934e+01	1.690315e+02
3.240000e-06	6.624602e-06	1.402432e-09	3.585866e+01	1.694057e+02
3.250000e-06	6.646224e-06	1.406174e-09	3.597569e+01	1.697734e+02
3.260000e-06	6.667383e-06	1.409399e-09	3.609023e+01	1.701349e+02
3.270000e-06	6.687914e-06	1.412616e-09	3.620136e+01	1.704902e+02
3.280000e-06	6.707974e-06	1.415829e-09	3.630995e+01	1.708392e+02
3.290000e-06	6.727826e-06	1.419363e-09	3.641741e+01	1.711820e+02
3.300000e-06	6.747394e-06	1.423922e-09	3.652333e+01	1.715184e+02
3.310000e-06	6.766595e-06	1.427957e-09	3.662726e+01	1.718485e+02
3.320000e-06	6.785412e-06	1.431144e-09	3.672911e+01	1.721719e+02
3.330000e-06	6.803683e-06	1.433967e-09	3.682801e+01	1.724886e+02
3.340000e-06	6.821212e-06	1.435569e-09	3.692290e+01	1.727984e+02
3.350000e-06	6.838168e-06	1.438264e-09	3.701468e+01	1.731011e+02
3.360000e-06	6.854821e-06	1.442273e-09	3.710482e+01	1.733963e+02
3.370000e-06	6.871149e-06	1.444434e-09	3.719321e+01	1.736839e+02
3.380000e-06	6.886903e-06	1.447016e-09	3.727848e+01	1.739635e+02
3.390000e-06	6.901888e-06	1.450899e-09	3.735959e+01	1.742350e+02
3.400000e-06	6.916259e-06	1.453967e-09	3.743738e+01	1.744980e+02
3.410000e-06	6.930122e-06	1.457806e-09	3.751242e+01	1.747522e+02
3.420000e-06	6.943513e-06	1.461917e-09	3.758491e+01	1.749976e+02
3.430000e-06	6.956325e-06	1.465044e-09	3.765426e+01	1.752337e+02
3.440000e-06	6.968574e-06	1.468785e-09	3.772056e+01	1.754605e+02
3.450000e-06	6.980484e-06	1.472981e-09	3.778503e+01	1.756777e+02
3.460000e-06	6.992087e-06	1.476567e-09	3.784783e+01	1.758853e+02
3.470000e-06	7.003120e-06	1.479189e-09	3.790756e+01	1.760830e+02
3.480000e-06	7.013358e-06	1.481290e-09	3.796297e+01	1.762710e+02
3.490000e-06	7.022722e-06	1.483114e-09	3.801366e+01	1.764492e+02
3.500000e-06	7.031224e-06	1.484703e-09	3.805968e+01	1.766175e+02
3.510000e-06	7.039150e-06	1.487056e-09	3.810258e+01	1.767761e+02
3.520000e-06	7.046799e-06	1.489437e-09	3.814399e+01	1.769251e+02
3.530000e-06	7.054118e-06	1.490387e-09	3.818361e+01	1.770646e+02
3.540000e-06	7.060932e-06	1.491351e-09	3.822049e+01	1.771948e+02
3.550000e-06	7.067264e-06	1.493920e-09	3.825477e+01	1.773158e+02
3.560000e-06	7.073183e-06	1.496279e-09	3.828680e+01	1.774280e+02
3.570000e-06	7.078596e-06	1.497781e-09	3.831610e+01	1.775315e+02
3.580000e-06	7.083480e-06	1.499455e-09	3.834254e+01	1.776266e+02
3.590000e-06	7.087916e-06	1.501753e-09	3.836655e+01	1.777135e+02
3.600000e-06	7.091906e-06	1.504264e-09	3.838815e+01	1.777925e+02
3.610000e-06	7.095564e-06	1.506832e-09	3.840795e+01	1.778638e+02
3.620000e-06	7.098869e-06	1.508931e-09	3.842584e+01	1.779277e+02
3.630000e-06	7.101670e-06	1.509990e-09	3.844100e+01	1.779845e+02
3.640000e-06	7.103651e-06	1.511412e-09	3.845173e+01	1.780342e+02
3.650000e-06	7.104753e-06	1.511155e-09	3.845769e+01	1.780771e+02
3.660000e-06	7.105180e-06	1.510727e-09	3.846000e+01	1.781133e+02
3.670000e-06	7.105096e-06	1.513314e-09	3.845955e+01	1.781429e+02
3.680000e-06	7.104663e-06	1.515300e-09	3.845720e+01	1.781661e+02
3.690000e-06	7.103987e-06	1.516135e-09	3.845355e+01	1.781828e+02
3.700000e-06	7.102853e-06	1.517078e-09	3.844740e+01	1.781931e+02
3.710000e-06	7.101125e-06	1.517902e-09	3.843805e+01	1.781970e+02
3.720000e-06	7.098938e-06	1.519155e-09	3.842621e+01	1.781945e+02
3.730000e-06	7.096292e-06	1.519762e-09	3.841189e+01	1.781854e+02
3.740000e-06	7.093350e-06	1.516042e-09	3.839597e+01	1.781698e+02
3.750000e-06	7.089909e-06	1.497907e-09	3.837734e+01	1.781476e+02
3.760000e-06	7.085920e-06	1.507611e-09	3.835575e+01	1.781186e+02
3.770000e-06	7.081318e-06	1.589443e-09	3.833084e+01	1.780828e+02
3.780000e-06	7.075603e-06	1.588432e-09	3.829991e+01	1.780400e+02
3.790000e-06	7.069313e-06	1.441628e-09	3.826586e+01	1.779903e+02
3.800000e-06	7.063158e-06	1.423070e-09	3.823254e+01	1.779336e+02
3.810000e-06	7.056819e-06	1.587982e-09	3.819823e+01	1.778698e+02
3.820000e-06	7.049605e-06	1.622526e-09	3.815918e+01	1.777988e+02
3.830000e-06	7.041518e-06	1.435736e-09	3.811540e+01	1.777209e+02
3.840000e-06	7.033138e-06	1.404267e-09	3.807004e+01	1.776359e+02
3.850000e-06	7.024552e-06	1.642693e-09	3.802356e+01	1.775440e+02
3.860000e-06	7.015285e-06	1.666105e-09	3.797341e+01	1.774453e+02
3.870000e-06	7.005400e-06	1.382891e-09	3.791990e+01	1.773400e+02
3.880000e-06	6.995250e-06	1.352189e-09	3.786496e+01	1.772283e+02
3.890000e-06	6.984789e-06	1.651305e-09	3.780833e+01	1.771104e+02
3.900000e-06	6.973608e-06	1.661726e-09	3.774781e+01	1.769865e+02
3.910000e-06	6.961746e-06	1.381201e-09	3.768360e+01	1.768571e+02
3.920000e-06	6.949525e-06	1.430140e-09	3.761745e+01	1.767223e+02
3.930000e-06	6.936781e-06	1.687418e-09	3.754847e+01	1.765825e+02
3.940000e-06	6.923179e-06	1.560687e-09	3.747484e+01	1.764380e+02
3.950000e-06	6.908965e-06	1.336458e-09	3.739790e+01	1.762892e+02
3.960000e-06	6.894209e-06	1.523340e-09	3.731803e+01	1.761364e+02
3.970000e-06	6.878672e-06	1.680767e-09	3.723393e+01	1.759798e+02
3.980000e-06	6.862599e-06	1.461941e-09	3.714692e+01	1.758198e+02
3.990000e-06	6.846200e-06	1.406482e-09	3.705815e+01	1.756566e+02
4.000000e-06	6.829409e-06	1.633835e-09	3.696727e+01	1.754904e+02
4.010000e-06	6.811999e-06	1.565085e-09	3.687303e+01	1.753214e+02
4.020000e-06	6.794168e-06	1.355798e-09	3.677651e+01	1.751496e+02
4.030000e-06	6.775932e-06	1.521479e-09	3.667780e+01	1.749752e+02
4.040000e-06	6.757032e-06	1.667624e-09	3.657549e+01	1.747980e+02
4.050000e-06	6.737553e-06	1.456357e-09	3.647005e+01	1.746181e+02
4.060000e-06	6.717852e-06	1.414554e-09	3.636342e+01	1.744354e+02
4.070000e-06	6.697835e-06	1.618783e-09	3.625506e+01	1.742495e+02
4.080000e-06	6.677422e-06	1.547079e-09	3.614457e+01	1.740603e+02
4.090000e-06	6.656810e-06	1.391015e-09	3.603300e+01	1.738675e+02
4.100000e-06	6.635785e-06	1.536264e-09	3.591919e+01	1.736707e+02
4.110000e-06	6.613735e-06	1.597580e-09	3.579983e+01	1.734694e+02
4.120000e-06	6.590691e-06	1.442812e-09	3.567510e+01	1.732633e+02
4.130000e-06	6.567097e-06	1.481437e-09	3.554738e+01	1.730520e+02
4.140000e-06	6.543085e-06	1.585014e-09	3.541741e+01	1.728348e+02
4.150000e-06	6.518739e-06	1.471457e-09	3.528562e+01	1.726113e+02
4.160000e-06	6.494173e-06	1.441734e-09	3.515265e+01	1.723811e+02
4.170000e-06	6.469255e-06	1.561807e-09	3.501777e+01	1.721437e+02
4.180000e-06	6.443795e-06	1.520645e-09	3.487996e+01	1.718985e+02
4.190000e-06	6.417917e-06	1.447535e-09	3.473988e+01	1.716453e+02
4.200000e-06	6.391423e-06	1.522126e-09	3.459647e+01	1.713835e+02
4.210000e-06	6.364384e-06	1.522532e-09	3.445011e+01	1.711130e+02
4.220000e-06	6.336941e-06	1.451299e-09	3.430156e+01	1.708333e+02
4.230000e-06	6.309042e-06	1.493039e-09	3.415054e+01	1.705444e+02
4.240000e-06	6.280902e-06	1.520906e-09	3.399822e+01	1.702460e+02
4.250000e-06	6.252572e-06	1.470505e-09	3.384487e+01	1.699381e+02
4.260000e-06	6.223825e-06	1.483262e-09	3.368927e+01	1.696208e+02
4.270000e-06	6.194569e-06	1.511151e-09	3.353091e+01	1.692940e+02
4.280000e-06	6.164585e-06	1.476417e-09	3.336861e+01	1.689580e+02
4.290000e-06	6.133813e-06	1.470238e-09	3.320204e+01	1.686128e+02
4.300000e-06	6.102497e-06	1.489892e-09	3.303252e+01	1.682589e+02
4.310000e-06	6.070670e-06	1.478654e-09	3.286025e+01	1.678965e+02
4.320000e-06	6.038442e-06	1.474656e-09	3.268580e+01	1.675260e+02
4.330000e-06	6.005961e-06	1.479615e-09	3.250998e+01	1.671478e+02
4.340000e-06	5.973069e-06	1.466252e-09	3.233194e+01	1.667622e+02
4.350000e-06	5.939637e-06	1.462332e-09	3.215097e+01	1.663698e+02
4.360000e-06	5.905884e-06	1.465789e-09	3.196827e+01	1.659709e+02
4.370000e-06	5.871804e-06	1.460657e-09	3.178379e+01	1.655659e+02
4.380000e-06	5.837324e-06	1.461567e-09	3.159716e+01	1.651553e+02
4.390000e-06	5.802557e-06	1.459754e-09	3.140897e+01	1.647394e+02
4.400000e-06	5.767278e-06	1.448502e-09	3.121800e+01	1.643185e+02
4.410000e-06	5.731451e-06	1.448814e-09	3.102407e+01	1.638929e+02
4.420000e-06	5.695361e-06	1.450634e-09	3.082872e+01	1.634627e+02
4.430000e-06	5.659117e-06	1.439879e-09	3.063253e+01	1.630281e+02
4.440000e-06	5.622624e-06	1.436182e-09	3.043500e+01	1.625891e+02
4.450000e-06	5.585786e-06	1.441172e-09	3.023559e+01	1.621456e+02
4.460000e-06	5.548523e-06	1.438480e-09	3.003389e+01	1.616976e+02
4.470000e-06	5.510487e-06	1.432163e-09	2.982801e+01	1.612449e+02
4.480000e-06	5.471594e-06	1.427970e-09	2.961748e+01	1.607871e+02
4.490000e-06	5.432062e-06	1.422862e-09	2.940349e+01	1.603240e+02
4.500000e-06	5.392156e-06	1.418926e-09	2.918749e+01	1.598551e+02
4.510000e-06	5.351941e-06	1.417886e-09	2.896980e+01	1.593799e+02
4.520000e-06	5.311523e-06	1.416506e-09	2.875102e+01	1.588979e+02
4.530000e-06	5.270849e-06	1.411708e-09	2.853085e+01	1.584086e+02
4.540000e-06	5.229793e-06	1.406201e-09	2.830862e+01	1.579113e+02
4.550000e-06	5.188457e-06	1.403360e-09	2.808487e+01	1.574055e+02
4.560000e-06	5.146699e-06	1.401060e-09	2.785884e+01	1.568905e+02
4.570000e-06	5.104556e-06	1.395619e-09	2.763072e+01	1.563657e+02
4.580000e-06	5.062156e-06	1.388993e-09	2.740121e+01	1.558306e+02
4.590000e-06	5.019380e-06	1.384686e-09	2.716967e+01	1.552845e+02
4.600000e-06	4.976253e-06	1.383110e-09	2.693622e+01	1.547271e+02
4.610000e-06	4.932780e-06	1.379882e-09	2.670090e+01	1.541579e+02
4.620000e-06	4.888944e-06	1.375568e-09	2.646362e+01	1.535764e+02
4.630000e-06	4.844863e-06	1.374182e-09	2.622501e+01	1.529824e+02
4.640000e-06	4.800498e-06	1.372472e-09	2.598487e+01	1.523756e+02
4.650000e-06	4.755813e-06	1.365863e-09	2.574299e+01	1.517559e+02
4.660000e-06	4.710883e-06	1.357267e-09	2.549979e+01	1.511233e+02
4.670000e-06	4.665638e-06	1.348528e-09	2.525488e+01	1.504777e+02
4.680000e-06	4.619953e-06	1.340758e-09	2.500759e+01	1.498192e+02
4.690000e-06	4.573884e-06	1.335427e-09	2.475822e+01	1.491480e+02
4.700000e-06	4.527477e-06	1.332018e-09	2.450702e+01	1.484643e+02
4.710000e-06	4.480733e-06	1.328269e-09	2.425399e+01	1.477684e+02
4.720000e-06	4.433693e-06	1.321968e-09	2.399937e+01	1.470606e+02
4.730000e-06	4.386390e-06	1.313527e-09	2.374332e+01	1.463414e+02
4.740000e-06	4.338936e-06	1.305105e-09	2.348645e+01	1.456111e+02
4.750000e-06	4.291189e-06	1.298727e-09	2.322800e+01	1.448700e+02
4.760000e-06	4.243149e-06	1.292711e-09	2.296796e+01	1.441187e+02
4.770000e-06	4.194882e-06	1.286195e-09	2.270670e+01	1.433574e+02
4.780000e-06	4.146148e-06	1.282016e-09	2.244290e+01	1.425866e+02
4.790000e-06	4.096899e-06	1.279578e-09	2.217632e+01	1.418065e+02
4.800000e-06	4.047265e-06	1.274007e-09	2.190765e+01	1.410174e+02
4.810000e-06	3.997375e-06	1.265724e-09	2.163760e+01	1.402195e+02
4.820000e-06	3.947124e-06	1.258005e-09	2.136559e+01	1.394129e+02
4.830000e-06	3.896572e-06	1.251774e-09	2.109196e+01	1.385975e+02
4.840000e-06	3.845800e-06	1.245534e-09	2.081713e+01	1.377735e+02
4.850000e-06	3.794713e-06	1.238910e-09	2.054060e+01	1.369405e+02
4.860000e-06	3.743307e-06	1.230884e-09	2.026234e+01	1.360984e+02
4.870000e-06	3.691539e-06	1.222583e-09	1.998213e+01	1.352469e+02
4.880000e-06	3.639459e-06	1.215893e-09	1.970022e+01	1.343855e+02
4.890000e-06	3.587300e-06	1.210223e-09	1.941789e+01	1.335137e+02
4.900000e-06	3.534895e-06	1.203663e-09	1.913422e+01	1.326310e+02
4.910000e-06	3.482176e-06	1.196077e-09	1.884886e+01	1.317368e+02
4.920000e-06	3.429271e-06	1.189684e-09	1.856248e+01	1.308304e+02
4.930000e-06	3.376049e-06	1.182554e-09	1.827439e+01	1.299111e+02
4.940000e-06	3.322469e-06	1.173810e-09	1.798437e+01	1.289781e+02
4.950000e-06	3.268503e-06	1.164845e-09	1.769225e+01	1.280308e+02
4.960000e-06	3.214067e-06	1.154776e-09	1.739759e+01	1.270684e+02
4.970000e-06	3.159244e-06	1.145242e-09	1.710084e+01	1.260902e+02
4.980000e-06	3.104086e-06	1.138326e-09	1.680227e+01	1.250956e+02
4.990000e-06	3.048502e-06	1.131048e-09	1.650140e+01	1.240839e+02
5.000000e-06	2.992568e-06	1.121417e-09	1.619863e+01	1.230547e+02
5.010000e-06	2.936463e-06	1.111080e-09	1.589494e+01	1.220074e+02
5.020000e-06	2.880248e-06	1.100464e-09	1.559064e+01	1.209417e+02
5.030000e-06	2.823902e-06	1.090561e-09	1.528565e+01	1.198573e+02
5.040000e-06	2.767434e-06	1.082276e-09	1.497999e+01	1.187539e+02
5.050000e-06	2.710890e-06	1.073550e-09	1.467392e+01	1.176315e+02
5.060000e-06	2.654192e-06	1.064467e-09	1.436702e+01	1.164901e+02
5.070000e-06	2.597255e-06	1.055422e-09	1.405882e+01	1.153296e+02
5.080000e-06	2.540348e-06	1.045718e-09	1.375078e+01	1.141504e+02
5.090000e-06	2.483394e-06	1.034631e-09	1.344249e+01	1.129526e+02
5.100000e-06	2.426237e-06	1.022923e-09	1.313311e+01	1.117365e+02
5.110000e-06	2.368821e-06	1.011780e-09	1.282232e+01	1.105024e+02
5.120000e-06	2.311072e-06	1.000737e-09	1.250972e+01	1.092507e+02
5.130000e-06	2.253146e-06	9.892107e-10	1.219617e+01	1.079818e+02
5.140000e-06	2.195031e-06	9.776961e-10	1.188160e+01	1.066959e+02
5.150000e-06	2.136821e-06	9.656556e-10	1.156651e+01	1.053935e+02
5.160000e-06	2.078485e-06	9.533341e-10	1.125074e+01	1.040748e+02
5.170000e-06	2.020018e-06	9.404787e-10	1.093426e+01	1.027400e+02
5.180000e-06	1.961447e-06	9.270291e-10	1.061722e+01	1.013892e+02
5.190000e-06	1.902582e-06	9.152403e-10	1.029858e+01	1.000224e+02
5.200000e-06	1.843589e-06	9.037895e-10	9.979260e+00	9.863950e+01
5.210000e-06	1.784526e-06	8.916004e-10	9.659556e+00	9.724013e+01
5.220000e-06	1.725361e-06	8.791549e-10	9.339299e+00	9.582388e+01
5.230000e-06	1.666057e-06	8.661031e-10	9.018288e+00	9.439015e+01
5.240000e-06	1.606500e-06	8.520181e-10	8.695906e+00	9.293814e+01
5.250000e-06	1.546856e-06	8.378540e-10	8.373060e+00	9.146689e+01
5.260000e-06	1.487257e-06	8.245498e-10	8.050453e+00	8.997526e+01
5.270000e-06	1.427607e-06	8.107264e-10	7.727571e+00	8.846192e+01
5.280000e-06	1.367845e-06	7.961428e-10	7.404080e+00	8.692540e+01
5.290000e-06	1.307942e-06	7.815967e-10	7.079828e+00	8.536405e+01
5.300000e-06	1.247950e-06	7.663509e-10	6.755095e+00	8.377610e+01
5.310000e-06	1.187873e-06	7.503426e-10	6.429898e+00	8.215966e+01
5.320000e-06	1.127689e-06	7.341588e-10	6.104125e+00	8.051273e+01
5.330000e-06	1.067522e-06	7.182293e-10	5.778445e+00	7.883327e+01
5.340000e-06	1.007339e-06	7.032724e-10	5.452678e+00	7.711917e+01
5.350000e-06	9.471903e-07	6.883916e-10	5.127096e+00	7.536832e+01
5.360000e-06	8.870501e-07	6.715555e-10	4.801560e+00	7.357864e+01
5.370000e-06	8.267752e-07	6.534547e-10	4.475295e+00	7.174809e+01
5.380000e-06	7.664644e-07	6.360384e-10	4.148836e+00	6.987474e+01
5.390000e-06	7.061805e-07	6.191145e-10	3.822522e+00	6.795676e+01
5.400000e-06	6.459118e-07	6.017714e-10	3.496290e+00	6.599251e+01
5.410000e-06	5.855983e-07	5.834464e-10	3.169816e+00	6.398050e+01
5.420000e-06	5.252426e-07	5.648249e-10	2.843113e+00	6.191949e+01
5.430000e-06	4.648344e-07	5.460667e-10	2.516127e+00	5.980848e+01
5.440000e-06	4.043070e-07	5.273041e-10	2.188495e+00	5.764674e+01
5.450000e-06	3.437657e-07	5.078537e-10	1.860787e+00	5.543384e+01
5.460000e-06	2.833009e-07	4.870295e-10	1.533495e+00	5.316966e+01
5.470000e-06	2.228156e-07	4.653545e-10	1.206090e+00	5.085440e+01
5.480000e-06	1.622635e-07	4.433713e-10	8.783245e-01	4.848863e+01
5.490000e-06	1.017365e-07	4.216805e-10	5.506949e-01	4.607322e+01
5.500000e-06	4.130404e-08	3.996671e-10	2.235768e-01	4.360941e+01
5.510000e-06	-1.906732e-08	3.761566e-10	-1.032105e-01	4.109878e+01
5.520000e-06	-7.944508e-08	3.519443e-10	-4.300325e-01	3.854324e+01
5.530000e-06	-1.398911e-07	3.287070e-10	-7.572237e-01	3.594502e+01
5.540000e-06	-2.003914e-07	3.054531e-10	-1.084709e+00	3.330664e+01
5.550000e-06	-2.609228e-07	2.818525e-10	-1.412363e+00	3.063091e+01
5.560000e-06	-3.214538e-07	2.583749e-10	-1.740014e+00	2.792091e+01
5.570000e-06	-3.819375e-07	2.348164e-10	-2.067410e+00	2.517993e+01
5.580000e-06	-4.423502e-07	2.104294e-10	-2.394420e+00	2.241146e+01
5.590000e-06	-5.027726e-07	1.843676e-10	-2.721484e+00	1.961916e+01
5.600000e-06	-5.631792e-07	1.585898e-10	-3.048462e+00	1.680683e+01
5.610000e-06	-6.235106e-07	1.342497e-10	-3.375033e+00	1.397834e+01
5.620000e-06	-6.838217e-07	1.104890e-10	-3.701494e+00	1.113765e+01
5.630000e-06	-7.440910e-07	8.586800e-11	-4.027729e+00	8.288708e+00
5.640000e-06	-8.043057e-07	5.938768e-11	-4.353669e+00	5.435474e+00
5.650000e-06	-8.644922e-07	3.199707e-11	-4.679455e+00	2.581847e+00
5.660000e-06	-9.246866e-07	4.886883e-12	-5.005285e+00	-2.683591e-01
5.670000e-06	-9.849138e-07	-2.153215e-11	-5.331292e+00	-3.111442e+00
5.680000e-06	-1.045133e-06	-4.617791e-11	-5.657255e+00	-5.943845e+00
5.690000e-06	-1.105230e-06	-6.860369e-11	-5.982555e+00	-8.762184e+00
5.700000e-06	-1.165256e-06	-9.122541e-11	-6.307474e+00	-1.156327e+01
5.710000e-06	-1.225248e-06	-1.150431e-10	-6.632208e+00	-1.434413e+01
5.720000e-06	-1.285206e-06	-1.398578e-10	-6.956760e+00	-1.710202e+01
5.730000e-06	-1.345071e-06	-1.649791e-10	-7.280807e+00	-1.983445e+01
5.740000e-06	-1.404831e-06	-1.894673e-10	-7.604284e+00	-2.253918e+01
5.750000e-06	-1.464548e-06	-2.137352e-10	-7.927528e+00	-2.521424e+01
5.760000e-06	-1.524169e-06	-2.381623e-10	-8.250252e+00	-2.785792e+01
5.770000e-06	-1.583654e-06	-2.618621e-10	-8.572242e+00	-3.046876e+01
5.780000e-06	-1.642996e-06	-2.850024e-10	-8.893460e+00	-3.304560e+01
5.790000e-06	-1.702149e-06	-3.081445e-10	-9.213650e+00	-3.558750e+01
5.800000e-06	-1.761185e-06	-3.323617e-10	-9.533209e+00	-3.809377e+01
5.810000e-06	-1.820108e-06	-3.570604e-10	-9.852158e+00	-4.056397e+01
5.820000e-06	-1.878755e-06	-3.797637e-10	-1.016961e+01	-4.299785e+01
5.830000e-06	-1.937277e-06	-4.012787e-10	-1.048639e+01	-4.539539e+01
5.840000e-06	-1.995785e-06	-4.236199e-10	-1.080309e+01	-4.775672e+01
5.850000e-06	-2.054169e-06	-4.464670e-10	-1.111912e+01	-5.008218e+01
5.860000e-06	-2.112382e-06	-4.678910e-10	-1.143422e+01	-5.237222e+01
5.870000e-06	-2.170420e-06	-4.882408e-10	-1.174838e+01	-5.462742e+01
5.880000e-06	-2.228460e-06	-5.091499e-10	-1.206255e+01	-5.684847e+01
5.890000e-06	-2.286323e-06	-5.295927e-10	-1.237576e+01	-5.903617e+01
5.900000e-06	-2.343940e-06	-5.492028e-10	-1.268764e+01	-6.119133e+01
5.910000e-06	-2.401432e-06	-5.691268e-10	-1.299884e+01	-6.331486e+01
5.920000e-06	-2.458615e-06	-5.886878e-10	-1.330837e+01	-6.540768e+01
5.930000e-06	-2.515401e-06	-6.078809e-10	-1.361575e+01	-6.747071e+01
5.940000e-06	-2.571973e-06	-6.277830e-10	-1.392197e+01	-6.950489e+01
5.950000e-06	-2.628403e-06	-6.483619e-10	-1.422742e+01	-7.151113e+01
5.960000e-06	-2.684826e-06	-6.679212e-10	-1.453283e+01	-7.349030e+01
5.970000e-06	-2.741293e-06	-6.861764e-10	-1.483849e+01	-7.544326e+01
5.980000e-06	-2.797558e-06	-7.035539e-10	-1.514305e+01	-7.737080e+01
5.990000e-06	-2.853699e-06	-7.197673e-10	-1.544694e+01	-7.927366e+01
6.000000e-06	-2.909741e-06	-7.359469e-10	-1.575029e+01	-8.115250e+01
6.010000e-06	-2.965589e-06	-7.527296e-10	-1.605259e+01	-8.300794e+01
6.020000e-06	-3.021282e-06	-7.691443e-10	-1.635406e+01	-8.484052e+01
6.030000e-06	-3.076778e-06	-7.854030e-10	-1.665445e+01	-8.665070e+01
6.040000e-06	-3.131927e-06	-8.027390e-10	-1.695297e+01	-8.843886e+01
6.050000e-06	-3.186796e-06	-8.201232e-10	-1.724998e+01	-9.020534e+01
6.060000e-06	-3.241218e-06	-8.362766e-10	-1.754456e+01	-9.195038e+01
6.070000e-06	-3.295015e-06	-8.513571e-10	-1.783576e+01	-9.367416e+01
6.080000e-06	-3.348446e-06	-8.674529e-10	-1.812498e+01	-9.537679e+01
6.090000e-06	-3.401695e-06	-8.847824e-10	-1.841321e+01	-9.705833e+01
6.100000e-06	-3.454622e-06	-9.012663e-10	-1.869970e+01	-9.871879e+01
6.110000e-06	-3.507214e-06	-9.158292e-10	-1.898438e+01	-1.003581e+02
6.120000e-06	-3.559555e-06	-9.292163e-10	-1.926770e+01	-1.019762e+02
6.130000e-06	-3.611678e-06	-9.426936e-10	-1.954984e+01	-1.035729e+02
6.140000e-06	-3.663498e-06	-9.564796e-10	-1.983034e+01	-1.051480e+02
6.150000e-06	-3.715114e-06	-9.717324e-10	-2.010974e+01	-1.067014e+02
6.160000e-06	-3.766520e-06	-9.877648e-10	-2.038800e+01	-1.082328e+02
6.170000e-06	-3.817581e-06	-1.003311e-09	-2.066438e+01	-1.097420e+02
6.180000e-06	-3.868329e-06	-1.017485e-09	-2.093908e+01	-1.112287e+02
6.190000e-06	-3.918700e-06	-1.030146e-09	-2.121174e+01	-1.126926e+02
6.200000e-06	-3.968775e-06	-1.041670e-09	-2.148279e+01	-1.141336e+02
6.210000e-06	-4.018554e-06	-1.052524e-09	-2.175224e+01	-1.155514e+02
6.220000e-06	-4.067977e-06	-1.064427e-09	-2.201977e+01	-1.169456e+02
6.230000e-06	-4.116840e-06	-1.077295e-09	-2.228426e+01	-1.183162e+02
6.240000e-06	-4.165224e-06	-1.089937e-09	-2.254616e+01	-1.196629e+02
6.250000e-06	-4.213236e-06	-1.102479e-09	-2.280605e+01	-1.209855e+02
6.260000e-06	-4.260777e-06	-1.115033e-09	-2.306338e+01	-1.222838e+02
6.270000e-06	-4.307979e-06	-1.126487e-09	-2.331888e+01	-1.235579e+02
6.280000e-06	-4.354940e-06	-1.136440e-09	-2.357308e+01	-1.248075e+02
6.290000e-06	-4.401735e-06	-1.147587e-09	-2.382638e+01	-1.260327e+02
6.300000e-06	-4.448403e-06	-1.159983e-09	-2.407899e+01	-1.272334e+02
6.310000e-06	-4.494836e-06	-1.171023e-09	-2.433033e+01	-1.284098e+02
6.320000e-06	-4.540908e-06	-1.180776e-09	-2.457972e+01	-1.295620e+02
6.330000e-06	-4.586680e-06	-1.190717e-09	-2.482748e+01	-1.306900e+02
6.340000e-06	-4.632040e-06	-1.201368e-09	-2.507301e+01	-1.317941e+02
6.350000e-06	-4.677026e-06	-1.212412e-09	-2.531652e+01	-1.328745e+02
6.360000e-06	-4.721735e-06	-1.222774e-09	-2.555853e+01	-1.339316e+02
6.370000e-06	-4.766149e-06	-1.231355e-09	-2.579894e+01	-1.349657e+02
6.380000e-06	-4.810337e-06	-1.239318e-09	-2.603812e+01	-1.359772e+02
6.390000e-06	-4.854379e-06	-1.247502e-09	-2.627652e+01	-1.369665e+02
6.400000e-06	-4.898246e-06	-1.254951e-09	-2.651397e+01	-1.379341e+02
6.410000e-06	-4.941746e-06	-1.261287e-09	-2.674943e+01	-1.388805e+02
6.420000e-06	-4.984892e-06	-1.268512e-09	-2.698298e+01	-1.398063e+02
6.430000e-06	-5.027739e-06	-1.277960e-09	-2.721491e+01	-1.407120e+02
6.440000e-06	-5.070262e-06	-1.287003e-09	-2.744509e+01	-1.415982e+02
6.450000e-06	-5.112412e-06	-1.294582e-09	-2.767325e+01	-1.424656e+02
6.460000e-06	-5.154191e-06	-1.302026e-09	-2.789939e+01	-1.433147e+02
6.470000e-06	-5.195538e-06	-1.309855e-09	-2.812320e+01	-1.441463e+02
6.480000e-06	-5.236508e-06	-1.317304e-09	-2.834497e+01	-1.449609e+02
6.490000e-06	-5.277156e-06	-1.324045e-09	-2.856499e+01	-1.457592e+02
6.500000e-06	-5.317552e-06	-1.331084e-09	-2.878365e+01	-1.465418e+02
6.510000e-06	-5.357869e-06	-1.338187e-09	-2.900189e+01	-1.473093e+02
6.520000e-06	-5.397890e-06	-1.345247e-09	-2.921852e+01	-1.480622e+02
6.530000e-06	-5.437407e-06	-1.351618e-09	-2.943242e+01	-1.488012e+02
6.540000e-06	-5.476323e-06	-1.356644e-09	-2.964308e+01	-1.495267e+02
6.550000e-06	-5.514547e-06	-1.362014e-09	-2.984998e+01	-1.502392e+02
6.560000e-06	-5.552137e-06	-1.368329e-09	-3.005345e+01	-1.509393e+02
6.570000e-06	-5.589276e-06	-1.375299e-09	-3.025449e+01	-1.516272e+02
6.580000e-06	-5.626005e-06	-1.382218e-09	-3.045330e+01	-1.523035e+02
6.590000e-06	-5.662331e-06	-1.387511e-09	-3.064993e+01	-1.529684e+02
6.600000e-06	-5.698477e-06	-1.392498e-09	-3.084559e+01	-1.536221e+02
6.610000e-06	-5.734392e-06	-1.397665e-09	-3.103999e+01	-1.542651e+02
6.620000e-06	-5.769946e-06	-1.401995e-09	-3.123244e+01	-1.548975e+02
6.630000e-06	-5.805052e-06	-1.406110e-09	-3.142247e+01	-1.555194e+02
6.640000e-06	-5.839632e-06	-1.410555e-09	-3.160965e+01	-1.561311e+02
6.650000e-06	-5.873841e-06	-1.416012e-09	-3.179482e+01	-1.567326e+02
6.660000e-06	-5.907655e-06	-1.421040e-09	-3.197785e+01	-1.573241e+02
6.670000e-06	-5.941006e-06	-1.424879e-09	-3.215838e+01	-1.579057e+02
6.680000e-06	-5.973984e-06	-1.428331e-09	-3.233689e+01	-1.584773e+02
6.690000e-06	-6.006585e-06	-1.432173e-09	-3.251336e+01	-1.590391e+02
6.700000e-06	-6.038912e-06	-1.436741e-09	-3.268834e+01	-1.595912e+02
6.710000e-06	-6.070975e-06	-1.441193e-09	-3.286190e+01	-1.601335e+02
6.720000e-06	-6.102520e-06	-1.445378e-09	-3.303265e+01	-1.606661e+02
6.730000e-06	-6.133506e-06	-1.449098e-09	-3.320037e+01	-1.611891e+02
6.740000e-06	-6.163807e-06	-1.450938e-09	-3.336440e+01	-1.617026e+02
6.750000e-06	-6.193361e-06	-1.452540e-09	-3.352437e+01	-1.622066e+02
6.760000e-06	-6.222271e-06	-1.456602e-09	-3.368086e+01	-1.627012e+02
6.770000e-06	-6.250743e-06	-1.460219e-09	-3.383498e+01	-1.631867e+02
6.780000e-06	-6.279015e-06	-1.462002e-09	-3.398801e+01	-1.636630e+02
6.790000e-06	-6.307012e-06	-1.464391e-09	-3.413956e+01	-1.641304e+02
6.800000e-06	-6.334535e-06	-1.467039e-09	-3.428854e+01	-1.645891e+02
6.810000e-06	-6.361563e-06	-1.470424e-09	-3.443484e+01	-1.650392e+02
6.820000e-06	-6.388161e-06	-1.474514e-09	-3.457881e+01	-1.654810e+02
6.830000e-06	-6.414317e-06	-1.478345e-09	-3.472040e+01	-1.659146e+02
6.840000e-06	-6.439963e-06	-1.482864e-09	-3.485922e+01	-1.663403e+02
6.850000e-06	-6.464961e-06	-1.486066e-09	-3.499453e+01	-1.667583e+02
6.860000e-06	-6.489515e-06	-1.487893e-09	-3.512744e+01	-1.671688e+02
6.870000e-06	-6.513860e-06	-1.489974e-09	-3.525921e+01	-1.675721e+02
6.880000e-06	-6.538023e-06	-1.492228e-09	-3.539001e+01	-1.679684e+02
6.890000e-06	-6.561898e-06	-1.495218e-09	-3.551924e+01	-1.683578e+02
6.900000e-06	-6.585315e-06	-1.497447e-09	-3.564600e+01	-1.687406e+02
6.910000e-06	-6.608094e-06	-1.498378e-09	-3.576930e+01	-1.691168e+02
6.920000e-06	-6.629912e-06	-1.499117e-09	-3.588740e+01	-1.694867e+02
6.930000e-06	-6.650898e-06	-1.500456e-09	-3.600099e+01	-1.698502e+02
6.940000e-06	-6.671423e-06	-1.502613e-09	-3.611209e+01	-1.702075e+02
6.950000e-06	-6.691646e-06	-1.505136e-09	-3.622156e+01	-1.705586e+02
6.960000e-06	-6.711620e-06	-1.508883e-09	-3.632968e+01	-1.709034e+02
6.970000e-06	-6.731302e-06	-1.512395e-09	-3.643622e+01	-1.712420e+02
6.980000e-06	-6.750499e-06	-1.514160e-09	-3.654013e+01	-1.715741e+02
6.990000e-06	-6.769099e-06	-1.515522e-09	-3.664081e+01	-1.718998e+02
7.000000e-06	-6.787303e-06	-1.517823e-09	-3.673935e+01	-1.722187e+02
7.010000e-06	-6.805075e-06	-1.519249e-09	-3.683555e+01	-1.725308e+02
7.020000e-06	-6.822266e-06	-1.520048e-09	-3.692860e+01	-1.728359e+02
7.030000e-06	-6.838981e-06	-1.522001e-09	-3.701908e+01	-1.731336e+02
7.040000e-06	-6.855320e-06	-1.524582e-09	-3.710752e+01	-1.734237e+02
7.050000e-06	-6.871402e-06	-1.527125e-09	-3.719457e+01	-1.737060e+02
7.060000e-06	-6.887137e-06	-1.529894e-09	-3.727975e+01	-1.739802e+02
7.070000e-06	-6.902182e-06	-1.533053e-09	-3.736118e+01	-1.742460e+02
7.080000e-06	-6.916295e-06	-1.535026e-09	-3.743758e+01	-1.745032e+02
7.090000e-06	-6.929603e-06	-1.536240e-09	-3.750961e+01	-1.747515e+02
7.100000e-06	-6.942319e-06	-1.538418e-09	-3.757844e+01	-1.749907e+02
7.110000e-06	-6.954344e-06	-1.540544e-09	-3.764353e+01	-1.752206e+02
7.120000e-06	-6.965847e-06	-1.542099e-09	-3.770580e+01	-1.754410e+02
7.130000e-06	-6.977005e-06	-1.544230e-09	-3.776620e+01	-1.756518e+02
7.140000e-06	-6.987672e-06	-1.546027e-09	-3.782393e+01	-1.758528e+02
7.150000e-06	-6.997893e-06	-1.546048e-09	-3.787926e+01	-1.760440e+02
7.160000e-06	-7.007685e-06	-1.545694e-09	-3.793227e+01	-1.762254e+02
7.170000e-06	-7.016901e-06	-1.545171e-09	-3.798215e+01	-1.763970e+02
7.180000e-06	-7.025590e-06	-1.545213e-09	-3.802919e+01	-1.765588e+02
7.190000e-06	-7.033971e-06	-1.546349e-09	-3.807455e+01	-1.767110e+02
7.200000e-06	-7.042163e-06	-1.546249e-09	-3.811889e+01	-1.768536e+02
7.210000e-06	-7.050002e-06	-1.545239e-09	-3.816132e+01	-1.769868e+02
7.220000e-06	-7.057153e-06	-1.544146e-09	-3.820003e+01	-1.771109e+02
7.230000e-06	-7.063351e-06	-1.543081e-09	-3.823359e+01	-1.772260e+02
7.240000e-06	-7.068696e-06	-1.541840e-09	-3.826251e+01	-1.773323e+02
7.250000e-06	-7.073539e-06	-1.541451e-09	-3.828873e+01	-1.774301e+02
7.260000e-06	-7.078002e-06	-1.542537e-09	-3.831289e+01	-1.775197e+02
7.270000e-06	-7.082178e-06	-1.543045e-09	-3.833549e+01	-1.776013e+02
7.280000e-06	-7.086079e-06	-1.543213e-09	-3.835661e+01	-1.776751e+02
7.290000e-06	-7.089547e-06	-1.543177e-09	-3.837538e+01	-1.777415e+02
7.300000e-06	-7.092483e-06	-1.542519e-09	-3.839128e+01	-1.778006e+02
7.310000e-06	-7.094879e-06	-1.541658e-09	-3.840425e+01	-1.778526e+02
7.320000e-06	-7.096631e-06	-1.540924e-09	-3.841373e+01	-1.778977e+02
7.330000e-06	-7.097756e-06	-1.541199e-09	-3.841982e+01	-1.779361e+02
7.340000e-06	-7.098546e-06	-1.541668e-09	-3.842409e+01	-1.779679e+02
