# Temperatura_=_20.0
# Concentracion g/m^3_=_7400.0
# C_Vs_to_Am_M_A/Vsm_=_116720831517.84952
# pendiente_HvsI_1/m_=_3716.3
# ordenada_HvsI_A/m_=_1297.0
# frecuencia_Hz_=_136118.19754467302

Tiempo_(s)	Campo_(V.s)	Magnetizacion_(V.s)	Campo_(kA/m)	Magnetizacion_(A/m)
0.000000e+00	-7.092075e-06	-1.250378e-09	-3.842059e+01	-1.446741e+02
1.000000e-08	-7.092217e-06	-1.249492e-09	-3.842135e+01	-1.446441e+02
2.000000e-08	-7.092047e-06	-1.248579e-09	-3.842043e+01	-1.446070e+02
3.000000e-08	-7.091304e-06	-1.247183e-09	-3.841641e+01	-1.445628e+02
4.000000e-08	-7.089819e-06	-1.246076e-09	-3.840836e+01	-1.445116e+02
5.000000e-08	-7.087670e-06	-1.245403e-09	-3.839672e+01	-1.444537e+02
6.000000e-08	-7.084860e-06	-1.244863e-09	-3.838150e+01	-1.443890e+02
7.000000e-08	-7.081464e-06	-1.245684e-09	-3.836310e+01	-1.443178e+02
8.000000e-08	-7.077631e-06	-1.248541e-09	-3.834234e+01	-1.442400e+02
9.000000e-08	-7.073287e-06	-1.244132e-09	-3.831880e+01	-1.441558e+02
1.000000e-07	-7.068148e-06	-1.215971e-09	-3.829096e+01	-1.440654e+02
1.100000e-07	-7.062298e-06	-1.201336e-09	-3.825927e+01	-1.439689e+02
1.200000e-07	-7.056196e-06	-1.258378e-09	-3.822622e+01	-1.438665e+02
1.300000e-07	-7.049962e-06	-1.301247e-09	-3.819244e+01	-1.437584e+02
1.400000e-07	-7.043221e-06	-1.229361e-09	-3.815592e+01	-1.436447e+02
1.500000e-07	-7.035890e-06	-1.165073e-09	-3.811621e+01	-1.435257e+02
1.600000e-07	-7.028275e-06	-1.246225e-09	-3.807496e+01	-1.434017e+02
1.700000e-07	-7.020331e-06	-1.313084e-09	-3.803192e+01	-1.432730e+02
1.800000e-07	-7.011875e-06	-1.198852e-09	-3.798611e+01	-1.431398e+02
1.900000e-07	-7.002592e-06	-1.121701e-09	-3.793582e+01	-1.430025e+02
2.000000e-07	-6.992633e-06	-1.256142e-09	-3.788187e+01	-1.428614e+02
2.100000e-07	-6.982262e-06	-1.338209e-09	-3.782569e+01	-1.427168e+02
2.200000e-07	-6.971187e-06	-1.191527e-09	-3.776569e+01	-1.425691e+02
2.300000e-07	-6.959378e-06	-1.116604e-09	-3.770171e+01	-1.424187e+02
2.400000e-07	-6.947118e-06	-1.247622e-09	-3.763529e+01	-1.422658e+02
2.500000e-07	-6.934343e-06	-1.285475e-09	-3.756609e+01	-1.421109e+02
2.600000e-07	-6.921007e-06	-1.164161e-09	-3.749384e+01	-1.419541e+02
2.700000e-07	-6.907158e-06	-1.166840e-09	-3.741882e+01	-1.417958e+02
2.800000e-07	-6.892675e-06	-1.265474e-09	-3.734035e+01	-1.416363e+02
2.900000e-07	-6.877287e-06	-1.220692e-09	-3.725699e+01	-1.414757e+02
3.000000e-07	-6.861132e-06	-1.151959e-09	-3.716948e+01	-1.413143e+02
3.100000e-07	-6.844521e-06	-1.214112e-09	-3.707949e+01	-1.411520e+02
3.200000e-07	-6.827425e-06	-1.226111e-09	-3.698687e+01	-1.409891e+02
3.300000e-07	-6.809938e-06	-1.139753e-09	-3.689214e+01	-1.408254e+02
3.400000e-07	-6.792096e-06	-1.183145e-09	-3.679548e+01	-1.406610e+02
3.500000e-07	-6.773854e-06	-1.266311e-09	-3.669666e+01	-1.404958e+02
3.600000e-07	-6.755106e-06	-1.177600e-09	-3.659509e+01	-1.403296e+02
3.700000e-07	-6.735806e-06	-1.111037e-09	-3.649054e+01	-1.401622e+02
3.800000e-07	-6.716158e-06	-1.214819e-09	-3.638409e+01	-1.399934e+02
3.900000e-07	-6.696269e-06	-1.233772e-09	-3.627635e+01	-1.398227e+02
4.000000e-07	-6.675957e-06	-1.129153e-09	-3.616631e+01	-1.396499e+02
4.100000e-07	-6.655003e-06	-1.151236e-09	-3.605279e+01	-1.394747e+02
4.200000e-07	-6.633480e-06	-1.225552e-09	-3.593619e+01	-1.392964e+02
4.300000e-07	-6.611539e-06	-1.170833e-09	-3.581733e+01	-1.391149e+02
4.400000e-07	-6.589262e-06	-1.138004e-09	-3.569665e+01	-1.389294e+02
4.500000e-07	-6.566605e-06	-1.192490e-09	-3.557391e+01	-1.387397e+02
4.600000e-07	-6.543480e-06	-1.170466e-09	-3.544863e+01	-1.385453e+02
4.700000e-07	-6.519926e-06	-1.129367e-09	-3.532103e+01	-1.383456e+02
4.800000e-07	-6.495995e-06	-1.179671e-09	-3.519139e+01	-1.381404e+02
4.900000e-07	-6.471673e-06	-1.187085e-09	-3.505962e+01	-1.379291e+02
5.000000e-07	-6.446786e-06	-1.125371e-09	-3.492480e+01	-1.377114e+02
5.100000e-07	-6.421139e-06	-1.140074e-09	-3.478586e+01	-1.374870e+02
5.200000e-07	-6.394655e-06	-1.177184e-09	-3.464239e+01	-1.372556e+02
5.300000e-07	-6.367577e-06	-1.142087e-09	-3.449569e+01	-1.370169e+02
5.400000e-07	-6.340116e-06	-1.127917e-09	-3.434692e+01	-1.367708e+02
5.500000e-07	-6.312388e-06	-1.155842e-09	-3.419671e+01	-1.365172e+02
5.600000e-07	-6.284329e-06	-1.142635e-09	-3.404471e+01	-1.362559e+02
5.700000e-07	-6.255870e-06	-1.126472e-09	-3.389053e+01	-1.359869e+02
5.800000e-07	-6.226911e-06	-1.142716e-09	-3.373365e+01	-1.357103e+02
5.900000e-07	-6.197487e-06	-1.135293e-09	-3.357425e+01	-1.354262e+02
6.000000e-07	-6.167728e-06	-1.117108e-09	-3.341303e+01	-1.351345e+02
6.100000e-07	-6.137600e-06	-1.128667e-09	-3.324982e+01	-1.348355e+02
6.200000e-07	-6.107054e-06	-1.131909e-09	-3.308434e+01	-1.345293e+02
6.300000e-07	-6.076013e-06	-1.117485e-09	-3.291618e+01	-1.342162e+02
6.400000e-07	-6.044639e-06	-1.116519e-09	-3.274621e+01	-1.338963e+02
6.500000e-07	-6.013043e-06	-1.116060e-09	-3.257504e+01	-1.335699e+02
6.600000e-07	-5.981114e-06	-1.107976e-09	-3.240207e+01	-1.332370e+02
6.700000e-07	-5.948694e-06	-1.108997e-09	-3.222644e+01	-1.328981e+02
6.800000e-07	-5.915531e-06	-1.107722e-09	-3.204678e+01	-1.325531e+02
6.900000e-07	-5.881581e-06	-1.098379e-09	-3.186286e+01	-1.322022e+02
7.000000e-07	-5.847010e-06	-1.095155e-09	-3.167557e+01	-1.318456e+02
7.100000e-07	-5.811959e-06	-1.093208e-09	-3.148569e+01	-1.314832e+02
7.200000e-07	-5.776575e-06	-1.088191e-09	-3.129400e+01	-1.311152e+02
7.300000e-07	-5.740936e-06	-1.086497e-09	-3.110093e+01	-1.307414e+02
7.400000e-07	-5.705160e-06	-1.082620e-09	-3.090712e+01	-1.303619e+02
7.500000e-07	-5.669095e-06	-1.075878e-09	-3.071174e+01	-1.299763e+02
7.600000e-07	-5.632546e-06	-1.075325e-09	-3.051374e+01	-1.295846e+02
7.700000e-07	-5.595581e-06	-1.074606e-09	-3.031349e+01	-1.291865e+02
7.800000e-07	-5.558218e-06	-1.067662e-09	-3.011107e+01	-1.287817e+02
7.900000e-07	-5.520460e-06	-1.061038e-09	-2.990652e+01	-1.283699e+02
8.000000e-07	-5.482207e-06	-1.056934e-09	-2.969929e+01	-1.279506e+02
8.100000e-07	-5.443349e-06	-1.052300e-09	-2.948878e+01	-1.275235e+02
8.200000e-07	-5.404060e-06	-1.048368e-09	-2.927594e+01	-1.270882e+02
8.300000e-07	-5.364627e-06	-1.043572e-09	-2.906231e+01	-1.266441e+02
8.400000e-07	-5.325050e-06	-1.037877e-09	-2.884791e+01	-1.261909e+02
8.500000e-07	-5.285202e-06	-1.033237e-09	-2.863204e+01	-1.257280e+02
8.600000e-07	-5.244980e-06	-1.029821e-09	-2.841414e+01	-1.252552e+02
8.700000e-07	-5.204433e-06	-1.025257e-09	-2.819448e+01	-1.247718e+02
8.800000e-07	-5.163609e-06	-1.018864e-09	-2.797332e+01	-1.242776e+02
8.900000e-07	-5.122102e-06	-1.011643e-09	-2.774846e+01	-1.237722e+02
9.000000e-07	-5.079621e-06	-1.005215e-09	-2.751832e+01	-1.232553e+02
9.100000e-07	-5.036465e-06	-1.000136e-09	-2.728453e+01	-1.227266e+02
9.200000e-07	-4.993011e-06	-9.945766e-10	-2.704912e+01	-1.221860e+02
9.300000e-07	-4.949386e-06	-9.879791e-10	-2.681279e+01	-1.216332e+02
9.400000e-07	-4.905587e-06	-9.824950e-10	-2.657551e+01	-1.210683e+02
9.500000e-07	-4.861568e-06	-9.789310e-10	-2.633705e+01	-1.204912e+02
9.600000e-07	-4.817302e-06	-9.748922e-10	-2.609724e+01	-1.199019e+02
9.700000e-07	-4.772800e-06	-9.692700e-10	-2.585615e+01	-1.193006e+02
9.800000e-07	-4.727917e-06	-9.630327e-10	-2.561300e+01	-1.186874e+02
9.900000e-07	-4.682543e-06	-9.567579e-10	-2.536719e+01	-1.180625e+02
1.000000e-06	-4.636766e-06	-9.508364e-10	-2.511920e+01	-1.174261e+02
1.010000e-06	-4.590718e-06	-9.455957e-10	-2.486974e+01	-1.167786e+02
1.020000e-06	-4.544514e-06	-9.392911e-10	-2.461944e+01	-1.161201e+02
1.030000e-06	-4.497941e-06	-9.321303e-10	-2.436713e+01	-1.154511e+02
1.040000e-06	-4.450856e-06	-9.257282e-10	-2.411205e+01	-1.147719e+02
1.050000e-06	-4.403432e-06	-9.212161e-10	-2.385514e+01	-1.140827e+02
1.060000e-06	-4.355826e-06	-9.167744e-10	-2.359724e+01	-1.133839e+02
1.070000e-06	-4.308049e-06	-9.114378e-10	-2.333841e+01	-1.126757e+02
1.080000e-06	-4.260054e-06	-9.055107e-10	-2.307840e+01	-1.119584e+02
1.090000e-06	-4.211815e-06	-8.986500e-10	-2.281708e+01	-1.112322e+02
1.100000e-06	-4.163155e-06	-8.915683e-10	-2.255346e+01	-1.104972e+02
1.110000e-06	-4.113954e-06	-8.847812e-10	-2.228692e+01	-1.097535e+02
1.120000e-06	-4.064247e-06	-8.776899e-10	-2.201764e+01	-1.090011e+02
1.130000e-06	-4.014158e-06	-8.709123e-10	-2.174629e+01	-1.082399e+02
1.140000e-06	-3.963692e-06	-8.653434e-10	-2.147289e+01	-1.074700e+02
1.150000e-06	-3.912736e-06	-8.599743e-10	-2.119684e+01	-1.066910e+02
1.160000e-06	-3.861411e-06	-8.535035e-10	-2.091879e+01	-1.059027e+02
1.170000e-06	-3.809928e-06	-8.459410e-10	-2.063989e+01	-1.051049e+02
1.180000e-06	-3.758196e-06	-8.381275e-10	-2.035964e+01	-1.042971e+02
1.190000e-06	-3.706042e-06	-8.303385e-10	-2.007710e+01	-1.034789e+02
1.200000e-06	-3.653687e-06	-8.231867e-10	-1.979347e+01	-1.026498e+02
1.210000e-06	-3.601123e-06	-8.168224e-10	-1.950871e+01	-1.018094e+02
1.220000e-06	-3.548268e-06	-8.102204e-10	-1.922237e+01	-1.009570e+02
1.230000e-06	-3.495122e-06	-8.031536e-10	-1.893446e+01	-1.000923e+02
1.240000e-06	-3.441710e-06	-7.959289e-10	-1.864511e+01	-9.921449e+01
1.250000e-06	-3.388187e-06	-7.894261e-10	-1.835515e+01	-9.832315e+01
1.260000e-06	-3.334420e-06	-7.828624e-10	-1.806388e+01	-9.741775e+01
1.270000e-06	-3.280410e-06	-7.749657e-10	-1.777128e+01	-9.649777e+01
1.280000e-06	-3.226040e-06	-7.671541e-10	-1.747674e+01	-9.556276e+01
1.290000e-06	-3.171273e-06	-7.597247e-10	-1.718004e+01	-9.461233e+01
1.300000e-06	-3.116305e-06	-7.515908e-10	-1.688226e+01	-9.364613e+01
1.310000e-06	-3.061178e-06	-7.426572e-10	-1.658362e+01	-9.266388e+01
1.320000e-06	-3.005928e-06	-7.341696e-10	-1.628430e+01	-9.166539e+01
1.330000e-06	-2.950483e-06	-7.254879e-10	-1.598394e+01	-9.065054e+01
1.340000e-06	-2.894870e-06	-7.155124e-10	-1.568266e+01	-8.961928e+01
1.350000e-06	-2.839179e-06	-7.061930e-10	-1.538096e+01	-8.857166e+01
1.360000e-06	-2.783389e-06	-6.980621e-10	-1.507872e+01	-8.750780e+01
1.370000e-06	-2.727499e-06	-6.898171e-10	-1.477594e+01	-8.642790e+01
1.380000e-06	-2.671576e-06	-6.816489e-10	-1.447299e+01	-8.533223e+01
1.390000e-06	-2.615547e-06	-6.733328e-10	-1.416946e+01	-8.422114e+01
1.400000e-06	-2.559267e-06	-6.643224e-10	-1.386456e+01	-8.309503e+01
1.410000e-06	-2.502629e-06	-6.544291e-10	-1.355773e+01	-8.195432e+01
1.420000e-06	-2.445769e-06	-6.442954e-10	-1.324970e+01	-8.079952e+01
1.430000e-06	-2.388665e-06	-6.348163e-10	-1.294034e+01	-7.963112e+01
1.440000e-06	-2.331316e-06	-6.250947e-10	-1.262966e+01	-7.844965e+01
1.450000e-06	-2.273709e-06	-6.150211e-10	-1.231759e+01	-7.725561e+01
1.460000e-06	-2.215765e-06	-6.052110e-10	-1.200368e+01	-7.604952e+01
1.470000e-06	-2.157502e-06	-5.950980e-10	-1.168805e+01	-7.483184e+01
1.480000e-06	-2.098951e-06	-5.846726e-10	-1.137085e+01	-7.360300e+01
1.490000e-06	-2.040167e-06	-5.739224e-10	-1.105239e+01	-7.236338e+01
1.500000e-06	-1.981168e-06	-5.632382e-10	-1.073277e+01	-7.111329e+01
1.510000e-06	-1.922074e-06	-5.526692e-10	-1.041264e+01	-6.985297e+01
1.520000e-06	-1.862824e-06	-5.420527e-10	-1.009166e+01	-6.858256e+01
1.530000e-06	-1.803444e-06	-5.312464e-10	-9.769974e+00	-6.730212e+01
1.540000e-06	-1.744006e-06	-5.203620e-10	-9.447971e+00	-6.601161e+01
1.550000e-06	-1.684433e-06	-5.098351e-10	-9.125242e+00	-6.471089e+01
1.560000e-06	-1.624739e-06	-4.991098e-10	-8.801856e+00	-6.339973e+01
1.570000e-06	-1.564987e-06	-4.884372e-10	-8.478156e+00	-6.207777e+01
1.580000e-06	-1.505177e-06	-4.781211e-10	-8.154142e+00	-6.074459e+01
1.590000e-06	-1.445333e-06	-4.667789e-10	-7.829941e+00	-5.939964e+01
1.600000e-06	-1.385393e-06	-4.539991e-10	-7.505224e+00	-5.804231e+01
1.610000e-06	-1.325429e-06	-4.413975e-10	-7.180372e+00	-5.667191e+01
1.620000e-06	-1.265529e-06	-4.294822e-10	-6.855875e+00	-5.528767e+01
1.630000e-06	-1.205535e-06	-4.186483e-10	-6.530862e+00	-5.388877e+01
1.640000e-06	-1.145405e-06	-4.079284e-10	-6.205112e+00	-5.247437e+01
1.650000e-06	-1.085198e-06	-3.963555e-10	-5.878950e+00	-5.104357e+01
1.660000e-06	-1.024910e-06	-3.848986e-10	-5.552345e+00	-4.959549e+01
1.670000e-06	-9.646407e-07	-3.734399e-10	-5.225842e+00	-4.812921e+01
1.680000e-06	-9.043357e-07	-3.611963e-10	-4.899145e+00	-4.664388e+01
1.690000e-06	-8.439055e-07	-3.482268e-10	-4.571771e+00	-4.513865e+01
1.700000e-06	-7.834220e-07	-3.356173e-10	-4.244108e+00	-4.361274e+01
1.710000e-06	-7.228751e-07	-3.239726e-10	-3.916101e+00	-4.206540e+01
1.720000e-06	-6.622399e-07	-3.122258e-10	-3.587617e+00	-4.049600e+01
1.730000e-06	-6.015199e-07	-3.000347e-10	-3.258672e+00	-3.890398e+01
1.740000e-06	-5.407974e-07	-2.875670e-10	-2.929714e+00	-3.728887e+01
1.750000e-06	-4.801620e-07	-2.741808e-10	-2.601228e+00	-3.565034e+01
1.760000e-06	-4.195142e-07	-2.599872e-10	-2.272675e+00	-3.398815e+01
1.770000e-06	-3.587827e-07	-2.458048e-10	-1.943668e+00	-3.230220e+01
1.780000e-06	-2.980044e-07	-2.324167e-10	-1.614408e+00	-3.059253e+01
1.790000e-06	-2.372550e-07	-2.192336e-10	-1.285305e+00	-2.885928e+01
1.800000e-06	-1.764047e-07	-2.051630e-10	-9.556541e-01	-2.710277e+01
1.810000e-06	-1.154516e-07	-1.902312e-10	-6.254473e-01	-2.532342e+01
1.820000e-06	-5.458068e-08	-1.752611e-10	-2.956852e-01	-2.352180e+01
1.830000e-06	6.225475e-09	-1.602254e-10	3.372587e-02	-2.169859e+01
1.840000e-06	6.690582e-08	-1.447601e-10	3.624554e-01	-1.985462e+01
1.850000e-06	1.275468e-07	-1.293128e-10	6.909716e-01	-1.799081e+01
1.860000e-06	1.883167e-07	-1.145063e-10	1.020187e+00	-1.610822e+01
1.870000e-06	2.491200e-07	-1.004414e-10	1.349582e+00	-1.420798e+01
1.880000e-06	3.099187e-07	-8.623488e-11	1.678953e+00	-1.229132e+01
1.890000e-06	3.707116e-07	-7.166179e-11	2.008292e+00	-1.035958e+01
1.900000e-06	4.313754e-07	-5.675711e-11	2.336932e+00	-8.414140e+00
1.910000e-06	4.919555e-07	-4.126391e-11	2.665118e+00	-6.456455e+00
1.920000e-06	5.524504e-07	-2.619534e-11	2.992843e+00	-4.488034e+00
1.930000e-06	6.129633e-07	-1.197398e-11	3.320665e+00	-2.510426e+00
1.940000e-06	6.735247e-07	3.250954e-12	3.648751e+00	-5.252151e-01
1.950000e-06	7.339618e-07	2.012375e-11	3.976162e+00	1.465993e+00
1.960000e-06	7.943505e-07	3.709126e-11	4.303312e+00	3.461577e+00
1.970000e-06	8.546786e-07	5.285559e-11	4.630133e+00	5.459911e+00
1.980000e-06	9.149111e-07	6.735510e-11	4.956437e+00	7.459368e+00
1.990000e-06	9.751643e-07	8.202889e-11	5.282852e+00	9.458330e+00
2.000000e-06	1.035414e-06	9.738678e-11	5.609248e+00	1.145520e+01
2.010000e-06	1.095572e-06	1.126792e-10	5.935151e+00	1.344838e+01
2.020000e-06	1.155611e-06	1.284831e-10	6.260403e+00	1.543634e+01
2.030000e-06	1.215546e-06	1.451043e-10	6.585096e+00	1.741753e+01
2.040000e-06	1.275432e-06	1.611764e-10	6.909522e+00	1.939048e+01
2.050000e-06	1.335312e-06	1.763328e-10	7.233916e+00	2.135372e+01
2.060000e-06	1.395143e-06	1.911559e-10	7.558046e+00	2.330586e+01
2.070000e-06	1.454899e-06	2.060670e-10	7.881768e+00	2.524551e+01
2.080000e-06	1.514623e-06	2.210386e-10	8.205315e+00	2.717137e+01
2.090000e-06	1.574283e-06	2.358700e-10	8.528517e+00	2.908218e+01
2.100000e-06	1.633859e-06	2.506931e-10	8.851265e+00	3.097671e+01
2.110000e-06	1.693374e-06	2.651154e-10	9.173680e+00	3.285382e+01
2.120000e-06	1.752887e-06	2.788899e-10	9.496083e+00	3.471241e+01
2.130000e-06	1.812363e-06	2.924268e-10	9.818292e+00	3.655144e+01
2.140000e-06	1.871669e-06	3.069070e-10	1.013957e+01	3.836996e+01
2.150000e-06	1.930824e-06	3.217101e-10	1.046004e+01	4.016705e+01
2.160000e-06	1.989916e-06	3.357585e-10	1.078016e+01	4.194190e+01
2.170000e-06	2.048811e-06	3.494096e-10	1.109922e+01	4.369376e+01
2.180000e-06	2.107388e-06	3.627332e-10	1.141656e+01	4.542195e+01
2.190000e-06	2.165724e-06	3.756397e-10	1.173259e+01	4.712588e+01
2.200000e-06	2.223831e-06	3.879090e-10	1.204738e+01	4.880506e+01
2.210000e-06	2.281706e-06	4.004768e-10	1.236091e+01	5.045905e+01
2.220000e-06	2.339314e-06	4.143683e-10	1.267299e+01	5.208755e+01
2.230000e-06	2.396537e-06	4.281772e-10	1.298299e+01	5.369030e+01
2.240000e-06	2.453458e-06	4.407237e-10	1.329136e+01	5.526717e+01
2.250000e-06	2.510148e-06	4.529124e-10	1.359847e+01	5.681811e+01
2.260000e-06	2.566581e-06	4.647560e-10	1.390419e+01	5.834317e+01
2.270000e-06	2.622827e-06	4.762141e-10	1.420889e+01	5.984248e+01
2.280000e-06	2.678924e-06	4.884183e-10	1.451279e+01	6.131629e+01
2.290000e-06	2.734910e-06	5.002036e-10	1.481609e+01	6.276491e+01
2.300000e-06	2.790732e-06	5.109829e-10	1.511850e+01	6.418874e+01
2.310000e-06	2.846360e-06	5.225316e-10	1.541986e+01	6.558828e+01
2.320000e-06	2.901821e-06	5.353282e-10	1.572031e+01	6.696408e+01
2.330000e-06	2.957154e-06	5.486158e-10	1.602007e+01	6.831679e+01
2.340000e-06	3.012356e-06	5.606574e-10	1.631913e+01	6.964708e+01
2.350000e-06	3.067290e-06	5.709529e-10	1.661673e+01	7.095571e+01
2.360000e-06	3.121975e-06	5.801521e-10	1.691298e+01	7.224348e+01
2.370000e-06	3.176399e-06	5.885960e-10	1.720781e+01	7.351119e+01
2.380000e-06	3.230559e-06	5.967992e-10	1.750122e+01	7.475972e+01
2.390000e-06	3.284714e-06	6.061997e-10	1.779460e+01	7.598991e+01
2.400000e-06	3.338792e-06	6.171713e-10	1.808756e+01	7.720265e+01
2.410000e-06	3.392500e-06	6.286333e-10	1.837852e+01	7.839880e+01
2.420000e-06	3.445877e-06	6.396340e-10	1.866768e+01	7.957919e+01
2.430000e-06	3.498992e-06	6.495847e-10	1.895543e+01	8.074467e+01
2.440000e-06	3.551764e-06	6.591109e-10	1.924132e+01	8.189600e+01
2.450000e-06	3.604238e-06	6.684236e-10	1.952559e+01	8.303393e+01
2.460000e-06	3.656492e-06	6.773466e-10	1.980867e+01	8.415915e+01
2.470000e-06	3.708552e-06	6.863599e-10	2.009070e+01	8.527229e+01
2.480000e-06	3.760431e-06	6.948788e-10	2.037175e+01	8.637391e+01
2.490000e-06	3.812070e-06	7.025993e-10	2.065149e+01	8.746450e+01
2.500000e-06	3.863403e-06	7.101188e-10	2.092959e+01	8.854449e+01
2.510000e-06	3.914269e-06	7.182799e-10	2.120515e+01	8.961422e+01
2.520000e-06	3.964784e-06	7.270487e-10	2.147881e+01	9.067396e+01
2.530000e-06	4.014889e-06	7.356088e-10	2.175025e+01	9.172389e+01
2.540000e-06	4.064389e-06	7.441932e-10	2.201841e+01	9.276414e+01
2.550000e-06	4.113477e-06	7.520848e-10	2.228434e+01	9.379476e+01
2.560000e-06	4.162099e-06	7.590321e-10	2.254774e+01	9.481572e+01
2.570000e-06	4.210256e-06	7.654700e-10	2.280863e+01	9.582694e+01
2.580000e-06	4.258226e-06	7.722312e-10	2.306850e+01	9.682828e+01
2.590000e-06	4.306020e-06	7.804435e-10	2.332742e+01	9.781955e+01
2.600000e-06	4.353673e-06	7.894615e-10	2.358557e+01	9.880053e+01
2.610000e-06	4.400972e-06	7.978352e-10	2.384181e+01	9.977095e+01
2.620000e-06	4.447832e-06	8.052473e-10	2.409567e+01	1.007305e+02
2.630000e-06	4.494473e-06	8.117324e-10	2.434834e+01	1.016789e+02
2.640000e-06	4.540872e-06	8.185503e-10	2.459970e+01	1.026159e+02
2.650000e-06	4.586974e-06	8.260735e-10	2.484946e+01	1.035410e+02
2.660000e-06	4.632707e-06	8.328690e-10	2.509721e+01	1.044541e+02
2.670000e-06	4.678132e-06	8.389393e-10	2.534330e+01	1.053547e+02
2.680000e-06	4.723218e-06	8.451574e-10	2.558754e+01	1.062427e+02
2.690000e-06	4.767918e-06	8.523094e-10	2.582970e+01	1.071177e+02
2.700000e-06	4.812289e-06	8.594291e-10	2.607008e+01	1.079796e+02
2.710000e-06	4.856423e-06	8.660276e-10	2.630917e+01	1.088280e+02
2.720000e-06	4.900342e-06	8.731599e-10	2.654710e+01	1.096630e+02
2.730000e-06	4.944063e-06	8.810776e-10	2.678395e+01	1.104843e+02
2.740000e-06	4.987633e-06	8.888376e-10	2.701999e+01	1.112920e+02
2.750000e-06	5.030896e-06	8.956103e-10	2.725436e+01	1.120858e+02
2.760000e-06	5.073583e-06	9.015405e-10	2.748561e+01	1.128659e+02
2.770000e-06	5.115714e-06	9.071942e-10	2.771385e+01	1.136322e+02
2.780000e-06	5.157175e-06	9.136091e-10	2.793847e+01	1.143848e+02
2.790000e-06	5.197975e-06	9.205816e-10	2.815950e+01	1.151239e+02
2.800000e-06	5.238385e-06	9.275865e-10	2.837841e+01	1.158494e+02
2.810000e-06	5.278434e-06	9.348860e-10	2.859537e+01	1.165617e+02
2.820000e-06	5.318184e-06	9.418247e-10	2.881072e+01	1.172608e+02
2.830000e-06	5.357749e-06	9.480783e-10	2.902505e+01	1.179469e+02
2.840000e-06	5.397162e-06	9.545811e-10	2.923857e+01	1.186202e+02
2.850000e-06	5.436188e-06	9.610552e-10	2.944999e+01	1.192809e+02
2.860000e-06	5.474695e-06	9.657945e-10	2.965859e+01	1.199292e+02
2.870000e-06	5.512719e-06	9.700331e-10	2.986459e+01	1.205653e+02
2.880000e-06	5.550342e-06	9.757573e-10	3.006841e+01	1.211894e+02
2.890000e-06	5.587627e-06	9.818540e-10	3.027039e+01	1.218018e+02
2.900000e-06	5.624528e-06	9.871539e-10	3.047030e+01	1.224025e+02
2.910000e-06	5.660994e-06	9.925772e-10	3.066785e+01	1.229918e+02
2.920000e-06	5.697052e-06	9.990260e-10	3.086319e+01	1.235700e+02
2.930000e-06	5.732859e-06	1.006429e-09	3.105717e+01	1.241370e+02
2.940000e-06	5.768488e-06	1.012878e-09	3.125019e+01	1.246933e+02
2.950000e-06	5.803873e-06	1.016515e-09	3.144188e+01	1.252388e+02
2.960000e-06	5.838898e-06	1.019606e-09	3.163163e+01	1.257738e+02
2.970000e-06	5.873291e-06	1.024832e-09	3.181795e+01	1.262984e+02
2.980000e-06	5.906842e-06	1.031238e-09	3.199971e+01	1.268129e+02
2.990000e-06	5.939769e-06	1.036276e-09	3.217809e+01	1.273173e+02
3.000000e-06	5.972144e-06	1.040952e-09	3.235348e+01	1.278120e+02
3.010000e-06	6.004083e-06	1.046766e-09	3.252650e+01	1.282971e+02
3.020000e-06	6.035760e-06	1.052980e-09	3.269811e+01	1.287727e+02
3.030000e-06	6.067237e-06	1.059006e-09	3.286863e+01	1.292392e+02
3.040000e-06	6.098450e-06	1.064190e-09	3.303773e+01	1.296968e+02
3.050000e-06	6.129251e-06	1.068902e-09	3.320459e+01	1.301457e+02
3.060000e-06	6.159668e-06	1.074320e-09	3.336937e+01	1.305862e+02
3.070000e-06	6.189515e-06	1.079330e-09	3.353106e+01	1.310186e+02
3.080000e-06	6.218712e-06	1.082427e-09	3.368923e+01	1.314431e+02
3.090000e-06	6.247450e-06	1.085768e-09	3.384492e+01	1.318602e+02
3.100000e-06	6.275880e-06	1.091200e-09	3.399893e+01	1.322701e+02
3.110000e-06	6.304121e-06	1.096800e-09	3.415193e+01	1.326732e+02
3.120000e-06	6.332102e-06	1.101235e-09	3.430351e+01	1.330698e+02
3.130000e-06	6.359810e-06	1.105237e-09	3.445361e+01	1.334602e+02
3.140000e-06	6.387186e-06	1.108736e-09	3.460192e+01	1.338448e+02
3.150000e-06	6.413892e-06	1.111470e-09	3.474660e+01	1.342238e+02
3.160000e-06	6.439687e-06	1.113355e-09	3.488634e+01	1.345976e+02
3.170000e-06	6.464646e-06	1.115825e-09	3.502156e+01	1.349665e+02
3.180000e-06	6.489013e-06	1.119096e-09	3.515356e+01	1.353308e+02
3.190000e-06	6.512920e-06	1.122064e-09	3.528307e+01	1.356905e+02
3.200000e-06	6.536420e-06	1.124897e-09	3.541038e+01	1.360460e+02
3.210000e-06	6.559568e-06	1.127933e-09	3.553579e+01	1.363973e+02
3.220000e-06	6.582350e-06	1.131221e-09	3.565920e+01	1.367447e+02
3.230000e-06	6.604652e-06	1.134400e-09	3.578002e+01	1.370880e+02
3.240000e-06	6.626529e-06	1.137265e-09	3.589854e+01	1.374274e+02
3.250000e-06	6.648027e-06	1.139668e-09	3.601500e+01	1.377627e+02
3.260000e-06	6.669067e-06	1.142304e-09	3.612898e+01	1.380940e+02
3.270000e-06	6.689603e-06	1.145383e-09	3.624024e+01	1.384210e+02
3.280000e-06	6.709661e-06	1.148636e-09	3.634890e+01	1.387435e+02
3.290000e-06	6.729427e-06	1.152276e-09	3.645598e+01	1.390613e+02
3.300000e-06	6.748883e-06	1.156618e-09	3.656138e+01	1.393741e+02
3.310000e-06	6.767974e-06	1.160184e-09	3.666480e+01	1.396816e+02
3.320000e-06	6.786656e-06	1.162172e-09	3.676601e+01	1.399834e+02
3.330000e-06	6.804615e-06	1.162878e-09	3.686330e+01	1.402791e+02
3.340000e-06	6.821821e-06	1.163531e-09	3.695651e+01	1.405683e+02
3.350000e-06	6.838560e-06	1.166206e-09	3.704719e+01	1.408506e+02
3.360000e-06	6.854931e-06	1.169384e-09	3.713588e+01	1.411256e+02
3.370000e-06	6.870910e-06	1.171391e-09	3.722245e+01	1.413928e+02
3.380000e-06	6.886393e-06	1.174207e-09	3.730632e+01	1.416517e+02
3.390000e-06	6.901248e-06	1.178213e-09	3.738680e+01	1.419020e+02
3.400000e-06	6.915512e-06	1.182070e-09	3.746407e+01	1.421433e+02
3.410000e-06	6.929259e-06	1.185287e-09	3.753855e+01	1.423751e+02
3.420000e-06	6.942618e-06	1.187254e-09	3.761092e+01	1.425972e+02
3.430000e-06	6.955439e-06	1.189163e-09	3.768037e+01	1.428092e+02
3.440000e-06	6.967652e-06	1.192320e-09	3.774654e+01	1.430110e+02
3.450000e-06	6.979422e-06	1.196093e-09	3.781030e+01	1.432022e+02
3.460000e-06	6.990785e-06	1.199309e-09	3.787186e+01	1.433827e+02
3.470000e-06	7.001522e-06	1.201471e-09	3.793002e+01	1.435523e+02
3.480000e-06	7.011275e-06	1.203444e-09	3.798286e+01	1.437111e+02
3.490000e-06	7.020101e-06	1.206654e-09	3.803067e+01	1.438589e+02
3.500000e-06	7.028319e-06	1.210255e-09	3.807519e+01	1.439958e+02
3.510000e-06	7.036165e-06	1.212558e-09	3.811770e+01	1.441219e+02
3.520000e-06	7.043689e-06	1.212965e-09	3.815846e+01	1.442372e+02
3.530000e-06	7.050801e-06	1.213329e-09	3.819699e+01	1.443419e+02
3.540000e-06	7.057381e-06	1.215781e-09	3.823263e+01	1.444362e+02
3.550000e-06	7.063439e-06	1.219305e-09	3.826545e+01	1.445203e+02
3.560000e-06	7.069029e-06	1.221657e-09	3.829574e+01	1.445943e+02
3.570000e-06	7.074203e-06	1.221888e-09	3.832377e+01	1.446586e+02
3.580000e-06	7.078914e-06	1.221796e-09	3.834929e+01	1.447133e+02
3.590000e-06	7.083123e-06	1.223701e-09	3.837209e+01	1.447588e+02
3.600000e-06	7.087001e-06	1.226717e-09	3.839310e+01	1.447953e+02
3.610000e-06	7.090594e-06	1.229160e-09	3.841256e+01	1.448229e+02
3.620000e-06	7.093781e-06	1.229916e-09	3.842983e+01	1.448421e+02
3.630000e-06	7.096325e-06	1.230089e-09	3.844361e+01	1.448530e+02
3.640000e-06	7.098155e-06	1.232025e-09	3.845353e+01	1.448558e+02
3.650000e-06	7.099149e-06	1.233471e-09	3.845891e+01	1.448507e+02
3.660000e-06	7.099351e-06	1.233633e-09	3.846000e+01	1.448380e+02
3.670000e-06	7.099149e-06	1.233845e-09	3.845891e+01	1.448178e+02
3.680000e-06	7.098669e-06	1.234113e-09	3.845631e+01	1.447902e+02
3.690000e-06	7.097858e-06	1.235122e-09	3.845191e+01	1.447554e+02
3.700000e-06	7.096600e-06	1.236346e-09	3.844510e+01	1.447135e+02
3.710000e-06	7.094769e-06	1.236093e-09	3.843518e+01	1.446646e+02
3.720000e-06	7.092499e-06	1.234871e-09	3.842288e+01	1.446089e+02
3.730000e-06	7.089806e-06	1.233928e-09	3.840830e+01	1.445465e+02
3.740000e-06	7.086683e-06	1.228816e-09	3.839137e+01	1.444774e+02
3.750000e-06	7.083154e-06	1.219728e-09	3.837226e+01	1.444017e+02
3.760000e-06	7.078899e-06	1.235196e-09	3.834921e+01	1.443197e+02
3.770000e-06	7.073718e-06	1.280153e-09	3.832114e+01	1.442313e+02
3.780000e-06	7.067770e-06	1.270188e-09	3.828891e+01	1.441368e+02
3.790000e-06	7.061661e-06	1.171626e-09	3.825582e+01	1.440363e+02
3.800000e-06	7.055621e-06	1.171176e-09	3.822310e+01	1.439300e+02
3.810000e-06	7.049001e-06	1.289362e-09	3.818724e+01	1.438182e+02
3.820000e-06	7.041424e-06	1.295028e-09	3.814619e+01	1.437009e+02
3.830000e-06	7.033224e-06	1.163978e-09	3.810177e+01	1.435785e+02
3.840000e-06	7.024790e-06	1.162917e-09	3.805608e+01	1.434513e+02
3.850000e-06	7.016018e-06	1.330332e-09	3.800855e+01	1.433196e+02
3.860000e-06	7.006580e-06	1.323782e-09	3.795743e+01	1.431836e+02
3.870000e-06	6.996620e-06	1.117920e-09	3.790347e+01	1.430436e+02
3.880000e-06	6.986408e-06	1.120695e-09	3.784815e+01	1.429002e+02
3.890000e-06	6.975734e-06	1.346163e-09	3.779032e+01	1.427535e+02
3.900000e-06	6.964312e-06	1.332591e-09	3.772844e+01	1.426039e+02
3.910000e-06	6.952320e-06	1.115738e-09	3.766347e+01	1.424518e+02
3.920000e-06	6.939945e-06	1.157763e-09	3.759644e+01	1.422975e+02
3.930000e-06	6.926866e-06	1.348811e-09	3.752558e+01	1.421413e+02
3.940000e-06	6.912983e-06	1.247454e-09	3.745038e+01	1.419834e+02
3.950000e-06	6.898556e-06	1.080867e-09	3.737221e+01	1.418243e+02
3.960000e-06	6.883447e-06	1.222542e-09	3.729037e+01	1.416640e+02
3.970000e-06	6.867618e-06	1.342532e-09	3.720461e+01	1.415028e+02
3.980000e-06	6.851349e-06	1.180387e-09	3.711648e+01	1.413408e+02
3.990000e-06	6.834788e-06	1.131779e-09	3.702676e+01	1.411780e+02
4.000000e-06	6.817855e-06	1.297841e-09	3.693503e+01	1.410146e+02
4.010000e-06	6.800388e-06	1.253051e-09	3.684040e+01	1.408505e+02
4.020000e-06	6.782400e-06	1.101558e-09	3.674295e+01	1.406855e+02
4.030000e-06	6.763932e-06	1.222047e-09	3.664291e+01	1.405197e+02
4.040000e-06	6.745050e-06	1.329947e-09	3.654061e+01	1.403527e+02
4.050000e-06	6.725651e-06	1.169297e-09	3.643552e+01	1.401843e+02
4.060000e-06	6.705759e-06	1.130000e-09	3.632776e+01	1.400142e+02
4.070000e-06	6.685624e-06	1.288047e-09	3.621868e+01	1.398422e+02
4.080000e-06	6.665204e-06	1.245110e-09	3.610805e+01	1.396678e+02
4.090000e-06	6.644365e-06	1.122507e-09	3.599516e+01	1.394906e+02
4.100000e-06	6.622904e-06	1.222764e-09	3.587890e+01	1.393101e+02
4.110000e-06	6.600616e-06	1.277715e-09	3.575816e+01	1.391260e+02
4.120000e-06	6.577521e-06	1.163719e-09	3.563304e+01	1.389378e+02
4.130000e-06	6.553829e-06	1.181240e-09	3.550469e+01	1.387449e+02
4.140000e-06	6.529775e-06	1.261395e-09	3.537438e+01	1.385471e+02
4.150000e-06	6.505478e-06	1.186981e-09	3.524275e+01	1.383437e+02
4.160000e-06	6.480827e-06	1.160080e-09	3.510921e+01	1.381344e+02
4.170000e-06	6.455668e-06	1.246853e-09	3.497291e+01	1.379189e+02
4.180000e-06	6.430010e-06	1.221229e-09	3.483392e+01	1.376967e+02
4.190000e-06	6.403893e-06	1.162486e-09	3.469243e+01	1.374677e+02
4.200000e-06	6.377319e-06	1.212359e-09	3.454847e+01	1.372314e+02
4.210000e-06	6.350271e-06	1.217409e-09	3.440194e+01	1.369878e+02
4.220000e-06	6.322721e-06	1.168414e-09	3.425269e+01	1.367367e+02
4.230000e-06	6.294783e-06	1.197223e-09	3.410134e+01	1.364779e+02
4.240000e-06	6.266587e-06	1.214334e-09	3.394859e+01	1.362115e+02
4.250000e-06	6.238181e-06	1.177216e-09	3.379470e+01	1.359374e+02
4.260000e-06	6.209405e-06	1.188943e-09	3.363881e+01	1.356557e+02
4.270000e-06	6.180170e-06	1.205401e-09	3.348044e+01	1.353665e+02
4.280000e-06	6.150213e-06	1.176153e-09	3.331814e+01	1.350699e+02
4.290000e-06	6.119309e-06	1.176824e-09	3.315073e+01	1.347661e+02
4.300000e-06	6.087688e-06	1.191874e-09	3.297942e+01	1.344553e+02
4.310000e-06	6.055613e-06	1.178112e-09	3.280566e+01	1.341376e+02
4.320000e-06	6.023286e-06	1.178758e-09	3.263053e+01	1.338133e+02
4.330000e-06	5.990677e-06	1.183752e-09	3.245387e+01	1.334825e+02
4.340000e-06	5.957538e-06	1.166422e-09	3.227435e+01	1.331456e+02
4.350000e-06	5.923887e-06	1.166830e-09	3.209205e+01	1.328025e+02
4.360000e-06	5.889968e-06	1.176799e-09	3.190830e+01	1.324536e+02
4.370000e-06	5.855750e-06	1.167076e-09	3.172292e+01	1.320988e+02
4.380000e-06	5.821122e-06	1.165695e-09	3.153533e+01	1.317384e+02
4.390000e-06	5.786087e-06	1.169626e-09	3.134553e+01	1.313722e+02
4.400000e-06	5.750698e-06	1.158068e-09	3.115381e+01	1.310004e+02
4.410000e-06	5.714948e-06	1.155631e-09	3.096014e+01	1.306227e+02
4.420000e-06	5.678873e-06	1.160532e-09	3.076471e+01	1.302392e+02
4.430000e-06	5.642626e-06	1.150242e-09	3.056834e+01	1.298495e+02
4.440000e-06	5.606161e-06	1.144042e-09	3.037080e+01	1.294536e+02
4.450000e-06	5.569276e-06	1.149401e-09	3.017098e+01	1.290510e+02
4.460000e-06	5.531762e-06	1.147053e-09	2.996775e+01	1.286415e+02
4.470000e-06	5.493556e-06	1.139757e-09	2.976077e+01	1.282248e+02
4.480000e-06	5.454515e-06	1.137375e-09	2.954927e+01	1.278003e+02
4.490000e-06	5.414817e-06	1.134614e-09	2.933421e+01	1.273677e+02
4.500000e-06	5.374901e-06	1.130654e-09	2.911797e+01	1.269266e+02
4.510000e-06	5.334814e-06	1.128092e-09	2.890081e+01	1.264765e+02
4.520000e-06	5.294389e-06	1.124862e-09	2.868180e+01	1.260169e+02
4.530000e-06	5.253663e-06	1.120143e-09	2.846118e+01	1.255473e+02
4.540000e-06	5.212621e-06	1.116029e-09	2.823884e+01	1.250675e+02
4.550000e-06	5.171151e-06	1.114052e-09	2.801418e+01	1.245769e+02
4.560000e-06	5.129248e-06	1.113312e-09	2.778717e+01	1.240753e+02
4.570000e-06	5.087048e-06	1.109678e-09	2.755856e+01	1.235622e+02
4.580000e-06	5.044599e-06	1.103323e-09	2.732859e+01	1.230375e+02
4.590000e-06	5.001807e-06	1.097724e-09	2.709677e+01	1.225008e+02
4.600000e-06	4.958602e-06	1.093195e-09	2.686272e+01	1.219521e+02
4.610000e-06	4.914866e-06	1.087772e-09	2.662578e+01	1.213912e+02
4.620000e-06	4.870860e-06	1.083253e-09	2.638738e+01	1.208182e+02
4.630000e-06	4.826768e-06	1.082516e-09	2.614852e+01	1.202329e+02
4.640000e-06	4.782448e-06	1.080900e-09	2.590842e+01	1.196356e+02
4.650000e-06	4.737773e-06	1.074323e-09	2.566640e+01	1.190263e+02
4.660000e-06	4.692837e-06	1.065212e-09	2.542296e+01	1.184052e+02
4.670000e-06	4.647635e-06	1.056226e-09	2.517808e+01	1.177726e+02
4.680000e-06	4.601941e-06	1.048797e-09	2.493054e+01	1.171287e+02
4.690000e-06	4.555791e-06	1.044791e-09	2.468053e+01	1.164739e+02
4.700000e-06	4.509373e-06	1.042282e-09	2.442906e+01	1.158083e+02
4.710000e-06	4.462589e-06	1.038257e-09	2.417562e+01	1.151324e+02
4.720000e-06	4.415556e-06	1.032388e-09	2.392082e+01	1.144465e+02
4.730000e-06	4.368293e-06	1.024547e-09	2.366478e+01	1.137509e+02
4.740000e-06	4.320658e-06	1.015938e-09	2.340672e+01	1.130458e+02
4.750000e-06	4.272885e-06	1.009326e-09	2.314791e+01	1.123315e+02
4.760000e-06	4.224709e-06	1.003691e-09	2.288692e+01	1.116082e+02
4.770000e-06	4.175867e-06	9.982658e-10	2.262233e+01	1.108761e+02
4.780000e-06	4.126741e-06	9.946843e-10	2.235620e+01	1.101352e+02
4.790000e-06	4.077443e-06	9.912941e-10	2.208913e+01	1.093857e+02
4.800000e-06	4.027793e-06	9.849465e-10	2.182015e+01	1.086275e+02
4.810000e-06	3.977787e-06	9.772507e-10	2.154925e+01	1.078604e+02
4.820000e-06	3.927552e-06	9.705771e-10	2.127711e+01	1.070845e+02
4.830000e-06	3.877102e-06	9.652259e-10	2.100380e+01	1.062993e+02
4.840000e-06	3.826218e-06	9.600265e-10	2.072814e+01	1.055047e+02
4.850000e-06	3.774897e-06	9.534401e-10	2.045012e+01	1.047002e+02
4.860000e-06	3.723364e-06	9.461115e-10	2.017094e+01	1.038855e+02
4.870000e-06	3.671603e-06	9.387616e-10	1.989053e+01	1.030601e+02
4.880000e-06	3.619575e-06	9.316673e-10	1.960867e+01	1.022235e+02
4.890000e-06	3.567383e-06	9.249941e-10	1.932593e+01	1.013751e+02
4.900000e-06	3.515012e-06	9.181606e-10	1.904221e+01	1.005146e+02
4.910000e-06	3.462406e-06	9.109514e-10	1.875723e+01	9.964115e+01
4.920000e-06	3.409483e-06	9.036907e-10	1.847052e+01	9.875437e+01
4.930000e-06	3.356118e-06	8.960773e-10	1.818143e+01	9.785369e+01
4.940000e-06	3.302285e-06	8.879761e-10	1.788979e+01	9.693860e+01
4.950000e-06	3.248083e-06	8.796105e-10	1.759616e+01	9.600863e+01
4.960000e-06	3.193467e-06	8.716369e-10	1.730028e+01	9.506336e+01
4.970000e-06	3.138385e-06	8.646108e-10	1.700188e+01	9.410242e+01
4.980000e-06	3.083047e-06	8.574373e-10	1.670209e+01	9.312553e+01
4.990000e-06	3.027432e-06	8.488682e-10	1.640080e+01	9.213245e+01
5.000000e-06	2.971504e-06	8.392584e-10	1.609782e+01	9.112304e+01
5.010000e-06	2.915422e-06	8.291967e-10	1.579400e+01	9.009723e+01
5.020000e-06	2.859360e-06	8.195051e-10	1.549029e+01	8.905503e+01
5.030000e-06	2.803261e-06	8.105438e-10	1.518638e+01	8.799654e+01
5.040000e-06	2.746942e-06	8.021507e-10	1.488127e+01	8.692194e+01
5.050000e-06	2.690393e-06	7.936243e-10	1.457493e+01	8.583147e+01
5.060000e-06	2.633643e-06	7.844495e-10	1.426749e+01	8.472546e+01
5.070000e-06	2.576767e-06	7.747707e-10	1.395937e+01	8.360429e+01
5.080000e-06	2.519823e-06	7.649498e-10	1.365088e+01	8.246837e+01
5.090000e-06	2.462649e-06	7.546288e-10	1.334115e+01	8.131819e+01
5.100000e-06	2.405173e-06	7.436354e-10	1.302978e+01	8.015425e+01
5.110000e-06	2.347628e-06	7.331663e-10	1.271804e+01	7.897705e+01
5.120000e-06	2.289972e-06	7.233057e-10	1.240569e+01	7.778712e+01
5.130000e-06	2.232079e-06	7.127794e-10	1.209206e+01	7.658497e+01
5.140000e-06	2.174076e-06	7.012739e-10	1.177783e+01	7.537108e+01
5.150000e-06	2.115885e-06	6.894492e-10	1.146259e+01	7.414590e+01
5.160000e-06	2.057515e-06	6.778451e-10	1.114637e+01	7.290981e+01
5.170000e-06	1.999082e-06	6.656698e-10	1.082982e+01	7.166316e+01
5.180000e-06	1.940529e-06	6.538337e-10	1.051262e+01	7.040621e+01
5.190000e-06	1.881757e-06	6.429284e-10	1.019423e+01	6.913913e+01
5.200000e-06	1.822723e-06	6.315216e-10	9.874416e+00	6.786201e+01
5.210000e-06	1.763495e-06	6.198051e-10	9.553552e+00	6.657484e+01
5.220000e-06	1.704241e-06	6.086357e-10	9.232552e+00	6.527753e+01
5.230000e-06	1.644908e-06	5.975554e-10	8.911119e+00	6.396986e+01
5.240000e-06	1.585398e-06	5.844943e-10	8.588730e+00	6.265152e+01
5.250000e-06	1.525819e-06	5.714575e-10	8.265967e+00	6.132212e+01
5.260000e-06	1.466218e-06	5.606063e-10	7.943088e+00	5.998113e+01
5.270000e-06	1.406560e-06	5.498038e-10	7.619893e+00	5.862798e+01
5.280000e-06	1.346726e-06	5.372483e-10	7.295751e+00	5.726200e+01
5.290000e-06	1.286784e-06	5.236716e-10	6.971018e+00	5.588243e+01
5.300000e-06	1.226816e-06	5.099317e-10	6.646147e+00	5.448850e+01
5.310000e-06	1.166804e-06	4.967063e-10	6.321043e+00	5.307934e+01
5.320000e-06	1.106757e-06	4.843533e-10	5.995743e+00	5.165408e+01
5.330000e-06	1.046636e-06	4.720231e-10	5.670042e+00	5.021184e+01
5.340000e-06	9.864858e-07	4.593378e-10	5.344185e+00	4.875170e+01
5.350000e-06	9.263266e-07	4.466517e-10	5.018279e+00	4.727280e+01
5.360000e-06	8.660843e-07	4.335909e-10	4.691922e+00	4.577427e+01
5.370000e-06	8.058302e-07	4.196840e-10	4.365502e+00	4.425531e+01
5.380000e-06	7.455654e-07	4.052797e-10	4.039024e+00	4.271517e+01
5.390000e-06	6.852622e-07	3.903623e-10	3.712337e+00	4.115317e+01
5.400000e-06	6.249163e-07	3.758511e-10	3.385420e+00	3.956872e+01
5.410000e-06	5.645328e-07	3.624454e-10	3.058299e+00	3.796134e+01
5.420000e-06	5.041348e-07	3.490630e-10	2.731098e+00	3.633062e+01
5.430000e-06	4.437144e-07	3.340581e-10	2.403777e+00	3.467631e+01
5.440000e-06	3.832495e-07	3.177803e-10	2.076215e+00	3.299827e+01
5.450000e-06	3.227377e-07	3.020241e-10	1.748398e+00	3.129647e+01
5.460000e-06	2.622257e-07	2.871803e-10	1.420581e+00	2.957103e+01
5.470000e-06	2.017966e-07	2.719397e-10	1.093212e+00	2.782221e+01
5.480000e-06	1.414157e-07	2.556078e-10	7.661051e-01	2.605040e+01
5.490000e-06	8.093039e-08	2.392591e-10	4.384320e-01	2.425610e+01
5.500000e-06	2.040034e-08	2.231764e-10	1.105167e-01	2.243999e+01
5.510000e-06	-4.011242e-08	2.061809e-10	-2.173049e-01	2.060282e+01
5.520000e-06	-1.006644e-07	1.881769e-10	-5.453390e-01	1.874549e+01
5.530000e-06	-1.612494e-07	1.703666e-10	-8.735521e-01	1.686901e+01
5.540000e-06	-2.218721e-07	1.538400e-10	-1.201969e+00	1.497450e+01
5.550000e-06	-2.824514e-07	1.385305e-10	-1.530151e+00	1.306315e+01
5.560000e-06	-3.428204e-07	1.221032e-10	-1.857194e+00	1.113627e+01
5.570000e-06	-4.031018e-07	1.034714e-10	-2.183763e+00	9.195211e+00
5.580000e-06	-4.634652e-07	8.392887e-11	-2.510775e+00	7.241421e+00
5.590000e-06	-5.238570e-07	6.510164e-11	-2.837941e+00	5.276386e+00
5.600000e-06	-5.842320e-07	4.757308e-11	-3.165017e+00	3.301644e+00
5.610000e-06	-6.445992e-07	3.054289e-11	-3.492050e+00	1.318768e+00
5.620000e-06	-7.049128e-07	1.283361e-11	-3.818793e+00	-6.706419e-01
5.630000e-06	-7.651544e-07	-5.887773e-12	-4.145145e+00	-2.664970e+00
5.640000e-06	-8.253763e-07	-2.449124e-11	-4.471391e+00	-4.662590e+00
5.650000e-06	-8.855755e-07	-4.307112e-11	-4.797514e+00	-6.661874e+00
5.660000e-06	-9.457235e-07	-6.258220e-11	-5.123360e+00	-8.661202e+00
5.670000e-06	-1.005859e-06	-8.224789e-11	-5.449138e+00	-1.065897e+01
5.680000e-06	-1.066004e-06	-1.005477e-10	-5.774964e+00	-1.265358e+01
5.690000e-06	-1.126040e-06	-1.174311e-10	-6.100206e+00	-1.464347e+01
5.700000e-06	-1.185950e-06	-1.343150e-10	-6.424760e+00	-1.662710e+01
5.710000e-06	-1.245798e-06	-1.525451e-10	-6.748983e+00	-1.860298e+01
5.720000e-06	-1.305657e-06	-1.717446e-10	-7.073260e+00	-2.056964e+01
5.730000e-06	-1.365481e-06	-1.905831e-10	-7.397354e+00	-2.252565e+01
5.740000e-06	-1.425136e-06	-2.079671e-10	-7.720530e+00	-2.446964e+01
5.750000e-06	-1.484720e-06	-2.247208e-10	-8.043317e+00	-2.640027e+01
5.760000e-06	-1.544247e-06	-2.428794e-10	-8.365799e+00	-2.831625e+01
5.770000e-06	-1.603598e-06	-2.618475e-10	-8.687326e+00	-3.021636e+01
5.780000e-06	-1.662715e-06	-2.803429e-10	-9.007590e+00	-3.209942e+01
5.790000e-06	-1.721761e-06	-2.980724e-10	-9.327460e+00	-3.396432e+01
5.800000e-06	-1.780694e-06	-3.164692e-10	-9.646728e+00	-3.581001e+01
5.810000e-06	-1.839447e-06	-3.352091e-10	-9.965013e+00	-3.763549e+01
5.820000e-06	-1.898183e-06	-3.527337e-10	-1.028321e+01	-3.943984e+01
5.830000e-06	-1.956841e-06	-3.700334e-10	-1.060099e+01	-4.122221e+01
5.840000e-06	-2.015373e-06	-3.875141e-10	-1.091808e+01	-4.298183e+01
5.850000e-06	-2.073629e-06	-4.042719e-10	-1.123367e+01	-4.471800e+01
5.860000e-06	-2.131642e-06	-4.196691e-10	-1.154795e+01	-4.643011e+01
5.870000e-06	-2.189660e-06	-4.346936e-10	-1.186226e+01	-4.811761e+01
5.880000e-06	-2.247436e-06	-4.498413e-10	-1.217525e+01	-4.978006e+01
5.890000e-06	-2.304871e-06	-4.642161e-10	-1.248640e+01	-5.141710e+01
5.900000e-06	-2.362204e-06	-4.787051e-10	-1.279699e+01	-5.302848e+01
5.910000e-06	-2.419291e-06	-4.938135e-10	-1.310626e+01	-5.461401e+01
5.920000e-06	-2.476165e-06	-5.086035e-10	-1.341437e+01	-5.617361e+01
5.930000e-06	-2.532932e-06	-5.230859e-10	-1.372190e+01	-5.770731e+01
5.940000e-06	-2.589523e-06	-5.378241e-10	-1.402847e+01	-5.921521e+01
5.950000e-06	-2.646029e-06	-5.529935e-10	-1.433459e+01	-6.069751e+01
5.960000e-06	-2.702486e-06	-5.673355e-10	-1.464044e+01	-6.215450e+01
5.970000e-06	-2.758820e-06	-5.804502e-10	-1.494562e+01	-6.358657e+01
5.980000e-06	-2.814969e-06	-5.931918e-10	-1.524980e+01	-6.499417e+01
5.990000e-06	-2.870980e-06	-6.060289e-10	-1.555324e+01	-6.637784e+01
6.000000e-06	-2.926808e-06	-6.188092e-10	-1.585568e+01	-6.773819e+01
6.010000e-06	-2.982463e-06	-6.313152e-10	-1.615719e+01	-6.907589e+01
6.020000e-06	-3.037877e-06	-6.428375e-10	-1.645739e+01	-7.039168e+01
6.030000e-06	-3.092977e-06	-6.541810e-10	-1.675589e+01	-7.168633e+01
6.040000e-06	-3.147864e-06	-6.664981e-10	-1.705323e+01	-7.296066e+01
6.050000e-06	-3.202453e-06	-6.784713e-10	-1.734896e+01	-7.421551e+01
6.060000e-06	-3.256690e-06	-6.899709e-10	-1.764278e+01	-7.545174e+01
6.070000e-06	-3.310574e-06	-7.009967e-10	-1.793470e+01	-7.667022e+01
6.080000e-06	-3.364059e-06	-7.113555e-10	-1.822445e+01	-7.787182e+01
6.090000e-06	-3.417237e-06	-7.223247e-10	-1.851253e+01	-7.905740e+01
6.100000e-06	-3.470107e-06	-7.346135e-10	-1.879895e+01	-8.022778e+01
6.110000e-06	-3.522614e-06	-7.463003e-10	-1.908340e+01	-8.138376e+01
6.120000e-06	-3.574859e-06	-7.559586e-10	-1.936643e+01	-8.252610e+01
6.130000e-06	-3.626880e-06	-7.649857e-10	-1.964825e+01	-8.365551e+01
6.140000e-06	-3.678583e-06	-7.749070e-10	-1.992835e+01	-8.477263e+01
6.150000e-06	-3.729977e-06	-7.857971e-10	-2.020676e+01	-8.587805e+01
6.160000e-06	-3.781068e-06	-7.967463e-10	-2.048355e+01	-8.697229e+01
6.170000e-06	-3.831970e-06	-8.069428e-10	-2.075930e+01	-8.805580e+01
6.180000e-06	-3.882640e-06	-8.163952e-10	-2.103380e+01	-8.912893e+01
6.190000e-06	-3.932920e-06	-8.253424e-10	-2.130619e+01	-9.019200e+01
6.200000e-06	-3.982880e-06	-8.341774e-10	-2.157684e+01	-9.124520e+01
6.210000e-06	-4.032279e-06	-8.431185e-10	-2.184445e+01	-9.228870e+01
6.220000e-06	-4.081317e-06	-8.515408e-10	-2.211011e+01	-9.332255e+01
6.230000e-06	-4.130365e-06	-8.599208e-10	-2.237583e+01	-9.434675e+01
6.240000e-06	-4.179009e-06	-8.689630e-10	-2.263935e+01	-9.536125e+01
6.250000e-06	-4.226961e-06	-8.784061e-10	-2.289913e+01	-9.636593e+01
6.260000e-06	-4.274464e-06	-8.876379e-10	-2.315647e+01	-9.736060e+01
6.270000e-06	-4.321632e-06	-8.968343e-10	-2.341200e+01	-9.834506e+01
6.280000e-06	-4.368653e-06	-9.059418e-10	-2.366673e+01	-9.931906e+01
6.290000e-06	-4.415582e-06	-9.154757e-10	-2.392096e+01	-1.002823e+02
6.300000e-06	-4.462156e-06	-9.253335e-10	-2.417327e+01	-1.012345e+02
6.310000e-06	-4.508320e-06	-9.340180e-10	-2.442336e+01	-1.021753e+02
6.320000e-06	-4.554093e-06	-9.421981e-10	-2.467133e+01	-1.031045e+02
6.330000e-06	-4.599640e-06	-9.508035e-10	-2.491807e+01	-1.040216e+02
6.340000e-06	-4.644944e-06	-9.592961e-10	-2.516351e+01	-1.049264e+02
6.350000e-06	-4.689815e-06	-9.673748e-10	-2.540659e+01	-1.058187e+02
6.360000e-06	-4.734340e-06	-9.745069e-10	-2.564780e+01	-1.066980e+02
6.370000e-06	-4.778681e-06	-9.814764e-10	-2.588801e+01	-1.075643e+02
6.380000e-06	-4.822857e-06	-9.893794e-10	-2.612733e+01	-1.084173e+02
6.390000e-06	-4.866709e-06	-9.971884e-10	-2.636490e+01	-1.092568e+02
6.400000e-06	-4.910314e-06	-1.003721e-09	-2.660112e+01	-1.100827e+02
6.410000e-06	-4.953663e-06	-1.009329e-09	-2.683596e+01	-1.108949e+02
6.420000e-06	-4.996681e-06	-1.016353e-09	-2.706901e+01	-1.116934e+02
6.430000e-06	-5.039452e-06	-1.024316e-09	-2.730071e+01	-1.124781e+02
6.440000e-06	-5.081858e-06	-1.031597e-09	-2.753044e+01	-1.132490e+02
6.450000e-06	-5.123782e-06	-1.038584e-09	-2.775756e+01	-1.140062e+02
6.460000e-06	-5.165209e-06	-1.045626e-09	-2.798199e+01	-1.147498e+02
6.470000e-06	-5.206296e-06	-1.053268e-09	-2.820457e+01	-1.154799e+02
6.480000e-06	-5.247167e-06	-1.060673e-09	-2.842599e+01	-1.161966e+02
6.490000e-06	-5.287702e-06	-1.066223e-09	-2.864558e+01	-1.169000e+02
6.500000e-06	-5.327857e-06	-1.070617e-09	-2.886312e+01	-1.175905e+02
6.510000e-06	-5.367831e-06	-1.075967e-09	-2.907967e+01	-1.182680e+02
6.520000e-06	-5.407602e-06	-1.083044e-09	-2.929512e+01	-1.189329e+02
6.530000e-06	-5.446962e-06	-1.090118e-09	-2.950835e+01	-1.195854e+02
6.540000e-06	-5.485884e-06	-1.094780e-09	-2.971921e+01	-1.202256e+02
6.550000e-06	-5.524146e-06	-1.097949e-09	-2.992649e+01	-1.208537e+02
6.560000e-06	-5.561550e-06	-1.102721e-09	-3.012912e+01	-1.214699e+02
6.570000e-06	-5.598384e-06	-1.109444e-09	-3.032867e+01	-1.220746e+02
6.580000e-06	-5.634877e-06	-1.115234e-09	-3.052636e+01	-1.226677e+02
6.590000e-06	-5.671123e-06	-1.118469e-09	-3.072273e+01	-1.232496e+02
6.600000e-06	-5.707160e-06	-1.122043e-09	-3.091795e+01	-1.238203e+02
6.610000e-06	-5.742904e-06	-1.126772e-09	-3.111159e+01	-1.243801e+02
6.620000e-06	-5.778199e-06	-1.130437e-09	-3.130280e+01	-1.249292e+02
6.630000e-06	-5.813028e-06	-1.133575e-09	-3.149148e+01	-1.254677e+02
6.640000e-06	-5.847439e-06	-1.136388e-09	-3.167790e+01	-1.259958e+02
6.650000e-06	-5.881487e-06	-1.139348e-09	-3.186235e+01	-1.265137e+02
6.660000e-06	-5.915056e-06	-1.144084e-09	-3.204421e+01	-1.270215e+02
6.670000e-06	-5.948085e-06	-1.149792e-09	-3.222314e+01	-1.275194e+02
6.680000e-06	-5.980770e-06	-1.153616e-09	-3.240020e+01	-1.280077e+02
6.690000e-06	-6.013162e-06	-1.154826e-09	-3.257568e+01	-1.284865e+02
6.700000e-06	-6.045240e-06	-1.157558e-09	-3.274947e+01	-1.289560e+02
6.710000e-06	-6.077032e-06	-1.162535e-09	-3.292170e+01	-1.294166e+02
6.720000e-06	-6.108426e-06	-1.166452e-09	-3.309177e+01	-1.298684e+02
6.730000e-06	-6.139123e-06	-1.169094e-09	-3.325807e+01	-1.303116e+02
6.740000e-06	-6.168987e-06	-1.171083e-09	-3.341985e+01	-1.307467e+02
6.750000e-06	-6.198138e-06	-1.173642e-09	-3.357778e+01	-1.311739e+02
6.760000e-06	-6.226889e-06	-1.177506e-09	-3.373353e+01	-1.315934e+02
6.770000e-06	-6.255287e-06	-1.180216e-09	-3.388737e+01	-1.320057e+02
6.780000e-06	-6.283322e-06	-1.180665e-09	-3.403925e+01	-1.324111e+02
6.790000e-06	-6.311069e-06	-1.181283e-09	-3.418957e+01	-1.328098e+02
6.800000e-06	-6.338356e-06	-1.183067e-09	-3.433739e+01	-1.332022e+02
6.810000e-06	-6.365074e-06	-1.185500e-09	-3.448213e+01	-1.335887e+02
6.820000e-06	-6.391351e-06	-1.188059e-09	-3.462449e+01	-1.339696e+02
6.830000e-06	-6.417244e-06	-1.190596e-09	-3.476476e+01	-1.343452e+02
6.840000e-06	-6.442662e-06	-1.193618e-09	-3.490246e+01	-1.347157e+02
6.850000e-06	-6.467584e-06	-1.196954e-09	-3.503747e+01	-1.350815e+02
6.860000e-06	-6.492209e-06	-1.199860e-09	-3.517087e+01	-1.354427e+02
6.870000e-06	-6.516615e-06	-1.201612e-09	-3.530309e+01	-1.357996e+02
6.880000e-06	-6.540749e-06	-1.203369e-09	-3.543383e+01	-1.361524e+02
6.890000e-06	-6.564561e-06	-1.207026e-09	-3.556283e+01	-1.365010e+02
6.900000e-06	-6.587660e-06	-1.210854e-09	-3.568797e+01	-1.368457e+02
6.910000e-06	-6.609793e-06	-1.212439e-09	-3.580787e+01	-1.371865e+02
6.920000e-06	-6.631226e-06	-1.211787e-09	-3.592398e+01	-1.375232e+02
6.930000e-06	-6.652095e-06	-1.210943e-09	-3.603704e+01	-1.378558e+02
6.940000e-06	-6.672496e-06	-1.212545e-09	-3.614756e+01	-1.381843e+02
6.950000e-06	-6.692648e-06	-1.216263e-09	-3.625673e+01	-1.385083e+02
6.960000e-06	-6.712416e-06	-1.220376e-09	-3.636382e+01	-1.388277e+02
6.970000e-06	-6.731712e-06	-1.223987e-09	-3.646835e+01	-1.391423e+02
6.980000e-06	-6.750615e-06	-1.225697e-09	-3.657076e+01	-1.394516e+02
6.990000e-06	-6.768883e-06	-1.226895e-09	-3.666972e+01	-1.397554e+02
7.000000e-06	-6.786662e-06	-1.229765e-09	-3.676604e+01	-1.400532e+02
7.010000e-06	-6.804083e-06	-1.231762e-09	-3.686042e+01	-1.403446e+02
7.020000e-06	-6.820978e-06	-1.232740e-09	-3.695195e+01	-1.406293e+02
7.030000e-06	-6.837582e-06	-1.234917e-09	-3.704189e+01	-1.409068e+02
7.040000e-06	-6.853884e-06	-1.237437e-09	-3.713021e+01	-1.411766e+02
7.050000e-06	-6.869712e-06	-1.239199e-09	-3.721596e+01	-1.414384e+02
7.060000e-06	-6.884974e-06	-1.240441e-09	-3.729864e+01	-1.416916e+02
7.070000e-06	-6.899504e-06	-1.241148e-09	-3.737735e+01	-1.419360e+02
7.080000e-06	-6.913262e-06	-1.242072e-09	-3.745188e+01	-1.421710e+02
7.090000e-06	-6.926462e-06	-1.244360e-09	-3.752339e+01	-1.423964e+02
7.100000e-06	-6.939157e-06	-1.248175e-09	-3.759217e+01	-1.426119e+02
7.110000e-06	-6.951302e-06	-1.250562e-09	-3.765796e+01	-1.428171e+02
7.120000e-06	-6.962853e-06	-1.250472e-09	-3.772054e+01	-1.430118e+02
7.130000e-06	-6.973849e-06	-1.250929e-09	-3.778011e+01	-1.431959e+02
7.140000e-06	-6.984367e-06	-1.252167e-09	-3.783709e+01	-1.433692e+02
7.150000e-06	-6.994364e-06	-1.253324e-09	-3.789124e+01	-1.435316e+02
7.160000e-06	-7.003929e-06	-1.254448e-09	-3.794306e+01	-1.436831e+02
7.170000e-06	-7.013074e-06	-1.255106e-09	-3.799260e+01	-1.438237e+02
7.180000e-06	-7.021761e-06	-1.255495e-09	-3.803967e+01	-1.439534e+02
7.190000e-06	-7.030054e-06	-1.256790e-09	-3.808460e+01	-1.440723e+02
7.200000e-06	-7.038016e-06	-1.257514e-09	-3.812772e+01	-1.441806e+02
7.210000e-06	-7.045649e-06	-1.256603e-09	-3.816908e+01	-1.442783e+02
7.220000e-06	-7.052692e-06	-1.254971e-09	-3.820723e+01	-1.443658e+02
7.230000e-06	-7.058750e-06	-1.253645e-09	-3.824005e+01	-1.444432e+02
7.240000e-06	-7.063988e-06	-1.253462e-09	-3.826843e+01	-1.445107e+02
7.250000e-06	-7.068714e-06	-1.254231e-09	-3.829403e+01	-1.445686e+02
7.260000e-06	-7.073059e-06	-1.254176e-09	-3.831757e+01	-1.446172e+02
7.270000e-06	-7.077127e-06	-1.252226e-09	-3.833961e+01	-1.446566e+02
7.280000e-06	-7.080793e-06	-1.251520e-09	-3.835947e+01	-1.446872e+02
7.290000e-06	-7.083903e-06	-1.252351e-09	-3.837631e+01	-1.447092e+02
7.300000e-06	-7.086451e-06	-1.251808e-09	-3.839012e+01	-1.447229e+02
7.310000e-06	-7.088476e-06	-1.250291e-09	-3.840109e+01	-1.447284e+02
7.320000e-06	-7.089995e-06	-1.249547e-09	-3.840932e+01	-1.447259e+02
7.330000e-06	-7.091043e-06	-1.250560e-09	-3.841500e+01	-1.447158e+02
7.340000e-06	-7.091701e-06	-1.251337e-09	-3.841856e+01	-1.446980e+02
