# Temperatura_=_20.0
# Concentracion g/m^3_=_7400.0
# C_Vs_to_Am_M_A/Vsm_=_116720831517.84952
# pendiente_HvsI_1/m_=_3716.3
# ordenada_HvsI_A/m_=_1297.0
# frecuencia_Hz_=_136116.4993488328

Tiempo_(s)	Campo_(V.s)	Magnetizacion_(V.s)	Campo_(kA/m)	Magnetizacion_(A/m)
0.000000e+00	-7.150583e-06	-1.649321e-09	-3.842299e+01	-1.912891e+02
1.000000e-08	-7.150752e-06	-1.649266e-09	-3.842390e+01	-1.913297e+02
2.000000e-08	-7.150639e-06	-1.649907e-09	-3.842329e+01	-1.913617e+02
3.000000e-08	-7.149928e-06	-1.649023e-09	-3.841947e+01	-1.913854e+02
4.000000e-08	-7.148560e-06	-1.646550e-09	-3.841211e+01	-1.914005e+02
5.000000e-08	-7.146329e-06	-1.644822e-09	-3.840013e+01	-1.914072e+02
6.000000e-08	-7.143292e-06	-1.645116e-09	-3.838381e+01	-1.914054e+02
7.000000e-08	-7.139884e-06	-1.648121e-09	-3.836549e+01	-1.913952e+02
8.000000e-08	-7.136193e-06	-1.654741e-09	-3.834566e+01	-1.913765e+02
9.000000e-08	-7.131932e-06	-1.648141e-09	-3.832277e+01	-1.913495e+02
1.000000e-07	-7.126801e-06	-1.607265e-09	-3.829520e+01	-1.913142e+02
1.100000e-07	-7.120970e-06	-1.587222e-09	-3.826386e+01	-1.912706e+02
1.200000e-07	-7.114851e-06	-1.659950e-09	-3.823098e+01	-1.912190e+02
1.300000e-07	-7.108697e-06	-1.721924e-09	-3.819791e+01	-1.911593e+02
1.400000e-07	-7.102034e-06	-1.638620e-09	-3.816211e+01	-1.910918e+02
1.500000e-07	-7.094666e-06	-1.554769e-09	-3.812252e+01	-1.910166e+02
1.600000e-07	-7.087027e-06	-1.650498e-09	-3.808147e+01	-1.909340e+02
1.700000e-07	-7.079175e-06	-1.736092e-09	-3.803928e+01	-1.908440e+02
1.800000e-07	-7.070721e-06	-1.604090e-09	-3.799386e+01	-1.907470e+02
1.900000e-07	-7.061254e-06	-1.503842e-09	-3.794299e+01	-1.906432e+02
2.000000e-07	-7.051053e-06	-1.659581e-09	-3.788817e+01	-1.905328e+02
2.100000e-07	-7.040499e-06	-1.766352e-09	-3.783146e+01	-1.904161e+02
2.200000e-07	-7.029386e-06	-1.605627e-09	-3.777175e+01	-1.902933e+02
2.300000e-07	-7.017514e-06	-1.512010e-09	-3.770795e+01	-1.901647e+02
2.400000e-07	-7.005167e-06	-1.653620e-09	-3.764161e+01	-1.900306e+02
2.500000e-07	-6.992480e-06	-1.697792e-09	-3.757343e+01	-1.898912e+02
2.600000e-07	-6.979147e-06	-1.567379e-09	-3.750179e+01	-1.897468e+02
2.700000e-07	-6.965123e-06	-1.571636e-09	-3.742644e+01	-1.895974e+02
2.800000e-07	-6.950359e-06	-1.677326e-09	-3.734710e+01	-1.894434e+02
2.900000e-07	-6.934546e-06	-1.626354e-09	-3.726213e+01	-1.892849e+02
3.000000e-07	-6.918029e-06	-1.553223e-09	-3.717338e+01	-1.891220e+02
3.100000e-07	-6.901254e-06	-1.626260e-09	-3.708324e+01	-1.889548e+02
3.200000e-07	-6.884171e-06	-1.635048e-09	-3.699145e+01	-1.887833e+02
3.300000e-07	-6.866714e-06	-1.540384e-09	-3.689764e+01	-1.886075e+02
3.400000e-07	-6.848882e-06	-1.591007e-09	-3.680182e+01	-1.884274e+02
3.500000e-07	-6.830686e-06	-1.682028e-09	-3.670405e+01	-1.882430e+02
3.600000e-07	-6.811848e-06	-1.581209e-09	-3.660283e+01	-1.880540e+02
3.700000e-07	-6.792392e-06	-1.505881e-09	-3.649828e+01	-1.878602e+02
3.800000e-07	-6.772705e-06	-1.615167e-09	-3.639249e+01	-1.876616e+02
3.900000e-07	-6.752763e-06	-1.636026e-09	-3.628534e+01	-1.874578e+02
4.000000e-07	-6.732315e-06	-1.528742e-09	-3.617546e+01	-1.872485e+02
4.100000e-07	-6.711304e-06	-1.554911e-09	-3.606256e+01	-1.870335e+02
4.200000e-07	-6.689736e-06	-1.630554e-09	-3.594667e+01	-1.868123e+02
4.300000e-07	-6.667766e-06	-1.570763e-09	-3.582861e+01	-1.865846e+02
4.400000e-07	-6.645240e-06	-1.536637e-09	-3.570757e+01	-1.863502e+02
4.500000e-07	-6.622254e-06	-1.590580e-09	-3.558406e+01	-1.861085e+02
4.600000e-07	-6.598968e-06	-1.566476e-09	-3.545893e+01	-1.858592e+02
4.700000e-07	-6.575299e-06	-1.525533e-09	-3.533175e+01	-1.856021e+02
4.800000e-07	-6.551364e-06	-1.578049e-09	-3.520314e+01	-1.853367e+02
4.900000e-07	-6.527029e-06	-1.584404e-09	-3.507238e+01	-1.850627e+02
5.000000e-07	-6.501985e-06	-1.520602e-09	-3.493781e+01	-1.847800e+02
5.100000e-07	-6.476154e-06	-1.534283e-09	-3.479900e+01	-1.844883e+02
5.200000e-07	-6.449578e-06	-1.570432e-09	-3.465620e+01	-1.841874e+02
5.300000e-07	-6.422379e-06	-1.534911e-09	-3.451005e+01	-1.838772e+02
5.400000e-07	-6.394855e-06	-1.520531e-09	-3.436215e+01	-1.835575e+02
5.500000e-07	-6.367072e-06	-1.546370e-09	-3.421286e+01	-1.832285e+02
5.600000e-07	-6.338799e-06	-1.533327e-09	-3.406094e+01	-1.828901e+02
5.700000e-07	-6.310058e-06	-1.517414e-09	-3.390650e+01	-1.825425e+02
5.800000e-07	-6.280970e-06	-1.531188e-09	-3.375020e+01	-1.821856e+02
5.900000e-07	-6.251438e-06	-1.522158e-09	-3.359151e+01	-1.818199e+02
6.000000e-07	-6.221465e-06	-1.505104e-09	-3.343046e+01	-1.814454e+02
6.100000e-07	-6.191057e-06	-1.516281e-09	-3.326706e+01	-1.810625e+02
6.200000e-07	-6.160151e-06	-1.517994e-09	-3.310099e+01	-1.806715e+02
6.300000e-07	-6.128852e-06	-1.502618e-09	-3.293281e+01	-1.802726e+02
6.400000e-07	-6.097277e-06	-1.499811e-09	-3.276314e+01	-1.798663e+02
6.500000e-07	-6.065366e-06	-1.497954e-09	-3.259168e+01	-1.794528e+02
6.600000e-07	-6.033166e-06	-1.490133e-09	-3.241865e+01	-1.790325e+02
6.700000e-07	-6.000567e-06	-1.490459e-09	-3.224348e+01	-1.786057e+02
6.800000e-07	-5.967300e-06	-1.488088e-09	-3.206473e+01	-1.781727e+02
6.900000e-07	-5.933369e-06	-1.478625e-09	-3.188240e+01	-1.777338e+02
7.000000e-07	-5.898795e-06	-1.474389e-09	-3.169662e+01	-1.772891e+02
7.100000e-07	-5.863613e-06	-1.470298e-09	-3.150758e+01	-1.768389e+02
7.200000e-07	-5.828063e-06	-1.463613e-09	-3.131655e+01	-1.763832e+02
7.300000e-07	-5.792379e-06	-1.461539e-09	-3.112480e+01	-1.759221e+02
7.400000e-07	-5.756438e-06	-1.457803e-09	-3.093168e+01	-1.754555e+02
7.500000e-07	-5.720020e-06	-1.450821e-09	-3.073599e+01	-1.749834e+02
7.600000e-07	-5.683119e-06	-1.449052e-09	-3.053771e+01	-1.745056e+02
7.700000e-07	-5.645796e-06	-1.447584e-09	-3.033715e+01	-1.740219e+02
7.800000e-07	-5.608005e-06	-1.439242e-09	-3.013409e+01	-1.735319e+02
7.900000e-07	-5.569801e-06	-1.430875e-09	-2.992880e+01	-1.730353e+02
8.000000e-07	-5.531187e-06	-1.426253e-09	-2.972131e+01	-1.725316e+02
8.100000e-07	-5.492017e-06	-1.421853e-09	-2.951084e+01	-1.720204e+02
8.200000e-07	-5.452524e-06	-1.417393e-09	-2.929862e+01	-1.715012e+02
8.300000e-07	-5.412964e-06	-1.412001e-09	-2.908605e+01	-1.709734e+02
8.400000e-07	-5.373276e-06	-1.405527e-09	-2.887279e+01	-1.704364e+02
8.500000e-07	-5.333327e-06	-1.400827e-09	-2.865813e+01	-1.698896e+02
8.600000e-07	-5.292791e-06	-1.397802e-09	-2.844032e+01	-1.693325e+02
8.700000e-07	-5.251587e-06	-1.393728e-09	-2.821891e+01	-1.687645e+02
8.800000e-07	-5.210058e-06	-1.387196e-09	-2.799576e+01	-1.681851e+02
8.900000e-07	-5.168109e-06	-1.378814e-09	-2.777035e+01	-1.675937e+02
9.000000e-07	-5.125437e-06	-1.370869e-09	-2.754105e+01	-1.669898e+02
9.100000e-07	-5.082243e-06	-1.364614e-09	-2.730896e+01	-1.663732e+02
9.200000e-07	-5.038733e-06	-1.358264e-09	-2.707516e+01	-1.657434e+02
9.300000e-07	-4.994959e-06	-1.351085e-09	-2.683994e+01	-1.651003e+02
9.400000e-07	-4.950917e-06	-1.345931e-09	-2.660329e+01	-1.644435e+02
9.500000e-07	-4.906579e-06	-1.341719e-09	-2.636504e+01	-1.637731e+02
9.600000e-07	-4.861914e-06	-1.336569e-09	-2.612504e+01	-1.630890e+02
9.700000e-07	-4.816950e-06	-1.330241e-09	-2.588343e+01	-1.623913e+02
9.800000e-07	-4.771662e-06	-1.322382e-09	-2.564008e+01	-1.616802e+02
9.900000e-07	-4.726038e-06	-1.314970e-09	-2.539492e+01	-1.609558e+02
1.000000e-06	-4.680171e-06	-1.309135e-09	-2.514846e+01	-1.602185e+02
1.010000e-06	-4.633861e-06	-1.303247e-09	-2.489962e+01	-1.594687e+02
1.020000e-06	-4.587114e-06	-1.296922e-09	-2.464843e+01	-1.587067e+02
1.030000e-06	-4.540128e-06	-1.290529e-09	-2.439595e+01	-1.579330e+02
1.040000e-06	-4.492872e-06	-1.284441e-09	-2.414202e+01	-1.571481e+02
1.050000e-06	-4.445273e-06	-1.279375e-09	-2.388626e+01	-1.563525e+02
1.060000e-06	-4.397508e-06	-1.273444e-09	-2.362960e+01	-1.555466e+02
1.070000e-06	-4.349497e-06	-1.266310e-09	-2.337161e+01	-1.547311e+02
1.080000e-06	-4.301118e-06	-1.259374e-09	-2.311165e+01	-1.539062e+02
1.090000e-06	-4.252385e-06	-1.252431e-09	-2.284979e+01	-1.530725e+02
1.100000e-06	-4.203180e-06	-1.244744e-09	-2.258539e+01	-1.522302e+02
1.110000e-06	-4.153510e-06	-1.236906e-09	-2.231850e+01	-1.513796e+02
1.120000e-06	-4.103317e-06	-1.229471e-09	-2.204879e+01	-1.505210e+02
1.130000e-06	-4.052639e-06	-1.222587e-09	-2.177648e+01	-1.496545e+02
1.140000e-06	-4.001671e-06	-1.216959e-09	-2.150260e+01	-1.487800e+02
1.150000e-06	-3.950373e-06	-1.211519e-09	-2.122696e+01	-1.478974e+02
1.160000e-06	-3.898760e-06	-1.204420e-09	-2.094962e+01	-1.470067e+02
1.170000e-06	-3.846889e-06	-1.196013e-09	-2.067090e+01	-1.461074e+02
1.180000e-06	-3.794724e-06	-1.188455e-09	-2.039059e+01	-1.451993e+02
1.190000e-06	-3.742321e-06	-1.181969e-09	-2.010901e+01	-1.442818e+02
1.200000e-06	-3.689724e-06	-1.174667e-09	-1.982639e+01	-1.433543e+02
1.210000e-06	-3.636799e-06	-1.166004e-09	-1.954200e+01	-1.424162e+02
1.220000e-06	-3.583487e-06	-1.157685e-09	-1.925553e+01	-1.414668e+02
1.230000e-06	-3.529920e-06	-1.149659e-09	-1.896769e+01	-1.405053e+02
1.240000e-06	-3.476196e-06	-1.140580e-09	-1.867901e+01	-1.395310e+02
1.250000e-06	-3.422274e-06	-1.132067e-09	-1.838927e+01	-1.385429e+02
1.260000e-06	-3.368154e-06	-1.124428e-09	-1.809846e+01	-1.375403e+02
1.270000e-06	-3.313650e-06	-1.115819e-09	-1.780559e+01	-1.365223e+02
1.280000e-06	-3.258772e-06	-1.107405e-09	-1.751070e+01	-1.354882e+02
1.290000e-06	-3.203777e-06	-1.099753e-09	-1.721519e+01	-1.344372e+02
1.300000e-06	-3.148516e-06	-1.090699e-09	-1.691826e+01	-1.333687e+02
1.310000e-06	-3.093039e-06	-1.079935e-09	-1.662015e+01	-1.322820e+02
1.320000e-06	-3.037563e-06	-1.070247e-09	-1.632206e+01	-1.311766e+02
1.330000e-06	-2.982011e-06	-1.061948e-09	-1.602356e+01	-1.300521e+02
1.340000e-06	-2.926290e-06	-1.052613e-09	-1.572414e+01	-1.289082e+02
1.350000e-06	-2.870421e-06	-1.042834e-09	-1.542394e+01	-1.277448e+02
1.360000e-06	-2.814382e-06	-1.033272e-09	-1.512282e+01	-1.265616e+02
1.370000e-06	-2.758165e-06	-1.023064e-09	-1.482074e+01	-1.253588e+02
1.380000e-06	-2.701729e-06	-1.013151e-09	-1.451749e+01	-1.241364e+02
1.390000e-06	-2.645022e-06	-1.004111e-09	-1.421278e+01	-1.228947e+02
1.400000e-06	-2.588062e-06	-9.947725e-10	-1.390671e+01	-1.216340e+02
1.410000e-06	-2.530863e-06	-9.842346e-10	-1.359936e+01	-1.203547e+02
1.420000e-06	-2.473419e-06	-9.735303e-10	-1.329068e+01	-1.190572e+02
1.430000e-06	-2.415702e-06	-9.634042e-10	-1.298055e+01	-1.177420e+02
1.440000e-06	-2.357590e-06	-9.523275e-10	-1.266829e+01	-1.164096e+02
1.450000e-06	-2.299142e-06	-9.401809e-10	-1.235422e+01	-1.150605e+02
1.460000e-06	-2.240459e-06	-9.282060e-10	-1.203890e+01	-1.136951e+02
1.470000e-06	-2.181498e-06	-9.165870e-10	-1.172207e+01	-1.123139e+02
1.480000e-06	-2.122457e-06	-9.046885e-10	-1.140482e+01	-1.109171e+02
1.490000e-06	-2.063330e-06	-8.924579e-10	-1.108711e+01	-1.095050e+02
1.500000e-06	-2.003986e-06	-8.809054e-10	-1.076823e+01	-1.080777e+02
1.510000e-06	-1.944509e-06	-8.689912e-10	-1.044864e+01	-1.066350e+02
1.520000e-06	-1.884923e-06	-8.565897e-10	-1.012845e+01	-1.051769e+02
1.530000e-06	-1.825267e-06	-8.457389e-10	-9.807903e+00	-1.037028e+02
1.540000e-06	-1.765607e-06	-8.347547e-10	-9.487322e+00	-1.022122e+02
1.550000e-06	-1.705901e-06	-8.218918e-10	-9.166499e+00	-1.007041e+02
1.560000e-06	-1.645988e-06	-8.085733e-10	-8.844563e+00	-9.917772e+01
1.570000e-06	-1.585891e-06	-7.959222e-10	-8.521638e+00	-9.763163e+01
1.580000e-06	-1.525756e-06	-7.839767e-10	-8.198508e+00	-9.606439e+01
1.590000e-06	-1.465523e-06	-7.717022e-10	-7.874848e+00	-9.447432e+01
1.600000e-06	-1.405119e-06	-7.585972e-10	-7.550275e+00	-9.285955e+01
1.610000e-06	-1.344723e-06	-7.451821e-10	-7.225745e+00	-9.121801e+01
1.620000e-06	-1.284366e-06	-7.320130e-10	-6.901421e+00	-8.954748e+01
1.630000e-06	-1.223919e-06	-7.188229e-10	-6.576611e+00	-8.784560e+01
1.640000e-06	-1.163305e-06	-7.048466e-10	-6.250909e+00	-8.610990e+01
1.650000e-06	-1.102500e-06	-6.898844e-10	-5.924178e+00	-8.433785e+01
1.660000e-06	-1.041686e-06	-6.747217e-10	-5.597400e+00	-8.252685e+01
1.670000e-06	-9.809713e-07	-6.600654e-10	-5.271157e+00	-8.067433e+01
1.680000e-06	-9.201706e-07	-6.449899e-10	-4.944450e+00	-7.877772e+01
1.690000e-06	-8.593029e-07	-6.283577e-10	-4.617383e+00	-7.683455e+01
1.700000e-06	-7.984871e-07	-6.120638e-10	-4.290596e+00	-7.484245e+01
1.710000e-06	-7.375920e-07	-5.973066e-10	-3.963381e+00	-7.279922e+01
1.720000e-06	-6.766384e-07	-5.821997e-10	-3.635853e+00	-7.070285e+01
1.730000e-06	-6.155925e-07	-5.662398e-10	-3.307828e+00	-6.855156e+01
1.740000e-06	-5.544103e-07	-5.491901e-10	-2.979071e+00	-6.634384e+01
1.750000e-06	-4.931870e-07	-5.309437e-10	-2.650094e+00	-6.407849e+01
1.760000e-06	-4.319234e-07	-5.122582e-10	-2.320900e+00	-6.175463e+01
1.770000e-06	-3.706387e-07	-4.932912e-10	-1.991592e+00	-5.937174e+01
1.780000e-06	-3.094002e-07	-4.742513e-10	-1.662533e+00	-5.692968e+01
1.790000e-06	-2.481580e-07	-4.545778e-10	-1.333453e+00	-5.442871e+01
1.800000e-06	-1.868522e-07	-4.334741e-10	-1.004033e+00	-5.186948e+01
1.810000e-06	-1.255147e-07	-4.115236e-10	-6.744416e-01	-4.925307e+01
1.820000e-06	-6.411613e-08	-3.899130e-10	-3.445220e-01	-4.658094e+01
1.830000e-06	-2.786012e-09	-3.674317e-10	-1.497037e-02	-4.385497e+01
1.840000e-06	5.840633e-08	-3.429802e-10	3.138409e-01	-4.107745e+01
1.850000e-06	1.195822e-07	-3.188352e-10	6.425638e-01	-3.825102e+01
1.860000e-06	1.808949e-07	-2.957174e-10	9.720219e-01	-3.537870e+01
1.870000e-06	2.423140e-07	-2.719189e-10	1.302052e+00	-3.246381e+01
1.880000e-06	3.037242e-07	-2.459250e-10	1.632033e+00	-2.950999e+01
1.890000e-06	3.651282e-07	-2.182634e-10	1.961982e+00	-2.652115e+01
1.900000e-06	4.264709e-07	-1.910718e-10	2.291601e+00	-2.350141e+01
1.910000e-06	4.877733e-07	-1.638159e-10	2.621004e+00	-2.045509e+01
1.920000e-06	5.489902e-07	-1.368360e-10	2.949947e+00	-1.738666e+01
1.930000e-06	6.101312e-07	-1.116325e-10	3.278483e+00	-1.430069e+01
1.940000e-06	6.712089e-07	-8.611807e-11	3.606678e+00	-1.120180e+01
1.950000e-06	7.322186e-07	-5.911699e-11	3.934508e+00	-8.094646e+00
1.960000e-06	7.931501e-07	-3.116604e-11	4.261917e+00	-4.983841e+00
1.970000e-06	8.539568e-07	-3.276429e-12	4.588657e+00	-1.873936e+00
1.980000e-06	9.146961e-07	2.327238e-11	4.915034e+00	1.230628e+00
1.990000e-06	9.754505e-07	4.896206e-11	5.241492e+00	4.325556e+00
2.000000e-06	1.036157e-06	7.479678e-11	5.567693e+00	7.406733e+00
2.010000e-06	1.096768e-06	1.008089e-10	5.893381e+00	1.047025e+01
2.020000e-06	1.157405e-06	1.269471e-10	6.219206e+00	1.351246e+01
2.030000e-06	1.218062e-06	1.531138e-10	6.545142e+00	1.652994e+01
2.040000e-06	1.278588e-06	1.783271e-10	6.870372e+00	1.951959e+01
2.050000e-06	1.338974e-06	2.024670e-10	7.194849e+00	2.247857e+01
2.060000e-06	1.399315e-06	2.259324e-10	7.519089e+00	2.540437e+01
2.070000e-06	1.459524e-06	2.492910e-10	7.842613e+00	2.829480e+01
2.080000e-06	1.519628e-06	2.729756e-10	8.165577e+00	3.114796e+01
2.090000e-06	1.579646e-06	2.965784e-10	8.488080e+00	3.396228e+01
2.100000e-06	1.639505e-06	3.192113e-10	8.809724e+00	3.673650e+01
2.110000e-06	1.699331e-06	3.412199e-10	9.131195e+00	3.946964e+01
2.120000e-06	1.759126e-06	3.625285e-10	9.452497e+00	4.216102e+01
2.130000e-06	1.818809e-06	3.828819e-10	9.773199e+00	4.481022e+01
2.140000e-06	1.878405e-06	4.038524e-10	1.009343e+01	4.741708e+01
2.150000e-06	1.937891e-06	4.254596e-10	1.041308e+01	4.998166e+01
2.160000e-06	1.997165e-06	4.469477e-10	1.073158e+01	5.250422e+01
2.170000e-06	2.056348e-06	4.677873e-10	1.104959e+01	5.498523e+01
2.180000e-06	2.115501e-06	4.876449e-10	1.136745e+01	5.742530e+01
2.190000e-06	2.174468e-06	5.063396e-10	1.168430e+01	5.982518e+01
2.200000e-06	2.233246e-06	5.239173e-10	1.200014e+01	6.218574e+01
2.210000e-06	2.291785e-06	5.420003e-10	1.231469e+01	6.450793e+01
2.220000e-06	2.350138e-06	5.611331e-10	1.262825e+01	6.679277e+01
2.230000e-06	2.408307e-06	5.794268e-10	1.294081e+01	6.904133e+01
2.240000e-06	2.466110e-06	5.973687e-10	1.325141e+01	7.125470e+01
2.250000e-06	2.523693e-06	6.158180e-10	1.356082e+01	7.343398e+01
2.260000e-06	2.581016e-06	6.331630e-10	1.386884e+01	7.558025e+01
2.270000e-06	2.637908e-06	6.484483e-10	1.417455e+01	7.769458e+01
2.280000e-06	2.694512e-06	6.629808e-10	1.447870e+01	7.977800e+01
2.290000e-06	2.750986e-06	6.774867e-10	1.478217e+01	8.183148e+01
2.300000e-06	2.807304e-06	6.920466e-10	1.508479e+01	8.385594e+01
2.310000e-06	2.863353e-06	7.082445e-10	1.538596e+01	8.585226e+01
2.320000e-06	2.919198e-06	7.252349e-10	1.568603e+01	8.782121e+01
2.330000e-06	2.974916e-06	7.418408e-10	1.598543e+01	8.976353e+01
2.340000e-06	3.030436e-06	7.574215e-10	1.628376e+01	9.167986e+01
2.350000e-06	3.085833e-06	7.718738e-10	1.658144e+01	9.357078e+01
2.360000e-06	3.141063e-06	7.851888e-10	1.687821e+01	9.543679e+01
2.370000e-06	3.196035e-06	7.972520e-10	1.717359e+01	9.727835e+01
2.380000e-06	3.250776e-06	8.096487e-10	1.746774e+01	9.909582e+01
2.390000e-06	3.305220e-06	8.239719e-10	1.776029e+01	1.008895e+02
2.400000e-06	3.359440e-06	8.397772e-10	1.805164e+01	1.026597e+02
2.410000e-06	3.413451e-06	8.547393e-10	1.834186e+01	1.044066e+02
2.420000e-06	3.467196e-06	8.686733e-10	1.863065e+01	1.061304e+02
2.430000e-06	3.520693e-06	8.819791e-10	1.891812e+01	1.078311e+02
2.440000e-06	3.574001e-06	8.951293e-10	1.920456e+01	1.095089e+02
2.450000e-06	3.627105e-06	9.090700e-10	1.948991e+01	1.111639e+02
2.460000e-06	3.679963e-06	9.224131e-10	1.977393e+01	1.127960e+02
2.470000e-06	3.732564e-06	9.342660e-10	2.005658e+01	1.144053e+02
2.480000e-06	3.784895e-06	9.455512e-10	2.033778e+01	1.159917e+02
2.490000e-06	3.836892e-06	9.570154e-10	2.061718e+01	1.175553e+02
2.500000e-06	3.888604e-06	9.690052e-10	2.089505e+01	1.190959e+02
2.510000e-06	3.940003e-06	9.813954e-10	2.117123e+01	1.206137e+02
2.520000e-06	3.991050e-06	9.936268e-10	2.144553e+01	1.221084e+02
2.530000e-06	4.041669e-06	1.005216e-09	2.171753e+01	1.235802e+02
2.540000e-06	4.091763e-06	1.016943e-09	2.198670e+01	1.250288e+02
2.550000e-06	4.141465e-06	1.028403e-09	2.225377e+01	1.264544e+02
2.560000e-06	4.190731e-06	1.038429e-09	2.251850e+01	1.278567e+02
2.570000e-06	4.239544e-06	1.047660e-09	2.278079e+01	1.292359e+02
2.580000e-06	4.288054e-06	1.057774e-09	2.304146e+01	1.305918e+02
2.590000e-06	4.336197e-06	1.068731e-09	2.330015e+01	1.319244e+02
2.600000e-06	4.383976e-06	1.079815e-09	2.355688e+01	1.332338e+02
2.610000e-06	4.431566e-06	1.090727e-09	2.381260e+01	1.345199e+02
2.620000e-06	4.478929e-06	1.100821e-09	2.406711e+01	1.357828e+02
2.630000e-06	4.525990e-06	1.109718e-09	2.431998e+01	1.370225e+02
2.640000e-06	4.572712e-06	1.119070e-09	2.457104e+01	1.382389e+02
2.650000e-06	4.619147e-06	1.129359e-09	2.482055e+01	1.394323e+02
2.660000e-06	4.665282e-06	1.138855e-09	2.506845e+01	1.406027e+02
2.670000e-06	4.710991e-06	1.147130e-09	2.531407e+01	1.417503e+02
2.680000e-06	4.756339e-06	1.154448e-09	2.555774e+01	1.428751e+02
2.690000e-06	4.801434e-06	1.162277e-09	2.580006e+01	1.439774e+02
2.700000e-06	4.846236e-06	1.169985e-09	2.604079e+01	1.450574e+02
2.710000e-06	4.890699e-06	1.177994e-09	2.627971e+01	1.461153e+02
2.720000e-06	4.934868e-06	1.188283e-09	2.651705e+01	1.471515e+02
2.730000e-06	4.978810e-06	1.198751e-09	2.675317e+01	1.481662e+02
2.740000e-06	5.022587e-06	1.207773e-09	2.698840e+01	1.491599e+02
2.750000e-06	5.066075e-06	1.215010e-09	2.722208e+01	1.501328e+02
2.760000e-06	5.109186e-06	1.220740e-09	2.745373e+01	1.510856e+02
2.770000e-06	5.151829e-06	1.226255e-09	2.768287e+01	1.520185e+02
2.780000e-06	5.193939e-06	1.233755e-09	2.790914e+01	1.529322e+02
2.790000e-06	5.235511e-06	1.242979e-09	2.813252e+01	1.538271e+02
2.800000e-06	5.276360e-06	1.251261e-09	2.835203e+01	1.547038e+02
2.810000e-06	5.316727e-06	1.258500e-09	2.856893e+01	1.555629e+02
2.820000e-06	5.356866e-06	1.265586e-09	2.878461e+01	1.564050e+02
2.830000e-06	5.396634e-06	1.272687e-09	2.899831e+01	1.572308e+02
2.840000e-06	5.436028e-06	1.279537e-09	2.920998e+01	1.580407e+02
2.850000e-06	5.475190e-06	1.286139e-09	2.942042e+01	1.588356e+02
2.860000e-06	5.514124e-06	1.292587e-09	2.962963e+01	1.596159e+02
2.870000e-06	5.552663e-06	1.298887e-09	2.983671e+01	1.603824e+02
2.880000e-06	5.590791e-06	1.305789e-09	3.004159e+01	1.611356e+02
2.890000e-06	5.628487e-06	1.312162e-09	3.024415e+01	1.618761e+02
2.900000e-06	5.665774e-06	1.317093e-09	3.044450e+01	1.626045e+02
2.910000e-06	5.702759e-06	1.323072e-09	3.064324e+01	1.633213e+02
2.920000e-06	5.739325e-06	1.331308e-09	3.083972e+01	1.640270e+02
2.930000e-06	5.775436e-06	1.339799e-09	3.103377e+01	1.647222e+02
2.940000e-06	5.811261e-06	1.346217e-09	3.122626e+01	1.654072e+02
2.950000e-06	5.846886e-06	1.349690e-09	3.141769e+01	1.660824e+02
2.960000e-06	5.882231e-06	1.352684e-09	3.160761e+01	1.667482e+02
2.970000e-06	5.917190e-06	1.358565e-09	3.179546e+01	1.674048e+02
2.980000e-06	5.951552e-06	1.365678e-09	3.198011e+01	1.680525e+02
2.990000e-06	5.985242e-06	1.371250e-09	3.216114e+01	1.686916e+02
3.000000e-06	6.018298e-06	1.376304e-09	3.233876e+01	1.693220e+02
3.010000e-06	6.050725e-06	1.382247e-09	3.251300e+01	1.699441e+02
3.020000e-06	6.082747e-06	1.388169e-09	3.268507e+01	1.705577e+02
3.030000e-06	6.114487e-06	1.394278e-09	3.285562e+01	1.711631e+02
3.040000e-06	6.145873e-06	1.400521e-09	3.302427e+01	1.717601e+02
3.050000e-06	6.176771e-06	1.406316e-09	3.319030e+01	1.723486e+02
3.060000e-06	6.207178e-06	1.413595e-09	3.335369e+01	1.729288e+02
3.070000e-06	6.237250e-06	1.420848e-09	3.351528e+01	1.735004e+02
3.080000e-06	6.266910e-06	1.424704e-09	3.367465e+01	1.740633e+02
3.090000e-06	6.296068e-06	1.428210e-09	3.383133e+01	1.746175e+02
3.100000e-06	6.324821e-06	1.434405e-09	3.398583e+01	1.751627e+02
3.110000e-06	6.353198e-06	1.441292e-09	3.413831e+01	1.756990e+02
3.120000e-06	6.381256e-06	1.446966e-09	3.428908e+01	1.762261e+02
3.130000e-06	6.408999e-06	1.452335e-09	3.443816e+01	1.767439e+02
3.140000e-06	6.436460e-06	1.457058e-09	3.458571e+01	1.772523e+02
3.150000e-06	6.463449e-06	1.460551e-09	3.473074e+01	1.777512e+02
3.160000e-06	6.489746e-06	1.465256e-09	3.487204e+01	1.782405e+02
3.170000e-06	6.515352e-06	1.470676e-09	3.500963e+01	1.787202e+02
3.180000e-06	6.540154e-06	1.475231e-09	3.514290e+01	1.791902e+02
3.190000e-06	6.564237e-06	1.480051e-09	3.527231e+01	1.796504e+02
3.200000e-06	6.587911e-06	1.485166e-09	3.539952e+01	1.801009e+02
3.210000e-06	6.611379e-06	1.489904e-09	3.552563e+01	1.805416e+02
3.220000e-06	6.634516e-06	1.493455e-09	3.564995e+01	1.809726e+02
3.230000e-06	6.657056e-06	1.496756e-09	3.577106e+01	1.813939e+02
3.240000e-06	6.679025e-06	1.501406e-09	3.588911e+01	1.818057e+02
3.250000e-06	6.700574e-06	1.506155e-09	3.600490e+01	1.822078e+02
3.260000e-06	6.721703e-06	1.510618e-09	3.611844e+01	1.826006e+02
3.270000e-06	6.742329e-06	1.515455e-09	3.622927e+01	1.829840e+02
3.280000e-06	6.762506e-06	1.520005e-09	3.633769e+01	1.833581e+02
3.290000e-06	6.782339e-06	1.524105e-09	3.644426e+01	1.837231e+02
3.300000e-06	6.801887e-06	1.528666e-09	3.654930e+01	1.840791e+02
3.310000e-06	6.821172e-06	1.532129e-09	3.665293e+01	1.844262e+02
3.320000e-06	6.839872e-06	1.534502e-09	3.675341e+01	1.847644e+02
3.330000e-06	6.857863e-06	1.537451e-09	3.685008e+01	1.850941e+02
3.340000e-06	6.875346e-06	1.540647e-09	3.694403e+01	1.854151e+02
3.350000e-06	6.892370e-06	1.544489e-09	3.703550e+01	1.857276e+02
3.360000e-06	6.909053e-06	1.548396e-09	3.712515e+01	1.860318e+02
3.370000e-06	6.925233e-06	1.551228e-09	3.721209e+01	1.863277e+02
3.380000e-06	6.940863e-06	1.553924e-09	3.729607e+01	1.866153e+02
3.390000e-06	6.955963e-06	1.557224e-09	3.737721e+01	1.868947e+02
3.400000e-06	6.970459e-06	1.560568e-09	3.745510e+01	1.871660e+02
3.410000e-06	6.984388e-06	1.564333e-09	3.752995e+01	1.874292e+02
3.420000e-06	6.997759e-06	1.567563e-09	3.760180e+01	1.876844e+02
3.430000e-06	7.010588e-06	1.569529e-09	3.767074e+01	1.879315e+02
3.440000e-06	7.022899e-06	1.571932e-09	3.773689e+01	1.881706e+02
3.450000e-06	7.034775e-06	1.575993e-09	3.780070e+01	1.884017e+02
3.460000e-06	7.046145e-06	1.580859e-09	3.786180e+01	1.886248e+02
3.470000e-06	7.056989e-06	1.584519e-09	3.792007e+01	1.888399e+02
3.480000e-06	7.067064e-06	1.586920e-09	3.797420e+01	1.890470e+02
3.490000e-06	7.076125e-06	1.589337e-09	3.802289e+01	1.892460e+02
3.500000e-06	7.084413e-06	1.592398e-09	3.806743e+01	1.894370e+02
3.510000e-06	7.092336e-06	1.596016e-09	3.811000e+01	1.896200e+02
3.520000e-06	7.100047e-06	1.599350e-09	3.815143e+01	1.897949e+02
3.530000e-06	7.107452e-06	1.602224e-09	3.819123e+01	1.899617e+02
3.540000e-06	7.114447e-06	1.605546e-09	3.822881e+01	1.901204e+02
3.550000e-06	7.120862e-06	1.608670e-09	3.826328e+01	1.902710e+02
3.560000e-06	7.126714e-06	1.610936e-09	3.829473e+01	1.904135e+02
3.570000e-06	7.131994e-06	1.613041e-09	3.832310e+01	1.905479e+02
3.580000e-06	7.136683e-06	1.615388e-09	3.834829e+01	1.906741e+02
3.590000e-06	7.140861e-06	1.617889e-09	3.837075e+01	1.907922e+02
3.600000e-06	7.144716e-06	1.620632e-09	3.839146e+01	1.909020e+02
3.610000e-06	7.148331e-06	1.623772e-09	3.841089e+01	1.910036e+02
3.620000e-06	7.151593e-06	1.626338e-09	3.842841e+01	1.910970e+02
3.630000e-06	7.154293e-06	1.627836e-09	3.844292e+01	1.911821e+02
3.640000e-06	7.156096e-06	1.628913e-09	3.845261e+01	1.912590e+02
3.650000e-06	7.157107e-06	1.630298e-09	3.845804e+01	1.913275e+02
3.660000e-06	7.157471e-06	1.632514e-09	3.846000e+01	1.913876e+02
3.670000e-06	7.157351e-06	1.635263e-09	3.845935e+01	1.914394e+02
3.680000e-06	7.156920e-06	1.636608e-09	3.845704e+01	1.914828e+02
3.690000e-06	7.156060e-06	1.636803e-09	3.845241e+01	1.915177e+02
3.700000e-06	7.154711e-06	1.637795e-09	3.844517e+01	1.915442e+02
3.710000e-06	7.152915e-06	1.639167e-09	3.843552e+01	1.915622e+02
3.720000e-06	7.150762e-06	1.640205e-09	3.842395e+01	1.915718e+02
3.730000e-06	7.148121e-06	1.640470e-09	3.840976e+01	1.915729e+02
3.740000e-06	7.144869e-06	1.634359e-09	3.839228e+01	1.915655e+02
3.750000e-06	7.141111e-06	1.623000e-09	3.837209e+01	1.915497e+02
3.760000e-06	7.136936e-06	1.645004e-09	3.834965e+01	1.915255e+02
3.770000e-06	7.132085e-06	1.708158e-09	3.832359e+01	1.914929e+02
3.780000e-06	7.126355e-06	1.693157e-09	3.829280e+01	1.914522e+02
3.790000e-06	7.120165e-06	1.572740e-09	3.825954e+01	1.914032e+02
3.800000e-06	7.113957e-06	1.564141e-09	3.822618e+01	1.913463e+02
3.810000e-06	7.107342e-06	1.707838e-09	3.819063e+01	1.912814e+02
3.820000e-06	7.099823e-06	1.725165e-09	3.815023e+01	1.912088e+02
3.830000e-06	7.091663e-06	1.563730e-09	3.810638e+01	1.911287e+02
3.840000e-06	7.083271e-06	1.554562e-09	3.806129e+01	1.910412e+02
3.850000e-06	7.074573e-06	1.755398e-09	3.801455e+01	1.909465e+02
3.860000e-06	7.065169e-06	1.760093e-09	3.796402e+01	1.908450e+02
3.870000e-06	7.055091e-06	1.514782e-09	3.790987e+01	1.907368e+02
3.880000e-06	7.044760e-06	1.501921e-09	3.785436e+01	1.906222e+02
3.890000e-06	7.034087e-06	1.760910e-09	3.779700e+01	1.905015e+02
3.900000e-06	7.022675e-06	1.764254e-09	3.773568e+01	1.903749e+02
3.910000e-06	7.010672e-06	1.523638e-09	3.767119e+01	1.902426e+02
3.920000e-06	6.998342e-06	1.565883e-09	3.760493e+01	1.901050e+02
3.930000e-06	6.985239e-06	1.780087e-09	3.753452e+01	1.899622e+02
3.940000e-06	6.970958e-06	1.674797e-09	3.745779e+01	1.898145e+02
3.950000e-06	6.956002e-06	1.490124e-09	3.737742e+01	1.896621e+02
3.960000e-06	6.940648e-06	1.642933e-09	3.729492e+01	1.895051e+02
3.970000e-06	6.924754e-06	1.777101e-09	3.720951e+01	1.893437e+02
3.980000e-06	6.908466e-06	1.599818e-09	3.712199e+01	1.891780e+02
3.990000e-06	6.891913e-06	1.548471e-09	3.703305e+01	1.890079e+02
4.000000e-06	6.874835e-06	1.729841e-09	3.694128e+01	1.888336e+02
4.010000e-06	6.857122e-06	1.678818e-09	3.684610e+01	1.886550e+02
4.020000e-06	6.838975e-06	1.508903e-09	3.674859e+01	1.884721e+02
4.030000e-06	6.820504e-06	1.637026e-09	3.664934e+01	1.882847e+02
4.040000e-06	6.801534e-06	1.761359e-09	3.654740e+01	1.880926e+02
4.050000e-06	6.781977e-06	1.594882e-09	3.644232e+01	1.878957e+02
4.060000e-06	6.762041e-06	1.549769e-09	3.633519e+01	1.876936e+02
4.070000e-06	6.741802e-06	1.713576e-09	3.622644e+01	1.874863e+02
4.080000e-06	6.721315e-06	1.666932e-09	3.611636e+01	1.872732e+02
4.090000e-06	6.700521e-06	1.536878e-09	3.600462e+01	1.870542e+02
4.100000e-06	6.679112e-06	1.640811e-09	3.588958e+01	1.868288e+02
4.110000e-06	6.656674e-06	1.701586e-09	3.576901e+01	1.865966e+02
4.120000e-06	6.633201e-06	1.583300e-09	3.564288e+01	1.863574e+02
4.130000e-06	6.609222e-06	1.596039e-09	3.551403e+01	1.861108e+02
4.140000e-06	6.584985e-06	1.678582e-09	3.538380e+01	1.858563e+02
4.150000e-06	6.560492e-06	1.603469e-09	3.525219e+01	1.855938e+02
4.160000e-06	6.535651e-06	1.570539e-09	3.511871e+01	1.853228e+02
4.170000e-06	6.510306e-06	1.657065e-09	3.498252e+01	1.850431e+02
4.180000e-06	6.484484e-06	1.637729e-09	3.484377e+01	1.847544e+02
4.190000e-06	6.458220e-06	1.579060e-09	3.470264e+01	1.844566e+02
4.200000e-06	6.431407e-06	1.623742e-09	3.455856e+01	1.841495e+02
4.210000e-06	6.404058e-06	1.630472e-09	3.441160e+01	1.838331e+02
4.220000e-06	6.376303e-06	1.581536e-09	3.426247e+01	1.835072e+02
4.230000e-06	6.348208e-06	1.602409e-09	3.411150e+01	1.831720e+02
4.240000e-06	6.319878e-06	1.622148e-09	3.395927e+01	1.828275e+02
4.250000e-06	6.291299e-06	1.591114e-09	3.380570e+01	1.824737e+02
4.260000e-06	6.262172e-06	1.595088e-09	3.364919e+01	1.821110e+02
4.270000e-06	6.232412e-06	1.608877e-09	3.348928e+01	1.817394e+02
4.280000e-06	6.201981e-06	1.588222e-09	3.332576e+01	1.813594e+02
4.290000e-06	6.170797e-06	1.585594e-09	3.315820e+01	1.809710e+02
4.300000e-06	6.139066e-06	1.593732e-09	3.298770e+01	1.805748e+02
4.310000e-06	6.106953e-06	1.584481e-09	3.281514e+01	1.801709e+02
4.320000e-06	6.074473e-06	1.585525e-09	3.264061e+01	1.797598e+02
4.330000e-06	6.041579e-06	1.586334e-09	3.246386e+01	1.793418e+02
4.340000e-06	6.008286e-06	1.572962e-09	3.228496e+01	1.789172e+02
4.350000e-06	5.974596e-06	1.573300e-09	3.210393e+01	1.784863e+02
4.360000e-06	5.940503e-06	1.576305e-09	3.192074e+01	1.780493e+02
4.370000e-06	5.906077e-06	1.566800e-09	3.173575e+01	1.776066e+02
4.380000e-06	5.871327e-06	1.567594e-09	3.154902e+01	1.771583e+02
4.390000e-06	5.836005e-06	1.567942e-09	3.135922e+01	1.767044e+02
4.400000e-06	5.800180e-06	1.554785e-09	3.116672e+01	1.762452e+02
4.410000e-06	5.764164e-06	1.553241e-09	3.097319e+01	1.757805e+02
4.420000e-06	5.727959e-06	1.556990e-09	3.077865e+01	1.753103e+02
4.430000e-06	5.691488e-06	1.545938e-09	3.058268e+01	1.748345e+02
4.440000e-06	5.654551e-06	1.538786e-09	3.038420e+01	1.743528e+02
4.450000e-06	5.616948e-06	1.542776e-09	3.018214e+01	1.738650e+02
4.460000e-06	5.578715e-06	1.540393e-09	2.997670e+01	1.733706e+02
4.470000e-06	5.539829e-06	1.532782e-09	2.976775e+01	1.728694e+02
4.480000e-06	5.500266e-06	1.528291e-09	2.955516e+01	1.723608e+02
4.490000e-06	5.460256e-06	1.524005e-09	2.934017e+01	1.718444e+02
4.500000e-06	5.420083e-06	1.520075e-09	2.912431e+01	1.713195e+02
4.510000e-06	5.379739e-06	1.518078e-09	2.890752e+01	1.707857e+02
4.520000e-06	5.339179e-06	1.515178e-09	2.868958e+01	1.702423e+02
4.530000e-06	5.298200e-06	1.509704e-09	2.846938e+01	1.696888e+02
4.540000e-06	5.256685e-06	1.504011e-09	2.824630e+01	1.691245e+02
4.550000e-06	5.214827e-06	1.501519e-09	2.802138e+01	1.685490e+02
4.560000e-06	5.172657e-06	1.500362e-09	2.779479e+01	1.679616e+02
4.570000e-06	5.130197e-06	1.495373e-09	2.756663e+01	1.673620e+02
4.580000e-06	5.087388e-06	1.488174e-09	2.733660e+01	1.667498e+02
4.590000e-06	5.044177e-06	1.483142e-09	2.710441e+01	1.661245e+02
4.600000e-06	5.000547e-06	1.479089e-09	2.686997e+01	1.654858e+02
4.610000e-06	4.956580e-06	1.473938e-09	2.663372e+01	1.648337e+02
4.620000e-06	4.912467e-06	1.469170e-09	2.639668e+01	1.641679e+02
4.630000e-06	4.868275e-06	1.466181e-09	2.615922e+01	1.634884e+02
4.640000e-06	4.823819e-06	1.462191e-09	2.592034e+01	1.627952e+02
4.650000e-06	4.779121e-06	1.455185e-09	2.568015e+01	1.620886e+02
4.660000e-06	4.734055e-06	1.447493e-09	2.543800e+01	1.613686e+02
4.670000e-06	4.688341e-06	1.439359e-09	2.519236e+01	1.606356e+02
4.680000e-06	4.642237e-06	1.430381e-09	2.494462e+01	1.598900e+02
4.690000e-06	4.595835e-06	1.423704e-09	2.469529e+01	1.591320e+02
4.700000e-06	4.549086e-06	1.419868e-09	2.444409e+01	1.583622e+02
4.710000e-06	4.502028e-06	1.415499e-09	2.419123e+01	1.575810e+02
4.720000e-06	4.454753e-06	1.408977e-09	2.393720e+01	1.567890e+02
4.730000e-06	4.407272e-06	1.400481e-09	2.368206e+01	1.559866e+02
4.740000e-06	4.359563e-06	1.391168e-09	2.342570e+01	1.551742e+02
4.750000e-06	4.311513e-06	1.383643e-09	2.316751e+01	1.543525e+02
4.760000e-06	4.262986e-06	1.377008e-09	2.290675e+01	1.535217e+02
4.770000e-06	4.214065e-06	1.369317e-09	2.264388e+01	1.526823e+02
4.780000e-06	4.164654e-06	1.363548e-09	2.237837e+01	1.518345e+02
4.790000e-06	4.114782e-06	1.359426e-09	2.211040e+01	1.509786e+02
4.800000e-06	4.064715e-06	1.352994e-09	2.184136e+01	1.501147e+02
4.810000e-06	4.014434e-06	1.344348e-09	2.157118e+01	1.492429e+02
4.820000e-06	3.963829e-06	1.335353e-09	2.129926e+01	1.483631e+02
4.830000e-06	3.912869e-06	1.327287e-09	2.102543e+01	1.474752e+02
4.840000e-06	3.861480e-06	1.320224e-09	2.074930e+01	1.465789e+02
4.850000e-06	3.809732e-06	1.313385e-09	2.047124e+01	1.456738e+02
4.860000e-06	3.757784e-06	1.305342e-09	2.019210e+01	1.447595e+02
4.870000e-06	3.705728e-06	1.297169e-09	1.991238e+01	1.438354e+02
4.880000e-06	3.653429e-06	1.289710e-09	1.963136e+01	1.429010e+02
4.890000e-06	3.600782e-06	1.282483e-09	1.934846e+01	1.419555e+02
4.900000e-06	3.547913e-06	1.275293e-09	1.906438e+01	1.409982e+02
4.910000e-06	3.494597e-06	1.267338e-09	1.877789e+01	1.400282e+02
4.920000e-06	3.440837e-06	1.258929e-09	1.848902e+01	1.390449e+02
4.930000e-06	3.386797e-06	1.250605e-09	1.819863e+01	1.380472e+02
4.940000e-06	3.332212e-06	1.241829e-09	1.790533e+01	1.370345e+02
4.950000e-06	3.277223e-06	1.231671e-09	1.760985e+01	1.360059e+02
4.960000e-06	3.222103e-06	1.220634e-09	1.731367e+01	1.349607e+02
4.970000e-06	3.166748e-06	1.210557e-09	1.701622e+01	1.338981e+02
4.980000e-06	3.111042e-06	1.201902e-09	1.671689e+01	1.328175e+02
4.990000e-06	3.055136e-06	1.192966e-09	1.641648e+01	1.317185e+02
5.000000e-06	2.999060e-06	1.183179e-09	1.611517e+01	1.306005e+02
5.010000e-06	2.942829e-06	1.171637e-09	1.581302e+01	1.294631e+02
5.020000e-06	2.886478e-06	1.159469e-09	1.551022e+01	1.283062e+02
5.030000e-06	2.829908e-06	1.148871e-09	1.520624e+01	1.271297e+02
5.040000e-06	2.773219e-06	1.139023e-09	1.490163e+01	1.259335e+02
5.050000e-06	2.716524e-06	1.129151e-09	1.459699e+01	1.247176e+02
5.060000e-06	2.659648e-06	1.119309e-09	1.429137e+01	1.234824e+02
5.070000e-06	2.602449e-06	1.108679e-09	1.398401e+01	1.222280e+02
5.080000e-06	2.544976e-06	1.097358e-09	1.367519e+01	1.209549e+02
5.090000e-06	2.487346e-06	1.085844e-09	1.336552e+01	1.196635e+02
5.100000e-06	2.429646e-06	1.073182e-09	1.305547e+01	1.183542e+02
5.110000e-06	2.371820e-06	1.059753e-09	1.274475e+01	1.170275e+02
5.120000e-06	2.313827e-06	1.047126e-09	1.243313e+01	1.156839e+02
5.130000e-06	2.255626e-06	1.035607e-09	1.212039e+01	1.143240e+02
5.140000e-06	2.197112e-06	1.024492e-09	1.180598e+01	1.129480e+02
5.150000e-06	2.138357e-06	1.012677e-09	1.149026e+01	1.115564e+02
5.160000e-06	2.079478e-06	9.997081e-10	1.117388e+01	1.101495e+02
5.170000e-06	2.020357e-06	9.854794e-10	1.085620e+01	1.087272e+02
5.180000e-06	1.961114e-06	9.711811e-10	1.053786e+01	1.072898e+02
5.190000e-06	1.901840e-06	9.583441e-10	1.021936e+01	1.058369e+02
5.200000e-06	1.842410e-06	9.456890e-10	9.900018e+00	1.043682e+02
5.210000e-06	1.782825e-06	9.319848e-10	9.579844e+00	1.028832e+02
5.220000e-06	1.723180e-06	9.177801e-10	9.259346e+00	1.013811e+02
5.230000e-06	1.663470e-06	9.039730e-10	8.938499e+00	9.986102e+01
5.240000e-06	1.603599e-06	8.899072e-10	8.616788e+00	9.832168e+01
5.250000e-06	1.543563e-06	8.746101e-10	8.294191e+00	9.676171e+01
5.260000e-06	1.483453e-06	8.589091e-10	7.971194e+00	9.517949e+01
5.270000e-06	1.423382e-06	8.439138e-10	7.648407e+00	9.357322e+01
5.280000e-06	1.363285e-06	8.294954e-10	7.325482e+00	9.194089e+01
5.290000e-06	1.303070e-06	8.144730e-10	7.001924e+00	9.028032e+01
5.300000e-06	1.242822e-06	7.978570e-10	6.678185e+00	8.858920e+01
5.310000e-06	1.182548e-06	7.805358e-10	6.354308e+00	8.686510e+01
5.320000e-06	1.122199e-06	7.636927e-10	6.030030e+00	8.510549e+01
5.330000e-06	1.061824e-06	7.477276e-10	5.705611e+00	8.330781e+01
5.340000e-06	1.001440e-06	7.326130e-10	5.381144e+00	8.146945e+01
5.350000e-06	9.410419e-07	7.168500e-10	5.056600e+00	7.958786e+01
5.360000e-06	8.806073e-07	6.986372e-10	4.731860e+00	7.766052e+01
5.370000e-06	8.201264e-07	6.796000e-10	4.406872e+00	7.568503e+01
5.380000e-06	7.594834e-07	6.611355e-10	4.081013e+00	7.365912e+01
5.390000e-06	6.987407e-07	6.419708e-10	3.754617e+00	7.158072e+01
5.400000e-06	6.379675e-07	6.214042e-10	3.428058e+00	6.944796e+01
5.410000e-06	5.771432e-07	6.005006e-10	3.101225e+00	6.725925e+01
5.420000e-06	5.163819e-07	5.806295e-10	2.774730e+00	6.501326e+01
5.430000e-06	4.556892e-07	5.613208e-10	2.448603e+00	6.270902e+01
5.440000e-06	3.948992e-07	5.414144e-10	2.121954e+00	6.034589e+01
5.450000e-06	3.339712e-07	5.194762e-10	1.794563e+00	5.792359e+01
5.460000e-06	2.730747e-07	4.963012e-10	1.467341e+00	5.544225e+01
5.470000e-06	2.121219e-07	4.731770e-10	1.139817e+00	5.290238e+01
5.480000e-06	1.510174e-07	4.502516e-10	8.114776e-01	5.030493e+01
5.490000e-06	8.999135e-08	4.270999e-10	4.835601e-01	4.765122e+01
5.500000e-06	2.912136e-08	4.032792e-10	1.564809e-01	4.494301e+01
5.510000e-06	-3.186713e-08	3.787201e-10	-1.712350e-01	4.218244e+01
5.520000e-06	-9.298324e-08	3.537842e-10	-4.996367e-01	3.937204e+01
5.530000e-06	-1.539927e-07	3.293151e-10	-8.274654e-01	3.651470e+01
5.540000e-06	-2.149485e-07	3.043287e-10	-1.155005e+00	3.361365e+01
5.550000e-06	-2.759978e-07	2.792604e-10	-1.483048e+00	3.067243e+01
5.560000e-06	-3.370232e-07	2.547029e-10	-1.810963e+00	2.769486e+01
5.570000e-06	-3.978978e-07	2.296802e-10	-2.138066e+00	2.468499e+01
5.580000e-06	-4.587237e-07	2.037271e-10	-2.464909e+00	2.164709e+01
5.590000e-06	-5.195158e-07	1.758282e-10	-2.791569e+00	1.858557e+01
5.600000e-06	-5.803545e-07	1.474500e-10	-3.118481e+00	1.550497e+01
5.610000e-06	-6.412053e-07	1.205894e-10	-3.445457e+00	1.240992e+01
5.620000e-06	-7.020172e-07	9.476465e-11	-3.772224e+00	9.305049e+00
5.630000e-06	-7.628188e-07	6.864525e-11	-4.098935e+00	6.194994e+00
5.640000e-06	-8.234736e-07	4.084114e-11	-4.424858e+00	3.084332e+00
5.650000e-06	-8.840219e-07	1.275520e-11	-4.750208e+00	-2.245452e-02
5.660000e-06	-9.445241e-07	-1.427777e-11	-5.075311e+00	-3.121018e+00
5.670000e-06	-1.004950e-06	-4.050793e-11	-5.400003e+00	-6.207180e+00
5.680000e-06	-1.065353e-06	-6.582676e-11	-5.724576e+00	-9.276963e+00
5.690000e-06	-1.125721e-06	-9.134602e-11	-6.048954e+00	-1.232662e+01
5.700000e-06	-1.186014e-06	-1.178916e-10	-6.372934e+00	-1.535266e+01
5.710000e-06	-1.246236e-06	-1.444081e-10	-6.696532e+00	-1.835187e+01
5.720000e-06	-1.306405e-06	-1.695031e-10	-7.019847e+00	-2.132133e+01
5.730000e-06	-1.366543e-06	-1.939941e-10	-7.342990e+00	-2.425841e+01
5.740000e-06	-1.426641e-06	-2.194423e-10	-7.665924e+00	-2.716081e+01
5.750000e-06	-1.486713e-06	-2.456540e-10	-7.988711e+00	-3.002654e+01
5.760000e-06	-1.546760e-06	-2.717651e-10	-8.311368e+00	-3.285392e+01
5.770000e-06	-1.606631e-06	-2.959528e-10	-8.633080e+00	-3.564158e+01
5.780000e-06	-1.666295e-06	-3.194273e-10	-8.953679e+00	-3.838846e+01
5.790000e-06	-1.725966e-06	-3.439562e-10	-9.274318e+00	-4.109378e+01
5.800000e-06	-1.785576e-06	-3.685947e-10	-9.594627e+00	-4.375703e+01
5.810000e-06	-1.845067e-06	-3.932264e-10	-9.914297e+00	-4.637796e+01
5.820000e-06	-1.904399e-06	-4.176611e-10	-1.023311e+01	-4.895657e+01
5.830000e-06	-1.963483e-06	-4.425322e-10	-1.055059e+01	-5.149305e+01
5.840000e-06	-2.022357e-06	-4.676490e-10	-1.086695e+01	-5.398781e+01
5.850000e-06	-2.081077e-06	-4.907055e-10	-1.118247e+01	-5.644141e+01
5.860000e-06	-2.139545e-06	-5.107598e-10	-1.149664e+01	-5.885455e+01
5.870000e-06	-2.197744e-06	-5.300245e-10	-1.180937e+01	-6.122807e+01
5.880000e-06	-2.255914e-06	-5.508834e-10	-1.212194e+01	-6.356290e+01
5.890000e-06	-2.314036e-06	-5.730318e-10	-1.243425e+01	-6.586003e+01
5.900000e-06	-2.372056e-06	-5.955195e-10	-1.274602e+01	-6.812052e+01
5.910000e-06	-2.429896e-06	-6.174176e-10	-1.305682e+01	-7.034545e+01
5.920000e-06	-2.487420e-06	-6.376278e-10	-1.336592e+01	-7.253593e+01
5.930000e-06	-2.544760e-06	-6.574049e-10	-1.367403e+01	-7.469304e+01
5.940000e-06	-2.601937e-06	-6.782172e-10	-1.398126e+01	-7.681786e+01
5.950000e-06	-2.658852e-06	-6.997015e-10	-1.428709e+01	-7.891142e+01
5.960000e-06	-2.715503e-06	-7.197689e-10	-1.459150e+01	-8.097473e+01
5.970000e-06	-2.772052e-06	-7.382684e-10	-1.489536e+01	-8.300873e+01
5.980000e-06	-2.828579e-06	-7.572194e-10	-1.519910e+01	-8.501429e+01
5.990000e-06	-2.884953e-06	-7.759869e-10	-1.550202e+01	-8.699224e+01
6.000000e-06	-2.941203e-06	-7.935916e-10	-1.580428e+01	-8.894332e+01
6.010000e-06	-2.997326e-06	-8.104778e-10	-1.610585e+01	-9.086820e+01
6.020000e-06	-3.053316e-06	-8.273010e-10	-1.640670e+01	-9.276748e+01
6.030000e-06	-3.109051e-06	-8.449572e-10	-1.670619e+01	-9.464171e+01
6.040000e-06	-3.164440e-06	-8.636884e-10	-1.700382e+01	-9.649133e+01
6.050000e-06	-3.219502e-06	-8.813256e-10	-1.729969e+01	-9.831675e+01
6.060000e-06	-3.274215e-06	-8.969025e-10	-1.759369e+01	-1.001183e+02
6.070000e-06	-3.328660e-06	-9.119479e-10	-1.788624e+01	-1.018963e+02
6.080000e-06	-3.382833e-06	-9.283044e-10	-1.817734e+01	-1.036509e+02
6.090000e-06	-3.436602e-06	-9.462747e-10	-1.846626e+01	-1.053823e+02
6.100000e-06	-3.489928e-06	-9.638897e-10	-1.875280e+01	-1.070906e+02
6.110000e-06	-3.543010e-06	-9.793990e-10	-1.903803e+01	-1.087760e+02
6.120000e-06	-3.595834e-06	-9.939254e-10	-1.932188e+01	-1.104386e+02
6.130000e-06	-3.648279e-06	-1.008951e-09	-1.960368e+01	-1.120782e+02
6.140000e-06	-3.700439e-06	-1.023438e-09	-1.988396e+01	-1.136951e+02
6.150000e-06	-3.752453e-06	-1.037465e-09	-2.016345e+01	-1.152891e+02
6.160000e-06	-3.804163e-06	-1.051781e-09	-2.044131e+01	-1.168602e+02
6.170000e-06	-3.855464e-06	-1.066982e-09	-2.071697e+01	-1.184085e+02
6.180000e-06	-3.906455e-06	-1.082263e-09	-2.099097e+01	-1.199339e+02
6.190000e-06	-3.957184e-06	-1.095736e-09	-2.126356e+01	-1.214362e+02
6.200000e-06	-4.007589e-06	-1.108774e-09	-2.153440e+01	-1.229156e+02
6.210000e-06	-4.057586e-06	-1.122263e-09	-2.180306e+01	-1.243719e+02
6.220000e-06	-4.107324e-06	-1.136063e-09	-2.207032e+01	-1.258051e+02
6.230000e-06	-4.156758e-06	-1.150013e-09	-2.233595e+01	-1.272152e+02
6.240000e-06	-4.205678e-06	-1.162623e-09	-2.259882e+01	-1.286020e+02
6.250000e-06	-4.254053e-06	-1.174389e-09	-2.285875e+01	-1.299656e+02
6.260000e-06	-4.302196e-06	-1.186479e-09	-2.311745e+01	-1.313060e+02
6.270000e-06	-4.350018e-06	-1.197871e-09	-2.337441e+01	-1.326231e+02
6.280000e-06	-4.397343e-06	-1.209228e-09	-2.362871e+01	-1.339169e+02
6.290000e-06	-4.444399e-06	-1.221634e-09	-2.388156e+01	-1.351875e+02
6.300000e-06	-4.491136e-06	-1.234033e-09	-2.413270e+01	-1.364348e+02
6.310000e-06	-4.537613e-06	-1.245620e-09	-2.438244e+01	-1.376590e+02
6.320000e-06	-4.583870e-06	-1.255912e-09	-2.463099e+01	-1.388600e+02
6.330000e-06	-4.629888e-06	-1.265869e-09	-2.487827e+01	-1.400380e+02
6.340000e-06	-4.675633e-06	-1.276181e-09	-2.512408e+01	-1.411931e+02
6.350000e-06	-4.720965e-06	-1.286297e-09	-2.536766e+01	-1.423255e+02
6.360000e-06	-4.765954e-06	-1.296613e-09	-2.560941e+01	-1.434352e+02
6.370000e-06	-4.810738e-06	-1.306843e-09	-2.585005e+01	-1.445226e+02
6.380000e-06	-4.855197e-06	-1.316123e-09	-2.608894e+01	-1.455878e+02
6.390000e-06	-4.899418e-06	-1.324736e-09	-2.632656e+01	-1.466311e+02
6.400000e-06	-4.943514e-06	-1.332549e-09	-2.656351e+01	-1.476529e+02
6.410000e-06	-4.987313e-06	-1.340648e-09	-2.679886e+01	-1.486535e+02
6.420000e-06	-5.030614e-06	-1.350770e-09	-2.703153e+01	-1.496333e+02
6.430000e-06	-5.073404e-06	-1.361410e-09	-2.726146e+01	-1.505927e+02
6.440000e-06	-5.115832e-06	-1.370859e-09	-2.748944e+01	-1.515321e+02
6.450000e-06	-5.157902e-06	-1.378438e-09	-2.771550e+01	-1.524521e+02
6.460000e-06	-5.199724e-06	-1.385389e-09	-2.794023e+01	-1.533531e+02
6.470000e-06	-5.241258e-06	-1.393623e-09	-2.816341e+01	-1.542358e+02
6.480000e-06	-5.282342e-06	-1.401784e-09	-2.838417e+01	-1.551007e+02
6.490000e-06	-5.323079e-06	-1.409417e-09	-2.860306e+01	-1.559484e+02
6.500000e-06	-5.363598e-06	-1.417728e-09	-2.882079e+01	-1.567795e+02
6.510000e-06	-5.403936e-06	-1.425638e-09	-2.903754e+01	-1.575946e+02
6.520000e-06	-5.444043e-06	-1.432009e-09	-2.925306e+01	-1.583943e+02
6.530000e-06	-5.483770e-06	-1.437199e-09	-2.946652e+01	-1.591794e+02
6.540000e-06	-5.523011e-06	-1.442316e-09	-2.967738e+01	-1.599504e+02
6.550000e-06	-5.561687e-06	-1.448931e-09	-2.988520e+01	-1.607079e+02
6.560000e-06	-5.599795e-06	-1.456848e-09	-3.008997e+01	-1.614525e+02
6.570000e-06	-5.637317e-06	-1.464346e-09	-3.029159e+01	-1.621848e+02
6.580000e-06	-5.674200e-06	-1.470974e-09	-3.048978e+01	-1.629054e+02
6.590000e-06	-5.710596e-06	-1.477059e-09	-3.068535e+01	-1.636148e+02
6.600000e-06	-5.746752e-06	-1.482330e-09	-3.087963e+01	-1.643134e+02
6.610000e-06	-5.782726e-06	-1.487493e-09	-3.107294e+01	-1.650016e+02
6.620000e-06	-5.818348e-06	-1.492776e-09	-3.126435e+01	-1.656800e+02
6.630000e-06	-5.853447e-06	-1.498120e-09	-3.145295e+01	-1.663489e+02
6.640000e-06	-5.888048e-06	-1.504213e-09	-3.163887e+01	-1.670085e+02
6.650000e-06	-5.922302e-06	-1.509831e-09	-3.182293e+01	-1.676591e+02
6.660000e-06	-5.956228e-06	-1.514323e-09	-3.200523e+01	-1.683010e+02
6.670000e-06	-5.989656e-06	-1.518796e-09	-3.218485e+01	-1.689342e+02
6.680000e-06	-6.022623e-06	-1.523671e-09	-3.236200e+01	-1.695590e+02
6.690000e-06	-6.055194e-06	-1.528513e-09	-3.253702e+01	-1.701755e+02
6.700000e-06	-6.087520e-06	-1.533718e-09	-3.271072e+01	-1.707835e+02
6.710000e-06	-6.119607e-06	-1.539620e-09	-3.288313e+01	-1.713832e+02
6.720000e-06	-6.151337e-06	-1.545085e-09	-3.305363e+01	-1.719746e+02
6.730000e-06	-6.182580e-06	-1.549868e-09	-3.322151e+01	-1.725575e+02
6.740000e-06	-6.213040e-06	-1.554168e-09	-3.338519e+01	-1.731319e+02
6.750000e-06	-6.242715e-06	-1.558243e-09	-3.354464e+01	-1.736977e+02
6.760000e-06	-6.271773e-06	-1.562161e-09	-3.370078e+01	-1.742547e+02
6.770000e-06	-6.300409e-06	-1.565379e-09	-3.385465e+01	-1.748030e+02
6.780000e-06	-6.328766e-06	-1.568752e-09	-3.400703e+01	-1.753422e+02
6.790000e-06	-6.356860e-06	-1.572382e-09	-3.415799e+01	-1.758723e+02
6.800000e-06	-6.384556e-06	-1.574085e-09	-3.430681e+01	-1.763932e+02
6.810000e-06	-6.411728e-06	-1.574830e-09	-3.445282e+01	-1.769047e+02
6.820000e-06	-6.438413e-06	-1.576951e-09	-3.459621e+01	-1.774067e+02
6.830000e-06	-6.464577e-06	-1.581221e-09	-3.473679e+01	-1.778992e+02
6.840000e-06	-6.490344e-06	-1.586523e-09	-3.487525e+01	-1.783821e+02
6.850000e-06	-6.515690e-06	-1.589272e-09	-3.501145e+01	-1.788552e+02
6.860000e-06	-6.540466e-06	-1.590215e-09	-3.514458e+01	-1.793187e+02
6.870000e-06	-6.564880e-06	-1.592312e-09	-3.527577e+01	-1.797724e+02
6.880000e-06	-6.589074e-06	-1.595997e-09	-3.540577e+01	-1.802163e+02
6.890000e-06	-6.613032e-06	-1.601086e-09	-3.553451e+01	-1.806505e+02
6.900000e-06	-6.636601e-06	-1.605110e-09	-3.566115e+01	-1.810750e+02
6.910000e-06	-6.659553e-06	-1.606993e-09	-3.578448e+01	-1.814899e+02
6.920000e-06	-6.681589e-06	-1.609065e-09	-3.590289e+01	-1.818952e+02
6.930000e-06	-6.702793e-06	-1.611067e-09	-3.601683e+01	-1.822910e+02
6.940000e-06	-6.723521e-06	-1.612831e-09	-3.612821e+01	-1.826774e+02
6.950000e-06	-6.743910e-06	-1.614637e-09	-3.623776e+01	-1.830546e+02
6.960000e-06	-6.763985e-06	-1.616632e-09	-3.634564e+01	-1.834226e+02
6.970000e-06	-6.783682e-06	-1.620369e-09	-3.645148e+01	-1.837815e+02
6.980000e-06	-6.802917e-06	-1.623340e-09	-3.655484e+01	-1.841315e+02
6.990000e-06	-6.821722e-06	-1.624273e-09	-3.665588e+01	-1.844727e+02
7.000000e-06	-6.840027e-06	-1.625808e-09	-3.675424e+01	-1.848051e+02
7.010000e-06	-6.857728e-06	-1.627429e-09	-3.684936e+01	-1.851290e+02
7.020000e-06	-6.874917e-06	-1.628999e-09	-3.694172e+01	-1.854443e+02
7.030000e-06	-6.891688e-06	-1.630933e-09	-3.703184e+01	-1.857512e+02
7.040000e-06	-6.908107e-06	-1.633153e-09	-3.712007e+01	-1.860498e+02
7.050000e-06	-6.924269e-06	-1.635239e-09	-3.720691e+01	-1.863401e+02
7.060000e-06	-6.939966e-06	-1.636849e-09	-3.729125e+01	-1.866222e+02
7.070000e-06	-6.954865e-06	-1.639214e-09	-3.737131e+01	-1.868962e+02
7.080000e-06	-6.968854e-06	-1.641319e-09	-3.744648e+01	-1.871621e+02
7.090000e-06	-6.982010e-06	-1.643070e-09	-3.751717e+01	-1.874199e+02
7.100000e-06	-6.994605e-06	-1.645230e-09	-3.758485e+01	-1.876696e+02
7.110000e-06	-7.006821e-06	-1.646829e-09	-3.765049e+01	-1.879113e+02
7.120000e-06	-7.018577e-06	-1.647996e-09	-3.771366e+01	-1.881451e+02
7.130000e-06	-7.029761e-06	-1.648586e-09	-3.777376e+01	-1.883708e+02
7.140000e-06	-7.040381e-06	-1.648722e-09	-3.783083e+01	-1.885885e+02
7.150000e-06	-7.050534e-06	-1.648486e-09	-3.788538e+01	-1.887982e+02
7.160000e-06	-7.060207e-06	-1.649789e-09	-3.793736e+01	-1.889999e+02
7.170000e-06	-7.069456e-06	-1.651571e-09	-3.798706e+01	-1.891935e+02
7.180000e-06	-7.078310e-06	-1.651539e-09	-3.803464e+01	-1.893791e+02
7.190000e-06	-7.086752e-06	-1.651830e-09	-3.808000e+01	-1.895566e+02
7.200000e-06	-7.094863e-06	-1.652259e-09	-3.812358e+01	-1.897261e+02
7.210000e-06	-7.102555e-06	-1.652826e-09	-3.816491e+01	-1.898875e+02
7.220000e-06	-7.109590e-06	-1.652242e-09	-3.820271e+01	-1.900408e+02
7.230000e-06	-7.115834e-06	-1.650171e-09	-3.823627e+01	-1.901860e+02
7.240000e-06	-7.121254e-06	-1.649031e-09	-3.826539e+01	-1.903230e+02
7.250000e-06	-7.126000e-06	-1.649232e-09	-3.829089e+01	-1.904519e+02
7.260000e-06	-7.130468e-06	-1.650213e-09	-3.831490e+01	-1.905726e+02
7.270000e-06	-7.134701e-06	-1.650673e-09	-3.833765e+01	-1.906851e+02
7.280000e-06	-7.138434e-06	-1.650910e-09	-3.835770e+01	-1.907895e+02
7.290000e-06	-7.141536e-06	-1.650999e-09	-3.837437e+01	-1.908856e+02
7.300000e-06	-7.144108e-06	-1.650522e-09	-3.838819e+01	-1.909734e+02
7.310000e-06	-7.146414e-06	-1.649854e-09	-3.840058e+01	-1.910529e+02
7.320000e-06	-7.148348e-06	-1.648754e-09	-3.841098e+01	-1.911242e+02
7.330000e-06	-7.149579e-06	-1.648511e-09	-3.841759e+01	-1.911871e+02
7.340000e-06	-7.150228e-06	-1.649366e-09	-3.842108e+01	-1.912416e+02
