# Temperatura_=_20.0
# Concentracion g/m^3_=_7400.0
# C_Vs_to_Am_M_A/Vsm_=_116720831517.84952
# pendiente_HvsI_1/m_=_3716.3
# ordenada_HvsI_A/m_=_1297.0
# frecuencia_Hz_=_136108.540778365

Tiempo_(s)	Campo_(V.s)	Magnetizacion_(V.s)	Campo_(kA/m)	Magnetizacion_(A/m)
0.000000e+00	-7.091799e-06	-1.475507e-09	-3.843130e+01	-1.706603e+02
1.000000e-08	-7.091925e-06	-1.476180e-09	-3.843198e+01	-1.706713e+02
2.000000e-08	-7.091755e-06	-1.475859e-09	-3.843106e+01	-1.706744e+02
3.000000e-08	-7.091118e-06	-1.474217e-09	-3.842761e+01	-1.706695e+02
4.000000e-08	-7.089747e-06	-1.473008e-09	-3.842018e+01	-1.706568e+02
5.000000e-08	-7.087504e-06	-1.473787e-09	-3.840802e+01	-1.706363e+02
6.000000e-08	-7.084543e-06	-1.475645e-09	-3.839198e+01	-1.706081e+02
7.000000e-08	-7.081125e-06	-1.479687e-09	-3.837346e+01	-1.705724e+02
8.000000e-08	-7.077348e-06	-1.486274e-09	-3.835299e+01	-1.705292e+02
9.000000e-08	-7.072978e-06	-1.465164e-09	-3.832930e+01	-1.704788e+02
1.000000e-07	-7.067697e-06	-1.411328e-09	-3.830068e+01	-1.704214e+02
1.100000e-07	-7.061805e-06	-1.427442e-09	-3.826876e+01	-1.703571e+02
1.200000e-07	-7.055851e-06	-1.536798e-09	-3.823649e+01	-1.702862e+02
1.300000e-07	-7.049779e-06	-1.540324e-09	-3.820359e+01	-1.702090e+02
1.400000e-07	-7.043022e-06	-1.402709e-09	-3.816697e+01	-1.701258e+02
1.500000e-07	-7.035464e-06	-1.389488e-09	-3.812601e+01	-1.700369e+02
1.600000e-07	-7.027697e-06	-1.545704e-09	-3.808392e+01	-1.699426e+02
1.700000e-07	-7.019774e-06	-1.538738e-09	-3.804098e+01	-1.698433e+02
1.800000e-07	-7.011235e-06	-1.338035e-09	-3.799471e+01	-1.697393e+02
1.900000e-07	-7.001796e-06	-1.354154e-09	-3.794356e+01	-1.696310e+02
2.000000e-07	-6.991686e-06	-1.578130e-09	-3.788877e+01	-1.695187e+02
2.100000e-07	-6.981242e-06	-1.557521e-09	-3.783217e+01	-1.694028e+02
2.200000e-07	-6.970076e-06	-1.339964e-09	-3.777166e+01	-1.692836e+02
2.300000e-07	-6.958174e-06	-1.370785e-09	-3.770717e+01	-1.691614e+02
2.400000e-07	-6.945917e-06	-1.541827e-09	-3.764075e+01	-1.690365e+02
2.500000e-07	-6.933198e-06	-1.473042e-09	-3.757182e+01	-1.689091e+02
2.600000e-07	-6.919765e-06	-1.351606e-09	-3.749903e+01	-1.687794e+02
2.700000e-07	-6.905768e-06	-1.454186e-09	-3.742318e+01	-1.686477e+02
2.800000e-07	-6.891286e-06	-1.517689e-09	-3.734469e+01	-1.685140e+02
2.900000e-07	-6.875894e-06	-1.398290e-09	-3.726129e+01	-1.683784e+02
3.000000e-07	-6.859587e-06	-1.394403e-09	-3.717292e+01	-1.682409e+02
3.100000e-07	-6.842877e-06	-1.491830e-09	-3.708236e+01	-1.681014e+02
3.200000e-07	-6.825859e-06	-1.417109e-09	-3.699014e+01	-1.679599e+02
3.300000e-07	-6.808442e-06	-1.351965e-09	-3.689575e+01	-1.678163e+02
3.400000e-07	-6.790637e-06	-1.486397e-09	-3.679927e+01	-1.676702e+02
3.500000e-07	-6.772283e-06	-1.505843e-09	-3.669980e+01	-1.675216e+02
3.600000e-07	-6.753302e-06	-1.342153e-09	-3.659694e+01	-1.673700e+02
3.700000e-07	-6.733881e-06	-1.365165e-09	-3.649170e+01	-1.672152e+02
3.800000e-07	-6.714287e-06	-1.499889e-09	-3.638551e+01	-1.670568e+02
3.900000e-07	-6.694470e-06	-1.424327e-09	-3.627813e+01	-1.668944e+02
4.000000e-07	-6.674083e-06	-1.339435e-09	-3.616765e+01	-1.667276e+02
4.100000e-07	-6.653099e-06	-1.441753e-09	-3.605393e+01	-1.665559e+02
4.200000e-07	-6.631677e-06	-1.463584e-09	-3.593784e+01	-1.663790e+02
4.300000e-07	-6.609812e-06	-1.367447e-09	-3.581935e+01	-1.661964e+02
4.400000e-07	-6.587388e-06	-1.394903e-09	-3.569783e+01	-1.660078e+02
4.500000e-07	-6.564358e-06	-1.438952e-09	-3.557303e+01	-1.658127e+02
4.600000e-07	-6.540949e-06	-1.370017e-09	-3.544617e+01	-1.656107e+02
4.700000e-07	-6.517339e-06	-1.374660e-09	-3.531823e+01	-1.654016e+02
4.800000e-07	-6.493544e-06	-1.444028e-09	-3.518928e+01	-1.651851e+02
4.900000e-07	-6.469294e-06	-1.396783e-09	-3.505787e+01	-1.649609e+02
5.000000e-07	-6.444305e-06	-1.347699e-09	-3.492245e+01	-1.647289e+02
5.100000e-07	-6.418466e-06	-1.398196e-09	-3.478243e+01	-1.644888e+02
5.200000e-07	-6.391905e-06	-1.402249e-09	-3.463849e+01	-1.642407e+02
5.300000e-07	-6.364837e-06	-1.357922e-09	-3.449180e+01	-1.639845e+02
5.400000e-07	-6.337358e-06	-1.376133e-09	-3.434289e+01	-1.637203e+02
5.500000e-07	-6.309577e-06	-1.390952e-09	-3.419234e+01	-1.634481e+02
5.600000e-07	-6.281554e-06	-1.363195e-09	-3.404048e+01	-1.631681e+02
5.700000e-07	-6.253120e-06	-1.364953e-09	-3.388640e+01	-1.628804e+02
5.800000e-07	-6.224159e-06	-1.373400e-09	-3.372946e+01	-1.625852e+02
5.900000e-07	-6.194731e-06	-1.353893e-09	-3.356998e+01	-1.622828e+02
6.000000e-07	-6.164949e-06	-1.353580e-09	-3.340859e+01	-1.619735e+02
6.100000e-07	-6.134758e-06	-1.365368e-09	-3.324498e+01	-1.616576e+02
6.200000e-07	-6.103932e-06	-1.356374e-09	-3.307793e+01	-1.613353e+02
6.300000e-07	-6.072628e-06	-1.349853e-09	-3.290829e+01	-1.610068e+02
6.400000e-07	-6.041144e-06	-1.347930e-09	-3.273767e+01	-1.606726e+02
6.500000e-07	-6.009524e-06	-1.337445e-09	-3.256632e+01	-1.603329e+02
6.600000e-07	-5.977683e-06	-1.336939e-09	-3.239377e+01	-1.599878e+02
6.700000e-07	-5.945487e-06	-1.340405e-09	-3.221930e+01	-1.596375e+02
6.800000e-07	-5.912651e-06	-1.332014e-09	-3.204135e+01	-1.592823e+02
6.900000e-07	-5.878822e-06	-1.328486e-09	-3.185803e+01	-1.589221e+02
7.000000e-07	-5.844172e-06	-1.327397e-09	-3.167026e+01	-1.585572e+02
7.100000e-07	-5.809041e-06	-1.317179e-09	-3.147988e+01	-1.581873e+02
7.200000e-07	-5.773537e-06	-1.314067e-09	-3.128748e+01	-1.578125e+02
7.300000e-07	-5.737881e-06	-1.317121e-09	-3.109426e+01	-1.574326e+02
7.400000e-07	-5.702106e-06	-1.308919e-09	-3.090039e+01	-1.570474e+02
7.500000e-07	-5.665941e-06	-1.303532e-09	-3.070440e+01	-1.566567e+02
7.600000e-07	-5.629319e-06	-1.306088e-09	-3.050595e+01	-1.562601e+02
7.700000e-07	-5.592197e-06	-1.300381e-09	-3.030478e+01	-1.558573e+02
7.800000e-07	-5.554614e-06	-1.290789e-09	-3.010111e+01	-1.554480e+02
7.900000e-07	-5.516863e-06	-1.287063e-09	-2.989653e+01	-1.550316e+02
8.000000e-07	-5.478651e-06	-1.283019e-09	-2.968946e+01	-1.546077e+02
8.100000e-07	-5.439799e-06	-1.278618e-09	-2.947892e+01	-1.541758e+02
8.200000e-07	-5.400570e-06	-1.276138e-09	-2.926633e+01	-1.537355e+02
8.300000e-07	-5.361067e-06	-1.270276e-09	-2.905226e+01	-1.532862e+02
8.400000e-07	-5.321372e-06	-1.262189e-09	-2.883714e+01	-1.528276e+02
8.500000e-07	-5.281557e-06	-1.257768e-09	-2.862138e+01	-1.523590e+02
8.600000e-07	-5.241421e-06	-1.255154e-09	-2.840388e+01	-1.518802e+02
8.700000e-07	-5.200778e-06	-1.250648e-09	-2.818363e+01	-1.513908e+02
8.800000e-07	-5.159773e-06	-1.244253e-09	-2.796142e+01	-1.508904e+02
8.900000e-07	-5.118240e-06	-1.236735e-09	-2.773635e+01	-1.503787e+02
9.000000e-07	-5.075891e-06	-1.230235e-09	-2.750685e+01	-1.498555e+02
9.100000e-07	-5.032881e-06	-1.225056e-09	-2.727378e+01	-1.493207e+02
9.200000e-07	-4.989493e-06	-1.218962e-09	-2.703865e+01	-1.487742e+02
9.300000e-07	-4.945888e-06	-1.213014e-09	-2.680235e+01	-1.482160e+02
9.400000e-07	-4.902081e-06	-1.208209e-09	-2.656495e+01	-1.476460e+02
9.500000e-07	-4.858126e-06	-1.202607e-09	-2.632676e+01	-1.470646e+02
9.600000e-07	-4.813964e-06	-1.197183e-09	-2.608744e+01	-1.464717e+02
9.700000e-07	-4.769446e-06	-1.190814e-09	-2.584619e+01	-1.458677e+02
9.800000e-07	-4.724472e-06	-1.183286e-09	-2.560247e+01	-1.452527e+02
9.900000e-07	-4.679082e-06	-1.176728e-09	-2.535650e+01	-1.446273e+02
1.000000e-06	-4.633479e-06	-1.171927e-09	-2.510937e+01	-1.439915e+02
1.010000e-06	-4.587570e-06	-1.166926e-09	-2.486058e+01	-1.433459e+02
1.020000e-06	-4.541217e-06	-1.160451e-09	-2.460939e+01	-1.426908e+02
1.030000e-06	-4.494515e-06	-1.153798e-09	-2.435631e+01	-1.420266e+02
1.040000e-06	-4.447521e-06	-1.147778e-09	-2.410164e+01	-1.413535e+02
1.050000e-06	-4.400187e-06	-1.142673e-09	-2.384513e+01	-1.406720e+02
1.060000e-06	-4.352570e-06	-1.137605e-09	-2.358709e+01	-1.399822e+02
1.070000e-06	-4.304833e-06	-1.131999e-09	-2.332840e+01	-1.392846e+02
1.080000e-06	-4.256839e-06	-1.125621e-09	-2.306832e+01	-1.385791e+02
1.090000e-06	-4.208577e-06	-1.118495e-09	-2.280678e+01	-1.378659e+02
1.100000e-06	-4.160033e-06	-1.111364e-09	-2.254371e+01	-1.371451e+02
1.110000e-06	-4.110951e-06	-1.104371e-09	-2.227773e+01	-1.364166e+02
1.120000e-06	-4.061203e-06	-1.097384e-09	-2.200814e+01	-1.356802e+02
1.130000e-06	-4.010854e-06	-1.090501e-09	-2.173529e+01	-1.349358e+02
1.140000e-06	-3.960148e-06	-1.085190e-09	-2.146051e+01	-1.341831e+02
1.150000e-06	-3.909101e-06	-1.080162e-09	-2.118388e+01	-1.334217e+02
1.160000e-06	-3.857739e-06	-1.073407e-09	-2.090555e+01	-1.326511e+02
1.170000e-06	-3.806127e-06	-1.066112e-09	-2.062586e+01	-1.318709e+02
1.180000e-06	-3.754303e-06	-1.059059e-09	-2.034501e+01	-1.310804e+02
1.190000e-06	-3.702311e-06	-1.052070e-09	-2.006326e+01	-1.302789e+02
1.200000e-06	-3.650089e-06	-1.044728e-09	-1.978026e+01	-1.294660e+02
1.210000e-06	-3.597550e-06	-1.037271e-09	-1.949555e+01	-1.286407e+02
1.220000e-06	-3.544630e-06	-1.029935e-09	-1.920877e+01	-1.278024e+02
1.230000e-06	-3.491313e-06	-1.022566e-09	-1.891984e+01	-1.269503e+02
1.240000e-06	-3.437779e-06	-1.014946e-09	-1.862973e+01	-1.260838e+02
1.250000e-06	-3.384063e-06	-1.008026e-09	-1.833864e+01	-1.252022e+02
1.260000e-06	-3.330126e-06	-1.000974e-09	-1.804634e+01	-1.243047e+02
1.270000e-06	-3.276134e-06	-9.917574e-10	-1.775376e+01	-1.233908e+02
1.280000e-06	-3.221736e-06	-9.828925e-10	-1.745897e+01	-1.224599e+02
1.290000e-06	-3.166983e-06	-9.757246e-10	-1.716225e+01	-1.215116e+02
1.300000e-06	-3.112199e-06	-9.675251e-10	-1.686537e+01	-1.205455e+02
1.310000e-06	-3.057173e-06	-9.577611e-10	-1.656718e+01	-1.195612e+02
1.320000e-06	-3.001917e-06	-9.486258e-10	-1.626774e+01	-1.185586e+02
1.330000e-06	-2.946463e-06	-9.404036e-10	-1.596723e+01	-1.175375e+02
1.340000e-06	-2.890785e-06	-9.318851e-10	-1.566550e+01	-1.164980e+02
1.350000e-06	-2.835059e-06	-9.236378e-10	-1.536352e+01	-1.154400e+02
1.360000e-06	-2.779319e-06	-9.157171e-10	-1.506146e+01	-1.143638e+02
1.370000e-06	-2.723536e-06	-9.075748e-10	-1.475916e+01	-1.132695e+02
1.380000e-06	-2.667723e-06	-8.993300e-10	-1.445671e+01	-1.121576e+02
1.390000e-06	-2.611782e-06	-8.907843e-10	-1.415355e+01	-1.110284e+02
1.400000e-06	-2.555636e-06	-8.813310e-10	-1.384929e+01	-1.098823e+02
1.410000e-06	-2.499318e-06	-8.708328e-10	-1.354410e+01	-1.087198e+02
1.420000e-06	-2.442824e-06	-8.607964e-10	-1.323795e+01	-1.075413e+02
1.430000e-06	-2.385965e-06	-8.514021e-10	-1.292983e+01	-1.063474e+02
1.440000e-06	-2.328575e-06	-8.413801e-10	-1.261882e+01	-1.051384e+02
1.450000e-06	-2.270869e-06	-8.309422e-10	-1.230611e+01	-1.039149e+02
1.460000e-06	-2.212963e-06	-8.197194e-10	-1.199231e+01	-1.026771e+02
1.470000e-06	-2.154778e-06	-8.079329e-10	-1.167700e+01	-1.014254e+02
1.480000e-06	-2.096179e-06	-7.972205e-10	-1.135944e+01	-1.001600e+02
1.490000e-06	-2.037173e-06	-7.869449e-10	-1.103968e+01	-9.888094e+01
1.500000e-06	-1.978024e-06	-7.759537e-10	-1.071915e+01	-9.758820e+01
1.510000e-06	-1.918675e-06	-7.646081e-10	-1.039753e+01	-9.628162e+01
1.520000e-06	-1.859250e-06	-7.540146e-10	-1.007550e+01	-9.496088e+01
1.530000e-06	-1.799863e-06	-7.439655e-10	-9.753672e+00	-9.362552e+01
1.540000e-06	-1.740417e-06	-7.326999e-10	-9.431526e+00	-9.227492e+01
1.550000e-06	-1.680978e-06	-7.208846e-10	-9.109418e+00	-9.090828e+01
1.560000e-06	-1.621461e-06	-7.099145e-10	-8.786889e+00	-8.952464e+01
1.570000e-06	-1.561764e-06	-6.991166e-10	-8.463386e+00	-8.812291e+01
1.580000e-06	-1.502024e-06	-6.875761e-10	-8.139646e+00	-8.670183e+01
1.590000e-06	-1.442307e-06	-6.750122e-10	-7.816034e+00	-8.525999e+01
1.600000e-06	-1.382584e-06	-6.619118e-10	-7.492385e+00	-8.379587e+01
1.610000e-06	-1.322769e-06	-6.493364e-10	-7.168241e+00	-8.230783e+01
1.620000e-06	-1.262865e-06	-6.370057e-10	-6.843615e+00	-8.079413e+01
1.630000e-06	-1.202935e-06	-6.241815e-10	-6.518848e+00	-7.925298e+01
1.640000e-06	-1.142842e-06	-6.111671e-10	-6.193199e+00	-7.768250e+01
1.650000e-06	-1.082678e-06	-5.979561e-10	-5.867162e+00	-7.608084e+01
1.660000e-06	-1.022455e-06	-5.851937e-10	-5.540803e+00	-7.444609e+01
1.670000e-06	-9.621443e-07	-5.733182e-10	-5.213974e+00	-7.277643e+01
1.680000e-06	-9.018060e-07	-5.594872e-10	-4.886994e+00	-7.107003e+01
1.690000e-06	-8.414827e-07	-5.433197e-10	-4.560094e+00	-6.932520e+01
1.700000e-06	-7.811370e-07	-5.287030e-10	-4.233074e+00	-6.754033e+01
1.710000e-06	-7.206101e-07	-5.158502e-10	-3.905072e+00	-6.571394e+01
1.720000e-06	-6.600313e-07	-5.023241e-10	-3.576787e+00	-6.384474e+01
1.730000e-06	-5.994309e-07	-4.878588e-10	-3.248387e+00	-6.193160e+01
1.740000e-06	-5.387558e-07	-4.733591e-10	-2.919581e+00	-5.997359e+01
1.750000e-06	-4.780060e-07	-4.583911e-10	-2.590371e+00	-5.797004e+01
1.760000e-06	-4.171171e-07	-4.423203e-10	-2.260407e+00	-5.592049e+01
1.770000e-06	-3.562545e-07	-4.254463e-10	-1.930585e+00	-5.382475e+01
1.780000e-06	-2.954431e-07	-4.078480e-10	-1.601041e+00	-5.168288e+01
1.790000e-06	-2.345584e-07	-3.896702e-10	-1.271100e+00	-4.949524e+01
1.800000e-06	-1.737195e-07	-3.713185e-10	-9.414064e-01	-4.726245e+01
1.810000e-06	-1.128889e-07	-3.531369e-10	-6.117581e-01	-4.498541e+01
1.820000e-06	-5.205174e-08	-3.347192e-10	-2.820745e-01	-4.266529e+01
1.830000e-06	8.609628e-09	-3.149424e-10	4.665659e-02	-4.030354e+01
1.840000e-06	6.932003e-08	-2.944391e-10	3.756534e-01	-3.790186e+01
1.850000e-06	1.302397e-07	-2.753263e-10	7.057843e-01	-3.546221e+01
1.860000e-06	1.910707e-07	-2.561474e-10	1.035435e+00	-3.298677e+01
1.870000e-06	2.517700e-07	-2.356614e-10	1.364371e+00	-3.047794e+01
1.880000e-06	3.124987e-07	-2.142409e-10	1.693467e+00	-2.793832e+01
1.890000e-06	3.732532e-07	-1.921559e-10	2.022703e+00	-2.537067e+01
1.900000e-06	4.340409e-07	-1.706251e-10	2.352119e+00	-2.277790e+01
1.910000e-06	4.947743e-07	-1.493047e-10	2.681241e+00	-2.016306e+01
1.920000e-06	5.553415e-07	-1.284591e-10	3.009461e+00	-1.752927e+01
1.930000e-06	6.158997e-07	-1.083248e-10	3.337634e+00	-1.487976e+01
1.940000e-06	6.764285e-07	-8.742572e-11	3.665646e+00	-1.221776e+01
1.950000e-06	7.368831e-07	-6.545699e-11	3.993257e+00	-9.546550e+00
1.960000e-06	7.974575e-07	-4.267191e-11	4.321517e+00	-6.869388e+00
1.970000e-06	8.579574e-07	-1.925734e-11	4.649372e+00	-4.189501e+00
1.980000e-06	9.182597e-07	2.656864e-12	4.976158e+00	-1.510057e+00
1.990000e-06	9.784918e-07	2.271610e-11	5.302563e+00	1.165855e+00
2.000000e-06	1.038703e-06	4.304292e-11	5.628853e+00	3.835248e+00
2.010000e-06	1.098926e-06	6.350587e-11	5.955209e+00	6.495258e+00
2.020000e-06	1.159040e-06	8.392388e-11	6.280977e+00	9.143159e+00
2.030000e-06	1.219096e-06	1.049278e-10	6.606426e+00	1.177638e+01
2.040000e-06	1.279076e-06	1.258768e-10	6.931463e+00	1.439250e+01
2.050000e-06	1.338890e-06	1.466247e-10	7.255604e+00	1.698930e+01
2.060000e-06	1.398663e-06	1.675515e-10	7.579520e+00	1.956474e+01
2.070000e-06	1.458460e-06	1.885256e-10	7.903567e+00	2.211695e+01
2.080000e-06	1.518204e-06	2.078349e-10	8.227327e+00	2.464428e+01
2.090000e-06	1.577847e-06	2.262478e-10	8.550540e+00	2.714526e+01
2.100000e-06	1.637403e-06	2.459052e-10	8.873279e+00	2.961861e+01
2.110000e-06	1.696919e-06	2.663527e-10	9.195802e+00	3.206326e+01
2.120000e-06	1.756370e-06	2.858239e-10	9.517975e+00	3.447830e+01
2.130000e-06	1.815733e-06	3.041786e-10	9.839672e+00	3.686302e+01
2.140000e-06	1.875003e-06	3.221983e-10	1.016086e+01	3.921688e+01
2.150000e-06	1.934186e-06	3.402164e-10	1.048158e+01	4.153949e+01
2.160000e-06	1.993314e-06	3.586797e-10	1.080201e+01	4.383062e+01
2.170000e-06	2.052265e-06	3.764129e-10	1.112146e+01	4.609018e+01
2.180000e-06	2.110906e-06	3.932962e-10	1.143925e+01	4.831821e+01
2.190000e-06	2.169258e-06	4.109827e-10	1.175546e+01	5.051485e+01
2.200000e-06	2.227143e-06	4.289450e-10	1.206915e+01	5.268036e+01
2.210000e-06	2.284548e-06	4.458978e-10	1.238023e+01	5.481507e+01
2.220000e-06	2.341661e-06	4.617448e-10	1.268974e+01	5.691941e+01
2.230000e-06	2.398711e-06	4.765566e-10	1.299890e+01	5.899386e+01
2.240000e-06	2.455651e-06	4.927317e-10	1.330747e+01	6.103893e+01
2.250000e-06	2.512290e-06	5.103971e-10	1.361439e+01	6.305520e+01
2.260000e-06	2.568612e-06	5.268024e-10	1.391961e+01	6.504326e+01
2.270000e-06	2.624652e-06	5.414943e-10	1.422330e+01	6.700371e+01
2.280000e-06	2.680600e-06	5.556204e-10	1.452649e+01	6.893716e+01
2.290000e-06	2.736448e-06	5.699633e-10	1.482914e+01	7.084422e+01
2.300000e-06	2.792158e-06	5.844746e-10	1.513103e+01	7.272548e+01
2.310000e-06	2.847786e-06	5.998163e-10	1.543249e+01	7.458150e+01
2.320000e-06	2.903281e-06	6.158470e-10	1.573322e+01	7.641284e+01
2.330000e-06	2.958616e-06	6.321545e-10	1.603309e+01	7.822000e+01
2.340000e-06	3.013719e-06	6.480299e-10	1.633170e+01	8.000345e+01
2.350000e-06	3.068671e-06	6.619545e-10	1.662949e+01	8.176363e+01
2.360000e-06	3.123464e-06	6.726432e-10	1.692642e+01	8.350092e+01
2.370000e-06	3.177913e-06	6.821396e-10	1.722149e+01	8.521566e+01
2.380000e-06	3.232229e-06	6.935972e-10	1.751583e+01	8.690815e+01
2.390000e-06	3.286336e-06	7.073006e-10	1.780905e+01	8.857863e+01
2.400000e-06	3.340147e-06	7.227425e-10	1.810065e+01	9.022731e+01
2.410000e-06	3.393828e-06	7.377378e-10	1.839156e+01	9.185434e+01
2.420000e-06	3.447275e-06	7.511127e-10	1.868119e+01	9.345983e+01
2.430000e-06	3.500421e-06	7.636189e-10	1.896920e+01	9.504387e+01
2.440000e-06	3.553373e-06	7.758620e-10	1.925615e+01	9.660647e+01
2.450000e-06	3.606052e-06	7.886193e-10	1.954162e+01	9.814766e+01
2.460000e-06	3.658411e-06	8.011454e-10	1.982536e+01	9.966739e+01
2.470000e-06	3.710569e-06	8.134053e-10	2.010801e+01	1.011656e+02
2.480000e-06	3.762390e-06	8.263637e-10	2.038884e+01	1.026423e+02
2.490000e-06	3.813883e-06	8.381371e-10	2.066788e+01	1.040973e+02
2.500000e-06	3.865160e-06	8.484091e-10	2.094576e+01	1.055305e+02
2.510000e-06	3.915941e-06	8.584078e-10	2.122095e+01	1.069419e+02
2.520000e-06	3.966110e-06	8.688958e-10	2.149282e+01	1.083313e+02
2.530000e-06	4.015884e-06	8.805024e-10	2.176255e+01	1.096986e+02
2.540000e-06	4.065289e-06	8.922085e-10	2.203028e+01	1.110438e+02
2.550000e-06	4.114213e-06	9.025548e-10	2.229541e+01	1.123666e+02
2.560000e-06	4.162689e-06	9.117655e-10	2.255810e+01	1.136672e+02
2.570000e-06	4.210784e-06	9.205171e-10	2.281874e+01	1.149453e+02
2.580000e-06	4.258630e-06	9.297673e-10	2.307802e+01	1.162011e+02
2.590000e-06	4.306356e-06	9.395938e-10	2.333665e+01	1.174344e+02
2.600000e-06	4.353992e-06	9.496742e-10	2.359480e+01	1.186453e+02
2.610000e-06	4.401524e-06	9.602236e-10	2.385238e+01	1.198339e+02
2.620000e-06	4.448568e-06	9.700985e-10	2.410732e+01	1.210002e+02
2.630000e-06	4.495071e-06	9.789127e-10	2.435932e+01	1.221443e+02
2.640000e-06	4.541367e-06	9.867699e-10	2.461020e+01	1.232664e+02
2.650000e-06	4.587347e-06	9.943118e-10	2.485938e+01	1.243667e+02
2.660000e-06	4.632978e-06	1.001672e-09	2.510665e+01	1.254453e+02
2.670000e-06	4.678391e-06	1.008423e-09	2.535275e+01	1.265026e+02
2.680000e-06	4.723446e-06	1.015983e-09	2.559691e+01	1.275387e+02
2.690000e-06	4.768109e-06	1.024485e-09	2.583895e+01	1.285539e+02
2.700000e-06	4.812549e-06	1.031994e-09	2.607977e+01	1.295487e+02
2.710000e-06	4.856712e-06	1.039080e-09	2.631909e+01	1.305232e+02
2.720000e-06	4.900632e-06	1.047683e-09	2.655711e+01	1.314778e+02
2.730000e-06	4.944373e-06	1.057069e-09	2.679414e+01	1.324129e+02
2.740000e-06	4.987939e-06	1.065699e-09	2.703023e+01	1.333290e+02
2.750000e-06	5.031245e-06	1.072949e-09	2.726491e+01	1.342263e+02
2.760000e-06	5.074150e-06	1.079924e-09	2.749742e+01	1.351052e+02
2.770000e-06	5.116377e-06	1.087612e-09	2.772625e+01	1.359663e+02
2.780000e-06	5.157792e-06	1.095564e-09	2.795068e+01	1.368098e+02
2.790000e-06	5.198670e-06	1.102556e-09	2.817221e+01	1.376361e+02
2.800000e-06	5.239112e-06	1.108296e-09	2.839137e+01	1.384457e+02
2.810000e-06	5.279142e-06	1.115261e-09	2.860829e+01	1.392389e+02
2.820000e-06	5.318879e-06	1.123683e-09	2.882364e+01	1.400160e+02
2.830000e-06	5.358441e-06	1.131745e-09	2.903803e+01	1.407776e+02
2.840000e-06	5.397726e-06	1.138309e-09	2.925091e+01	1.415239e+02
2.850000e-06	5.436719e-06	1.143827e-09	2.946222e+01	1.422552e+02
2.860000e-06	5.475246e-06	1.149622e-09	2.967101e+01	1.429719e+02
2.870000e-06	5.513236e-06	1.155612e-09	2.987688e+01	1.436743e+02
2.880000e-06	5.550908e-06	1.161862e-09	3.008103e+01	1.443627e+02
2.890000e-06	5.588129e-06	1.168082e-09	3.028273e+01	1.450374e+02
2.900000e-06	5.624901e-06	1.173989e-09	3.048200e+01	1.456988e+02
2.910000e-06	5.661407e-06	1.180508e-09	3.067984e+01	1.463470e+02
2.920000e-06	5.697594e-06	1.188148e-09	3.087594e+01	1.469823e+02
2.930000e-06	5.733447e-06	1.195955e-09	3.107023e+01	1.476051e+02
2.940000e-06	5.769070e-06	1.201895e-09	3.126327e+01	1.482156e+02
2.950000e-06	5.804496e-06	1.205735e-09	3.145525e+01	1.488141e+02
2.960000e-06	5.839604e-06	1.210206e-09	3.164550e+01	1.494007e+02
2.970000e-06	5.874063e-06	1.216257e-09	3.183224e+01	1.499759e+02
2.980000e-06	5.907789e-06	1.221404e-09	3.201501e+01	1.505399e+02
2.990000e-06	5.940740e-06	1.225123e-09	3.219357e+01	1.510929e+02
3.000000e-06	5.973026e-06	1.229686e-09	3.236854e+01	1.516353e+02
3.010000e-06	6.004952e-06	1.236019e-09	3.254154e+01	1.521673e+02
3.020000e-06	6.036637e-06	1.243067e-09	3.271325e+01	1.526893e+02
3.030000e-06	6.068096e-06	1.250101e-09	3.288373e+01	1.532016e+02
3.040000e-06	6.099099e-06	1.256147e-09	3.305174e+01	1.537044e+02
3.050000e-06	6.129614e-06	1.261340e-09	3.321710e+01	1.541981e+02
3.060000e-06	6.159719e-06	1.267736e-09	3.338024e+01	1.546830e+02
3.070000e-06	6.189391e-06	1.273389e-09	3.354104e+01	1.551594e+02
3.080000e-06	6.218683e-06	1.276959e-09	3.369978e+01	1.556277e+02
3.090000e-06	6.247635e-06	1.281178e-09	3.385667e+01	1.560882e+02
3.100000e-06	6.276158e-06	1.287290e-09	3.401124e+01	1.565411e+02
3.110000e-06	6.304224e-06	1.293464e-09	3.416334e+01	1.569868e+02
3.120000e-06	6.331958e-06	1.297712e-09	3.431363e+01	1.574256e+02
3.130000e-06	6.359495e-06	1.300753e-09	3.446285e+01	1.578577e+02
3.140000e-06	6.386764e-06	1.304172e-09	3.461063e+01	1.582835e+02
3.150000e-06	6.413660e-06	1.308150e-09	3.475638e+01	1.587030e+02
3.160000e-06	6.439705e-06	1.312897e-09	3.489752e+01	1.591166e+02
3.170000e-06	6.464667e-06	1.318362e-09	3.503279e+01	1.595243e+02
3.180000e-06	6.489025e-06	1.322790e-09	3.516479e+01	1.599265e+02
3.190000e-06	6.512948e-06	1.325722e-09	3.529443e+01	1.603230e+02
3.200000e-06	6.536513e-06	1.328748e-09	3.542214e+01	1.607142e+02
3.210000e-06	6.559797e-06	1.331985e-09	3.554832e+01	1.610999e+02
3.220000e-06	6.582577e-06	1.335136e-09	3.567177e+01	1.614802e+02
3.230000e-06	6.604760e-06	1.339666e-09	3.579198e+01	1.618551e+02
3.240000e-06	6.626529e-06	1.344570e-09	3.590995e+01	1.622245e+02
3.250000e-06	6.647830e-06	1.348861e-09	3.602538e+01	1.625883e+02
3.260000e-06	6.668649e-06	1.352296e-09	3.613820e+01	1.629464e+02
3.270000e-06	6.689130e-06	1.354726e-09	3.624919e+01	1.632987e+02
3.280000e-06	6.709264e-06	1.356384e-09	3.635830e+01	1.636449e+02
3.290000e-06	6.729085e-06	1.357689e-09	3.646571e+01	1.639850e+02
3.300000e-06	6.748521e-06	1.359910e-09	3.657103e+01	1.643186e+02
3.310000e-06	6.767593e-06	1.363279e-09	3.667439e+01	1.646455e+02
3.320000e-06	6.786152e-06	1.366455e-09	3.677496e+01	1.649655e+02
3.330000e-06	6.803999e-06	1.368678e-09	3.687168e+01	1.652784e+02
3.340000e-06	6.821443e-06	1.370891e-09	3.696621e+01	1.655839e+02
3.350000e-06	6.838387e-06	1.373913e-09	3.705803e+01	1.658817e+02
3.360000e-06	6.854669e-06	1.377042e-09	3.714626e+01	1.661717e+02
3.370000e-06	6.870621e-06	1.379335e-09	3.723271e+01	1.664536e+02
3.380000e-06	6.886026e-06	1.382354e-09	3.731619e+01	1.667272e+02
3.390000e-06	6.900626e-06	1.386475e-09	3.739531e+01	1.669922e+02
3.400000e-06	6.914721e-06	1.391161e-09	3.747169e+01	1.672486e+02
3.410000e-06	6.928483e-06	1.396586e-09	3.754627e+01	1.674962e+02
3.420000e-06	6.941828e-06	1.399978e-09	3.761859e+01	1.677348e+02
3.430000e-06	6.954549e-06	1.401690e-09	3.768752e+01	1.679644e+02
3.440000e-06	6.966663e-06	1.404807e-09	3.775317e+01	1.681848e+02
3.450000e-06	6.978321e-06	1.408448e-09	3.781635e+01	1.683961e+02
3.460000e-06	6.989617e-06	1.411503e-09	3.787756e+01	1.685982e+02
3.470000e-06	7.000370e-06	1.413117e-09	3.793583e+01	1.687910e+02
3.480000e-06	7.010283e-06	1.413791e-09	3.798955e+01	1.689747e+02
3.490000e-06	7.019336e-06	1.415466e-09	3.803861e+01	1.691492e+02
3.500000e-06	7.027611e-06	1.419376e-09	3.808346e+01	1.693146e+02
3.510000e-06	7.035405e-06	1.423941e-09	3.812569e+01	1.694709e+02
3.520000e-06	7.042937e-06	1.427178e-09	3.816651e+01	1.696183e+02
3.530000e-06	7.050075e-06	1.429485e-09	3.820519e+01	1.697568e+02
3.540000e-06	7.056618e-06	1.431533e-09	3.824065e+01	1.698865e+02
3.550000e-06	7.062664e-06	1.433534e-09	3.827341e+01	1.700075e+02
3.560000e-06	7.068315e-06	1.435008e-09	3.830404e+01	1.701199e+02
3.570000e-06	7.073366e-06	1.435998e-09	3.833141e+01	1.702237e+02
3.580000e-06	7.077780e-06	1.437670e-09	3.835533e+01	1.703191e+02
3.590000e-06	7.081800e-06	1.440821e-09	3.837711e+01	1.704061e+02
3.600000e-06	7.085619e-06	1.444875e-09	3.839781e+01	1.704848e+02
3.610000e-06	7.089241e-06	1.448287e-09	3.841744e+01	1.705553e+02
3.620000e-06	7.092417e-06	1.449953e-09	3.843465e+01	1.706175e+02
3.630000e-06	7.094958e-06	1.450835e-09	3.844842e+01	1.706716e+02
3.640000e-06	7.096515e-06	1.450734e-09	3.845686e+01	1.707175e+02
3.650000e-06	7.097043e-06	1.450380e-09	3.845972e+01	1.707553e+02
3.660000e-06	7.097095e-06	1.452030e-09	3.846000e+01	1.707851e+02
3.670000e-06	7.096903e-06	1.454005e-09	3.845896e+01	1.708068e+02
3.680000e-06	7.096382e-06	1.454921e-09	3.845614e+01	1.708205e+02
3.690000e-06	7.095471e-06	1.456008e-09	3.845120e+01	1.708262e+02
3.700000e-06	7.094098e-06	1.457362e-09	3.844376e+01	1.708240e+02
3.710000e-06	7.092234e-06	1.458385e-09	3.843366e+01	1.708139e+02
3.720000e-06	7.090018e-06	1.458194e-09	3.842165e+01	1.707960e+02
3.730000e-06	7.087387e-06	1.456902e-09	3.840739e+01	1.707704e+02
3.740000e-06	7.084202e-06	1.446834e-09	3.839013e+01	1.707372e+02
3.750000e-06	7.080561e-06	1.435909e-09	3.837040e+01	1.706965e+02
3.760000e-06	7.076440e-06	1.483563e-09	3.834806e+01	1.706485e+02
3.770000e-06	7.071364e-06	1.550785e-09	3.832056e+01	1.705934e+02
3.780000e-06	7.065199e-06	1.464353e-09	3.828715e+01	1.705313e+02
3.790000e-06	7.058886e-06	1.340122e-09	3.825294e+01	1.704626e+02
3.800000e-06	7.052827e-06	1.427539e-09	3.822010e+01	1.703875e+02
3.810000e-06	7.046189e-06	1.575681e-09	3.818413e+01	1.703063e+02
3.820000e-06	7.038582e-06	1.487594e-09	3.814291e+01	1.702193e+02
3.830000e-06	7.030386e-06	1.319243e-09	3.809849e+01	1.701268e+02
3.840000e-06	7.022051e-06	1.438219e-09	3.805333e+01	1.700291e+02
3.850000e-06	7.013221e-06	1.643184e-09	3.800548e+01	1.699266e+02
3.860000e-06	7.003568e-06	1.489339e-09	3.795316e+01	1.698197e+02
3.870000e-06	6.993533e-06	1.243982e-09	3.789878e+01	1.697088e+02
3.880000e-06	6.983412e-06	1.410479e-09	3.784393e+01	1.695940e+02
3.890000e-06	6.972877e-06	1.659292e-09	3.778684e+01	1.694759e+02
3.900000e-06	6.961428e-06	1.481892e-09	3.772480e+01	1.693547e+02
3.910000e-06	6.949408e-06	1.275772e-09	3.765967e+01	1.692307e+02
3.920000e-06	6.937063e-06	1.485869e-09	3.759276e+01	1.691041e+02
3.930000e-06	6.923887e-06	1.621164e-09	3.752137e+01	1.689752e+02
3.940000e-06	6.909804e-06	1.366727e-09	3.744505e+01	1.688442e+02
3.950000e-06	6.895183e-06	1.298645e-09	3.736581e+01	1.687111e+02
3.960000e-06	6.879914e-06	1.565293e-09	3.728307e+01	1.685762e+02
3.970000e-06	6.863956e-06	1.556432e-09	3.719659e+01	1.684393e+02
3.980000e-06	6.847703e-06	1.325517e-09	3.710851e+01	1.683005e+02
3.990000e-06	6.831233e-06	1.429728e-09	3.701926e+01	1.681597e+02
4.000000e-06	6.814187e-06	1.588896e-09	3.692688e+01	1.680168e+02
4.010000e-06	6.796440e-06	1.392029e-09	3.683071e+01	1.678716e+02
4.020000e-06	6.778314e-06	1.315608e-09	3.673249e+01	1.677239e+02
4.030000e-06	6.759906e-06	1.558602e-09	3.663273e+01	1.675734e+02
4.040000e-06	6.740950e-06	1.544583e-09	3.653000e+01	1.674197e+02
4.050000e-06	6.721439e-06	1.323042e-09	3.642427e+01	1.672625e+02
4.060000e-06	6.701653e-06	1.426906e-09	3.631705e+01	1.671015e+02
4.070000e-06	6.681541e-06	1.569658e-09	3.620806e+01	1.669362e+02
4.080000e-06	6.661094e-06	1.399700e-09	3.609726e+01	1.667663e+02
4.090000e-06	6.640364e-06	1.353420e-09	3.598492e+01	1.665912e+02
4.100000e-06	6.618943e-06	1.529806e-09	3.586884e+01	1.664106e+02
4.110000e-06	6.596610e-06	1.485027e-09	3.574781e+01	1.662240e+02
4.120000e-06	6.573433e-06	1.367238e-09	3.562221e+01	1.660311e+02
4.130000e-06	6.549553e-06	1.470746e-09	3.549280e+01	1.658315e+02
4.140000e-06	6.525375e-06	1.494246e-09	3.536178e+01	1.656248e+02
4.150000e-06	6.500976e-06	1.374202e-09	3.522956e+01	1.654108e+02
4.160000e-06	6.476384e-06	1.424015e-09	3.509629e+01	1.651892e+02
4.170000e-06	6.451251e-06	1.504270e-09	3.496009e+01	1.649598e+02
4.180000e-06	6.425509e-06	1.424188e-09	3.482059e+01	1.647225e+02
4.190000e-06	6.399407e-06	1.407395e-09	3.467914e+01	1.644771e+02
4.200000e-06	6.372807e-06	1.468843e-09	3.453500e+01	1.642236e+02
4.210000e-06	6.345715e-06	1.430843e-09	3.438818e+01	1.639621e+02
4.220000e-06	6.318185e-06	1.403744e-09	3.423899e+01	1.636925e+02
4.230000e-06	6.290253e-06	1.446018e-09	3.408762e+01	1.634151e+02
4.240000e-06	6.262016e-06	1.434209e-09	3.393460e+01	1.631299e+02
4.250000e-06	6.233502e-06	1.414030e-09	3.378008e+01	1.628372e+02
4.260000e-06	6.204593e-06	1.438295e-09	3.362342e+01	1.625373e+02
4.270000e-06	6.175113e-06	1.429746e-09	3.346367e+01	1.622303e+02
4.280000e-06	6.144893e-06	1.412025e-09	3.329990e+01	1.619165e+02
4.290000e-06	6.113967e-06	1.422965e-09	3.313231e+01	1.615963e+02
4.300000e-06	6.082352e-06	1.416497e-09	3.296099e+01	1.612699e+02
4.310000e-06	6.050327e-06	1.414385e-09	3.278744e+01	1.609376e+02
4.320000e-06	6.018038e-06	1.426203e-09	3.261246e+01	1.605997e+02
4.330000e-06	5.985486e-06	1.407259e-09	3.243606e+01	1.602563e+02
4.340000e-06	5.952539e-06	1.396206e-09	3.225751e+01	1.599078e+02
4.350000e-06	5.919051e-06	1.412029e-09	3.207604e+01	1.595542e+02
4.360000e-06	5.885194e-06	1.403335e-09	3.189256e+01	1.591958e+02
4.370000e-06	5.850960e-06	1.395438e-09	3.170704e+01	1.588324e+02
4.380000e-06	5.816304e-06	1.409169e-09	3.151924e+01	1.584642e+02
4.390000e-06	5.781279e-06	1.399289e-09	3.132944e+01	1.580910e+02
4.400000e-06	5.745843e-06	1.386014e-09	3.113741e+01	1.577129e+02
4.410000e-06	5.709927e-06	1.398156e-09	3.094277e+01	1.573295e+02
4.420000e-06	5.673731e-06	1.395127e-09	3.074662e+01	1.569406e+02
4.430000e-06	5.637435e-06	1.379837e-09	3.054993e+01	1.565461e+02
4.440000e-06	5.600971e-06	1.384688e-09	3.035232e+01	1.561454e+02
4.450000e-06	5.564307e-06	1.390091e-09	3.015364e+01	1.557383e+02
4.460000e-06	5.527063e-06	1.382665e-09	2.995181e+01	1.553243e+02
4.470000e-06	5.488887e-06	1.377699e-09	2.974493e+01	1.549030e+02
4.480000e-06	5.449801e-06	1.374210e-09	2.953311e+01	1.544739e+02
4.490000e-06	5.409989e-06	1.369528e-09	2.931737e+01	1.540364e+02
4.500000e-06	5.369856e-06	1.367669e-09	2.909989e+01	1.535902e+02
4.510000e-06	5.329558e-06	1.366475e-09	2.888151e+01	1.531348e+02
4.520000e-06	5.289121e-06	1.363886e-09	2.866237e+01	1.526696e+02
4.530000e-06	5.248354e-06	1.359059e-09	2.844145e+01	1.521943e+02
4.540000e-06	5.207166e-06	1.354203e-09	2.821825e+01	1.517084e+02
4.550000e-06	5.165689e-06	1.353235e-09	2.799348e+01	1.512117e+02
4.560000e-06	5.123810e-06	1.351658e-09	2.776653e+01	1.507038e+02
4.570000e-06	5.081568e-06	1.343932e-09	2.753762e+01	1.501845e+02
4.580000e-06	5.039046e-06	1.337540e-09	2.730719e+01	1.496536e+02
4.590000e-06	4.996196e-06	1.335457e-09	2.707498e+01	1.491110e+02
4.600000e-06	4.952924e-06	1.331591e-09	2.684048e+01	1.485567e+02
4.610000e-06	4.909271e-06	1.325904e-09	2.660392e+01	1.479907e+02
4.620000e-06	4.865310e-06	1.322211e-09	2.636569e+01	1.474131e+02
4.630000e-06	4.821145e-06	1.321025e-09	2.612635e+01	1.468240e+02
4.640000e-06	4.776828e-06	1.318847e-09	2.588619e+01	1.462237e+02
4.650000e-06	4.732264e-06	1.313202e-09	2.564470e+01	1.456124e+02
4.660000e-06	4.687457e-06	1.305466e-09	2.540189e+01	1.449904e+02
4.670000e-06	4.642289e-06	1.296651e-09	2.515712e+01	1.443581e+02
4.680000e-06	4.596649e-06	1.289033e-09	2.490979e+01	1.437157e+02
4.690000e-06	4.550585e-06	1.284781e-09	2.466016e+01	1.430638e+02
4.700000e-06	4.504173e-06	1.282689e-09	2.440864e+01	1.424025e+02
4.710000e-06	4.457349e-06	1.279959e-09	2.415490e+01	1.417324e+02
4.720000e-06	4.410337e-06	1.274755e-09	2.390014e+01	1.410537e+02
4.730000e-06	4.363174e-06	1.267912e-09	2.364456e+01	1.403667e+02
4.740000e-06	4.315624e-06	1.261170e-09	2.338688e+01	1.396716e+02
4.750000e-06	4.267733e-06	1.255081e-09	2.312735e+01	1.389687e+02
4.760000e-06	4.219616e-06	1.248637e-09	2.286660e+01	1.382581e+02
4.770000e-06	4.171047e-06	1.242163e-09	2.260339e+01	1.375399e+02
4.780000e-06	4.121958e-06	1.238034e-09	2.233738e+01	1.368140e+02
4.790000e-06	4.072415e-06	1.234924e-09	2.206890e+01	1.360803e+02
4.800000e-06	4.022591e-06	1.229070e-09	2.179890e+01	1.353386e+02
4.810000e-06	3.972674e-06	1.221389e-09	2.152839e+01	1.345887e+02
4.820000e-06	3.922457e-06	1.214298e-09	2.125626e+01	1.338303e+02
4.830000e-06	3.871950e-06	1.207820e-09	2.098255e+01	1.330628e+02
4.840000e-06	3.821122e-06	1.201785e-09	2.070711e+01	1.322859e+02
4.850000e-06	3.769871e-06	1.196597e-09	2.042937e+01	1.314989e+02
4.860000e-06	3.718231e-06	1.190635e-09	2.014953e+01	1.307012e+02
4.870000e-06	3.666375e-06	1.182756e-09	1.986852e+01	1.298921e+02
4.880000e-06	3.614399e-06	1.175116e-09	1.958686e+01	1.290710e+02
4.890000e-06	3.562198e-06	1.169176e-09	1.930397e+01	1.282372e+02
4.900000e-06	3.509736e-06	1.163180e-09	1.901967e+01	1.273898e+02
4.910000e-06	3.457030e-06	1.156892e-09	1.873405e+01	1.265282e+02
4.920000e-06	3.403977e-06	1.150163e-09	1.844655e+01	1.256517e+02
4.930000e-06	3.350699e-06	1.142056e-09	1.815783e+01	1.247596e+02
4.940000e-06	3.297097e-06	1.133700e-09	1.786736e+01	1.238512e+02
4.950000e-06	3.243057e-06	1.125397e-09	1.757451e+01	1.229261e+02
4.960000e-06	3.188738e-06	1.116085e-09	1.728015e+01	1.219837e+02
4.970000e-06	3.133994e-06	1.108092e-09	1.698348e+01	1.210235e+02
4.980000e-06	3.078845e-06	1.102027e-09	1.668462e+01	1.200454e+02
4.990000e-06	3.023357e-06	1.095036e-09	1.638393e+01	1.190489e+02
5.000000e-06	2.967503e-06	1.086332e-09	1.608125e+01	1.180340e+02
5.010000e-06	2.911474e-06	1.076003e-09	1.577762e+01	1.170006e+02
5.020000e-06	2.855400e-06	1.065095e-09	1.547375e+01	1.159488e+02
5.030000e-06	2.799223e-06	1.055285e-09	1.516932e+01	1.148786e+02
5.040000e-06	2.742958e-06	1.047335e-09	1.486441e+01	1.137904e+02
5.050000e-06	2.686547e-06	1.038935e-09	1.455872e+01	1.126843e+02
5.060000e-06	2.629845e-06	1.029205e-09	1.425144e+01	1.115609e+02
5.070000e-06	2.572970e-06	1.019068e-09	1.394323e+01	1.104203e+02
5.080000e-06	2.516069e-06	1.008552e-09	1.363487e+01	1.092632e+02
5.090000e-06	2.459088e-06	9.974379e-10	1.332609e+01	1.080901e+02
5.100000e-06	2.401905e-06	9.857314e-10	1.301621e+01	1.069012e+02
5.110000e-06	2.344425e-06	9.744380e-10	1.270471e+01	1.056973e+02
5.120000e-06	2.286741e-06	9.641661e-10	1.239212e+01	1.044786e+02
5.130000e-06	2.228959e-06	9.547356e-10	1.207899e+01	1.032455e+02
5.140000e-06	2.170980e-06	9.448945e-10	1.176480e+01	1.019985e+02
5.150000e-06	2.112924e-06	9.329798e-10	1.145019e+01	1.007376e+02
5.160000e-06	2.054721e-06	9.203174e-10	1.113478e+01	9.946311e+01
5.170000e-06	1.996190e-06	9.079075e-10	1.081759e+01	9.817495e+01
5.180000e-06	1.937449e-06	8.960373e-10	1.049927e+01	9.687303e+01
5.190000e-06	1.878743e-06	8.843665e-10	1.018113e+01	9.555707e+01
5.200000e-06	1.820044e-06	8.719735e-10	9.863032e+00	9.422667e+01
5.210000e-06	1.761151e-06	8.595554e-10	9.543886e+00	9.288124e+01
5.220000e-06	1.702027e-06	8.476426e-10	9.223487e+00	9.152006e+01
5.230000e-06	1.642662e-06	8.355742e-10	8.901782e+00	9.014222e+01
5.240000e-06	1.583144e-06	8.223348e-10	8.579242e+00	8.874667e+01
5.250000e-06	1.523588e-06	8.084360e-10	8.256504e+00	8.733220e+01
5.260000e-06	1.463982e-06	7.945892e-10	7.933490e+00	8.589746e+01
5.270000e-06	1.404247e-06	7.817426e-10	7.609781e+00	8.444096e+01
5.280000e-06	1.344388e-06	7.683136e-10	7.285398e+00	8.296110e+01
5.290000e-06	1.284481e-06	7.527586e-10	6.960754e+00	8.145617e+01
5.300000e-06	1.224536e-06	7.370795e-10	6.635904e+00	7.992438e+01
5.310000e-06	1.164458e-06	7.223154e-10	6.310338e+00	7.836391e+01
5.320000e-06	1.104339e-06	7.079126e-10	5.984546e+00	7.677287e+01
5.330000e-06	1.044240e-06	6.941350e-10	5.658862e+00	7.514937e+01
5.340000e-06	9.841192e-07	6.807641e-10	5.333058e+00	7.349156e+01
5.350000e-06	9.239572e-07	6.657960e-10	5.007033e+00	7.179762e+01
5.360000e-06	8.637298e-07	6.488391e-10	4.680654e+00	7.006581e+01
5.370000e-06	8.034985e-07	6.324466e-10	4.354254e+00	6.829447e+01
5.380000e-06	7.432604e-07	6.161306e-10	4.027816e+00	6.648209e+01
5.390000e-06	6.830107e-07	5.984447e-10	3.701316e+00	6.462731e+01
5.400000e-06	6.226495e-07	5.801655e-10	3.374211e+00	6.272894e+01
5.410000e-06	5.622115e-07	5.618170e-10	3.046691e+00	6.078600e+01
5.420000e-06	5.018090e-07	5.444063e-10	2.719362e+00	5.879771e+01
5.430000e-06	4.414218e-07	5.271351e-10	2.392117e+00	5.676354e+01
5.440000e-06	3.810036e-07	5.093464e-10	2.064703e+00	5.468321e+01
5.450000e-06	3.205328e-07	4.898631e-10	1.737005e+00	5.255671e+01
5.460000e-06	2.601034e-07	4.685023e-10	1.409531e+00	5.038429e+01
5.470000e-06	1.997471e-07	4.474074e-10	1.082453e+00	4.816648e+01
5.480000e-06	1.394126e-07	4.270647e-10	7.554934e-01	4.590409e+01
5.490000e-06	7.904960e-08	4.066679e-10	4.283791e-01	4.359819e+01
5.500000e-06	1.859905e-08	3.853994e-10	1.007905e-01	4.125016e+01
5.510000e-06	-4.178701e-08	3.632346e-10	-2.264487e-01	3.886160e+01
5.520000e-06	-1.020738e-07	3.408214e-10	-5.531499e-01	3.643439e+01
5.530000e-06	-1.624120e-07	3.186490e-10	-8.801298e-01	3.397064e+01
5.540000e-06	-2.227179e-07	2.969209e-10	-1.206935e+00	3.147268e+01
5.550000e-06	-2.830282e-07	2.756667e-10	-1.533763e+00	2.894304e+01
5.560000e-06	-3.433689e-07	2.538544e-10	-1.860757e+00	2.638443e+01
5.570000e-06	-4.037072e-07	2.305838e-10	-2.187737e+00	2.379972e+01
5.580000e-06	-4.640339e-07	2.061905e-10	-2.514655e+00	2.119191e+01
5.590000e-06	-5.243483e-07	1.814009e-10	-2.841506e+00	1.856410e+01
5.600000e-06	-5.847110e-07	1.576604e-10	-3.168618e+00	1.591948e+01
5.610000e-06	-6.451013e-07	1.347989e-10	-3.495880e+00	1.326130e+01
5.620000e-06	-7.054025e-07	1.117898e-10	-3.822659e+00	1.059281e+01
5.630000e-06	-7.656606e-07	8.817275e-11	-4.149205e+00	7.917291e+00
5.640000e-06	-8.259215e-07	6.309324e-11	-4.475767e+00	5.237973e+00
5.650000e-06	-8.861291e-07	3.723591e-11	-4.802039e+00	2.558050e+00
5.660000e-06	-9.462775e-07	1.174830e-11	-5.127990e+00	-1.193602e-01
5.670000e-06	-1.006379e-06	-1.251389e-11	-5.453685e+00	-2.791235e+00
5.680000e-06	-1.066437e-06	-3.551786e-11	-5.779150e+00	-5.454667e+00
5.690000e-06	-1.126439e-06	-5.806058e-11	-6.104306e+00	-8.106882e+00
5.700000e-06	-1.186411e-06	-8.139324e-11	-6.429302e+00	-1.074525e+01
5.710000e-06	-1.246340e-06	-1.054774e-10	-6.754064e+00	-1.336732e+01
5.720000e-06	-1.306124e-06	-1.286026e-10	-7.078038e+00	-1.597078e+01
5.730000e-06	-1.365767e-06	-1.513548e-10	-7.401253e+00	-1.855354e+01
5.740000e-06	-1.425361e-06	-1.744291e-10	-7.724200e+00	-2.111367e+01
5.750000e-06	-1.484915e-06	-1.973350e-10	-8.046928e+00	-2.364945e+01
5.760000e-06	-1.544383e-06	-2.208260e-10	-8.369195e+00	-2.615935e+01
5.770000e-06	-1.603696e-06	-2.446966e-10	-8.690621e+00	-2.864202e+01
5.780000e-06	-1.662869e-06	-2.685322e-10	-9.011283e+00	-3.109633e+01
5.790000e-06	-1.721971e-06	-2.922265e-10	-9.331567e+00	-3.352131e+01
5.800000e-06	-1.781057e-06	-3.156638e-10	-9.651760e+00	-3.591619e+01
5.810000e-06	-1.840002e-06	-3.376640e-10	-9.971187e+00	-3.828037e+01
5.820000e-06	-1.898797e-06	-3.580898e-10	-1.028981e+01	-4.061342e+01
5.830000e-06	-1.957379e-06	-3.797420e-10	-1.060727e+01	-4.291504e+01
5.840000e-06	-2.015793e-06	-4.029744e-10	-1.092382e+01	-4.518511e+01
5.850000e-06	-2.074095e-06	-4.252454e-10	-1.123977e+01	-4.742362e+01
5.860000e-06	-2.132255e-06	-4.457434e-10	-1.155494e+01	-4.963068e+01
5.870000e-06	-2.190255e-06	-4.657067e-10	-1.186925e+01	-5.180652e+01
5.880000e-06	-2.247993e-06	-4.852881e-10	-1.218214e+01	-5.395144e+01
5.890000e-06	-2.305555e-06	-5.043148e-10	-1.249407e+01	-5.606584e+01
5.900000e-06	-2.362991e-06	-5.243561e-10	-1.280533e+01	-5.815018e+01
5.910000e-06	-2.420330e-06	-5.448531e-10	-1.311605e+01	-6.020496e+01
5.920000e-06	-2.477340e-06	-5.640079e-10	-1.342500e+01	-6.223076e+01
5.930000e-06	-2.534108e-06	-5.832799e-10	-1.373263e+01	-6.422813e+01
5.940000e-06	-2.590792e-06	-6.040421e-10	-1.403981e+01	-6.619770e+01
5.950000e-06	-2.647314e-06	-6.246828e-10	-1.434611e+01	-6.814007e+01
5.960000e-06	-2.703751e-06	-6.432483e-10	-1.465194e+01	-7.005584e+01
5.970000e-06	-2.760123e-06	-6.601243e-10	-1.495744e+01	-7.194562e+01
5.980000e-06	-2.816357e-06	-6.762139e-10	-1.526217e+01	-7.380998e+01
5.990000e-06	-2.872338e-06	-6.929265e-10	-1.556554e+01	-7.564947e+01
6.000000e-06	-2.928075e-06	-7.101898e-10	-1.586758e+01	-7.746462e+01
6.010000e-06	-2.983770e-06	-7.266587e-10	-1.616940e+01	-7.925591e+01
6.020000e-06	-3.039306e-06	-7.416848e-10	-1.647036e+01	-8.102378e+01
6.030000e-06	-3.094423e-06	-7.569044e-10	-1.676905e+01	-8.276865e+01
6.040000e-06	-3.149164e-06	-7.735036e-10	-1.706569e+01	-8.449085e+01
6.050000e-06	-3.203485e-06	-7.896785e-10	-1.736007e+01	-8.619072e+01
6.060000e-06	-3.257453e-06	-8.049536e-10	-1.765252e+01	-8.786849e+01
6.070000e-06	-3.311220e-06	-8.192635e-10	-1.794389e+01	-8.952440e+01
6.080000e-06	-3.364605e-06	-8.338757e-10	-1.823319e+01	-9.115862e+01
6.090000e-06	-3.417558e-06	-8.499773e-10	-1.852015e+01	-9.277126e+01
6.100000e-06	-3.470280e-06	-8.661870e-10	-1.880586e+01	-9.436243e+01
6.110000e-06	-3.522793e-06	-8.808272e-10	-1.909043e+01	-9.593216e+01
6.120000e-06	-3.575057e-06	-8.940595e-10	-1.937366e+01	-9.748047e+01
6.130000e-06	-3.626975e-06	-9.073057e-10	-1.965501e+01	-9.900734e+01
6.140000e-06	-3.678652e-06	-9.214450e-10	-1.993505e+01	-1.005127e+02
6.150000e-06	-3.730158e-06	-9.360619e-10	-2.021417e+01	-1.019966e+02
6.160000e-06	-3.781367e-06	-9.497889e-10	-2.049167e+01	-1.034588e+02
6.170000e-06	-3.832309e-06	-9.625446e-10	-2.076774e+01	-1.048993e+02
6.180000e-06	-3.882940e-06	-9.749520e-10	-2.104211e+01	-1.063179e+02
6.190000e-06	-3.933220e-06	-9.872257e-10	-2.131458e+01	-1.077147e+02
6.200000e-06	-3.983292e-06	-9.991029e-10	-2.158593e+01	-1.090893e+02
6.210000e-06	-4.033013e-06	-1.009879e-09	-2.185537e+01	-1.104419e+02
6.220000e-06	-4.082193e-06	-1.020211e-09	-2.212189e+01	-1.117722e+02
6.230000e-06	-4.130921e-06	-1.031787e-09	-2.238595e+01	-1.130801e+02
6.240000e-06	-4.179273e-06	-1.044430e-09	-2.264798e+01	-1.143657e+02
6.250000e-06	-4.227139e-06	-1.056680e-09	-2.290736e+01	-1.156289e+02
6.260000e-06	-4.274544e-06	-1.067421e-09	-2.316426e+01	-1.168697e+02
6.270000e-06	-4.321759e-06	-1.076801e-09	-2.342012e+01	-1.180881e+02
6.280000e-06	-4.368752e-06	-1.087639e-09	-2.367478e+01	-1.192841e+02
6.290000e-06	-4.415514e-06	-1.100337e-09	-2.392819e+01	-1.204577e+02
6.300000e-06	-4.462075e-06	-1.111738e-09	-2.418051e+01	-1.216092e+02
6.310000e-06	-4.508310e-06	-1.121394e-09	-2.443107e+01	-1.227387e+02
6.320000e-06	-4.554144e-06	-1.130407e-09	-2.467944e+01	-1.238462e+02
6.330000e-06	-4.599696e-06	-1.139650e-09	-2.492630e+01	-1.249320e+02
6.340000e-06	-4.644966e-06	-1.149625e-09	-2.517162e+01	-1.259963e+02
6.350000e-06	-4.689809e-06	-1.159590e-09	-2.541463e+01	-1.270394e+02
6.360000e-06	-4.734332e-06	-1.168619e-09	-2.565590e+01	-1.280616e+02
6.370000e-06	-4.778564e-06	-1.177135e-09	-2.589561e+01	-1.290631e+02
6.380000e-06	-4.822655e-06	-1.186233e-09	-2.613454e+01	-1.300443e+02
6.390000e-06	-4.866603e-06	-1.195175e-09	-2.637270e+01	-1.310055e+02
6.400000e-06	-4.910296e-06	-1.202680e-09	-2.660948e+01	-1.319471e+02
6.410000e-06	-4.953584e-06	-1.209898e-09	-2.684406e+01	-1.328694e+02
6.420000e-06	-4.996413e-06	-1.218758e-09	-2.707615e+01	-1.337729e+02
6.430000e-06	-5.038993e-06	-1.228318e-09	-2.730690e+01	-1.346579e+02
6.440000e-06	-5.081261e-06	-1.237046e-09	-2.753596e+01	-1.355249e+02
6.450000e-06	-5.123167e-06	-1.243649e-09	-2.776305e+01	-1.363741e+02
6.460000e-06	-5.164698e-06	-1.249197e-09	-2.798811e+01	-1.372061e+02
6.470000e-06	-5.205852e-06	-1.256734e-09	-2.821113e+01	-1.380212e+02
6.480000e-06	-5.246639e-06	-1.264721e-09	-2.843216e+01	-1.388198e+02
6.490000e-06	-5.287085e-06	-1.272320e-09	-2.865134e+01	-1.396023e+02
6.500000e-06	-5.327327e-06	-1.278961e-09	-2.886942e+01	-1.403690e+02
6.510000e-06	-5.367388e-06	-1.284128e-09	-2.908651e+01	-1.411203e+02
6.520000e-06	-5.407117e-06	-1.290356e-09	-2.930181e+01	-1.418566e+02
6.530000e-06	-5.446275e-06	-1.296230e-09	-2.951401e+01	-1.425781e+02
6.540000e-06	-5.484886e-06	-1.301359e-09	-2.972325e+01	-1.432852e+02
6.550000e-06	-5.522940e-06	-1.307250e-09	-2.992946e+01	-1.439782e+02
6.560000e-06	-5.560259e-06	-1.313503e-09	-3.013170e+01	-1.446575e+02
6.570000e-06	-5.597067e-06	-1.320233e-09	-3.033117e+01	-1.453232e+02
6.580000e-06	-5.633548e-06	-1.326018e-09	-3.052887e+01	-1.459758e+02
6.590000e-06	-5.669735e-06	-1.331194e-09	-3.072496e+01	-1.466154e+02
6.600000e-06	-5.705654e-06	-1.336536e-09	-3.091961e+01	-1.472423e+02
6.610000e-06	-5.741189e-06	-1.340710e-09	-3.111218e+01	-1.478568e+02
6.620000e-06	-5.776270e-06	-1.344907e-09	-3.130229e+01	-1.484593e+02
6.630000e-06	-5.811025e-06	-1.349514e-09	-3.149063e+01	-1.490498e+02
6.640000e-06	-5.845430e-06	-1.352451e-09	-3.167708e+01	-1.496288e+02
6.650000e-06	-5.879408e-06	-1.355168e-09	-3.186121e+01	-1.501964e+02
6.660000e-06	-5.913047e-06	-1.359113e-09	-3.204350e+01	-1.507531e+02
6.670000e-06	-5.946204e-06	-1.363969e-09	-3.222318e+01	-1.512990e+02
6.680000e-06	-5.978840e-06	-1.369139e-09	-3.240004e+01	-1.518344e+02
6.690000e-06	-6.011185e-06	-1.372284e-09	-3.257532e+01	-1.523597e+02
6.700000e-06	-6.043339e-06	-1.375061e-09	-3.274957e+01	-1.528751e+02
6.710000e-06	-6.075143e-06	-1.379434e-09	-3.292192e+01	-1.533810e+02
6.720000e-06	-6.106478e-06	-1.383753e-09	-3.309173e+01	-1.538777e+02
6.730000e-06	-6.137111e-06	-1.387013e-09	-3.325773e+01	-1.543655e+02
6.740000e-06	-6.166917e-06	-1.389345e-09	-3.341925e+01	-1.548447e+02
6.750000e-06	-6.196143e-06	-1.392504e-09	-3.357763e+01	-1.553156e+02
6.760000e-06	-6.224839e-06	-1.397568e-09	-3.373314e+01	-1.557787e+02
6.770000e-06	-6.253152e-06	-1.401405e-09	-3.388657e+01	-1.562340e+02
6.780000e-06	-6.281354e-06	-1.403424e-09	-3.403940e+01	-1.566821e+02
6.790000e-06	-6.309204e-06	-1.404610e-09	-3.419033e+01	-1.571232e+02
6.800000e-06	-6.336586e-06	-1.405355e-09	-3.433871e+01	-1.575575e+02
6.810000e-06	-6.363500e-06	-1.407621e-09	-3.448456e+01	-1.579853e+02
6.820000e-06	-6.389868e-06	-1.410011e-09	-3.462745e+01	-1.584069e+02
6.830000e-06	-6.415640e-06	-1.412542e-09	-3.476711e+01	-1.588224e+02
6.840000e-06	-6.440876e-06	-1.414871e-09	-3.490387e+01	-1.592321e+02
6.850000e-06	-6.465671e-06	-1.416506e-09	-3.503823e+01	-1.596360e+02
6.860000e-06	-6.490151e-06	-1.418883e-09	-3.517090e+01	-1.600344e+02
6.870000e-06	-6.514468e-06	-1.422082e-09	-3.530267e+01	-1.604274e+02
6.880000e-06	-6.538521e-06	-1.425879e-09	-3.543302e+01	-1.608149e+02
6.890000e-06	-6.562115e-06	-1.430378e-09	-3.556088e+01	-1.611969e+02
6.900000e-06	-6.585170e-06	-1.434075e-09	-3.568581e+01	-1.615736e+02
6.910000e-06	-6.607473e-06	-1.436165e-09	-3.580668e+01	-1.619448e+02
6.920000e-06	-6.628919e-06	-1.438681e-09	-3.592290e+01	-1.623105e+02
6.930000e-06	-6.649829e-06	-1.441540e-09	-3.603621e+01	-1.626705e+02
6.940000e-06	-6.670366e-06	-1.442470e-09	-3.614750e+01	-1.630248e+02
6.950000e-06	-6.690614e-06	-1.443425e-09	-3.625723e+01	-1.633730e+02
6.960000e-06	-6.710453e-06	-1.447254e-09	-3.636474e+01	-1.637151e+02
6.970000e-06	-6.729813e-06	-1.451606e-09	-3.646965e+01	-1.640509e+02
6.980000e-06	-6.748719e-06	-1.453593e-09	-3.657211e+01	-1.643801e+02
6.990000e-06	-6.767106e-06	-1.454269e-09	-3.667175e+01	-1.647024e+02
7.000000e-06	-6.785050e-06	-1.455447e-09	-3.676899e+01	-1.650177e+02
7.010000e-06	-6.802578e-06	-1.456081e-09	-3.686397e+01	-1.653256e+02
7.020000e-06	-6.819660e-06	-1.456180e-09	-3.695654e+01	-1.656260e+02
7.030000e-06	-6.836284e-06	-1.456556e-09	-3.704663e+01	-1.659186e+02
7.040000e-06	-6.852608e-06	-1.459097e-09	-3.713509e+01	-1.662032e+02
7.050000e-06	-6.868662e-06	-1.463428e-09	-3.722209e+01	-1.664796e+02
7.060000e-06	-6.884241e-06	-1.467181e-09	-3.730652e+01	-1.667475e+02
7.070000e-06	-6.898859e-06	-1.469824e-09	-3.738573e+01	-1.670068e+02
7.080000e-06	-6.912498e-06	-1.470446e-09	-3.745965e+01	-1.672573e+02
7.090000e-06	-6.925647e-06	-1.471314e-09	-3.753090e+01	-1.674989e+02
7.100000e-06	-6.938271e-06	-1.473673e-09	-3.759931e+01	-1.677315e+02
7.110000e-06	-6.950323e-06	-1.476469e-09	-3.766462e+01	-1.679549e+02
7.120000e-06	-6.961909e-06	-1.478711e-09	-3.772741e+01	-1.681693e+02
7.130000e-06	-6.973022e-06	-1.479472e-09	-3.778763e+01	-1.683744e+02
7.140000e-06	-6.983641e-06	-1.479736e-09	-3.784517e+01	-1.685703e+02
7.150000e-06	-6.993802e-06	-1.480232e-09	-3.790024e+01	-1.687570e+02
7.160000e-06	-7.003475e-06	-1.481026e-09	-3.795266e+01	-1.689345e+02
7.170000e-06	-7.012667e-06	-1.480933e-09	-3.800247e+01	-1.691029e+02
7.180000e-06	-7.021425e-06	-1.481307e-09	-3.804993e+01	-1.692623e+02
7.190000e-06	-7.029820e-06	-1.482491e-09	-3.809543e+01	-1.694126e+02
7.200000e-06	-7.037851e-06	-1.482904e-09	-3.813895e+01	-1.695541e+02
7.210000e-06	-7.045372e-06	-1.482784e-09	-3.817970e+01	-1.696867e+02
7.220000e-06	-7.052266e-06	-1.481260e-09	-3.821706e+01	-1.698105e+02
7.230000e-06	-7.058352e-06	-1.479271e-09	-3.825004e+01	-1.699258e+02
7.240000e-06	-7.063614e-06	-1.478294e-09	-3.827856e+01	-1.700324e+02
7.250000e-06	-7.068312e-06	-1.478200e-09	-3.830402e+01	-1.701306e+02
7.260000e-06	-7.072678e-06	-1.479795e-09	-3.832768e+01	-1.702204e+02
7.270000e-06	-7.076779e-06	-1.480171e-09	-3.834990e+01	-1.703018e+02
7.280000e-06	-7.080471e-06	-1.479384e-09	-3.836991e+01	-1.703750e+02
7.290000e-06	-7.083620e-06	-1.480076e-09	-3.838697e+01	-1.704400e+02
7.300000e-06	-7.086133e-06	-1.479836e-09	-3.840060e+01	-1.704967e+02
7.310000e-06	-7.088170e-06	-1.478746e-09	-3.841163e+01	-1.705453e+02
7.320000e-06	-7.089804e-06	-1.477534e-09	-3.842049e+01	-1.705859e+02
7.330000e-06	-7.090855e-06	-1.476444e-09	-3.842618e+01	-1.706183e+02
7.340000e-06	-7.091450e-06	-1.475703e-09	-3.842940e+01	-1.706427e+02
