# Temperatura_=_20.0
# Concentracion g/m^3_=_7400.0
# C_Vs_to_Am_M_A/Vsm_=_116720831517.84952
# pendiente_HvsI_1/m_=_3716.3
# ordenada_HvsI_A/m_=_1297.0
# frecuencia_Hz_=_136114.51647203186

Tiempo_(s)	Campo_(V.s)	Magnetizacion_(V.s)	Campo_(kA/m)	Magnetizacion_(A/m)
0.000000e+00	-7.111744e-06	-1.385035e-09	-3.842105e+01	-1.597099e+02
1.000000e-08	-7.112065e-06	-1.383375e-09	-3.842279e+01	-1.597117e+02
2.000000e-08	-7.112078e-06	-1.382729e-09	-3.842285e+01	-1.597053e+02
3.000000e-08	-7.111525e-06	-1.382340e-09	-3.841987e+01	-1.596911e+02
4.000000e-08	-7.110227e-06	-1.382565e-09	-3.841286e+01	-1.596692e+02
5.000000e-08	-7.108208e-06	-1.381506e-09	-3.840195e+01	-1.596396e+02
6.000000e-08	-7.105479e-06	-1.379940e-09	-3.838721e+01	-1.596025e+02
7.000000e-08	-7.102207e-06	-1.378997e-09	-3.836953e+01	-1.595581e+02
8.000000e-08	-7.098519e-06	-1.377988e-09	-3.834961e+01	-1.595066e+02
9.000000e-08	-7.094309e-06	-1.385239e-09	-3.832686e+01	-1.594481e+02
1.000000e-07	-7.089410e-06	-1.387975e-09	-3.830039e+01	-1.593828e+02
1.100000e-07	-7.083881e-06	-1.353082e-09	-3.827052e+01	-1.593109e+02
1.200000e-07	-7.077889e-06	-1.333153e-09	-3.823815e+01	-1.592326e+02
1.300000e-07	-7.071613e-06	-1.406975e-09	-3.820424e+01	-1.591482e+02
1.400000e-07	-7.064982e-06	-1.444309e-09	-3.816842e+01	-1.590579e+02
1.500000e-07	-7.057808e-06	-1.340555e-09	-3.812966e+01	-1.589620e+02
1.600000e-07	-7.050263e-06	-1.289927e-09	-3.808890e+01	-1.588607e+02
1.700000e-07	-7.042268e-06	-1.414064e-09	-3.804571e+01	-1.587542e+02
1.800000e-07	-7.033768e-06	-1.464091e-09	-3.799979e+01	-1.586430e+02
1.900000e-07	-7.024580e-06	-1.302549e-09	-3.795015e+01	-1.585272e+02
2.000000e-07	-7.014760e-06	-1.256912e-09	-3.789710e+01	-1.584072e+02
2.100000e-07	-7.004449e-06	-1.441448e-09	-3.784139e+01	-1.582833e+02
2.200000e-07	-6.993558e-06	-1.472388e-09	-3.778255e+01	-1.581557e+02
2.300000e-07	-6.982039e-06	-1.279545e-09	-3.772032e+01	-1.580247e+02
2.400000e-07	-6.969890e-06	-1.269273e-09	-3.765469e+01	-1.578908e+02
2.500000e-07	-6.957212e-06	-1.440355e-09	-3.758619e+01	-1.577540e+02
2.600000e-07	-6.943930e-06	-1.406039e-09	-3.751444e+01	-1.576147e+02
2.700000e-07	-6.930095e-06	-1.261902e-09	-3.743970e+01	-1.574732e+02
2.800000e-07	-6.915548e-06	-1.335805e-09	-3.736111e+01	-1.573297e+02
2.900000e-07	-6.900164e-06	-1.429849e-09	-3.727799e+01	-1.571844e+02
3.000000e-07	-6.884248e-06	-1.318441e-09	-3.719201e+01	-1.570375e+02
3.100000e-07	-6.867975e-06	-1.282108e-09	-3.710410e+01	-1.568891e+02
3.200000e-07	-6.851142e-06	-1.400671e-09	-3.701315e+01	-1.567394e+02
3.300000e-07	-6.833943e-06	-1.357809e-09	-3.692024e+01	-1.565885e+02
3.400000e-07	-6.816385e-06	-1.246511e-09	-3.682538e+01	-1.564365e+02
3.500000e-07	-6.798271e-06	-1.353971e-09	-3.672752e+01	-1.562834e+02
3.600000e-07	-6.779595e-06	-1.424120e-09	-3.662662e+01	-1.561292e+02
3.700000e-07	-6.760479e-06	-1.269072e-09	-3.652335e+01	-1.559739e+02
3.800000e-07	-6.740985e-06	-1.248666e-09	-3.641803e+01	-1.558174e+02
3.900000e-07	-6.721084e-06	-1.399035e-09	-3.631052e+01	-1.556596e+02
4.000000e-07	-6.700742e-06	-1.351678e-09	-3.620062e+01	-1.555003e+02
4.100000e-07	-6.679977e-06	-1.237003e-09	-3.608844e+01	-1.553394e+02
4.200000e-07	-6.658765e-06	-1.330593e-09	-3.597384e+01	-1.551768e+02
4.300000e-07	-6.636997e-06	-1.379873e-09	-3.585624e+01	-1.550120e+02
4.400000e-07	-6.614676e-06	-1.270650e-09	-3.573565e+01	-1.548450e+02
4.500000e-07	-6.591900e-06	-1.284954e-09	-3.561261e+01	-1.546754e+02
4.600000e-07	-6.568741e-06	-1.357623e-09	-3.548749e+01	-1.545028e+02
4.700000e-07	-6.545334e-06	-1.284432e-09	-3.536103e+01	-1.543271e+02
4.800000e-07	-6.521654e-06	-1.259889e-09	-3.523310e+01	-1.541478e+02
4.900000e-07	-6.497499e-06	-1.346339e-09	-3.510261e+01	-1.539647e+02
5.000000e-07	-6.472609e-06	-1.315874e-09	-3.496814e+01	-1.537773e+02
5.100000e-07	-6.446889e-06	-1.248184e-09	-3.482918e+01	-1.535853e+02
5.200000e-07	-6.420585e-06	-1.301766e-09	-3.468708e+01	-1.533884e+02
5.300000e-07	-6.393740e-06	-1.317731e-09	-3.454205e+01	-1.531862e+02
5.400000e-07	-6.366510e-06	-1.258494e-09	-3.439494e+01	-1.529783e+02
5.500000e-07	-6.338973e-06	-1.277564e-09	-3.424617e+01	-1.527644e+02
5.600000e-07	-6.310957e-06	-1.307134e-09	-3.409482e+01	-1.525443e+02
5.700000e-07	-6.282502e-06	-1.267558e-09	-3.394109e+01	-1.523175e+02
5.800000e-07	-6.253579e-06	-1.266093e-09	-3.378483e+01	-1.520838e+02
5.900000e-07	-6.224233e-06	-1.291915e-09	-3.362629e+01	-1.518429e+02
6.000000e-07	-6.194598e-06	-1.266475e-09	-3.346619e+01	-1.515945e+02
6.100000e-07	-6.164497e-06	-1.255224e-09	-3.330357e+01	-1.513385e+02
6.200000e-07	-6.133878e-06	-1.276908e-09	-3.313815e+01	-1.510744e+02
6.300000e-07	-6.102870e-06	-1.266783e-09	-3.297063e+01	-1.508022e+02
6.400000e-07	-6.071628e-06	-1.254182e-09	-3.280185e+01	-1.505217e+02
6.500000e-07	-6.040098e-06	-1.264328e-09	-3.263151e+01	-1.502326e+02
6.600000e-07	-6.008128e-06	-1.256797e-09	-3.245879e+01	-1.499348e+02
6.700000e-07	-5.975681e-06	-1.246216e-09	-3.228349e+01	-1.496282e+02
6.800000e-07	-5.942644e-06	-1.253219e-09	-3.210501e+01	-1.493126e+02
6.900000e-07	-5.908898e-06	-1.248381e-09	-3.192270e+01	-1.489879e+02
7.000000e-07	-5.874370e-06	-1.238903e-09	-3.173616e+01	-1.486540e+02
7.100000e-07	-5.839302e-06	-1.240526e-09	-3.154671e+01	-1.483108e+02
7.200000e-07	-5.803989e-06	-1.234745e-09	-3.135593e+01	-1.479582e+02
7.300000e-07	-5.768488e-06	-1.227581e-09	-3.116414e+01	-1.475961e+02
7.400000e-07	-5.732728e-06	-1.230911e-09	-3.097095e+01	-1.472245e+02
7.500000e-07	-5.696526e-06	-1.227493e-09	-3.077537e+01	-1.468434e+02
7.600000e-07	-5.659861e-06	-1.219641e-09	-3.057728e+01	-1.464526e+02
7.700000e-07	-5.622752e-06	-1.220179e-09	-3.037680e+01	-1.460521e+02
7.800000e-07	-5.585186e-06	-1.217933e-09	-3.017385e+01	-1.456418e+02
7.900000e-07	-5.547281e-06	-1.208585e-09	-2.996907e+01	-1.452219e+02
8.000000e-07	-5.508970e-06	-1.202858e-09	-2.976210e+01	-1.447921e+02
8.100000e-07	-5.470250e-06	-1.198587e-09	-2.955292e+01	-1.443525e+02
8.200000e-07	-5.431185e-06	-1.193288e-09	-2.934186e+01	-1.439032e+02
8.300000e-07	-5.391957e-06	-1.191168e-09	-2.912994e+01	-1.434441e+02
8.400000e-07	-5.352562e-06	-1.188721e-09	-2.891711e+01	-1.429751e+02
8.500000e-07	-5.312791e-06	-1.182611e-09	-2.870225e+01	-1.424965e+02
8.600000e-07	-5.272532e-06	-1.176662e-09	-2.848475e+01	-1.420081e+02
8.700000e-07	-5.231832e-06	-1.172393e-09	-2.826486e+01	-1.415101e+02
8.800000e-07	-5.190731e-06	-1.167748e-09	-2.804282e+01	-1.410024e+02
8.900000e-07	-5.149129e-06	-1.161502e-09	-2.781807e+01	-1.404853e+02
9.000000e-07	-5.106888e-06	-1.154079e-09	-2.758986e+01	-1.399587e+02
9.100000e-07	-5.064002e-06	-1.149162e-09	-2.735817e+01	-1.394228e+02
9.200000e-07	-5.020743e-06	-1.145944e-09	-2.712446e+01	-1.388777e+02
9.300000e-07	-4.977247e-06	-1.140979e-09	-2.688947e+01	-1.383235e+02
9.400000e-07	-4.933536e-06	-1.134674e-09	-2.665333e+01	-1.377604e+02
9.500000e-07	-4.889525e-06	-1.128402e-09	-2.641556e+01	-1.371885e+02
9.600000e-07	-4.845201e-06	-1.123572e-09	-2.617610e+01	-1.366079e+02
9.700000e-07	-4.800628e-06	-1.119478e-09	-2.593529e+01	-1.360189e+02
9.800000e-07	-4.755596e-06	-1.113748e-09	-2.569201e+01	-1.354215e+02
9.900000e-07	-4.710139e-06	-1.106985e-09	-2.544643e+01	-1.348160e+02
1.000000e-06	-4.664485e-06	-1.100135e-09	-2.519979e+01	-1.342024e+02
1.010000e-06	-4.618497e-06	-1.094712e-09	-2.495134e+01	-1.335810e+02
1.020000e-06	-4.572164e-06	-1.090210e-09	-2.470102e+01	-1.329518e+02
1.030000e-06	-4.525540e-06	-1.084672e-09	-2.444914e+01	-1.323150e+02
1.040000e-06	-4.478632e-06	-1.078398e-09	-2.419572e+01	-1.316707e+02
1.050000e-06	-4.431371e-06	-1.073223e-09	-2.394039e+01	-1.310189e+02
1.060000e-06	-4.383815e-06	-1.068420e-09	-2.368347e+01	-1.303597e+02
1.070000e-06	-4.336059e-06	-1.063567e-09	-2.342547e+01	-1.296931e+02
1.080000e-06	-4.288060e-06	-1.057478e-09	-2.316615e+01	-1.290190e+02
1.090000e-06	-4.239672e-06	-1.049272e-09	-2.290474e+01	-1.283374e+02
1.100000e-06	-4.190791e-06	-1.042185e-09	-2.264066e+01	-1.276483e+02
1.110000e-06	-4.141472e-06	-1.036584e-09	-2.237422e+01	-1.269514e+02
1.120000e-06	-4.091647e-06	-1.030499e-09	-2.210504e+01	-1.262466e+02
1.130000e-06	-4.041437e-06	-1.023508e-09	-2.183378e+01	-1.255337e+02
1.140000e-06	-3.990885e-06	-1.015302e-09	-2.156067e+01	-1.248124e+02
1.150000e-06	-3.939892e-06	-1.008111e-09	-2.128519e+01	-1.240823e+02
1.160000e-06	-3.888569e-06	-1.003479e-09	-2.100791e+01	-1.233433e+02
1.170000e-06	-3.837057e-06	-9.983613e-10	-2.072962e+01	-1.225948e+02
1.180000e-06	-3.785263e-06	-9.914528e-10	-2.044980e+01	-1.218365e+02
1.190000e-06	-3.733136e-06	-9.838476e-10	-2.016819e+01	-1.210680e+02
1.200000e-06	-3.680832e-06	-9.768456e-10	-1.988562e+01	-1.202887e+02
1.210000e-06	-3.628163e-06	-9.709346e-10	-1.960108e+01	-1.194983e+02
1.220000e-06	-3.575111e-06	-9.643379e-10	-1.931447e+01	-1.186961e+02
1.230000e-06	-3.521873e-06	-9.558767e-10	-1.902684e+01	-1.178818e+02
1.240000e-06	-3.468431e-06	-9.475573e-10	-1.873813e+01	-1.170548e+02
1.250000e-06	-3.414789e-06	-9.409111e-10	-1.844833e+01	-1.162146e+02
1.260000e-06	-3.360907e-06	-9.360212e-10	-1.815723e+01	-1.153607e+02
1.270000e-06	-3.306627e-06	-9.298718e-10	-1.786399e+01	-1.144927e+02
1.280000e-06	-3.252002e-06	-9.211894e-10	-1.756887e+01	-1.136101e+02
1.290000e-06	-3.197215e-06	-9.131533e-10	-1.727289e+01	-1.127126e+02
1.300000e-06	-3.142331e-06	-9.070774e-10	-1.697638e+01	-1.117997e+02
1.310000e-06	-3.087239e-06	-9.002799e-10	-1.667874e+01	-1.108711e+02
1.320000e-06	-3.031954e-06	-8.915806e-10	-1.638007e+01	-1.099265e+02
1.330000e-06	-2.976584e-06	-8.826504e-10	-1.608094e+01	-1.089657e+02
1.340000e-06	-2.921089e-06	-8.740705e-10	-1.578112e+01	-1.079885e+02
1.350000e-06	-2.865543e-06	-8.667275e-10	-1.548104e+01	-1.069946e+02
1.360000e-06	-2.809797e-06	-8.598819e-10	-1.517987e+01	-1.059842e+02
1.370000e-06	-2.753861e-06	-8.515958e-10	-1.487768e+01	-1.049570e+02
1.380000e-06	-2.697846e-06	-8.427317e-10	-1.457506e+01	-1.039130e+02
1.390000e-06	-2.641670e-06	-8.342853e-10	-1.427157e+01	-1.028525e+02
1.400000e-06	-2.585250e-06	-8.269015e-10	-1.396676e+01	-1.017753e+02
1.410000e-06	-2.528539e-06	-8.186242e-10	-1.366038e+01	-1.006817e+02
1.420000e-06	-2.471533e-06	-8.079970e-10	-1.335241e+01	-9.957170e+01
1.430000e-06	-2.414204e-06	-7.978651e-10	-1.304269e+01	-9.844558e+01
1.440000e-06	-2.356480e-06	-7.888964e-10	-1.273084e+01	-9.730349e+01
1.450000e-06	-2.298392e-06	-7.799054e-10	-1.241702e+01	-9.614562e+01
1.460000e-06	-2.240164e-06	-7.699207e-10	-1.210244e+01	-9.497214e+01
1.470000e-06	-2.181770e-06	-7.585492e-10	-1.178697e+01	-9.378322e+01
1.480000e-06	-2.123112e-06	-7.471052e-10	-1.147007e+01	-9.257900e+01
1.490000e-06	-2.064258e-06	-7.370544e-10	-1.115211e+01	-9.135959e+01
1.500000e-06	-2.005238e-06	-7.284583e-10	-1.083326e+01	-9.012505e+01
1.510000e-06	-1.946053e-06	-7.193385e-10	-1.051351e+01	-8.887540e+01
1.520000e-06	-1.886744e-06	-7.085438e-10	-1.019310e+01	-8.761059e+01
1.530000e-06	-1.827384e-06	-6.980332e-10	-9.872405e+00	-8.633049e+01
1.540000e-06	-1.767965e-06	-6.887105e-10	-9.551395e+00	-8.503491e+01
1.550000e-06	-1.708475e-06	-6.785778e-10	-9.229999e+00	-8.372357e+01
1.560000e-06	-1.648918e-06	-6.665076e-10	-8.908248e+00	-8.239610e+01
1.570000e-06	-1.589306e-06	-6.540681e-10	-8.586193e+00	-8.105203e+01
1.580000e-06	-1.529578e-06	-6.427617e-10	-8.263511e+00	-7.969081e+01
1.590000e-06	-1.469716e-06	-6.317621e-10	-7.940110e+00	-7.831179e+01
1.600000e-06	-1.409759e-06	-6.200436e-10	-7.616194e+00	-7.691421e+01
1.610000e-06	-1.349760e-06	-6.081746e-10	-7.292051e+00	-7.549724e+01
1.620000e-06	-1.289759e-06	-5.956173e-10	-6.967894e+00	-7.405994e+01
1.630000e-06	-1.229601e-06	-5.830549e-10	-6.642895e+00	-7.260129e+01
1.640000e-06	-1.169272e-06	-5.708477e-10	-6.316969e+00	-7.112020e+01
1.650000e-06	-1.108924e-06	-5.589049e-10	-5.990941e+00	-6.961552e+01
1.660000e-06	-1.048629e-06	-5.475502e-10	-5.665194e+00	-6.808601e+01
1.670000e-06	-9.883400e-07	-5.353967e-10	-5.339487e+00	-6.653043e+01
1.680000e-06	-9.279260e-07	-5.231466e-10	-5.013101e+00	-6.494746e+01
1.690000e-06	-8.674529e-07	-5.098093e-10	-4.686397e+00	-6.333580e+01
1.700000e-06	-8.068470e-07	-4.956418e-10	-4.358974e+00	-6.169412e+01
1.710000e-06	-7.460629e-07	-4.819947e-10	-4.030589e+00	-6.002112e+01
1.720000e-06	-6.853430e-07	-4.678765e-10	-3.702551e+00	-5.831550e+01
1.730000e-06	-6.246035e-07	-4.540643e-10	-3.374407e+00	-5.657605e+01
1.740000e-06	-5.637579e-07	-4.406124e-10	-3.045691e+00	-5.480157e+01
1.750000e-06	-5.028574e-07	-4.271137e-10	-2.716677e+00	-5.299098e+01
1.760000e-06	-4.418833e-07	-4.125435e-10	-2.387265e+00	-5.114329e+01
1.770000e-06	-3.808210e-07	-3.968599e-10	-2.057378e+00	-4.925760e+01
1.780000e-06	-3.197225e-07	-3.809661e-10	-1.727294e+00	-4.733317e+01
1.790000e-06	-2.587372e-07	-3.643082e-10	-1.397822e+00	-4.536936e+01
1.800000e-06	-1.977647e-07	-3.468050e-10	-1.068420e+00	-4.336574e+01
1.810000e-06	-1.367106e-07	-3.289862e-10	-7.385761e-01	-4.132201e+01
1.820000e-06	-7.567907e-08	-3.120512e-10	-4.088546e-01	-3.923807e+01
1.830000e-06	-1.467432e-08	-2.948509e-10	-7.927771e-02	-3.711400e+01
1.840000e-06	4.626580e-08	-2.764977e-10	2.499501e-01	-3.495007e+01
1.850000e-06	1.072332e-07	-2.589989e-10	5.793250e-01	-3.274678e+01
1.860000e-06	1.683073e-07	-2.422725e-10	9.092769e-01	-3.050481e+01
1.870000e-06	2.293610e-07	-2.248560e-10	1.239118e+00	-2.822507e+01
1.880000e-06	2.903963e-07	-2.059532e-10	1.568860e+00	-2.590868e+01
1.890000e-06	3.515177e-07	-1.857912e-10	1.899067e+00	-2.355693e+01
1.900000e-06	4.124800e-07	-1.662264e-10	2.228415e+00	-2.117137e+01
1.910000e-06	4.733386e-07	-1.468018e-10	2.557202e+00	-1.875371e+01
1.920000e-06	5.342536e-07	-1.273892e-10	2.886294e+00	-1.630586e+01
1.930000e-06	5.951270e-07	-1.083548e-10	3.215161e+00	-1.382992e+01
1.940000e-06	6.559335e-07	-8.828809e-11	3.543667e+00	-1.132813e+01
1.950000e-06	7.165786e-07	-6.793144e-11	3.871301e+00	-8.802923e+00
1.960000e-06	7.772107e-07	-4.808599e-11	4.198865e+00	-6.256849e+00
1.970000e-06	8.378469e-07	-2.810760e-11	4.526451e+00	-3.692591e+00
1.980000e-06	8.983299e-07	-7.793279e-12	4.853209e+00	-1.112941e+00
1.990000e-06	9.588311e-07	1.252542e-11	5.180065e+00	1.479221e+00
2.000000e-06	1.019342e-06	3.259241e-11	5.506975e+00	4.080940e+00
2.010000e-06	1.079687e-06	5.273738e-11	5.832985e+00	6.689208e+00
2.020000e-06	1.139856e-06	7.417504e-11	6.158050e+00	9.300985e+00
2.030000e-06	1.199988e-06	9.710404e-11	6.482912e+00	1.191321e+01
2.040000e-06	1.260171e-06	1.190315e-10	6.808049e+00	1.452284e+01
2.050000e-06	1.320308e-06	1.388361e-10	7.132936e+00	1.712685e+01
2.060000e-06	1.380306e-06	1.584594e-10	7.457073e+00	1.972225e+01
2.070000e-06	1.440120e-06	1.798754e-10	7.780220e+00	2.230612e+01
2.080000e-06	1.499839e-06	2.024891e-10	8.102849e+00	2.487562e+01
2.090000e-06	1.559511e-06	2.232939e-10	8.425228e+00	2.742799e+01
2.100000e-06	1.619130e-06	2.424275e-10	8.747317e+00	2.996060e+01
2.110000e-06	1.678743e-06	2.635965e-10	9.069372e+00	3.247093e+01
2.120000e-06	1.738268e-06	2.855364e-10	9.390956e+00	3.495660e+01
2.130000e-06	1.797657e-06	3.058701e-10	9.711803e+00	3.741537e+01
2.140000e-06	1.856938e-06	3.243767e-10	1.003207e+01	3.984518e+01
2.150000e-06	1.916181e-06	3.403321e-10	1.035213e+01	4.224410e+01
2.160000e-06	1.975414e-06	3.572569e-10	1.067213e+01	4.461039e+01
2.170000e-06	2.034573e-06	3.770335e-10	1.099174e+01	4.694248e+01
2.180000e-06	2.093530e-06	3.966000e-10	1.131026e+01	4.923898e+01
2.190000e-06	2.152284e-06	4.142526e-10	1.162767e+01	5.149869e+01
2.200000e-06	2.210888e-06	4.307894e-10	1.194428e+01	5.372056e+01
2.210000e-06	2.269157e-06	4.473462e-10	1.225907e+01	5.590374e+01
2.220000e-06	2.327105e-06	4.646664e-10	1.257213e+01	5.804754e+01
2.230000e-06	2.384769e-06	4.810083e-10	1.288367e+01	6.015145e+01
2.240000e-06	2.442105e-06	4.962711e-10	1.319342e+01	6.221512e+01
2.250000e-06	2.499151e-06	5.128146e-10	1.350161e+01	6.423836e+01
2.260000e-06	2.555825e-06	5.297846e-10	1.380779e+01	6.622110e+01
2.270000e-06	2.612154e-06	5.457952e-10	1.411211e+01	6.816345e+01
2.280000e-06	2.668322e-06	5.605752e-10	1.441556e+01	7.006562e+01
2.290000e-06	2.724296e-06	5.737301e-10	1.471796e+01	7.192795e+01
2.300000e-06	2.780060e-06	5.867700e-10	1.501922e+01	7.375089e+01
2.310000e-06	2.835682e-06	6.022073e-10	1.531971e+01	7.553497e+01
2.320000e-06	2.891250e-06	6.186769e-10	1.561992e+01	7.728084e+01
2.330000e-06	2.946759e-06	6.347458e-10	1.591981e+01	7.898919e+01
2.340000e-06	3.002140e-06	6.491264e-10	1.621900e+01	8.066079e+01
2.350000e-06	3.057280e-06	6.610708e-10	1.651689e+01	8.229647e+01
2.360000e-06	3.112129e-06	6.721579e-10	1.681321e+01	8.389708e+01
2.370000e-06	3.166844e-06	6.830006e-10	1.710881e+01	8.546352e+01
2.380000e-06	3.221374e-06	6.938839e-10	1.740341e+01	8.699672e+01
2.390000e-06	3.275709e-06	7.061731e-10	1.769695e+01	8.849760e+01
2.400000e-06	3.329851e-06	7.203775e-10	1.798945e+01	8.996710e+01
2.410000e-06	3.383706e-06	7.343999e-10	1.828040e+01	9.140616e+01
2.420000e-06	3.437241e-06	7.474819e-10	1.856963e+01	9.281572e+01
2.430000e-06	3.490534e-06	7.602984e-10	1.885754e+01	9.419667e+01
2.440000e-06	3.543717e-06	7.721044e-10	1.914486e+01	9.554992e+01
2.450000e-06	3.596696e-06	7.824896e-10	1.943108e+01	9.687635e+01
2.460000e-06	3.649344e-06	7.927069e-10	1.971551e+01	9.817679e+01
2.470000e-06	3.701704e-06	8.030887e-10	1.999838e+01	9.945206e+01
2.480000e-06	3.753837e-06	8.129245e-10	2.028003e+01	1.007030e+02
2.490000e-06	3.805631e-06	8.227740e-10	2.055985e+01	1.019302e+02
2.500000e-06	3.857038e-06	8.327195e-10	2.083757e+01	1.031346e+02
2.510000e-06	3.908219e-06	8.421314e-10	2.111407e+01	1.043167e+02
2.520000e-06	3.959091e-06	8.510945e-10	2.138891e+01	1.054772e+02
2.530000e-06	4.009615e-06	8.596260e-10	2.166186e+01	1.066168e+02
2.540000e-06	4.059618e-06	8.682588e-10	2.193200e+01	1.077361e+02
2.550000e-06	4.109006e-06	8.769610e-10	2.219882e+01	1.088355e+02
2.560000e-06	4.158002e-06	8.857960e-10	2.246352e+01	1.099157e+02
2.570000e-06	4.206533e-06	8.940983e-10	2.272571e+01	1.109771e+02
2.580000e-06	4.254701e-06	9.013710e-10	2.298593e+01	1.120202e+02
2.590000e-06	4.302568e-06	9.088684e-10	2.324454e+01	1.130456e+02
2.600000e-06	4.350178e-06	9.167478e-10	2.350175e+01	1.140536e+02
2.610000e-06	4.397675e-06	9.244809e-10	2.375835e+01	1.150446e+02
2.620000e-06	4.444989e-06	9.322492e-10	2.401396e+01	1.160191e+02
2.630000e-06	4.491927e-06	9.401724e-10	2.426755e+01	1.169775e+02
2.640000e-06	4.538510e-06	9.481128e-10	2.451921e+01	1.179200e+02
2.650000e-06	4.584868e-06	9.554712e-10	2.476965e+01	1.188472e+02
2.660000e-06	4.630893e-06	9.621097e-10	2.501830e+01	1.197593e+02
2.670000e-06	4.676468e-06	9.673324e-10	2.526453e+01	1.206567e+02
2.680000e-06	4.721709e-06	9.717869e-10	2.550894e+01	1.215397e+02
2.690000e-06	4.766710e-06	9.785328e-10	2.575205e+01	1.224086e+02
2.700000e-06	4.811334e-06	9.864072e-10	2.599313e+01	1.232636e+02
2.710000e-06	4.855542e-06	9.934355e-10	2.623197e+01	1.241052e+02
2.720000e-06	4.899452e-06	1.001019e-09	2.646919e+01	1.249334e+02
2.730000e-06	4.943181e-06	1.009247e-09	2.670543e+01	1.257486e+02
2.740000e-06	4.986808e-06	1.017467e-09	2.694113e+01	1.265509e+02
2.750000e-06	5.030132e-06	1.024643e-09	2.717518e+01	1.273406e+02
2.760000e-06	5.073078e-06	1.030699e-09	2.740720e+01	1.281179e+02
2.770000e-06	5.115601e-06	1.037317e-09	2.763693e+01	1.288829e+02
2.780000e-06	5.157554e-06	1.044838e-09	2.786358e+01	1.296358e+02
2.790000e-06	5.198943e-06	1.051839e-09	2.808718e+01	1.303766e+02
2.800000e-06	5.239730e-06	1.057804e-09	2.830754e+01	1.311056e+02
2.810000e-06	5.279972e-06	1.063681e-09	2.852494e+01	1.318227e+02
2.820000e-06	5.319771e-06	1.069532e-09	2.873996e+01	1.325280e+02
2.830000e-06	5.359315e-06	1.075792e-09	2.895359e+01	1.332216e+02
2.840000e-06	5.398707e-06	1.082658e-09	2.916640e+01	1.339035e+02
2.850000e-06	5.437850e-06	1.088931e-09	2.937787e+01	1.345736e+02
2.860000e-06	5.476638e-06	1.093010e-09	2.958743e+01	1.352321e+02
2.870000e-06	5.515056e-06	1.096570e-09	2.979497e+01	1.358788e+02
2.880000e-06	5.553011e-06	1.101699e-09	3.000003e+01	1.365138e+02
2.890000e-06	5.590496e-06	1.107465e-09	3.020254e+01	1.371369e+02
2.900000e-06	5.627608e-06	1.113340e-09	3.040304e+01	1.377483e+02
2.910000e-06	5.664237e-06	1.119040e-09	3.060092e+01	1.383478e+02
2.920000e-06	5.700435e-06	1.125464e-09	3.079648e+01	1.389353e+02
2.930000e-06	5.736372e-06	1.133050e-09	3.099063e+01	1.395110e+02
2.940000e-06	5.772087e-06	1.140187e-09	3.118358e+01	1.400747e+02
2.950000e-06	5.807568e-06	1.144579e-09	3.137527e+01	1.406265e+02
2.960000e-06	5.842767e-06	1.147152e-09	3.156543e+01	1.411664e+02
2.970000e-06	5.877688e-06	1.151808e-09	3.175409e+01	1.416944e+02
2.980000e-06	5.912064e-06	1.158033e-09	3.193980e+01	1.422106e+02
2.990000e-06	5.945614e-06	1.162599e-09	3.212106e+01	1.427150e+02
3.000000e-06	5.978450e-06	1.166170e-09	3.229846e+01	1.432078e+02
3.010000e-06	6.010689e-06	1.171244e-09	3.247262e+01	1.436892e+02
3.020000e-06	6.042490e-06	1.177488e-09	3.264443e+01	1.441593e+02
3.030000e-06	6.073982e-06	1.184889e-09	3.281456e+01	1.446182e+02
3.040000e-06	6.105190e-06	1.192570e-09	3.298316e+01	1.450663e+02
3.050000e-06	6.136044e-06	1.197911e-09	3.314985e+01	1.455037e+02
3.060000e-06	6.166438e-06	1.203695e-09	3.331406e+01	1.459308e+02
3.070000e-06	6.196362e-06	1.210258e-09	3.347572e+01	1.463479e+02
3.080000e-06	6.225968e-06	1.213630e-09	3.363567e+01	1.467554e+02
3.090000e-06	6.255231e-06	1.216078e-09	3.379376e+01	1.471535e+02
3.100000e-06	6.283982e-06	1.220870e-09	3.394908e+01	1.475426e+02
3.110000e-06	6.312290e-06	1.226309e-09	3.410202e+01	1.479232e+02
3.120000e-06	6.340188e-06	1.230111e-09	3.425274e+01	1.482956e+02
3.130000e-06	6.367765e-06	1.234068e-09	3.440172e+01	1.486602e+02
3.140000e-06	6.395133e-06	1.238252e-09	3.454957e+01	1.490175e+02
3.150000e-06	6.422117e-06	1.240738e-09	3.469535e+01	1.493678e+02
3.160000e-06	6.448281e-06	1.242724e-09	3.483671e+01	1.497115e+02
3.170000e-06	6.473582e-06	1.245719e-09	3.497339e+01	1.500491e+02
3.180000e-06	6.498187e-06	1.249483e-09	3.510632e+01	1.503808e+02
3.190000e-06	6.522250e-06	1.253598e-09	3.523632e+01	1.507071e+02
3.200000e-06	6.545998e-06	1.257469e-09	3.536462e+01	1.510282e+02
3.210000e-06	6.569376e-06	1.261007e-09	3.549092e+01	1.513444e+02
3.220000e-06	6.592348e-06	1.264182e-09	3.561502e+01	1.516559e+02
3.230000e-06	6.614946e-06	1.267552e-09	3.573711e+01	1.519631e+02
3.240000e-06	6.637070e-06	1.271633e-09	3.585664e+01	1.522661e+02
3.250000e-06	6.658643e-06	1.275370e-09	3.597318e+01	1.525650e+02
3.260000e-06	6.679779e-06	1.278968e-09	3.608737e+01	1.528600e+02
3.270000e-06	6.700457e-06	1.282358e-09	3.619908e+01	1.531510e+02
3.280000e-06	6.720653e-06	1.284509e-09	3.630819e+01	1.534382e+02
3.290000e-06	6.740500e-06	1.286484e-09	3.641541e+01	1.537215e+02
3.300000e-06	6.760018e-06	1.289316e-09	3.652086e+01	1.540010e+02
3.310000e-06	6.779233e-06	1.291191e-09	3.662467e+01	1.542764e+02
3.320000e-06	6.797858e-06	1.292953e-09	3.672529e+01	1.545476e+02
3.330000e-06	6.815884e-06	1.295737e-09	3.682268e+01	1.548146e+02
3.340000e-06	6.833458e-06	1.297302e-09	3.691762e+01	1.550772e+02
3.350000e-06	6.850461e-06	1.298818e-09	3.700947e+01	1.553351e+02
3.360000e-06	6.867017e-06	1.301722e-09	3.709892e+01	1.555881e+02
3.370000e-06	6.883183e-06	1.303370e-09	3.718625e+01	1.558360e+02
3.380000e-06	6.898862e-06	1.304905e-09	3.727096e+01	1.560786e+02
3.390000e-06	6.913966e-06	1.307552e-09	3.735256e+01	1.563155e+02
3.400000e-06	6.928479e-06	1.310386e-09	3.743097e+01	1.565465e+02
3.410000e-06	6.942689e-06	1.313717e-09	3.750773e+01	1.567713e+02
3.420000e-06	6.956476e-06	1.316447e-09	3.758222e+01	1.569896e+02
3.430000e-06	6.969556e-06	1.319322e-09	3.765289e+01	1.572013e+02
3.440000e-06	6.982034e-06	1.322546e-09	3.772029e+01	1.574060e+02
3.450000e-06	6.994032e-06	1.324466e-09	3.778512e+01	1.576035e+02
3.460000e-06	7.005473e-06	1.326141e-09	3.784693e+01	1.577935e+02
3.470000e-06	7.016294e-06	1.328122e-09	3.790538e+01	1.579759e+02
3.480000e-06	7.026536e-06	1.329401e-09	3.796072e+01	1.581504e+02
3.490000e-06	7.035934e-06	1.330065e-09	3.801149e+01	1.583169e+02
3.500000e-06	7.044627e-06	1.331975e-09	3.805845e+01	1.584752e+02
3.510000e-06	7.052771e-06	1.335151e-09	3.810245e+01	1.586251e+02
3.520000e-06	7.060429e-06	1.337547e-09	3.814382e+01	1.587666e+02
3.530000e-06	7.067696e-06	1.339231e-09	3.818308e+01	1.588996e+02
3.540000e-06	7.074527e-06	1.341484e-09	3.821999e+01	1.590239e+02
3.550000e-06	7.080936e-06	1.343515e-09	3.825461e+01	1.591396e+02
3.560000e-06	7.086875e-06	1.345139e-09	3.828670e+01	1.592465e+02
3.570000e-06	7.092275e-06	1.347726e-09	3.831587e+01	1.593447e+02
3.580000e-06	7.097063e-06	1.350207e-09	3.834174e+01	1.594342e+02
3.590000e-06	7.101293e-06	1.352226e-09	3.836459e+01	1.595149e+02
3.600000e-06	7.105165e-06	1.354060e-09	3.838551e+01	1.595869e+02
3.610000e-06	7.108812e-06	1.356147e-09	3.840521e+01	1.596502e+02
3.620000e-06	7.112084e-06	1.357946e-09	3.842289e+01	1.597049e+02
3.630000e-06	7.114896e-06	1.358583e-09	3.843808e+01	1.597510e+02
3.640000e-06	7.117031e-06	1.359355e-09	3.844962e+01	1.597886e+02
3.650000e-06	7.118332e-06	1.360528e-09	3.845664e+01	1.598177e+02
3.660000e-06	7.118919e-06	1.361566e-09	3.845982e+01	1.598385e+02
3.670000e-06	7.118953e-06	1.362484e-09	3.846000e+01	1.598511e+02
3.680000e-06	7.118616e-06	1.364065e-09	3.845818e+01	1.598555e+02
3.690000e-06	7.117848e-06	1.365057e-09	3.845403e+01	1.598519e+02
3.700000e-06	7.116620e-06	1.365958e-09	3.844740e+01	1.598403e+02
3.710000e-06	7.114927e-06	1.368130e-09	3.843825e+01	1.598209e+02
3.720000e-06	7.112658e-06	1.369355e-09	3.842599e+01	1.597939e+02
3.730000e-06	7.109907e-06	1.370175e-09	3.841113e+01	1.597593e+02
3.740000e-06	7.106779e-06	1.372414e-09	3.839423e+01	1.597173e+02
3.750000e-06	7.103241e-06	1.370040e-09	3.837512e+01	1.596681e+02
3.760000e-06	7.099186e-06	1.352795e-09	3.835321e+01	1.596119e+02
3.770000e-06	7.094247e-06	1.361283e-09	3.832652e+01	1.595489e+02
3.780000e-06	7.088564e-06	1.426825e-09	3.829582e+01	1.594792e+02
3.790000e-06	7.082507e-06	1.400672e-09	3.826310e+01	1.594030e+02
3.800000e-06	7.076266e-06	1.285845e-09	3.822938e+01	1.593206e+02
3.810000e-06	7.069642e-06	1.321823e-09	3.819360e+01	1.592323e+02
3.820000e-06	7.062308e-06	1.456186e-09	3.815397e+01	1.591382e+02
3.830000e-06	7.054333e-06	1.419438e-09	3.811089e+01	1.590386e+02
3.840000e-06	7.045885e-06	1.260749e-09	3.806525e+01	1.589339e+02
3.850000e-06	7.036955e-06	1.307411e-09	3.801700e+01	1.588242e+02
3.860000e-06	7.027537e-06	1.502311e-09	3.796612e+01	1.587100e+02
3.870000e-06	7.017723e-06	1.433787e-09	3.791311e+01	1.585913e+02
3.880000e-06	7.007575e-06	1.204322e-09	3.785828e+01	1.584687e+02
3.890000e-06	6.996936e-06	1.292730e-09	3.780081e+01	1.583423e+02
3.900000e-06	6.985664e-06	1.536406e-09	3.773991e+01	1.582124e+02
3.910000e-06	6.973954e-06	1.422672e-09	3.767665e+01	1.580794e+02
3.920000e-06	6.961787e-06	1.196193e-09	3.761091e+01	1.579436e+02
3.930000e-06	6.948888e-06	1.351507e-09	3.754122e+01	1.578051e+02
3.940000e-06	6.935239e-06	1.530569e-09	3.746749e+01	1.576644e+02
3.950000e-06	6.920944e-06	1.320768e-09	3.739026e+01	1.575215e+02
3.960000e-06	6.905889e-06	1.196841e-09	3.730892e+01	1.573767e+02
3.970000e-06	6.890229e-06	1.435170e-09	3.722432e+01	1.572303e+02
3.980000e-06	6.874101e-06	1.476014e-09	3.713719e+01	1.570824e+02
3.990000e-06	6.857556e-06	1.234589e-09	3.704781e+01	1.569332e+02
4.000000e-06	6.840613e-06	1.296009e-09	3.695627e+01	1.567827e+02
4.010000e-06	6.823132e-06	1.501750e-09	3.686183e+01	1.566311e+02
4.020000e-06	6.805362e-06	1.337391e-09	3.676583e+01	1.564784e+02
4.030000e-06	6.787302e-06	1.200452e-09	3.666826e+01	1.563245e+02
4.040000e-06	6.768600e-06	1.433585e-09	3.656722e+01	1.561696e+02
4.050000e-06	6.749273e-06	1.475568e-09	3.646281e+01	1.560135e+02
4.060000e-06	6.729467e-06	1.231735e-09	3.635581e+01	1.558561e+02
4.070000e-06	6.709344e-06	1.296487e-09	3.624709e+01	1.556974e+02
4.080000e-06	6.688962e-06	1.484805e-09	3.613698e+01	1.555371e+02
4.090000e-06	6.668208e-06	1.328533e-09	3.602486e+01	1.553750e+02
4.100000e-06	6.646762e-06	1.236557e-09	3.590900e+01	1.552110e+02
4.110000e-06	6.624600e-06	1.425989e-09	3.578926e+01	1.550448e+02
4.120000e-06	6.601763e-06	1.403505e-09	3.566589e+01	1.548761e+02
4.130000e-06	6.578201e-06	1.249466e-09	3.553860e+01	1.547046e+02
4.140000e-06	6.554109e-06	1.361660e-09	3.540844e+01	1.545299e+02
4.150000e-06	6.529666e-06	1.429094e-09	3.527639e+01	1.543519e+02
4.160000e-06	6.504921e-06	1.282306e-09	3.514270e+01	1.541701e+02
4.170000e-06	6.479821e-06	1.309228e-09	3.500710e+01	1.539842e+02
4.180000e-06	6.454332e-06	1.420594e-09	3.486939e+01	1.537938e+02
4.190000e-06	6.428415e-06	1.330921e-09	3.472938e+01	1.535985e+02
4.200000e-06	6.402002e-06	1.293968e-09	3.458668e+01	1.533981e+02
4.210000e-06	6.374985e-06	1.384107e-09	3.444073e+01	1.531922e+02
4.220000e-06	6.347417e-06	1.344518e-09	3.429179e+01	1.529804e+02
4.230000e-06	6.319522e-06	1.293707e-09	3.414109e+01	1.527623e+02
4.240000e-06	6.291352e-06	1.362454e-09	3.398890e+01	1.525378e+02
4.250000e-06	6.262822e-06	1.358022e-09	3.383477e+01	1.523065e+02
4.260000e-06	6.233941e-06	1.306768e-09	3.367874e+01	1.520680e+02
4.270000e-06	6.204528e-06	1.343713e-09	3.351983e+01	1.518222e+02
4.280000e-06	6.174450e-06	1.352425e-09	3.335734e+01	1.515687e+02
4.290000e-06	6.143818e-06	1.314353e-09	3.319185e+01	1.513073e+02
4.300000e-06	6.112637e-06	1.329756e-09	3.302340e+01	1.510379e+02
4.310000e-06	6.080834e-06	1.336664e-09	3.285158e+01	1.507601e+02
4.320000e-06	6.048527e-06	1.315167e-09	3.267705e+01	1.504739e+02
4.330000e-06	6.016009e-06	1.328301e-09	3.250137e+01	1.501791e+02
4.340000e-06	5.983146e-06	1.330808e-09	3.232382e+01	1.498754e+02
4.350000e-06	5.949779e-06	1.311403e-09	3.214356e+01	1.495628e+02
4.360000e-06	5.916002e-06	1.320366e-09	3.196108e+01	1.492412e+02
4.370000e-06	5.881871e-06	1.322043e-09	3.177669e+01	1.489104e+02
4.380000e-06	5.847369e-06	1.309079e-09	3.159029e+01	1.485703e+02
4.390000e-06	5.812529e-06	1.318828e-09	3.140207e+01	1.482208e+02
4.400000e-06	5.777257e-06	1.317397e-09	3.121151e+01	1.478619e+02
4.410000e-06	5.741565e-06	1.299593e-09	3.101869e+01	1.474936e+02
4.420000e-06	5.705587e-06	1.305782e-09	3.082432e+01	1.471156e+02
4.430000e-06	5.669175e-06	1.309547e-09	3.062760e+01	1.467280e+02
4.440000e-06	5.632456e-06	1.294425e-09	3.042923e+01	1.463307e+02
4.450000e-06	5.595395e-06	1.293904e-09	3.022901e+01	1.459238e+02
4.460000e-06	5.557751e-06	1.300424e-09	3.002564e+01	1.455071e+02
4.470000e-06	5.519432e-06	1.293957e-09	2.981862e+01	1.450806e+02
4.480000e-06	5.480495e-06	1.289087e-09	2.960826e+01	1.446443e+02
4.490000e-06	5.441021e-06	1.288414e-09	2.939500e+01	1.441982e+02
4.500000e-06	5.401093e-06	1.282555e-09	2.917929e+01	1.437423e+02
4.510000e-06	5.360944e-06	1.277340e-09	2.896239e+01	1.432767e+02
4.520000e-06	5.320605e-06	1.276734e-09	2.874446e+01	1.428013e+02
4.530000e-06	5.279959e-06	1.275894e-09	2.852487e+01	1.423161e+02
4.540000e-06	5.238924e-06	1.271129e-09	2.830318e+01	1.418213e+02
4.550000e-06	5.197483e-06	1.264600e-09	2.807930e+01	1.413169e+02
4.560000e-06	5.155684e-06	1.261142e-09	2.785348e+01	1.408029e+02
4.570000e-06	5.113531e-06	1.259586e-09	2.762575e+01	1.402795e+02
4.580000e-06	5.071017e-06	1.254441e-09	2.739607e+01	1.397467e+02
4.590000e-06	5.028088e-06	1.245337e-09	2.716414e+01	1.392046e+02
4.600000e-06	4.984797e-06	1.238583e-09	2.693026e+01	1.386535e+02
4.610000e-06	4.941208e-06	1.235878e-09	2.669477e+01	1.380933e+02
4.620000e-06	4.897292e-06	1.232710e-09	2.645752e+01	1.375243e+02
4.630000e-06	4.853082e-06	1.229394e-09	2.621868e+01	1.369466e+02
4.640000e-06	4.808626e-06	1.226233e-09	2.597850e+01	1.363604e+02
4.650000e-06	4.763966e-06	1.220750e-09	2.573723e+01	1.357658e+02
4.660000e-06	4.719024e-06	1.214274e-09	2.549443e+01	1.351630e+02
4.670000e-06	4.673862e-06	1.208252e-09	2.525045e+01	1.345521e+02
4.680000e-06	4.628455e-06	1.201201e-09	2.500513e+01	1.339333e+02
4.690000e-06	4.582616e-06	1.194549e-09	2.475749e+01	1.333067e+02
4.700000e-06	4.536163e-06	1.190371e-09	2.450653e+01	1.326725e+02
4.710000e-06	4.489289e-06	1.188061e-09	2.425329e+01	1.320306e+02
4.720000e-06	4.442159e-06	1.185997e-09	2.399867e+01	1.313813e+02
4.730000e-06	4.394752e-06	1.181262e-09	2.374256e+01	1.307246e+02
4.740000e-06	4.347227e-06	1.172464e-09	2.348581e+01	1.300604e+02
4.750000e-06	4.299314e-06	1.165254e-09	2.322696e+01	1.293889e+02
4.760000e-06	4.251008e-06	1.161009e-09	2.296598e+01	1.287098e+02
4.770000e-06	4.202452e-06	1.154624e-09	2.270366e+01	1.280232e+02
4.780000e-06	4.153407e-06	1.147726e-09	2.243869e+01	1.273289e+02
4.790000e-06	4.103883e-06	1.143510e-09	2.217115e+01	1.266268e+02
4.800000e-06	4.054129e-06	1.139673e-09	2.190235e+01	1.259166e+02
4.810000e-06	4.004065e-06	1.134273e-09	2.163188e+01	1.251981e+02
4.820000e-06	3.953650e-06	1.128013e-09	2.135951e+01	1.244711e+02
4.830000e-06	3.903061e-06	1.121272e-09	2.108621e+01	1.237351e+02
4.840000e-06	3.852208e-06	1.114944e-09	2.081148e+01	1.229898e+02
4.850000e-06	3.801051e-06	1.109275e-09	2.053510e+01	1.222348e+02
4.860000e-06	3.749552e-06	1.102840e-09	2.025688e+01	1.214698e+02
4.870000e-06	3.697685e-06	1.095888e-09	1.997667e+01	1.206941e+02
4.880000e-06	3.645606e-06	1.089198e-09	1.969531e+01	1.199075e+02
4.890000e-06	3.593268e-06	1.082805e-09	1.941256e+01	1.191093e+02
4.900000e-06	3.540713e-06	1.076801e-09	1.912863e+01	1.182991e+02
4.910000e-06	3.487862e-06	1.070875e-09	1.884310e+01	1.174763e+02
4.920000e-06	3.434517e-06	1.063823e-09	1.855491e+01	1.166406e+02
4.930000e-06	3.380882e-06	1.055102e-09	1.826515e+01	1.157914e+02
4.940000e-06	3.326950e-06	1.047494e-09	1.797378e+01	1.149281e+02
4.950000e-06	3.272590e-06	1.041032e-09	1.768010e+01	1.140505e+02
4.960000e-06	3.217851e-06	1.032798e-09	1.738438e+01	1.131580e+02
4.970000e-06	3.162855e-06	1.024491e-09	1.708726e+01	1.122502e+02
4.980000e-06	3.107617e-06	1.017643e-09	1.678884e+01	1.113269e+02
4.990000e-06	3.051988e-06	1.010829e-09	1.648830e+01	1.103877e+02
5.000000e-06	2.996060e-06	1.002942e-09	1.618615e+01	1.094323e+02
5.010000e-06	2.940034e-06	9.937794e-10	1.588347e+01	1.084606e+02
5.020000e-06	2.883877e-06	9.836056e-10	1.558008e+01	1.074723e+02
5.030000e-06	2.827559e-06	9.741371e-10	1.527583e+01	1.064674e+02
5.040000e-06	2.771101e-06	9.665502e-10	1.497082e+01	1.054458e+02
5.050000e-06	2.714482e-06	9.592178e-10	1.466493e+01	1.044074e+02
5.060000e-06	2.657678e-06	9.514422e-10	1.435805e+01	1.033524e+02
5.070000e-06	2.600745e-06	9.418847e-10	1.405047e+01	1.022808e+02
5.080000e-06	2.543711e-06	9.309119e-10	1.374235e+01	1.011926e+02
5.090000e-06	2.486544e-06	9.208314e-10	1.343350e+01	1.000881e+02
5.100000e-06	2.429210e-06	9.105279e-10	1.312376e+01	9.896735e+01
5.110000e-06	2.371640e-06	8.992846e-10	1.281274e+01	9.783057e+01
5.120000e-06	2.313889e-06	8.881716e-10	1.250074e+01	9.667795e+01
5.130000e-06	2.255905e-06	8.770169e-10	1.218748e+01	9.550966e+01
5.140000e-06	2.197744e-06	8.671097e-10	1.187327e+01	9.432588e+01
5.150000e-06	2.139409e-06	8.573331e-10	1.155811e+01	9.312675e+01
5.160000e-06	2.080943e-06	8.454579e-10	1.124225e+01	9.191240e+01
5.170000e-06	2.022419e-06	8.326057e-10	1.092608e+01	9.068291e+01
5.180000e-06	1.963777e-06	8.201462e-10	1.060926e+01	8.943831e+01
5.190000e-06	1.905061e-06	8.090798e-10	1.029205e+01	8.817857e+01
5.200000e-06	1.846207e-06	7.991733e-10	9.974095e+00	8.690359e+01
5.210000e-06	1.787156e-06	7.881845e-10	9.655073e+00	8.561320e+01
5.220000e-06	1.727873e-06	7.752003e-10	9.334799e+00	8.430716e+01
5.230000e-06	1.668450e-06	7.626250e-10	9.013769e+00	8.298512e+01
5.240000e-06	1.608961e-06	7.509557e-10	8.692380e+00	8.164665e+01
5.250000e-06	1.549309e-06	7.380791e-10	8.370113e+00	8.029123e+01
5.260000e-06	1.489525e-06	7.250524e-10	8.047129e+00	7.891822e+01
5.270000e-06	1.429642e-06	7.132997e-10	7.723613e+00	7.752693e+01
5.280000e-06	1.369632e-06	7.006054e-10	7.399407e+00	7.611653e+01
5.290000e-06	1.309537e-06	6.868229e-10	7.074745e+00	7.468611e+01
5.300000e-06	1.249376e-06	6.725957e-10	6.749726e+00	7.323471e+01
5.310000e-06	1.189158e-06	6.580181e-10	6.424400e+00	7.176123e+01
5.320000e-06	1.128953e-06	6.435846e-10	6.099145e+00	7.026455e+01
5.330000e-06	1.068712e-06	6.299331e-10	5.773693e+00	6.874347e+01
5.340000e-06	1.008393e-06	6.175922e-10	5.447825e+00	6.719673e+01
5.350000e-06	9.480589e-07	6.052293e-10	5.121869e+00	6.562305e+01
5.360000e-06	8.877254e-07	5.909008e-10	4.795918e+00	6.402111e+01
5.370000e-06	8.274080e-07	5.747387e-10	4.470055e+00	6.238959e+01
5.380000e-06	7.670737e-07	5.586120e-10	4.144100e+00	6.072717e+01
5.390000e-06	7.066619e-07	5.436023e-10	3.817726e+00	5.903258e+01
5.400000e-06	6.461977e-07	5.285520e-10	3.491070e+00	5.730454e+01
5.410000e-06	5.857000e-07	5.128273e-10	3.164232e+00	5.554187e+01
5.420000e-06	5.252358e-07	4.970554e-10	2.837576e+00	5.374345e+01
5.430000e-06	4.647752e-07	4.807096e-10	2.510938e+00	5.190823e+01
5.440000e-06	4.042002e-07	4.641138e-10	2.183683e+00	5.003531e+01
5.450000e-06	3.436295e-07	4.465042e-10	1.856451e+00	4.812387e+01
5.460000e-06	2.829962e-07	4.274970e-10	1.528881e+00	4.617326e+01
5.470000e-06	2.223342e-07	4.089009e-10	1.201156e+00	4.418296e+01
5.480000e-06	1.617526e-07	3.915007e-10	8.738654e-01	4.215263e+01
5.490000e-06	1.010227e-07	3.739906e-10	5.457728e-01	4.008210e+01
5.500000e-06	4.026723e-08	3.554197e-10	2.175429e-01	3.797139e+01
5.510000e-06	-2.043637e-08	3.347693e-10	-1.104071e-01	3.582071e+01
5.520000e-06	-8.119681e-08	3.129479e-10	-4.386641e-01	3.363048e+01
5.530000e-06	-1.419201e-07	2.929665e-10	-7.667207e-01	3.140132e+01
5.540000e-06	-2.026108e-07	2.737629e-10	-1.094601e+00	2.913407e+01
5.550000e-06	-2.632242e-07	2.545762e-10	-1.422063e+00	2.682976e+01
5.560000e-06	-3.238511e-07	2.348295e-10	-1.749599e+00	2.448965e+01
5.570000e-06	-3.844748e-07	2.130119e-10	-2.077117e+00	2.211519e+01
5.580000e-06	-4.449576e-07	1.904043e-10	-2.403874e+00	1.970803e+01
5.590000e-06	-5.054211e-07	1.675335e-10	-2.730527e+00	1.727003e+01
5.600000e-06	-5.659432e-07	1.450895e-10	-3.057497e+00	1.480321e+01
5.610000e-06	-6.264247e-07	1.228991e-10	-3.384246e+00	1.230979e+01
5.620000e-06	-6.868471e-07	1.002881e-10	-3.710678e+00	9.792117e+00
5.630000e-06	-7.472735e-07	7.813943e-11	-4.037130e+00	7.252714e+00
5.640000e-06	-8.076424e-07	5.518643e-11	-4.363272e+00	4.694220e+00
5.650000e-06	-8.679608e-07	3.089334e-11	-4.689140e+00	2.119392e+00
5.660000e-06	-9.281907e-07	6.232208e-12	-5.014531e+00	-4.689166e-01
5.670000e-06	-9.883609e-07	-1.754865e-11	-5.339600e+00	-3.067774e+00
5.680000e-06	-1.048595e-06	-3.934340e-11	-5.665013e+00	-5.674188e+00
5.690000e-06	-1.108850e-06	-5.994496e-11	-5.990537e+00	-8.285127e+00
5.700000e-06	-1.168998e-06	-8.213967e-11	-6.315488e+00	-1.089754e+01
5.710000e-06	-1.229103e-06	-1.069179e-10	-6.640203e+00	-1.350836e+01
5.720000e-06	-1.289231e-06	-1.312670e-10	-6.965047e+00	-1.611457e+01
5.730000e-06	-1.349204e-06	-1.541779e-10	-7.289045e+00	-1.871316e+01
5.740000e-06	-1.409001e-06	-1.765921e-10	-7.612099e+00	-2.130119e+01
5.750000e-06	-1.468734e-06	-1.996034e-10	-7.934807e+00	-2.387578e+01
5.760000e-06	-1.528372e-06	-2.240515e-10	-8.256997e+00	-2.643415e+01
5.770000e-06	-1.588006e-06	-2.486011e-10	-8.579170e+00	-2.897362e+01
5.780000e-06	-1.647564e-06	-2.723190e-10	-8.900931e+00	-3.149164e+01
5.790000e-06	-1.706832e-06	-2.961238e-10	-9.221127e+00	-3.398578e+01
5.800000e-06	-1.766064e-06	-3.209504e-10	-9.541124e+00	-3.645375e+01
5.810000e-06	-1.825184e-06	-3.450711e-10	-9.860517e+00	-3.889343e+01
5.820000e-06	-1.884052e-06	-3.662030e-10	-1.017855e+01	-4.130283e+01
5.830000e-06	-1.942823e-06	-3.863570e-10	-1.049606e+01	-4.368018e+01
5.840000e-06	-2.001485e-06	-4.078517e-10	-1.081298e+01	-4.602382e+01
5.850000e-06	-2.059958e-06	-4.305517e-10	-1.112888e+01	-4.833233e+01
5.860000e-06	-2.118276e-06	-4.521176e-10	-1.144394e+01	-5.060441e+01
5.870000e-06	-2.176420e-06	-4.713553e-10	-1.175806e+01	-5.283899e+01
5.880000e-06	-2.234390e-06	-4.904641e-10	-1.207124e+01	-5.503514e+01
5.890000e-06	-2.292258e-06	-5.096890e-10	-1.238387e+01	-5.719213e+01
5.900000e-06	-2.349748e-06	-5.291221e-10	-1.269446e+01	-5.930938e+01
5.910000e-06	-2.406979e-06	-5.493525e-10	-1.300365e+01	-6.138649e+01
5.920000e-06	-2.464147e-06	-5.686885e-10	-1.331250e+01	-6.342320e+01
5.930000e-06	-2.521186e-06	-5.866539e-10	-1.362065e+01	-6.541943e+01
5.940000e-06	-2.578050e-06	-6.062365e-10	-1.392786e+01	-6.737522e+01
5.950000e-06	-2.634725e-06	-6.275004e-10	-1.423405e+01	-6.929075e+01
5.960000e-06	-2.691300e-06	-6.467613e-10	-1.453969e+01	-7.116630e+01
5.970000e-06	-2.747709e-06	-6.627697e-10	-1.484444e+01	-7.300231e+01
5.980000e-06	-2.804016e-06	-6.776642e-10	-1.514864e+01	-7.479927e+01
5.990000e-06	-2.860324e-06	-6.932427e-10	-1.545284e+01	-7.655779e+01
6.000000e-06	-2.916482e-06	-7.087838e-10	-1.575624e+01	-7.827856e+01
6.010000e-06	-2.972439e-06	-7.241388e-10	-1.605854e+01	-7.996231e+01
6.020000e-06	-3.028206e-06	-7.384769e-10	-1.635982e+01	-8.160986e+01
6.030000e-06	-3.083582e-06	-7.531225e-10	-1.665899e+01	-8.322206e+01
6.040000e-06	-3.138630e-06	-7.704103e-10	-1.695639e+01	-8.479978e+01
6.050000e-06	-3.193349e-06	-7.865930e-10	-1.725200e+01	-8.634395e+01
6.060000e-06	-3.247670e-06	-7.998434e-10	-1.754547e+01	-8.785549e+01
6.070000e-06	-3.301623e-06	-8.110935e-10	-1.783695e+01	-8.933534e+01
6.080000e-06	-3.355198e-06	-8.223398e-10	-1.812639e+01	-9.078444e+01
6.090000e-06	-3.408462e-06	-8.359626e-10	-1.841415e+01	-9.220372e+01
6.100000e-06	-3.461405e-06	-8.510851e-10	-1.870017e+01	-9.359409e+01
6.110000e-06	-3.514084e-06	-8.652688e-10	-1.898476e+01	-9.495648e+01
6.120000e-06	-3.566453e-06	-8.768364e-10	-1.926769e+01	-9.629174e+01
6.130000e-06	-3.618673e-06	-8.880934e-10	-1.954981e+01	-9.760074e+01
6.140000e-06	-3.670712e-06	-9.003535e-10	-1.983094e+01	-9.888431e+01
6.150000e-06	-3.722290e-06	-9.122655e-10	-2.010960e+01	-1.001432e+02
6.160000e-06	-3.773470e-06	-9.232940e-10	-2.038609e+01	-1.013783e+02
6.170000e-06	-3.824355e-06	-9.336666e-10	-2.066100e+01	-1.025902e+02
6.180000e-06	-3.875046e-06	-9.439435e-10	-2.093486e+01	-1.037796e+02
6.190000e-06	-3.925493e-06	-9.539035e-10	-2.120740e+01	-1.049473e+02
6.200000e-06	-3.975641e-06	-9.636441e-10	-2.147832e+01	-1.060938e+02
6.210000e-06	-4.025567e-06	-9.725213e-10	-2.174805e+01	-1.072197e+02
6.220000e-06	-4.075187e-06	-9.806653e-10	-2.201612e+01	-1.083257e+02
6.230000e-06	-4.124390e-06	-9.899405e-10	-2.228193e+01	-1.094122e+02
6.240000e-06	-4.172794e-06	-1.000133e-09	-2.254343e+01	-1.104799e+02
6.250000e-06	-4.220628e-06	-1.010232e-09	-2.280185e+01	-1.115290e+02
6.260000e-06	-4.268475e-06	-1.019589e-09	-2.306035e+01	-1.125603e+02
6.270000e-06	-4.315997e-06	-1.027924e-09	-2.331708e+01	-1.135740e+02
6.280000e-06	-4.363168e-06	-1.035900e-09	-2.357192e+01	-1.145706e+02
6.290000e-06	-4.410161e-06	-1.045007e-09	-2.382580e+01	-1.155506e+02
6.300000e-06	-4.456936e-06	-1.054481e-09	-2.407851e+01	-1.165142e+02
6.310000e-06	-4.503436e-06	-1.062747e-09	-2.432972e+01	-1.174620e+02
6.320000e-06	-4.549599e-06	-1.070857e-09	-2.457911e+01	-1.183943e+02
6.330000e-06	-4.595392e-06	-1.079358e-09	-2.482651e+01	-1.193114e+02
6.340000e-06	-4.640678e-06	-1.087708e-09	-2.507117e+01	-1.202137e+02
6.350000e-06	-4.685603e-06	-1.095265e-09	-2.531387e+01	-1.211014e+02
6.360000e-06	-4.730342e-06	-1.101875e-09	-2.555558e+01	-1.219749e+02
6.370000e-06	-4.774838e-06	-1.107468e-09	-2.579596e+01	-1.228346e+02
6.380000e-06	-4.819169e-06	-1.113610e-09	-2.603546e+01	-1.236805e+02
6.390000e-06	-4.863378e-06	-1.121645e-09	-2.627430e+01	-1.245132e+02
6.400000e-06	-4.907277e-06	-1.129656e-09	-2.651147e+01	-1.253327e+02
6.410000e-06	-4.950743e-06	-1.136610e-09	-2.674629e+01	-1.261392e+02
6.420000e-06	-4.993893e-06	-1.144438e-09	-2.697940e+01	-1.269332e+02
6.430000e-06	-5.036713e-06	-1.152750e-09	-2.721074e+01	-1.277146e+02
6.440000e-06	-5.079148e-06	-1.160721e-09	-2.743999e+01	-1.284836e+02
6.450000e-06	-5.121306e-06	-1.167382e-09	-2.766775e+01	-1.292405e+02
6.460000e-06	-5.163023e-06	-1.172412e-09	-2.789313e+01	-1.299854e+02
6.470000e-06	-5.204337e-06	-1.178204e-09	-2.811632e+01	-1.307183e+02
6.480000e-06	-5.245265e-06	-1.184394e-09	-2.833743e+01	-1.314393e+02
6.490000e-06	-5.285874e-06	-1.190089e-09	-2.855683e+01	-1.321485e+02
6.500000e-06	-5.326338e-06	-1.195252e-09	-2.877543e+01	-1.328460e+02
6.510000e-06	-5.366558e-06	-1.199979e-09	-2.899272e+01	-1.335318e+02
6.520000e-06	-5.406499e-06	-1.205164e-09	-2.920850e+01	-1.342059e+02
6.530000e-06	-5.446081e-06	-1.210473e-09	-2.942234e+01	-1.348682e+02
6.540000e-06	-5.485187e-06	-1.215011e-09	-2.963361e+01	-1.355188e+02
6.550000e-06	-5.523628e-06	-1.220596e-09	-2.984129e+01	-1.361577e+02
6.560000e-06	-5.561399e-06	-1.227845e-09	-3.004534e+01	-1.367848e+02
6.570000e-06	-5.598608e-06	-1.234267e-09	-3.024636e+01	-1.374001e+02
6.580000e-06	-5.635426e-06	-1.239921e-09	-3.044528e+01	-1.380035e+02
6.590000e-06	-5.671881e-06	-1.245528e-09	-3.064222e+01	-1.385950e+02
6.600000e-06	-5.707983e-06	-1.250387e-09	-3.083726e+01	-1.391747e+02
6.610000e-06	-5.743848e-06	-1.254700e-09	-3.103102e+01	-1.397424e+02
6.620000e-06	-5.779326e-06	-1.259006e-09	-3.122269e+01	-1.402981e+02
6.630000e-06	-5.814341e-06	-1.263460e-09	-3.141186e+01	-1.408420e+02
6.640000e-06	-5.848993e-06	-1.267295e-09	-3.159906e+01	-1.413739e+02
6.650000e-06	-5.883286e-06	-1.271050e-09	-3.178433e+01	-1.418940e+02
6.660000e-06	-5.917160e-06	-1.275415e-09	-3.196733e+01	-1.424023e+02
6.670000e-06	-5.950615e-06	-1.279391e-09	-3.214807e+01	-1.428990e+02
6.680000e-06	-5.983616e-06	-1.282295e-09	-3.232636e+01	-1.433842e+02
6.690000e-06	-6.016177e-06	-1.285022e-09	-3.250227e+01	-1.438580e+02
6.700000e-06	-6.048478e-06	-1.288699e-09	-3.267678e+01	-1.443206e+02
6.710000e-06	-6.080485e-06	-1.293222e-09	-3.284970e+01	-1.447723e+02
6.720000e-06	-6.112030e-06	-1.297185e-09	-3.302011e+01	-1.452132e+02
6.730000e-06	-6.142911e-06	-1.300495e-09	-3.318695e+01	-1.456437e+02
6.740000e-06	-6.173031e-06	-1.303791e-09	-3.334967e+01	-1.460641e+02
6.750000e-06	-6.202482e-06	-1.306729e-09	-3.350878e+01	-1.464747e+02
6.760000e-06	-6.231412e-06	-1.309914e-09	-3.366507e+01	-1.468759e+02
6.770000e-06	-6.259999e-06	-1.312091e-09	-3.381952e+01	-1.472680e+02
6.780000e-06	-6.288337e-06	-1.312970e-09	-3.397261e+01	-1.476513e+02
6.790000e-06	-6.316387e-06	-1.315016e-09	-3.412415e+01	-1.480264e+02
6.800000e-06	-6.343950e-06	-1.316568e-09	-3.427306e+01	-1.483936e+02
6.810000e-06	-6.370939e-06	-1.317105e-09	-3.441887e+01	-1.487533e+02
6.820000e-06	-6.397512e-06	-1.318299e-09	-3.456243e+01	-1.491058e+02
6.830000e-06	-6.423685e-06	-1.320695e-09	-3.470383e+01	-1.494517e+02
6.840000e-06	-6.449338e-06	-1.324285e-09	-3.484242e+01	-1.497913e+02
6.850000e-06	-6.474444e-06	-1.326473e-09	-3.497805e+01	-1.501249e+02
6.860000e-06	-6.499136e-06	-1.327760e-09	-3.511145e+01	-1.504530e+02
6.870000e-06	-6.523597e-06	-1.328886e-09	-3.524360e+01	-1.507757e+02
6.880000e-06	-6.547862e-06	-1.330086e-09	-3.537469e+01	-1.510935e+02
6.890000e-06	-6.571828e-06	-1.333866e-09	-3.550417e+01	-1.514066e+02
6.900000e-06	-6.595318e-06	-1.337999e-09	-3.563107e+01	-1.517152e+02
6.910000e-06	-6.618054e-06	-1.339601e-09	-3.575390e+01	-1.520196e+02
6.920000e-06	-6.639907e-06	-1.340421e-09	-3.587196e+01	-1.523198e+02
6.930000e-06	-6.661087e-06	-1.341579e-09	-3.598639e+01	-1.526161e+02
6.940000e-06	-6.681802e-06	-1.342950e-09	-3.609830e+01	-1.529084e+02
6.950000e-06	-6.702182e-06	-1.344312e-09	-3.620840e+01	-1.531969e+02
6.960000e-06	-6.722140e-06	-1.345869e-09	-3.631623e+01	-1.534815e+02
6.970000e-06	-6.741686e-06	-1.348341e-09	-3.642182e+01	-1.537622e+02
6.980000e-06	-6.760809e-06	-1.349886e-09	-3.652513e+01	-1.540390e+02
6.990000e-06	-6.779420e-06	-1.350366e-09	-3.662568e+01	-1.543116e+02
7.000000e-06	-6.797596e-06	-1.350985e-09	-3.672387e+01	-1.545801e+02
7.010000e-06	-6.815380e-06	-1.351277e-09	-3.681995e+01	-1.548441e+02
7.020000e-06	-6.832682e-06	-1.352224e-09	-3.691342e+01	-1.551036e+02
7.030000e-06	-6.849558e-06	-1.354105e-09	-3.700460e+01	-1.553582e+02
7.040000e-06	-6.866145e-06	-1.356563e-09	-3.709421e+01	-1.556079e+02
7.050000e-06	-6.882338e-06	-1.359356e-09	-3.718169e+01	-1.558522e+02
7.060000e-06	-6.898062e-06	-1.362068e-09	-3.726664e+01	-1.560910e+02
7.070000e-06	-6.913169e-06	-1.364197e-09	-3.734825e+01	-1.563240e+02
7.080000e-06	-6.927377e-06	-1.365732e-09	-3.742501e+01	-1.565509e+02
7.090000e-06	-6.940693e-06	-1.367885e-09	-3.749695e+01	-1.567714e+02
7.100000e-06	-6.953547e-06	-1.369900e-09	-3.756639e+01	-1.569854e+02
7.110000e-06	-6.965974e-06	-1.371425e-09	-3.763353e+01	-1.571924e+02
7.120000e-06	-6.977757e-06	-1.373075e-09	-3.769719e+01	-1.573923e+02
7.130000e-06	-6.988993e-06	-1.374763e-09	-3.775789e+01	-1.575848e+02
7.140000e-06	-6.999736e-06	-1.376562e-09	-3.781593e+01	-1.577698e+02
7.150000e-06	-7.010029e-06	-1.376940e-09	-3.787154e+01	-1.579469e+02
7.160000e-06	-7.019873e-06	-1.377182e-09	-3.792472e+01	-1.581161e+02
7.170000e-06	-7.029183e-06	-1.378964e-09	-3.797501e+01	-1.582771e+02
7.180000e-06	-7.038088e-06	-1.380456e-09	-3.802313e+01	-1.584299e+02
7.190000e-06	-7.046638e-06	-1.381188e-09	-3.806932e+01	-1.585742e+02
7.200000e-06	-7.054783e-06	-1.381804e-09	-3.811332e+01	-1.587100e+02
7.210000e-06	-7.062554e-06	-1.382341e-09	-3.815530e+01	-1.588372e+02
7.220000e-06	-7.069677e-06	-1.381890e-09	-3.819379e+01	-1.589558e+02
7.230000e-06	-7.075918e-06	-1.381099e-09	-3.822750e+01	-1.590656e+02
7.240000e-06	-7.081306e-06	-1.381377e-09	-3.825661e+01	-1.591667e+02
7.250000e-06	-7.086088e-06	-1.382337e-09	-3.828245e+01	-1.592591e+02
7.260000e-06	-7.090607e-06	-1.383861e-09	-3.830686e+01	-1.593427e+02
7.270000e-06	-7.094925e-06	-1.384505e-09	-3.833019e+01	-1.594176e+02
7.280000e-06	-7.098805e-06	-1.383691e-09	-3.835115e+01	-1.594838e+02
7.290000e-06	-7.102060e-06	-1.383455e-09	-3.836873e+01	-1.595413e+02
7.300000e-06	-7.104786e-06	-1.382961e-09	-3.838346e+01	-1.595903e+02
7.310000e-06	-7.107083e-06	-1.382081e-09	-3.839587e+01	-1.596307e+02
7.320000e-06	-7.108903e-06	-1.381723e-09	-3.840570e+01	-1.596626e+02
7.330000e-06	-7.110224e-06	-1.383181e-09	-3.841284e+01	-1.596862e+02
7.340000e-06	-7.111134e-06	-1.385666e-09	-3.841776e+01	-1.597015e+02
