# Temperatura_=_20.0
# Concentracion g/m^3_=_7400.0
# C_Vs_to_Am_M_A/Vsm_=_116720831517.84952
# pendiente_HvsI_1/m_=_3716.3
# ordenada_HvsI_A/m_=_1297.0
# frecuencia_Hz_=_136112.76651925314

Tiempo_(s)	Campo_(V.s)	Magnetizacion_(V.s)	Campo_(kA/m)	Magnetizacion_(A/m)
0.000000e+00	-7.133819e-06	-1.396451e-09	-3.843343e+01	-1.602720e+02
1.000000e-08	-7.134193e-06	-1.395287e-09	-3.843544e+01	-1.602745e+02
2.000000e-08	-7.134285e-06	-1.394854e-09	-3.843594e+01	-1.602676e+02
3.000000e-08	-7.133893e-06	-1.394493e-09	-3.843382e+01	-1.602514e+02
4.000000e-08	-7.132730e-06	-1.393881e-09	-3.842756e+01	-1.602264e+02
5.000000e-08	-7.130769e-06	-1.392260e-09	-3.841699e+01	-1.601928e+02
6.000000e-08	-7.128071e-06	-1.391392e-09	-3.840245e+01	-1.601510e+02
7.000000e-08	-7.124827e-06	-1.389806e-09	-3.838498e+01	-1.601013e+02
8.000000e-08	-7.121114e-06	-1.386756e-09	-3.836497e+01	-1.600443e+02
9.000000e-08	-7.116850e-06	-1.397164e-09	-3.834200e+01	-1.599803e+02
1.000000e-07	-7.111904e-06	-1.404880e-09	-3.831536e+01	-1.599097e+02
1.100000e-07	-7.106228e-06	-1.361486e-09	-3.828478e+01	-1.598329e+02
1.200000e-07	-7.100148e-06	-1.333779e-09	-3.825202e+01	-1.597504e+02
1.300000e-07	-7.093940e-06	-1.409318e-09	-3.821858e+01	-1.596627e+02
1.400000e-07	-7.087450e-06	-1.462400e-09	-3.818361e+01	-1.595700e+02
1.500000e-07	-7.080362e-06	-1.360204e-09	-3.814542e+01	-1.594728e+02
1.600000e-07	-7.072715e-06	-1.289752e-09	-3.810423e+01	-1.593715e+02
1.700000e-07	-7.064847e-06	-1.413587e-09	-3.806184e+01	-1.592664e+02
1.800000e-07	-7.056502e-06	-1.479952e-09	-3.801688e+01	-1.591579e+02
1.900000e-07	-7.047466e-06	-1.322157e-09	-3.796820e+01	-1.590463e+02
2.000000e-07	-7.037744e-06	-1.250785e-09	-3.791582e+01	-1.589318e+02
2.100000e-07	-7.027259e-06	-1.430720e-09	-3.785933e+01	-1.588146e+02
2.200000e-07	-7.016301e-06	-1.487954e-09	-3.780029e+01	-1.586951e+02
2.300000e-07	-7.004774e-06	-1.304154e-09	-3.773819e+01	-1.585733e+02
2.400000e-07	-6.992500e-06	-1.270557e-09	-3.767207e+01	-1.584494e+02
2.500000e-07	-6.979701e-06	-1.436707e-09	-3.760311e+01	-1.583235e+02
2.600000e-07	-6.966549e-06	-1.421910e-09	-3.753226e+01	-1.581958e+02
2.700000e-07	-6.953028e-06	-1.280696e-09	-3.745941e+01	-1.580662e+02
2.800000e-07	-6.938570e-06	-1.339660e-09	-3.738152e+01	-1.579347e+02
2.900000e-07	-6.923069e-06	-1.433547e-09	-3.729801e+01	-1.578015e+02
3.000000e-07	-6.907028e-06	-1.333745e-09	-3.721159e+01	-1.576663e+02
3.100000e-07	-6.890541e-06	-1.292102e-09	-3.712276e+01	-1.575292e+02
3.200000e-07	-6.873652e-06	-1.407908e-09	-3.703177e+01	-1.573901e+02
3.300000e-07	-6.856346e-06	-1.369915e-09	-3.693854e+01	-1.572489e+02
3.400000e-07	-6.838607e-06	-1.256750e-09	-3.684297e+01	-1.571054e+02
3.500000e-07	-6.820433e-06	-1.358236e-09	-3.674506e+01	-1.569596e+02
3.600000e-07	-6.801844e-06	-1.438599e-09	-3.664491e+01	-1.568113e+02
3.700000e-07	-6.782849e-06	-1.290001e-09	-3.654257e+01	-1.566603e+02
3.800000e-07	-6.763314e-06	-1.254831e-09	-3.643733e+01	-1.565065e+02
3.900000e-07	-6.743287e-06	-1.398927e-09	-3.632943e+01	-1.563497e+02
4.000000e-07	-6.722917e-06	-1.364675e-09	-3.621969e+01	-1.561899e+02
4.100000e-07	-6.702145e-06	-1.250491e-09	-3.610778e+01	-1.560268e+02
4.200000e-07	-6.680950e-06	-1.332797e-09	-3.599359e+01	-1.558602e+02
4.300000e-07	-6.659347e-06	-1.384496e-09	-3.587721e+01	-1.556902e+02
4.400000e-07	-6.637172e-06	-1.281724e-09	-3.575774e+01	-1.555164e+02
4.500000e-07	-6.614519e-06	-1.292001e-09	-3.563570e+01	-1.553389e+02
4.600000e-07	-6.591539e-06	-1.364133e-09	-3.551189e+01	-1.551575e+02
4.700000e-07	-6.568129e-06	-1.292370e-09	-3.538577e+01	-1.549720e+02
4.800000e-07	-6.544246e-06	-1.262120e-09	-3.525710e+01	-1.547825e+02
4.900000e-07	-6.519978e-06	-1.348689e-09	-3.512636e+01	-1.545887e+02
5.000000e-07	-6.495119e-06	-1.323035e-09	-3.499243e+01	-1.543907e+02
5.100000e-07	-6.469579e-06	-1.251185e-09	-3.485483e+01	-1.541884e+02
5.200000e-07	-6.443499e-06	-1.302564e-09	-3.471432e+01	-1.539816e+02
5.300000e-07	-6.416820e-06	-1.323402e-09	-3.457059e+01	-1.537705e+02
5.400000e-07	-6.389539e-06	-1.261365e-09	-3.442362e+01	-1.535548e+02
5.500000e-07	-6.361782e-06	-1.277508e-09	-3.427407e+01	-1.533345e+02
5.600000e-07	-6.333654e-06	-1.312868e-09	-3.412253e+01	-1.531096e+02
5.700000e-07	-6.305120e-06	-1.271486e-09	-3.396881e+01	-1.528800e+02
5.800000e-07	-6.276094e-06	-1.264318e-09	-3.381243e+01	-1.526457e+02
5.900000e-07	-6.246660e-06	-1.296088e-09	-3.365386e+01	-1.524064e+02
6.000000e-07	-6.216989e-06	-1.271494e-09	-3.349400e+01	-1.521622e+02
6.100000e-07	-6.186971e-06	-1.253053e-09	-3.333229e+01	-1.519130e+02
6.200000e-07	-6.156598e-06	-1.277432e-09	-3.316865e+01	-1.516585e+02
6.300000e-07	-6.125870e-06	-1.270626e-09	-3.300310e+01	-1.513986e+02
6.400000e-07	-6.094637e-06	-1.251664e-09	-3.283483e+01	-1.511332e+02
6.500000e-07	-6.062924e-06	-1.263156e-09	-3.266398e+01	-1.508621e+02
6.600000e-07	-6.030871e-06	-1.261354e-09	-3.249129e+01	-1.505851e+02
6.700000e-07	-5.998394e-06	-1.245416e-09	-3.231632e+01	-1.503019e+02
6.800000e-07	-5.965444e-06	-1.249650e-09	-3.213881e+01	-1.500122e+02
6.900000e-07	-5.931794e-06	-1.251413e-09	-3.195752e+01	-1.497158e+02
7.000000e-07	-5.897354e-06	-1.240601e-09	-3.177197e+01	-1.494124e+02
7.100000e-07	-5.862358e-06	-1.238352e-09	-3.158343e+01	-1.491017e+02
7.200000e-07	-5.826938e-06	-1.236992e-09	-3.139261e+01	-1.487834e+02
7.300000e-07	-5.791232e-06	-1.230631e-09	-3.120024e+01	-1.484571e+02
7.400000e-07	-5.755228e-06	-1.229902e-09	-3.100627e+01	-1.481224e+02
7.500000e-07	-5.718895e-06	-1.227934e-09	-3.081052e+01	-1.477791e+02
7.600000e-07	-5.682256e-06	-1.221571e-09	-3.061313e+01	-1.474268e+02
7.700000e-07	-5.645224e-06	-1.220044e-09	-3.041362e+01	-1.470651e+02
7.800000e-07	-5.607655e-06	-1.219047e-09	-3.021122e+01	-1.466938e+02
7.900000e-07	-5.569731e-06	-1.212556e-09	-3.000690e+01	-1.463126e+02
8.000000e-07	-5.531462e-06	-1.206202e-09	-2.980073e+01	-1.459211e+02
8.100000e-07	-5.492670e-06	-1.201737e-09	-2.959174e+01	-1.455191e+02
8.200000e-07	-5.453463e-06	-1.197489e-09	-2.938051e+01	-1.451064e+02
8.300000e-07	-5.413943e-06	-1.194714e-09	-2.916760e+01	-1.446828e+02
8.400000e-07	-5.374231e-06	-1.192516e-09	-2.895365e+01	-1.442481e+02
8.500000e-07	-5.334255e-06	-1.187934e-09	-2.873828e+01	-1.438023e+02
8.600000e-07	-5.293851e-06	-1.182773e-09	-2.852060e+01	-1.433452e+02
8.700000e-07	-5.253064e-06	-1.178856e-09	-2.830086e+01	-1.428770e+02
8.800000e-07	-5.211818e-06	-1.174577e-09	-2.807865e+01	-1.423976e+02
8.900000e-07	-5.170080e-06	-1.167464e-09	-2.785379e+01	-1.419070e+02
9.000000e-07	-5.127767e-06	-1.159306e-09	-2.762583e+01	-1.414056e+02
9.100000e-07	-5.084848e-06	-1.153947e-09	-2.739460e+01	-1.408933e+02
9.200000e-07	-5.041520e-06	-1.150948e-09	-2.716117e+01	-1.403705e+02
9.300000e-07	-4.997920e-06	-1.146023e-09	-2.692628e+01	-1.398374e+02
9.400000e-07	-4.954095e-06	-1.138394e-09	-2.669017e+01	-1.392943e+02
9.500000e-07	-4.910013e-06	-1.131219e-09	-2.645268e+01	-1.387416e+02
9.600000e-07	-4.865557e-06	-1.126684e-09	-2.621317e+01	-1.381797e+02
9.700000e-07	-4.820763e-06	-1.123022e-09	-2.597185e+01	-1.376088e+02
9.800000e-07	-4.775754e-06	-1.118669e-09	-2.572936e+01	-1.370294e+02
9.900000e-07	-4.730315e-06	-1.113154e-09	-2.548456e+01	-1.364419e+02
1.000000e-06	-4.684417e-06	-1.106422e-09	-2.523728e+01	-1.358467e+02
1.010000e-06	-4.638247e-06	-1.100968e-09	-2.498854e+01	-1.352442e+02
1.020000e-06	-4.591819e-06	-1.096263e-09	-2.473841e+01	-1.346347e+02
1.030000e-06	-4.545124e-06	-1.090131e-09	-2.448684e+01	-1.340185e+02
1.040000e-06	-4.498302e-06	-1.083861e-09	-2.423458e+01	-1.333960e+02
1.050000e-06	-4.451295e-06	-1.079822e-09	-2.398134e+01	-1.327674e+02
1.060000e-06	-4.403804e-06	-1.075950e-09	-2.372548e+01	-1.321328e+02
1.070000e-06	-4.355800e-06	-1.070566e-09	-2.346686e+01	-1.314924e+02
1.080000e-06	-4.307533e-06	-1.064206e-09	-2.320682e+01	-1.308463e+02
1.090000e-06	-4.259079e-06	-1.057441e-09	-2.294577e+01	-1.301945e+02
1.100000e-06	-4.210094e-06	-1.050971e-09	-2.268186e+01	-1.295369e+02
1.110000e-06	-4.160586e-06	-1.045785e-09	-2.241514e+01	-1.288733e+02
1.120000e-06	-4.110839e-06	-1.039829e-09	-2.214713e+01	-1.282035e+02
1.130000e-06	-4.060558e-06	-1.031689e-09	-2.187624e+01	-1.275273e+02
1.140000e-06	-4.009756e-06	-1.023704e-09	-2.160255e+01	-1.268442e+02
1.150000e-06	-3.958701e-06	-1.018054e-09	-2.132749e+01	-1.261539e+02
1.160000e-06	-3.907408e-06	-1.013208e-09	-2.105115e+01	-1.254557e+02
1.170000e-06	-3.855859e-06	-1.006773e-09	-2.077342e+01	-1.247492e+02
1.180000e-06	-3.803968e-06	-9.998089e-10	-2.049387e+01	-1.240338e+02
1.190000e-06	-3.751661e-06	-9.936659e-10	-2.021206e+01	-1.233087e+02
1.200000e-06	-3.699005e-06	-9.874964e-10	-1.992838e+01	-1.225733e+02
1.210000e-06	-3.646165e-06	-9.808180e-10	-1.964370e+01	-1.218269e+02
1.220000e-06	-3.593074e-06	-9.735611e-10	-1.935767e+01	-1.210686e+02
1.230000e-06	-3.539652e-06	-9.658805e-10	-1.906986e+01	-1.202979e+02
1.240000e-06	-3.485978e-06	-9.588836e-10	-1.878069e+01	-1.195139e+02
1.250000e-06	-3.432159e-06	-9.538830e-10	-1.849075e+01	-1.187159e+02
1.260000e-06	-3.378069e-06	-9.495665e-10	-1.819933e+01	-1.179032e+02
1.270000e-06	-3.323752e-06	-9.422050e-10	-1.790670e+01	-1.170752e+02
1.280000e-06	-3.269260e-06	-9.327590e-10	-1.761313e+01	-1.162313e+02
1.290000e-06	-3.214526e-06	-9.248526e-10	-1.731825e+01	-1.153709e+02
1.300000e-06	-3.159628e-06	-9.189612e-10	-1.702249e+01	-1.144935e+02
1.310000e-06	-3.104411e-06	-9.120027e-10	-1.672500e+01	-1.135987e+02
1.320000e-06	-3.048947e-06	-9.026879e-10	-1.642619e+01	-1.126861e+02
1.330000e-06	-2.993486e-06	-8.936447e-10	-1.612739e+01	-1.117555e+02
1.340000e-06	-2.937874e-06	-8.864365e-10	-1.582778e+01	-1.108067e+02
1.350000e-06	-2.881997e-06	-8.799430e-10	-1.552675e+01	-1.098396e+02
1.360000e-06	-2.825926e-06	-8.730814e-10	-1.522466e+01	-1.088540e+02
1.370000e-06	-2.769728e-06	-8.655614e-10	-1.492190e+01	-1.078501e+02
1.380000e-06	-2.713535e-06	-8.577831e-10	-1.461916e+01	-1.068278e+02
1.390000e-06	-2.657181e-06	-8.493131e-10	-1.431555e+01	-1.057875e+02
1.400000e-06	-2.600574e-06	-8.402038e-10	-1.401058e+01	-1.047292e+02
1.410000e-06	-2.543728e-06	-8.302153e-10	-1.370432e+01	-1.036532e+02
1.420000e-06	-2.486635e-06	-8.199654e-10	-1.339674e+01	-1.025598e+02
1.430000e-06	-2.429233e-06	-8.114838e-10	-1.308749e+01	-1.014493e+02
1.440000e-06	-2.371431e-06	-8.040962e-10	-1.277608e+01	-1.003219e+02
1.450000e-06	-2.313273e-06	-7.960325e-10	-1.246275e+01	-9.917786e+01
1.460000e-06	-2.254843e-06	-7.860767e-10	-1.214796e+01	-9.801754e+01
1.470000e-06	-2.196211e-06	-7.745350e-10	-1.183208e+01	-9.684111e+01
1.480000e-06	-2.137405e-06	-7.625405e-10	-1.151526e+01	-9.564873e+01
1.490000e-06	-2.078474e-06	-7.513039e-10	-1.119777e+01	-9.444050e+01
1.500000e-06	-2.019287e-06	-7.412245e-10	-1.087890e+01	-9.321645e+01
1.510000e-06	-1.959918e-06	-7.311317e-10	-1.055905e+01	-9.197651e+01
1.520000e-06	-1.900505e-06	-7.207689e-10	-1.023896e+01	-9.072053e+01
1.530000e-06	-1.840964e-06	-7.116198e-10	-9.918187e+00	-8.944825e+01
1.540000e-06	-1.781386e-06	-7.028895e-10	-9.597212e+00	-8.815928e+01
1.550000e-06	-1.721793e-06	-6.922989e-10	-9.276151e+00	-8.685314e+01
1.560000e-06	-1.662030e-06	-6.799237e-10	-8.954181e+00	-8.552923e+01
1.570000e-06	-1.602179e-06	-6.674502e-10	-8.631735e+00	-8.418682e+01
1.580000e-06	-1.542298e-06	-6.564119e-10	-8.309125e+00	-8.282507e+01
1.590000e-06	-1.482292e-06	-6.456299e-10	-7.985840e+00	-8.144304e+01
1.600000e-06	-1.422194e-06	-6.338863e-10	-7.662065e+00	-8.003968e+01
1.610000e-06	-1.362059e-06	-6.216757e-10	-7.338089e+00	-7.861384e+01
1.620000e-06	-1.301830e-06	-6.091939e-10	-7.013604e+00	-7.716430e+01
1.630000e-06	-1.241468e-06	-5.969028e-10	-6.688404e+00	-7.568977e+01
1.640000e-06	-1.181058e-06	-5.845619e-10	-6.362947e+00	-7.418890e+01
1.650000e-06	-1.120711e-06	-5.717067e-10	-6.037828e+00	-7.266030e+01
1.660000e-06	-1.060314e-06	-5.589316e-10	-5.712438e+00	-7.110257e+01
1.670000e-06	-9.997594e-07	-5.470645e-10	-5.386200e+00	-6.951431e+01
1.680000e-06	-9.392222e-07	-5.350540e-10	-5.060056e+00	-6.789413e+01
1.690000e-06	-8.786041e-07	-5.206657e-10	-4.733477e+00	-6.624071e+01
1.700000e-06	-8.178172e-07	-5.061469e-10	-4.405987e+00	-6.455276e+01
1.710000e-06	-7.570452e-07	-4.933635e-10	-4.078578e+00	-6.282908e+01
1.720000e-06	-6.962143e-07	-4.799921e-10	-3.750852e+00	-6.106859e+01
1.730000e-06	-6.352487e-07	-4.659763e-10	-3.422400e+00	-5.927031e+01
1.740000e-06	-5.741693e-07	-4.520465e-10	-3.093335e+00	-5.743342e+01
1.750000e-06	-5.131310e-07	-4.377042e-10	-2.764491e+00	-5.555724e+01
1.760000e-06	-4.521244e-07	-4.227182e-10	-2.435818e+00	-5.364127e+01
1.770000e-06	-3.909950e-07	-4.070297e-10	-2.106484e+00	-5.168521e+01
1.780000e-06	-3.297457e-07	-3.904263e-10	-1.776504e+00	-4.968892e+01
1.790000e-06	-2.684946e-07	-3.739516e-10	-1.446514e+00	-4.765251e+01
1.800000e-06	-2.072838e-07	-3.569704e-10	-1.116741e+00	-4.557627e+01
1.810000e-06	-1.460728e-07	-3.387048e-10	-7.869667e-01	-4.346073e+01
1.820000e-06	-8.477786e-08	-3.214519e-10	-4.567404e-01	-4.130661e+01
1.830000e-06	-2.347435e-08	-3.036923e-10	-1.264680e-01	-3.911487e+01
1.840000e-06	3.781323e-08	-2.852950e-10	2.037186e-01	-3.688668e+01
1.850000e-06	9.913088e-08	-2.674753e-10	5.340673e-01	-3.462341e+01
1.860000e-06	1.604103e-07	-2.493923e-10	8.642100e-01	-3.232662e+01
1.870000e-06	2.215811e-07	-2.312023e-10	1.193767e+00	-2.999808e+01
1.880000e-06	2.827015e-07	-2.124160e-10	1.523053e+00	-2.763971e+01
1.890000e-06	3.439228e-07	-1.930089e-10	1.852883e+00	-2.525361e+01
1.900000e-06	4.050029e-07	-1.734427e-10	2.181952e+00	-2.284202e+01
1.910000e-06	4.659582e-07	-1.543129e-10	2.510348e+00	-2.040728e+01
1.920000e-06	5.270650e-07	-1.358204e-10	2.839561e+00	-1.795188e+01
1.930000e-06	5.882002e-07	-1.174240e-10	3.168926e+00	-1.547835e+01
1.940000e-06	6.492585e-07	-9.935809e-11	3.497878e+00	-1.298933e+01
1.950000e-06	7.102022e-07	-8.014350e-11	3.826212e+00	-1.048748e+01
1.960000e-06	7.709346e-07	-5.844985e-11	4.153407e+00	-7.975496e+00
1.970000e-06	8.317888e-07	-3.653591e-11	4.481259e+00	-5.456068e+00
1.980000e-06	8.927390e-07	-1.636246e-11	4.809628e+00	-2.931885e+00
1.990000e-06	9.535302e-07	2.985798e-12	5.137141e+00	-4.055979e-01
2.000000e-06	1.014190e-06	2.307634e-11	5.463947e+00	2.120191e+00
2.010000e-06	1.074662e-06	4.248750e-11	5.789738e+00	4.642946e+00
2.020000e-06	1.135062e-06	6.190528e-11	6.115144e+00	7.160214e+00
2.030000e-06	1.195354e-06	8.177947e-11	6.439965e+00	9.669636e+00
2.040000e-06	1.255625e-06	1.009513e-10	6.764674e+00	1.216896e+01
2.050000e-06	1.315887e-06	1.205365e-10	7.089338e+00	1.465605e+01
2.060000e-06	1.375945e-06	1.399672e-10	7.412896e+00	1.712890e+01
2.070000e-06	1.435912e-06	1.587254e-10	7.735968e+00	1.958563e+01
2.080000e-06	1.495834e-06	1.776106e-10	8.058799e+00	2.202450e+01
2.090000e-06	1.555742e-06	1.963341e-10	8.381556e+00	2.444390e+01
2.100000e-06	1.615580e-06	2.141557e-10	8.703931e+00	2.684237e+01
2.110000e-06	1.675310e-06	2.322753e-10	9.025725e+00	2.921858e+01
2.120000e-06	1.734985e-06	2.505706e-10	9.347223e+00	3.157136e+01
2.130000e-06	1.794577e-06	2.676714e-10	9.668275e+00	3.389964e+01
2.140000e-06	1.854088e-06	2.843216e-10	9.988894e+00	3.620251e+01
2.150000e-06	1.913576e-06	3.011921e-10	1.030938e+01	3.847917e+01
2.160000e-06	1.973030e-06	3.189206e-10	1.062969e+01	4.072894e+01
2.170000e-06	2.032263e-06	3.369101e-10	1.094881e+01	4.295125e+01
2.180000e-06	2.091368e-06	3.537534e-10	1.126724e+01	4.514564e+01
2.190000e-06	2.150375e-06	3.701685e-10	1.158514e+01	4.731172e+01
2.200000e-06	2.209130e-06	3.867431e-10	1.190168e+01	4.944923e+01
2.210000e-06	2.267677e-06	4.028512e-10	1.221710e+01	5.155795e+01
2.220000e-06	2.325919e-06	4.185926e-10	1.253088e+01	5.363774e+01
2.230000e-06	2.383848e-06	4.344421e-10	1.284297e+01	5.568853e+01
2.240000e-06	2.441475e-06	4.507911e-10	1.315344e+01	5.771030e+01
2.250000e-06	2.498721e-06	4.674374e-10	1.346185e+01	5.970307e+01
2.260000e-06	2.555659e-06	4.831095e-10	1.376860e+01	6.166691e+01
2.270000e-06	2.612326e-06	4.974854e-10	1.407390e+01	6.360191e+01
2.280000e-06	2.668826e-06	5.114012e-10	1.437829e+01	6.550820e+01
2.290000e-06	2.725069e-06	5.252876e-10	1.468130e+01	6.738593e+01
2.300000e-06	2.780991e-06	5.388352e-10	1.498258e+01	6.923525e+01
2.310000e-06	2.836831e-06	5.534080e-10	1.528342e+01	7.105636e+01
2.320000e-06	2.892530e-06	5.692494e-10	1.558349e+01	7.284944e+01
2.330000e-06	2.948075e-06	5.858689e-10	1.588274e+01	7.461468e+01
2.340000e-06	3.003513e-06	6.019196e-10	1.618141e+01	7.635229e+01
2.350000e-06	3.058802e-06	6.157198e-10	1.647929e+01	7.806248e+01
2.360000e-06	3.113986e-06	6.273845e-10	1.677659e+01	7.974545e+01
2.370000e-06	3.168981e-06	6.382271e-10	1.707287e+01	8.140143e+01
2.380000e-06	3.223728e-06	6.494205e-10	1.736782e+01	8.303063e+01
2.390000e-06	3.278217e-06	6.617577e-10	1.766138e+01	8.463326e+01
2.400000e-06	3.332480e-06	6.767431e-10	1.795372e+01	8.620956e+01
2.410000e-06	3.386430e-06	6.923252e-10	1.824438e+01	8.775974e+01
2.420000e-06	3.440171e-06	7.068178e-10	1.853391e+01	8.928402e+01
2.430000e-06	3.493833e-06	7.206602e-10	1.882301e+01	9.078265e+01
2.440000e-06	3.547265e-06	7.337136e-10	1.911088e+01	9.225586e+01
2.450000e-06	3.600421e-06	7.459241e-10	1.939725e+01	9.370388e+01
2.460000e-06	3.653362e-06	7.570703e-10	1.968247e+01	9.512697e+01
2.470000e-06	3.706021e-06	7.674625e-10	1.996618e+01	9.652537e+01
2.480000e-06	3.758222e-06	7.773073e-10	2.024741e+01	9.789934e+01
2.490000e-06	3.810099e-06	7.878541e-10	2.052689e+01	9.924914e+01
2.500000e-06	3.861793e-06	7.997313e-10	2.080540e+01	1.005751e+02
2.510000e-06	3.913209e-06	8.117197e-10	2.108240e+01	1.018773e+02
2.520000e-06	3.964335e-06	8.230047e-10	2.135784e+01	1.031563e+02
2.530000e-06	4.015107e-06	8.331200e-10	2.163137e+01	1.044122e+02
2.540000e-06	4.065348e-06	8.426421e-10	2.190205e+01	1.056453e+02
2.550000e-06	4.115083e-06	8.514911e-10	2.216999e+01	1.068560e+02
2.560000e-06	4.164463e-06	8.592439e-10	2.243603e+01	1.080445e+02
2.570000e-06	4.213502e-06	8.666373e-10	2.270023e+01	1.092112e+02
2.580000e-06	4.262043e-06	8.754332e-10	2.296174e+01	1.103563e+02
2.590000e-06	4.310092e-06	8.857706e-10	2.322060e+01	1.114803e+02
2.600000e-06	4.357818e-06	8.964694e-10	2.347773e+01	1.125833e+02
2.610000e-06	4.405337e-06	9.063979e-10	2.373374e+01	1.136658e+02
2.620000e-06	4.452610e-06	9.152482e-10	2.398842e+01	1.147280e+02
2.630000e-06	4.499644e-06	9.232620e-10	2.424182e+01	1.157704e+02
2.640000e-06	4.546385e-06	9.309370e-10	2.449363e+01	1.167931e+02
2.650000e-06	4.592696e-06	9.384016e-10	2.474313e+01	1.177966e+02
2.660000e-06	4.638705e-06	9.453346e-10	2.499101e+01	1.187813e+02
2.670000e-06	4.684308e-06	9.520357e-10	2.523669e+01	1.197474e+02
2.680000e-06	4.729534e-06	9.584461e-10	2.548034e+01	1.206953e+02
2.690000e-06	4.774592e-06	9.655763e-10	2.572310e+01	1.216253e+02
2.700000e-06	4.819386e-06	9.726509e-10	2.596442e+01	1.225378e+02
2.710000e-06	4.863787e-06	9.790599e-10	2.620364e+01	1.234332e+02
2.720000e-06	4.907861e-06	9.866811e-10	2.644109e+01	1.243118e+02
2.730000e-06	4.951724e-06	9.948913e-10	2.667739e+01	1.251739e+02
2.740000e-06	4.995406e-06	1.003021e-09	2.691273e+01	1.260200e+02
2.750000e-06	5.038896e-06	1.010302e-09	2.714704e+01	1.268503e+02
2.760000e-06	5.082113e-06	1.016365e-09	2.737987e+01	1.276652e+02
2.770000e-06	5.124977e-06	1.022159e-09	2.761080e+01	1.284651e+02
2.780000e-06	5.167271e-06	1.028904e-09	2.783866e+01	1.292503e+02
2.790000e-06	5.208931e-06	1.036428e-09	2.806310e+01	1.300211e+02
2.800000e-06	5.249900e-06	1.043255e-09	2.828382e+01	1.307778e+02
2.810000e-06	5.290234e-06	1.049892e-09	2.850111e+01	1.315209e+02
2.820000e-06	5.330152e-06	1.056000e-09	2.871617e+01	1.322506e+02
2.830000e-06	5.369745e-06	1.062060e-09	2.892948e+01	1.329671e+02
2.840000e-06	5.409107e-06	1.068892e-09	2.914154e+01	1.336708e+02
2.850000e-06	5.448368e-06	1.075139e-09	2.935306e+01	1.343620e+02
2.860000e-06	5.487448e-06	1.079830e-09	2.956361e+01	1.350409e+02
2.870000e-06	5.526100e-06	1.084329e-09	2.977184e+01	1.357077e+02
2.880000e-06	5.564231e-06	1.090395e-09	2.997727e+01	1.363627e+02
2.890000e-06	5.601897e-06	1.097503e-09	3.018020e+01	1.370060e+02
2.900000e-06	5.639116e-06	1.103082e-09	3.038072e+01	1.376379e+02
2.910000e-06	5.675908e-06	1.107341e-09	3.057894e+01	1.382584e+02
2.920000e-06	5.712328e-06	1.112624e-09	3.077515e+01	1.388678e+02
2.930000e-06	5.748340e-06	1.119499e-09	3.096916e+01	1.394661e+02
2.940000e-06	5.784102e-06	1.126505e-09	3.116183e+01	1.400534e+02
2.950000e-06	5.819648e-06	1.131181e-09	3.135333e+01	1.406298e+02
2.960000e-06	5.854947e-06	1.134481e-09	3.154350e+01	1.411954e+02
2.970000e-06	5.889949e-06	1.139588e-09	3.173208e+01	1.417501e+02
2.980000e-06	5.924440e-06	1.146822e-09	3.191790e+01	1.422941e+02
2.990000e-06	5.958334e-06	1.153079e-09	3.210050e+01	1.428273e+02
3.000000e-06	5.991631e-06	1.157951e-09	3.227989e+01	1.433497e+02
3.010000e-06	6.024264e-06	1.163294e-09	3.245570e+01	1.438614e+02
3.020000e-06	6.056319e-06	1.168828e-09	3.262839e+01	1.443623e+02
3.030000e-06	6.088001e-06	1.174508e-09	3.279908e+01	1.448524e+02
3.040000e-06	6.119354e-06	1.180138e-09	3.296800e+01	1.453317e+02
3.050000e-06	6.150379e-06	1.184887e-09	3.313514e+01	1.458003e+02
3.060000e-06	6.180983e-06	1.190939e-09	3.330002e+01	1.462581e+02
3.070000e-06	6.211142e-06	1.198028e-09	3.346250e+01	1.467052e+02
3.080000e-06	6.240861e-06	1.203270e-09	3.362262e+01	1.471416e+02
3.090000e-06	6.270167e-06	1.207953e-09	3.378050e+01	1.475674e+02
3.100000e-06	6.298899e-06	1.213076e-09	3.393530e+01	1.479826e+02
3.110000e-06	6.327213e-06	1.218547e-09	3.408783e+01	1.483875e+02
3.120000e-06	6.355350e-06	1.223827e-09	3.423942e+01	1.487821e+02
3.130000e-06	6.383092e-06	1.228583e-09	3.438888e+01	1.491666e+02
3.140000e-06	6.410524e-06	1.232889e-09	3.453667e+01	1.495412e+02
3.150000e-06	6.437641e-06	1.236323e-09	3.468277e+01	1.499061e+02
3.160000e-06	6.464223e-06	1.239537e-09	3.482598e+01	1.502616e+02
3.170000e-06	6.489891e-06	1.243274e-09	3.496426e+01	1.506079e+02
3.180000e-06	6.514741e-06	1.247310e-09	3.509814e+01	1.509454e+02
3.190000e-06	6.539018e-06	1.250858e-09	3.522894e+01	1.512743e+02
3.200000e-06	6.562770e-06	1.253480e-09	3.535690e+01	1.515951e+02
3.210000e-06	6.586251e-06	1.256277e-09	3.548340e+01	1.519081e+02
3.220000e-06	6.609450e-06	1.259591e-09	3.560839e+01	1.522136e+02
3.230000e-06	6.632229e-06	1.263054e-09	3.573111e+01	1.525120e+02
3.240000e-06	6.654467e-06	1.267292e-09	3.585092e+01	1.528038e+02
3.250000e-06	6.676175e-06	1.271453e-09	3.596787e+01	1.530893e+02
3.260000e-06	6.697408e-06	1.275100e-09	3.608226e+01	1.533690e+02
3.270000e-06	6.718170e-06	1.278473e-09	3.619411e+01	1.536431e+02
3.280000e-06	6.738436e-06	1.280587e-09	3.630330e+01	1.539120e+02
3.290000e-06	6.758317e-06	1.281380e-09	3.641041e+01	1.541761e+02
3.300000e-06	6.777993e-06	1.282903e-09	3.651641e+01	1.544357e+02
3.310000e-06	6.797433e-06	1.285728e-09	3.662115e+01	1.546910e+02
3.320000e-06	6.816368e-06	1.289161e-09	3.672316e+01	1.549423e+02
3.330000e-06	6.834642e-06	1.292198e-09	3.682161e+01	1.551899e+02
3.340000e-06	6.852314e-06	1.293446e-09	3.691682e+01	1.554339e+02
3.350000e-06	6.869529e-06	1.294643e-09	3.700956e+01	1.556744e+02
3.360000e-06	6.886239e-06	1.296944e-09	3.709959e+01	1.559114e+02
3.370000e-06	6.902480e-06	1.298088e-09	3.718708e+01	1.561452e+02
3.380000e-06	6.918212e-06	1.298939e-09	3.727184e+01	1.563755e+02
3.390000e-06	6.933376e-06	1.301309e-09	3.735354e+01	1.566024e+02
3.400000e-06	6.947996e-06	1.304348e-09	3.743230e+01	1.568257e+02
3.410000e-06	6.961981e-06	1.308448e-09	3.750765e+01	1.570453e+02
3.420000e-06	6.975410e-06	1.313226e-09	3.757999e+01	1.572610e+02
3.430000e-06	6.988349e-06	1.316537e-09	3.764970e+01	1.574725e+02
3.440000e-06	7.000881e-06	1.318268e-09	3.771722e+01	1.576796e+02
3.450000e-06	7.012910e-06	1.321003e-09	3.778203e+01	1.578820e+02
3.460000e-06	7.024326e-06	1.324673e-09	3.784353e+01	1.580793e+02
3.470000e-06	7.035261e-06	1.326539e-09	3.790244e+01	1.582711e+02
3.480000e-06	7.045680e-06	1.326524e-09	3.795858e+01	1.584571e+02
3.490000e-06	7.055332e-06	1.325928e-09	3.801057e+01	1.586368e+02
3.500000e-06	7.064133e-06	1.327066e-09	3.805799e+01	1.588099e+02
3.510000e-06	7.072281e-06	1.331076e-09	3.810189e+01	1.589760e+02
3.520000e-06	7.079998e-06	1.335724e-09	3.814346e+01	1.591346e+02
3.530000e-06	7.087272e-06	1.338422e-09	3.818265e+01	1.592853e+02
3.540000e-06	7.094035e-06	1.339734e-09	3.821909e+01	1.594278e+02
3.550000e-06	7.100358e-06	1.341766e-09	3.825315e+01	1.595616e+02
3.560000e-06	7.106331e-06	1.344084e-09	3.828533e+01	1.596866e+02
3.570000e-06	7.111809e-06	1.346137e-09	3.831484e+01	1.598023e+02
3.580000e-06	7.116710e-06	1.348307e-09	3.834125e+01	1.599085e+02
3.590000e-06	7.121074e-06	1.350848e-09	3.836476e+01	1.600049e+02
3.600000e-06	7.125051e-06	1.354376e-09	3.838619e+01	1.600914e+02
3.610000e-06	7.128713e-06	1.358264e-09	3.840591e+01	1.601679e+02
3.620000e-06	7.131955e-06	1.360572e-09	3.842338e+01	1.602342e+02
3.630000e-06	7.134770e-06	1.361349e-09	3.843855e+01	1.602902e+02
3.640000e-06	7.136937e-06	1.361936e-09	3.845022e+01	1.603360e+02
3.650000e-06	7.138189e-06	1.362467e-09	3.845697e+01	1.603716e+02
3.660000e-06	7.138727e-06	1.363491e-09	3.845986e+01	1.603971e+02
3.670000e-06	7.138752e-06	1.365723e-09	3.846000e+01	1.604127e+02
3.680000e-06	7.138480e-06	1.367655e-09	3.845853e+01	1.604184e+02
3.690000e-06	7.137968e-06	1.368109e-09	3.845578e+01	1.604146e+02
3.700000e-06	7.136949e-06	1.369080e-09	3.845029e+01	1.604015e+02
3.710000e-06	7.135362e-06	1.370440e-09	3.844174e+01	1.603794e+02
3.720000e-06	7.133276e-06	1.370545e-09	3.843050e+01	1.603486e+02
3.730000e-06	7.130680e-06	1.371236e-09	3.841651e+01	1.603095e+02
3.740000e-06	7.127675e-06	1.375978e-09	3.840032e+01	1.602625e+02
3.750000e-06	7.124237e-06	1.373699e-09	3.838180e+01	1.602078e+02
3.760000e-06	7.120136e-06	1.350065e-09	3.835970e+01	1.601461e+02
3.770000e-06	7.115321e-06	1.358642e-09	3.833376e+01	1.600777e+02
3.780000e-06	7.109770e-06	1.434574e-09	3.830386e+01	1.600029e+02
3.790000e-06	7.103723e-06	1.415202e-09	3.827128e+01	1.599223e+02
3.800000e-06	7.097373e-06	1.295595e-09	3.823707e+01	1.598363e+02
3.810000e-06	7.090713e-06	1.312157e-09	3.820119e+01	1.597452e+02
3.820000e-06	7.083504e-06	1.454463e-09	3.816235e+01	1.596495e+02
3.830000e-06	7.075590e-06	1.439543e-09	3.811971e+01	1.595495e+02
3.840000e-06	7.067230e-06	1.269782e-09	3.807468e+01	1.594457e+02
3.850000e-06	7.058497e-06	1.294735e-09	3.802763e+01	1.593383e+02
3.860000e-06	7.049287e-06	1.498797e-09	3.797801e+01	1.592277e+02
3.870000e-06	7.039534e-06	1.460389e-09	3.792546e+01	1.591141e+02
3.880000e-06	7.029358e-06	1.219138e-09	3.787064e+01	1.589978e+02
3.890000e-06	7.018816e-06	1.272567e-09	3.781385e+01	1.588790e+02
3.900000e-06	7.007833e-06	1.524234e-09	3.775468e+01	1.587580e+02
3.910000e-06	6.996334e-06	1.449059e-09	3.769272e+01	1.586348e+02
3.920000e-06	6.984164e-06	1.215378e-09	3.762716e+01	1.585096e+02
3.930000e-06	6.971182e-06	1.339735e-09	3.755722e+01	1.583825e+02
3.940000e-06	6.957587e-06	1.534222e-09	3.748397e+01	1.582535e+02
3.950000e-06	6.943338e-06	1.354457e-09	3.740721e+01	1.581227e+02
3.960000e-06	6.928277e-06	1.210362e-09	3.732607e+01	1.579900e+02
3.970000e-06	6.912695e-06	1.424465e-09	3.724212e+01	1.578555e+02
3.980000e-06	6.896638e-06	1.489464e-09	3.715561e+01	1.577191e+02
3.990000e-06	6.880115e-06	1.261373e-09	3.706659e+01	1.575807e+02
4.000000e-06	6.863241e-06	1.298765e-09	3.697568e+01	1.574402e+02
4.010000e-06	6.845879e-06	1.502766e-09	3.688215e+01	1.572975e+02
4.020000e-06	6.828078e-06	1.360869e-09	3.678625e+01	1.571525e+02
4.030000e-06	6.809846e-06	1.210583e-09	3.668802e+01	1.570050e+02
4.040000e-06	6.791107e-06	1.421704e-09	3.658706e+01	1.568549e+02
4.050000e-06	6.771800e-06	1.486073e-09	3.648305e+01	1.567021e+02
4.060000e-06	6.752006e-06	1.258535e-09	3.637640e+01	1.565464e+02
4.070000e-06	6.731872e-06	1.300512e-09	3.626794e+01	1.563876e+02
4.080000e-06	6.711443e-06	1.485929e-09	3.615787e+01	1.562256e+02
4.090000e-06	6.690572e-06	1.349987e-09	3.604543e+01	1.560602e+02
4.100000e-06	6.668911e-06	1.252386e-09	3.592873e+01	1.558913e+02
4.110000e-06	6.646537e-06	1.426941e-09	3.580819e+01	1.557189e+02
4.120000e-06	6.623562e-06	1.416371e-09	3.568442e+01	1.555426e+02
4.130000e-06	6.599901e-06	1.267402e-09	3.555694e+01	1.553625e+02
4.140000e-06	6.575746e-06	1.366603e-09	3.542681e+01	1.551784e+02
4.150000e-06	6.551242e-06	1.436410e-09	3.529479e+01	1.549902e+02
4.160000e-06	6.526434e-06	1.296196e-09	3.516114e+01	1.547979e+02
4.170000e-06	6.501378e-06	1.314341e-09	3.502615e+01	1.546013e+02
4.180000e-06	6.475831e-06	1.426337e-09	3.488851e+01	1.544005e+02
4.190000e-06	6.449712e-06	1.344563e-09	3.474780e+01	1.541952e+02
4.200000e-06	6.423128e-06	1.303726e-09	3.460458e+01	1.539855e+02
4.210000e-06	6.396113e-06	1.394493e-09	3.445904e+01	1.537714e+02
4.220000e-06	6.368682e-06	1.358704e-09	3.431125e+01	1.535526e+02
4.230000e-06	6.340812e-06	1.301158e-09	3.416110e+01	1.533293e+02
4.240000e-06	6.312539e-06	1.369859e-09	3.400878e+01	1.531013e+02
4.250000e-06	6.283977e-06	1.372580e-09	3.385490e+01	1.528685e+02
4.260000e-06	6.255057e-06	1.315198e-09	3.369910e+01	1.526309e+02
4.270000e-06	6.225588e-06	1.349715e-09	3.354033e+01	1.523884e+02
4.280000e-06	6.195556e-06	1.368385e-09	3.337853e+01	1.521409e+02
4.290000e-06	6.164862e-06	1.327399e-09	3.321317e+01	1.518881e+02
4.300000e-06	6.133386e-06	1.337778e-09	3.304359e+01	1.516301e+02
4.310000e-06	6.101402e-06	1.354505e-09	3.287128e+01	1.513666e+02
4.320000e-06	6.069106e-06	1.331353e-09	3.269728e+01	1.510975e+02
4.330000e-06	6.036487e-06	1.335977e-09	3.252155e+01	1.508224e+02
4.340000e-06	6.003589e-06	1.347302e-09	3.234431e+01	1.505413e+02
4.350000e-06	5.970343e-06	1.331103e-09	3.216520e+01	1.502538e+02
4.360000e-06	5.936594e-06	1.329971e-09	3.198338e+01	1.499597e+02
4.370000e-06	5.902422e-06	1.336205e-09	3.179927e+01	1.496587e+02
4.380000e-06	5.867825e-06	1.329044e-09	3.161289e+01	1.493505e+02
4.390000e-06	5.832793e-06	1.331249e-09	3.142415e+01	1.490347e+02
4.400000e-06	5.797474e-06	1.331658e-09	3.123387e+01	1.487111e+02
4.410000e-06	5.761741e-06	1.321278e-09	3.104136e+01	1.483793e+02
4.420000e-06	5.725607e-06	1.323295e-09	3.084669e+01	1.480389e+02
4.430000e-06	5.689191e-06	1.326676e-09	3.065050e+01	1.476896e+02
4.440000e-06	5.652438e-06	1.316699e-09	3.045249e+01	1.473311e+02
4.450000e-06	5.615204e-06	1.312018e-09	3.025189e+01	1.469631e+02
4.460000e-06	5.577447e-06	1.315184e-09	3.004848e+01	1.465852e+02
4.470000e-06	5.539300e-06	1.312181e-09	2.984296e+01	1.461972e+02
4.480000e-06	5.500562e-06	1.307963e-09	2.963426e+01	1.457987e+02
4.490000e-06	5.461140e-06	1.306544e-09	2.942187e+01	1.453896e+02
4.500000e-06	5.421252e-06	1.302274e-09	2.920698e+01	1.449696e+02
4.510000e-06	5.380971e-06	1.297055e-09	2.898996e+01	1.445387e+02
4.520000e-06	5.340396e-06	1.295464e-09	2.877136e+01	1.440966e+02
4.530000e-06	5.299568e-06	1.294535e-09	2.855140e+01	1.436433e+02
4.540000e-06	5.258457e-06	1.290978e-09	2.832992e+01	1.431788e+02
4.550000e-06	5.216978e-06	1.286075e-09	2.810645e+01	1.427031e+02
4.560000e-06	5.175004e-06	1.282990e-09	2.788031e+01	1.422163e+02
4.570000e-06	5.132719e-06	1.280737e-09	2.765250e+01	1.417185e+02
4.580000e-06	5.090280e-06	1.276067e-09	2.742386e+01	1.412098e+02
4.590000e-06	5.047413e-06	1.268891e-09	2.719292e+01	1.406905e+02
4.600000e-06	5.004126e-06	1.263871e-09	2.695971e+01	1.401608e+02
4.610000e-06	4.960510e-06	1.262181e-09	2.672473e+01	1.396210e+02
4.620000e-06	4.916537e-06	1.259612e-09	2.648782e+01	1.390715e+02
4.630000e-06	4.872297e-06	1.256111e-09	2.624948e+01	1.385126e+02
4.640000e-06	4.827827e-06	1.252402e-09	2.600990e+01	1.379446e+02
4.650000e-06	4.783077e-06	1.246219e-09	2.576881e+01	1.373681e+02
4.660000e-06	4.737975e-06	1.239245e-09	2.552582e+01	1.367833e+02
4.670000e-06	4.692685e-06	1.234301e-09	2.528183e+01	1.361906e+02
4.680000e-06	4.647039e-06	1.228989e-09	2.503590e+01	1.355905e+02
4.690000e-06	4.600964e-06	1.221983e-09	2.478767e+01	1.349833e+02
4.700000e-06	4.554607e-06	1.216678e-09	2.453793e+01	1.343693e+02
4.710000e-06	4.507831e-06	1.214182e-09	2.428592e+01	1.337489e+02
4.720000e-06	4.460792e-06	1.211287e-09	2.403250e+01	1.331223e+02
4.730000e-06	4.413484e-06	1.205730e-09	2.377763e+01	1.324897e+02
4.740000e-06	4.365726e-06	1.197314e-09	2.352033e+01	1.318512e+02
4.750000e-06	4.317673e-06	1.190929e-09	2.326145e+01	1.312070e+02
4.760000e-06	4.269326e-06	1.187592e-09	2.300098e+01	1.305571e+02
4.770000e-06	4.220584e-06	1.181883e-09	2.273838e+01	1.299015e+02
4.780000e-06	4.171421e-06	1.174800e-09	2.247351e+01	1.292399e+02
4.790000e-06	4.121867e-06	1.169906e-09	2.220654e+01	1.285722e+02
4.800000e-06	4.072005e-06	1.165823e-09	2.193791e+01	1.278982e+02
4.810000e-06	4.021984e-06	1.161470e-09	2.166843e+01	1.272175e+02
4.820000e-06	3.971700e-06	1.156169e-09	2.139752e+01	1.265296e+02
4.830000e-06	3.920979e-06	1.149044e-09	2.112426e+01	1.258341e+02
4.840000e-06	3.869980e-06	1.141294e-09	2.084950e+01	1.251305e+02
4.850000e-06	3.818730e-06	1.134656e-09	2.057339e+01	1.244181e+02
4.860000e-06	3.767183e-06	1.128077e-09	2.029568e+01	1.236963e+02
4.870000e-06	3.715359e-06	1.121472e-09	2.001648e+01	1.229644e+02
4.880000e-06	3.663154e-06	1.115629e-09	1.973523e+01	1.222218e+02
4.890000e-06	3.610638e-06	1.110723e-09	1.945230e+01	1.214676e+02
4.900000e-06	3.557943e-06	1.106879e-09	1.916840e+01	1.207011e+02
4.910000e-06	3.504953e-06	1.103469e-09	1.888292e+01	1.199216e+02
4.920000e-06	3.451566e-06	1.098265e-09	1.859530e+01	1.191283e+02
4.930000e-06	3.397911e-06	1.089613e-09	1.830623e+01	1.183206e+02
4.940000e-06	3.344003e-06	1.080706e-09	1.801580e+01	1.174978e+02
4.950000e-06	3.289690e-06	1.073697e-09	1.772319e+01	1.166593e+02
4.960000e-06	3.235010e-06	1.067111e-09	1.742861e+01	1.158044e+02
4.970000e-06	3.180040e-06	1.060411e-09	1.713246e+01	1.149328e+02
4.980000e-06	3.124562e-06	1.053283e-09	1.683356e+01	1.140438e+02
4.990000e-06	3.068697e-06	1.046398e-09	1.653259e+01	1.131372e+02
5.000000e-06	3.012734e-06	1.039770e-09	1.623109e+01	1.122127e+02
5.010000e-06	2.956653e-06	1.032009e-09	1.592896e+01	1.112700e+02
5.020000e-06	2.900441e-06	1.023368e-09	1.562612e+01	1.103090e+02
5.030000e-06	2.844042e-06	1.013728e-09	1.532227e+01	1.093295e+02
5.040000e-06	2.787479e-06	1.004859e-09	1.501753e+01	1.083317e+02
5.050000e-06	2.730851e-06	9.972597e-10	1.471245e+01	1.073156e+02
5.060000e-06	2.674067e-06	9.890553e-10	1.440652e+01	1.062813e+02
5.070000e-06	2.616987e-06	9.791698e-10	1.409901e+01	1.052290e+02
5.080000e-06	2.559679e-06	9.690564e-10	1.379026e+01	1.041589e+02
5.090000e-06	2.502205e-06	9.600415e-10	1.348062e+01	1.030712e+02
5.100000e-06	2.444700e-06	9.504949e-10	1.317081e+01	1.019664e+02
5.110000e-06	2.386995e-06	9.397534e-10	1.285992e+01	1.008446e+02
5.120000e-06	2.329150e-06	9.294488e-10	1.254829e+01	9.970608e+01
5.130000e-06	2.271165e-06	9.190686e-10	1.223589e+01	9.855119e+01
5.140000e-06	2.212825e-06	9.085438e-10	1.192158e+01	9.738011e+01
5.150000e-06	2.154334e-06	8.977712e-10	1.160647e+01	9.619304e+01
5.160000e-06	2.095780e-06	8.859224e-10	1.129101e+01	9.499010e+01
5.170000e-06	2.037040e-06	8.737032e-10	1.097454e+01	9.377134e+01
5.180000e-06	1.978072e-06	8.620324e-10	1.065686e+01	9.253672e+01
5.190000e-06	1.918989e-06	8.515633e-10	1.033854e+01	9.128612e+01
5.200000e-06	1.859751e-06	8.415807e-10	1.001940e+01	9.001931e+01
5.210000e-06	1.800364e-06	8.309435e-10	9.699455e+00	8.873596e+01
5.220000e-06	1.740915e-06	8.191208e-10	9.379175e+00	8.743562e+01
5.230000e-06	1.681380e-06	8.073870e-10	9.058431e+00	8.611772e+01
5.240000e-06	1.621708e-06	7.958427e-10	8.736946e+00	8.478157e+01
5.250000e-06	1.561959e-06	7.832235e-10	8.415048e+00	8.342638e+01
5.260000e-06	1.502166e-06	7.700906e-10	8.092914e+00	8.205123e+01
5.270000e-06	1.442308e-06	7.572644e-10	7.770428e+00	8.065511e+01
5.280000e-06	1.382397e-06	7.446119e-10	7.447660e+00	7.923691e+01
5.290000e-06	1.322339e-06	7.315142e-10	7.124098e+00	7.779542e+01
5.300000e-06	1.262128e-06	7.168903e-10	6.799710e+00	7.632938e+01
5.310000e-06	1.201891e-06	7.017381e-10	6.475185e+00	7.483744e+01
5.320000e-06	1.141561e-06	6.875993e-10	6.150154e+00	7.331825e+01
5.330000e-06	1.081117e-06	6.740792e-10	5.824512e+00	7.177040e+01
5.340000e-06	1.020717e-06	6.611905e-10	5.499109e+00	7.019248e+01
5.350000e-06	9.603296e-07	6.478580e-10	5.173772e+00	6.858310e+01
5.360000e-06	8.999537e-07	6.322398e-10	4.848497e+00	6.694092e+01
5.370000e-06	8.395744e-07	6.159390e-10	4.523204e+00	6.526462e+01
5.380000e-06	7.791240e-07	6.002758e-10	4.197527e+00	6.355299e+01
5.390000e-06	7.185129e-07	5.842898e-10	3.870986e+00	6.180490e+01
5.400000e-06	6.577738e-07	5.670700e-10	3.543754e+00	6.001932e+01
5.410000e-06	5.971096e-07	5.495992e-10	3.216926e+00	5.819539e+01
5.420000e-06	5.365097e-07	5.327747e-10	2.890444e+00	5.633238e+01
5.430000e-06	4.757750e-07	5.157623e-10	2.563236e+00	5.442973e+01
5.440000e-06	4.148855e-07	4.979952e-10	2.235194e+00	5.248706e+01
5.450000e-06	3.540523e-07	4.788512e-10	1.907455e+00	5.050420e+01
5.460000e-06	2.932469e-07	4.594037e-10	1.579866e+00	4.848115e+01
5.470000e-06	2.324169e-07	4.403686e-10	1.252145e+00	4.641815e+01
5.480000e-06	1.716432e-07	4.217235e-10	9.247273e-01	4.431565e+01
5.490000e-06	1.109361e-07	4.027211e-10	5.976678e-01	4.217430e+01
5.500000e-06	5.021365e-08	3.824392e-10	2.705259e-01	3.999499e+01
5.510000e-06	-1.060265e-08	3.613433e-10	-5.712171e-02	3.777882e+01
5.520000e-06	-7.138950e-08	3.400237e-10	-3.846107e-01	3.552708e+01
5.530000e-06	-1.321128e-07	3.192390e-10	-7.117574e-01	3.324129e+01
5.540000e-06	-1.929268e-07	2.979990e-10	-1.039393e+00	3.092314e+01
5.550000e-06	-2.537467e-07	2.768433e-10	-1.367059e+00	2.857450e+01
5.560000e-06	-3.144749e-07	2.564251e-10	-1.694232e+00	2.619741e+01
5.570000e-06	-3.752183e-07	2.351428e-10	-2.021487e+00	2.379406e+01
5.580000e-06	-4.359240e-07	2.127537e-10	-2.348539e+00	2.136678e+01
5.590000e-06	-4.965276e-07	1.894173e-10	-2.675041e+00	1.891800e+01
5.600000e-06	-5.571254e-07	1.661962e-10	-3.001511e+00	1.645024e+01
5.610000e-06	-6.176712e-07	1.440940e-10	-3.327701e+00	1.396610e+01
5.620000e-06	-6.781394e-07	1.222982e-10	-3.653474e+00	1.146824e+01
5.630000e-06	-7.386125e-07	1.001218e-10	-3.979272e+00	8.959337e+00
5.640000e-06	-7.990713e-07	7.720565e-11	-4.304994e+00	6.442099e+00
5.650000e-06	-8.594771e-07	5.342634e-11	-4.630430e+00	3.919214e+00
5.660000e-06	-9.198382e-07	2.911698e-11	-4.955625e+00	1.393346e+00
5.670000e-06	-9.801481e-07	5.620084e-12	-5.280544e+00	-1.132884e+00
5.680000e-06	-1.040410e-06	-1.624101e-11	-5.605205e+00	-3.656918e+00
5.690000e-06	-1.100629e-06	-3.718944e-11	-5.929637e+00	-6.176272e+00
5.700000e-06	-1.160799e-06	-5.868267e-11	-6.253799e+00	-8.688556e+00
5.710000e-06	-1.220964e-06	-8.127062e-11	-6.577939e+00	-1.119148e+01
5.720000e-06	-1.281126e-06	-1.046407e-10	-6.902060e+00	-1.368287e+01
5.730000e-06	-1.341242e-06	-1.277503e-10	-7.225936e+00	-1.616067e+01
5.740000e-06	-1.401205e-06	-1.499008e-10	-7.548986e+00	-1.862297e+01
5.750000e-06	-1.461046e-06	-1.717905e-10	-7.871381e+00	-2.106796e+01
5.760000e-06	-1.520885e-06	-1.944386e-10	-8.193762e+00	-2.349401e+01
5.770000e-06	-1.580703e-06	-2.175726e-10	-8.516033e+00	-2.589960e+01
5.780000e-06	-1.640438e-06	-2.402601e-10	-8.837852e+00	-2.828336e+01
5.790000e-06	-1.699966e-06	-2.629670e-10	-9.158563e+00	-3.064406e+01
5.800000e-06	-1.759266e-06	-2.861810e-10	-9.478037e+00	-3.298061e+01
5.810000e-06	-1.818492e-06	-3.090269e-10	-9.797118e+00	-3.529204e+01
5.820000e-06	-1.877653e-06	-3.305059e-10	-1.011585e+01	-3.757751e+01
5.830000e-06	-1.936637e-06	-3.514651e-10	-1.043362e+01	-3.983630e+01
5.840000e-06	-1.995524e-06	-3.730734e-10	-1.075088e+01	-4.206781e+01
5.850000e-06	-2.054246e-06	-3.951556e-10	-1.106724e+01	-4.427154e+01
5.860000e-06	-2.112848e-06	-4.166141e-10	-1.138296e+01	-4.644709e+01
5.870000e-06	-2.171393e-06	-4.367754e-10	-1.169837e+01	-4.859414e+01
5.880000e-06	-2.229645e-06	-4.562087e-10	-1.201220e+01	-5.071246e+01
5.890000e-06	-2.287631e-06	-4.747289e-10	-1.232460e+01	-5.280189e+01
5.900000e-06	-2.345459e-06	-4.933799e-10	-1.263615e+01	-5.486235e+01
5.910000e-06	-2.403182e-06	-5.132359e-10	-1.294713e+01	-5.689378e+01
5.920000e-06	-2.460793e-06	-5.324560e-10	-1.325751e+01	-5.889620e+01
5.930000e-06	-2.518176e-06	-5.511507e-10	-1.356666e+01	-6.086966e+01
5.940000e-06	-2.575324e-06	-5.708964e-10	-1.387455e+01	-6.281426e+01
5.950000e-06	-2.632242e-06	-5.916355e-10	-1.418119e+01	-6.473009e+01
5.960000e-06	-2.688944e-06	-6.110304e-10	-1.448667e+01	-6.661731e+01
5.970000e-06	-2.745449e-06	-6.277264e-10	-1.479110e+01	-6.847608e+01
5.980000e-06	-2.801840e-06	-6.437089e-10	-1.509490e+01	-7.030656e+01
5.990000e-06	-2.858142e-06	-6.602755e-10	-1.539823e+01	-7.210895e+01
6.000000e-06	-2.914352e-06	-6.768937e-10	-1.570106e+01	-7.388344e+01
6.010000e-06	-2.970462e-06	-6.927721e-10	-1.600335e+01	-7.563022e+01
6.020000e-06	-3.026289e-06	-7.065978e-10	-1.630412e+01	-7.734952e+01
6.030000e-06	-3.081924e-06	-7.204081e-10	-1.660385e+01	-7.904153e+01
6.040000e-06	-3.137459e-06	-7.367897e-10	-1.690305e+01	-8.070648e+01
6.050000e-06	-3.192782e-06	-7.531407e-10	-1.720110e+01	-8.234457e+01
6.060000e-06	-3.247778e-06	-7.677842e-10	-1.749739e+01	-8.395603e+01
6.070000e-06	-3.302185e-06	-7.816469e-10	-1.779051e+01	-8.554107e+01
6.080000e-06	-3.356118e-06	-7.958881e-10	-1.808107e+01	-8.709991e+01
6.090000e-06	-3.409731e-06	-8.113842e-10	-1.836991e+01	-8.863280e+01
6.100000e-06	-3.462881e-06	-8.276498e-10	-1.865626e+01	-9.013994e+01
6.110000e-06	-3.515726e-06	-8.425952e-10	-1.894096e+01	-9.162159e+01
6.120000e-06	-3.568321e-06	-8.551398e-10	-1.922432e+01	-9.307797e+01
6.130000e-06	-3.620702e-06	-8.674561e-10	-1.950652e+01	-9.450933e+01
6.140000e-06	-3.672820e-06	-8.809346e-10	-1.978731e+01	-9.591592e+01
6.150000e-06	-3.724615e-06	-8.947929e-10	-2.006635e+01	-9.729800e+01
6.160000e-06	-3.776229e-06	-9.077937e-10	-2.034442e+01	-9.865582e+01
6.170000e-06	-3.827514e-06	-9.196537e-10	-2.062071e+01	-9.998965e+01
6.180000e-06	-3.878452e-06	-9.308435e-10	-2.089514e+01	-1.012998e+02
6.190000e-06	-3.929156e-06	-9.418162e-10	-2.116832e+01	-1.025865e+02
6.200000e-06	-3.979569e-06	-9.524637e-10	-2.143991e+01	-1.038500e+02
6.210000e-06	-4.029683e-06	-9.624583e-10	-2.170990e+01	-1.050907e+02
6.220000e-06	-4.079519e-06	-9.720294e-10	-2.197839e+01	-1.063088e+02
6.230000e-06	-4.128991e-06	-9.816821e-10	-2.224492e+01	-1.075047e+02
6.240000e-06	-4.178017e-06	-9.916657e-10	-2.250905e+01	-1.086786e+02
6.250000e-06	-4.226487e-06	-1.001701e-09	-2.277018e+01	-1.098309e+02
6.260000e-06	-4.274396e-06	-1.011869e-09	-2.302829e+01	-1.109618e+02
6.270000e-06	-4.321994e-06	-1.021422e-09	-2.328473e+01	-1.120718e+02
6.280000e-06	-4.369309e-06	-1.030638e-09	-2.353964e+01	-1.131611e+02
6.290000e-06	-4.416331e-06	-1.040859e-09	-2.379296e+01	-1.142300e+02
6.300000e-06	-4.463181e-06	-1.051245e-09	-2.404537e+01	-1.152789e+02
6.310000e-06	-4.509822e-06	-1.060798e-09	-2.429665e+01	-1.163081e+02
6.320000e-06	-4.556198e-06	-1.070068e-09	-2.454650e+01	-1.173180e+02
6.330000e-06	-4.602375e-06	-1.079714e-09	-2.479528e+01	-1.183089e+02
6.340000e-06	-4.648265e-06	-1.088608e-09	-2.504251e+01	-1.192811e+02
6.350000e-06	-4.693713e-06	-1.097536e-09	-2.528736e+01	-1.202351e+02
6.360000e-06	-4.738733e-06	-1.106192e-09	-2.552990e+01	-1.211710e+02
6.370000e-06	-4.783374e-06	-1.113415e-09	-2.577041e+01	-1.220893e+02
6.380000e-06	-4.827708e-06	-1.120399e-09	-2.600926e+01	-1.229904e+02
6.390000e-06	-4.871887e-06	-1.128192e-09	-2.624727e+01	-1.238745e+02
6.400000e-06	-4.915930e-06	-1.136125e-09	-2.648455e+01	-1.247421e+02
6.410000e-06	-4.959611e-06	-1.142865e-09	-2.671989e+01	-1.255934e+02
6.420000e-06	-5.002900e-06	-1.150077e-09	-2.695311e+01	-1.264289e+02
6.430000e-06	-5.045907e-06	-1.158339e-09	-2.718481e+01	-1.272489e+02
6.440000e-06	-5.088630e-06	-1.166288e-09	-2.741497e+01	-1.280538e+02
6.450000e-06	-5.131017e-06	-1.173313e-09	-2.764334e+01	-1.288438e+02
6.460000e-06	-5.173020e-06	-1.180073e-09	-2.786963e+01	-1.296194e+02
6.470000e-06	-5.214663e-06	-1.187118e-09	-2.809398e+01	-1.303808e+02
6.480000e-06	-5.255963e-06	-1.193697e-09	-2.831648e+01	-1.311283e+02
6.490000e-06	-5.296816e-06	-1.199737e-09	-2.853657e+01	-1.318624e+02
6.500000e-06	-5.337303e-06	-1.205678e-09	-2.875470e+01	-1.325833e+02
6.510000e-06	-5.377620e-06	-1.211177e-09	-2.897191e+01	-1.332913e+02
6.520000e-06	-5.417761e-06	-1.217459e-09	-2.918817e+01	-1.339866e+02
6.530000e-06	-5.457656e-06	-1.224082e-09	-2.940310e+01	-1.346695e+02
6.540000e-06	-5.497060e-06	-1.229009e-09	-2.961539e+01	-1.353403e+02
6.550000e-06	-5.535875e-06	-1.233816e-09	-2.982451e+01	-1.359992e+02
6.560000e-06	-5.574189e-06	-1.240613e-09	-3.003092e+01	-1.366464e+02
6.570000e-06	-5.611819e-06	-1.247624e-09	-3.023365e+01	-1.372821e+02
6.580000e-06	-5.648773e-06	-1.253826e-09	-3.043274e+01	-1.379064e+02
6.590000e-06	-5.685326e-06	-1.259315e-09	-3.062967e+01	-1.385194e+02
6.600000e-06	-5.721600e-06	-1.263977e-09	-3.082510e+01	-1.391214e+02
6.610000e-06	-5.757597e-06	-1.268642e-09	-3.101903e+01	-1.397123e+02
6.620000e-06	-5.793195e-06	-1.273135e-09	-3.121082e+01	-1.402924e+02
6.630000e-06	-5.828404e-06	-1.277725e-09	-3.140051e+01	-1.408615e+02
6.640000e-06	-5.863172e-06	-1.282152e-09	-3.158782e+01	-1.414199e+02
6.650000e-06	-5.897478e-06	-1.286828e-09	-3.177264e+01	-1.419674e+02
6.660000e-06	-5.931459e-06	-1.291764e-09	-3.195571e+01	-1.425042e+02
6.670000e-06	-5.965002e-06	-1.295801e-09	-3.213643e+01	-1.430302e+02
6.680000e-06	-5.998026e-06	-1.298743e-09	-3.231434e+01	-1.435455e+02
6.690000e-06	-6.030498e-06	-1.301299e-09	-3.248929e+01	-1.440500e+02
6.700000e-06	-6.062599e-06	-1.305182e-09	-3.266223e+01	-1.445436e+02
6.710000e-06	-6.094601e-06	-1.310127e-09	-3.283464e+01	-1.450266e+02
6.720000e-06	-6.126488e-06	-1.314382e-09	-3.300643e+01	-1.454987e+02
6.730000e-06	-6.157850e-06	-1.317989e-09	-3.317540e+01	-1.459601e+02
6.740000e-06	-6.188386e-06	-1.321030e-09	-3.333991e+01	-1.464107e+02
6.750000e-06	-6.218193e-06	-1.324164e-09	-3.350049e+01	-1.468507e+02
6.760000e-06	-6.247342e-06	-1.327826e-09	-3.365753e+01	-1.472800e+02
6.770000e-06	-6.275960e-06	-1.330911e-09	-3.381171e+01	-1.476987e+02
6.780000e-06	-6.304315e-06	-1.333291e-09	-3.396447e+01	-1.481070e+02
6.790000e-06	-6.332377e-06	-1.335885e-09	-3.411566e+01	-1.485050e+02
6.800000e-06	-6.360037e-06	-1.337869e-09	-3.426467e+01	-1.488929e+02
6.810000e-06	-6.387253e-06	-1.339072e-09	-3.441130e+01	-1.492707e+02
6.820000e-06	-6.413992e-06	-1.340417e-09	-3.455536e+01	-1.496388e+02
6.830000e-06	-6.440239e-06	-1.342521e-09	-3.469676e+01	-1.499974e+02
6.840000e-06	-6.466074e-06	-1.346200e-09	-3.483595e+01	-1.503467e+02
6.850000e-06	-6.491571e-06	-1.349203e-09	-3.497331e+01	-1.506871e+02
6.860000e-06	-6.516490e-06	-1.349953e-09	-3.510757e+01	-1.510189e+02
6.870000e-06	-6.540970e-06	-1.350171e-09	-3.523945e+01	-1.513423e+02
6.880000e-06	-6.565230e-06	-1.351841e-09	-3.537015e+01	-1.516578e+02
6.890000e-06	-6.589186e-06	-1.355104e-09	-3.549922e+01	-1.519658e+02
6.900000e-06	-6.612643e-06	-1.358413e-09	-3.562559e+01	-1.522665e+02
6.910000e-06	-6.635424e-06	-1.359743e-09	-3.574832e+01	-1.525605e+02
6.920000e-06	-6.657426e-06	-1.360222e-09	-3.586686e+01	-1.528481e+02
6.930000e-06	-6.678879e-06	-1.361228e-09	-3.598244e+01	-1.531296e+02
6.940000e-06	-6.699886e-06	-1.362006e-09	-3.609561e+01	-1.534055e+02
6.950000e-06	-6.720366e-06	-1.362638e-09	-3.620595e+01	-1.536761e+02
6.960000e-06	-6.740425e-06	-1.363856e-09	-3.631401e+01	-1.539417e+02
6.970000e-06	-6.760078e-06	-1.366305e-09	-3.641989e+01	-1.542028e+02
6.980000e-06	-6.779221e-06	-1.368858e-09	-3.652303e+01	-1.544595e+02
6.990000e-06	-6.797814e-06	-1.370388e-09	-3.662320e+01	-1.547121e+02
7.000000e-06	-6.815990e-06	-1.371482e-09	-3.672112e+01	-1.549609e+02
7.010000e-06	-6.833781e-06	-1.372289e-09	-3.681697e+01	-1.552061e+02
7.020000e-06	-6.851154e-06	-1.373481e-09	-3.691056e+01	-1.554477e+02
7.030000e-06	-6.868092e-06	-1.374739e-09	-3.700182e+01	-1.556859e+02
7.040000e-06	-6.884658e-06	-1.375699e-09	-3.709107e+01	-1.559207e+02
7.050000e-06	-6.900868e-06	-1.376927e-09	-3.717840e+01	-1.561522e+02
7.060000e-06	-6.916657e-06	-1.378769e-09	-3.726346e+01	-1.563802e+02
7.070000e-06	-6.931966e-06	-1.380749e-09	-3.734594e+01	-1.566047e+02
7.080000e-06	-6.946347e-06	-1.382310e-09	-3.742342e+01	-1.568256e+02
7.090000e-06	-6.959848e-06	-1.384498e-09	-3.749616e+01	-1.570426e+02
7.100000e-06	-6.972857e-06	-1.385997e-09	-3.756624e+01	-1.572555e+02
7.110000e-06	-6.985231e-06	-1.386851e-09	-3.763291e+01	-1.574641e+02
7.120000e-06	-6.997138e-06	-1.388267e-09	-3.769706e+01	-1.576681e+02
7.130000e-06	-7.008566e-06	-1.389107e-09	-3.775862e+01	-1.578671e+02
7.140000e-06	-7.019388e-06	-1.389451e-09	-3.781692e+01	-1.580608e+02
7.150000e-06	-7.029718e-06	-1.389237e-09	-3.787258e+01	-1.582488e+02
7.160000e-06	-7.039666e-06	-1.389118e-09	-3.792618e+01	-1.584306e+02
7.170000e-06	-7.049068e-06	-1.390315e-09	-3.797683e+01	-1.586060e+02
7.180000e-06	-7.057911e-06	-1.392154e-09	-3.802447e+01	-1.587744e+02
7.190000e-06	-7.066417e-06	-1.393218e-09	-3.807029e+01	-1.589355e+02
7.200000e-06	-7.074595e-06	-1.393479e-09	-3.811435e+01	-1.590889e+02
7.210000e-06	-7.082355e-06	-1.393832e-09	-3.815616e+01	-1.592341e+02
7.220000e-06	-7.089569e-06	-1.393618e-09	-3.819503e+01	-1.593709e+02
7.230000e-06	-7.096082e-06	-1.392981e-09	-3.823011e+01	-1.594989e+02
7.240000e-06	-7.101888e-06	-1.393477e-09	-3.826139e+01	-1.596177e+02
7.250000e-06	-7.107072e-06	-1.395547e-09	-3.828932e+01	-1.597270e+02
7.260000e-06	-7.111659e-06	-1.397584e-09	-3.831403e+01	-1.598268e+02
7.270000e-06	-7.115904e-06	-1.398057e-09	-3.833691e+01	-1.599166e+02
7.280000e-06	-7.119840e-06	-1.398238e-09	-3.835811e+01	-1.599964e+02
7.290000e-06	-7.123377e-06	-1.398956e-09	-3.837717e+01	-1.600661e+02
7.300000e-06	-7.126406e-06	-1.398913e-09	-3.839348e+01	-1.601255e+02
7.310000e-06	-7.128979e-06	-1.397782e-09	-3.840735e+01	-1.601747e+02
7.320000e-06	-7.131024e-06	-1.396012e-09	-3.841837e+01	-1.602137e+02
7.330000e-06	-7.132376e-06	-1.395913e-09	-3.842565e+01	-1.602426e+02
7.340000e-06	-7.133232e-06	-1.397134e-09	-3.843026e+01	-1.602614e+02
