# Temperatura_=_20.0
# Concentracion g/m^3_=_7400.0
# C_Vs_to_Am_M_A/Vsm_=_116720831517.84952
# pendiente_HvsI_1/m_=_3716.3
# ordenada_HvsI_A/m_=_1297.0
# frecuencia_Hz_=_136115.40816628208

Tiempo_(s)	Campo_(V.s)	Magnetizacion_(V.s)	Campo_(kA/m)	Magnetizacion_(A/m)
0.000000e+00	-7.137735e-06	-1.282497e-09	-3.842046e+01	-1.486010e+02
1.000000e-08	-7.138048e-06	-1.282283e-09	-3.842214e+01	-1.485966e+02
2.000000e-08	-7.137852e-06	-1.283130e-09	-3.842109e+01	-1.485819e+02
3.000000e-08	-7.137036e-06	-1.283158e-09	-3.841670e+01	-1.485568e+02
4.000000e-08	-7.135653e-06	-1.282186e-09	-3.840925e+01	-1.485212e+02
5.000000e-08	-7.133563e-06	-1.281447e-09	-3.839800e+01	-1.484749e+02
6.000000e-08	-7.130730e-06	-1.280142e-09	-3.838275e+01	-1.484181e+02
7.000000e-08	-7.127317e-06	-1.275823e-09	-3.836438e+01	-1.483508e+02
8.000000e-08	-7.123454e-06	-1.277084e-09	-3.834359e+01	-1.482732e+02
9.000000e-08	-7.119086e-06	-1.292475e-09	-3.832008e+01	-1.481855e+02
1.000000e-07	-7.114015e-06	-1.289720e-09	-3.829278e+01	-1.480881e+02
1.100000e-07	-7.108407e-06	-1.251971e-09	-3.826260e+01	-1.479812e+02
1.200000e-07	-7.102514e-06	-1.253304e-09	-3.823087e+01	-1.478655e+02
1.300000e-07	-7.096252e-06	-1.304588e-09	-3.819717e+01	-1.477414e+02
1.400000e-07	-7.089454e-06	-1.302133e-09	-3.816058e+01	-1.476096e+02
1.500000e-07	-7.082190e-06	-1.233454e-09	-3.812148e+01	-1.474707e+02
1.600000e-07	-7.074616e-06	-1.235465e-09	-3.808071e+01	-1.473254e+02
1.700000e-07	-7.066576e-06	-1.316545e-09	-3.803743e+01	-1.471746e+02
1.800000e-07	-7.057733e-06	-1.302542e-09	-3.798983e+01	-1.470189e+02
1.900000e-07	-7.048148e-06	-1.208085e-09	-3.793824e+01	-1.468592e+02
2.000000e-07	-7.038014e-06	-1.223386e-09	-3.788369e+01	-1.466963e+02
2.100000e-07	-7.027429e-06	-1.314974e-09	-3.782671e+01	-1.465308e+02
2.200000e-07	-7.016256e-06	-1.284774e-09	-3.776658e+01	-1.463636e+02
2.300000e-07	-7.004403e-06	-1.202807e-09	-3.770277e+01	-1.461953e+02
2.400000e-07	-6.992000e-06	-1.240471e-09	-3.763601e+01	-1.460265e+02
2.500000e-07	-6.978890e-06	-1.297082e-09	-3.756544e+01	-1.458579e+02
2.600000e-07	-6.965256e-06	-1.240646e-09	-3.749205e+01	-1.456897e+02
2.700000e-07	-6.951165e-06	-1.204781e-09	-3.741621e+01	-1.455225e+02
2.800000e-07	-6.936231e-06	-1.258135e-09	-3.733582e+01	-1.453565e+02
2.900000e-07	-6.920462e-06	-1.255430e-09	-3.725094e+01	-1.451918e+02
3.000000e-07	-6.904299e-06	-1.204092e-09	-3.716394e+01	-1.450285e+02
3.100000e-07	-6.887855e-06	-1.235473e-09	-3.707542e+01	-1.448664e+02
3.200000e-07	-6.870971e-06	-1.267703e-09	-3.698454e+01	-1.447055e+02
3.300000e-07	-6.853524e-06	-1.201287e-09	-3.689063e+01	-1.445454e+02
3.400000e-07	-6.835649e-06	-1.186963e-09	-3.679442e+01	-1.443857e+02
3.500000e-07	-6.817388e-06	-1.256738e-09	-3.669612e+01	-1.442260e+02
3.600000e-07	-6.798547e-06	-1.239441e-09	-3.659470e+01	-1.440656e+02
3.700000e-07	-6.779228e-06	-1.171743e-09	-3.649072e+01	-1.439039e+02
3.800000e-07	-6.759581e-06	-1.208520e-09	-3.638496e+01	-1.437402e+02
3.900000e-07	-6.739524e-06	-1.248712e-09	-3.627700e+01	-1.435737e+02
4.000000e-07	-6.719006e-06	-1.195581e-09	-3.616656e+01	-1.434035e+02
4.100000e-07	-6.698074e-06	-1.183219e-09	-3.605389e+01	-1.432290e+02
4.200000e-07	-6.676707e-06	-1.227374e-09	-3.593888e+01	-1.430492e+02
4.300000e-07	-6.654887e-06	-1.205825e-09	-3.582142e+01	-1.428634e+02
4.400000e-07	-6.632593e-06	-1.177542e-09	-3.570142e+01	-1.426707e+02
4.500000e-07	-6.609878e-06	-1.209814e-09	-3.557915e+01	-1.424705e+02
4.600000e-07	-6.586724e-06	-1.204946e-09	-3.545452e+01	-1.422621e+02
4.700000e-07	-6.563166e-06	-1.165101e-09	-3.532772e+01	-1.420448e+02
4.800000e-07	-6.539269e-06	-1.184010e-09	-3.519908e+01	-1.418182e+02
4.900000e-07	-6.514919e-06	-1.203795e-09	-3.506801e+01	-1.415818e+02
5.000000e-07	-6.489905e-06	-1.171976e-09	-3.493337e+01	-1.413352e+02
5.100000e-07	-6.464028e-06	-1.167933e-09	-3.479408e+01	-1.410782e+02
5.200000e-07	-6.437288e-06	-1.187242e-09	-3.465015e+01	-1.408106e+02
5.300000e-07	-6.410078e-06	-1.169287e-09	-3.450368e+01	-1.405324e+02
5.400000e-07	-6.382603e-06	-1.155757e-09	-3.435580e+01	-1.402437e+02
5.500000e-07	-6.354744e-06	-1.168508e-09	-3.420584e+01	-1.399445e+02
5.600000e-07	-6.326514e-06	-1.161210e-09	-3.405388e+01	-1.396351e+02
5.700000e-07	-6.297871e-06	-1.149023e-09	-3.389971e+01	-1.393158e+02
5.800000e-07	-6.268822e-06	-1.157864e-09	-3.374334e+01	-1.389868e+02
5.900000e-07	-6.239465e-06	-1.156008e-09	-3.358532e+01	-1.386487e+02
6.000000e-07	-6.209734e-06	-1.142989e-09	-3.342529e+01	-1.383018e+02
6.100000e-07	-6.179494e-06	-1.143444e-09	-3.326252e+01	-1.379466e+02
6.200000e-07	-6.148630e-06	-1.140791e-09	-3.309638e+01	-1.375836e+02
6.300000e-07	-6.117407e-06	-1.132205e-09	-3.292831e+01	-1.372133e+02
6.400000e-07	-6.085992e-06	-1.133632e-09	-3.275922e+01	-1.368360e+02
6.500000e-07	-6.054194e-06	-1.133490e-09	-3.258806e+01	-1.364523e+02
6.600000e-07	-6.021967e-06	-1.125571e-09	-3.241459e+01	-1.360625e+02
6.700000e-07	-5.989054e-06	-1.123240e-09	-3.223743e+01	-1.356669e+02
6.800000e-07	-5.955456e-06	-1.121171e-09	-3.205658e+01	-1.352658e+02
6.900000e-07	-5.921357e-06	-1.114524e-09	-3.187303e+01	-1.348593e+02
7.000000e-07	-5.886695e-06	-1.111851e-09	-3.168646e+01	-1.344476e+02
7.100000e-07	-5.851620e-06	-1.109267e-09	-3.149766e+01	-1.340308e+02
7.200000e-07	-5.816235e-06	-1.103520e-09	-3.130719e+01	-1.336087e+02
7.300000e-07	-5.780556e-06	-1.101262e-09	-3.111514e+01	-1.331814e+02
7.400000e-07	-5.744613e-06	-1.098567e-09	-3.092167e+01	-1.327484e+02
7.500000e-07	-5.708238e-06	-1.091677e-09	-3.072587e+01	-1.323097e+02
7.600000e-07	-5.671393e-06	-1.087108e-09	-3.052755e+01	-1.318648e+02
7.700000e-07	-5.634228e-06	-1.085321e-09	-3.032749e+01	-1.314135e+02
7.800000e-07	-5.596569e-06	-1.080889e-09	-3.012479e+01	-1.309551e+02
7.900000e-07	-5.558383e-06	-1.074400e-09	-2.991924e+01	-1.304893e+02
8.000000e-07	-5.519809e-06	-1.067797e-09	-2.971161e+01	-1.300156e+02
8.100000e-07	-5.480920e-06	-1.060740e-09	-2.950228e+01	-1.295335e+02
8.200000e-07	-5.441730e-06	-1.055563e-09	-2.929133e+01	-1.290425e+02
8.300000e-07	-5.402251e-06	-1.051933e-09	-2.907883e+01	-1.285420e+02
8.400000e-07	-5.362617e-06	-1.047491e-09	-2.886549e+01	-1.280317e+02
8.500000e-07	-5.322717e-06	-1.042455e-09	-2.865072e+01	-1.275111e+02
8.600000e-07	-5.282380e-06	-1.038223e-09	-2.843360e+01	-1.269798e+02
8.700000e-07	-5.241429e-06	-1.033396e-09	-2.821317e+01	-1.264376e+02
8.800000e-07	-5.199815e-06	-1.027381e-09	-2.798917e+01	-1.258841e+02
8.900000e-07	-5.157627e-06	-1.019730e-09	-2.776209e+01	-1.253192e+02
9.000000e-07	-5.114990e-06	-1.011496e-09	-2.753258e+01	-1.247429e+02
9.100000e-07	-5.071895e-06	-1.005384e-09	-2.730061e+01	-1.241550e+02
9.200000e-07	-5.028452e-06	-1.001169e-09	-2.706677e+01	-1.235557e+02
9.300000e-07	-4.984836e-06	-9.958044e-10	-2.683200e+01	-1.229450e+02
9.400000e-07	-4.940880e-06	-9.884871e-10	-2.659540e+01	-1.223232e+02
9.500000e-07	-4.896585e-06	-9.812613e-10	-2.635697e+01	-1.216905e+02
9.600000e-07	-4.852000e-06	-9.758278e-10	-2.611698e+01	-1.210472e+02
9.700000e-07	-4.807076e-06	-9.709466e-10	-2.587516e+01	-1.203938e+02
9.800000e-07	-4.761806e-06	-9.653349e-10	-2.563149e+01	-1.197305e+02
9.900000e-07	-4.716136e-06	-9.588075e-10	-2.538566e+01	-1.190579e+02
1.000000e-06	-4.670163e-06	-9.520069e-10	-2.513820e+01	-1.183763e+02
1.010000e-06	-4.623959e-06	-9.455810e-10	-2.488950e+01	-1.176862e+02
1.020000e-06	-4.577351e-06	-9.393034e-10	-2.463862e+01	-1.169880e+02
1.030000e-06	-4.530286e-06	-9.321260e-10	-2.438528e+01	-1.162821e+02
1.040000e-06	-4.482997e-06	-9.253341e-10	-2.413074e+01	-1.155688e+02
1.050000e-06	-4.435620e-06	-9.209864e-10	-2.387572e+01	-1.148484e+02
1.060000e-06	-4.388026e-06	-9.166246e-10	-2.361954e+01	-1.141211e+02
1.070000e-06	-4.340102e-06	-9.118150e-10	-2.336158e+01	-1.133871e+02
1.080000e-06	-4.291823e-06	-9.059807e-10	-2.310170e+01	-1.126464e+02
1.090000e-06	-4.243128e-06	-8.983565e-10	-2.283959e+01	-1.118990e+02
1.100000e-06	-4.193894e-06	-8.909775e-10	-2.257458e+01	-1.111449e+02
1.110000e-06	-4.144068e-06	-8.845492e-10	-2.230638e+01	-1.103837e+02
1.120000e-06	-4.093742e-06	-8.780813e-10	-2.203549e+01	-1.096152e+02
1.130000e-06	-4.043054e-06	-8.712845e-10	-2.176264e+01	-1.088390e+02
1.140000e-06	-3.992084e-06	-8.642469e-10	-2.148829e+01	-1.080546e+02
1.150000e-06	-3.940825e-06	-8.579204e-10	-2.121237e+01	-1.072615e+02
1.160000e-06	-3.889326e-06	-8.518789e-10	-2.093517e+01	-1.064591e+02
1.170000e-06	-3.837621e-06	-8.451018e-10	-2.065686e+01	-1.056466e+02
1.180000e-06	-3.785668e-06	-8.381848e-10	-2.037721e+01	-1.048234e+02
1.190000e-06	-3.733393e-06	-8.309746e-10	-2.009582e+01	-1.039887e+02
1.200000e-06	-3.680750e-06	-8.235505e-10	-1.981246e+01	-1.031417e+02
1.210000e-06	-3.627782e-06	-8.164753e-10	-1.952735e+01	-1.022817e+02
1.220000e-06	-3.574525e-06	-8.084320e-10	-1.924068e+01	-1.014078e+02
1.230000e-06	-3.521103e-06	-7.997330e-10	-1.895313e+01	-1.005193e+02
1.240000e-06	-3.467518e-06	-7.915317e-10	-1.866470e+01	-9.961550e+01
1.250000e-06	-3.413561e-06	-7.846600e-10	-1.837426e+01	-9.869575e+01
1.260000e-06	-3.359216e-06	-7.785819e-10	-1.808173e+01	-9.775944e+01
1.270000e-06	-3.304694e-06	-7.705500e-10	-1.778826e+01	-9.680606e+01
1.280000e-06	-3.249936e-06	-7.613343e-10	-1.749351e+01	-9.583517e+01
1.290000e-06	-3.194881e-06	-7.532624e-10	-1.719717e+01	-9.484644e+01
1.300000e-06	-3.139757e-06	-7.457582e-10	-1.690045e+01	-9.383963e+01
1.310000e-06	-3.084467e-06	-7.371336e-10	-1.660284e+01	-9.281461e+01
1.320000e-06	-3.029004e-06	-7.281049e-10	-1.630429e+01	-9.177133e+01
1.330000e-06	-2.973514e-06	-7.197628e-10	-1.600560e+01	-9.070987e+01
1.340000e-06	-2.917942e-06	-7.116354e-10	-1.570648e+01	-8.963041e+01
1.350000e-06	-2.862214e-06	-7.034486e-10	-1.540651e+01	-8.853322e+01
1.360000e-06	-2.806302e-06	-6.949960e-10	-1.510555e+01	-8.741866e+01
1.370000e-06	-2.750232e-06	-6.861499e-10	-1.480374e+01	-8.628716e+01
1.380000e-06	-2.693952e-06	-6.777314e-10	-1.450080e+01	-8.513925e+01
1.390000e-06	-2.637338e-06	-6.691254e-10	-1.419606e+01	-8.397549e+01
1.400000e-06	-2.580462e-06	-6.601067e-10	-1.388992e+01	-8.279650e+01
1.410000e-06	-2.523453e-06	-6.501900e-10	-1.358305e+01	-8.160293e+01
1.420000e-06	-2.466145e-06	-6.397254e-10	-1.327458e+01	-8.039544e+01
1.430000e-06	-2.408530e-06	-6.298821e-10	-1.296445e+01	-7.917471e+01
1.440000e-06	-2.350594e-06	-6.202272e-10	-1.265260e+01	-7.794140e+01
1.450000e-06	-2.292200e-06	-6.102066e-10	-1.233828e+01	-7.669613e+01
1.460000e-06	-2.233560e-06	-5.995308e-10	-1.202264e+01	-7.543950e+01
1.470000e-06	-2.174741e-06	-5.885777e-10	-1.170603e+01	-7.417205e+01
1.480000e-06	-2.115739e-06	-5.780556e-10	-1.138844e+01	-7.289425e+01
1.490000e-06	-2.056577e-06	-5.680567e-10	-1.106999e+01	-7.160650e+01
1.500000e-06	-1.997255e-06	-5.575955e-10	-1.075067e+01	-7.030912e+01
1.510000e-06	-1.937895e-06	-5.456778e-10	-1.043116e+01	-6.900233e+01
1.520000e-06	-1.878480e-06	-5.334704e-10	-1.011134e+01	-6.768626e+01
1.530000e-06	-1.818992e-06	-5.230256e-10	-9.791130e+00	-6.636093e+01
1.540000e-06	-1.759353e-06	-5.131138e-10	-9.470115e+00	-6.502628e+01
1.550000e-06	-1.699648e-06	-5.018485e-10	-9.148739e+00	-6.368213e+01
1.560000e-06	-1.639912e-06	-4.894733e-10	-8.827194e+00	-6.232821e+01
1.570000e-06	-1.580094e-06	-4.771695e-10	-8.505211e+00	-6.096414e+01
1.580000e-06	-1.520258e-06	-4.657050e-10	-8.183129e+00	-5.958949e+01
1.590000e-06	-1.460328e-06	-4.538816e-10	-7.860544e+00	-5.820370e+01
1.600000e-06	-1.400238e-06	-4.418685e-10	-7.537097e+00	-5.680617e+01
1.610000e-06	-1.340005e-06	-4.305046e-10	-7.212880e+00	-5.539624e+01
1.620000e-06	-1.279673e-06	-4.190734e-10	-6.888130e+00	-5.397317e+01
1.630000e-06	-1.219258e-06	-4.077390e-10	-6.562928e+00	-5.253622e+01
1.640000e-06	-1.158879e-06	-3.958170e-10	-6.237927e+00	-5.108459e+01
1.650000e-06	-1.098470e-06	-3.830622e-10	-5.912761e+00	-4.961748e+01
1.660000e-06	-1.037806e-06	-3.709340e-10	-5.586225e+00	-4.813409e+01
1.670000e-06	-9.770235e-07	-3.600783e-10	-5.259049e+00	-4.663362e+01
1.680000e-06	-9.162498e-07	-3.491206e-10	-4.931920e+00	-4.511532e+01
1.690000e-06	-8.554443e-07	-3.364329e-10	-4.604621e+00	-4.357846e+01
1.700000e-06	-7.945874e-07	-3.232534e-10	-4.277045e+00	-4.202234e+01
1.710000e-06	-7.336555e-07	-3.108654e-10	-3.949066e+00	-4.044634e+01
1.720000e-06	-6.727339e-07	-2.985539e-10	-3.621141e+00	-3.884992e+01
1.730000e-06	-6.118021e-07	-2.858564e-10	-3.293162e+00	-3.723258e+01
1.740000e-06	-5.508576e-07	-2.728325e-10	-2.965115e+00	-3.559392e+01
1.750000e-06	-4.899336e-07	-2.592976e-10	-2.637178e+00	-3.393365e+01
1.760000e-06	-4.289080e-07	-2.453153e-10	-2.308694e+00	-3.225156e+01
1.770000e-06	-3.678515e-07	-2.315741e-10	-1.980043e+00	-3.054752e+01
1.780000e-06	-3.068116e-07	-2.178647e-10	-1.651482e+00	-2.882153e+01
1.790000e-06	-2.457358e-07	-2.040086e-10	-1.322728e+00	-2.707369e+01
1.800000e-06	-1.845707e-07	-1.899604e-10	-9.934930e-01	-2.530421e+01
1.810000e-06	-1.233189e-07	-1.757083e-10	-6.637919e-01	-2.351339e+01
1.820000e-06	-6.211781e-08	-1.616890e-10	-3.343631e-01	-2.170165e+01
1.830000e-06	-1.022858e-09	-1.469132e-10	-5.505765e-03	-1.986951e+01
1.840000e-06	6.011834e-08	-1.312618e-10	3.236005e-01	-1.801759e+01
1.850000e-06	1.213584e-07	-1.158366e-10	6.532387e-01	-1.614661e+01
1.860000e-06	1.825922e-07	-1.009214e-10	9.828435e-01	-1.425741e+01
1.870000e-06	2.438043e-07	-8.690711e-11	1.312332e+00	-1.235087e+01
1.880000e-06	3.049641e-07	-7.257499e-11	1.641538e+00	-1.042802e+01
1.890000e-06	3.661360e-07	-5.717352e-11	1.970809e+00	-8.489921e+00
1.900000e-06	4.273781e-07	-4.208924e-11	2.300458e+00	-6.537750e+00
1.910000e-06	4.885526e-07	-2.683851e-11	2.629744e+00	-4.572744e+00
1.920000e-06	5.496382e-07	-1.154743e-11	2.958551e+00	-2.596211e+00
1.930000e-06	6.107036e-07	3.129762e-12	3.287249e+00	-6.095248e-01
1.940000e-06	6.717637e-07	1.841083e-11	3.615919e+00	1.385883e+00
1.950000e-06	7.328380e-07	3.422347e-11	3.944665e+00	3.388528e+00
1.960000e-06	7.938052e-07	4.991270e-11	4.272835e+00	5.396876e+00
1.970000e-06	8.546294e-07	6.551259e-11	4.600235e+00	7.409354e+00
1.980000e-06	9.154252e-07	7.980321e-11	4.927482e+00	9.424354e+00
1.990000e-06	9.761552e-07	9.367129e-11	5.254374e+00	1.144024e+01
2.000000e-06	1.036788e-06	1.091480e-10	5.580743e+00	1.345535e+01
2.010000e-06	1.097354e-06	1.246399e-10	5.906757e+00	1.546802e+01
2.020000e-06	1.157787e-06	1.396144e-10	6.232050e+00	1.747656e+01
2.030000e-06	1.218157e-06	1.553368e-10	6.557005e+00	1.947931e+01
2.040000e-06	1.278510e-06	1.713984e-10	6.881869e+00	2.147459e+01
2.050000e-06	1.338712e-06	1.870510e-10	7.205919e+00	2.346075e+01
2.060000e-06	1.398826e-06	2.024807e-10	7.529496e+00	2.543617e+01
2.070000e-06	1.458930e-06	2.173970e-10	7.853018e+00	2.739927e+01
2.080000e-06	1.518937e-06	2.313373e-10	8.176018e+00	2.934850e+01
2.090000e-06	1.578811e-06	2.444824e-10	8.498306e+00	3.128237e+01
2.100000e-06	1.638609e-06	2.577737e-10	8.820179e+00	3.319945e+01
2.110000e-06	1.698336e-06	2.724220e-10	9.141674e+00	3.509837e+01
2.120000e-06	1.758028e-06	2.876182e-10	9.462979e+00	3.697787e+01
2.130000e-06	1.817676e-06	3.022110e-10	9.784051e+00	3.883673e+01
2.140000e-06	1.877204e-06	3.161339e-10	1.010447e+01	4.067386e+01
2.150000e-06	1.936657e-06	3.293201e-10	1.042449e+01	4.248826e+01
2.160000e-06	1.996023e-06	3.429041e-10	1.074404e+01	4.427902e+01
2.170000e-06	2.055268e-06	3.567625e-10	1.106294e+01	4.604536e+01
2.180000e-06	2.114366e-06	3.696691e-10	1.138105e+01	4.778660e+01
2.190000e-06	2.173315e-06	3.828051e-10	1.169835e+01	4.950218e+01
2.200000e-06	2.232008e-06	3.970334e-10	1.201428e+01	5.119168e+01
2.210000e-06	2.290494e-06	4.111244e-10	1.232910e+01	5.285476e+01
2.220000e-06	2.348772e-06	4.241552e-10	1.264279e+01	5.449123e+01
2.230000e-06	2.406767e-06	4.357469e-10	1.295496e+01	5.610099e+01
2.240000e-06	2.464425e-06	4.475001e-10	1.326532e+01	5.768409e+01
2.250000e-06	2.521661e-06	4.610902e-10	1.357341e+01	5.924064e+01
2.260000e-06	2.578580e-06	4.747647e-10	1.387979e+01	6.077090e+01
2.270000e-06	2.635304e-06	4.863907e-10	1.418511e+01	6.227518e+01
2.280000e-06	2.691839e-06	4.968713e-10	1.448943e+01	6.375393e+01
2.290000e-06	2.748098e-06	5.080980e-10	1.479226e+01	6.520762e+01
2.300000e-06	2.804096e-06	5.203422e-10	1.509367e+01	6.663684e+01
2.310000e-06	2.859900e-06	5.327757e-10	1.539405e+01	6.804222e+01
2.320000e-06	2.915644e-06	5.449044e-10	1.569411e+01	6.942443e+01
2.330000e-06	2.971308e-06	5.582714e-10	1.599373e+01	7.078420e+01
2.340000e-06	3.026788e-06	5.714725e-10	1.629237e+01	7.212227e+01
2.350000e-06	3.082009e-06	5.825399e-10	1.658960e+01	7.343940e+01
2.360000e-06	3.137024e-06	5.918050e-10	1.688574e+01	7.473638e+01
2.370000e-06	3.191867e-06	5.996610e-10	1.718094e+01	7.601398e+01
2.380000e-06	3.246486e-06	6.079118e-10	1.747494e+01	7.727295e+01
2.390000e-06	3.300877e-06	6.186466e-10	1.776771e+01	7.851405e+01
2.400000e-06	3.355004e-06	6.313064e-10	1.805906e+01	7.973799e+01
2.410000e-06	3.409020e-06	6.429764e-10	1.834982e+01	8.094545e+01
2.420000e-06	3.462947e-06	6.535145e-10	1.864009e+01	8.213709e+01
2.430000e-06	3.516622e-06	6.642002e-10	1.892901e+01	8.331351e+01
2.440000e-06	3.570077e-06	6.743865e-10	1.921674e+01	8.447527e+01
2.450000e-06	3.623188e-06	6.837890e-10	1.950262e+01	8.562288e+01
2.460000e-06	3.675939e-06	6.928043e-10	1.978657e+01	8.675683e+01
2.470000e-06	3.728425e-06	7.011173e-10	2.006908e+01	8.787752e+01
2.480000e-06	3.780585e-06	7.093653e-10	2.034985e+01	8.898533e+01
2.490000e-06	3.832413e-06	7.185189e-10	2.062882e+01	9.008060e+01
2.500000e-06	3.883902e-06	7.279773e-10	2.090597e+01	9.116361e+01
2.510000e-06	3.935117e-06	7.365635e-10	2.118165e+01	9.223462e+01
2.520000e-06	3.985990e-06	7.450577e-10	2.145549e+01	9.329385e+01
2.530000e-06	4.036350e-06	7.538702e-10	2.172656e+01	9.434149e+01
2.540000e-06	4.086380e-06	7.616697e-10	2.199586e+01	9.537771e+01
2.550000e-06	4.136072e-06	7.684662e-10	2.226334e+01	9.640264e+01
2.560000e-06	4.185266e-06	7.748002e-10	2.252814e+01	9.741641e+01
2.570000e-06	4.234097e-06	7.812792e-10	2.279098e+01	9.841915e+01
2.580000e-06	4.282583e-06	7.891934e-10	2.305197e+01	9.941095e+01
2.590000e-06	4.330732e-06	7.982833e-10	2.331114e+01	1.003919e+02
2.600000e-06	4.378529e-06	8.069010e-10	2.356841e+01	1.013621e+02
2.610000e-06	4.425953e-06	8.143598e-10	2.382368e+01	1.023217e+02
2.620000e-06	4.473132e-06	8.205135e-10	2.407764e+01	1.032707e+02
2.630000e-06	4.520109e-06	8.266400e-10	2.433050e+01	1.042091e+02
2.640000e-06	4.566708e-06	8.340851e-10	2.458133e+01	1.051372e+02
2.650000e-06	4.612981e-06	8.419371e-10	2.483041e+01	1.060550e+02
2.660000e-06	4.659031e-06	8.490064e-10	2.507828e+01	1.069624e+02
2.670000e-06	4.704757e-06	8.549384e-10	2.532441e+01	1.078597e+02
2.680000e-06	4.750138e-06	8.603683e-10	2.556868e+01	1.087467e+02
2.690000e-06	4.795267e-06	8.664907e-10	2.581160e+01	1.096237e+02
2.700000e-06	4.840093e-06	8.727935e-10	2.605289e+01	1.104905e+02
2.710000e-06	4.884515e-06	8.791869e-10	2.629200e+01	1.113471e+02
2.720000e-06	4.928609e-06	8.873121e-10	2.652934e+01	1.121935e+02
2.730000e-06	4.972451e-06	8.966407e-10	2.676534e+01	1.130297e+02
2.740000e-06	5.016022e-06	9.048842e-10	2.699987e+01	1.138555e+02
2.750000e-06	5.059351e-06	9.111357e-10	2.723309e+01	1.146708e+02
2.760000e-06	5.102395e-06	9.164916e-10	2.746479e+01	1.154754e+02
2.770000e-06	5.145047e-06	9.217890e-10	2.769437e+01	1.162692e+02
2.780000e-06	5.187184e-06	9.285754e-10	2.792118e+01	1.170518e+02
2.790000e-06	5.228737e-06	9.367246e-10	2.814485e+01	1.178231e+02
2.800000e-06	5.269662e-06	9.440574e-10	2.836514e+01	1.185827e+02
2.810000e-06	5.310034e-06	9.506548e-10	2.858245e+01	1.193303e+02
2.820000e-06	5.350130e-06	9.572471e-10	2.879827e+01	1.200656e+02
2.830000e-06	5.389871e-06	9.642058e-10	2.901219e+01	1.207881e+02
2.840000e-06	5.429224e-06	9.708261e-10	2.922401e+01	1.214976e+02
2.850000e-06	5.468275e-06	9.767738e-10	2.943422e+01	1.221937e+02
2.860000e-06	5.506911e-06	9.822343e-10	2.964219e+01	1.228761e+02
2.870000e-06	5.545217e-06	9.874425e-10	2.984838e+01	1.235443e+02
2.880000e-06	5.583292e-06	9.933057e-10	3.005332e+01	1.241981e+02
2.890000e-06	5.620950e-06	9.993752e-10	3.025603e+01	1.248373e+02
2.900000e-06	5.658090e-06	1.005210e-09	3.045594e+01	1.254616e+02
2.910000e-06	5.694892e-06	1.011045e-09	3.065403e+01	1.260708e+02
2.920000e-06	5.731323e-06	1.017484e-09	3.085013e+01	1.266648e+02
2.930000e-06	5.767386e-06	1.024915e-09	3.104425e+01	1.272435e+02
2.940000e-06	5.803219e-06	1.031688e-09	3.123713e+01	1.278071e+02
2.950000e-06	5.838708e-06	1.036426e-09	3.142816e+01	1.283556e+02
2.960000e-06	5.873831e-06	1.040506e-09	3.161721e+01	1.288892e+02
2.970000e-06	5.908588e-06	1.046600e-09	3.180430e+01	1.294082e+02
2.980000e-06	5.942735e-06	1.053355e-09	3.198810e+01	1.299129e+02
2.990000e-06	5.976176e-06	1.057850e-09	3.216811e+01	1.304038e+02
3.000000e-06	6.009034e-06	1.061758e-09	3.234497e+01	1.308814e+02
3.010000e-06	6.041359e-06	1.066959e-09	3.251897e+01	1.313464e+02
3.020000e-06	6.073240e-06	1.073061e-09	3.269058e+01	1.317992e+02
3.030000e-06	6.104720e-06	1.079751e-09	3.286003e+01	1.322408e+02
3.040000e-06	6.135898e-06	1.086726e-09	3.302785e+01	1.326719e+02
3.050000e-06	6.166643e-06	1.093748e-09	3.319334e+01	1.330933e+02
3.060000e-06	6.196951e-06	1.100759e-09	3.335648e+01	1.335058e+02
3.070000e-06	6.226860e-06	1.105792e-09	3.351747e+01	1.339104e+02
3.080000e-06	6.256485e-06	1.107926e-09	3.367693e+01	1.343078e+02
3.090000e-06	6.285814e-06	1.110617e-09	3.383480e+01	1.346990e+02
3.100000e-06	6.314441e-06	1.115367e-09	3.398890e+01	1.350848e+02
3.110000e-06	6.342542e-06	1.120665e-09	3.414015e+01	1.354660e+02
3.120000e-06	6.370395e-06	1.125038e-09	3.429008e+01	1.358433e+02
3.130000e-06	6.398025e-06	1.129485e-09	3.443881e+01	1.362175e+02
3.140000e-06	6.425391e-06	1.134123e-09	3.458611e+01	1.365891e+02
3.150000e-06	6.452288e-06	1.137091e-09	3.473089e+01	1.369587e+02
3.160000e-06	6.478455e-06	1.140331e-09	3.487174e+01	1.373268e+02
3.170000e-06	6.503833e-06	1.144321e-09	3.500834e+01	1.376937e+02
3.180000e-06	6.528547e-06	1.147937e-09	3.514137e+01	1.380597e+02
3.190000e-06	6.552772e-06	1.151661e-09	3.527177e+01	1.384248e+02
3.200000e-06	6.576621e-06	1.155267e-09	3.540014e+01	1.387892e+02
3.210000e-06	6.599997e-06	1.158469e-09	3.552597e+01	1.391528e+02
3.220000e-06	6.622822e-06	1.161497e-09	3.564883e+01	1.395154e+02
3.230000e-06	6.645216e-06	1.165067e-09	3.576937e+01	1.398768e+02
3.240000e-06	6.667234e-06	1.169359e-09	3.588788e+01	1.402367e+02
3.250000e-06	6.688828e-06	1.173356e-09	3.600412e+01	1.405946e+02
3.260000e-06	6.709965e-06	1.176606e-09	3.611789e+01	1.409500e+02
3.270000e-06	6.730589e-06	1.179441e-09	3.622891e+01	1.413024e+02
3.280000e-06	6.750754e-06	1.181131e-09	3.633745e+01	1.416512e+02
3.290000e-06	6.770599e-06	1.183027e-09	3.644427e+01	1.419957e+02
3.300000e-06	6.790168e-06	1.187321e-09	3.654960e+01	1.423354e+02
3.310000e-06	6.809385e-06	1.191953e-09	3.665304e+01	1.426695e+02
3.320000e-06	6.828170e-06	1.194153e-09	3.675416e+01	1.429975e+02
3.330000e-06	6.846354e-06	1.195509e-09	3.685204e+01	1.433186e+02
3.340000e-06	6.863809e-06	1.197886e-09	3.694599e+01	1.436324e+02
3.350000e-06	6.880794e-06	1.200731e-09	3.703742e+01	1.439381e+02
3.360000e-06	6.897396e-06	1.203722e-09	3.712678e+01	1.442353e+02
3.370000e-06	6.913421e-06	1.205471e-09	3.721304e+01	1.445236e+02
3.380000e-06	6.928925e-06	1.207454e-09	3.729649e+01	1.448025e+02
3.390000e-06	6.943802e-06	1.211225e-09	3.737657e+01	1.450717e+02
3.400000e-06	6.958111e-06	1.214995e-09	3.745359e+01	1.453310e+02
3.410000e-06	6.972009e-06	1.218164e-09	3.752840e+01	1.455801e+02
3.420000e-06	6.985399e-06	1.220391e-09	3.760048e+01	1.458190e+02
3.430000e-06	6.998278e-06	1.222726e-09	3.766980e+01	1.460475e+02
3.440000e-06	7.010611e-06	1.226215e-09	3.773619e+01	1.462657e+02
3.450000e-06	7.022392e-06	1.229488e-09	3.779960e+01	1.464737e+02
3.460000e-06	7.033777e-06	1.232149e-09	3.786088e+01	1.466714e+02
3.470000e-06	7.044671e-06	1.234132e-09	3.791952e+01	1.468592e+02
3.480000e-06	7.054811e-06	1.235421e-09	3.797411e+01	1.470372e+02
3.490000e-06	7.064104e-06	1.237740e-09	3.802412e+01	1.472055e+02
3.500000e-06	7.072537e-06	1.242218e-09	3.806952e+01	1.473645e+02
3.510000e-06	7.080490e-06	1.246994e-09	3.811233e+01	1.475142e+02
3.520000e-06	7.088234e-06	1.249776e-09	3.815401e+01	1.476549e+02
3.530000e-06	7.095532e-06	1.251321e-09	3.819329e+01	1.477869e+02
3.540000e-06	7.102336e-06	1.253814e-09	3.822992e+01	1.479102e+02
3.550000e-06	7.108644e-06	1.256482e-09	3.826387e+01	1.480250e+02
3.560000e-06	7.114401e-06	1.258668e-09	3.829486e+01	1.481314e+02
3.570000e-06	7.119679e-06	1.260217e-09	3.832327e+01	1.482295e+02
3.580000e-06	7.124429e-06	1.261080e-09	3.834884e+01	1.483192e+02
3.590000e-06	7.128632e-06	1.264216e-09	3.837146e+01	1.484006e+02
3.600000e-06	7.132401e-06	1.268680e-09	3.839175e+01	1.484736e+02
3.610000e-06	7.135842e-06	1.270554e-09	3.841027e+01	1.485380e+02
3.620000e-06	7.138954e-06	1.270537e-09	3.842702e+01	1.485937e+02
3.630000e-06	7.141524e-06	1.271845e-09	3.844086e+01	1.486405e+02
3.640000e-06	7.143341e-06	1.275269e-09	3.845063e+01	1.486782e+02
3.650000e-06	7.144459e-06	1.278326e-09	3.845666e+01	1.487066e+02
3.660000e-06	7.145038e-06	1.279428e-09	3.845977e+01	1.487254e+02
3.670000e-06	7.145081e-06	1.279682e-09	3.846000e+01	1.487344e+02
3.680000e-06	7.144589e-06	1.280728e-09	3.845735e+01	1.487334e+02
3.690000e-06	7.143664e-06	1.282436e-09	3.845237e+01	1.487221e+02
3.700000e-06	7.142218e-06	1.284372e-09	3.844459e+01	1.487005e+02
3.710000e-06	7.140285e-06	1.285440e-09	3.843419e+01	1.486684e+02
3.720000e-06	7.138017e-06	1.285379e-09	3.842198e+01	1.486257e+02
3.730000e-06	7.135428e-06	1.288573e-09	3.840805e+01	1.485724e+02
3.740000e-06	7.132315e-06	1.293058e-09	3.839129e+01	1.485086e+02
3.750000e-06	7.128641e-06	1.278318e-09	3.837151e+01	1.484344e+02
3.760000e-06	7.124457e-06	1.252483e-09	3.834899e+01	1.483501e+02
3.770000e-06	7.119526e-06	1.281391e-09	3.832244e+01	1.482558e+02
3.780000e-06	7.113816e-06	1.329042e-09	3.829171e+01	1.481521e+02
3.790000e-06	7.107706e-06	1.286843e-09	3.825882e+01	1.480392e+02
3.800000e-06	7.101301e-06	1.230380e-09	3.822435e+01	1.479179e+02
3.810000e-06	7.094261e-06	1.271725e-09	3.818645e+01	1.477886e+02
3.820000e-06	7.086578e-06	1.336662e-09	3.814510e+01	1.476519e+02
3.830000e-06	7.078558e-06	1.280876e-09	3.810193e+01	1.475087e+02
3.840000e-06	7.070174e-06	1.197404e-09	3.805680e+01	1.473597e+02
3.850000e-06	7.061311e-06	1.268804e-09	3.800909e+01	1.472055e+02
3.860000e-06	7.051909e-06	1.361843e-09	3.795848e+01	1.470471e+02
3.870000e-06	7.041976e-06	1.279015e-09	3.790501e+01	1.468851e+02
3.880000e-06	7.031642e-06	1.182932e-09	3.784939e+01	1.467204e+02
3.890000e-06	7.020818e-06	1.278337e-09	3.779113e+01	1.465537e+02
3.900000e-06	7.009379e-06	1.360124e-09	3.772955e+01	1.463857e+02
3.910000e-06	6.997431e-06	1.250190e-09	3.766524e+01	1.462171e+02
3.920000e-06	6.984957e-06	1.191506e-09	3.759810e+01	1.460483e+02
3.930000e-06	6.971855e-06	1.312682e-09	3.752757e+01	1.458800e+02
3.940000e-06	6.957968e-06	1.331351e-09	3.745282e+01	1.457124e+02
3.950000e-06	6.943330e-06	1.203804e-09	3.737403e+01	1.455460e+02
3.960000e-06	6.928047e-06	1.219890e-09	3.729177e+01	1.453808e+02
3.970000e-06	6.912111e-06	1.329805e-09	3.720599e+01	1.452170e+02
3.980000e-06	6.895809e-06	1.268834e-09	3.711824e+01	1.450546e+02
3.990000e-06	6.879272e-06	1.188533e-09	3.702922e+01	1.448933e+02
4.000000e-06	6.862219e-06	1.287049e-09	3.693743e+01	1.447330e+02
4.010000e-06	6.844653e-06	1.320373e-09	3.684288e+01	1.445732e+02
4.020000e-06	6.826722e-06	1.202040e-09	3.674636e+01	1.444136e+02
4.030000e-06	6.808351e-06	1.215905e-09	3.664748e+01	1.442535e+02
4.040000e-06	6.789442e-06	1.322287e-09	3.654569e+01	1.440923e+02
4.050000e-06	6.769930e-06	1.261386e-09	3.644067e+01	1.439293e+02
4.060000e-06	6.749976e-06	1.189122e-09	3.633326e+01	1.437638e+02
4.070000e-06	6.729654e-06	1.277873e-09	3.622387e+01	1.435950e+02
4.080000e-06	6.708999e-06	1.298185e-09	3.611269e+01	1.434220e+02
4.090000e-06	6.687984e-06	1.208050e-09	3.599957e+01	1.432441e+02
4.100000e-06	6.666367e-06	1.237088e-09	3.588322e+01	1.430604e+02
4.110000e-06	6.643863e-06	1.294565e-09	3.576208e+01	1.428701e+02
4.120000e-06	6.620571e-06	1.231470e-09	3.563671e+01	1.426725e+02
4.130000e-06	6.596763e-06	1.217239e-09	3.550856e+01	1.424669e+02
4.140000e-06	6.572613e-06	1.280757e-09	3.537856e+01	1.422526e+02
4.150000e-06	6.548260e-06	1.251649e-09	3.524748e+01	1.420292e+02
4.160000e-06	6.523591e-06	1.210580e-09	3.511469e+01	1.417961e+02
4.170000e-06	6.498422e-06	1.255801e-09	3.497922e+01	1.415529e+02
4.180000e-06	6.472772e-06	1.257792e-09	3.484115e+01	1.412994e+02
4.190000e-06	6.446609e-06	1.218032e-09	3.470032e+01	1.410353e+02
4.200000e-06	6.419848e-06	1.241079e-09	3.455627e+01	1.407607e+02
4.210000e-06	6.392600e-06	1.252661e-09	3.440960e+01	1.404755e+02
4.220000e-06	6.364971e-06	1.220964e-09	3.426088e+01	1.401798e+02
4.230000e-06	6.336963e-06	1.230286e-09	3.411013e+01	1.398737e+02
4.240000e-06	6.308642e-06	1.244365e-09	3.395768e+01	1.395577e+02
4.250000e-06	6.280072e-06	1.222035e-09	3.380390e+01	1.392319e+02
4.260000e-06	6.250917e-06	1.222923e-09	3.364696e+01	1.388968e+02
4.270000e-06	6.220992e-06	1.236202e-09	3.348588e+01	1.385528e+02
4.280000e-06	6.190461e-06	1.223083e-09	3.332154e+01	1.382003e+02
4.290000e-06	6.159379e-06	1.220081e-09	3.315424e+01	1.378399e+02
4.300000e-06	6.127854e-06	1.225393e-09	3.298455e+01	1.374719e+02
4.310000e-06	6.095924e-06	1.213597e-09	3.281268e+01	1.370969e+02
4.320000e-06	6.063544e-06	1.211146e-09	3.263839e+01	1.367153e+02
4.330000e-06	6.030768e-06	1.216884e-09	3.246196e+01	1.363275e+02
4.340000e-06	5.997730e-06	1.208516e-09	3.228413e+01	1.359338e+02
4.350000e-06	5.964121e-06	1.206721e-09	3.210322e+01	1.355345e+02
4.360000e-06	5.929942e-06	1.211555e-09	3.191925e+01	1.351298e+02
4.370000e-06	5.895588e-06	1.204111e-09	3.173433e+01	1.347199e+02
4.380000e-06	5.860884e-06	1.199307e-09	3.154752e+01	1.343047e+02
4.390000e-06	5.825693e-06	1.200655e-09	3.135810e+01	1.338844e+02
4.400000e-06	5.790098e-06	1.193102e-09	3.116650e+01	1.334589e+02
4.410000e-06	5.754181e-06	1.187860e-09	3.097317e+01	1.330278e+02
4.420000e-06	5.717963e-06	1.190709e-09	3.077822e+01	1.325911e+02
4.430000e-06	5.681485e-06	1.187052e-09	3.058187e+01	1.321483e+02
4.440000e-06	5.644700e-06	1.180347e-09	3.038387e+01	1.316991e+02
4.450000e-06	5.607239e-06	1.178862e-09	3.018222e+01	1.312431e+02
4.460000e-06	5.569023e-06	1.178144e-09	2.997651e+01	1.307799e+02
4.470000e-06	5.530217e-06	1.175652e-09	2.976763e+01	1.303089e+02
4.480000e-06	5.490882e-06	1.171876e-09	2.955591e+01	1.298297e+02
4.490000e-06	5.451044e-06	1.167286e-09	2.934147e+01	1.293417e+02
4.500000e-06	5.410869e-06	1.162539e-09	2.912522e+01	1.288444e+02
4.510000e-06	5.370511e-06	1.158488e-09	2.890798e+01	1.283374e+02
4.520000e-06	5.329790e-06	1.156670e-09	2.868879e+01	1.278203e+02
4.530000e-06	5.288686e-06	1.154748e-09	2.846754e+01	1.272926e+02
4.540000e-06	5.247218e-06	1.150343e-09	2.824433e+01	1.267540e+02
4.550000e-06	5.205480e-06	1.145724e-09	2.801966e+01	1.262043e+02
4.560000e-06	5.163511e-06	1.142477e-09	2.779376e+01	1.256433e+02
4.570000e-06	5.121193e-06	1.136833e-09	2.756597e+01	1.250708e+02
4.580000e-06	5.078562e-06	1.127755e-09	2.733650e+01	1.244867e+02
4.590000e-06	5.035493e-06	1.119116e-09	2.710467e+01	1.238912e+02
4.600000e-06	4.991941e-06	1.113878e-09	2.687024e+01	1.232843e+02
4.610000e-06	4.948051e-06	1.110904e-09	2.663400e+01	1.226662e+02
4.620000e-06	4.903888e-06	1.109438e-09	2.639628e+01	1.220371e+02
4.630000e-06	4.859460e-06	1.108130e-09	2.615714e+01	1.213973e+02
4.640000e-06	4.814797e-06	1.103815e-09	2.591672e+01	1.207472e+02
4.650000e-06	4.769954e-06	1.096837e-09	2.567535e+01	1.200872e+02
4.660000e-06	4.724905e-06	1.089285e-09	2.543286e+01	1.194176e+02
4.670000e-06	4.679413e-06	1.080960e-09	2.518799e+01	1.187390e+02
4.680000e-06	4.633476e-06	1.072210e-09	2.494073e+01	1.180517e+02
4.690000e-06	4.587106e-06	1.064972e-09	2.469113e+01	1.173562e+02
4.700000e-06	4.540407e-06	1.060904e-09	2.443976e+01	1.166528e+02
4.710000e-06	4.493451e-06	1.059311e-09	2.418701e+01	1.159419e+02
4.720000e-06	4.446186e-06	1.055866e-09	2.393259e+01	1.152239e+02
4.730000e-06	4.398732e-06	1.048109e-09	2.367716e+01	1.144988e+02
4.740000e-06	4.350974e-06	1.038783e-09	2.342009e+01	1.137671e+02
4.750000e-06	4.302727e-06	1.031854e-09	2.316039e+01	1.130286e+02
4.760000e-06	4.254054e-06	1.025956e-09	2.289840e+01	1.122835e+02
4.770000e-06	4.205126e-06	1.017985e-09	2.263503e+01	1.115316e+02
4.780000e-06	4.155752e-06	1.009462e-09	2.236927e+01	1.107728e+02
4.790000e-06	4.105905e-06	1.003587e-09	2.210096e+01	1.100068e+02
4.800000e-06	4.055820e-06	9.992471e-10	2.183136e+01	1.092332e+02
4.810000e-06	4.005456e-06	9.943865e-10	2.156026e+01	1.084516e+02
4.820000e-06	3.954773e-06	9.877732e-10	2.128745e+01	1.076615e+02
4.830000e-06	3.903877e-06	9.801149e-10	2.101349e+01	1.068623e+02
4.840000e-06	3.852675e-06	9.730698e-10	2.073789e+01	1.060532e+02
4.850000e-06	3.801144e-06	9.662606e-10	2.046051e+01	1.052337e+02
4.860000e-06	3.749355e-06	9.585180e-10	2.018175e+01	1.044029e+02
4.870000e-06	3.697329e-06	9.506548e-10	1.990170e+01	1.035601e+02
4.880000e-06	3.645047e-06	9.438260e-10	1.962028e+01	1.027045e+02
4.890000e-06	3.592469e-06	9.382984e-10	1.933727e+01	1.018353e+02
4.900000e-06	3.539560e-06	9.328279e-10	1.905247e+01	1.009517e+02
4.910000e-06	3.486355e-06	9.260846e-10	1.876609e+01	1.000531e+02
4.920000e-06	3.432930e-06	9.179322e-10	1.847852e+01	9.913877e+01
4.930000e-06	3.379183e-06	9.089680e-10	1.818921e+01	9.820805e+01
4.940000e-06	3.325046e-06	9.013303e-10	1.789781e+01	9.726041e+01
4.950000e-06	3.270388e-06	8.943937e-10	1.760360e+01	9.629541e+01
4.960000e-06	3.215252e-06	8.857543e-10	1.730681e+01	9.531266e+01
4.970000e-06	3.159868e-06	8.760342e-10	1.700870e+01	9.431191e+01
4.980000e-06	3.104265e-06	8.670192e-10	1.670940e+01	9.329296e+01
4.990000e-06	3.048447e-06	8.584568e-10	1.640895e+01	9.225577e+01
5.000000e-06	2.992376e-06	8.494526e-10	1.610713e+01	9.120036e+01
5.010000e-06	2.936050e-06	8.394791e-10	1.580395e+01	9.012688e+01
5.020000e-06	2.879607e-06	8.293957e-10	1.550013e+01	8.903557e+01
5.030000e-06	2.823138e-06	8.205197e-10	1.519617e+01	8.792675e+01
5.040000e-06	2.766504e-06	8.124611e-10	1.489133e+01	8.680085e+01
5.050000e-06	2.709693e-06	8.035750e-10	1.458553e+01	8.565835e+01
5.060000e-06	2.652704e-06	7.934175e-10	1.427877e+01	8.449981e+01
5.070000e-06	2.595511e-06	7.822255e-10	1.397092e+01	8.332583e+01
5.080000e-06	2.538198e-06	7.708253e-10	1.366242e+01	8.213705e+01
5.090000e-06	2.480779e-06	7.593774e-10	1.335335e+01	8.093413e+01
5.100000e-06	2.423267e-06	7.477166e-10	1.304378e+01	7.971775e+01
5.110000e-06	2.365542e-06	7.360570e-10	1.273306e+01	7.848856e+01
5.120000e-06	2.307539e-06	7.242888e-10	1.242085e+01	7.724722e+01
5.130000e-06	2.249285e-06	7.125779e-10	1.210728e+01	7.599432e+01
5.140000e-06	2.190833e-06	7.017822e-10	1.179265e+01	7.473042e+01
5.150000e-06	2.132292e-06	6.908014e-10	1.147754e+01	7.345602e+01
5.160000e-06	2.073609e-06	6.787747e-10	1.116167e+01	7.217156e+01
5.170000e-06	2.014692e-06	6.665074e-10	1.084453e+01	7.087736e+01
5.180000e-06	1.955590e-06	6.545686e-10	1.052640e+01	6.957369e+01
5.190000e-06	1.896395e-06	6.427997e-10	1.020777e+01	6.826071e+01
5.200000e-06	1.837144e-06	6.298952e-10	9.888838e+00	6.693847e+01
5.210000e-06	1.777768e-06	6.162843e-10	9.569238e+00	6.560695e+01
5.220000e-06	1.718239e-06	6.034183e-10	9.248805e+00	6.426599e+01
5.230000e-06	1.658579e-06	5.915410e-10	8.927673e+00	6.291537e+01
5.240000e-06	1.598801e-06	5.790442e-10	8.605904e+00	6.155473e+01
5.250000e-06	1.538913e-06	5.650677e-10	8.283543e+00	6.018367e+01
5.260000e-06	1.478961e-06	5.506885e-10	7.960841e+00	5.880166e+01
5.270000e-06	1.418929e-06	5.371141e-10	7.637703e+00	5.740812e+01
5.280000e-06	1.358792e-06	5.245027e-10	7.314005e+00	5.600240e+01
5.290000e-06	1.298586e-06	5.112915e-10	6.989930e+00	5.458380e+01
5.300000e-06	1.238364e-06	4.963604e-10	6.665775e+00	5.315157e+01
5.310000e-06	1.178127e-06	4.817140e-10	6.341534e+00	5.170492e+01
5.320000e-06	1.117814e-06	4.687076e-10	6.016885e+00	5.024306e+01
5.330000e-06	1.057468e-06	4.563967e-10	5.692061e+00	4.876519e+01
5.340000e-06	9.971106e-07	4.438485e-10	5.367172e+00	4.727051e+01
5.350000e-06	9.366049e-07	4.303538e-10	5.041486e+00	4.575824e+01
5.360000e-06	8.760142e-07	4.154204e-10	4.715343e+00	4.422764e+01
5.370000e-06	8.154706e-07	4.010284e-10	4.389454e+00	4.267802e+01
5.380000e-06	7.549416e-07	3.876900e-10	4.063643e+00	4.110872e+01
5.390000e-06	6.943953e-07	3.727401e-10	3.737738e+00	3.951916e+01
5.400000e-06	6.337658e-07	3.560142e-10	3.411387e+00	3.790885e+01
5.410000e-06	5.730792e-07	3.400866e-10	3.084728e+00	3.627734e+01
5.420000e-06	5.122928e-07	3.259355e-10	2.757531e+00	3.462431e+01
5.430000e-06	4.513906e-07	3.119009e-10	2.429711e+00	3.294951e+01
5.440000e-06	3.904931e-07	2.971314e-10	2.101917e+00	3.125279e+01
5.450000e-06	3.295814e-07	2.808482e-10	1.774046e+00	2.953412e+01
5.460000e-06	2.686884e-07	2.637830e-10	1.446276e+00	2.779355e+01
5.470000e-06	2.078518e-07	2.468406e-10	1.118809e+00	2.603126e+01
5.480000e-06	1.470531e-07	2.302768e-10	7.915466e-01	2.424751e+01
5.490000e-06	8.633771e-08	2.141131e-10	4.647321e-01	2.244270e+01
5.500000e-06	2.551783e-08	1.978036e-10	1.373555e-01	2.061729e+01
5.510000e-06	-3.553152e-08	1.811197e-10	-1.912564e-01	1.877190e+01
5.520000e-06	-9.654906e-08	1.643299e-10	-5.196970e-01	1.690719e+01
5.530000e-06	-1.573588e-07	1.477206e-10	-8.470191e-01	1.502397e+01
5.540000e-06	-2.181098e-07	1.309851e-10	-1.174025e+00	1.312311e+01
5.550000e-06	-2.789915e-07	1.139307e-10	-1.501734e+00	1.120558e+01
5.560000e-06	-3.398772e-07	9.615046e-11	-1.829465e+00	9.272441e+00
5.570000e-06	-4.007034e-07	7.793491e-11	-2.156876e+00	7.324832e+00
5.580000e-06	-4.614855e-07	5.936847e-11	-2.484049e+00	5.363966e+00
5.590000e-06	-5.222661e-07	4.011038e-11	-2.811215e+00	3.391129e+00
5.600000e-06	-5.831234e-07	2.163518e-11	-3.138792e+00	1.407675e+00
5.610000e-06	-6.438005e-07	3.741512e-12	-3.465401e+00	-5.849852e-01
5.620000e-06	-7.043766e-07	-1.432214e-11	-3.791465e+00	-2.585382e+00
5.630000e-06	-7.649591e-07	-3.275410e-11	-4.117564e+00	-4.591998e+00
5.640000e-06	-8.254791e-07	-5.312584e-11	-4.443327e+00	-6.603273e+00
5.650000e-06	-8.860095e-07	-7.389141e-11	-4.769145e+00	-8.617609e+00
5.660000e-06	-9.464580e-07	-9.327518e-11	-5.094522e+00	-1.063338e+01
5.670000e-06	-1.006867e-06	-1.118285e-10	-5.419686e+00	-1.264893e+01
5.680000e-06	-1.067284e-06	-1.291150e-10	-5.744896e+00	-1.466259e+01
5.690000e-06	-1.127688e-06	-1.466267e-10	-6.070035e+00	-1.667269e+01
5.700000e-06	-1.187952e-06	-1.654972e-10	-6.394418e+00	-1.867756e+01
5.710000e-06	-1.248059e-06	-1.837185e-10	-6.717959e+00	-2.067550e+01
5.720000e-06	-1.308148e-06	-2.013607e-10	-7.041402e+00	-2.266488e+01
5.730000e-06	-1.368160e-06	-2.194809e-10	-7.364430e+00	-2.464406e+01
5.740000e-06	-1.428086e-06	-2.377415e-10	-7.686993e+00	-2.661144e+01
5.750000e-06	-1.487955e-06	-2.560752e-10	-8.009253e+00	-2.856546e+01
5.760000e-06	-1.547775e-06	-2.753206e-10	-8.331247e+00	-3.050461e+01
5.770000e-06	-1.607518e-06	-2.946955e-10	-8.652826e+00	-3.242743e+01
5.780000e-06	-1.667128e-06	-3.139398e-10	-8.973689e+00	-3.433255e+01
5.790000e-06	-1.726608e-06	-3.333535e-10	-9.293854e+00	-3.621865e+01
5.800000e-06	-1.785958e-06	-3.520734e-10	-9.613322e+00	-3.808452e+01
5.810000e-06	-1.845104e-06	-3.689809e-10	-9.931684e+00	-3.992901e+01
5.820000e-06	-1.904190e-06	-3.850300e-10	-1.024973e+01	-4.175108e+01
5.830000e-06	-1.963232e-06	-4.026111e-10	-1.056754e+01	-4.354981e+01
5.840000e-06	-2.022044e-06	-4.208438e-10	-1.088410e+01	-4.532437e+01
5.850000e-06	-2.080707e-06	-4.378134e-10	-1.119987e+01	-4.707404e+01
5.860000e-06	-2.139250e-06	-4.532543e-10	-1.151499e+01	-4.879823e+01
5.870000e-06	-2.197547e-06	-4.684165e-10	-1.182879e+01	-5.049646e+01
5.880000e-06	-2.255592e-06	-4.843781e-10	-1.214123e+01	-5.216837e+01
5.890000e-06	-2.313540e-06	-4.999342e-10	-1.245315e+01	-5.381372e+01
5.900000e-06	-2.371403e-06	-5.147147e-10	-1.276461e+01	-5.543238e+01
5.910000e-06	-2.429031e-06	-5.293043e-10	-1.307481e+01	-5.702435e+01
5.920000e-06	-2.486392e-06	-5.436794e-10	-1.338356e+01	-5.858973e+01
5.930000e-06	-2.543594e-06	-5.591145e-10	-1.369146e+01	-6.012871e+01
5.940000e-06	-2.600671e-06	-5.756505e-10	-1.399870e+01	-6.164161e+01
5.950000e-06	-2.657596e-06	-5.912545e-10	-1.430511e+01	-6.312881e+01
5.960000e-06	-2.714402e-06	-6.049766e-10	-1.461088e+01	-6.459079e+01
5.970000e-06	-2.771067e-06	-6.179424e-10	-1.491589e+01	-6.602810e+01
5.980000e-06	-2.827543e-06	-6.309784e-10	-1.521988e+01	-6.744135e+01
5.990000e-06	-2.883827e-06	-6.438508e-10	-1.552284e+01	-6.883120e+01
6.000000e-06	-2.939954e-06	-6.553128e-10	-1.582496e+01	-7.019836e+01
6.010000e-06	-2.995873e-06	-6.657078e-10	-1.612596e+01	-7.154358e+01
6.020000e-06	-3.051573e-06	-6.763824e-10	-1.642578e+01	-7.286760e+01
6.030000e-06	-3.107165e-06	-6.883879e-10	-1.672501e+01	-7.417121e+01
6.040000e-06	-3.162477e-06	-7.016353e-10	-1.702274e+01	-7.545518e+01
6.050000e-06	-3.217450e-06	-7.139793e-10	-1.731865e+01	-7.672027e+01
6.060000e-06	-3.272279e-06	-7.251575e-10	-1.761377e+01	-7.796724e+01
6.070000e-06	-3.326699e-06	-7.358761e-10	-1.790670e+01	-7.919682e+01
6.080000e-06	-3.380567e-06	-7.467307e-10	-1.819666e+01	-8.040970e+01
6.090000e-06	-3.434151e-06	-7.581162e-10	-1.848509e+01	-8.160654e+01
6.100000e-06	-3.487451e-06	-7.695004e-10	-1.877199e+01	-8.278796e+01
6.110000e-06	-3.540385e-06	-7.797875e-10	-1.905692e+01	-8.395454e+01
6.120000e-06	-3.593060e-06	-7.895767e-10	-1.934045e+01	-8.510682e+01
6.130000e-06	-3.645489e-06	-8.003972e-10	-1.962266e+01	-8.624526e+01
6.140000e-06	-3.697559e-06	-8.111875e-10	-1.990294e+01	-8.737033e+01
6.150000e-06	-3.749291e-06	-8.214997e-10	-2.018140e+01	-8.848239e+01
6.160000e-06	-3.800671e-06	-8.319953e-10	-2.045797e+01	-8.958180e+01
6.170000e-06	-3.851788e-06	-8.421988e-10	-2.073311e+01	-9.066886e+01
6.180000e-06	-3.902717e-06	-8.511208e-10	-2.100725e+01	-9.174385e+01
6.190000e-06	-3.953351e-06	-8.588214e-10	-2.127980e+01	-9.280698e+01
6.200000e-06	-4.003585e-06	-8.666222e-10	-2.155019e+01	-9.385846e+01
6.210000e-06	-4.053354e-06	-8.751489e-10	-2.181809e+01	-9.489846e+01
6.220000e-06	-4.102807e-06	-8.841483e-10	-2.208428e+01	-9.592713e+01
6.230000e-06	-4.151876e-06	-8.926516e-10	-2.234840e+01	-9.694461e+01
6.240000e-06	-4.200573e-06	-9.003641e-10	-2.261053e+01	-9.795101e+01
6.250000e-06	-4.249065e-06	-9.087318e-10	-2.287155e+01	-9.894644e+01
6.260000e-06	-4.297140e-06	-9.175005e-10	-2.313032e+01	-9.993100e+01
6.270000e-06	-4.344812e-06	-9.256418e-10	-2.338693e+01	-1.009048e+02
6.280000e-06	-4.392084e-06	-9.339715e-10	-2.364138e+01	-1.018679e+02
6.290000e-06	-4.438911e-06	-9.438654e-10	-2.389344e+01	-1.028204e+02
6.300000e-06	-4.485568e-06	-9.537333e-10	-2.414458e+01	-1.037623e+02
6.310000e-06	-4.532076e-06	-9.620921e-10	-2.439492e+01	-1.046939e+02
6.320000e-06	-4.578142e-06	-9.697543e-10	-2.464288e+01	-1.056150e+02
6.330000e-06	-4.623773e-06	-9.772361e-10	-2.488850e+01	-1.065259e+02
6.340000e-06	-4.669206e-06	-9.857224e-10	-2.513305e+01	-1.074266e+02
6.350000e-06	-4.714407e-06	-9.950193e-10	-2.537635e+01	-1.083170e+02
6.360000e-06	-4.759280e-06	-1.003720e-09	-2.561789e+01	-1.091973e+02
6.370000e-06	-4.803834e-06	-1.011325e-09	-2.585771e+01	-1.100675e+02
6.380000e-06	-4.848193e-06	-1.018512e-09	-2.609649e+01	-1.109275e+02
6.390000e-06	-4.892388e-06	-1.025817e-09	-2.633438e+01	-1.117773e+02
6.400000e-06	-4.936303e-06	-1.032822e-09	-2.657076e+01	-1.126169e+02
6.410000e-06	-4.979860e-06	-1.039694e-09	-2.680521e+01	-1.134462e+02
6.420000e-06	-5.023122e-06	-1.047403e-09	-2.703808e+01	-1.142650e+02
6.430000e-06	-5.066085e-06	-1.055193e-09	-2.726934e+01	-1.150732e+02
6.440000e-06	-5.108640e-06	-1.062682e-09	-2.749840e+01	-1.158706e+02
6.450000e-06	-5.150896e-06	-1.070009e-09	-2.772586e+01	-1.166570e+02
6.460000e-06	-5.192825e-06	-1.076246e-09	-2.795155e+01	-1.174321e+02
6.470000e-06	-5.234256e-06	-1.082515e-09	-2.817456e+01	-1.181956e+02
6.480000e-06	-5.275324e-06	-1.089773e-09	-2.839562e+01	-1.189473e+02
6.490000e-06	-5.316107e-06	-1.097352e-09	-2.861514e+01	-1.196867e+02
6.500000e-06	-5.356626e-06	-1.105088e-09	-2.883324e+01	-1.204135e+02
6.510000e-06	-5.396971e-06	-1.112606e-09	-2.905041e+01	-1.211274e+02
6.520000e-06	-5.436922e-06	-1.118583e-09	-2.926545e+01	-1.218280e+02
6.530000e-06	-5.476343e-06	-1.123067e-09	-2.947765e+01	-1.225150e+02
6.540000e-06	-5.515385e-06	-1.127793e-09	-2.968780e+01	-1.231879e+02
6.550000e-06	-5.553946e-06	-1.134028e-09	-2.989536e+01	-1.238466e+02
6.560000e-06	-5.591851e-06	-1.140800e-09	-3.009939e+01	-1.244907e+02
6.570000e-06	-5.629204e-06	-1.146757e-09	-3.030045e+01	-1.251199e+02
6.580000e-06	-5.666056e-06	-1.152287e-09	-3.049882e+01	-1.257341e+02
6.590000e-06	-5.702508e-06	-1.157068e-09	-3.069503e+01	-1.263332e+02
6.600000e-06	-5.738614e-06	-1.161131e-09	-3.088938e+01	-1.269171e+02
6.610000e-06	-5.774351e-06	-1.164517e-09	-3.108174e+01	-1.274857e+02
6.620000e-06	-5.809771e-06	-1.167397e-09	-3.127240e+01	-1.280392e+02
6.630000e-06	-5.844886e-06	-1.171239e-09	-3.146141e+01	-1.285777e+02
6.640000e-06	-5.879607e-06	-1.175019e-09	-3.164831e+01	-1.291016e+02
6.650000e-06	-5.913815e-06	-1.178805e-09	-3.183244e+01	-1.296110e+02
6.660000e-06	-5.947534e-06	-1.183455e-09	-3.201394e+01	-1.301064e+02
6.670000e-06	-5.980927e-06	-1.186917e-09	-3.219368e+01	-1.305884e+02
6.680000e-06	-6.013945e-06	-1.189066e-09	-3.237141e+01	-1.310575e+02
6.690000e-06	-6.046466e-06	-1.191583e-09	-3.254646e+01	-1.315143e+02
6.700000e-06	-6.078613e-06	-1.194669e-09	-3.271950e+01	-1.319596e+02
6.710000e-06	-6.110448e-06	-1.198275e-09	-3.289086e+01	-1.323941e+02
6.720000e-06	-6.141900e-06	-1.202258e-09	-3.306015e+01	-1.328186e+02
6.730000e-06	-6.172777e-06	-1.205256e-09	-3.322636e+01	-1.332339e+02
6.740000e-06	-6.202993e-06	-1.206651e-09	-3.338900e+01	-1.336410e+02
6.750000e-06	-6.232655e-06	-1.208652e-09	-3.354867e+01	-1.340408e+02
6.760000e-06	-6.261754e-06	-1.211728e-09	-3.370530e+01	-1.344339e+02
6.770000e-06	-6.290387e-06	-1.213869e-09	-3.385942e+01	-1.348214e+02
6.780000e-06	-6.318682e-06	-1.215846e-09	-3.401172e+01	-1.352041e+02
6.790000e-06	-6.346575e-06	-1.217802e-09	-3.416186e+01	-1.355826e+02
6.800000e-06	-6.374075e-06	-1.217866e-09	-3.430989e+01	-1.359577e+02
6.810000e-06	-6.401267e-06	-1.218300e-09	-3.445626e+01	-1.363301e+02
6.820000e-06	-6.428104e-06	-1.220117e-09	-3.460071e+01	-1.367004e+02
6.830000e-06	-6.454438e-06	-1.221728e-09	-3.474246e+01	-1.370689e+02
6.840000e-06	-6.480117e-06	-1.223880e-09	-3.488068e+01	-1.374362e+02
6.850000e-06	-6.505284e-06	-1.226145e-09	-3.501615e+01	-1.378024e+02
6.860000e-06	-6.530193e-06	-1.228388e-09	-3.515023e+01	-1.381678e+02
6.870000e-06	-6.554815e-06	-1.230400e-09	-3.528276e+01	-1.385325e+02
6.880000e-06	-6.579056e-06	-1.232452e-09	-3.541324e+01	-1.388963e+02
6.890000e-06	-6.602856e-06	-1.235894e-09	-3.554135e+01	-1.392593e+02
6.900000e-06	-6.626135e-06	-1.238713e-09	-3.566666e+01	-1.396212e+02
6.910000e-06	-6.648685e-06	-1.240062e-09	-3.578804e+01	-1.399816e+02
6.920000e-06	-6.670552e-06	-1.241830e-09	-3.590574e+01	-1.403401e+02
6.930000e-06	-6.691824e-06	-1.244388e-09	-3.602024e+01	-1.406964e+02
6.940000e-06	-6.712548e-06	-1.246715e-09	-3.613180e+01	-1.410499e+02
6.950000e-06	-6.732938e-06	-1.248334e-09	-3.624155e+01	-1.414000e+02
6.960000e-06	-6.752961e-06	-1.250354e-09	-3.634933e+01	-1.417460e+02
6.970000e-06	-6.772523e-06	-1.252998e-09	-3.645463e+01	-1.420874e+02
6.980000e-06	-6.791550e-06	-1.255363e-09	-3.655704e+01	-1.424234e+02
6.990000e-06	-6.810055e-06	-1.257102e-09	-3.665665e+01	-1.427535e+02
7.000000e-06	-6.828122e-06	-1.259368e-09	-3.675390e+01	-1.430770e+02
7.010000e-06	-6.845782e-06	-1.262587e-09	-3.684896e+01	-1.433933e+02
7.020000e-06	-6.863020e-06	-1.265250e-09	-3.694175e+01	-1.437017e+02
7.030000e-06	-6.879807e-06	-1.266632e-09	-3.703210e+01	-1.440018e+02
7.040000e-06	-6.896224e-06	-1.268955e-09	-3.712047e+01	-1.442931e+02
7.050000e-06	-6.912247e-06	-1.272121e-09	-3.720672e+01	-1.445752e+02
7.060000e-06	-6.927741e-06	-1.273673e-09	-3.729012e+01	-1.448477e+02
7.070000e-06	-6.942527e-06	-1.274609e-09	-3.736971e+01	-1.451103e+02
7.080000e-06	-6.956528e-06	-1.276485e-09	-3.744508e+01	-1.453628e+02
7.090000e-06	-6.969822e-06	-1.278889e-09	-3.751663e+01	-1.456051e+02
7.100000e-06	-6.982429e-06	-1.280275e-09	-3.758449e+01	-1.458370e+02
7.110000e-06	-6.994496e-06	-1.281019e-09	-3.764944e+01	-1.460587e+02
7.120000e-06	-7.006147e-06	-1.282070e-09	-3.771216e+01	-1.462700e+02
7.130000e-06	-7.017334e-06	-1.283624e-09	-3.777238e+01	-1.464712e+02
7.140000e-06	-7.027987e-06	-1.285225e-09	-3.782972e+01	-1.466623e+02
7.150000e-06	-7.038152e-06	-1.285237e-09	-3.788443e+01	-1.468435e+02
7.160000e-06	-7.047844e-06	-1.285025e-09	-3.793660e+01	-1.470150e+02
7.170000e-06	-7.057030e-06	-1.286548e-09	-3.798605e+01	-1.471771e+02
7.180000e-06	-7.065760e-06	-1.288189e-09	-3.803304e+01	-1.473298e+02
7.190000e-06	-7.074110e-06	-1.288543e-09	-3.807798e+01	-1.474735e+02
7.200000e-06	-7.082136e-06	-1.288780e-09	-3.812119e+01	-1.476084e+02
7.210000e-06	-7.089738e-06	-1.288710e-09	-3.816210e+01	-1.477345e+02
7.220000e-06	-7.096625e-06	-1.287390e-09	-3.819918e+01	-1.478522e+02
7.230000e-06	-7.102748e-06	-1.286343e-09	-3.823214e+01	-1.479614e+02
7.240000e-06	-7.108244e-06	-1.285840e-09	-3.826172e+01	-1.480622e+02
7.250000e-06	-7.113193e-06	-1.285523e-09	-3.828836e+01	-1.481547e+02
7.260000e-06	-7.117722e-06	-1.286152e-09	-3.831273e+01	-1.482389e+02
7.270000e-06	-7.121794e-06	-1.285934e-09	-3.833465e+01	-1.483147e+02
7.280000e-06	-7.125336e-06	-1.284636e-09	-3.835372e+01	-1.483820e+02
7.290000e-06	-7.128489e-06	-1.284536e-09	-3.837069e+01	-1.484406e+02
7.300000e-06	-7.131275e-06	-1.284737e-09	-3.838569e+01	-1.484904e+02
7.310000e-06	-7.133516e-06	-1.284480e-09	-3.839775e+01	-1.485311e+02
7.320000e-06	-7.135183e-06	-1.284003e-09	-3.840673e+01	-1.485627e+02
7.330000e-06	-7.136383e-06	-1.283950e-09	-3.841318e+01	-1.485847e+02
7.340000e-06	-7.137189e-06	-1.283743e-09	-3.841752e+01	-1.485970e+02
