# Temperatura_=_20.0
# Concentracion g/m^3_=_7400.0
# C_Vs_to_Am_M_A/Vsm_=_116720831517.84952
# pendiente_HvsI_1/m_=_3716.3
# ordenada_HvsI_A/m_=_1297.0
# frecuencia_Hz_=_136119.1277313508

Tiempo_(s)	Campo_(V.s)	Magnetizacion_(V.s)	Campo_(kA/m)	Magnetizacion_(A/m)
0.000000e+00	-7.101389e-06	-1.235600e-09	-3.842927e+01	-1.438716e+02
1.000000e-08	-7.101585e-06	-1.235962e-09	-3.843033e+01	-1.438731e+02
2.000000e-08	-7.101362e-06	-1.235891e-09	-3.842912e+01	-1.438671e+02
3.000000e-08	-7.100532e-06	-1.234904e-09	-3.842464e+01	-1.438533e+02
4.000000e-08	-7.098977e-06	-1.232999e-09	-3.841622e+01	-1.438317e+02
5.000000e-08	-7.096683e-06	-1.231323e-09	-3.840380e+01	-1.438022e+02
6.000000e-08	-7.093768e-06	-1.230995e-09	-3.838803e+01	-1.437646e+02
7.000000e-08	-7.090435e-06	-1.232591e-09	-3.836999e+01	-1.437189e+02
8.000000e-08	-7.086680e-06	-1.231166e-09	-3.834967e+01	-1.436652e+02
9.000000e-08	-7.082231e-06	-1.222384e-09	-3.832560e+01	-1.436035e+02
1.000000e-07	-7.077029e-06	-1.214552e-09	-3.829744e+01	-1.435339e+02
1.100000e-07	-7.071433e-06	-1.222584e-09	-3.826716e+01	-1.434565e+02
1.200000e-07	-7.065616e-06	-1.231738e-09	-3.823569e+01	-1.433717e+02
1.300000e-07	-7.059256e-06	-1.227410e-09	-3.820127e+01	-1.432795e+02
1.400000e-07	-7.052300e-06	-1.223383e-09	-3.816362e+01	-1.431804e+02
1.500000e-07	-7.044955e-06	-1.223181e-09	-3.812388e+01	-1.430745e+02
1.600000e-07	-7.037383e-06	-1.223026e-09	-3.808290e+01	-1.429623e+02
1.700000e-07	-7.029410e-06	-1.217238e-09	-3.803976e+01	-1.428441e+02
1.800000e-07	-7.020733e-06	-1.210554e-09	-3.799280e+01	-1.427204e+02
1.900000e-07	-7.011327e-06	-1.207402e-09	-3.794190e+01	-1.425915e+02
2.000000e-07	-7.001310e-06	-1.209060e-09	-3.788769e+01	-1.424578e+02
2.100000e-07	-6.990746e-06	-1.218102e-09	-3.783052e+01	-1.423198e+02
2.200000e-07	-6.979491e-06	-1.217023e-09	-3.776962e+01	-1.421777e+02
2.300000e-07	-6.967629e-06	-1.201122e-09	-3.770543e+01	-1.420321e+02
2.400000e-07	-6.955437e-06	-1.195228e-09	-3.763945e+01	-1.418831e+02
2.500000e-07	-6.942754e-06	-1.210510e-09	-3.757082e+01	-1.417312e+02
2.600000e-07	-6.929343e-06	-1.213115e-09	-3.749824e+01	-1.415765e+02
2.700000e-07	-6.915295e-06	-1.193705e-09	-3.742222e+01	-1.414193e+02
2.800000e-07	-6.900604e-06	-1.188983e-09	-3.734272e+01	-1.412598e+02
2.900000e-07	-6.885204e-06	-1.205242e-09	-3.725938e+01	-1.410981e+02
3.000000e-07	-6.869206e-06	-1.201601e-09	-3.717281e+01	-1.409341e+02
3.100000e-07	-6.852702e-06	-1.180762e-09	-3.708350e+01	-1.407681e+02
3.200000e-07	-6.835651e-06	-1.187313e-09	-3.699123e+01	-1.405998e+02
3.300000e-07	-6.818275e-06	-1.201086e-09	-3.689720e+01	-1.404292e+02
3.400000e-07	-6.800636e-06	-1.189369e-09	-3.680174e+01	-1.402562e+02
3.500000e-07	-6.782392e-06	-1.179864e-09	-3.670301e+01	-1.400805e+02
3.600000e-07	-6.763536e-06	-1.189747e-09	-3.660097e+01	-1.399019e+02
3.700000e-07	-6.744272e-06	-1.181110e-09	-3.649673e+01	-1.397203e+02
3.800000e-07	-6.724675e-06	-1.163982e-09	-3.639068e+01	-1.395352e+02
3.900000e-07	-6.704754e-06	-1.176621e-09	-3.628287e+01	-1.393464e+02
4.000000e-07	-6.684383e-06	-1.185308e-09	-3.617264e+01	-1.391536e+02
4.100000e-07	-6.663464e-06	-1.164879e-09	-3.605943e+01	-1.389565e+02
4.200000e-07	-6.641976e-06	-1.163222e-09	-3.594315e+01	-1.387547e+02
4.300000e-07	-6.620022e-06	-1.180759e-09	-3.582435e+01	-1.385480e+02
4.400000e-07	-6.597721e-06	-1.166824e-09	-3.570367e+01	-1.383360e+02
4.500000e-07	-6.574854e-06	-1.148224e-09	-3.557992e+01	-1.381186e+02
4.600000e-07	-6.551436e-06	-1.162033e-09	-3.545319e+01	-1.378956e+02
4.700000e-07	-6.527746e-06	-1.165261e-09	-3.532499e+01	-1.376666e+02
4.800000e-07	-6.503668e-06	-1.145846e-09	-3.519470e+01	-1.374317e+02
4.900000e-07	-6.479133e-06	-1.148240e-09	-3.506193e+01	-1.371906e+02
5.000000e-07	-6.454275e-06	-1.155731e-09	-3.492740e+01	-1.369434e+02
5.100000e-07	-6.428827e-06	-1.140289e-09	-3.478969e+01	-1.366900e+02
5.200000e-07	-6.402466e-06	-1.136340e-09	-3.464704e+01	-1.364305e+02
5.300000e-07	-6.375361e-06	-1.146835e-09	-3.450036e+01	-1.361649e+02
5.400000e-07	-6.347796e-06	-1.136414e-09	-3.435119e+01	-1.358934e+02
5.500000e-07	-6.319885e-06	-1.125978e-09	-3.420015e+01	-1.356160e+02
5.600000e-07	-6.291693e-06	-1.135888e-09	-3.404759e+01	-1.353330e+02
5.700000e-07	-6.263159e-06	-1.134299e-09	-3.389318e+01	-1.350445e+02
5.800000e-07	-6.234107e-06	-1.120147e-09	-3.373596e+01	-1.347507e+02
5.900000e-07	-6.204535e-06	-1.120948e-09	-3.357593e+01	-1.344518e+02
6.000000e-07	-6.174605e-06	-1.123152e-09	-3.341397e+01	-1.341479e+02
6.100000e-07	-6.144284e-06	-1.114593e-09	-3.324989e+01	-1.338393e+02
6.200000e-07	-6.113399e-06	-1.112991e-09	-3.308275e+01	-1.335261e+02
6.300000e-07	-6.082169e-06	-1.114389e-09	-3.291375e+01	-1.332083e+02
6.400000e-07	-6.050752e-06	-1.106328e-09	-3.274373e+01	-1.328862e+02
6.500000e-07	-6.019008e-06	-1.101415e-09	-3.257195e+01	-1.325597e+02
6.600000e-07	-5.986949e-06	-1.102234e-09	-3.239846e+01	-1.322288e+02
6.700000e-07	-5.954425e-06	-1.096239e-09	-3.222246e+01	-1.318934e+02
6.800000e-07	-5.921296e-06	-1.088333e-09	-3.204318e+01	-1.315535e+02
6.900000e-07	-5.887448e-06	-1.085555e-09	-3.186001e+01	-1.312088e+02
7.000000e-07	-5.852826e-06	-1.082477e-09	-3.167266e+01	-1.308591e+02
7.100000e-07	-5.817697e-06	-1.078034e-09	-3.148255e+01	-1.305042e+02
7.200000e-07	-5.782226e-06	-1.075124e-09	-3.129060e+01	-1.301436e+02
7.300000e-07	-5.746557e-06	-1.071771e-09	-3.109758e+01	-1.297770e+02
7.400000e-07	-5.710676e-06	-1.068451e-09	-3.090341e+01	-1.294039e+02
7.500000e-07	-5.674349e-06	-1.067189e-09	-3.070682e+01	-1.290240e+02
7.600000e-07	-5.637542e-06	-1.064739e-09	-3.050764e+01	-1.286365e+02
7.700000e-07	-5.600415e-06	-1.059534e-09	-3.030673e+01	-1.282412e+02
7.800000e-07	-5.562941e-06	-1.054551e-09	-3.010394e+01	-1.278373e+02
7.900000e-07	-5.524972e-06	-1.049990e-09	-2.989847e+01	-1.274244e+02
8.000000e-07	-5.486498e-06	-1.045172e-09	-2.969026e+01	-1.270020e+02
8.100000e-07	-5.447595e-06	-1.040973e-09	-2.947974e+01	-1.265695e+02
8.200000e-07	-5.408321e-06	-1.036620e-09	-2.926721e+01	-1.261264e+02
8.300000e-07	-5.368830e-06	-1.032048e-09	-2.905350e+01	-1.256723e+02
8.400000e-07	-5.329163e-06	-1.028840e-09	-2.883885e+01	-1.252068e+02
8.500000e-07	-5.289205e-06	-1.025169e-09	-2.862261e+01	-1.247295e+02
8.600000e-07	-5.248915e-06	-1.019240e-09	-2.840458e+01	-1.242402e+02
8.700000e-07	-5.208237e-06	-1.012761e-09	-2.818445e+01	-1.237386e+02
8.800000e-07	-5.167114e-06	-1.007123e-09	-2.796191e+01	-1.232246e+02
8.900000e-07	-5.125376e-06	-1.001686e-09	-2.773605e+01	-1.226980e+02
9.000000e-07	-5.083000e-06	-9.959379e-10	-2.750673e+01	-1.221589e+02
9.100000e-07	-5.040047e-06	-9.900895e-10	-2.727429e+01	-1.216073e+02
9.200000e-07	-4.996649e-06	-9.846903e-10	-2.703944e+01	-1.210434e+02
9.300000e-07	-4.953047e-06	-9.800585e-10	-2.680349e+01	-1.204673e+02
9.400000e-07	-4.909209e-06	-9.758170e-10	-2.656625e+01	-1.198793e+02
9.500000e-07	-4.865024e-06	-9.704628e-10	-2.632715e+01	-1.192797e+02
9.600000e-07	-4.820491e-06	-9.639457e-10	-2.608616e+01	-1.186689e+02
9.700000e-07	-4.775655e-06	-9.570656e-10	-2.584353e+01	-1.180472e+02
9.800000e-07	-4.730635e-06	-9.497643e-10	-2.559990e+01	-1.174150e+02
9.900000e-07	-4.685297e-06	-9.435647e-10	-2.535455e+01	-1.167727e+02
1.000000e-06	-4.639498e-06	-9.387157e-10	-2.510671e+01	-1.161209e+02
1.010000e-06	-4.593332e-06	-9.337174e-10	-2.485688e+01	-1.154598e+02
1.020000e-06	-4.546949e-06	-9.287745e-10	-2.460588e+01	-1.147900e+02
1.030000e-06	-4.500276e-06	-9.235306e-10	-2.435331e+01	-1.141118e+02
1.040000e-06	-4.453241e-06	-9.173277e-10	-2.409878e+01	-1.134255e+02
1.050000e-06	-4.405871e-06	-9.117190e-10	-2.384244e+01	-1.127314e+02
1.060000e-06	-4.358174e-06	-9.067574e-10	-2.358432e+01	-1.120298e+02
1.070000e-06	-4.310293e-06	-9.011000e-10	-2.332521e+01	-1.113208e+02
1.080000e-06	-4.262211e-06	-8.945952e-10	-2.306502e+01	-1.106046e+02
1.090000e-06	-4.213729e-06	-8.876737e-10	-2.280265e+01	-1.098811e+02
1.100000e-06	-4.164759e-06	-8.810121e-10	-2.253766e+01	-1.091504e+02
1.110000e-06	-4.115417e-06	-8.745163e-10	-2.227064e+01	-1.084123e+02
1.120000e-06	-4.065715e-06	-8.677822e-10	-2.200168e+01	-1.076667e+02
1.130000e-06	-4.015631e-06	-8.609391e-10	-2.173064e+01	-1.069133e+02
1.140000e-06	-3.964948e-06	-8.546105e-10	-2.145637e+01	-1.061518e+02
1.150000e-06	-3.913792e-06	-8.488580e-10	-2.117954e+01	-1.053818e+02
1.160000e-06	-3.862403e-06	-8.420472e-10	-2.090145e+01	-1.046029e+02
1.170000e-06	-3.810789e-06	-8.343681e-10	-2.062214e+01	-1.038146e+02
1.180000e-06	-3.758913e-06	-8.268119e-10	-2.034141e+01	-1.030164e+02
1.190000e-06	-3.706673e-06	-8.196392e-10	-2.005872e+01	-1.022079e+02
1.200000e-06	-3.654187e-06	-8.129678e-10	-1.977469e+01	-1.013883e+02
1.210000e-06	-3.601411e-06	-8.064275e-10	-1.948909e+01	-1.005573e+02
1.220000e-06	-3.548328e-06	-7.991051e-10	-1.920183e+01	-9.971426e+01
1.230000e-06	-3.495029e-06	-7.908189e-10	-1.891340e+01	-9.885866e+01
1.240000e-06	-3.441588e-06	-7.828468e-10	-1.862421e+01	-9.799003e+01
1.250000e-06	-3.387941e-06	-7.759315e-10	-1.833389e+01	-9.710790e+01
1.260000e-06	-3.333973e-06	-7.681792e-10	-1.804184e+01	-9.621188e+01
1.270000e-06	-3.279637e-06	-7.591619e-10	-1.774781e+01	-9.530162e+01
1.280000e-06	-3.225079e-06	-7.509915e-10	-1.745256e+01	-9.437682e+01
1.290000e-06	-3.170380e-06	-7.434028e-10	-1.715656e+01	-9.343725e+01
1.300000e-06	-3.115448e-06	-7.360612e-10	-1.685929e+01	-9.248276e+01
1.310000e-06	-3.060410e-06	-7.285170e-10	-1.656145e+01	-9.151325e+01
1.320000e-06	-3.005220e-06	-7.205597e-10	-1.626279e+01	-9.052870e+01
1.330000e-06	-2.949756e-06	-7.120715e-10	-1.596265e+01	-8.952915e+01
1.340000e-06	-2.894148e-06	-7.026776e-10	-1.566173e+01	-8.851470e+01
1.350000e-06	-2.838415e-06	-6.936077e-10	-1.536012e+01	-8.748552e+01
1.360000e-06	-2.782524e-06	-6.849604e-10	-1.505767e+01	-8.644181e+01
1.370000e-06	-2.726531e-06	-6.763318e-10	-1.475466e+01	-8.538383e+01
1.380000e-06	-2.670406e-06	-6.680847e-10	-1.445094e+01	-8.431188e+01
1.390000e-06	-2.614211e-06	-6.596082e-10	-1.414684e+01	-8.322626e+01
1.400000e-06	-2.557683e-06	-6.505856e-10	-1.384094e+01	-8.212730e+01
1.410000e-06	-2.500850e-06	-6.414946e-10	-1.353339e+01	-8.101535e+01
1.420000e-06	-2.444035e-06	-6.328522e-10	-1.322593e+01	-7.989072e+01
1.430000e-06	-2.387073e-06	-6.239838e-10	-1.291768e+01	-7.875372e+01
1.440000e-06	-2.329757e-06	-6.138695e-10	-1.260751e+01	-7.760464e+01
1.450000e-06	-2.272042e-06	-6.032097e-10	-1.229519e+01	-7.644373e+01
1.460000e-06	-2.214069e-06	-5.927292e-10	-1.198146e+01	-7.527117e+01
1.470000e-06	-2.155814e-06	-5.823270e-10	-1.166622e+01	-7.408712e+01
1.480000e-06	-2.097189e-06	-5.726409e-10	-1.134897e+01	-7.289165e+01
1.490000e-06	-2.038331e-06	-5.633891e-10	-1.103046e+01	-7.168479e+01
1.500000e-06	-1.979357e-06	-5.536832e-10	-1.071132e+01	-7.046649e+01
1.510000e-06	-1.920265e-06	-5.433987e-10	-1.039154e+01	-6.923660e+01
1.520000e-06	-1.861026e-06	-5.331217e-10	-1.007097e+01	-6.799494e+01
1.530000e-06	-1.801582e-06	-5.233873e-10	-9.749287e+00	-6.674123e+01
1.540000e-06	-1.742060e-06	-5.132168e-10	-9.427182e+00	-6.547512e+01
1.550000e-06	-1.682487e-06	-5.025656e-10	-9.104803e+00	-6.419620e+01
1.560000e-06	-1.622829e-06	-4.920723e-10	-8.781961e+00	-6.290401e+01
1.570000e-06	-1.563139e-06	-4.815507e-10	-8.458948e+00	-6.159799e+01
1.580000e-06	-1.503340e-06	-4.709583e-10	-8.135347e+00	-6.027759e+01
1.590000e-06	-1.443424e-06	-4.598453e-10	-7.811113e+00	-5.894218e+01
1.600000e-06	-1.383461e-06	-4.485624e-10	-7.486617e+00	-5.759112e+01
1.610000e-06	-1.323484e-06	-4.376245e-10	-7.162052e+00	-5.622374e+01
1.620000e-06	-1.263488e-06	-4.266792e-10	-6.837385e+00	-5.483937e+01
1.630000e-06	-1.203447e-06	-4.157232e-10	-6.512473e+00	-5.343734e+01
1.640000e-06	-1.143290e-06	-4.041110e-10	-6.186933e+00	-5.201701e+01
1.650000e-06	-1.083037e-06	-3.918461e-10	-5.860869e+00	-5.057772e+01
1.660000e-06	-1.022728e-06	-3.798211e-10	-5.534508e+00	-4.911891e+01
1.670000e-06	-9.623896e-07	-3.686107e-10	-5.207985e+00	-4.764001e+01
1.680000e-06	-9.019998e-07	-3.573129e-10	-4.881185e+00	-4.614054e+01
1.690000e-06	-8.415242e-07	-3.443779e-10	-4.553921e+00	-4.462007e+01
1.700000e-06	-7.809829e-07	-3.314241e-10	-4.226300e+00	-4.307824e+01
1.710000e-06	-7.203437e-07	-3.198413e-10	-3.898151e+00	-4.151478e+01
1.720000e-06	-6.596160e-07	-3.080728e-10	-3.569522e+00	-3.992951e+01
1.730000e-06	-5.988622e-07	-2.954464e-10	-3.240751e+00	-3.832230e+01
1.740000e-06	-5.381169e-07	-2.827067e-10	-2.912028e+00	-3.669316e+01
1.750000e-06	-4.772977e-07	-2.699353e-10	-2.582903e+00	-3.504216e+01
1.760000e-06	-4.163499e-07	-2.566420e-10	-2.253084e+00	-3.336948e+01
1.770000e-06	-3.554275e-07	-2.425696e-10	-1.923401e+00	-3.167539e+01
1.780000e-06	-2.945498e-07	-2.281474e-10	-1.593961e+00	-2.996025e+01
1.790000e-06	-2.336681e-07	-2.140245e-10	-1.264499e+00	-2.822451e+01
1.800000e-06	-1.728278e-07	-2.000060e-10	-9.352603e-01	-2.646871e+01
1.810000e-06	-1.119497e-07	-1.858269e-10	-6.058176e-01	-2.469348e+01
1.820000e-06	-5.113267e-08	-1.712045e-10	-2.767052e-01	-2.289951e+01
1.830000e-06	9.645890e-09	-1.557709e-10	5.219887e-02	-2.108758e+01
1.840000e-06	7.051761e-08	-1.403910e-10	3.816071e-01	-1.925854e+01
1.850000e-06	1.313768e-07	-1.260702e-10	7.109475e-01	-1.741327e+01
1.860000e-06	1.922043e-07	-1.123148e-10	1.040116e+00	-1.555276e+01
1.870000e-06	2.530340e-07	-9.812860e-11	1.369297e+00	-1.367801e+01
1.880000e-06	3.138837e-07	-8.324758e-11	1.698586e+00	-1.179008e+01
1.890000e-06	3.747750e-07	-6.840507e-11	2.028100e+00	-9.890074e+00
1.900000e-06	4.356489e-07	-5.408782e-11	2.357520e+00	-7.979126e+00
1.910000e-06	4.963759e-07	-3.943941e-11	2.686145e+00	-6.058404e+00
1.920000e-06	5.570283e-07	-2.453399e-11	3.014367e+00	-4.129098e+00
1.930000e-06	6.176808e-07	-1.036300e-11	3.342589e+00	-2.192425e+00
1.940000e-06	6.782621e-07	3.584446e-12	3.670425e+00	-2.496167e-01
1.950000e-06	7.387415e-07	1.860524e-11	3.997711e+00	1.698080e+00
1.960000e-06	7.991518e-07	3.428419e-11	4.324622e+00	3.649407e+00
1.970000e-06	8.596249e-07	4.947096e-11	4.651873e+00	5.603097e+00
1.980000e-06	9.200568e-07	6.448999e-11	4.978901e+00	7.557876e+00
1.990000e-06	9.803724e-07	7.906436e-11	5.305300e+00	9.512471e+00
2.000000e-06	1.040610e-06	9.365616e-11	5.631276e+00	1.146560e+01
2.010000e-06	1.100754e-06	1.091351e-10	5.956747e+00	1.341600e+01
2.020000e-06	1.160868e-06	1.252383e-10	6.282052e+00	1.536240e+01
2.030000e-06	1.221003e-06	1.407568e-10	6.607478e+00	1.730353e+01
2.040000e-06	1.281099e-06	1.549524e-10	6.932688e+00	1.923814e+01
2.050000e-06	1.341081e-06	1.691543e-10	7.257281e+00	2.116500e+01
2.060000e-06	1.400968e-06	1.837073e-10	7.581357e+00	2.308288e+01
2.070000e-06	1.460773e-06	1.983159e-10	7.904995e+00	2.499059e+01
2.080000e-06	1.520550e-06	2.132619e-10	8.228478e+00	2.688695e+01
2.090000e-06	1.580285e-06	2.278585e-10	8.551733e+00	2.877081e+01
2.100000e-06	1.639979e-06	2.421319e-10	8.874768e+00	3.064106e+01
2.110000e-06	1.699613e-06	2.570602e-10	9.197480e+00	3.249662e+01
2.120000e-06	1.759150e-06	2.722614e-10	9.519666e+00	3.433646e+01
2.130000e-06	1.818530e-06	2.864707e-10	9.841001e+00	3.615959e+01
2.140000e-06	1.877763e-06	2.989619e-10	1.016154e+01	3.796507e+01
2.150000e-06	1.936933e-06	3.111822e-10	1.048174e+01	3.975202e+01
2.160000e-06	1.996078e-06	3.247668e-10	1.080181e+01	4.151964e+01
2.170000e-06	2.055109e-06	3.391787e-10	1.112125e+01	4.326716e+01
2.180000e-06	2.113747e-06	3.530315e-10	1.143857e+01	4.499390e+01
2.190000e-06	2.171909e-06	3.662454e-10	1.175332e+01	4.669926e+01
2.200000e-06	2.229722e-06	3.799366e-10	1.206617e+01	4.838271e+01
2.210000e-06	2.287299e-06	3.930163e-10	1.237775e+01	5.004378e+01
2.220000e-06	2.344658e-06	4.040443e-10	1.268815e+01	5.168211e+01
2.230000e-06	2.401677e-06	4.148031e-10	1.299671e+01	5.329740e+01
2.240000e-06	2.458470e-06	4.276548e-10	1.330405e+01	5.488945e+01
2.250000e-06	2.515137e-06	4.419287e-10	1.361070e+01	5.645813e+01
2.260000e-06	2.571581e-06	4.553552e-10	1.391615e+01	5.800337e+01
2.270000e-06	2.627805e-06	4.673261e-10	1.422041e+01	5.952521e+01
2.280000e-06	2.683850e-06	4.782601e-10	1.452369e+01	6.102375e+01
2.290000e-06	2.739795e-06	4.884273e-10	1.482644e+01	6.249916e+01
2.300000e-06	2.795647e-06	4.990495e-10	1.512869e+01	6.395165e+01
2.310000e-06	2.851428e-06	5.112018e-10	1.543054e+01	6.538153e+01
2.320000e-06	2.907118e-06	5.246163e-10	1.573191e+01	6.678914e+01
2.330000e-06	2.962594e-06	5.383850e-10	1.603212e+01	6.817487e+01
2.340000e-06	3.017919e-06	5.505330e-10	1.633151e+01	6.953913e+01
2.350000e-06	3.073036e-06	5.604507e-10	1.662978e+01	7.088240e+01
2.360000e-06	3.127909e-06	5.689834e-10	1.692672e+01	7.220515e+01
2.370000e-06	3.182494e-06	5.765131e-10	1.722212e+01	7.350788e+01
2.380000e-06	3.236705e-06	5.840049e-10	1.751547e+01	7.479111e+01
2.390000e-06	3.290681e-06	5.941374e-10	1.780757e+01	7.605534e+01
2.400000e-06	3.344562e-06	6.075164e-10	1.809915e+01	7.730108e+01
2.410000e-06	3.398259e-06	6.210751e-10	1.838973e+01	7.852883e+01
2.420000e-06	3.451782e-06	6.330971e-10	1.867937e+01	7.973907e+01
2.430000e-06	3.505141e-06	6.432977e-10	1.896812e+01	8.093228e+01
2.440000e-06	3.558175e-06	6.526415e-10	1.925512e+01	8.210888e+01
2.450000e-06	3.610828e-06	6.618677e-10	1.954005e+01	8.326930e+01
2.460000e-06	3.663128e-06	6.707962e-10	1.982307e+01	8.441391e+01
2.470000e-06	3.715131e-06	6.796228e-10	2.010449e+01	8.554307e+01
2.480000e-06	3.766913e-06	6.880535e-10	2.038471e+01	8.665710e+01
2.490000e-06	3.818530e-06	6.972168e-10	2.066403e+01	8.775630e+01
2.500000e-06	3.869731e-06	7.068260e-10	2.094111e+01	8.884092e+01
2.510000e-06	3.920457e-06	7.156088e-10	2.121561e+01	8.991120e+01
2.520000e-06	3.970988e-06	7.235137e-10	2.148906e+01	9.096735e+01
2.530000e-06	4.021296e-06	7.314315e-10	2.176130e+01	9.200955e+01
2.540000e-06	4.070993e-06	7.401781e-10	2.203024e+01	9.303796e+01
2.550000e-06	4.120062e-06	7.480817e-10	2.229577e+01	9.405274e+01
2.560000e-06	4.168752e-06	7.545343e-10	2.255926e+01	9.505401e+01
2.570000e-06	4.217100e-06	7.603829e-10	2.282090e+01	9.604190e+01
2.580000e-06	4.265190e-06	7.675728e-10	2.308114e+01	9.701653e+01
2.590000e-06	4.313114e-06	7.760199e-10	2.334048e+01	9.797801e+01
2.600000e-06	4.360804e-06	7.846123e-10	2.359856e+01	9.892647e+01
2.610000e-06	4.408183e-06	7.932601e-10	2.385495e+01	9.986203e+01
2.620000e-06	4.455186e-06	8.008440e-10	2.410930e+01	1.007848e+02
2.630000e-06	4.501770e-06	8.081422e-10	2.436139e+01	1.016950e+02
2.640000e-06	4.548035e-06	8.159045e-10	2.461176e+01	1.025926e+02
2.650000e-06	4.594054e-06	8.232731e-10	2.486079e+01	1.034779e+02
2.660000e-06	4.639841e-06	8.297539e-10	2.510857e+01	1.043510e+02
2.670000e-06	4.685326e-06	8.357468e-10	2.535471e+01	1.052122e+02
2.680000e-06	4.730480e-06	8.421200e-10	2.559906e+01	1.060615e+02
2.690000e-06	4.775331e-06	8.489744e-10	2.584178e+01	1.068992e+02
2.700000e-06	4.819832e-06	8.555996e-10	2.608259e+01	1.077255e+02
2.710000e-06	4.863999e-06	8.619866e-10	2.632160e+01	1.085406e+02
2.720000e-06	4.907929e-06	8.689322e-10	2.655933e+01	1.093446e+02
2.730000e-06	4.951682e-06	8.763186e-10	2.679610e+01	1.101379e+02
2.740000e-06	4.995283e-06	8.836444e-10	2.703205e+01	1.109205e+02
2.750000e-06	5.038708e-06	8.907253e-10	2.726704e+01	1.116926e+02
2.760000e-06	5.081571e-06	8.965925e-10	2.749900e+01	1.124545e+02
2.770000e-06	5.123729e-06	9.024109e-10	2.772713e+01	1.132062e+02
2.780000e-06	5.165327e-06	9.095372e-10	2.795224e+01	1.139480e+02
2.790000e-06	5.206315e-06	9.172385e-10	2.817405e+01	1.146799e+02
2.800000e-06	5.246792e-06	9.243691e-10	2.839309e+01	1.154020e+02
2.810000e-06	5.286956e-06	9.303805e-10	2.861044e+01	1.161144e+02
2.820000e-06	5.326841e-06	9.363173e-10	2.882628e+01	1.168172e+02
2.830000e-06	5.366450e-06	9.420045e-10	2.904062e+01	1.175104e+02
2.840000e-06	5.405866e-06	9.468472e-10	2.925392e+01	1.181939e+02
2.850000e-06	5.444983e-06	9.515748e-10	2.946561e+01	1.188678e+02
2.860000e-06	5.483649e-06	9.559246e-10	2.967485e+01	1.195320e+02
2.870000e-06	5.521898e-06	9.599758e-10	2.988183e+01	1.201865e+02
2.880000e-06	5.559667e-06	9.652461e-10	3.008622e+01	1.208311e+02
2.890000e-06	5.596971e-06	9.712834e-10	3.028809e+01	1.214659e+02
2.900000e-06	5.633893e-06	9.771338e-10	3.048790e+01	1.220907e+02
2.910000e-06	5.670311e-06	9.830381e-10	3.068497e+01	1.227055e+02
2.920000e-06	5.706404e-06	9.894400e-10	3.088029e+01	1.233100e+02
2.930000e-06	5.742317e-06	9.964671e-10	3.107463e+01	1.239043e+02
2.940000e-06	5.778034e-06	1.002558e-09	3.126791e+01	1.244883e+02
2.950000e-06	5.813513e-06	1.006623e-09	3.145991e+01	1.250619e+02
2.960000e-06	5.848487e-06	1.010154e-09	3.164918e+01	1.256250e+02
2.970000e-06	5.882864e-06	1.015582e-09	3.183520e+01	1.261775e+02
2.980000e-06	5.916548e-06	1.022242e-09	3.201749e+01	1.267196e+02
2.990000e-06	5.949458e-06	1.028297e-09	3.219558e+01	1.272512e+02
3.000000e-06	5.981754e-06	1.033731e-09	3.237035e+01	1.277722e+02
3.010000e-06	6.013735e-06	1.038896e-09	3.254341e+01	1.282829e+02
3.020000e-06	6.045496e-06	1.043570e-09	3.271529e+01	1.287832e+02
3.030000e-06	6.076991e-06	1.048718e-09	3.288572e+01	1.292732e+02
3.040000e-06	6.108108e-06	1.054778e-09	3.305412e+01	1.297532e+02
3.050000e-06	6.138731e-06	1.060332e-09	3.321983e+01	1.302232e+02
3.060000e-06	6.168913e-06	1.066559e-09	3.338316e+01	1.306835e+02
3.070000e-06	6.198609e-06	1.072355e-09	3.354386e+01	1.311341e+02
3.080000e-06	6.227823e-06	1.076134e-09	3.370195e+01	1.315754e+02
3.090000e-06	6.256563e-06	1.080290e-09	3.385748e+01	1.320076e+02
3.100000e-06	6.284891e-06	1.085870e-09	3.401078e+01	1.324308e+02
3.110000e-06	6.312981e-06	1.091709e-09	3.416279e+01	1.328453e+02
3.120000e-06	6.340881e-06	1.097031e-09	3.431377e+01	1.332513e+02
3.130000e-06	6.368494e-06	1.102404e-09	3.446320e+01	1.336490e+02
3.140000e-06	6.395712e-06	1.106939e-09	3.461049e+01	1.340386e+02
3.150000e-06	6.422343e-06	1.110454e-09	3.475460e+01	1.344202e+02
3.160000e-06	6.448157e-06	1.114219e-09	3.489430e+01	1.347942e+02
3.170000e-06	6.473121e-06	1.117716e-09	3.502939e+01	1.351605e+02
3.180000e-06	6.497505e-06	1.120707e-09	3.516135e+01	1.355193e+02
3.190000e-06	6.521537e-06	1.123928e-09	3.529140e+01	1.358708e+02
3.200000e-06	6.545200e-06	1.127532e-09	3.541945e+01	1.362149e+02
3.210000e-06	6.568439e-06	1.130749e-09	3.554521e+01	1.365517e+02
3.220000e-06	6.591217e-06	1.133811e-09	3.566847e+01	1.368812e+02
3.230000e-06	6.613452e-06	1.137438e-09	3.578879e+01	1.372033e+02
3.240000e-06	6.635285e-06	1.141168e-09	3.590694e+01	1.375182e+02
3.250000e-06	6.656804e-06	1.145336e-09	3.602339e+01	1.378256e+02
3.260000e-06	6.677777e-06	1.149721e-09	3.613689e+01	1.381256e+02
3.270000e-06	6.698238e-06	1.154110e-09	3.624761e+01	1.384180e+02
3.280000e-06	6.718347e-06	1.158063e-09	3.635643e+01	1.387027e+02
3.290000e-06	6.738170e-06	1.160890e-09	3.646370e+01	1.389797e+02
3.300000e-06	6.757648e-06	1.163976e-09	3.656911e+01	1.392488e+02
3.310000e-06	6.776641e-06	1.166760e-09	3.667189e+01	1.395099e+02
3.320000e-06	6.795006e-06	1.168110e-09	3.677127e+01	1.397629e+02
3.330000e-06	6.812834e-06	1.168807e-09	3.686775e+01	1.400078e+02
3.340000e-06	6.830226e-06	1.169506e-09	3.696187e+01	1.402445e+02
3.350000e-06	6.847130e-06	1.171895e-09	3.705334e+01	1.404729e+02
3.360000e-06	6.863547e-06	1.174968e-09	3.714219e+01	1.406930e+02
3.370000e-06	6.879416e-06	1.176961e-09	3.722806e+01	1.409049e+02
3.380000e-06	6.894747e-06	1.179198e-09	3.731102e+01	1.411085e+02
3.390000e-06	6.909472e-06	1.181549e-09	3.739071e+01	1.413039e+02
3.400000e-06	6.923718e-06	1.184494e-09	3.746780e+01	1.414912e+02
3.410000e-06	6.937471e-06	1.188112e-09	3.754223e+01	1.416705e+02
3.420000e-06	6.950533e-06	1.190768e-09	3.761291e+01	1.418419e+02
3.430000e-06	6.963111e-06	1.192325e-09	3.768098e+01	1.420056e+02
3.440000e-06	6.975294e-06	1.193868e-09	3.774690e+01	1.421617e+02
3.450000e-06	6.986985e-06	1.197095e-09	3.781017e+01	1.423105e+02
3.460000e-06	6.998234e-06	1.200929e-09	3.787105e+01	1.424522e+02
3.470000e-06	7.008874e-06	1.202684e-09	3.792863e+01	1.425869e+02
3.480000e-06	7.018558e-06	1.202501e-09	3.798103e+01	1.427148e+02
3.490000e-06	7.027378e-06	1.202424e-09	3.802876e+01	1.428362e+02
3.500000e-06	7.035680e-06	1.203802e-09	3.807369e+01	1.429512e+02
3.510000e-06	7.043661e-06	1.206126e-09	3.811687e+01	1.430600e+02
3.520000e-06	7.051238e-06	1.208299e-09	3.815788e+01	1.431628e+02
3.530000e-06	7.058390e-06	1.209685e-09	3.819658e+01	1.432597e+02
3.540000e-06	7.065115e-06	1.210955e-09	3.823297e+01	1.433508e+02
3.550000e-06	7.071311e-06	1.212829e-09	3.826650e+01	1.434362e+02
3.560000e-06	7.076980e-06	1.214515e-09	3.829718e+01	1.435159e+02
3.570000e-06	7.082088e-06	1.215207e-09	3.832482e+01	1.435899e+02
3.580000e-06	7.086655e-06	1.215472e-09	3.834954e+01	1.436583e+02
3.590000e-06	7.090831e-06	1.216988e-09	3.837214e+01	1.437209e+02
3.600000e-06	7.094721e-06	1.219987e-09	3.839319e+01	1.437777e+02
3.610000e-06	7.098356e-06	1.222468e-09	3.841286e+01	1.438285e+02
3.620000e-06	7.101529e-06	1.223696e-09	3.843003e+01	1.438732e+02
3.630000e-06	7.104057e-06	1.225020e-09	3.844371e+01	1.439117e+02
3.640000e-06	7.105886e-06	1.226109e-09	3.845361e+01	1.439436e+02
3.650000e-06	7.106814e-06	1.227216e-09	3.845863e+01	1.439689e+02
3.660000e-06	7.107067e-06	1.229624e-09	3.846000e+01	1.439873e+02
3.670000e-06	7.106985e-06	1.231103e-09	3.845955e+01	1.439987e+02
3.680000e-06	7.106566e-06	1.230445e-09	3.845729e+01	1.440027e+02
3.690000e-06	7.105709e-06	1.229791e-09	3.845265e+01	1.439992e+02
3.700000e-06	7.104350e-06	1.230577e-09	3.844529e+01	1.439881e+02
3.710000e-06	7.102495e-06	1.232281e-09	3.843525e+01	1.439691e+02
3.720000e-06	7.100256e-06	1.233050e-09	3.842314e+01	1.439422e+02
3.730000e-06	7.097604e-06	1.231658e-09	3.840879e+01	1.439073e+02
3.740000e-06	7.094407e-06	1.227746e-09	3.839149e+01	1.438643e+02
3.750000e-06	7.090711e-06	1.229877e-09	3.837149e+01	1.438133e+02
3.760000e-06	7.086412e-06	1.244710e-09	3.834822e+01	1.437543e+02
3.770000e-06	7.081208e-06	1.244837e-09	3.832006e+01	1.436873e+02
3.780000e-06	7.075310e-06	1.230287e-09	3.828815e+01	1.436125e+02
3.790000e-06	7.069250e-06	1.223176e-09	3.825535e+01	1.435301e+02
3.800000e-06	7.062895e-06	1.228079e-09	3.822096e+01	1.434404e+02
3.810000e-06	7.055893e-06	1.236290e-09	3.818307e+01	1.433435e+02
3.820000e-06	7.048243e-06	1.234412e-09	3.814167e+01	1.432399e+02
3.830000e-06	7.040247e-06	1.226814e-09	3.809840e+01	1.431298e+02
3.840000e-06	7.031943e-06	1.231250e-09	3.805346e+01	1.430136e+02
3.850000e-06	7.023037e-06	1.239304e-09	3.800527e+01	1.428916e+02
3.860000e-06	7.013570e-06	1.233895e-09	3.795404e+01	1.427644e+02
3.870000e-06	7.003755e-06	1.222869e-09	3.790092e+01	1.426323e+02
3.880000e-06	6.993534e-06	1.222316e-09	3.784561e+01	1.424957e+02
3.890000e-06	6.982692e-06	1.236030e-09	3.778694e+01	1.423549e+02
3.900000e-06	6.971211e-06	1.244923e-09	3.772481e+01	1.422104e+02
3.910000e-06	6.959297e-06	1.236440e-09	3.766034e+01	1.420626e+02
3.920000e-06	6.946900e-06	1.219495e-09	3.759325e+01	1.419116e+02
3.930000e-06	6.933634e-06	1.219926e-09	3.752146e+01	1.417578e+02
3.940000e-06	6.919537e-06	1.231418e-09	3.744518e+01	1.416015e+02
3.950000e-06	6.904899e-06	1.227394e-09	3.736596e+01	1.414427e+02
3.960000e-06	6.889688e-06	1.214927e-09	3.728365e+01	1.412817e+02
3.970000e-06	6.873925e-06	1.224934e-09	3.719835e+01	1.411185e+02
3.980000e-06	6.857802e-06	1.240194e-09	3.711110e+01	1.409532e+02
3.990000e-06	6.841264e-06	1.222956e-09	3.702160e+01	1.407856e+02
4.000000e-06	6.824132e-06	1.207330e-09	3.692889e+01	1.406158e+02
4.010000e-06	6.806562e-06	1.225683e-09	3.683381e+01	1.404436e+02
4.020000e-06	6.788638e-06	1.233891e-09	3.673682e+01	1.402689e+02
4.030000e-06	6.770231e-06	1.213245e-09	3.663720e+01	1.400913e+02
4.040000e-06	6.751265e-06	1.215964e-09	3.653457e+01	1.399107e+02
4.050000e-06	6.731817e-06	1.235527e-09	3.642933e+01	1.397268e+02
4.060000e-06	6.712014e-06	1.216575e-09	3.632216e+01	1.395393e+02
4.070000e-06	6.691891e-06	1.198188e-09	3.621327e+01	1.393479e+02
4.080000e-06	6.671370e-06	1.221740e-09	3.610222e+01	1.391522e+02
4.090000e-06	6.650315e-06	1.226507e-09	3.598828e+01	1.389520e+02
4.100000e-06	6.628591e-06	1.200144e-09	3.587072e+01	1.387470e+02
4.110000e-06	6.606022e-06	1.208527e-09	3.574858e+01	1.385369e+02
4.120000e-06	6.582769e-06	1.227055e-09	3.562275e+01	1.383213e+02
4.130000e-06	6.559123e-06	1.202071e-09	3.549479e+01	1.381002e+02
4.140000e-06	6.535119e-06	1.191082e-09	3.536489e+01	1.378732e+02
4.150000e-06	6.510746e-06	1.217523e-09	3.523300e+01	1.376403e+02
4.160000e-06	6.485966e-06	1.211955e-09	3.509890e+01	1.374013e+02
4.170000e-06	6.460692e-06	1.189590e-09	3.496213e+01	1.371561e+02
4.180000e-06	6.434954e-06	1.203152e-09	3.482285e+01	1.369048e+02
4.190000e-06	6.408726e-06	1.206902e-09	3.468091e+01	1.366473e+02
4.200000e-06	6.381968e-06	1.185921e-09	3.453612e+01	1.363838e+02
4.210000e-06	6.354756e-06	1.191677e-09	3.438886e+01	1.361142e+02
4.220000e-06	6.327221e-06	1.202292e-09	3.423985e+01	1.358388e+02
4.230000e-06	6.299434e-06	1.187058e-09	3.408948e+01	1.355576e+02
4.240000e-06	6.271366e-06	1.184982e-09	3.393759e+01	1.352709e+02
4.250000e-06	6.242913e-06	1.195994e-09	3.378362e+01	1.349789e+02
4.260000e-06	6.213906e-06	1.186229e-09	3.362664e+01	1.346816e+02
4.270000e-06	6.184214e-06	1.177572e-09	3.346596e+01	1.343794e+02
4.280000e-06	6.153778e-06	1.184806e-09	3.330126e+01	1.340724e+02
4.290000e-06	6.122737e-06	1.183836e-09	3.313328e+01	1.337607e+02
4.300000e-06	6.091237e-06	1.178434e-09	3.296282e+01	1.334444e+02
4.310000e-06	6.059344e-06	1.179829e-09	3.279023e+01	1.331238e+02
4.320000e-06	6.027101e-06	1.174738e-09	3.261574e+01	1.327987e+02
4.330000e-06	5.994540e-06	1.167294e-09	3.243954e+01	1.324693e+02
4.340000e-06	5.961509e-06	1.167885e-09	3.226079e+01	1.321354e+02
4.350000e-06	5.927994e-06	1.167511e-09	3.207943e+01	1.317971e+02
4.360000e-06	5.894143e-06	1.164773e-09	3.189624e+01	1.314540e+02
4.370000e-06	5.859958e-06	1.163730e-09	3.171125e+01	1.311060e+02
4.380000e-06	5.825365e-06	1.160784e-09	3.152405e+01	1.307528e+02
4.390000e-06	5.790283e-06	1.158107e-09	3.133420e+01	1.303942e+02
4.400000e-06	5.754798e-06	1.156499e-09	3.114217e+01	1.300296e+02
4.410000e-06	5.718995e-06	1.151501e-09	3.094843e+01	1.296588e+02
4.420000e-06	5.682970e-06	1.147849e-09	3.075348e+01	1.292812e+02
4.430000e-06	5.646673e-06	1.148108e-09	3.055706e+01	1.288963e+02
4.440000e-06	5.609968e-06	1.146055e-09	3.035842e+01	1.285037e+02
4.450000e-06	5.572833e-06	1.142200e-09	3.015747e+01	1.281027e+02
4.460000e-06	5.535083e-06	1.140493e-09	2.995318e+01	1.276929e+02
4.470000e-06	5.496568e-06	1.136811e-09	2.974476e+01	1.272737e+02
4.480000e-06	5.457353e-06	1.131924e-09	2.953254e+01	1.268446e+02
4.490000e-06	5.417657e-06	1.130370e-09	2.931773e+01	1.264051e+02
4.500000e-06	5.377716e-06	1.127793e-09	2.910159e+01	1.259548e+02
4.510000e-06	5.337561e-06	1.121752e-09	2.888429e+01	1.254931e+02
4.520000e-06	5.297032e-06	1.117269e-09	2.866497e+01	1.250198e+02
4.530000e-06	5.256172e-06	1.115957e-09	2.844385e+01	1.245345e+02
4.540000e-06	5.215039e-06	1.114211e-09	2.822126e+01	1.240371e+02
4.550000e-06	5.173535e-06	1.110969e-09	2.799666e+01	1.235272e+02
4.560000e-06	5.131653e-06	1.107362e-09	2.777002e+01	1.230048e+02
4.570000e-06	5.089403e-06	1.102804e-09	2.754138e+01	1.224699e+02
4.580000e-06	5.046851e-06	1.097916e-09	2.731111e+01	1.219225e+02
4.590000e-06	5.003977e-06	1.092767e-09	2.707909e+01	1.213627e+02
4.600000e-06	4.960715e-06	1.086576e-09	2.684498e+01	1.207906e+02
4.610000e-06	4.917133e-06	1.081406e-09	2.660914e+01	1.202066e+02
4.620000e-06	4.873309e-06	1.079352e-09	2.637198e+01	1.196108e+02
4.630000e-06	4.829311e-06	1.078110e-09	2.613389e+01	1.190037e+02
4.640000e-06	4.785081e-06	1.073397e-09	2.589454e+01	1.183855e+02
4.650000e-06	4.740433e-06	1.065589e-09	2.565292e+01	1.177568e+02
4.660000e-06	4.695368e-06	1.057238e-09	2.540905e+01	1.171178e+02
4.670000e-06	4.650050e-06	1.050279e-09	2.516382e+01	1.164692e+02
4.680000e-06	4.604459e-06	1.045177e-09	2.491710e+01	1.158111e+02
4.690000e-06	4.558426e-06	1.040291e-09	2.466799e+01	1.151442e+02
4.700000e-06	4.511975e-06	1.035398e-09	2.441662e+01	1.144688e+02
4.710000e-06	4.465203e-06	1.031086e-09	2.416351e+01	1.137851e+02
4.720000e-06	4.418179e-06	1.026524e-09	2.390904e+01	1.130936e+02
4.730000e-06	4.370946e-06	1.019726e-09	2.365344e+01	1.123945e+02
4.740000e-06	4.323417e-06	1.011752e-09	2.339624e+01	1.116880e+02
4.750000e-06	4.275353e-06	1.006027e-09	2.313613e+01	1.109741e+02
4.760000e-06	4.226874e-06	1.001935e-09	2.287379e+01	1.102531e+02
4.770000e-06	4.178150e-06	9.978575e-10	2.261012e+01	1.095248e+02
4.780000e-06	4.129010e-06	9.937099e-10	2.234420e+01	1.087892e+02
4.790000e-06	4.079649e-06	9.879105e-10	2.207708e+01	1.080461e+02
4.800000e-06	4.030078e-06	9.795832e-10	2.180883e+01	1.072954e+02
4.810000e-06	3.980095e-06	9.721599e-10	2.153834e+01	1.065366e+02
4.820000e-06	3.929698e-06	9.666320e-10	2.126562e+01	1.057695e+02
4.830000e-06	3.878963e-06	9.602752e-10	2.099107e+01	1.049936e+02
4.840000e-06	3.828049e-06	9.525095e-10	2.071554e+01	1.042085e+02
4.850000e-06	3.776815e-06	9.448389e-10	2.043829e+01	1.034137e+02
4.860000e-06	3.725261e-06	9.377745e-10	2.015930e+01	1.026087e+02
4.870000e-06	3.673469e-06	9.312834e-10	1.987903e+01	1.017929e+02
4.880000e-06	3.621428e-06	9.251000e-10	1.959741e+01	1.009657e+02
4.890000e-06	3.569143e-06	9.182236e-10	1.931447e+01	1.001268e+02
4.900000e-06	3.516511e-06	9.114487e-10	1.902965e+01	9.927541e+01
4.910000e-06	3.463489e-06	9.052846e-10	1.874272e+01	9.841118e+01
4.920000e-06	3.410160e-06	8.979770e-10	1.845413e+01	9.753361e+01
4.930000e-06	3.356468e-06	8.892061e-10	1.816358e+01	9.664227e+01
4.940000e-06	3.302474e-06	8.804293e-10	1.787139e+01	9.573680e+01
4.950000e-06	3.248250e-06	8.720631e-10	1.757795e+01	9.481688e+01
4.960000e-06	3.193561e-06	8.639808e-10	1.728200e+01	9.388226e+01
4.970000e-06	3.138504e-06	8.559522e-10	1.698406e+01	9.293277e+01
4.980000e-06	3.083193e-06	8.473725e-10	1.668475e+01	9.196828e+01
4.990000e-06	3.027563e-06	8.381084e-10	1.638370e+01	9.098875e+01
5.000000e-06	2.971734e-06	8.288049e-10	1.608158e+01	8.999419e+01
5.010000e-06	2.915785e-06	8.192509e-10	1.577881e+01	8.898470e+01
5.020000e-06	2.859626e-06	8.098001e-10	1.547491e+01	8.796042e+01
5.030000e-06	2.803281e-06	8.006254e-10	1.517000e+01	8.692153e+01
5.040000e-06	2.746818e-06	7.921120e-10	1.486445e+01	8.586829e+01
5.050000e-06	2.690200e-06	7.846465e-10	1.455806e+01	8.480096e+01
5.060000e-06	2.633447e-06	7.767387e-10	1.425094e+01	8.371987e+01
5.070000e-06	2.576621e-06	7.672608e-10	1.394342e+01	8.262533e+01
5.080000e-06	2.519608e-06	7.567389e-10	1.363490e+01	8.151768e+01
5.090000e-06	2.462360e-06	7.463974e-10	1.332510e+01	8.039724e+01
5.100000e-06	2.404975e-06	7.364122e-10	1.301456e+01	7.926434e+01
5.110000e-06	2.347428e-06	7.264950e-10	1.270314e+01	7.811927e+01
5.120000e-06	2.289668e-06	7.162976e-10	1.239057e+01	7.696228e+01
5.130000e-06	2.231736e-06	7.051904e-10	1.207707e+01	7.579359e+01
5.140000e-06	2.173638e-06	6.934130e-10	1.176267e+01	7.461337e+01
5.150000e-06	2.115386e-06	6.819886e-10	1.144745e+01	7.342171e+01
5.160000e-06	2.056966e-06	6.709147e-10	1.113130e+01	7.221866e+01
5.170000e-06	1.998375e-06	6.601236e-10	1.081424e+01	7.100418e+01
5.180000e-06	1.939679e-06	6.499985e-10	1.049660e+01	6.977818e+01
5.190000e-06	1.880800e-06	6.396814e-10	1.017798e+01	6.854048e+01
5.200000e-06	1.821774e-06	6.287044e-10	9.858558e+00	6.729083e+01
5.210000e-06	1.762648e-06	6.169501e-10	9.538598e+00	6.602890e+01
5.220000e-06	1.703417e-06	6.051739e-10	9.218068e+00	6.475431e+01
5.230000e-06	1.644147e-06	5.938410e-10	8.897325e+00	6.346660e+01
5.240000e-06	1.584725e-06	5.823707e-10	8.575761e+00	6.216527e+01
5.250000e-06	1.525081e-06	5.708862e-10	8.252999e+00	6.084973e+01
5.260000e-06	1.465276e-06	5.592451e-10	7.929360e+00	5.951940e+01
5.270000e-06	1.405467e-06	5.473204e-10	7.605704e+00	5.817364e+01
5.280000e-06	1.345683e-06	5.343390e-10	7.282185e+00	5.681178e+01
5.290000e-06	1.285741e-06	5.195501e-10	6.957805e+00	5.543316e+01
5.300000e-06	1.225761e-06	5.045050e-10	6.633224e+00	5.403710e+01
5.310000e-06	1.165788e-06	4.911776e-10	6.308680e+00	5.262294e+01
5.320000e-06	1.105692e-06	4.790796e-10	5.983470e+00	5.119005e+01
5.330000e-06	1.045576e-06	4.670806e-10	5.658151e+00	4.973781e+01
5.340000e-06	9.854068e-07	4.547894e-10	5.332544e+00	4.826567e+01
5.350000e-06	9.251393e-07	4.415256e-10	5.006405e+00	4.677312e+01
5.360000e-06	8.649082e-07	4.265805e-10	4.680463e+00	4.525970e+01
5.370000e-06	8.046886e-07	4.113383e-10	4.354584e+00	4.372503e+01
5.380000e-06	7.444597e-07	3.972844e-10	4.028655e+00	4.216882e+01
5.390000e-06	6.841539e-07	3.830897e-10	3.702309e+00	4.059083e+01
5.400000e-06	6.237699e-07	3.682288e-10	3.375540e+00	3.899095e+01
5.410000e-06	5.633493e-07	3.532431e-10	3.048573e+00	3.736912e+01
5.420000e-06	5.028698e-07	3.386084e-10	2.721287e+00	3.572540e+01
5.430000e-06	4.423505e-07	3.244128e-10	2.393786e+00	3.405993e+01
5.440000e-06	3.817403e-07	3.092098e-10	2.065793e+00	3.237295e+01
5.450000e-06	3.211325e-07	2.927511e-10	1.737813e+00	3.066479e+01
5.460000e-06	2.605433e-07	2.762432e-10	1.409934e+00	2.893587e+01
5.470000e-06	1.999152e-07	2.597244e-10	1.081844e+00	2.718670e+01
5.480000e-06	1.393179e-07	2.434626e-10	7.539211e-01	2.541788e+01
5.490000e-06	7.875659e-08	2.276336e-10	4.261925e-01	2.363008e+01
5.500000e-06	1.821491e-08	2.109420e-10	9.857023e-02	2.182405e+01
5.510000e-06	-4.233472e-08	1.933524e-10	-2.290950e-01	2.000062e+01
5.520000e-06	-1.028529e-07	1.758572e-10	-5.565900e-01	1.816067e+01
5.530000e-06	-1.633098e-07	1.584237e-10	-8.837533e-01	1.630513e+01
5.540000e-06	-2.238472e-07	1.415030e-10	-1.211352e+00	1.443502e+01
5.550000e-06	-2.844876e-07	1.251207e-10	-1.539509e+00	1.255137e+01
5.560000e-06	-3.450633e-07	1.081398e-10	-1.867315e+00	1.065527e+01
5.570000e-06	-4.056210e-07	9.061110e-11	-2.195024e+00	8.747849e+00
5.580000e-06	-4.662115e-07	7.248842e-11	-2.522910e+00	6.830261e+00
5.590000e-06	-5.267078e-07	5.399082e-11	-2.850287e+00	4.903690e+00
5.600000e-06	-5.871219e-07	3.620798e-11	-3.177219e+00	2.969343e+00
5.610000e-06	-6.474550e-07	1.860151e-11	-3.503712e+00	1.028449e+00
5.620000e-06	-7.077333e-07	4.632454e-13	-3.829909e+00	-9.177508e-01
5.630000e-06	-7.679813e-07	-1.812636e-11	-4.155942e+00	-2.868001e+00
5.640000e-06	-8.281686e-07	-3.724786e-11	-4.481647e+00	-4.821037e+00
5.650000e-06	-8.883957e-07	-5.686903e-11	-4.807566e+00	-6.775588e+00
5.660000e-06	-9.486738e-07	-7.605922e-11	-5.133762e+00	-8.730379e+00
5.670000e-06	-1.008923e-06	-9.391078e-11	-5.459803e+00	-1.068413e+01
5.680000e-06	-1.069075e-06	-1.106939e-10	-5.785317e+00	-1.263558e+01
5.690000e-06	-1.129178e-06	-1.278281e-10	-6.110565e+00	-1.458344e+01
5.700000e-06	-1.189275e-06	-1.464536e-10	-6.435777e+00	-1.652646e+01
5.710000e-06	-1.249259e-06	-1.646018e-10	-6.760381e+00	-1.846338e+01
5.720000e-06	-1.309101e-06	-1.816182e-10	-7.084221e+00	-2.039295e+01
5.730000e-06	-1.368864e-06	-1.988552e-10	-7.407626e+00	-2.231395e+01
5.740000e-06	-1.428619e-06	-2.159173e-10	-7.730993e+00	-2.422518e+01
5.750000e-06	-1.488286e-06	-2.334506e-10	-8.053879e+00	-2.612544e+01
5.760000e-06	-1.547751e-06	-2.517790e-10	-8.375675e+00	-2.801359e+01
5.770000e-06	-1.607088e-06	-2.695906e-10	-8.696779e+00	-2.988849e+01
5.780000e-06	-1.666372e-06	-2.872934e-10	-9.017596e+00	-3.174906e+01
5.790000e-06	-1.725565e-06	-3.058952e-10	-9.337923e+00	-3.359424e+01
5.800000e-06	-1.784559e-06	-3.251507e-10	-9.657168e+00	-3.542304e+01
5.810000e-06	-1.843366e-06	-3.430296e-10	-9.975403e+00	-3.723449e+01
5.820000e-06	-1.902093e-06	-3.584057e-10	-1.029321e+01	-3.902771e+01
5.830000e-06	-1.960753e-06	-3.741857e-10	-1.061064e+01	-4.080185e+01
5.840000e-06	-2.019299e-06	-3.920824e-10	-1.092746e+01	-4.255614e+01
5.850000e-06	-2.077673e-06	-4.094783e-10	-1.124336e+01	-4.428988e+01
5.860000e-06	-2.135861e-06	-4.247548e-10	-1.155824e+01	-4.600242e+01
5.870000e-06	-2.193898e-06	-4.394388e-10	-1.187231e+01	-4.769322e+01
5.880000e-06	-2.251719e-06	-4.543535e-10	-1.218521e+01	-4.936178e+01
5.890000e-06	-2.309369e-06	-4.688523e-10	-1.249719e+01	-5.100773e+01
5.900000e-06	-2.366886e-06	-4.834484e-10	-1.280844e+01	-5.263072e+01
5.910000e-06	-2.424092e-06	-4.982107e-10	-1.311801e+01	-5.423053e+01
5.920000e-06	-2.480999e-06	-5.123270e-10	-1.342596e+01	-5.580700e+01
5.930000e-06	-2.537778e-06	-5.270484e-10	-1.373322e+01	-5.736004e+01
5.940000e-06	-2.594497e-06	-5.434678e-10	-1.404016e+01	-5.888967e+01
5.950000e-06	-2.651096e-06	-5.597626e-10	-1.434645e+01	-6.039596e+01
5.960000e-06	-2.707569e-06	-5.739016e-10	-1.465205e+01	-6.187904e+01
5.970000e-06	-2.763934e-06	-5.868777e-10	-1.495707e+01	-6.333914e+01
5.980000e-06	-2.820212e-06	-6.002574e-10	-1.526162e+01	-6.477652e+01
5.990000e-06	-2.876410e-06	-6.138500e-10	-1.556574e+01	-6.619150e+01
6.000000e-06	-2.932424e-06	-6.266137e-10	-1.586885e+01	-6.758447e+01
6.010000e-06	-2.988148e-06	-6.382830e-10	-1.617041e+01	-6.895583e+01
6.020000e-06	-3.043670e-06	-6.494147e-10	-1.647087e+01	-7.030604e+01
6.030000e-06	-3.098955e-06	-6.611924e-10	-1.677004e+01	-7.163557e+01
6.040000e-06	-3.153863e-06	-6.740897e-10	-1.706718e+01	-7.294491e+01
6.050000e-06	-3.208564e-06	-6.867907e-10	-1.736319e+01	-7.423457e+01
6.060000e-06	-3.262981e-06	-6.983184e-10	-1.765767e+01	-7.550507e+01
6.070000e-06	-3.316838e-06	-7.086378e-10	-1.794912e+01	-7.675691e+01
6.080000e-06	-3.370282e-06	-7.199523e-10	-1.823833e+01	-7.799059e+01
6.090000e-06	-3.423390e-06	-7.330827e-10	-1.852573e+01	-7.920661e+01
6.100000e-06	-3.476207e-06	-7.451805e-10	-1.881155e+01	-8.040544e+01
6.110000e-06	-3.528840e-06	-7.550056e-10	-1.909637e+01	-8.158752e+01
6.120000e-06	-3.581231e-06	-7.647680e-10	-1.937988e+01	-8.275328e+01
6.130000e-06	-3.633302e-06	-7.753625e-10	-1.966167e+01	-8.390311e+01
6.140000e-06	-3.685033e-06	-7.855803e-10	-1.994161e+01	-8.503738e+01
6.150000e-06	-3.736504e-06	-7.956153e-10	-2.022015e+01	-8.615641e+01
6.160000e-06	-3.787740e-06	-8.052811e-10	-2.049741e+01	-8.726052e+01
6.170000e-06	-3.838636e-06	-8.149719e-10	-2.077284e+01	-8.834997e+01
6.180000e-06	-3.889186e-06	-8.252517e-10	-2.104638e+01	-8.942500e+01
6.190000e-06	-3.939474e-06	-8.349053e-10	-2.131852e+01	-9.048583e+01
6.200000e-06	-3.989525e-06	-8.433146e-10	-2.158937e+01	-9.153265e+01
6.210000e-06	-4.039320e-06	-8.507591e-10	-2.185884e+01	-9.256563e+01
6.220000e-06	-4.088711e-06	-8.587212e-10	-2.212612e+01	-9.358493e+01
6.230000e-06	-4.137566e-06	-8.674981e-10	-2.239050e+01	-9.459068e+01
6.240000e-06	-4.185930e-06	-8.761986e-10	-2.265222e+01	-9.558301e+01
6.250000e-06	-4.233992e-06	-8.849624e-10	-2.291231e+01	-9.656204e+01
6.260000e-06	-4.281719e-06	-8.931539e-10	-2.317058e+01	-9.752789e+01
6.270000e-06	-4.328971e-06	-9.014079e-10	-2.342629e+01	-9.848067e+01
6.280000e-06	-4.375898e-06	-9.106881e-10	-2.368023e+01	-9.942051e+01
6.290000e-06	-4.422646e-06	-9.196975e-10	-2.393321e+01	-1.003475e+02
6.300000e-06	-4.469187e-06	-9.274892e-10	-2.418507e+01	-1.012619e+02
6.310000e-06	-4.515368e-06	-9.350179e-10	-2.443498e+01	-1.021636e+02
6.320000e-06	-4.561194e-06	-9.432819e-10	-2.468297e+01	-1.030530e+02
6.330000e-06	-4.606717e-06	-9.518047e-10	-2.492932e+01	-1.039302e+02
6.340000e-06	-4.651950e-06	-9.595763e-10	-2.517409e+01	-1.047953e+02
6.350000e-06	-4.696783e-06	-9.664162e-10	-2.541671e+01	-1.056486e+02
6.360000e-06	-4.741225e-06	-9.729077e-10	-2.565721e+01	-1.064901e+02
6.370000e-06	-4.785569e-06	-9.796225e-10	-2.589718e+01	-1.073202e+02
6.380000e-06	-4.829848e-06	-9.870166e-10	-2.613679e+01	-1.081390e+02
6.390000e-06	-4.873959e-06	-9.944012e-10	-2.637550e+01	-1.089467e+02
6.400000e-06	-4.917761e-06	-1.000532e-09	-2.661253e+01	-1.097435e+02
6.410000e-06	-4.961093e-06	-1.006343e-09	-2.684703e+01	-1.105296e+02
6.420000e-06	-5.004049e-06	-1.013632e-09	-2.707949e+01	-1.113052e+02
6.430000e-06	-5.046670e-06	-1.021831e-09	-2.731013e+01	-1.120705e+02
6.440000e-06	-5.088969e-06	-1.028673e-09	-2.753903e+01	-1.128256e+02
6.450000e-06	-5.130951e-06	-1.034370e-09	-2.776622e+01	-1.135706e+02
6.460000e-06	-5.172473e-06	-1.040960e-09	-2.799092e+01	-1.143058e+02
6.470000e-06	-5.213536e-06	-1.048518e-09	-2.821312e+01	-1.150312e+02
6.480000e-06	-5.254253e-06	-1.055598e-09	-2.843347e+01	-1.157468e+02
6.490000e-06	-5.294720e-06	-1.061370e-09	-2.865245e+01	-1.164528e+02
6.500000e-06	-5.334917e-06	-1.066210e-09	-2.886998e+01	-1.171491e+02
6.510000e-06	-5.374881e-06	-1.071554e-09	-2.908625e+01	-1.178359e+02
6.520000e-06	-5.414703e-06	-1.078220e-09	-2.930174e+01	-1.185130e+02
6.530000e-06	-5.454131e-06	-1.084035e-09	-2.951511e+01	-1.191804e+02
6.540000e-06	-5.492805e-06	-1.088662e-09	-2.972440e+01	-1.198381e+02
6.550000e-06	-5.531025e-06	-1.093807e-09	-2.993122e+01	-1.204861e+02
6.560000e-06	-5.568703e-06	-1.099436e-09	-3.013512e+01	-1.211241e+02
6.570000e-06	-5.605625e-06	-1.104926e-09	-3.033492e+01	-1.217523e+02
6.580000e-06	-5.642159e-06	-1.110266e-09	-3.053263e+01	-1.223704e+02
6.590000e-06	-5.678441e-06	-1.115238e-09	-3.072897e+01	-1.229783e+02
6.600000e-06	-5.714479e-06	-1.120517e-09	-3.092399e+01	-1.235761e+02
6.610000e-06	-5.750162e-06	-1.125367e-09	-3.111708e+01	-1.241635e+02
6.620000e-06	-5.785430e-06	-1.128978e-09	-3.130794e+01	-1.247405e+02
6.630000e-06	-5.820276e-06	-1.132444e-09	-3.149651e+01	-1.253071e+02
6.640000e-06	-5.854764e-06	-1.135386e-09	-3.168314e+01	-1.258632e+02
6.650000e-06	-5.888803e-06	-1.138807e-09	-3.186734e+01	-1.264087e+02
6.660000e-06	-5.922345e-06	-1.143984e-09	-3.204886e+01	-1.269438e+02
6.670000e-06	-5.955507e-06	-1.149578e-09	-3.222831e+01	-1.274683e+02
6.680000e-06	-5.988292e-06	-1.153782e-09	-3.240573e+01	-1.279824e+02
6.690000e-06	-6.020765e-06	-1.156943e-09	-3.258146e+01	-1.284862e+02
6.700000e-06	-6.052892e-06	-1.160188e-09	-3.275531e+01	-1.289796e+02
6.710000e-06	-6.084617e-06	-1.163037e-09	-3.292699e+01	-1.294629e+02
6.720000e-06	-6.115923e-06	-1.165323e-09	-3.309641e+01	-1.299362e+02
6.730000e-06	-6.146609e-06	-1.168510e-09	-3.326247e+01	-1.303997e+02
6.740000e-06	-6.176602e-06	-1.172224e-09	-3.342477e+01	-1.308536e+02
6.750000e-06	-6.205970e-06	-1.176238e-09	-3.358370e+01	-1.312980e+02
6.760000e-06	-6.234702e-06	-1.180348e-09	-3.373918e+01	-1.317331e+02
6.770000e-06	-6.263002e-06	-1.183285e-09	-3.389233e+01	-1.321593e+02
6.780000e-06	-6.291110e-06	-1.185138e-09	-3.404443e+01	-1.325766e+02
6.790000e-06	-6.319017e-06	-1.186517e-09	-3.419545e+01	-1.329854e+02
6.800000e-06	-6.346468e-06	-1.188807e-09	-3.434401e+01	-1.333859e+02
6.810000e-06	-6.373279e-06	-1.192294e-09	-3.448910e+01	-1.337781e+02
6.820000e-06	-6.399654e-06	-1.194704e-09	-3.463182e+01	-1.341624e+02
6.830000e-06	-6.425619e-06	-1.196479e-09	-3.477233e+01	-1.345389e+02
6.840000e-06	-6.451055e-06	-1.199360e-09	-3.490998e+01	-1.349078e+02
6.850000e-06	-6.475958e-06	-1.201833e-09	-3.504474e+01	-1.352691e+02
6.860000e-06	-6.500431e-06	-1.203726e-09	-3.517718e+01	-1.356229e+02
6.870000e-06	-6.524679e-06	-1.205067e-09	-3.530840e+01	-1.359695e+02
6.880000e-06	-6.548734e-06	-1.206844e-09	-3.543857e+01	-1.363087e+02
6.890000e-06	-6.572511e-06	-1.210006e-09	-3.556724e+01	-1.366406e+02
6.900000e-06	-6.595634e-06	-1.212178e-09	-3.569237e+01	-1.369652e+02
6.910000e-06	-6.617944e-06	-1.212696e-09	-3.581310e+01	-1.372825e+02
6.920000e-06	-6.639562e-06	-1.213621e-09	-3.593009e+01	-1.375924e+02
6.930000e-06	-6.660507e-06	-1.215773e-09	-3.604343e+01	-1.378949e+02
6.940000e-06	-6.681030e-06	-1.217661e-09	-3.615449e+01	-1.381898e+02
6.950000e-06	-6.701349e-06	-1.219547e-09	-3.626445e+01	-1.384771e+02
6.960000e-06	-6.721267e-06	-1.222036e-09	-3.637224e+01	-1.387567e+02
6.970000e-06	-6.740593e-06	-1.223611e-09	-3.647682e+01	-1.390284e+02
6.980000e-06	-6.759482e-06	-1.224030e-09	-3.657904e+01	-1.392922e+02
6.990000e-06	-6.778030e-06	-1.224927e-09	-3.667941e+01	-1.395479e+02
7.000000e-06	-6.796198e-06	-1.227039e-09	-3.677773e+01	-1.397955e+02
7.010000e-06	-6.813864e-06	-1.229873e-09	-3.687333e+01	-1.400349e+02
7.020000e-06	-6.830871e-06	-1.232595e-09	-3.696536e+01	-1.402661e+02
7.030000e-06	-6.847330e-06	-1.233296e-09	-3.705443e+01	-1.404889e+02
7.040000e-06	-6.863586e-06	-1.232566e-09	-3.714239e+01	-1.407036e+02
7.050000e-06	-6.879609e-06	-1.231915e-09	-3.722910e+01	-1.409099e+02
7.060000e-06	-6.895033e-06	-1.231911e-09	-3.731257e+01	-1.411080e+02
7.070000e-06	-6.909725e-06	-1.233031e-09	-3.739208e+01	-1.412980e+02
7.080000e-06	-6.923550e-06	-1.234773e-09	-3.746689e+01	-1.414799e+02
7.090000e-06	-6.936565e-06	-1.237236e-09	-3.753732e+01	-1.416539e+02
7.100000e-06	-6.949090e-06	-1.239752e-09	-3.760510e+01	-1.418202e+02
7.110000e-06	-6.961097e-06	-1.240516e-09	-3.767008e+01	-1.419788e+02
7.120000e-06	-6.972501e-06	-1.239960e-09	-3.773179e+01	-1.421301e+02
7.130000e-06	-6.983437e-06	-1.240521e-09	-3.779097e+01	-1.422741e+02
7.140000e-06	-6.993895e-06	-1.241782e-09	-3.784757e+01	-1.424110e+02
7.150000e-06	-7.003941e-06	-1.242724e-09	-3.790193e+01	-1.425412e+02
7.160000e-06	-7.013513e-06	-1.244129e-09	-3.795373e+01	-1.426647e+02
7.170000e-06	-7.022479e-06	-1.245317e-09	-3.800225e+01	-1.427818e+02
7.180000e-06	-7.031077e-06	-1.245331e-09	-3.804878e+01	-1.428927e+02
7.190000e-06	-7.039431e-06	-1.244414e-09	-3.809399e+01	-1.429975e+02
7.200000e-06	-7.047401e-06	-1.243786e-09	-3.813711e+01	-1.430963e+02
7.210000e-06	-7.054851e-06	-1.243138e-09	-3.817743e+01	-1.431893e+02
7.220000e-06	-7.061523e-06	-1.240926e-09	-3.821354e+01	-1.432766e+02
7.230000e-06	-7.067440e-06	-1.238862e-09	-3.824555e+01	-1.433582e+02
7.240000e-06	-7.072727e-06	-1.238150e-09	-3.827417e+01	-1.434341e+02
7.250000e-06	-7.077429e-06	-1.237700e-09	-3.829961e+01	-1.435044e+02
7.260000e-06	-7.081735e-06	-1.238485e-09	-3.832291e+01	-1.435689e+02
7.270000e-06	-7.085696e-06	-1.239500e-09	-3.834435e+01	-1.436276e+02
7.280000e-06	-7.089212e-06	-1.239404e-09	-3.836338e+01	-1.436805e+02
7.290000e-06	-7.092232e-06	-1.239280e-09	-3.837972e+01	-1.437272e+02
7.300000e-06	-7.094831e-06	-1.238238e-09	-3.839378e+01	-1.437678e+02
7.310000e-06	-7.097049e-06	-1.236886e-09	-3.840578e+01	-1.438019e+02
7.320000e-06	-7.098809e-06	-1.235651e-09	-3.841531e+01	-1.438294e+02
7.330000e-06	-7.100054e-06	-1.234644e-09	-3.842205e+01	-1.438502e+02
7.340000e-06	-7.100878e-06	-1.234969e-09	-3.842650e+01	-1.438639e+02
