# Temperatura_=_20.0
# Concentracion g/m^3_=_7400.0
# C_Vs_to_Am_M_A/Vsm_=_116720831517.84952
# pendiente_HvsI_1/m_=_3716.3
# ordenada_HvsI_A/m_=_1297.0
# frecuencia_Hz_=_136108.86195882602

Tiempo_(s)	Campo_(V.s)	Magnetizacion_(V.s)	Campo_(kA/m)	Magnetizacion_(A/m)
0.000000e+00	-7.126394e-06	-1.495050e-09	-3.842140e+01	-1.734469e+02
1.000000e-08	-7.126640e-06	-1.494267e-09	-3.842272e+01	-1.734437e+02
2.000000e-08	-7.126501e-06	-1.493967e-09	-3.842198e+01	-1.734344e+02
3.000000e-08	-7.125769e-06	-1.493356e-09	-3.841803e+01	-1.734190e+02
4.000000e-08	-7.124163e-06	-1.492326e-09	-3.840937e+01	-1.733978e+02
5.000000e-08	-7.121879e-06	-1.490316e-09	-3.839706e+01	-1.733708e+02
6.000000e-08	-7.119112e-06	-1.488841e-09	-3.838214e+01	-1.733384e+02
7.000000e-08	-7.115846e-06	-1.488753e-09	-3.836453e+01	-1.733007e+02
8.000000e-08	-7.112205e-06	-1.489915e-09	-3.834490e+01	-1.732579e+02
9.000000e-08	-7.108049e-06	-1.487752e-09	-3.832249e+01	-1.732102e+02
1.000000e-07	-7.102938e-06	-1.474739e-09	-3.829494e+01	-1.731580e+02
1.100000e-07	-7.097098e-06	-1.460989e-09	-3.826345e+01	-1.731014e+02
1.200000e-07	-7.091126e-06	-1.479204e-09	-3.823125e+01	-1.730407e+02
1.300000e-07	-7.084972e-06	-1.511291e-09	-3.819808e+01	-1.729763e+02
1.400000e-07	-7.078269e-06	-1.496911e-09	-3.816194e+01	-1.729083e+02
1.500000e-07	-7.071019e-06	-1.449129e-09	-3.812285e+01	-1.728370e+02
1.600000e-07	-7.063384e-06	-1.459081e-09	-3.808169e+01	-1.727628e+02
1.700000e-07	-7.055412e-06	-1.510385e-09	-3.803870e+01	-1.726858e+02
1.800000e-07	-7.046805e-06	-1.487452e-09	-3.799230e+01	-1.726063e+02
1.900000e-07	-7.037397e-06	-1.423210e-09	-3.794158e+01	-1.725246e+02
2.000000e-07	-7.027409e-06	-1.447498e-09	-3.788773e+01	-1.724407e+02
2.100000e-07	-7.016859e-06	-1.520906e-09	-3.783085e+01	-1.723549e+02
2.200000e-07	-7.005763e-06	-1.495304e-09	-3.777103e+01	-1.722672e+02
2.300000e-07	-6.994134e-06	-1.420822e-09	-3.770833e+01	-1.721777e+02
2.400000e-07	-6.981976e-06	-1.441109e-09	-3.764278e+01	-1.720865e+02
2.500000e-07	-6.969367e-06	-1.496293e-09	-3.757480e+01	-1.719935e+02
2.600000e-07	-6.956024e-06	-1.467890e-09	-3.750286e+01	-1.718987e+02
2.700000e-07	-6.942092e-06	-1.428312e-09	-3.742775e+01	-1.718018e+02
2.800000e-07	-6.927372e-06	-1.460467e-09	-3.734839e+01	-1.717027e+02
2.900000e-07	-6.911832e-06	-1.476805e-09	-3.726460e+01	-1.716011e+02
3.000000e-07	-6.895818e-06	-1.438605e-09	-3.717827e+01	-1.714968e+02
3.100000e-07	-6.879322e-06	-1.435985e-09	-3.708933e+01	-1.713893e+02
3.200000e-07	-6.862373e-06	-1.463059e-09	-3.699795e+01	-1.712783e+02
3.300000e-07	-6.844811e-06	-1.441420e-09	-3.690327e+01	-1.711633e+02
3.400000e-07	-6.826751e-06	-1.423289e-09	-3.680590e+01	-1.710439e+02
3.500000e-07	-6.808395e-06	-1.462308e-09	-3.670694e+01	-1.709194e+02
3.600000e-07	-6.789716e-06	-1.462952e-09	-3.660623e+01	-1.707893e+02
3.700000e-07	-6.770622e-06	-1.409733e-09	-3.650328e+01	-1.706532e+02
3.800000e-07	-6.751150e-06	-1.415335e-09	-3.639830e+01	-1.705104e+02
3.900000e-07	-6.731328e-06	-1.458278e-09	-3.629143e+01	-1.703603e+02
4.000000e-07	-6.710967e-06	-1.435598e-09	-3.618165e+01	-1.702024e+02
4.100000e-07	-6.690034e-06	-1.406126e-09	-3.606880e+01	-1.700362e+02
4.200000e-07	-6.668690e-06	-1.436326e-09	-3.595372e+01	-1.698612e+02
4.300000e-07	-6.646759e-06	-1.443461e-09	-3.583549e+01	-1.696768e+02
4.400000e-07	-6.624323e-06	-1.408796e-09	-3.571452e+01	-1.694828e+02
4.500000e-07	-6.601573e-06	-1.412328e-09	-3.559187e+01	-1.692787e+02
4.600000e-07	-6.578438e-06	-1.428986e-09	-3.546714e+01	-1.690641e+02
4.700000e-07	-6.554922e-06	-1.407464e-09	-3.534035e+01	-1.688390e+02
4.800000e-07	-6.530986e-06	-1.405334e-09	-3.521130e+01	-1.686031e+02
4.900000e-07	-6.506520e-06	-1.427682e-09	-3.507939e+01	-1.683564e+02
5.000000e-07	-6.481364e-06	-1.410998e-09	-3.494377e+01	-1.680988e+02
5.100000e-07	-6.455568e-06	-1.389365e-09	-3.480469e+01	-1.678303e+02
5.200000e-07	-6.429194e-06	-1.407158e-09	-3.466250e+01	-1.675512e+02
5.300000e-07	-6.402249e-06	-1.408594e-09	-3.451723e+01	-1.672616e+02
5.400000e-07	-6.374925e-06	-1.386434e-09	-3.436991e+01	-1.669618e+02
5.500000e-07	-6.347210e-06	-1.391591e-09	-3.422049e+01	-1.666521e+02
5.600000e-07	-6.319120e-06	-1.399508e-09	-3.406905e+01	-1.663330e+02
5.700000e-07	-6.290635e-06	-1.382253e-09	-3.391547e+01	-1.660048e+02
5.800000e-07	-6.261665e-06	-1.379442e-09	-3.375928e+01	-1.656680e+02
5.900000e-07	-6.232266e-06	-1.387999e-09	-3.360078e+01	-1.653231e+02
6.000000e-07	-6.202296e-06	-1.376014e-09	-3.343920e+01	-1.649707e+02
6.100000e-07	-6.171847e-06	-1.369516e-09	-3.327503e+01	-1.646113e+02
6.200000e-07	-6.141127e-06	-1.377347e-09	-3.310941e+01	-1.642453e+02
6.300000e-07	-6.110106e-06	-1.369767e-09	-3.294216e+01	-1.638732e+02
6.400000e-07	-6.078843e-06	-1.359023e-09	-3.277361e+01	-1.634956e+02
6.500000e-07	-6.047307e-06	-1.362183e-09	-3.260359e+01	-1.631129e+02
6.600000e-07	-6.015436e-06	-1.358626e-09	-3.243175e+01	-1.627254e+02
6.700000e-07	-5.982995e-06	-1.349454e-09	-3.225685e+01	-1.623335e+02
6.800000e-07	-5.949829e-06	-1.349352e-09	-3.207804e+01	-1.619375e+02
6.900000e-07	-5.915803e-06	-1.345128e-09	-3.189459e+01	-1.615375e+02
7.000000e-07	-5.881091e-06	-1.334172e-09	-3.170744e+01	-1.611338e+02
7.100000e-07	-5.846008e-06	-1.330471e-09	-3.151830e+01	-1.607262e+02
7.200000e-07	-5.810610e-06	-1.327885e-09	-3.132745e+01	-1.603149e+02
7.300000e-07	-5.774992e-06	-1.322367e-09	-3.113542e+01	-1.598998e+02
7.400000e-07	-5.739172e-06	-1.320649e-09	-3.094230e+01	-1.594806e+02
7.500000e-07	-5.702980e-06	-1.319060e-09	-3.074717e+01	-1.590571e+02
7.600000e-07	-5.666370e-06	-1.312939e-09	-3.054979e+01	-1.586290e+02
7.700000e-07	-5.629352e-06	-1.309257e-09	-3.035021e+01	-1.581960e+02
7.800000e-07	-5.591831e-06	-1.306406e-09	-3.014792e+01	-1.577576e+02
7.900000e-07	-5.553855e-06	-1.298763e-09	-2.994318e+01	-1.573133e+02
8.000000e-07	-5.515427e-06	-1.291763e-09	-2.973600e+01	-1.568628e+02
8.100000e-07	-5.476614e-06	-1.288046e-09	-2.952674e+01	-1.564054e+02
8.200000e-07	-5.437465e-06	-1.283429e-09	-2.931567e+01	-1.559406e+02
8.300000e-07	-5.398019e-06	-1.278704e-09	-2.910300e+01	-1.554679e+02
8.400000e-07	-5.358427e-06	-1.274791e-09	-2.888954e+01	-1.549868e+02
8.500000e-07	-5.318673e-06	-1.269984e-09	-2.867521e+01	-1.544968e+02
8.600000e-07	-5.278525e-06	-1.264550e-09	-2.845876e+01	-1.539974e+02
8.700000e-07	-5.237969e-06	-1.259737e-09	-2.824010e+01	-1.534882e+02
8.800000e-07	-5.196917e-06	-1.254510e-09	-2.801878e+01	-1.529687e+02
8.900000e-07	-5.155133e-06	-1.246967e-09	-2.779350e+01	-1.524388e+02
9.000000e-07	-5.112812e-06	-1.239127e-09	-2.756533e+01	-1.518980e+02
9.100000e-07	-5.070149e-06	-1.232779e-09	-2.733531e+01	-1.513462e+02
9.200000e-07	-5.027035e-06	-1.227521e-09	-2.710287e+01	-1.507833e+02
9.300000e-07	-4.983569e-06	-1.222404e-09	-2.686853e+01	-1.502092e+02
9.400000e-07	-4.939844e-06	-1.216954e-09	-2.663279e+01	-1.496239e+02
9.500000e-07	-4.895748e-06	-1.211120e-09	-2.639504e+01	-1.490275e+02
9.600000e-07	-4.851354e-06	-1.205238e-09	-2.615570e+01	-1.484200e+02
9.700000e-07	-4.806648e-06	-1.199196e-09	-2.591467e+01	-1.478018e+02
9.800000e-07	-4.761499e-06	-1.193027e-09	-2.567125e+01	-1.471730e+02
9.900000e-07	-4.715972e-06	-1.186729e-09	-2.542580e+01	-1.465338e+02
1.000000e-06	-4.670179e-06	-1.181305e-09	-2.517891e+01	-1.458846e+02
1.010000e-06	-4.624060e-06	-1.176014e-09	-2.493026e+01	-1.452258e+02
1.020000e-06	-4.577524e-06	-1.170372e-09	-2.467936e+01	-1.445576e+02
1.030000e-06	-4.530673e-06	-1.164294e-09	-2.442677e+01	-1.438803e+02
1.040000e-06	-4.483524e-06	-1.157745e-09	-2.417257e+01	-1.431944e+02
1.050000e-06	-4.436131e-06	-1.152296e-09	-2.391705e+01	-1.425000e+02
1.060000e-06	-4.388567e-06	-1.147165e-09	-2.366062e+01	-1.417975e+02
1.070000e-06	-4.340744e-06	-1.142006e-09	-2.340278e+01	-1.410870e+02
1.080000e-06	-4.292653e-06	-1.137310e-09	-2.314350e+01	-1.403687e+02
1.090000e-06	-4.244274e-06	-1.130952e-09	-2.288268e+01	-1.396427e+02
1.100000e-06	-4.195534e-06	-1.123597e-09	-2.261990e+01	-1.389090e+02
1.110000e-06	-4.146278e-06	-1.116636e-09	-2.235434e+01	-1.381675e+02
1.120000e-06	-4.096419e-06	-1.109792e-09	-2.208553e+01	-1.374182e+02
1.130000e-06	-4.045960e-06	-1.103286e-09	-2.181348e+01	-1.366608e+02
1.140000e-06	-3.995063e-06	-1.097169e-09	-2.153907e+01	-1.358951e+02
1.150000e-06	-3.943905e-06	-1.091834e-09	-2.126326e+01	-1.351205e+02
1.160000e-06	-3.892448e-06	-1.086743e-09	-2.098583e+01	-1.343368e+02
1.170000e-06	-3.840742e-06	-1.080547e-09	-2.070706e+01	-1.335434e+02
1.180000e-06	-3.788783e-06	-1.073935e-09	-2.042693e+01	-1.327397e+02
1.190000e-06	-3.736536e-06	-1.067574e-09	-2.014524e+01	-1.319251e+02
1.200000e-06	-3.683992e-06	-1.060672e-09	-1.986196e+01	-1.310989e+02
1.210000e-06	-3.630956e-06	-1.053442e-09	-1.957602e+01	-1.302604e+02
1.220000e-06	-3.577554e-06	-1.046291e-09	-1.928810e+01	-1.294089e+02
1.230000e-06	-3.523983e-06	-1.038851e-09	-1.899928e+01	-1.285437e+02
1.240000e-06	-3.470223e-06	-1.030427e-09	-1.870944e+01	-1.276640e+02
1.250000e-06	-3.416335e-06	-1.023646e-09	-1.841891e+01	-1.267693e+02
1.260000e-06	-3.362334e-06	-1.018071e-09	-1.812776e+01	-1.258587e+02
1.270000e-06	-3.308063e-06	-1.009459e-09	-1.783516e+01	-1.249317e+02
1.280000e-06	-3.253490e-06	-9.998055e-10	-1.754094e+01	-1.239878e+02
1.290000e-06	-3.198652e-06	-9.918936e-10	-1.724528e+01	-1.230264e+02
1.300000e-06	-3.143570e-06	-9.843282e-10	-1.694831e+01	-1.220471e+02
1.310000e-06	-3.088426e-06	-9.759461e-10	-1.665101e+01	-1.210496e+02
1.320000e-06	-3.033141e-06	-9.672702e-10	-1.635294e+01	-1.200337e+02
1.330000e-06	-2.977596e-06	-9.584981e-10	-1.605348e+01	-1.189992e+02
1.340000e-06	-2.921912e-06	-9.495060e-10	-1.575326e+01	-1.179461e+02
1.350000e-06	-2.866133e-06	-9.414771e-10	-1.545253e+01	-1.168743e+02
1.360000e-06	-2.810230e-06	-9.337877e-10	-1.515114e+01	-1.157841e+02
1.370000e-06	-2.754281e-06	-9.251804e-10	-1.484949e+01	-1.146756e+02
1.380000e-06	-2.698091e-06	-9.160452e-10	-1.454655e+01	-1.135492e+02
1.390000e-06	-2.641604e-06	-9.067446e-10	-1.424200e+01	-1.124051e+02
1.400000e-06	-2.584955e-06	-8.976342e-10	-1.393658e+01	-1.112438e+02
1.410000e-06	-2.527865e-06	-8.882396e-10	-1.362879e+01	-1.100657e+02
1.420000e-06	-2.470393e-06	-8.783174e-10	-1.331893e+01	-1.088713e+02
1.430000e-06	-2.412758e-06	-8.680776e-10	-1.300820e+01	-1.076611e+02
1.440000e-06	-2.354883e-06	-8.579753e-10	-1.269617e+01	-1.064354e+02
1.450000e-06	-2.296851e-06	-8.480671e-10	-1.238329e+01	-1.051948e+02
1.460000e-06	-2.238548e-06	-8.374404e-10	-1.206896e+01	-1.039397e+02
1.470000e-06	-2.179830e-06	-8.255314e-10	-1.175238e+01	-1.026702e+02
1.480000e-06	-2.120838e-06	-8.134695e-10	-1.143433e+01	-1.013868e+02
1.490000e-06	-2.061668e-06	-8.021720e-10	-1.111532e+01	-1.000894e+02
1.500000e-06	-2.002379e-06	-7.911967e-10	-1.079567e+01	-9.877820e+01
1.510000e-06	-1.943011e-06	-7.804279e-10	-1.047559e+01	-9.745299e+01
1.520000e-06	-1.883580e-06	-7.694562e-10	-1.015517e+01	-9.611355e+01
1.530000e-06	-1.824102e-06	-7.584337e-10	-9.834507e+00	-9.475947e+01
1.540000e-06	-1.764498e-06	-7.482316e-10	-9.513152e+00	-9.339018e+01
1.550000e-06	-1.704773e-06	-7.377195e-10	-9.191151e+00	-9.200496e+01
1.560000e-06	-1.645003e-06	-7.255764e-10	-8.868905e+00	-9.060291e+01
1.570000e-06	-1.585192e-06	-7.127955e-10	-8.546442e+00	-8.918298e+01
1.580000e-06	-1.525371e-06	-7.002663e-10	-8.223917e+00	-8.774396e+01
1.590000e-06	-1.465513e-06	-6.870450e-10	-7.901202e+00	-8.628447e+01
1.600000e-06	-1.405542e-06	-6.738521e-10	-7.577872e+00	-8.480301e+01
1.610000e-06	-1.345519e-06	-6.621556e-10	-7.254263e+00	-8.329795e+01
1.620000e-06	-1.285395e-06	-6.508889e-10	-6.930108e+00	-8.176752e+01
1.630000e-06	-1.225029e-06	-6.400882e-10	-6.604651e+00	-8.020991e+01
1.640000e-06	-1.164515e-06	-6.286560e-10	-6.278394e+00	-7.862319e+01
1.650000e-06	-1.103993e-06	-6.150449e-10	-5.952095e+00	-7.700541e+01
1.660000e-06	-1.043489e-06	-5.999713e-10	-5.625887e+00	-7.535458e+01
1.670000e-06	-9.830130e-07	-5.853828e-10	-5.299838e+00	-7.366873e+01
1.680000e-06	-9.224944e-07	-5.720454e-10	-4.973557e+00	-7.194592e+01
1.690000e-06	-8.618027e-07	-5.580105e-10	-4.646342e+00	-7.018426e+01
1.700000e-06	-8.009551e-07	-5.449571e-10	-4.318287e+00	-6.838197e+01
1.710000e-06	-7.400482e-07	-5.337954e-10	-3.989912e+00	-6.653735e+01
1.720000e-06	-6.791673e-07	-5.210229e-10	-3.661678e+00	-6.464888e+01
1.730000e-06	-6.182846e-07	-5.063442e-10	-3.333434e+00	-6.271520e+01
1.740000e-06	-5.574475e-07	-4.909738e-10	-3.005435e+00	-6.073515e+01
1.750000e-06	-4.965468e-07	-4.752057e-10	-2.677093e+00	-5.870776e+01
1.760000e-06	-4.354875e-07	-4.592183e-10	-2.347897e+00	-5.663235e+01
1.770000e-06	-3.743351e-07	-4.427630e-10	-2.018199e+00	-5.450845e+01
1.780000e-06	-3.131425e-07	-4.253209e-10	-1.688284e+00	-5.233590e+01
1.790000e-06	-2.520265e-07	-4.074398e-10	-1.358781e+00	-5.011481e+01
1.800000e-06	-1.909610e-07	-3.894766e-10	-1.029551e+00	-4.784557e+01
1.810000e-06	-1.298476e-07	-3.707319e-10	-7.000630e-01	-4.552889e+01
1.820000e-06	-6.867660e-08	-3.521476e-10	-3.702646e-01	-4.316577e+01
1.830000e-06	-7.457763e-09	-3.332061e-10	-4.020795e-02	-4.075753e+01
1.840000e-06	5.378158e-08	-3.131063e-10	2.899592e-01	-3.830575e+01
1.850000e-06	1.149533e-07	-2.920068e-10	6.197620e-01	-3.581233e+01
1.860000e-06	1.760304e-07	-2.709288e-10	9.490544e-01	-3.327942e+01
1.870000e-06	2.371056e-07	-2.508626e-10	1.278337e+00	-3.070943e+01
1.880000e-06	2.981768e-07	-2.302841e-10	1.607597e+00	-2.810501e+01
1.890000e-06	3.591653e-07	-2.089438e-10	1.936412e+00	-2.546905e+01
1.900000e-06	4.201589e-07	-1.879494e-10	2.265254e+00	-2.280460e+01
1.910000e-06	4.811369e-07	-1.658829e-10	2.594012e+00	-2.011490e+01
1.920000e-06	5.420499e-07	-1.436864e-10	2.922420e+00	-1.740332e+01
1.930000e-06	6.030134e-07	-1.223842e-10	3.251100e+00	-1.467335e+01
1.940000e-06	6.639727e-07	-9.973145e-11	3.579757e+00	-1.192856e+01
1.950000e-06	7.247587e-07	-7.525777e-11	3.907480e+00	-9.172561e+00
1.960000e-06	7.854549e-07	-5.096068e-11	4.234719e+00	-6.409004e+00
1.970000e-06	8.462049e-07	-2.805398e-11	4.562248e+00	-3.641514e+00
1.980000e-06	9.068160e-07	-5.525974e-12	4.889028e+00	-8.736824e-01
1.990000e-06	9.671834e-07	1.741335e-11	5.214494e+00	1.890969e+00
2.000000e-06	1.027627e-06	4.038689e-11	5.540373e+00	4.649015e+00
2.010000e-06	1.088106e-06	6.278407e-11	5.866440e+00	7.397152e+00
2.020000e-06	1.148489e-06	8.457638e-11	6.191989e+00	1.013222e+01
2.030000e-06	1.208840e-06	1.057031e-10	6.517365e+00	1.285124e+01
2.040000e-06	1.269017e-06	1.271315e-10	6.841806e+00	1.555139e+01
2.050000e-06	1.329092e-06	1.491756e-10	7.165698e+00	1.823009e+01
2.060000e-06	1.389208e-06	1.708698e-10	7.489805e+00	2.088494e+01
2.070000e-06	1.449113e-06	1.919298e-10	7.812778e+00	2.351380e+01
2.080000e-06	1.508864e-06	2.129414e-10	8.134925e+00	2.611474e+01
2.090000e-06	1.568629e-06	2.342136e-10	8.457140e+00	2.868609e+01
2.100000e-06	1.628301e-06	2.541235e-10	8.778860e+00	3.122641e+01
2.110000e-06	1.687933e-06	2.732087e-10	9.100361e+00	3.373451e+01
2.120000e-06	1.747551e-06	2.928292e-10	9.421788e+00	3.620942e+01
2.130000e-06	1.807107e-06	3.132484e-10	9.742879e+00	3.865042e+01
2.140000e-06	1.866607e-06	3.331859e-10	1.006367e+01	4.105701e+01
2.150000e-06	1.926041e-06	3.517788e-10	1.038410e+01	4.342890e+01
2.160000e-06	1.985297e-06	3.707496e-10	1.070357e+01	4.576598e+01
2.170000e-06	2.044451e-06	3.894707e-10	1.102250e+01	4.806835e+01
2.180000e-06	2.103504e-06	4.075848e-10	1.134088e+01	5.033626e+01
2.190000e-06	2.162334e-06	4.259664e-10	1.165806e+01	5.257011e+01
2.200000e-06	2.220929e-06	4.439315e-10	1.197397e+01	5.477044e+01
2.210000e-06	2.279302e-06	4.610927e-10	1.228868e+01	5.693789e+01
2.220000e-06	2.337305e-06	4.776113e-10	1.260140e+01	5.907318e+01
2.230000e-06	2.394805e-06	4.938973e-10	1.291141e+01	6.117714e+01
2.240000e-06	2.452081e-06	5.108661e-10	1.322020e+01	6.325062e+01
2.250000e-06	2.509289e-06	5.278768e-10	1.352864e+01	6.529451e+01
2.260000e-06	2.566333e-06	5.434311e-10	1.383619e+01	6.730972e+01
2.270000e-06	2.623067e-06	5.578569e-10	1.414206e+01	6.929716e+01
2.280000e-06	2.679460e-06	5.729699e-10	1.444610e+01	7.125772e+01
2.290000e-06	2.735540e-06	5.871715e-10	1.474845e+01	7.319225e+01
2.300000e-06	2.791392e-06	6.000847e-10	1.504957e+01	7.510158e+01
2.310000e-06	2.847157e-06	6.150668e-10	1.535023e+01	7.698646e+01
2.320000e-06	2.902754e-06	6.320355e-10	1.564997e+01	7.884759e+01
2.330000e-06	2.958176e-06	6.500081e-10	1.594877e+01	8.068558e+01
2.340000e-06	3.013504e-06	6.671391e-10	1.624707e+01	8.250099e+01
2.350000e-06	3.068691e-06	6.815502e-10	1.654461e+01	8.429425e+01
2.360000e-06	3.123731e-06	6.931236e-10	1.684135e+01	8.606576e+01
2.370000e-06	3.178559e-06	7.036097e-10	1.713695e+01	8.781580e+01
2.380000e-06	3.233116e-06	7.136106e-10	1.743109e+01	8.954458e+01
2.390000e-06	3.287429e-06	7.244553e-10	1.772392e+01	9.125221e+01
2.400000e-06	3.341559e-06	7.390440e-10	1.801575e+01	9.293874e+01
2.410000e-06	3.395491e-06	7.557976e-10	1.830653e+01	9.460414e+01
2.420000e-06	3.449251e-06	7.719946e-10	1.859637e+01	9.624833e+01
2.430000e-06	3.502834e-06	7.865473e-10	1.888526e+01	9.787116e+01
2.440000e-06	3.556156e-06	7.997642e-10	1.917274e+01	9.947241e+01
2.450000e-06	3.609176e-06	8.114118e-10	1.945859e+01	1.010519e+02
2.460000e-06	3.661831e-06	8.214357e-10	1.974248e+01	1.026092e+02
2.470000e-06	3.714229e-06	8.322344e-10	2.002498e+01	1.041442e+02
2.480000e-06	3.766259e-06	8.441812e-10	2.030549e+01	1.056565e+02
2.490000e-06	3.817965e-06	8.559782e-10	2.058426e+01	1.071459e+02
2.500000e-06	3.869602e-06	8.678754e-10	2.086266e+01	1.086119e+02
2.510000e-06	3.921013e-06	8.800620e-10	2.113984e+01	1.100544e+02
2.520000e-06	3.972023e-06	8.919857e-10	2.141485e+01	1.114730e+02
2.530000e-06	4.022662e-06	9.029286e-10	2.168787e+01	1.128675e+02
2.540000e-06	4.072870e-06	9.132281e-10	2.195856e+01	1.142378e+02
2.550000e-06	4.122486e-06	9.232015e-10	2.222606e+01	1.155836e+02
2.560000e-06	4.171603e-06	9.333093e-10	2.249087e+01	1.169049e+02
2.570000e-06	4.220356e-06	9.425863e-10	2.275372e+01	1.182015e+02
2.580000e-06	4.268657e-06	9.515285e-10	2.301413e+01	1.194736e+02
2.590000e-06	4.316615e-06	9.615277e-10	2.327270e+01	1.207210e+02
2.600000e-06	4.364396e-06	9.724592e-10	2.353030e+01	1.219440e+02
2.610000e-06	4.411945e-06	9.834703e-10	2.378666e+01	1.231426e+02
2.620000e-06	4.459263e-06	9.933551e-10	2.404177e+01	1.243171e+02
2.630000e-06	4.506126e-06	1.002669e-09	2.429443e+01	1.254676e+02
2.640000e-06	4.552695e-06	1.011606e-09	2.454550e+01	1.265946e+02
2.650000e-06	4.599064e-06	1.019836e-09	2.479550e+01	1.276982e+02
2.660000e-06	4.644982e-06	1.027465e-09	2.504306e+01	1.287790e+02
2.670000e-06	4.690514e-06	1.033818e-09	2.528854e+01	1.298372e+02
2.680000e-06	4.735777e-06	1.039752e-09	2.553258e+01	1.308734e+02
2.690000e-06	4.780825e-06	1.047640e-09	2.577545e+01	1.318879e+02
2.700000e-06	4.825536e-06	1.056655e-09	2.601650e+01	1.328812e+02
2.710000e-06	4.869968e-06	1.065104e-09	2.625605e+01	1.338539e+02
2.720000e-06	4.914065e-06	1.073491e-09	2.649380e+01	1.348063e+02
2.730000e-06	4.957833e-06	1.082204e-09	2.672977e+01	1.357390e+02
2.740000e-06	5.001413e-06	1.091043e-09	2.696473e+01	1.366524e+02
2.750000e-06	5.044840e-06	1.098470e-09	2.719886e+01	1.375469e+02
2.760000e-06	5.088019e-06	1.104609e-09	2.743166e+01	1.384232e+02
2.770000e-06	5.130589e-06	1.110980e-09	2.766117e+01	1.392815e+02
2.780000e-06	5.172528e-06	1.118321e-09	2.788728e+01	1.401224e+02
2.790000e-06	5.213957e-06	1.126310e-09	2.811064e+01	1.409462e+02
2.800000e-06	5.254728e-06	1.133441e-09	2.833046e+01	1.417533e+02
2.810000e-06	5.294873e-06	1.140581e-09	2.854690e+01	1.425441e+02
2.820000e-06	5.334690e-06	1.148248e-09	2.876157e+01	1.433189e+02
2.830000e-06	5.374393e-06	1.155903e-09	2.897562e+01	1.440782e+02
2.840000e-06	5.413945e-06	1.163180e-09	2.918887e+01	1.448221e+02
2.850000e-06	5.453276e-06	1.168961e-09	2.940091e+01	1.455510e+02
2.860000e-06	5.492167e-06	1.173467e-09	2.961059e+01	1.462652e+02
2.870000e-06	5.530648e-06	1.177794e-09	2.981806e+01	1.469650e+02
2.880000e-06	5.568743e-06	1.183103e-09	3.002344e+01	1.476507e+02
2.890000e-06	5.606286e-06	1.189761e-09	3.022585e+01	1.483225e+02
2.900000e-06	5.643380e-06	1.196620e-09	3.042585e+01	1.489808e+02
2.910000e-06	5.680085e-06	1.203239e-09	3.062373e+01	1.496257e+02
2.920000e-06	5.716458e-06	1.210495e-09	3.081984e+01	1.502577e+02
2.930000e-06	5.752521e-06	1.218401e-09	3.101427e+01	1.508770e+02
2.940000e-06	5.788256e-06	1.225330e-09	3.120693e+01	1.514839e+02
2.950000e-06	5.823685e-06	1.229179e-09	3.139795e+01	1.520787e+02
2.960000e-06	5.858822e-06	1.231078e-09	3.158738e+01	1.526618e+02
2.970000e-06	5.893640e-06	1.234980e-09	3.177510e+01	1.532335e+02
2.980000e-06	5.927903e-06	1.240789e-09	3.195983e+01	1.537942e+02
2.990000e-06	5.961425e-06	1.246526e-09	3.214056e+01	1.543442e+02
3.000000e-06	5.994140e-06	1.251888e-09	3.231694e+01	1.548840e+02
3.010000e-06	6.026214e-06	1.257131e-09	3.248986e+01	1.554140e+02
3.020000e-06	6.058000e-06	1.262918e-09	3.266123e+01	1.559345e+02
3.030000e-06	6.089596e-06	1.269927e-09	3.283158e+01	1.564460e+02
3.040000e-06	6.120852e-06	1.276390e-09	3.300010e+01	1.569488e+02
3.050000e-06	6.151672e-06	1.280067e-09	3.316626e+01	1.574434e+02
3.060000e-06	6.182010e-06	1.284024e-09	3.332982e+01	1.579303e+02
3.070000e-06	6.211945e-06	1.289972e-09	3.349122e+01	1.584096e+02
3.080000e-06	6.241322e-06	1.294584e-09	3.364960e+01	1.588819e+02
3.090000e-06	6.270173e-06	1.298851e-09	3.380515e+01	1.593475e+02
3.100000e-06	6.298823e-06	1.304867e-09	3.395961e+01	1.598068e+02
3.110000e-06	6.327117e-06	1.310763e-09	3.411216e+01	1.602599e+02
3.120000e-06	6.355066e-06	1.314649e-09	3.426285e+01	1.607072e+02
3.130000e-06	6.382842e-06	1.318348e-09	3.441260e+01	1.611488e+02
3.140000e-06	6.410330e-06	1.322608e-09	3.456080e+01	1.615851e+02
3.150000e-06	6.437312e-06	1.326378e-09	3.470627e+01	1.620160e+02
3.160000e-06	6.463624e-06	1.331420e-09	3.484813e+01	1.624417e+02
3.170000e-06	6.489227e-06	1.337203e-09	3.498616e+01	1.628623e+02
3.180000e-06	6.514124e-06	1.342362e-09	3.512039e+01	1.632777e+02
3.190000e-06	6.538334e-06	1.346519e-09	3.525092e+01	1.636879e+02
3.200000e-06	6.562037e-06	1.348985e-09	3.537871e+01	1.640928e+02
3.210000e-06	6.585404e-06	1.351488e-09	3.550469e+01	1.644922e+02
3.220000e-06	6.608337e-06	1.355624e-09	3.562834e+01	1.648860e+02
3.230000e-06	6.630818e-06	1.361088e-09	3.574954e+01	1.652740e+02
3.240000e-06	6.652864e-06	1.366390e-09	3.586840e+01	1.656558e+02
3.250000e-06	6.674419e-06	1.370132e-09	3.598461e+01	1.660312e+02
3.260000e-06	6.695474e-06	1.373388e-09	3.609813e+01	1.664000e+02
3.270000e-06	6.716092e-06	1.377150e-09	3.620929e+01	1.667617e+02
3.280000e-06	6.736365e-06	1.380755e-09	3.631859e+01	1.671161e+02
3.290000e-06	6.756245e-06	1.384759e-09	3.642577e+01	1.674627e+02
3.300000e-06	6.775849e-06	1.389951e-09	3.653146e+01	1.678012e+02
3.310000e-06	6.795097e-06	1.394701e-09	3.663524e+01	1.681314e+02
3.320000e-06	6.813807e-06	1.398493e-09	3.673611e+01	1.684528e+02
3.330000e-06	6.832011e-06	1.401101e-09	3.683426e+01	1.687651e+02
3.340000e-06	6.849576e-06	1.402648e-09	3.692896e+01	1.690681e+02
3.350000e-06	6.866566e-06	1.405623e-09	3.702056e+01	1.693614e+02
3.360000e-06	6.883206e-06	1.409858e-09	3.711027e+01	1.696448e+02
3.370000e-06	6.899520e-06	1.412575e-09	3.719822e+01	1.699181e+02
3.380000e-06	6.915238e-06	1.415637e-09	3.728297e+01	1.701811e+02
3.390000e-06	6.930185e-06	1.419055e-09	3.736355e+01	1.704336e+02
3.400000e-06	6.944687e-06	1.421562e-09	3.744174e+01	1.706757e+02
3.410000e-06	6.958664e-06	1.426146e-09	3.751710e+01	1.709071e+02
3.420000e-06	6.971913e-06	1.431066e-09	3.758853e+01	1.711280e+02
3.430000e-06	6.984565e-06	1.434831e-09	3.765674e+01	1.713382e+02
3.440000e-06	6.996783e-06	1.438058e-09	3.772261e+01	1.715378e+02
3.450000e-06	7.008646e-06	1.441342e-09	3.778657e+01	1.717270e+02
3.460000e-06	7.020159e-06	1.445089e-09	3.784864e+01	1.719057e+02
3.470000e-06	7.031273e-06	1.446646e-09	3.790856e+01	1.720743e+02
3.480000e-06	7.041631e-06	1.446858e-09	3.796441e+01	1.722328e+02
3.490000e-06	7.050984e-06	1.448438e-09	3.801483e+01	1.723813e+02
3.500000e-06	7.059555e-06	1.451688e-09	3.806104e+01	1.725203e+02
3.510000e-06	7.067555e-06	1.456516e-09	3.810418e+01	1.726497e+02
3.520000e-06	7.075196e-06	1.460764e-09	3.814537e+01	1.727699e+02
3.530000e-06	7.082656e-06	1.462776e-09	3.818559e+01	1.728810e+02
3.540000e-06	7.089657e-06	1.463690e-09	3.822334e+01	1.729833e+02
3.550000e-06	7.096067e-06	1.464524e-09	3.825789e+01	1.730771e+02
3.560000e-06	7.101935e-06	1.465819e-09	3.828953e+01	1.731625e+02
3.570000e-06	7.107188e-06	1.467469e-09	3.831785e+01	1.732397e+02
3.580000e-06	7.111853e-06	1.470011e-09	3.834300e+01	1.733090e+02
3.590000e-06	7.116059e-06	1.473829e-09	3.836568e+01	1.733705e+02
3.600000e-06	7.119948e-06	1.478323e-09	3.838664e+01	1.734245e+02
3.610000e-06	7.123501e-06	1.481660e-09	3.840580e+01	1.734711e+02
3.620000e-06	7.126709e-06	1.483035e-09	3.842310e+01	1.735104e+02
3.630000e-06	7.129671e-06	1.484334e-09	3.843907e+01	1.735426e+02
3.640000e-06	7.131912e-06	1.485241e-09	3.845115e+01	1.735679e+02
3.650000e-06	7.133080e-06	1.485142e-09	3.845745e+01	1.735864e+02
3.660000e-06	7.133533e-06	1.486249e-09	3.845989e+01	1.735983e+02
3.670000e-06	7.133554e-06	1.488192e-09	3.846000e+01	1.736036e+02
3.680000e-06	7.133201e-06	1.489313e-09	3.845810e+01	1.736025e+02
3.690000e-06	7.132499e-06	1.489570e-09	3.845431e+01	1.735952e+02
3.700000e-06	7.131312e-06	1.489934e-09	3.844791e+01	1.735818e+02
3.710000e-06	7.129536e-06	1.491101e-09	3.843834e+01	1.735625e+02
3.720000e-06	7.127329e-06	1.492022e-09	3.842644e+01	1.735375e+02
3.730000e-06	7.124746e-06	1.493009e-09	3.841251e+01	1.735069e+02
3.740000e-06	7.121707e-06	1.493035e-09	3.839613e+01	1.734709e+02
3.750000e-06	7.118201e-06	1.489158e-09	3.837723e+01	1.734298e+02
3.760000e-06	7.114157e-06	1.494712e-09	3.835542e+01	1.733837e+02
3.770000e-06	7.109252e-06	1.519924e-09	3.832898e+01	1.733330e+02
3.780000e-06	7.103436e-06	1.523398e-09	3.829762e+01	1.732778e+02
3.790000e-06	7.097469e-06	1.483414e-09	3.826545e+01	1.732185e+02
3.800000e-06	7.091625e-06	1.452331e-09	3.823394e+01	1.731552e+02
3.810000e-06	7.085109e-06	1.496792e-09	3.819881e+01	1.730884e+02
3.820000e-06	7.077663e-06	1.537973e-09	3.815867e+01	1.730182e+02
3.830000e-06	7.069600e-06	1.487019e-09	3.811520e+01	1.729449e+02
3.840000e-06	7.061237e-06	1.448190e-09	3.807011e+01	1.728688e+02
3.850000e-06	7.052456e-06	1.513308e-09	3.802277e+01	1.727902e+02
3.860000e-06	7.043010e-06	1.559095e-09	3.797184e+01	1.727091e+02
3.870000e-06	7.033068e-06	1.478512e-09	3.791824e+01	1.726260e+02
3.880000e-06	7.022805e-06	1.418082e-09	3.786291e+01	1.725408e+02
3.890000e-06	7.012102e-06	1.502594e-09	3.780520e+01	1.724537e+02
3.900000e-06	7.000799e-06	1.568824e-09	3.774427e+01	1.723648e+02
3.910000e-06	6.989037e-06	1.489525e-09	3.768085e+01	1.722742e+02
3.920000e-06	6.976738e-06	1.440063e-09	3.761454e+01	1.721818e+02
3.930000e-06	6.963681e-06	1.518698e-09	3.754415e+01	1.720876e+02
3.940000e-06	6.949940e-06	1.544329e-09	3.747006e+01	1.719914e+02
3.950000e-06	6.935556e-06	1.458263e-09	3.739251e+01	1.718931e+02
3.960000e-06	6.920241e-06	1.454713e-09	3.730994e+01	1.717924e+02
3.970000e-06	6.904238e-06	1.538467e-09	3.722366e+01	1.716890e+02
3.980000e-06	6.887993e-06	1.521547e-09	3.713608e+01	1.715826e+02
3.990000e-06	6.871565e-06	1.453193e-09	3.704751e+01	1.714729e+02
4.000000e-06	6.854556e-06	1.492016e-09	3.695581e+01	1.713593e+02
4.010000e-06	6.836922e-06	1.533452e-09	3.686074e+01	1.712413e+02
4.020000e-06	6.818907e-06	1.469322e-09	3.676361e+01	1.711186e+02
4.030000e-06	6.800523e-06	1.456647e-09	3.666449e+01	1.709904e+02
4.040000e-06	6.781640e-06	1.534434e-09	3.656268e+01	1.708564e+02
4.050000e-06	6.762128e-06	1.524493e-09	3.645749e+01	1.707159e+02
4.060000e-06	6.742202e-06	1.454982e-09	3.635006e+01	1.705683e+02
4.070000e-06	6.721968e-06	1.485522e-09	3.624097e+01	1.704131e+02
4.080000e-06	6.701490e-06	1.528508e-09	3.613056e+01	1.702497e+02
4.090000e-06	6.680693e-06	1.475833e-09	3.601844e+01	1.700777e+02
4.100000e-06	6.659204e-06	1.461359e-09	3.590258e+01	1.698965e+02
4.110000e-06	6.636814e-06	1.517433e-09	3.578187e+01	1.697057e+02
4.120000e-06	6.613613e-06	1.503916e-09	3.565678e+01	1.695050e+02
4.130000e-06	6.589873e-06	1.459822e-09	3.552879e+01	1.692939e+02
4.140000e-06	6.565787e-06	1.490040e-09	3.539893e+01	1.690724e+02
4.150000e-06	6.541314e-06	1.503367e-09	3.526699e+01	1.688401e+02
4.160000e-06	6.516444e-06	1.462683e-09	3.513290e+01	1.685970e+02
4.170000e-06	6.491097e-06	1.473911e-09	3.499625e+01	1.683430e+02
4.180000e-06	6.465353e-06	1.504894e-09	3.485745e+01	1.680781e+02
4.190000e-06	6.439161e-06	1.475034e-09	3.471623e+01	1.678025e+02
4.200000e-06	6.412456e-06	1.462835e-09	3.457226e+01	1.675164e+02
4.210000e-06	6.385271e-06	1.490202e-09	3.442569e+01	1.672200e+02
4.220000e-06	6.357635e-06	1.473282e-09	3.427669e+01	1.669136e+02
4.230000e-06	6.329690e-06	1.451831e-09	3.412603e+01	1.665975e+02
4.240000e-06	6.301508e-06	1.478540e-09	3.397409e+01	1.662723e+02
4.250000e-06	6.272953e-06	1.479872e-09	3.382014e+01	1.659383e+02
4.260000e-06	6.243891e-06	1.454402e-09	3.366345e+01	1.655961e+02
4.270000e-06	6.214181e-06	1.464942e-09	3.350327e+01	1.652462e+02
4.280000e-06	6.183680e-06	1.469980e-09	3.333883e+01	1.648890e+02
4.290000e-06	6.152501e-06	1.448253e-09	3.317073e+01	1.645251e+02
4.300000e-06	6.120817e-06	1.451774e-09	3.299991e+01	1.641550e+02
4.310000e-06	6.088821e-06	1.461986e-09	3.282741e+01	1.637793e+02
4.320000e-06	6.056553e-06	1.447289e-09	3.265344e+01	1.633982e+02
4.330000e-06	6.023937e-06	1.443734e-09	3.247759e+01	1.630123e+02
4.340000e-06	5.990951e-06	1.450081e-09	3.229975e+01	1.626218e+02
4.350000e-06	5.957558e-06	1.438644e-09	3.211971e+01	1.622271e+02
4.360000e-06	5.923657e-06	1.432780e-09	3.193694e+01	1.618285e+02
4.370000e-06	5.889280e-06	1.438335e-09	3.175160e+01	1.614259e+02
4.380000e-06	5.854548e-06	1.432538e-09	3.156434e+01	1.610197e+02
4.390000e-06	5.819435e-06	1.427097e-09	3.137503e+01	1.606096e+02
4.400000e-06	5.783905e-06	1.428361e-09	3.118347e+01	1.601958e+02
4.410000e-06	5.748029e-06	1.422551e-09	3.099005e+01	1.597779e+02
4.420000e-06	5.711893e-06	1.417119e-09	3.079523e+01	1.593559e+02
4.430000e-06	5.675501e-06	1.417279e-09	3.059902e+01	1.589294e+02
4.440000e-06	5.638729e-06	1.412875e-09	3.040077e+01	1.584981e+02
4.450000e-06	5.601583e-06	1.408558e-09	3.020050e+01	1.580615e+02
4.460000e-06	5.563794e-06	1.408613e-09	2.999676e+01	1.576193e+02
4.470000e-06	5.525075e-06	1.405036e-09	2.978801e+01	1.571709e+02
4.480000e-06	5.485824e-06	1.399235e-09	2.957639e+01	1.567158e+02
4.490000e-06	5.446167e-06	1.396787e-09	2.936258e+01	1.562536e+02
4.500000e-06	5.406067e-06	1.393008e-09	2.914639e+01	1.557836e+02
4.510000e-06	5.365687e-06	1.387397e-09	2.892868e+01	1.553054e+02
4.520000e-06	5.325021e-06	1.384051e-09	2.870943e+01	1.548184e+02
4.530000e-06	5.284084e-06	1.381397e-09	2.848873e+01	1.543221e+02
4.540000e-06	5.242826e-06	1.378252e-09	2.826629e+01	1.538162e+02
4.550000e-06	5.201174e-06	1.374946e-09	2.804173e+01	1.533002e+02
4.560000e-06	5.159183e-06	1.371006e-09	2.781533e+01	1.527738e+02
4.570000e-06	5.116896e-06	1.366286e-09	2.758735e+01	1.522367e+02
4.580000e-06	5.074304e-06	1.360897e-09	2.735772e+01	1.516886e+02
4.590000e-06	5.031255e-06	1.354529e-09	2.712562e+01	1.511294e+02
4.600000e-06	4.987792e-06	1.349239e-09	2.689129e+01	1.505590e+02
4.610000e-06	4.944088e-06	1.346327e-09	2.665566e+01	1.499775e+02
4.620000e-06	4.900053e-06	1.343789e-09	2.641825e+01	1.493847e+02
4.630000e-06	4.855742e-06	1.341514e-09	2.617936e+01	1.487810e+02
4.640000e-06	4.811312e-06	1.338311e-09	2.593981e+01	1.481663e+02
4.650000e-06	4.766686e-06	1.331817e-09	2.569921e+01	1.475410e+02
4.660000e-06	4.721689e-06	1.324000e-09	2.545662e+01	1.469052e+02
4.670000e-06	4.676120e-06	1.316965e-09	2.521094e+01	1.462594e+02
4.680000e-06	4.630188e-06	1.310585e-09	2.496330e+01	1.456037e+02
4.690000e-06	4.584001e-06	1.305148e-09	2.471429e+01	1.449386e+02
4.700000e-06	4.537400e-06	1.301384e-09	2.446304e+01	1.442643e+02
4.710000e-06	4.490560e-06	1.298197e-09	2.421051e+01	1.435812e+02
4.720000e-06	4.443497e-06	1.293965e-09	2.395677e+01	1.428896e+02
4.730000e-06	4.396157e-06	1.287453e-09	2.370154e+01	1.421898e+02
4.740000e-06	4.348486e-06	1.278959e-09	2.344453e+01	1.414819e+02
4.750000e-06	4.300470e-06	1.272072e-09	2.318565e+01	1.407662e+02
4.760000e-06	4.252213e-06	1.267518e-09	2.292548e+01	1.400428e+02
4.770000e-06	4.203733e-06	1.262134e-09	2.266410e+01	1.393116e+02
4.780000e-06	4.154838e-06	1.256644e-09	2.240048e+01	1.385728e+02
4.790000e-06	4.105397e-06	1.251783e-09	2.213393e+01	1.378261e+02
4.800000e-06	4.055559e-06	1.245392e-09	2.186523e+01	1.370715e+02
4.810000e-06	4.005569e-06	1.238563e-09	2.159571e+01	1.363085e+02
4.820000e-06	3.955270e-06	1.233481e-09	2.132453e+01	1.355370e+02
4.830000e-06	3.904535e-06	1.227507e-09	2.105100e+01	1.347564e+02
4.840000e-06	3.853524e-06	1.219667e-09	2.077598e+01	1.339662e+02
4.850000e-06	3.802257e-06	1.212877e-09	2.049957e+01	1.331660e+02
4.860000e-06	3.750764e-06	1.206056e-09	2.022195e+01	1.323551e+02
4.870000e-06	3.698932e-06	1.198835e-09	1.994251e+01	1.315329e+02
4.880000e-06	3.646769e-06	1.191715e-09	1.966127e+01	1.306985e+02
4.890000e-06	3.594514e-06	1.184136e-09	1.937954e+01	1.298515e+02
4.900000e-06	3.541998e-06	1.176562e-09	1.909641e+01	1.289909e+02
4.910000e-06	3.489033e-06	1.170251e-09	1.881085e+01	1.281162e+02
4.920000e-06	3.435730e-06	1.163761e-09	1.852347e+01	1.272265e+02
4.930000e-06	3.382116e-06	1.154409e-09	1.823442e+01	1.263213e+02
4.940000e-06	3.328195e-06	1.144387e-09	1.794371e+01	1.253999e+02
4.950000e-06	3.273962e-06	1.135782e-09	1.765131e+01	1.244616e+02
4.960000e-06	3.219213e-06	1.127527e-09	1.735614e+01	1.235061e+02
4.970000e-06	3.164016e-06	1.119110e-09	1.705854e+01	1.225328e+02
4.980000e-06	3.108435e-06	1.111338e-09	1.675889e+01	1.215414e+02
4.990000e-06	3.052445e-06	1.102671e-09	1.645702e+01	1.205317e+02
5.000000e-06	2.996315e-06	1.092780e-09	1.615440e+01	1.195034e+02
5.010000e-06	2.940143e-06	1.082580e-09	1.585155e+01	1.184565e+02
5.020000e-06	2.883845e-06	1.072224e-09	1.554803e+01	1.173909e+02
5.030000e-06	2.827381e-06	1.063551e-09	1.524361e+01	1.163069e+02
5.040000e-06	2.770836e-06	1.056212e-09	1.493875e+01	1.152045e+02
5.050000e-06	2.714159e-06	1.048305e-09	1.463317e+01	1.140840e+02
5.060000e-06	2.657275e-06	1.039378e-09	1.432649e+01	1.129457e+02
5.070000e-06	2.600119e-06	1.028270e-09	1.401834e+01	1.117901e+02
5.080000e-06	2.542771e-06	1.015197e-09	1.370915e+01	1.106176e+02
5.090000e-06	2.485444e-06	1.002962e-09	1.340008e+01	1.094286e+02
5.100000e-06	2.427993e-06	9.929028e-10	1.309033e+01	1.082235e+02
5.110000e-06	2.370316e-06	9.834268e-10	1.277937e+01	1.070030e+02
5.120000e-06	2.312470e-06	9.724360e-10	1.246750e+01	1.057673e+02
5.130000e-06	2.254327e-06	9.604230e-10	1.215403e+01	1.045170e+02
5.140000e-06	2.196068e-06	9.486689e-10	1.183993e+01	1.032523e+02
5.150000e-06	2.137683e-06	9.367630e-10	1.152515e+01	1.019735e+02
5.160000e-06	2.078952e-06	9.242757e-10	1.120851e+01	1.006807e+02
5.170000e-06	2.020112e-06	9.109483e-10	1.089128e+01	9.937415e+01
5.180000e-06	1.961212e-06	8.990462e-10	1.057372e+01	9.805363e+01
5.190000e-06	1.902118e-06	8.889116e-10	1.025512e+01	9.671897e+01
5.200000e-06	1.842885e-06	8.767444e-10	9.935771e+00	9.536982e+01
5.210000e-06	1.783585e-06	8.632781e-10	9.616061e+00	9.400568e+01
5.220000e-06	1.724208e-06	8.504955e-10	9.295931e+00	9.262586e+01
5.230000e-06	1.664774e-06	8.374352e-10	8.975501e+00	9.122953e+01
5.240000e-06	1.605226e-06	8.241147e-10	8.654451e+00	8.981569e+01
5.250000e-06	1.545443e-06	8.108939e-10	8.332136e+00	8.838318e+01
5.260000e-06	1.485534e-06	7.974861e-10	8.009141e+00	8.693068e+01
5.270000e-06	1.425501e-06	7.834890e-10	7.685476e+00	8.545672e+01
5.280000e-06	1.365371e-06	7.687635e-10	7.361290e+00	8.395971e+01
5.290000e-06	1.305211e-06	7.542003e-10	7.036945e+00	8.243795e+01
5.300000e-06	1.245072e-06	7.395278e-10	6.712712e+00	8.088961e+01
5.310000e-06	1.184911e-06	7.241582e-10	6.388357e+00	7.931280e+01
5.320000e-06	1.124623e-06	7.092644e-10	6.063320e+00	7.770560e+01
5.330000e-06	1.064312e-06	6.960432e-10	5.738153e+00	7.606601e+01
5.340000e-06	1.003975e-06	6.828395e-10	5.412851e+00	7.439205e+01
5.350000e-06	9.435645e-07	6.677020e-10	5.087155e+00	7.268178e+01
5.360000e-06	8.831285e-07	6.504362e-10	4.761319e+00	7.093328e+01
5.370000e-06	8.226722e-07	6.325402e-10	4.435373e+00	6.914472e+01
5.380000e-06	7.621255e-07	6.155963e-10	4.108941e+00	6.731439e+01
5.390000e-06	7.015414e-07	5.990148e-10	3.782306e+00	6.544070e+01
5.400000e-06	6.409379e-07	5.811325e-10	3.455567e+00	6.352224e+01
5.410000e-06	5.802888e-07	5.626077e-10	3.128582e+00	6.155775e+01
5.420000e-06	5.196663e-07	5.444509e-10	2.801740e+00	5.954624e+01
5.430000e-06	4.589571e-07	5.257889e-10	2.474432e+00	5.748690e+01
5.440000e-06	3.981786e-07	5.071191e-10	2.146749e+00	5.537920e+01
5.450000e-06	3.374321e-07	4.875600e-10	1.819239e+00	5.322287e+01
5.460000e-06	2.766943e-07	4.664029e-10	1.491776e+00	5.101793e+01
5.470000e-06	2.159721e-07	4.448279e-10	1.164397e+00	4.876468e+01
5.480000e-06	1.552236e-07	4.240185e-10	8.368758e-01	4.646372e+01
5.490000e-06	9.451348e-08	4.036387e-10	5.095621e-01	4.411595e+01
5.500000e-06	3.385514e-08	3.824088e-10	1.825273e-01	4.172259e+01
5.510000e-06	-2.685809e-08	3.596984e-10	-1.448033e-01	3.928513e+01
5.520000e-06	-8.768017e-08	3.367628e-10	-4.727208e-01	3.680537e+01
5.530000e-06	-1.485199e-07	3.146653e-10	-8.007334e-01	3.428536e+01
5.540000e-06	-2.092221e-07	2.923102e-10	-1.128005e+00	3.172745e+01
5.550000e-06	-2.698071e-07	2.700729e-10	-1.454644e+00	2.913420e+01
5.560000e-06	-3.303369e-07	2.474884e-10	-1.780986e+00	2.650843e+01
5.570000e-06	-3.909432e-07	2.239349e-10	-2.107740e+00	2.385312e+01
5.580000e-06	-4.516721e-07	1.996531e-10	-2.435155e+00	2.117147e+01
5.590000e-06	-5.123402e-07	1.743831e-10	-2.762242e+00	1.846680e+01
5.600000e-06	-5.729604e-07	1.496190e-10	-3.089072e+00	1.574257e+01
5.610000e-06	-6.335141e-07	1.254451e-10	-3.415542e+00	1.300232e+01
5.620000e-06	-6.940024e-07	1.008074e-10	-3.741660e+00	1.024966e+01
5.630000e-06	-7.545676e-07	7.581558e-11	-4.068193e+00	7.488221e+00
5.640000e-06	-8.150805e-07	4.978653e-11	-4.394443e+00	4.721642e+00
5.650000e-06	-8.754326e-07	2.329351e-11	-4.719827e+00	1.953531e+00
5.660000e-06	-9.357718e-07	-2.486686e-12	-5.045141e+00	-8.125643e-01
5.670000e-06	-9.961640e-07	-2.688025e-11	-5.370741e+00	-3.573184e+00
5.680000e-06	-1.056540e-06	-4.983895e-11	-5.696253e+00	-6.324980e+00
5.690000e-06	-1.116815e-06	-7.233809e-11	-6.021222e+00	-9.064745e+00
5.700000e-06	-1.177058e-06	-9.624819e-11	-6.346014e+00	-1.178943e+01
5.710000e-06	-1.237263e-06	-1.212853e-10	-6.670605e+00	-1.449617e+01
5.720000e-06	-1.297381e-06	-1.454645e-10	-6.994731e+00	-1.718229e+01
5.730000e-06	-1.357464e-06	-1.691948e-10	-7.318661e+00	-1.984534e+01
5.740000e-06	-1.417395e-06	-1.924740e-10	-7.641776e+00	-2.248309e+01
5.750000e-06	-1.477240e-06	-2.151384e-10	-7.964423e+00	-2.509353e+01
5.760000e-06	-1.536977e-06	-2.386395e-10	-8.286494e+00	-2.767492e+01
5.770000e-06	-1.596584e-06	-2.627540e-10	-8.607857e+00	-3.022572e+01
5.780000e-06	-1.656177e-06	-2.870190e-10	-8.929147e+00	-3.274468e+01
5.790000e-06	-1.715598e-06	-3.115622e-10	-9.249514e+00	-3.523074e+01
5.800000e-06	-1.774891e-06	-3.359266e-10	-9.569185e+00	-3.768311e+01
5.810000e-06	-1.834193e-06	-3.593335e-10	-9.888909e+00	-4.010121e+01
5.820000e-06	-1.893295e-06	-3.810237e-10	-1.020755e+01	-4.248468e+01
5.830000e-06	-1.952129e-06	-4.020454e-10	-1.052475e+01	-4.483337e+01
5.840000e-06	-2.010842e-06	-4.242755e-10	-1.084130e+01	-4.714728e+01
5.850000e-06	-2.069310e-06	-4.468054e-10	-1.115652e+01	-4.942664e+01
5.860000e-06	-2.127592e-06	-4.670165e-10	-1.147075e+01	-5.167179e+01
5.870000e-06	-2.185811e-06	-4.861006e-10	-1.178463e+01	-5.388322e+01
5.880000e-06	-2.243877e-06	-5.062748e-10	-1.209769e+01	-5.606155e+01
5.890000e-06	-2.301838e-06	-5.265984e-10	-1.241018e+01	-5.820748e+01
5.900000e-06	-2.359782e-06	-5.462532e-10	-1.272258e+01	-6.032179e+01
5.910000e-06	-2.417476e-06	-5.658241e-10	-1.303363e+01	-6.240532e+01
5.920000e-06	-2.474858e-06	-5.848463e-10	-1.334300e+01	-6.445897e+01
5.930000e-06	-2.532099e-06	-6.036394e-10	-1.365162e+01	-6.648364e+01
5.940000e-06	-2.588965e-06	-6.236714e-10	-1.395820e+01	-6.848023e+01
5.950000e-06	-2.645627e-06	-6.443951e-10	-1.426369e+01	-7.044965e+01
5.960000e-06	-2.702160e-06	-6.635192e-10	-1.456849e+01	-7.239277e+01
5.970000e-06	-2.758523e-06	-6.807171e-10	-1.487236e+01	-7.431041e+01
5.980000e-06	-2.814909e-06	-6.976719e-10	-1.517636e+01	-7.620336e+01
5.990000e-06	-2.871166e-06	-7.144625e-10	-1.547967e+01	-7.807233e+01
6.000000e-06	-2.927262e-06	-7.310124e-10	-1.578210e+01	-7.991797e+01
6.010000e-06	-2.983340e-06	-7.475191e-10	-1.608445e+01	-8.174084e+01
6.020000e-06	-3.039335e-06	-7.629013e-10	-1.638634e+01	-8.354144e+01
6.030000e-06	-3.095025e-06	-7.779398e-10	-1.668659e+01	-8.532017e+01
6.040000e-06	-3.150334e-06	-7.948875e-10	-1.698478e+01	-8.707733e+01
6.050000e-06	-3.205250e-06	-8.126509e-10	-1.728085e+01	-8.881318e+01
6.060000e-06	-3.259731e-06	-8.288568e-10	-1.757459e+01	-9.052784e+01
6.070000e-06	-3.313682e-06	-8.437344e-10	-1.786546e+01	-9.222141e+01
6.080000e-06	-3.367300e-06	-8.586315e-10	-1.815454e+01	-9.389386e+01
6.090000e-06	-3.420780e-06	-8.746051e-10	-1.844287e+01	-9.554513e+01
6.100000e-06	-3.473942e-06	-8.915291e-10	-1.872949e+01	-9.717510e+01
6.110000e-06	-3.526724e-06	-9.070789e-10	-1.901406e+01	-9.878356e+01
6.120000e-06	-3.579212e-06	-9.207840e-10	-1.929704e+01	-1.003703e+02
6.130000e-06	-3.631511e-06	-9.344023e-10	-1.957901e+01	-1.019351e+02
6.140000e-06	-3.683558e-06	-9.481525e-10	-1.985962e+01	-1.034775e+02
6.150000e-06	-3.735307e-06	-9.624413e-10	-2.013862e+01	-1.049975e+02
6.160000e-06	-3.786789e-06	-9.766065e-10	-2.041618e+01	-1.064945e+02
6.170000e-06	-3.837947e-06	-9.900504e-10	-2.069199e+01	-1.079683e+02
6.180000e-06	-3.888678e-06	-1.002929e-09	-2.096550e+01	-1.094187e+02
6.190000e-06	-3.938876e-06	-1.015022e-09	-2.123615e+01	-1.108453e+02
6.200000e-06	-3.988901e-06	-1.026824e-09	-2.150585e+01	-1.122479e+02
6.210000e-06	-4.038981e-06	-1.037999e-09	-2.177585e+01	-1.136262e+02
6.220000e-06	-4.088668e-06	-1.048791e-09	-2.204373e+01	-1.149802e+02
6.230000e-06	-4.137851e-06	-1.060161e-09	-2.230890e+01	-1.163097e+02
6.240000e-06	-4.186616e-06	-1.071964e-09	-2.257182e+01	-1.176145e+02
6.250000e-06	-4.234829e-06	-1.083916e-09	-2.283175e+01	-1.188948e+02
6.260000e-06	-4.282502e-06	-1.095669e-09	-2.308877e+01	-1.201504e+02
6.270000e-06	-4.329846e-06	-1.106544e-09	-2.334403e+01	-1.213815e+02
6.280000e-06	-4.377175e-06	-1.117493e-09	-2.359920e+01	-1.225882e+02
6.290000e-06	-4.424238e-06	-1.129308e-09	-2.385294e+01	-1.237707e+02
6.300000e-06	-4.470937e-06	-1.141206e-09	-2.410471e+01	-1.249292e+02
6.310000e-06	-4.517477e-06	-1.152831e-09	-2.435562e+01	-1.260640e+02
6.320000e-06	-4.563769e-06	-1.162620e-09	-2.460520e+01	-1.271754e+02
6.330000e-06	-4.609717e-06	-1.171210e-09	-2.485293e+01	-1.282637e+02
6.340000e-06	-4.655232e-06	-1.180472e-09	-2.509832e+01	-1.293294e+02
6.350000e-06	-4.700420e-06	-1.190310e-09	-2.534195e+01	-1.303729e+02
6.360000e-06	-4.745275e-06	-1.199789e-09	-2.558378e+01	-1.313946e+02
6.370000e-06	-4.789805e-06	-1.208260e-09	-2.582386e+01	-1.323949e+02
6.380000e-06	-4.834142e-06	-1.217309e-09	-2.606290e+01	-1.333744e+02
6.390000e-06	-4.878325e-06	-1.226150e-09	-2.630111e+01	-1.343335e+02
6.400000e-06	-4.922279e-06	-1.233049e-09	-2.653809e+01	-1.352727e+02
6.410000e-06	-4.965831e-06	-1.239843e-09	-2.677289e+01	-1.361924e+02
6.420000e-06	-5.008961e-06	-1.248503e-09	-2.700542e+01	-1.370932e+02
6.430000e-06	-5.051761e-06	-1.257490e-09	-2.723618e+01	-1.379756e+02
6.440000e-06	-5.094236e-06	-1.265896e-09	-2.746518e+01	-1.388398e+02
6.450000e-06	-5.136455e-06	-1.273707e-09	-2.769280e+01	-1.396865e+02
6.460000e-06	-5.178414e-06	-1.281283e-09	-2.791902e+01	-1.405159e+02
6.470000e-06	-5.219953e-06	-1.289598e-09	-2.814297e+01	-1.413285e+02
6.480000e-06	-5.261080e-06	-1.297142e-09	-2.836470e+01	-1.421247e+02
6.490000e-06	-5.301840e-06	-1.304061e-09	-2.858446e+01	-1.429048e+02
6.500000e-06	-5.342332e-06	-1.310926e-09	-2.880277e+01	-1.436692e+02
6.510000e-06	-5.382561e-06	-1.317787e-09	-2.901966e+01	-1.444182e+02
6.520000e-06	-5.422557e-06	-1.324659e-09	-2.923529e+01	-1.451521e+02
6.530000e-06	-5.462176e-06	-1.330117e-09	-2.944890e+01	-1.458712e+02
6.540000e-06	-5.501210e-06	-1.333998e-09	-2.965934e+01	-1.465757e+02
6.550000e-06	-5.539619e-06	-1.338969e-09	-2.986643e+01	-1.472661e+02
6.560000e-06	-5.577473e-06	-1.346263e-09	-3.007051e+01	-1.479425e+02
6.570000e-06	-5.614763e-06	-1.352411e-09	-3.027156e+01	-1.486053e+02
6.580000e-06	-5.651525e-06	-1.358288e-09	-3.046976e+01	-1.492546e+02
6.590000e-06	-5.688028e-06	-1.364719e-09	-3.066656e+01	-1.498909e+02
6.600000e-06	-5.724273e-06	-1.369767e-09	-3.086198e+01	-1.505143e+02
6.610000e-06	-5.760158e-06	-1.374526e-09	-3.105544e+01	-1.511253e+02
6.620000e-06	-5.795671e-06	-1.378677e-09	-3.124691e+01	-1.517241e+02
6.630000e-06	-5.830852e-06	-1.382115e-09	-3.143658e+01	-1.523111e+02
6.640000e-06	-5.865475e-06	-1.384601e-09	-3.162325e+01	-1.528866e+02
6.650000e-06	-5.899578e-06	-1.388730e-09	-3.180712e+01	-1.534509e+02
6.660000e-06	-5.933389e-06	-1.394142e-09	-3.198941e+01	-1.540044e+02
6.670000e-06	-5.966752e-06	-1.397521e-09	-3.216928e+01	-1.545476e+02
6.680000e-06	-5.999644e-06	-1.401536e-09	-3.234661e+01	-1.550808e+02
6.690000e-06	-6.032237e-06	-1.406057e-09	-3.252234e+01	-1.556044e+02
6.700000e-06	-6.064609e-06	-1.409951e-09	-3.269687e+01	-1.561188e+02
6.710000e-06	-6.096634e-06	-1.413418e-09	-3.286953e+01	-1.566245e+02
6.720000e-06	-6.128137e-06	-1.415420e-09	-3.303937e+01	-1.571218e+02
6.730000e-06	-6.159096e-06	-1.416408e-09	-3.320629e+01	-1.576112e+02
6.740000e-06	-6.189369e-06	-1.417930e-09	-3.336950e+01	-1.580930e+02
6.750000e-06	-6.218915e-06	-1.421411e-09	-3.352879e+01	-1.585676e+02
6.760000e-06	-6.247905e-06	-1.426826e-09	-3.368510e+01	-1.590354e+02
6.770000e-06	-6.276491e-06	-1.432205e-09	-3.383921e+01	-1.594967e+02
6.780000e-06	-6.304820e-06	-1.436295e-09	-3.399195e+01	-1.599519e+02
6.790000e-06	-6.332837e-06	-1.439549e-09	-3.414300e+01	-1.604011e+02
6.800000e-06	-6.360440e-06	-1.441295e-09	-3.429182e+01	-1.608446e+02
6.810000e-06	-6.387584e-06	-1.442970e-09	-3.443816e+01	-1.612826e+02
6.820000e-06	-6.414348e-06	-1.444855e-09	-3.458246e+01	-1.617153e+02
6.830000e-06	-6.440708e-06	-1.446981e-09	-3.472458e+01	-1.621428e+02
6.840000e-06	-6.466537e-06	-1.450990e-09	-3.486383e+01	-1.625651e+02
6.850000e-06	-6.491793e-06	-1.454186e-09	-3.500000e+01	-1.629822e+02
6.860000e-06	-6.516556e-06	-1.455872e-09	-3.513351e+01	-1.633941e+02
6.870000e-06	-6.541022e-06	-1.457356e-09	-3.526541e+01	-1.638008e+02
6.880000e-06	-6.565220e-06	-1.459262e-09	-3.539587e+01	-1.642020e+02
6.890000e-06	-6.589052e-06	-1.463202e-09	-3.552436e+01	-1.645977e+02
6.900000e-06	-6.612376e-06	-1.467186e-09	-3.565011e+01	-1.649877e+02
6.910000e-06	-6.635011e-06	-1.469874e-09	-3.577214e+01	-1.653716e+02
6.920000e-06	-6.656825e-06	-1.471959e-09	-3.588975e+01	-1.657492e+02
6.930000e-06	-6.677857e-06	-1.473810e-09	-3.600315e+01	-1.661202e+02
6.940000e-06	-6.698354e-06	-1.475811e-09	-3.611365e+01	-1.664843e+02
6.950000e-06	-6.718691e-06	-1.477878e-09	-3.622330e+01	-1.668411e+02
6.960000e-06	-6.738686e-06	-1.481141e-09	-3.633110e+01	-1.671904e+02
6.970000e-06	-6.758093e-06	-1.484440e-09	-3.643573e+01	-1.675316e+02
6.980000e-06	-6.777136e-06	-1.487194e-09	-3.653840e+01	-1.678646e+02
6.990000e-06	-6.795783e-06	-1.489142e-09	-3.663894e+01	-1.681890e+02
7.000000e-06	-6.813941e-06	-1.489116e-09	-3.673683e+01	-1.685044e+02
7.010000e-06	-6.831642e-06	-1.489487e-09	-3.683227e+01	-1.688105e+02
7.020000e-06	-6.848902e-06	-1.492457e-09	-3.692532e+01	-1.691070e+02
7.030000e-06	-6.865750e-06	-1.495894e-09	-3.701616e+01	-1.693937e+02
7.040000e-06	-6.882235e-06	-1.497335e-09	-3.710504e+01	-1.696704e+02
7.050000e-06	-6.898353e-06	-1.497595e-09	-3.719193e+01	-1.699369e+02
7.060000e-06	-6.913848e-06	-1.499143e-09	-3.727547e+01	-1.701929e+02
7.070000e-06	-6.928587e-06	-1.500937e-09	-3.735494e+01	-1.704385e+02
7.080000e-06	-6.942621e-06	-1.502400e-09	-3.743060e+01	-1.706735e+02
7.090000e-06	-6.956063e-06	-1.504554e-09	-3.750307e+01	-1.708978e+02
7.100000e-06	-6.968955e-06	-1.506422e-09	-3.757258e+01	-1.711116e+02
7.110000e-06	-6.981287e-06	-1.508189e-09	-3.763907e+01	-1.713147e+02
7.120000e-06	-6.993070e-06	-1.509523e-09	-3.770259e+01	-1.715074e+02
7.130000e-06	-7.004196e-06	-1.510043e-09	-3.776258e+01	-1.716896e+02
7.140000e-06	-7.014853e-06	-1.509764e-09	-3.782004e+01	-1.718615e+02
7.150000e-06	-7.025110e-06	-1.507995e-09	-3.787534e+01	-1.720233e+02
7.160000e-06	-7.034850e-06	-1.508009e-09	-3.792785e+01	-1.721752e+02
7.170000e-06	-7.044140e-06	-1.510594e-09	-3.797794e+01	-1.723173e+02
7.180000e-06	-7.052971e-06	-1.512000e-09	-3.802555e+01	-1.724499e+02
7.190000e-06	-7.061360e-06	-1.512185e-09	-3.807078e+01	-1.725731e+02
7.200000e-06	-7.069463e-06	-1.511062e-09	-3.811446e+01	-1.726872e+02
7.210000e-06	-7.077237e-06	-1.509316e-09	-3.815637e+01	-1.727925e+02
7.220000e-06	-7.084376e-06	-1.507882e-09	-3.819486e+01	-1.728891e+02
7.230000e-06	-7.090669e-06	-1.506406e-09	-3.822879e+01	-1.729772e+02
7.240000e-06	-7.096059e-06	-1.505706e-09	-3.825785e+01	-1.730571e+02
7.250000e-06	-7.100807e-06	-1.505332e-09	-3.828345e+01	-1.731291e+02
7.260000e-06	-7.105258e-06	-1.505047e-09	-3.830745e+01	-1.731932e+02
7.270000e-06	-7.109446e-06	-1.504374e-09	-3.833002e+01	-1.732496e+02
7.280000e-06	-7.113226e-06	-1.503097e-09	-3.835040e+01	-1.732986e+02
7.290000e-06	-7.116455e-06	-1.501235e-09	-3.836781e+01	-1.733403e+02
7.300000e-06	-7.119207e-06	-1.499760e-09	-3.838265e+01	-1.733749e+02
7.310000e-06	-7.121616e-06	-1.499467e-09	-3.839564e+01	-1.734025e+02
7.320000e-06	-7.123586e-06	-1.498873e-09	-3.840626e+01	-1.734233e+02
7.330000e-06	-7.124994e-06	-1.497480e-09	-3.841385e+01	-1.734373e+02
7.340000e-06	-7.125857e-06	-1.496235e-09	-3.841850e+01	-1.734448e+02
