# Temperatura_=_20.0
# Concentracion g/m^3_=_7400.0
# C_Vs_to_Am_M_A/Vsm_=_116720831517.84952
# pendiente_HvsI_1/m_=_3716.3
# ordenada_HvsI_A/m_=_1297.0
# frecuencia_Hz_=_136117.50531176841

Tiempo_(s)	Campo_(V.s)	Magnetizacion_(V.s)	Campo_(kA/m)	Magnetizacion_(A/m)
0.000000e+00	-7.102592e-06	-1.350720e-09	-3.841934e+01	-1.566486e+02
1.000000e-08	-7.102742e-06	-1.351200e-09	-3.842015e+01	-1.566409e+02
2.000000e-08	-7.102553e-06	-1.351470e-09	-3.841913e+01	-1.566256e+02
3.000000e-08	-7.101675e-06	-1.349063e-09	-3.841438e+01	-1.566026e+02
4.000000e-08	-7.100011e-06	-1.346289e-09	-3.840538e+01	-1.565723e+02
5.000000e-08	-7.097603e-06	-1.345324e-09	-3.839236e+01	-1.565350e+02
6.000000e-08	-7.094461e-06	-1.346046e-09	-3.837536e+01	-1.564908e+02
7.000000e-08	-7.090965e-06	-1.350989e-09	-3.835645e+01	-1.564401e+02
8.000000e-08	-7.087232e-06	-1.360206e-09	-3.833626e+01	-1.563834e+02
9.000000e-08	-7.082912e-06	-1.344001e-09	-3.831289e+01	-1.563210e+02
1.000000e-07	-7.077708e-06	-1.291110e-09	-3.828474e+01	-1.562533e+02
1.100000e-07	-7.071913e-06	-1.297770e-09	-3.825339e+01	-1.561808e+02
1.200000e-07	-7.065946e-06	-1.400775e-09	-3.822112e+01	-1.561039e+02
1.300000e-07	-7.059894e-06	-1.413212e-09	-3.818838e+01	-1.560230e+02
1.400000e-07	-7.053308e-06	-1.281150e-09	-3.815275e+01	-1.559386e+02
1.500000e-07	-7.045967e-06	-1.256198e-09	-3.811305e+01	-1.558510e+02
1.600000e-07	-7.038266e-06	-1.408594e-09	-3.807139e+01	-1.557607e+02
1.700000e-07	-7.030317e-06	-1.419431e-09	-3.802839e+01	-1.556679e+02
1.800000e-07	-7.021772e-06	-1.224849e-09	-3.798217e+01	-1.555730e+02
1.900000e-07	-7.012321e-06	-1.222284e-09	-3.793105e+01	-1.554762e+02
2.000000e-07	-7.002211e-06	-1.438741e-09	-3.787636e+01	-1.553778e+02
2.100000e-07	-6.991797e-06	-1.434111e-09	-3.782003e+01	-1.552778e+02
2.200000e-07	-6.980710e-06	-1.219491e-09	-3.776006e+01	-1.551763e+02
2.300000e-07	-6.968844e-06	-1.235467e-09	-3.769587e+01	-1.550735e+02
2.400000e-07	-6.956559e-06	-1.406569e-09	-3.762942e+01	-1.549692e+02
2.500000e-07	-6.943852e-06	-1.351055e-09	-3.756069e+01	-1.548633e+02
2.600000e-07	-6.930529e-06	-1.226033e-09	-3.748862e+01	-1.547558e+02
2.700000e-07	-6.916618e-06	-1.318091e-09	-3.741337e+01	-1.546463e+02
2.800000e-07	-6.901896e-06	-1.386880e-09	-3.733373e+01	-1.545348e+02
2.900000e-07	-6.886224e-06	-1.273796e-09	-3.724896e+01	-1.544207e+02
3.000000e-07	-6.869988e-06	-1.264221e-09	-3.716114e+01	-1.543039e+02
3.100000e-07	-6.853416e-06	-1.359901e-09	-3.707150e+01	-1.541840e+02
3.200000e-07	-6.836483e-06	-1.289214e-09	-3.697990e+01	-1.540606e+02
3.300000e-07	-6.819047e-06	-1.217814e-09	-3.688559e+01	-1.539332e+02
3.400000e-07	-6.801200e-06	-1.350375e-09	-3.678905e+01	-1.538016e+02
3.500000e-07	-6.782995e-06	-1.380304e-09	-3.669058e+01	-1.536652e+02
3.600000e-07	-6.764305e-06	-1.217274e-09	-3.658948e+01	-1.535238e+02
3.700000e-07	-6.745057e-06	-1.228189e-09	-3.648536e+01	-1.533769e+02
3.800000e-07	-6.725469e-06	-1.364495e-09	-3.637941e+01	-1.532242e+02
3.900000e-07	-6.705556e-06	-1.297179e-09	-3.627170e+01	-1.530654e+02
4.000000e-07	-6.685146e-06	-1.207713e-09	-3.616129e+01	-1.529003e+02
4.100000e-07	-6.664175e-06	-1.306634e-09	-3.604786e+01	-1.527285e+02
4.200000e-07	-6.642662e-06	-1.334425e-09	-3.593149e+01	-1.525500e+02
4.300000e-07	-6.620591e-06	-1.237659e-09	-3.581210e+01	-1.523645e+02
4.400000e-07	-6.598173e-06	-1.262338e-09	-3.569084e+01	-1.521721e+02
4.500000e-07	-6.575523e-06	-1.311272e-09	-3.556832e+01	-1.519726e+02
4.600000e-07	-6.552426e-06	-1.240143e-09	-3.544338e+01	-1.517661e+02
4.700000e-07	-6.528962e-06	-1.238629e-09	-3.531646e+01	-1.515526e+02
4.800000e-07	-6.505173e-06	-1.315229e-09	-3.518778e+01	-1.513323e+02
4.900000e-07	-6.480859e-06	-1.272490e-09	-3.505626e+01	-1.511052e+02
5.000000e-07	-6.455874e-06	-1.214889e-09	-3.492111e+01	-1.508716e+02
5.100000e-07	-6.430075e-06	-1.266682e-09	-3.478156e+01	-1.506317e+02
5.200000e-07	-6.403497e-06	-1.275277e-09	-3.463779e+01	-1.503856e+02
5.300000e-07	-6.376355e-06	-1.222783e-09	-3.449098e+01	-1.501336e+02
5.400000e-07	-6.348826e-06	-1.240641e-09	-3.434207e+01	-1.498759e+02
5.500000e-07	-6.321110e-06	-1.265379e-09	-3.419215e+01	-1.496127e+02
5.600000e-07	-6.293096e-06	-1.232960e-09	-3.404061e+01	-1.493443e+02
5.700000e-07	-6.264562e-06	-1.230084e-09	-3.388627e+01	-1.490709e+02
5.800000e-07	-6.235548e-06	-1.248993e-09	-3.372933e+01	-1.487926e+02
5.900000e-07	-6.206159e-06	-1.228345e-09	-3.357036e+01	-1.485095e+02
6.000000e-07	-6.176482e-06	-1.217503e-09	-3.340982e+01	-1.482219e+02
6.100000e-07	-6.146425e-06	-1.235445e-09	-3.324724e+01	-1.479297e+02
6.200000e-07	-6.115735e-06	-1.232102e-09	-3.308123e+01	-1.476329e+02
6.300000e-07	-6.084509e-06	-1.218986e-09	-3.291232e+01	-1.473316e+02
6.400000e-07	-6.053031e-06	-1.219218e-09	-3.274205e+01	-1.470257e+02
6.500000e-07	-6.021400e-06	-1.214633e-09	-3.257096e+01	-1.467151e+02
6.600000e-07	-5.989443e-06	-1.207966e-09	-3.239810e+01	-1.463996e+02
6.700000e-07	-5.956994e-06	-1.209968e-09	-3.222257e+01	-1.460790e+02
6.800000e-07	-5.923943e-06	-1.208345e-09	-3.204379e+01	-1.457530e+02
6.900000e-07	-5.890222e-06	-1.202195e-09	-3.186139e+01	-1.454214e+02
7.000000e-07	-5.855847e-06	-1.196877e-09	-3.167545e+01	-1.450839e+02
7.100000e-07	-5.820854e-06	-1.191426e-09	-3.148617e+01	-1.447400e+02
7.200000e-07	-5.785428e-06	-1.189369e-09	-3.129454e+01	-1.443895e+02
7.300000e-07	-5.749787e-06	-1.188285e-09	-3.110175e+01	-1.440320e+02
7.400000e-07	-5.713901e-06	-1.182254e-09	-3.090763e+01	-1.436670e+02
7.500000e-07	-5.677748e-06	-1.179310e-09	-3.071208e+01	-1.432942e+02
7.600000e-07	-5.641209e-06	-1.181245e-09	-3.051443e+01	-1.429133e+02
7.700000e-07	-5.604187e-06	-1.177839e-09	-3.031417e+01	-1.425238e+02
7.800000e-07	-5.566781e-06	-1.169830e-09	-3.011183e+01	-1.421254e+02
7.900000e-07	-5.528978e-06	-1.163207e-09	-2.990735e+01	-1.417178e+02
8.000000e-07	-5.490632e-06	-1.157401e-09	-2.969992e+01	-1.413007e+02
8.100000e-07	-5.451712e-06	-1.153687e-09	-2.948940e+01	-1.408738e+02
8.200000e-07	-5.412471e-06	-1.151716e-09	-2.927714e+01	-1.404370e+02
8.300000e-07	-5.373006e-06	-1.147492e-09	-2.906367e+01	-1.399900e+02
8.400000e-07	-5.333379e-06	-1.141172e-09	-2.884931e+01	-1.395328e+02
8.500000e-07	-5.293579e-06	-1.136710e-09	-2.863403e+01	-1.390653e+02
8.600000e-07	-5.253420e-06	-1.133994e-09	-2.841680e+01	-1.385873e+02
8.700000e-07	-5.212710e-06	-1.129413e-09	-2.819659e+01	-1.380990e+02
8.800000e-07	-5.171452e-06	-1.122801e-09	-2.797342e+01	-1.376004e+02
8.900000e-07	-5.129653e-06	-1.115070e-09	-2.774732e+01	-1.370916e+02
9.000000e-07	-5.087142e-06	-1.109221e-09	-2.751737e+01	-1.365726e+02
9.100000e-07	-5.043965e-06	-1.105080e-09	-2.728382e+01	-1.360437e+02
9.200000e-07	-5.000464e-06	-1.099072e-09	-2.704851e+01	-1.355050e+02
9.300000e-07	-4.956791e-06	-1.092160e-09	-2.681227e+01	-1.349568e+02
9.400000e-07	-4.912970e-06	-1.087786e-09	-2.657524e+01	-1.343992e+02
9.500000e-07	-4.868953e-06	-1.084653e-09	-2.633714e+01	-1.338324e+02
9.600000e-07	-4.824514e-06	-1.080044e-09	-2.609676e+01	-1.332567e+02
9.700000e-07	-4.779718e-06	-1.073859e-09	-2.585445e+01	-1.326722e+02
9.800000e-07	-4.734624e-06	-1.066879e-09	-2.561053e+01	-1.320793e+02
9.900000e-07	-4.689180e-06	-1.060420e-09	-2.536471e+01	-1.314780e+02
1.000000e-06	-4.643467e-06	-1.056029e-09	-2.511744e+01	-1.308685e+02
1.010000e-06	-4.597438e-06	-1.052291e-09	-2.486846e+01	-1.302509e+02
1.020000e-06	-4.551091e-06	-1.046590e-09	-2.461776e+01	-1.296254e+02
1.030000e-06	-4.504264e-06	-1.039681e-09	-2.436447e+01	-1.289920e+02
1.040000e-06	-4.457040e-06	-1.033983e-09	-2.410902e+01	-1.283507e+02
1.050000e-06	-4.409653e-06	-1.029694e-09	-2.385270e+01	-1.277015e+02
1.060000e-06	-4.362053e-06	-1.024902e-09	-2.359522e+01	-1.270444e+02
1.070000e-06	-4.314236e-06	-1.019079e-09	-2.333657e+01	-1.263792e+02
1.080000e-06	-4.266120e-06	-1.013635e-09	-2.307629e+01	-1.257058e+02
1.090000e-06	-4.217606e-06	-1.008079e-09	-2.281387e+01	-1.250240e+02
1.100000e-06	-4.168608e-06	-1.002116e-09	-2.254884e+01	-1.243337e+02
1.110000e-06	-4.119347e-06	-9.959253e-10	-2.228237e+01	-1.236344e+02
1.120000e-06	-4.069815e-06	-9.888494e-10	-2.201444e+01	-1.229260e+02
1.130000e-06	-4.019624e-06	-9.816017e-10	-2.174295e+01	-1.222082e+02
1.140000e-06	-3.968848e-06	-9.758743e-10	-2.146829e+01	-1.214805e+02
1.150000e-06	-3.917709e-06	-9.711784e-10	-2.119167e+01	-1.207427e+02
1.160000e-06	-3.866358e-06	-9.653194e-10	-2.091390e+01	-1.199944e+02
1.170000e-06	-3.814832e-06	-9.584366e-10	-2.063519e+01	-1.192351e+02
1.180000e-06	-3.762994e-06	-9.514967e-10	-2.035479e+01	-1.184646e+02
1.190000e-06	-3.710759e-06	-9.454508e-10	-2.007224e+01	-1.176824e+02
1.200000e-06	-3.658164e-06	-9.397490e-10	-1.978774e+01	-1.168882e+02
1.210000e-06	-3.605277e-06	-9.326519e-10	-1.950166e+01	-1.160815e+02
1.220000e-06	-3.552147e-06	-9.243244e-10	-1.921427e+01	-1.152622e+02
1.230000e-06	-3.498727e-06	-9.163344e-10	-1.892531e+01	-1.144298e+02
1.240000e-06	-3.445109e-06	-9.093044e-10	-1.863529e+01	-1.135840e+02
1.250000e-06	-3.391387e-06	-9.034806e-10	-1.834469e+01	-1.127246e+02
1.260000e-06	-3.337507e-06	-8.969852e-10	-1.805324e+01	-1.118513e+02
1.270000e-06	-3.283505e-06	-8.879800e-10	-1.776113e+01	-1.109640e+02
1.280000e-06	-3.229273e-06	-8.790327e-10	-1.746778e+01	-1.100625e+02
1.290000e-06	-3.174664e-06	-8.718442e-10	-1.717239e+01	-1.091466e+02
1.300000e-06	-3.119553e-06	-8.638245e-10	-1.687429e+01	-1.082162e+02
1.310000e-06	-3.064168e-06	-8.535929e-10	-1.657470e+01	-1.072712e+02
1.320000e-06	-3.008859e-06	-8.441027e-10	-1.627552e+01	-1.063117e+02
1.330000e-06	-2.953445e-06	-8.364750e-10	-1.597578e+01	-1.053376e+02
1.340000e-06	-2.897891e-06	-8.283783e-10	-1.567527e+01	-1.043489e+02
1.350000e-06	-2.842254e-06	-8.197411e-10	-1.537432e+01	-1.033457e+02
1.360000e-06	-2.786512e-06	-8.115373e-10	-1.507280e+01	-1.023280e+02
1.370000e-06	-2.730717e-06	-8.037820e-10	-1.477100e+01	-1.012959e+02
1.380000e-06	-2.674671e-06	-7.966543e-10	-1.446783e+01	-1.002496e+02
1.390000e-06	-2.618380e-06	-7.890020e-10	-1.416334e+01	-9.918907e+01
1.400000e-06	-2.562005e-06	-7.797938e-10	-1.385840e+01	-9.811448e+01
1.410000e-06	-2.505452e-06	-7.694998e-10	-1.355249e+01	-9.702591e+01
1.420000e-06	-2.448639e-06	-7.599680e-10	-1.324518e+01	-9.592347e+01
1.430000e-06	-2.391344e-06	-7.517417e-10	-1.293526e+01	-9.480723e+01
1.440000e-06	-2.333573e-06	-7.426300e-10	-1.262276e+01	-9.367726e+01
1.450000e-06	-2.275614e-06	-7.324139e-10	-1.230925e+01	-9.253359e+01
1.460000e-06	-2.217452e-06	-7.219690e-10	-1.199464e+01	-9.137623e+01
1.470000e-06	-2.158893e-06	-7.113430e-10	-1.167788e+01	-9.020514e+01
1.480000e-06	-2.099934e-06	-7.009711e-10	-1.135897e+01	-8.902024e+01
1.490000e-06	-2.040882e-06	-6.907322e-10	-1.103954e+01	-8.782140e+01
1.500000e-06	-1.981812e-06	-6.800251e-10	-1.072002e+01	-8.660844e+01
1.510000e-06	-1.922663e-06	-6.689801e-10	-1.040007e+01	-8.538113e+01
1.520000e-06	-1.863421e-06	-6.590632e-10	-1.007962e+01	-8.413916e+01
1.530000e-06	-1.804010e-06	-6.501431e-10	-9.758248e+00	-8.288216e+01
1.540000e-06	-1.744483e-06	-6.401548e-10	-9.436255e+00	-8.160969e+01
1.550000e-06	-1.684963e-06	-6.287076e-10	-9.114303e+00	-8.032123e+01
1.560000e-06	-1.625453e-06	-6.171294e-10	-8.792402e+00	-7.901620e+01
1.570000e-06	-1.565860e-06	-6.062327e-10	-8.470048e+00	-7.769394e+01
1.580000e-06	-1.506098e-06	-5.957448e-10	-8.146786e+00	-7.635369e+01
1.590000e-06	-1.446257e-06	-5.845929e-10	-7.823093e+00	-7.499466e+01
1.600000e-06	-1.386351e-06	-5.728668e-10	-7.499048e+00	-7.361594e+01
1.610000e-06	-1.326352e-06	-5.611793e-10	-7.174505e+00	-7.221659e+01
1.620000e-06	-1.266290e-06	-5.494658e-10	-6.849618e+00	-7.079557e+01
1.630000e-06	-1.206178e-06	-5.382031e-10	-6.524460e+00	-6.935180e+01
1.640000e-06	-1.146034e-06	-5.262994e-10	-6.199129e+00	-6.788415e+01
1.650000e-06	-1.085883e-06	-5.134529e-10	-5.873756e+00	-6.639142e+01
1.660000e-06	-1.025582e-06	-5.020282e-10	-5.547579e+00	-6.487239e+01
1.670000e-06	-9.651831e-07	-4.917071e-10	-5.220868e+00	-6.332580e+01
1.680000e-06	-9.048430e-07	-4.796720e-10	-4.894477e+00	-6.175038e+01
1.690000e-06	-8.444525e-07	-4.658965e-10	-4.567813e+00	-6.014486e+01
1.700000e-06	-7.840497e-07	-4.527218e-10	-4.241082e+00	-5.850797e+01
1.710000e-06	-7.235615e-07	-4.404559e-10	-3.913889e+00	-5.683847e+01
1.720000e-06	-6.629045e-07	-4.275407e-10	-3.585783e+00	-5.513513e+01
1.730000e-06	-6.022224e-07	-4.139794e-10	-3.257541e+00	-5.339681e+01
1.740000e-06	-5.414520e-07	-3.999434e-10	-2.928822e+00	-5.162241e+01
1.750000e-06	-4.805461e-07	-3.855318e-10	-2.599370e+00	-4.981093e+01
1.760000e-06	-4.196732e-07	-3.710351e-10	-2.270096e+00	-4.796145e+01
1.770000e-06	-3.588203e-07	-3.557978e-10	-1.940931e+00	-4.607320e+01
1.780000e-06	-2.979102e-07	-3.402759e-10	-1.611456e+00	-4.414550e+01
1.790000e-06	-2.369217e-07	-3.254298e-10	-1.281557e+00	-4.217785e+01
1.800000e-06	-1.759344e-07	-3.103801e-10	-9.516642e-01	-4.016989e+01
1.810000e-06	-1.149637e-07	-2.941913e-10	-6.218619e-01	-3.812144e+01
1.820000e-06	-5.404456e-08	-2.769375e-10	-2.923378e-01	-3.603251e+01
1.830000e-06	6.758552e-09	-2.584990e-10	3.655836e-02	-3.390330e+01
1.840000e-06	6.763398e-08	-2.395927e-10	3.658458e-01	-3.173423e+01
1.850000e-06	1.285950e-07	-2.219806e-10	6.955958e-01	-2.952592e+01
1.860000e-06	1.895342e-07	-2.056532e-10	1.025228e+00	-2.727921e+01
1.870000e-06	2.504927e-07	-1.888612e-10	1.354965e+00	-2.499516e+01
1.880000e-06	3.113702e-07	-1.707117e-10	1.684264e+00	-2.267506e+01
1.890000e-06	3.721878e-07	-1.521875e-10	2.013239e+00	-2.032041e+01
1.900000e-06	4.329189e-07	-1.334889e-10	2.341745e+00	-1.793293e+01
1.910000e-06	4.935397e-07	-1.139276e-10	2.669655e+00	-1.551456e+01
1.920000e-06	5.542191e-07	-9.474619e-11	2.997882e+00	-1.306744e+01
1.930000e-06	6.149901e-07	-7.617736e-11	3.326604e+00	-1.059389e+01
1.940000e-06	6.757256e-07	-5.720976e-11	3.655135e+00	-8.096409e+00
1.950000e-06	7.363563e-07	-3.777207e-11	3.983098e+00	-5.577675e+00
1.960000e-06	7.969094e-07	-1.749278e-11	4.310643e+00	-3.040498e+00
1.970000e-06	8.574024e-07	3.904166e-12	4.637861e+00	-4.878190e-01
1.980000e-06	9.178126e-07	2.451235e-11	4.964632e+00	2.077313e+00
1.990000e-06	9.780845e-07	4.348877e-11	5.290655e+00	4.651765e+00
2.000000e-06	1.038324e-06	6.275701e-11	5.616500e+00	7.232340e+00
2.010000e-06	1.098519e-06	8.342699e-11	5.942107e+00	9.815803e+00
2.020000e-06	1.158643e-06	1.038872e-10	6.267331e+00	1.239890e+01
2.030000e-06	1.218700e-06	1.244138e-10	6.592192e+00	1.497839e+01
2.040000e-06	1.278691e-06	1.455711e-10	6.916697e+00	1.755107e+01
2.050000e-06	1.338603e-06	1.661895e-10	7.240771e+00	2.011376e+01
2.060000e-06	1.398407e-06	1.862571e-10	7.564263e+00	2.266339e+01
2.070000e-06	1.458144e-06	2.060505e-10	7.887395e+00	2.519698e+01
2.080000e-06	1.517791e-06	2.252216e-10	8.210034e+00	2.771167e+01
2.090000e-06	1.577384e-06	2.442442e-10	8.532384e+00	3.020471e+01
2.100000e-06	1.636981e-06	2.644703e-10	8.854760e+00	3.267353e+01
2.110000e-06	1.696558e-06	2.848901e-10	9.177020e+00	3.511572e+01
2.120000e-06	1.756062e-06	3.045046e-10	9.498889e+00	3.752905e+01
2.130000e-06	1.815475e-06	3.234051e-10	9.820267e+00	3.991148e+01
2.140000e-06	1.874797e-06	3.411483e-10	1.014115e+01	4.226114e+01
2.150000e-06	1.934017e-06	3.577518e-10	1.046148e+01	4.457640e+01
2.160000e-06	1.993041e-06	3.750647e-10	1.078076e+01	4.685581e+01
2.170000e-06	2.051892e-06	3.936395e-10	1.109909e+01	4.909813e+01
2.180000e-06	2.110640e-06	4.118383e-10	1.141688e+01	5.130233e+01
2.190000e-06	2.169223e-06	4.294852e-10	1.173376e+01	5.346757e+01
2.200000e-06	2.227466e-06	4.466976e-10	1.204881e+01	5.559321e+01
2.210000e-06	2.285361e-06	4.627966e-10	1.236197e+01	5.767879e+01
2.220000e-06	2.342978e-06	4.774196e-10	1.267364e+01	5.972404e+01
2.230000e-06	2.400277e-06	4.920064e-10	1.298358e+01	6.172884e+01
2.240000e-06	2.457311e-06	5.080005e-10	1.329209e+01	6.369324e+01
2.250000e-06	2.514091e-06	5.242799e-10	1.359922e+01	6.561741e+01
2.260000e-06	2.570651e-06	5.392025e-10	1.390516e+01	6.750168e+01
2.270000e-06	2.627019e-06	5.527619e-10	1.421007e+01	6.934648e+01
2.280000e-06	2.683171e-06	5.654827e-10	1.451381e+01	7.115233e+01
2.290000e-06	2.739039e-06	5.772669e-10	1.481601e+01	7.291985e+01
2.300000e-06	2.794642e-06	5.900141e-10	1.511677e+01	7.464975e+01
2.310000e-06	2.850140e-06	6.045114e-10	1.541698e+01	7.634277e+01
2.320000e-06	2.905650e-06	6.192764e-10	1.571724e+01	7.799973e+01
2.330000e-06	2.961031e-06	6.344830e-10	1.601681e+01	7.962147e+01
2.340000e-06	3.016121e-06	6.490751e-10	1.631480e+01	8.120886e+01
2.350000e-06	3.071102e-06	6.609043e-10	1.661220e+01	8.276279e+01
2.360000e-06	3.125992e-06	6.702728e-10	1.690912e+01	8.428415e+01
2.370000e-06	3.180700e-06	6.789687e-10	1.720504e+01	8.577386e+01
2.380000e-06	3.235172e-06	6.890310e-10	1.749969e+01	8.723280e+01
2.390000e-06	3.289343e-06	7.016987e-10	1.779272e+01	8.866187e+01
2.400000e-06	3.343179e-06	7.154416e-10	1.808392e+01	9.006195e+01
2.410000e-06	3.396731e-06	7.279772e-10	1.837360e+01	9.143388e+01
2.420000e-06	3.450126e-06	7.393803e-10	1.866242e+01	9.277850e+01
2.430000e-06	3.503386e-06	7.502757e-10	1.895052e+01	9.409665e+01
2.440000e-06	3.556409e-06	7.610117e-10	1.923733e+01	9.538912e+01
2.450000e-06	3.609170e-06	7.712533e-10	1.952272e+01	9.665668e+01
2.460000e-06	3.661668e-06	7.802398e-10	1.980669e+01	9.790009e+01
2.470000e-06	3.713745e-06	7.887858e-10	2.008839e+01	9.912010e+01
2.480000e-06	3.765557e-06	7.981775e-10	2.036865e+01	1.003174e+02
2.490000e-06	3.817253e-06	8.083106e-10	2.064829e+01	1.014927e+02
2.500000e-06	3.868526e-06	8.179887e-10	2.092563e+01	1.026467e+02
2.510000e-06	3.919322e-06	8.269355e-10	2.120040e+01	1.037801e+02
2.520000e-06	3.969794e-06	8.353401e-10	2.147341e+01	1.048934e+02
2.530000e-06	4.019933e-06	8.436235e-10	2.174462e+01	1.059874e+02
2.540000e-06	4.069709e-06	8.518511e-10	2.201387e+01	1.070625e+02
2.550000e-06	4.119037e-06	8.592989e-10	2.228070e+01	1.081195e+02
2.560000e-06	4.167955e-06	8.660647e-10	2.254530e+01	1.091588e+02
2.570000e-06	4.216391e-06	8.727342e-10	2.280730e+01	1.101811e+02
2.580000e-06	4.264357e-06	8.802969e-10	2.306676e+01	1.111867e+02
2.590000e-06	4.312101e-06	8.892982e-10	2.332502e+01	1.121763e+02
2.600000e-06	4.359690e-06	8.986631e-10	2.358244e+01	1.131503e+02
2.610000e-06	4.407105e-06	9.066408e-10	2.383891e+01	1.141090e+02
2.620000e-06	4.454120e-06	9.135038e-10	2.409323e+01	1.150529e+02
2.630000e-06	4.500700e-06	9.206556e-10	2.434519e+01	1.159823e+02
2.640000e-06	4.546912e-06	9.281307e-10	2.459516e+01	1.168976e+02
2.650000e-06	4.592803e-06	9.352950e-10	2.484339e+01	1.177990e+02
2.660000e-06	4.638535e-06	9.417381e-10	2.509076e+01	1.186868e+02
2.670000e-06	4.684039e-06	9.479069e-10	2.533690e+01	1.195610e+02
2.680000e-06	4.729237e-06	9.547719e-10	2.558139e+01	1.204220e+02
2.690000e-06	4.774035e-06	9.626289e-10	2.582371e+01	1.212697e+02
2.700000e-06	4.818498e-06	9.696682e-10	2.606422e+01	1.221042e+02
2.710000e-06	4.862654e-06	9.755857e-10	2.630307e+01	1.229255e+02
2.720000e-06	4.906587e-06	9.828095e-10	2.654071e+01	1.237336e+02
2.730000e-06	4.950341e-06	9.909623e-10	2.677738e+01	1.245285e+02
2.740000e-06	4.993777e-06	9.987097e-10	2.701234e+01	1.253100e+02
2.750000e-06	5.036851e-06	1.005413e-09	2.724533e+01	1.260781e+02
2.760000e-06	5.079626e-06	1.010678e-09	2.747671e+01	1.268326e+02
2.770000e-06	5.121966e-06	1.016102e-09	2.770574e+01	1.275734e+02
2.780000e-06	5.163655e-06	1.023273e-09	2.793124e+01	1.283003e+02
2.790000e-06	5.204715e-06	1.031324e-09	2.815335e+01	1.290131e+02
2.800000e-06	5.245176e-06	1.038331e-09	2.837221e+01	1.297119e+02
2.810000e-06	5.285222e-06	1.044306e-09	2.858882e+01	1.303964e+02
2.820000e-06	5.324953e-06	1.050289e-09	2.880374e+01	1.310665e+02
2.830000e-06	5.364444e-06	1.056201e-09	2.901735e+01	1.317222e+02
2.840000e-06	5.403779e-06	1.061543e-09	2.923012e+01	1.323634e+02
2.850000e-06	5.442906e-06	1.066407e-09	2.944177e+01	1.329902e+02
2.860000e-06	5.481613e-06	1.070501e-09	2.965114e+01	1.336027e+02
2.870000e-06	5.519841e-06	1.074690e-09	2.985792e+01	1.342009e+02
2.880000e-06	5.557641e-06	1.080531e-09	3.006239e+01	1.347850e+02
2.890000e-06	5.594991e-06	1.087420e-09	3.026443e+01	1.353553e+02
2.900000e-06	5.631922e-06	1.093404e-09	3.046419e+01	1.359119e+02
2.910000e-06	5.668435e-06	1.097994e-09	3.066170e+01	1.364554e+02
2.920000e-06	5.704538e-06	1.103581e-09	3.085699e+01	1.369860e+02
2.930000e-06	5.740348e-06	1.110989e-09	3.105069e+01	1.375042e+02
2.940000e-06	5.775960e-06	1.116884e-09	3.124332e+01	1.380104e+02
2.950000e-06	5.811413e-06	1.119134e-09	3.143509e+01	1.385053e+02
2.960000e-06	5.846631e-06	1.121463e-09	3.162560e+01	1.389894e+02
2.970000e-06	5.881284e-06	1.126295e-09	3.181304e+01	1.394632e+02
2.980000e-06	5.915199e-06	1.131984e-09	3.199650e+01	1.399275e+02
2.990000e-06	5.948458e-06	1.136998e-09	3.217640e+01	1.403827e+02
3.000000e-06	5.980976e-06	1.140772e-09	3.235229e+01	1.408296e+02
3.010000e-06	6.012899e-06	1.144332e-09	3.252497e+01	1.412688e+02
3.020000e-06	6.044614e-06	1.149342e-09	3.269653e+01	1.417008e+02
3.030000e-06	6.076113e-06	1.155759e-09	3.286691e+01	1.421263e+02
3.040000e-06	6.107201e-06	1.160634e-09	3.303507e+01	1.425458e+02
3.050000e-06	6.137794e-06	1.164338e-09	3.320056e+01	1.429598e+02
3.060000e-06	6.168046e-06	1.169631e-09	3.336420e+01	1.433688e+02
3.070000e-06	6.197961e-06	1.175198e-09	3.352601e+01	1.437732e+02
3.080000e-06	6.227316e-06	1.178916e-09	3.368480e+01	1.441733e+02
3.090000e-06	6.256211e-06	1.181919e-09	3.384110e+01	1.445694e+02
3.100000e-06	6.284762e-06	1.186023e-09	3.399553e+01	1.449616e+02
3.110000e-06	6.312915e-06	1.190870e-09	3.414782e+01	1.453503e+02
3.120000e-06	6.340715e-06	1.194814e-09	3.429820e+01	1.457353e+02
3.130000e-06	6.368251e-06	1.198105e-09	3.444714e+01	1.461168e+02
3.140000e-06	6.395508e-06	1.201287e-09	3.459458e+01	1.464946e+02
3.150000e-06	6.422231e-06	1.204806e-09	3.473913e+01	1.468686e+02
3.160000e-06	6.448233e-06	1.209227e-09	3.487978e+01	1.472387e+02
3.170000e-06	6.473448e-06	1.214224e-09	3.501618e+01	1.476046e+02
3.180000e-06	6.497947e-06	1.218738e-09	3.514869e+01	1.479660e+02
3.190000e-06	6.521866e-06	1.221319e-09	3.527808e+01	1.483227e+02
3.200000e-06	6.545394e-06	1.222995e-09	3.540534e+01	1.486742e+02
3.210000e-06	6.568654e-06	1.225858e-09	3.553116e+01	1.490202e+02
3.220000e-06	6.591485e-06	1.230248e-09	3.565466e+01	1.493603e+02
3.230000e-06	6.613932e-06	1.234666e-09	3.577608e+01	1.496942e+02
3.240000e-06	6.635905e-06	1.237702e-09	3.589494e+01	1.500214e+02
3.250000e-06	6.657305e-06	1.240711e-09	3.601070e+01	1.503416e+02
3.260000e-06	6.678275e-06	1.244255e-09	3.612412e+01	1.506544e+02
3.270000e-06	6.698741e-06	1.247222e-09	3.623483e+01	1.509596e+02
3.280000e-06	6.718757e-06	1.249272e-09	3.634310e+01	1.512568e+02
3.290000e-06	6.738513e-06	1.250985e-09	3.644996e+01	1.515458e+02
3.300000e-06	6.757983e-06	1.254229e-09	3.655528e+01	1.518264e+02
3.310000e-06	6.776941e-06	1.258580e-09	3.665783e+01	1.520985e+02
3.320000e-06	6.795279e-06	1.262104e-09	3.675702e+01	1.523619e+02
3.330000e-06	6.813080e-06	1.263772e-09	3.685332e+01	1.526166e+02
3.340000e-06	6.830413e-06	1.264345e-09	3.694707e+01	1.528626e+02
3.350000e-06	6.847231e-06	1.267336e-09	3.703804e+01	1.530998e+02
3.360000e-06	6.863735e-06	1.272035e-09	3.712732e+01	1.533285e+02
3.370000e-06	6.879955e-06	1.275004e-09	3.721505e+01	1.535486e+02
3.380000e-06	6.895469e-06	1.277543e-09	3.729897e+01	1.537603e+02
3.390000e-06	6.910306e-06	1.280301e-09	3.737923e+01	1.539638e+02
3.400000e-06	6.924574e-06	1.283100e-09	3.745640e+01	1.541593e+02
3.410000e-06	6.938290e-06	1.286542e-09	3.753060e+01	1.543470e+02
3.420000e-06	6.951519e-06	1.289155e-09	3.760216e+01	1.545270e+02
3.430000e-06	6.964128e-06	1.291306e-09	3.767036e+01	1.546997e+02
3.440000e-06	6.976244e-06	1.294383e-09	3.773590e+01	1.548651e+02
3.450000e-06	6.988022e-06	1.298223e-09	3.779961e+01	1.550235e+02
3.460000e-06	6.999444e-06	1.302591e-09	3.786139e+01	1.551750e+02
3.470000e-06	7.010307e-06	1.305768e-09	3.792016e+01	1.553199e+02
3.480000e-06	7.020323e-06	1.306600e-09	3.797433e+01	1.554582e+02
3.490000e-06	7.029592e-06	1.307620e-09	3.802447e+01	1.555900e+02
3.500000e-06	7.038148e-06	1.310524e-09	3.807075e+01	1.557153e+02
3.510000e-06	7.046083e-06	1.313469e-09	3.811367e+01	1.558343e+02
3.520000e-06	7.053725e-06	1.315502e-09	3.815501e+01	1.559468e+02
3.530000e-06	7.061003e-06	1.317071e-09	3.819438e+01	1.560529e+02
3.540000e-06	7.067783e-06	1.319094e-09	3.823105e+01	1.561524e+02
3.550000e-06	7.074012e-06	1.321745e-09	3.826474e+01	1.562453e+02
3.560000e-06	7.079763e-06	1.323847e-09	3.829585e+01	1.563314e+02
3.570000e-06	7.085033e-06	1.325671e-09	3.832436e+01	1.564106e+02
3.580000e-06	7.089648e-06	1.328225e-09	3.834932e+01	1.564828e+02
3.590000e-06	7.093722e-06	1.331354e-09	3.837136e+01	1.565478e+02
3.600000e-06	7.097506e-06	1.333977e-09	3.839183e+01	1.566054e+02
3.610000e-06	7.101057e-06	1.335250e-09	3.841104e+01	1.566554e+02
3.620000e-06	7.104251e-06	1.335489e-09	3.842832e+01	1.566978e+02
3.630000e-06	7.106889e-06	1.335898e-09	3.844258e+01	1.567325e+02
3.640000e-06	7.108805e-06	1.336425e-09	3.845295e+01	1.567592e+02
3.650000e-06	7.109856e-06	1.336567e-09	3.845863e+01	1.567780e+02
3.660000e-06	7.110109e-06	1.338316e-09	3.846000e+01	1.567888e+02
3.670000e-06	7.109983e-06	1.340598e-09	3.845932e+01	1.567917e+02
3.680000e-06	7.109571e-06	1.340392e-09	3.845709e+01	1.567867e+02
3.690000e-06	7.108721e-06	1.339621e-09	3.845249e+01	1.567739e+02
3.700000e-06	7.107386e-06	1.340066e-09	3.844527e+01	1.567534e+02
3.710000e-06	7.105518e-06	1.341011e-09	3.843517e+01	1.567256e+02
3.720000e-06	7.103230e-06	1.341985e-09	3.842279e+01	1.566905e+02
3.730000e-06	7.100620e-06	1.340592e-09	3.840867e+01	1.566486e+02
3.740000e-06	7.097433e-06	1.329478e-09	3.839144e+01	1.566000e+02
3.750000e-06	7.093648e-06	1.319324e-09	3.837096e+01	1.565453e+02
3.760000e-06	7.089465e-06	1.365247e-09	3.834833e+01	1.564847e+02
3.770000e-06	7.084490e-06	1.431878e-09	3.832143e+01	1.564188e+02
3.780000e-06	7.078584e-06	1.355772e-09	3.828948e+01	1.563478e+02
3.790000e-06	7.072302e-06	1.230768e-09	3.825550e+01	1.562723e+02
3.800000e-06	7.066038e-06	1.307560e-09	3.822161e+01	1.561927e+02
3.810000e-06	7.059303e-06	1.454815e-09	3.818518e+01	1.561094e+02
3.820000e-06	7.051653e-06	1.375531e-09	3.814380e+01	1.560228e+02
3.830000e-06	7.043490e-06	1.207170e-09	3.809965e+01	1.559334e+02
3.840000e-06	7.035191e-06	1.316172e-09	3.805476e+01	1.558414e+02
3.850000e-06	7.026472e-06	1.524160e-09	3.800759e+01	1.557472e+02
3.860000e-06	7.016941e-06	1.384306e-09	3.795604e+01	1.556510e+02
3.870000e-06	7.006836e-06	1.138662e-09	3.790138e+01	1.555531e+02
3.880000e-06	6.996552e-06	1.290366e-09	3.784575e+01	1.554536e+02
3.890000e-06	6.986054e-06	1.539006e-09	3.778896e+01	1.553526e+02
3.900000e-06	6.974924e-06	1.373311e-09	3.772876e+01	1.552502e+02
3.910000e-06	6.963121e-06	1.166343e-09	3.766492e+01	1.551464e+02
3.920000e-06	6.950779e-06	1.367024e-09	3.759816e+01	1.550411e+02
3.930000e-06	6.937667e-06	1.509972e-09	3.752723e+01	1.549341e+02
3.940000e-06	6.923673e-06	1.266606e-09	3.745153e+01	1.548254e+02
3.950000e-06	6.909089e-06	1.190225e-09	3.737265e+01	1.547145e+02
3.960000e-06	6.893965e-06	1.445611e-09	3.729083e+01	1.546013e+02
3.970000e-06	6.878106e-06	1.442916e-09	3.720505e+01	1.544855e+02
3.980000e-06	6.861745e-06	1.220320e-09	3.711655e+01	1.543667e+02
3.990000e-06	6.845119e-06	1.321699e-09	3.702662e+01	1.542444e+02
4.000000e-06	6.828060e-06	1.479385e-09	3.693434e+01	1.541184e+02
4.010000e-06	6.810432e-06	1.283548e-09	3.683899e+01	1.539883e+02
4.020000e-06	6.792422e-06	1.203453e-09	3.674157e+01	1.538535e+02
4.030000e-06	6.774017e-06	1.444633e-09	3.664201e+01	1.537138e+02
4.040000e-06	6.754949e-06	1.435544e-09	3.653887e+01	1.535688e+02
4.050000e-06	6.735334e-06	1.215656e-09	3.643277e+01	1.534181e+02
4.060000e-06	6.715385e-06	1.316299e-09	3.632486e+01	1.532613e+02
4.070000e-06	6.695146e-06	1.460579e-09	3.621538e+01	1.530983e+02
4.080000e-06	6.674701e-06	1.293034e-09	3.610479e+01	1.529288e+02
4.090000e-06	6.653831e-06	1.244790e-09	3.599190e+01	1.527525e+02
4.100000e-06	6.632334e-06	1.418272e-09	3.587562e+01	1.525694e+02
4.110000e-06	6.610117e-06	1.370842e-09	3.575544e+01	1.523793e+02
4.120000e-06	6.587100e-06	1.251939e-09	3.563094e+01	1.521821e+02
4.130000e-06	6.563390e-06	1.362244e-09	3.550269e+01	1.519780e+02
4.140000e-06	6.539240e-06	1.390973e-09	3.537206e+01	1.517668e+02
4.150000e-06	6.514809e-06	1.262008e-09	3.523990e+01	1.515488e+02
4.160000e-06	6.490072e-06	1.306953e-09	3.510610e+01	1.513239e+02
4.170000e-06	6.464861e-06	1.396249e-09	3.496973e+01	1.510925e+02
4.180000e-06	6.439205e-06	1.314411e-09	3.483095e+01	1.508546e+02
4.190000e-06	6.413128e-06	1.289301e-09	3.468989e+01	1.506106e+02
4.200000e-06	6.386496e-06	1.358019e-09	3.454583e+01	1.503605e+02
4.210000e-06	6.359401e-06	1.320959e-09	3.439927e+01	1.501047e+02
4.220000e-06	6.331856e-06	1.283320e-09	3.425028e+01	1.498433e+02
4.230000e-06	6.303896e-06	1.335395e-09	3.409904e+01	1.495766e+02
4.240000e-06	6.275702e-06	1.332868e-09	3.394653e+01	1.493049e+02
4.250000e-06	6.247319e-06	1.296310e-09	3.379300e+01	1.490282e+02
4.260000e-06	6.218548e-06	1.318383e-09	3.363737e+01	1.487467e+02
4.270000e-06	6.189129e-06	1.326313e-09	3.347824e+01	1.484605e+02
4.280000e-06	6.158843e-06	1.301086e-09	3.331441e+01	1.481698e+02
4.290000e-06	6.127780e-06	1.300606e-09	3.314639e+01	1.478746e+02
4.300000e-06	6.096235e-06	1.306054e-09	3.297575e+01	1.475749e+02
4.310000e-06	6.064311e-06	1.305027e-09	3.280307e+01	1.472705e+02
4.320000e-06	6.032016e-06	1.307594e-09	3.262838e+01	1.469615e+02
4.330000e-06	5.999511e-06	1.299905e-09	3.245256e+01	1.466476e+02
4.340000e-06	5.966658e-06	1.294426e-09	3.227484e+01	1.463287e+02
4.350000e-06	5.933097e-06	1.295760e-09	3.209331e+01	1.460045e+02
4.360000e-06	5.898977e-06	1.288078e-09	3.190875e+01	1.456748e+02
4.370000e-06	5.864591e-06	1.290734e-09	3.172275e+01	1.453393e+02
4.380000e-06	5.829938e-06	1.298978e-09	3.153530e+01	1.449976e+02
4.390000e-06	5.794920e-06	1.285008e-09	3.134588e+01	1.446494e+02
4.400000e-06	5.759457e-06	1.276311e-09	3.115406e+01	1.442942e+02
4.410000e-06	5.723574e-06	1.286258e-09	3.095996e+01	1.439318e+02
4.420000e-06	5.687379e-06	1.281008e-09	3.076417e+01	1.435617e+02
4.430000e-06	5.650969e-06	1.269083e-09	3.056722e+01	1.431835e+02
4.440000e-06	5.614347e-06	1.272683e-09	3.036913e+01	1.427969e+02
4.450000e-06	5.577329e-06	1.275045e-09	3.016889e+01	1.424015e+02
4.460000e-06	5.539541e-06	1.269527e-09	2.996449e+01	1.419970e+02
4.470000e-06	5.500806e-06	1.266823e-09	2.975496e+01	1.415830e+02
4.480000e-06	5.461489e-06	1.262984e-09	2.954228e+01	1.411595e+02
4.490000e-06	5.421822e-06	1.256607e-09	2.932772e+01	1.407260e+02
4.500000e-06	5.381808e-06	1.253849e-09	2.911128e+01	1.402824e+02
4.510000e-06	5.341520e-06	1.253965e-09	2.889335e+01	1.398286e+02
4.520000e-06	5.301008e-06	1.252048e-09	2.867421e+01	1.393645e+02
4.530000e-06	5.260243e-06	1.245973e-09	2.845371e+01	1.388900e+02
4.540000e-06	5.219035e-06	1.240672e-09	2.823080e+01	1.384052e+02
4.550000e-06	5.177337e-06	1.240282e-09	2.800525e+01	1.379100e+02
4.560000e-06	5.135299e-06	1.239393e-09	2.777786e+01	1.374046e+02
4.570000e-06	5.092983e-06	1.232982e-09	2.754896e+01	1.368890e+02
4.580000e-06	5.050328e-06	1.226247e-09	2.731824e+01	1.363634e+02
4.590000e-06	5.007347e-06	1.222753e-09	2.708574e+01	1.358279e+02
4.600000e-06	4.964047e-06	1.219906e-09	2.685152e+01	1.352828e+02
4.610000e-06	4.920275e-06	1.215031e-09	2.661475e+01	1.347283e+02
4.620000e-06	4.876128e-06	1.210174e-09	2.637595e+01	1.341646e+02
4.630000e-06	4.831853e-06	1.207619e-09	2.613646e+01	1.335918e+02
4.640000e-06	4.787419e-06	1.204702e-09	2.589611e+01	1.330102e+02
4.650000e-06	4.742707e-06	1.199560e-09	2.565425e+01	1.324201e+02
4.660000e-06	4.697708e-06	1.193191e-09	2.541084e+01	1.318216e+02
4.670000e-06	4.652382e-06	1.185460e-09	2.516566e+01	1.312148e+02
4.680000e-06	4.606713e-06	1.177875e-09	2.491863e+01	1.305999e+02
4.690000e-06	4.560687e-06	1.173279e-09	2.466967e+01	1.299770e+02
4.700000e-06	4.514111e-06	1.171229e-09	2.441773e+01	1.293463e+02
4.710000e-06	4.467173e-06	1.168475e-09	2.416383e+01	1.287076e+02
4.720000e-06	4.420048e-06	1.162991e-09	2.390892e+01	1.280610e+02
4.730000e-06	4.372793e-06	1.155549e-09	2.365331e+01	1.274066e+02
4.740000e-06	4.325225e-06	1.148462e-09	2.339601e+01	1.267441e+02
4.750000e-06	4.277128e-06	1.142742e-09	2.313584e+01	1.260734e+02
4.760000e-06	4.228606e-06	1.136884e-09	2.287337e+01	1.253945e+02
4.770000e-06	4.179877e-06	1.130567e-09	2.260979e+01	1.247070e+02
4.780000e-06	4.130877e-06	1.125602e-09	2.234474e+01	1.240107e+02
4.790000e-06	4.081523e-06	1.121824e-09	2.207777e+01	1.233054e+02
4.800000e-06	4.031754e-06	1.116523e-09	2.180856e+01	1.225908e+02
4.810000e-06	3.981542e-06	1.109876e-09	2.153696e+01	1.218664e+02
4.820000e-06	3.931126e-06	1.103387e-09	2.126425e+01	1.211320e+02
4.830000e-06	3.880407e-06	1.097204e-09	2.098990e+01	1.203872e+02
4.840000e-06	3.829398e-06	1.091357e-09	2.071398e+01	1.196317e+02
4.850000e-06	3.778156e-06	1.085406e-09	2.043680e+01	1.188649e+02
4.860000e-06	3.726580e-06	1.078263e-09	2.015781e+01	1.180867e+02
4.870000e-06	3.674635e-06	1.070727e-09	1.987684e+01	1.172965e+02
4.880000e-06	3.622473e-06	1.064701e-09	1.959468e+01	1.164940e+02
4.890000e-06	3.570158e-06	1.059373e-09	1.931170e+01	1.156789e+02
4.900000e-06	3.517679e-06	1.053550e-09	1.902783e+01	1.148509e+02
4.910000e-06	3.464884e-06	1.046275e-09	1.874225e+01	1.140096e+02
4.920000e-06	3.411695e-06	1.037721e-09	1.845454e+01	1.131548e+02
4.930000e-06	3.358102e-06	1.030298e-09	1.816464e+01	1.122862e+02
4.940000e-06	3.304014e-06	1.023435e-09	1.787207e+01	1.114036e+02
4.950000e-06	3.249651e-06	1.015833e-09	1.757801e+01	1.105068e+02
4.960000e-06	3.194996e-06	1.007390e-09	1.728237e+01	1.095957e+02
4.970000e-06	3.139935e-06	9.984271e-10	1.698454e+01	1.086701e+02
4.980000e-06	3.084534e-06	9.900464e-10	1.668486e+01	1.077300e+02
4.990000e-06	3.028871e-06	9.820274e-10	1.638377e+01	1.067754e+02
5.000000e-06	2.972966e-06	9.734048e-10	1.608137e+01	1.058061e+02
5.010000e-06	2.916818e-06	9.635754e-10	1.577765e+01	1.048223e+02
5.020000e-06	2.860579e-06	9.530713e-10	1.547344e+01	1.038239e+02
5.030000e-06	2.804275e-06	9.439615e-10	1.516889e+01	1.028110e+02
5.040000e-06	2.747894e-06	9.374212e-10	1.486391e+01	1.017837e+02
5.050000e-06	2.691362e-06	9.310863e-10	1.455812e+01	1.007422e+02
5.060000e-06	2.634624e-06	9.229115e-10	1.425121e+01	9.968634e+01
5.070000e-06	2.577834e-06	9.143933e-10	1.394402e+01	9.861643e+01
5.080000e-06	2.520888e-06	9.053035e-10	1.363599e+01	9.753250e+01
5.090000e-06	2.463675e-06	8.939633e-10	1.332651e+01	9.643467e+01
5.100000e-06	2.406354e-06	8.808631e-10	1.301645e+01	9.532303e+01
5.110000e-06	2.348897e-06	8.686191e-10	1.270565e+01	9.419763e+01
5.120000e-06	2.291153e-06	8.590922e-10	1.239331e+01	9.305853e+01
5.130000e-06	2.233090e-06	8.510807e-10	1.207923e+01	9.190573e+01
5.140000e-06	2.174847e-06	8.430712e-10	1.176418e+01	9.073922e+01
5.150000e-06	2.116556e-06	8.330022e-10	1.144888e+01	8.955893e+01
5.160000e-06	2.058145e-06	8.206954e-10	1.113292e+01	8.836475e+01
5.170000e-06	1.999538e-06	8.079057e-10	1.081590e+01	8.715653e+01
5.180000e-06	1.940856e-06	7.963232e-10	1.049848e+01	8.593403e+01
5.190000e-06	1.882138e-06	7.858351e-10	1.018086e+01	8.469699e+01
5.200000e-06	1.823250e-06	7.746106e-10	9.862324e+00	8.344504e+01
5.210000e-06	1.764107e-06	7.634984e-10	9.542408e+00	8.217778e+01
5.220000e-06	1.704908e-06	7.536702e-10	9.222188e+00	8.089471e+01
5.230000e-06	1.645603e-06	7.431128e-10	8.901396e+00	7.959527e+01
5.240000e-06	1.586199e-06	7.299806e-10	8.580066e+00	7.827883e+01
5.250000e-06	1.526795e-06	7.155436e-10	8.258740e+00	7.694466e+01
5.260000e-06	1.467183e-06	7.022573e-10	7.936285e+00	7.559199e+01
5.270000e-06	1.407360e-06	6.904443e-10	7.612690e+00	7.421993e+01
5.280000e-06	1.347423e-06	6.782934e-10	7.288479e+00	7.282757e+01
5.290000e-06	1.287441e-06	6.643498e-10	6.964024e+00	7.141389e+01
5.300000e-06	1.227423e-06	6.491029e-10	6.639374e+00	6.997783e+01
5.310000e-06	1.167335e-06	6.343149e-10	6.314348e+00	6.851827e+01
5.320000e-06	1.107149e-06	6.205556e-10	5.988788e+00	6.703403e+01
5.330000e-06	1.046919e-06	6.073888e-10	5.662992e+00	6.552390e+01
5.340000e-06	9.867072e-07	5.949223e-10	5.337297e+00	6.398663e+01
5.350000e-06	9.265222e-07	5.818777e-10	5.011744e+00	6.242097e+01
5.360000e-06	8.663140e-07	5.669366e-10	4.686065e+00	6.082563e+01
5.370000e-06	8.059783e-07	5.512204e-10	4.359698e+00	5.919933e+01
5.380000e-06	7.455965e-07	5.356951e-10	4.033081e+00	5.754083e+01
5.390000e-06	6.852965e-07	5.196013e-10	3.706906e+00	5.584890e+01
5.400000e-06	6.249717e-07	5.034151e-10	3.380597e+00	5.412237e+01
5.410000e-06	5.645880e-07	4.881956e-10	3.053969e+00	5.236011e+01
5.420000e-06	5.042083e-07	4.728170e-10	2.727364e+00	5.056109e+01
5.430000e-06	4.437659e-07	4.563604e-10	2.400419e+00	4.872438e+01
5.440000e-06	3.832062e-07	4.390462e-10	2.072839e+00	4.684913e+01
5.450000e-06	3.226139e-07	4.204523e-10	1.745083e+00	4.493464e+01
5.460000e-06	2.620900e-07	4.010753e-10	1.417697e+00	4.298035e+01
5.470000e-06	2.015434e-07	3.822452e-10	1.090188e+00	4.098585e+01
5.480000e-06	1.409375e-07	3.641284e-10	7.623592e-01	3.895091e+01
5.490000e-06	8.031649e-08	3.463795e-10	4.344480e-01	3.687546e+01
5.500000e-06	1.973176e-08	3.279921e-10	1.067330e-01	3.475964e+01
5.510000e-06	-4.076236e-08	3.074773e-10	-2.204918e-01	3.260380e+01
5.520000e-06	-1.011917e-07	2.860478e-10	-5.473661e-01	3.040849e+01
5.530000e-06	-1.615564e-07	2.655764e-10	-8.738909e-01	2.817447e+01
5.540000e-06	-2.219115e-07	2.448649e-10	-1.200364e+00	2.590273e+01
5.550000e-06	-2.823184e-07	2.239560e-10	-1.527117e+00	2.359449e+01
5.560000e-06	-3.427630e-07	2.028570e-10	-1.854074e+00	2.125117e+01
5.570000e-06	-4.031931e-07	1.811645e-10	-2.180952e+00	1.887443e+01
5.580000e-06	-4.635958e-07	1.585302e-10	-2.507683e+00	1.646613e+01
5.590000e-06	-5.239974e-07	1.347614e-10	-2.834407e+00	1.402834e+01
5.600000e-06	-5.843602e-07	1.116239e-10	-3.160921e+00	1.156333e+01
5.610000e-06	-6.447133e-07	8.958687e-11	-3.487383e+00	9.073538e+00
5.620000e-06	-7.050345e-07	6.786680e-11	-3.813672e+00	6.561583e+00
5.630000e-06	-7.653286e-07	4.545564e-11	-4.139815e+00	4.030232e+00
5.640000e-06	-8.256275e-07	2.143736e-11	-4.465985e+00	1.482385e+00
5.650000e-06	-8.858579e-07	-3.845154e-12	-4.791782e+00	-1.078941e+00
5.660000e-06	-9.460407e-07	-2.890520e-11	-5.117324e+00	-3.650640e+00
5.670000e-06	-1.006213e-06	-5.259304e-11	-5.442805e+00	-6.229533e+00
5.680000e-06	-1.066412e-06	-7.543077e-11	-5.768435e+00	-8.812395e+00
5.690000e-06	-1.126605e-06	-9.889233e-11	-6.094032e+00	-1.139598e+01
5.700000e-06	-1.186751e-06	-1.230523e-10	-6.419372e+00	-1.397703e+01
5.710000e-06	-1.246800e-06	-1.467330e-10	-6.744189e+00	-1.655233e+01
5.720000e-06	-1.306739e-06	-1.691467e-10	-7.068413e+00	-1.911870e+01
5.730000e-06	-1.366626e-06	-1.915091e-10	-7.392353e+00	-2.167302e+01
5.740000e-06	-1.426399e-06	-2.142988e-10	-7.715678e+00	-2.421229e+01
5.750000e-06	-1.486082e-06	-2.372906e-10	-8.038514e+00	-2.673358e+01
5.760000e-06	-1.545733e-06	-2.608878e-10	-8.361178e+00	-2.923413e+01
5.770000e-06	-1.605301e-06	-2.843578e-10	-8.683394e+00	-3.171131e+01
5.780000e-06	-1.664688e-06	-3.084487e-10	-9.004629e+00	-3.416264e+01
5.790000e-06	-1.723883e-06	-3.328549e-10	-9.324829e+00	-3.658583e+01
5.800000e-06	-1.783008e-06	-3.557952e-10	-9.644648e+00	-3.897877e+01
5.810000e-06	-1.842026e-06	-3.772788e-10	-9.963889e+00	-4.133954e+01
5.820000e-06	-1.900851e-06	-3.978327e-10	-1.028209e+01	-4.366644e+01
5.830000e-06	-1.959482e-06	-4.191779e-10	-1.059923e+01	-4.595795e+01
5.840000e-06	-2.017984e-06	-4.422552e-10	-1.091568e+01	-4.821276e+01
5.850000e-06	-2.076383e-06	-4.646733e-10	-1.123157e+01	-5.042977e+01
5.860000e-06	-2.134548e-06	-4.846956e-10	-1.154620e+01	-5.260808e+01
5.870000e-06	-2.192483e-06	-5.042242e-10	-1.185958e+01	-5.474698e+01
5.880000e-06	-2.250397e-06	-5.242537e-10	-1.217285e+01	-5.684596e+01
5.890000e-06	-2.308259e-06	-5.432270e-10	-1.248584e+01	-5.890467e+01
5.900000e-06	-2.365826e-06	-5.614216e-10	-1.279722e+01	-6.092296e+01
5.910000e-06	-2.423169e-06	-5.793446e-10	-1.310741e+01	-6.290081e+01
5.920000e-06	-2.480435e-06	-5.969206e-10	-1.341717e+01	-6.483836e+01
5.930000e-06	-2.537512e-06	-6.149010e-10	-1.372591e+01	-6.673589e+01
5.940000e-06	-2.594327e-06	-6.337617e-10	-1.403323e+01	-6.859379e+01
5.950000e-06	-2.650885e-06	-6.530461e-10	-1.433917e+01	-7.041256e+01
5.960000e-06	-2.707259e-06	-6.709504e-10	-1.464411e+01	-7.219279e+01
5.970000e-06	-2.763544e-06	-6.872075e-10	-1.494856e+01	-7.393515e+01
5.980000e-06	-2.819728e-06	-7.025820e-10	-1.525247e+01	-7.564038e+01
5.990000e-06	-2.875816e-06	-7.170408e-10	-1.555586e+01	-7.730927e+01
6.000000e-06	-2.931863e-06	-7.308652e-10	-1.585903e+01	-7.894265e+01
6.010000e-06	-2.987709e-06	-7.447357e-10	-1.616112e+01	-8.054139e+01
6.020000e-06	-3.043209e-06	-7.584053e-10	-1.646132e+01	-8.210637e+01
6.030000e-06	-3.098306e-06	-7.734798e-10	-1.675936e+01	-8.363849e+01
6.040000e-06	-3.153095e-06	-7.895821e-10	-1.705572e+01	-8.513866e+01
6.050000e-06	-3.207701e-06	-8.038020e-10	-1.735110e+01	-8.660776e+01
6.060000e-06	-3.261978e-06	-8.167264e-10	-1.764469e+01	-8.804669e+01
6.070000e-06	-3.315889e-06	-8.281882e-10	-1.793631e+01	-8.945633e+01
6.080000e-06	-3.369369e-06	-8.393314e-10	-1.822559e+01	-9.083755e+01
6.090000e-06	-3.422461e-06	-8.527516e-10	-1.851278e+01	-9.219119e+01
6.100000e-06	-3.475344e-06	-8.672891e-10	-1.879883e+01	-9.351807e+01
6.110000e-06	-3.527962e-06	-8.801904e-10	-1.908345e+01	-9.481901e+01
6.120000e-06	-3.580261e-06	-8.918635e-10	-1.936635e+01	-9.609479e+01
6.130000e-06	-3.632260e-06	-9.033603e-10	-1.964762e+01	-9.734617e+01
6.140000e-06	-3.683982e-06	-9.148148e-10	-1.992739e+01	-9.857390e+01
6.150000e-06	-3.735463e-06	-9.259499e-10	-2.020587e+01	-9.977870e+01
6.160000e-06	-3.786711e-06	-9.362024e-10	-2.048308e+01	-1.009613e+02
6.170000e-06	-3.837604e-06	-9.467241e-10	-2.075837e+01	-1.021223e+02
6.180000e-06	-3.888098e-06	-9.572057e-10	-2.103150e+01	-1.032625e+02
6.190000e-06	-3.938315e-06	-9.667258e-10	-2.130313e+01	-1.043824e+02
6.200000e-06	-3.988326e-06	-9.756825e-10	-2.157365e+01	-1.054827e+02
6.210000e-06	-4.037986e-06	-9.842590e-10	-2.184227e+01	-1.065641e+02
6.220000e-06	-4.087119e-06	-9.933302e-10	-2.210804e+01	-1.076271e+02
6.230000e-06	-4.135736e-06	-1.003512e-09	-2.237103e+01	-1.086722e+02
6.240000e-06	-4.184093e-06	-1.014219e-09	-2.263260e+01	-1.097001e+02
6.250000e-06	-4.232149e-06	-1.023876e-09	-2.289254e+01	-1.107113e+02
6.260000e-06	-4.279860e-06	-1.032066e-09	-2.315062e+01	-1.117061e+02
6.270000e-06	-4.327265e-06	-1.040069e-09	-2.340704e+01	-1.126852e+02
6.280000e-06	-4.374307e-06	-1.048643e-09	-2.366150e+01	-1.136490e+02
6.290000e-06	-4.421044e-06	-1.058070e-09	-2.391431e+01	-1.145978e+02
6.300000e-06	-4.467464e-06	-1.067789e-09	-2.416541e+01	-1.155320e+02
6.310000e-06	-4.513675e-06	-1.077018e-09	-2.441537e+01	-1.164520e+02
6.320000e-06	-4.559619e-06	-1.085432e-09	-2.466389e+01	-1.173580e+02
6.330000e-06	-4.605235e-06	-1.093209e-09	-2.491064e+01	-1.182503e+02
6.340000e-06	-4.650518e-06	-1.100635e-09	-2.515558e+01	-1.191290e+02
6.350000e-06	-4.695447e-06	-1.107182e-09	-2.539861e+01	-1.199944e+02
6.360000e-06	-4.740090e-06	-1.112680e-09	-2.564010e+01	-1.208465e+02
6.370000e-06	-4.784556e-06	-1.118669e-09	-2.588062e+01	-1.216854e+02
6.380000e-06	-4.828800e-06	-1.126769e-09	-2.611995e+01	-1.225111e+02
6.390000e-06	-4.872808e-06	-1.135284e-09	-2.635799e+01	-1.233236e+02
6.400000e-06	-4.916609e-06	-1.141518e-09	-2.659492e+01	-1.241229e+02
6.410000e-06	-4.960023e-06	-1.147173e-09	-2.682976e+01	-1.249089e+02
6.420000e-06	-5.002962e-06	-1.154474e-09	-2.706202e+01	-1.256815e+02
6.430000e-06	-5.045588e-06	-1.162094e-09	-2.729259e+01	-1.264405e+02
6.440000e-06	-5.087970e-06	-1.169038e-09	-2.752185e+01	-1.271859e+02
6.450000e-06	-5.129896e-06	-1.175502e-09	-2.774863e+01	-1.279175e+02
6.460000e-06	-5.171401e-06	-1.181628e-09	-2.797314e+01	-1.286350e+02
6.470000e-06	-5.212630e-06	-1.188260e-09	-2.819616e+01	-1.293385e+02
6.480000e-06	-5.253473e-06	-1.194435e-09	-2.841708e+01	-1.300277e+02
6.490000e-06	-5.293980e-06	-1.198649e-09	-2.863620e+01	-1.307027e+02
6.500000e-06	-5.334287e-06	-1.202633e-09	-2.885423e+01	-1.313632e+02
6.510000e-06	-5.374351e-06	-1.208586e-09	-2.907094e+01	-1.320092e+02
6.520000e-06	-5.414195e-06	-1.215339e-09	-2.928646e+01	-1.326409e+02
6.530000e-06	-5.453590e-06	-1.220289e-09	-2.949956e+01	-1.332581e+02
6.540000e-06	-5.492266e-06	-1.223771e-09	-2.970876e+01	-1.338610e+02
6.550000e-06	-5.530294e-06	-1.228212e-09	-2.991447e+01	-1.344498e+02
6.560000e-06	-5.567810e-06	-1.234024e-09	-3.011740e+01	-1.350247e+02
6.570000e-06	-5.604758e-06	-1.239212e-09	-3.031726e+01	-1.355858e+02
6.580000e-06	-5.641261e-06	-1.243140e-09	-3.051471e+01	-1.361336e+02
6.590000e-06	-5.677514e-06	-1.246275e-09	-3.071081e+01	-1.366685e+02
6.600000e-06	-5.713526e-06	-1.250057e-09	-3.090560e+01	-1.371907e+02
6.610000e-06	-5.749205e-06	-1.254077e-09	-3.109860e+01	-1.377009e+02
6.620000e-06	-5.784483e-06	-1.257207e-09	-3.128942e+01	-1.381995e+02
6.630000e-06	-5.819534e-06	-1.260279e-09	-3.147903e+01	-1.386871e+02
6.640000e-06	-5.854185e-06	-1.263704e-09	-3.166646e+01	-1.391643e+02
6.650000e-06	-5.888269e-06	-1.267893e-09	-3.185083e+01	-1.396317e+02
6.660000e-06	-5.921869e-06	-1.272220e-09	-3.203257e+01	-1.400899e+02
6.670000e-06	-5.955007e-06	-1.276047e-09	-3.221183e+01	-1.405395e+02
6.680000e-06	-5.987725e-06	-1.278575e-09	-3.238880e+01	-1.409812e+02
6.690000e-06	-6.020088e-06	-1.279561e-09	-3.256386e+01	-1.414155e+02
6.700000e-06	-6.052234e-06	-1.281741e-09	-3.273774e+01	-1.418431e+02
6.710000e-06	-6.084114e-06	-1.284938e-09	-3.291019e+01	-1.422646e+02
6.720000e-06	-6.115374e-06	-1.287073e-09	-3.307928e+01	-1.426804e+02
6.730000e-06	-6.145948e-06	-1.289576e-09	-3.324466e+01	-1.430910e+02
6.740000e-06	-6.175899e-06	-1.292861e-09	-3.340667e+01	-1.434969e+02
6.750000e-06	-6.205141e-06	-1.296252e-09	-3.356485e+01	-1.438984e+02
6.760000e-06	-6.233875e-06	-1.300109e-09	-3.372028e+01	-1.442957e+02
6.770000e-06	-6.262355e-06	-1.302900e-09	-3.387433e+01	-1.446893e+02
6.780000e-06	-6.290612e-06	-1.304709e-09	-3.402718e+01	-1.450791e+02
6.790000e-06	-6.318580e-06	-1.306928e-09	-3.417847e+01	-1.454653e+02
6.800000e-06	-6.346095e-06	-1.309128e-09	-3.432730e+01	-1.458480e+02
6.810000e-06	-6.373139e-06	-1.311624e-09	-3.447358e+01	-1.462270e+02
6.820000e-06	-6.399685e-06	-1.312891e-09	-3.461718e+01	-1.466024e+02
6.830000e-06	-6.425659e-06	-1.314321e-09	-3.475768e+01	-1.469738e+02
6.840000e-06	-6.451171e-06	-1.317871e-09	-3.489567e+01	-1.473411e+02
6.850000e-06	-6.476243e-06	-1.320448e-09	-3.503129e+01	-1.477041e+02
6.860000e-06	-6.500889e-06	-1.321542e-09	-3.516461e+01	-1.480623e+02
6.870000e-06	-6.525210e-06	-1.322493e-09	-3.529616e+01	-1.484156e+02
6.880000e-06	-6.549331e-06	-1.324410e-09	-3.542664e+01	-1.487635e+02
6.890000e-06	-6.573098e-06	-1.327857e-09	-3.555520e+01	-1.491056e+02
6.900000e-06	-6.596132e-06	-1.330678e-09	-3.567980e+01	-1.494416e+02
6.910000e-06	-6.618544e-06	-1.331930e-09	-3.580103e+01	-1.497711e+02
6.920000e-06	-6.640202e-06	-1.332609e-09	-3.591818e+01	-1.500936e+02
6.930000e-06	-6.661018e-06	-1.334085e-09	-3.603078e+01	-1.504090e+02
6.940000e-06	-6.681467e-06	-1.336464e-09	-3.614139e+01	-1.507167e+02
6.950000e-06	-6.701650e-06	-1.338296e-09	-3.625057e+01	-1.510166e+02
6.960000e-06	-6.721500e-06	-1.339994e-09	-3.635794e+01	-1.513084e+02
6.970000e-06	-6.740882e-06	-1.342454e-09	-3.646278e+01	-1.515918e+02
6.980000e-06	-6.759737e-06	-1.344632e-09	-3.656477e+01	-1.518668e+02
6.990000e-06	-6.778139e-06	-1.346407e-09	-3.666431e+01	-1.521331e+02
7.000000e-06	-6.796131e-06	-1.347688e-09	-3.676163e+01	-1.523907e+02
7.010000e-06	-6.813648e-06	-1.348135e-09	-3.685639e+01	-1.526395e+02
7.020000e-06	-6.830559e-06	-1.349270e-09	-3.694786e+01	-1.528797e+02
7.030000e-06	-6.847075e-06	-1.351142e-09	-3.703720e+01	-1.531112e+02
7.040000e-06	-6.863372e-06	-1.353608e-09	-3.712535e+01	-1.533341e+02
7.050000e-06	-6.879351e-06	-1.355678e-09	-3.721178e+01	-1.535486e+02
7.060000e-06	-6.894784e-06	-1.355645e-09	-3.729527e+01	-1.537549e+02
7.070000e-06	-6.909511e-06	-1.354802e-09	-3.737493e+01	-1.539530e+02
7.080000e-06	-6.923372e-06	-1.354802e-09	-3.744990e+01	-1.541433e+02
7.090000e-06	-6.936402e-06	-1.355737e-09	-3.752038e+01	-1.543258e+02
7.100000e-06	-6.948947e-06	-1.356635e-09	-3.758824e+01	-1.545009e+02
7.110000e-06	-6.961045e-06	-1.356881e-09	-3.765369e+01	-1.546687e+02
7.120000e-06	-6.972580e-06	-1.357172e-09	-3.771608e+01	-1.548295e+02
7.130000e-06	-6.983488e-06	-1.358141e-09	-3.777509e+01	-1.549833e+02
7.140000e-06	-6.994033e-06	-1.359065e-09	-3.783212e+01	-1.551304e+02
7.150000e-06	-7.004213e-06	-1.358678e-09	-3.788719e+01	-1.552708e+02
7.160000e-06	-7.013894e-06	-1.358316e-09	-3.793956e+01	-1.554048e+02
7.170000e-06	-7.023058e-06	-1.359482e-09	-3.798913e+01	-1.555323e+02
7.180000e-06	-7.031711e-06	-1.360139e-09	-3.803593e+01	-1.556534e+02
7.190000e-06	-7.040044e-06	-1.359783e-09	-3.808100e+01	-1.557680e+02
7.200000e-06	-7.048079e-06	-1.359329e-09	-3.812447e+01	-1.558762e+02
7.210000e-06	-7.055693e-06	-1.359367e-09	-3.816566e+01	-1.559780e+02
7.220000e-06	-7.062610e-06	-1.359588e-09	-3.820307e+01	-1.560731e+02
7.230000e-06	-7.068706e-06	-1.358774e-09	-3.823604e+01	-1.561615e+02
7.240000e-06	-7.074027e-06	-1.357782e-09	-3.826483e+01	-1.562430e+02
7.250000e-06	-7.078675e-06	-1.357340e-09	-3.828997e+01	-1.563176e+02
7.260000e-06	-7.082970e-06	-1.357125e-09	-3.831320e+01	-1.563850e+02
7.270000e-06	-7.087110e-06	-1.356997e-09	-3.833560e+01	-1.564450e+02
7.280000e-06	-7.090782e-06	-1.357095e-09	-3.835546e+01	-1.564976e+02
7.290000e-06	-7.093808e-06	-1.356663e-09	-3.837183e+01	-1.565426e+02
7.300000e-06	-7.096432e-06	-1.355689e-09	-3.838602e+01	-1.565798e+02
7.310000e-06	-7.098718e-06	-1.354403e-09	-3.839838e+01	-1.566092e+02
7.320000e-06	-7.100472e-06	-1.353795e-09	-3.840787e+01	-1.566306e+02
7.330000e-06	-7.101524e-06	-1.353639e-09	-3.841356e+01	-1.566441e+02
7.340000e-06	-7.102149e-06	-1.352136e-09	-3.841694e+01	-1.566496e+02
