# Temperatura_=_20.0
# Concentracion g/m^3_=_7400.0
# C_Vs_to_Am_M_A/Vsm_=_116720831517.84952
# pendiente_HvsI_1/m_=_3716.3
# ordenada_HvsI_A/m_=_1297.0
# frecuencia_Hz_=_136117.50607541262

Tiempo_(s)	Campo_(V.s)	Magnetizacion_(V.s)	Campo_(kA/m)	Magnetizacion_(A/m)
0.000000e+00	-7.133739e-06	-1.310321e-09	-3.841913e+01	-1.522075e+02
1.000000e-08	-7.133675e-06	-1.310444e-09	-3.841878e+01	-1.521887e+02
2.000000e-08	-7.133091e-06	-1.309570e-09	-3.841564e+01	-1.521616e+02
3.000000e-08	-7.131883e-06	-1.308488e-09	-3.840913e+01	-1.521266e+02
4.000000e-08	-7.130136e-06	-1.308284e-09	-3.839972e+01	-1.520838e+02
5.000000e-08	-7.127762e-06	-1.308045e-09	-3.838694e+01	-1.520335e+02
6.000000e-08	-7.124717e-06	-1.306907e-09	-3.837054e+01	-1.519760e+02
7.000000e-08	-7.121203e-06	-1.306223e-09	-3.835161e+01	-1.519118e+02
8.000000e-08	-7.117186e-06	-1.312645e-09	-3.832998e+01	-1.518411e+02
9.000000e-08	-7.112469e-06	-1.308916e-09	-3.830458e+01	-1.517644e+02
1.000000e-07	-7.106976e-06	-1.278758e-09	-3.827500e+01	-1.516820e+02
1.100000e-07	-7.101056e-06	-1.279567e-09	-3.824311e+01	-1.515943e+02
1.200000e-07	-7.094997e-06	-1.337522e-09	-3.821048e+01	-1.515018e+02
1.300000e-07	-7.088582e-06	-1.342336e-09	-3.817593e+01	-1.514048e+02
1.400000e-07	-7.081574e-06	-1.266497e-09	-3.813819e+01	-1.513037e+02
1.500000e-07	-7.074192e-06	-1.256301e-09	-3.809843e+01	-1.511989e+02
1.600000e-07	-7.066513e-06	-1.341233e-09	-3.805708e+01	-1.510907e+02
1.700000e-07	-7.058313e-06	-1.337375e-09	-3.801292e+01	-1.509796e+02
1.800000e-07	-7.049398e-06	-1.229927e-09	-3.796491e+01	-1.508659e+02
1.900000e-07	-7.039795e-06	-1.242453e-09	-3.791319e+01	-1.507497e+02
2.000000e-07	-7.029619e-06	-1.359356e-09	-3.785838e+01	-1.506315e+02
2.100000e-07	-7.018894e-06	-1.337323e-09	-3.780062e+01	-1.505114e+02
2.200000e-07	-7.007405e-06	-1.225259e-09	-3.773875e+01	-1.503896e+02
2.300000e-07	-6.995255e-06	-1.252726e-09	-3.767332e+01	-1.502663e+02
2.400000e-07	-6.982788e-06	-1.336665e-09	-3.760618e+01	-1.501415e+02
2.500000e-07	-6.969885e-06	-1.286550e-09	-3.753669e+01	-1.500154e+02
2.600000e-07	-6.956205e-06	-1.229966e-09	-3.746301e+01	-1.498879e+02
2.700000e-07	-6.941860e-06	-1.291364e-09	-3.738575e+01	-1.497590e+02
2.800000e-07	-6.926685e-06	-1.309554e-09	-3.730403e+01	-1.496287e+02
2.900000e-07	-6.910854e-06	-1.241608e-09	-3.721877e+01	-1.494970e+02
3.000000e-07	-6.894703e-06	-1.255479e-09	-3.713179e+01	-1.493635e+02
3.100000e-07	-6.878049e-06	-1.306454e-09	-3.704210e+01	-1.492283e+02
3.200000e-07	-6.860904e-06	-1.246633e-09	-3.694976e+01	-1.490911e+02
3.300000e-07	-6.843275e-06	-1.216634e-09	-3.685482e+01	-1.489517e+02
3.400000e-07	-6.825236e-06	-1.297058e-09	-3.675767e+01	-1.488099e+02
3.500000e-07	-6.806766e-06	-1.293697e-09	-3.665820e+01	-1.486654e+02
3.600000e-07	-6.787846e-06	-1.202189e-09	-3.655630e+01	-1.485180e+02
3.700000e-07	-6.768492e-06	-1.228823e-09	-3.645207e+01	-1.483675e+02
3.800000e-07	-6.748678e-06	-1.293460e-09	-3.634536e+01	-1.482135e+02
3.900000e-07	-6.728370e-06	-1.238514e-09	-3.623599e+01	-1.480559e+02
4.000000e-07	-6.707725e-06	-1.206187e-09	-3.612481e+01	-1.478944e+02
4.100000e-07	-6.686671e-06	-1.267471e-09	-3.601142e+01	-1.477288e+02
4.200000e-07	-6.665072e-06	-1.260313e-09	-3.589509e+01	-1.475589e+02
4.300000e-07	-6.642948e-06	-1.208419e-09	-3.577595e+01	-1.473844e+02
4.400000e-07	-6.620379e-06	-1.237278e-09	-3.565440e+01	-1.472053e+02
4.500000e-07	-6.597317e-06	-1.250983e-09	-3.553020e+01	-1.470214e+02
4.600000e-07	-6.573917e-06	-1.203725e-09	-3.540418e+01	-1.468325e+02
4.700000e-07	-6.550192e-06	-1.215403e-09	-3.527641e+01	-1.466385e+02
4.800000e-07	-6.526009e-06	-1.252780e-09	-3.514616e+01	-1.464395e+02
4.900000e-07	-6.501285e-06	-1.218170e-09	-3.501301e+01	-1.462352e+02
5.000000e-07	-6.475867e-06	-1.197965e-09	-3.487612e+01	-1.460256e+02
5.100000e-07	-6.449718e-06	-1.228700e-09	-3.473530e+01	-1.458108e+02
5.200000e-07	-6.422991e-06	-1.219571e-09	-3.459136e+01	-1.455907e+02
5.300000e-07	-6.395774e-06	-1.192259e-09	-3.444478e+01	-1.453652e+02
5.400000e-07	-6.368187e-06	-1.208626e-09	-3.429621e+01	-1.451344e+02
5.500000e-07	-6.340225e-06	-1.214787e-09	-3.414562e+01	-1.448982e+02
5.600000e-07	-6.311835e-06	-1.195090e-09	-3.399272e+01	-1.446566e+02
5.700000e-07	-6.283099e-06	-1.197948e-09	-3.383796e+01	-1.444095e+02
5.800000e-07	-6.253966e-06	-1.204377e-09	-3.368106e+01	-1.441569e+02
5.900000e-07	-6.224432e-06	-1.189412e-09	-3.352200e+01	-1.438987e+02
6.000000e-07	-6.194447e-06	-1.185425e-09	-3.336052e+01	-1.436348e+02
6.100000e-07	-6.163875e-06	-1.191958e-09	-3.319587e+01	-1.433650e+02
6.200000e-07	-6.132886e-06	-1.186171e-09	-3.302898e+01	-1.430893e+02
6.300000e-07	-6.101765e-06	-1.180089e-09	-3.286138e+01	-1.428074e+02
6.400000e-07	-6.070367e-06	-1.180348e-09	-3.269228e+01	-1.425191e+02
6.500000e-07	-6.038579e-06	-1.177616e-09	-3.252108e+01	-1.422242e+02
6.600000e-07	-6.006202e-06	-1.174518e-09	-3.234672e+01	-1.419223e+02
6.700000e-07	-5.973186e-06	-1.172946e-09	-3.216891e+01	-1.416131e+02
6.800000e-07	-5.939520e-06	-1.169446e-09	-3.198760e+01	-1.412964e+02
6.900000e-07	-5.905236e-06	-1.165919e-09	-3.180296e+01	-1.409718e+02
7.000000e-07	-5.870479e-06	-1.161596e-09	-3.161577e+01	-1.406389e+02
7.100000e-07	-5.835245e-06	-1.156881e-09	-3.142602e+01	-1.402972e+02
7.200000e-07	-5.799624e-06	-1.154380e-09	-3.123418e+01	-1.399465e+02
7.300000e-07	-5.763728e-06	-1.151916e-09	-3.104086e+01	-1.395863e+02
7.400000e-07	-5.727490e-06	-1.148174e-09	-3.084570e+01	-1.392161e+02
7.500000e-07	-5.690894e-06	-1.146919e-09	-3.064861e+01	-1.388358e+02
7.600000e-07	-5.653972e-06	-1.144891e-09	-3.044976e+01	-1.384448e+02
7.700000e-07	-5.616578e-06	-1.138903e-09	-3.024838e+01	-1.380428e+02
7.800000e-07	-5.578747e-06	-1.132966e-09	-3.004464e+01	-1.376295e+02
7.900000e-07	-5.540472e-06	-1.129615e-09	-2.983850e+01	-1.372047e+02
8.000000e-07	-5.501706e-06	-1.125139e-09	-2.962973e+01	-1.367681e+02
8.100000e-07	-5.462615e-06	-1.120863e-09	-2.941920e+01	-1.363196e+02
8.200000e-07	-5.423269e-06	-1.117309e-09	-2.920730e+01	-1.358590e+02
8.300000e-07	-5.383700e-06	-1.112585e-09	-2.899420e+01	-1.353862e+02
8.400000e-07	-5.343734e-06	-1.107208e-09	-2.877896e+01	-1.349013e+02
8.500000e-07	-5.303448e-06	-1.102610e-09	-2.856200e+01	-1.344042e+02
8.600000e-07	-5.262834e-06	-1.098004e-09	-2.834327e+01	-1.338952e+02
8.700000e-07	-5.221597e-06	-1.092897e-09	-2.812119e+01	-1.333743e+02
8.800000e-07	-5.179924e-06	-1.086647e-09	-2.789675e+01	-1.328417e+02
8.900000e-07	-5.137719e-06	-1.078291e-09	-2.766946e+01	-1.322979e+02
9.000000e-07	-5.094965e-06	-1.070435e-09	-2.743920e+01	-1.317430e+02
9.100000e-07	-5.051862e-06	-1.065347e-09	-2.720707e+01	-1.311774e+02
9.200000e-07	-5.008475e-06	-1.061210e-09	-2.697341e+01	-1.306016e+02
9.300000e-07	-4.964732e-06	-1.056016e-09	-2.673783e+01	-1.300160e+02
9.400000e-07	-4.920616e-06	-1.050381e-09	-2.650024e+01	-1.294211e+02
9.500000e-07	-4.876181e-06	-1.044692e-09	-2.626093e+01	-1.288173e+02
9.600000e-07	-4.831391e-06	-1.038691e-09	-2.601971e+01	-1.282051e+02
9.700000e-07	-4.786309e-06	-1.032022e-09	-2.577692e+01	-1.275850e+02
9.800000e-07	-4.740930e-06	-1.025783e-09	-2.553253e+01	-1.269575e+02
9.900000e-07	-4.695153e-06	-1.020144e-09	-2.528600e+01	-1.263230e+02
1.000000e-06	-4.648927e-06	-1.014926e-09	-2.503704e+01	-1.256819e+02
1.010000e-06	-4.602417e-06	-1.009444e-09	-2.478656e+01	-1.250346e+02
1.020000e-06	-4.555706e-06	-1.003365e-09	-2.453499e+01	-1.243814e+02
1.030000e-06	-4.508742e-06	-9.963013e-10	-2.428207e+01	-1.237226e+02
1.040000e-06	-4.461589e-06	-9.902361e-10	-2.402812e+01	-1.230584e+02
1.050000e-06	-4.414185e-06	-9.858412e-10	-2.377283e+01	-1.223889e+02
1.060000e-06	-4.366458e-06	-9.823222e-10	-2.351579e+01	-1.217141e+02
1.070000e-06	-4.318397e-06	-9.787917e-10	-2.325695e+01	-1.210341e+02
1.080000e-06	-4.269844e-06	-9.729058e-10	-2.299547e+01	-1.203488e+02
1.090000e-06	-4.220631e-06	-9.648346e-10	-2.273043e+01	-1.196579e+02
1.100000e-06	-4.170985e-06	-9.578420e-10	-2.246306e+01	-1.189612e+02
1.110000e-06	-4.121017e-06	-9.521000e-10	-2.219395e+01	-1.182585e+02
1.120000e-06	-4.070636e-06	-9.459433e-10	-2.192263e+01	-1.175492e+02
1.130000e-06	-4.019853e-06	-9.399184e-10	-2.164913e+01	-1.168328e+02
1.140000e-06	-3.968678e-06	-9.343899e-10	-2.137352e+01	-1.161090e+02
1.150000e-06	-3.917221e-06	-9.284604e-10	-2.109640e+01	-1.153769e+02
1.160000e-06	-3.865439e-06	-9.213704e-10	-2.081752e+01	-1.146360e+02
1.170000e-06	-3.813309e-06	-9.142556e-10	-2.053678e+01	-1.138856e+02
1.180000e-06	-3.760942e-06	-9.076934e-10	-2.025475e+01	-1.131249e+02
1.190000e-06	-3.708386e-06	-9.013098e-10	-1.997171e+01	-1.123532e+02
1.200000e-06	-3.655578e-06	-8.958270e-10	-1.968731e+01	-1.115696e+02
1.210000e-06	-3.602585e-06	-8.907119e-10	-1.940191e+01	-1.107735e+02
1.220000e-06	-3.549300e-06	-8.842898e-10	-1.911494e+01	-1.099641e+02
1.230000e-06	-3.495665e-06	-8.760871e-10	-1.882609e+01	-1.091405e+02
1.240000e-06	-3.441761e-06	-8.678165e-10	-1.853578e+01	-1.083021e+02
1.250000e-06	-3.387643e-06	-8.613333e-10	-1.824433e+01	-1.074482e+02
1.260000e-06	-3.333289e-06	-8.545257e-10	-1.795161e+01	-1.065781e+02
1.270000e-06	-3.278556e-06	-8.465606e-10	-1.765684e+01	-1.056913e+02
1.280000e-06	-3.223682e-06	-8.390759e-10	-1.736131e+01	-1.047872e+02
1.290000e-06	-3.168832e-06	-8.319441e-10	-1.706591e+01	-1.038653e+02
1.300000e-06	-3.113830e-06	-8.237224e-10	-1.676970e+01	-1.029254e+02
1.310000e-06	-3.058595e-06	-8.148617e-10	-1.647223e+01	-1.019670e+02
1.320000e-06	-3.003168e-06	-8.067941e-10	-1.617372e+01	-1.009899e+02
1.330000e-06	-2.947554e-06	-7.985071e-10	-1.587421e+01	-9.999408e+01
1.340000e-06	-2.891727e-06	-7.902121e-10	-1.557355e+01	-9.897933e+01
1.350000e-06	-2.835759e-06	-7.830665e-10	-1.527213e+01	-9.794572e+01
1.360000e-06	-2.779628e-06	-7.761582e-10	-1.496984e+01	-9.689332e+01
1.370000e-06	-2.723287e-06	-7.683508e-10	-1.466641e+01	-9.582228e+01
1.380000e-06	-2.666849e-06	-7.590032e-10	-1.436246e+01	-9.473285e+01
1.390000e-06	-2.610290e-06	-7.496299e-10	-1.405786e+01	-9.362529e+01
1.400000e-06	-2.553413e-06	-7.407093e-10	-1.375154e+01	-9.249995e+01
1.410000e-06	-2.496165e-06	-7.317133e-10	-1.344323e+01	-9.135721e+01
1.420000e-06	-2.438702e-06	-7.230664e-10	-1.313376e+01	-9.019749e+01
1.430000e-06	-2.380908e-06	-7.140072e-10	-1.282250e+01	-8.902122e+01
1.440000e-06	-2.322663e-06	-7.038682e-10	-1.250882e+01	-8.782886e+01
1.450000e-06	-2.264354e-06	-6.932130e-10	-1.219480e+01	-8.662087e+01
1.460000e-06	-2.206071e-06	-6.823464e-10	-1.188091e+01	-8.539770e+01
1.470000e-06	-2.147557e-06	-6.713493e-10	-1.156578e+01	-8.415979e+01
1.480000e-06	-2.088782e-06	-6.609448e-10	-1.124924e+01	-8.290753e+01
1.490000e-06	-2.029853e-06	-6.510326e-10	-1.093188e+01	-8.164129e+01
1.500000e-06	-1.970743e-06	-6.405501e-10	-1.061354e+01	-8.036138e+01
1.510000e-06	-1.911327e-06	-6.294462e-10	-1.029355e+01	-7.906804e+01
1.520000e-06	-1.851733e-06	-6.188875e-10	-9.972608e+00	-7.776147e+01
1.530000e-06	-1.792074e-06	-6.089426e-10	-9.651307e+00	-7.644176e+01
1.540000e-06	-1.732370e-06	-5.982976e-10	-9.329770e+00	-7.510893e+01
1.550000e-06	-1.672656e-06	-5.871272e-10	-9.008179e+00	-7.376292e+01
1.560000e-06	-1.612860e-06	-5.760439e-10	-8.686141e+00	-7.240355e+01
1.570000e-06	-1.552906e-06	-5.651882e-10	-8.363256e+00	-7.103057e+01
1.580000e-06	-1.492947e-06	-5.544967e-10	-8.040343e+00	-6.964360e+01
1.590000e-06	-1.432888e-06	-5.429459e-10	-7.716896e+00	-6.824219e+01
1.600000e-06	-1.372579e-06	-5.307977e-10	-7.392097e+00	-6.682577e+01
1.610000e-06	-1.312254e-06	-5.180599e-10	-7.067216e+00	-6.539368e+01
1.620000e-06	-1.251933e-06	-5.051221e-10	-6.742352e+00	-6.394518e+01
1.630000e-06	-1.191515e-06	-4.924606e-10	-6.416967e+00	-6.247942e+01
1.640000e-06	-1.131090e-06	-4.797385e-10	-6.091544e+00	-6.099549e+01
1.650000e-06	-1.070604e-06	-4.677581e-10	-5.765793e+00	-5.949240e+01
1.660000e-06	-1.010012e-06	-4.564963e-10	-5.439472e+00	-5.796911e+01
1.670000e-06	-9.493865e-07	-4.447739e-10	-5.112971e+00	-5.642452e+01
1.680000e-06	-8.887405e-07	-4.311246e-10	-4.786359e+00	-5.485751e+01
1.690000e-06	-8.280191e-07	-4.168212e-10	-4.459341e+00	-5.326691e+01
1.700000e-06	-7.671894e-07	-4.035947e-10	-4.131739e+00	-5.165156e+01
1.710000e-06	-7.062857e-07	-3.909837e-10	-3.803739e+00	-5.001030e+01
1.720000e-06	-6.453172e-07	-3.787339e-10	-3.475390e+00	-4.834201e+01
1.730000e-06	-5.842788e-07	-3.663400e-10	-3.146664e+00	-4.664559e+01
1.740000e-06	-5.232401e-07	-3.533259e-10	-2.817937e+00	-4.491998e+01
1.750000e-06	-4.622365e-07	-3.397379e-10	-2.489399e+00	-4.316424e+01
1.760000e-06	-4.012182e-07	-3.252792e-10	-2.160781e+00	-4.137746e+01
1.770000e-06	-3.401310e-07	-3.098148e-10	-1.831794e+00	-3.955888e+01
1.780000e-06	-2.789067e-07	-2.943110e-10	-1.502066e+00	-3.770783e+01
1.790000e-06	-2.176771e-07	-2.790056e-10	-1.172311e+00	-3.582378e+01
1.800000e-06	-1.564883e-07	-2.633982e-10	-8.427759e-01	-3.390635e+01
1.810000e-06	-9.525782e-08	-2.478935e-10	-5.130160e-01	-3.195531e+01
1.820000e-06	-3.396616e-08	-2.323995e-10	-1.829265e-01	-2.997062e+01
1.830000e-06	2.727043e-08	-2.163996e-10	1.468664e-01	-2.795239e+01
1.840000e-06	8.835151e-08	-1.996266e-10	4.758217e-01	-2.590094e+01
1.850000e-06	1.494503e-07	-1.829615e-10	8.048726e-01	-2.381678e+01
1.860000e-06	2.106755e-07	-1.672983e-10	1.134604e+00	-2.170061e+01
1.870000e-06	2.719379e-07	-1.516108e-10	1.464536e+00	-1.955334e+01
1.880000e-06	3.331123e-07	-1.346332e-10	1.793994e+00	-1.737608e+01
1.890000e-06	3.942509e-07	-1.169912e-10	2.123259e+00	-1.517013e+01
1.900000e-06	4.553881e-07	-9.895989e-11	2.452517e+00	-1.293700e+01
1.910000e-06	5.164680e-07	-8.084066e-11	2.781466e+00	-1.067838e+01
1.920000e-06	5.774249e-07	-6.388618e-11	3.109752e+00	-8.396151e+00
1.930000e-06	6.382961e-07	-4.731253e-11	3.437578e+00	-6.092354e+00
1.940000e-06	6.991677e-07	-2.925993e-11	3.765404e+00	-3.769204e+00
1.950000e-06	7.599947e-07	-9.848589e-12	4.092992e+00	-1.429058e+00
1.960000e-06	8.207779e-07	9.240366e-12	4.420343e+00	9.255935e-01
1.970000e-06	8.815457e-07	2.700855e-11	4.747611e+00	3.292145e+00
1.980000e-06	9.422885e-07	4.427094e-11	5.074744e+00	5.667892e+00
1.990000e-06	1.003052e-06	6.236983e-11	5.401991e+00	8.050051e+00
2.000000e-06	1.063848e-06	8.075752e-11	5.729409e+00	1.043578e+01
2.010000e-06	1.124508e-06	9.882143e-11	6.056095e+00	1.282220e+01
2.020000e-06	1.184980e-06	1.172279e-10	6.381770e+00	1.520641e+01
2.030000e-06	1.245296e-06	1.365005e-10	6.706607e+00	1.758552e+01
2.040000e-06	1.305495e-06	1.560536e-10	7.030814e+00	1.995665e+01
2.050000e-06	1.365715e-06	1.749399e-10	7.355128e+00	2.231700e+01
2.060000e-06	1.425920e-06	1.923874e-10	7.679367e+00	2.466379e+01
2.070000e-06	1.485988e-06	2.092391e-10	8.002869e+00	2.699435e+01
2.080000e-06	1.545952e-06	2.261371e-10	8.325807e+00	2.930613e+01
2.090000e-06	1.605788e-06	2.428915e-10	8.648057e+00	3.159666e+01
2.100000e-06	1.665490e-06	2.605203e-10	8.969585e+00	3.386365e+01
2.110000e-06	1.725144e-06	2.788340e-10	9.290855e+00	3.610493e+01
2.120000e-06	1.784732e-06	2.966041e-10	9.611770e+00	3.831850e+01
2.130000e-06	1.844244e-06	3.130939e-10	9.932274e+00	4.050255e+01
2.140000e-06	1.903647e-06	3.282555e-10	1.025219e+01	4.265543e+01
2.150000e-06	1.962928e-06	3.432393e-10	1.057145e+01	4.477568e+01
2.160000e-06	2.022115e-06	3.588786e-10	1.089021e+01	4.686206e+01
2.170000e-06	2.081224e-06	3.750649e-10	1.120854e+01	4.891348e+01
2.180000e-06	2.140127e-06	3.912730e-10	1.152577e+01	5.092907e+01
2.190000e-06	2.198788e-06	4.074529e-10	1.184169e+01	5.290815e+01
2.200000e-06	2.257251e-06	4.233927e-10	1.215654e+01	5.485024e+01
2.210000e-06	2.315427e-06	4.384613e-10	1.246985e+01	5.675500e+01
2.220000e-06	2.373297e-06	4.527347e-10	1.278151e+01	5.862232e+01
2.230000e-06	2.430864e-06	4.670779e-10	1.309155e+01	6.045220e+01
2.240000e-06	2.488138e-06	4.819917e-10	1.340000e+01	6.224483e+01
2.250000e-06	2.545098e-06	4.966073e-10	1.370676e+01	6.400052e+01
2.260000e-06	2.601782e-06	5.104380e-10	1.401203e+01	6.571974e+01
2.270000e-06	2.658238e-06	5.236499e-10	1.431608e+01	6.740304e+01
2.280000e-06	2.714513e-06	5.357154e-10	1.461915e+01	6.905110e+01
2.290000e-06	2.770644e-06	5.472729e-10	1.492145e+01	7.066466e+01
2.300000e-06	2.826657e-06	5.602693e-10	1.522311e+01	7.224455e+01
2.310000e-06	2.882531e-06	5.747217e-10	1.552402e+01	7.379167e+01
2.320000e-06	2.938228e-06	5.897786e-10	1.582398e+01	7.530693e+01
2.330000e-06	2.993746e-06	6.041222e-10	1.612298e+01	7.679130e+01
2.340000e-06	3.049077e-06	6.166269e-10	1.642096e+01	7.824577e+01
2.350000e-06	3.104195e-06	6.273271e-10	1.671781e+01	7.967131e+01
2.360000e-06	3.159146e-06	6.365802e-10	1.701375e+01	8.106890e+01
2.370000e-06	3.213835e-06	6.450085e-10	1.730828e+01	8.243952e+01
2.380000e-06	3.268237e-06	6.544117e-10	1.760126e+01	8.378411e+01
2.390000e-06	3.322545e-06	6.664531e-10	1.789374e+01	8.510359e+01
2.400000e-06	3.376707e-06	6.790410e-10	1.818543e+01	8.639883e+01
2.410000e-06	3.430583e-06	6.908934e-10	1.847559e+01	8.767067e+01
2.420000e-06	3.484232e-06	7.024814e-10	1.876452e+01	8.891992e+01
2.430000e-06	3.537712e-06	7.133319e-10	1.905253e+01	9.014731e+01
2.440000e-06	3.590929e-06	7.240765e-10	1.933913e+01	9.135356e+01
2.450000e-06	3.643814e-06	7.340260e-10	1.962395e+01	9.253931e+01
2.460000e-06	3.696385e-06	7.426964e-10	1.990708e+01	9.370519e+01
2.470000e-06	3.748659e-06	7.507311e-10	2.018860e+01	9.485175e+01
2.480000e-06	3.800687e-06	7.585395e-10	2.046880e+01	9.597953e+01
2.490000e-06	3.852461e-06	7.679955e-10	2.074763e+01	9.708902e+01
2.500000e-06	3.903940e-06	7.792346e-10	2.102488e+01	9.818066e+01
2.510000e-06	3.955208e-06	7.901048e-10	2.130098e+01	9.925490e+01
2.520000e-06	4.006091e-06	7.997188e-10	2.157501e+01	1.003121e+02
2.530000e-06	4.056476e-06	8.088765e-10	2.184637e+01	1.013527e+02
2.540000e-06	4.106322e-06	8.173607e-10	2.211481e+01	1.023770e+02
2.550000e-06	4.155553e-06	8.240195e-10	2.237995e+01	1.033854e+02
2.560000e-06	4.204388e-06	8.296483e-10	2.264295e+01	1.043782e+02
2.570000e-06	4.252873e-06	8.360382e-10	2.290407e+01	1.053557e+02
2.580000e-06	4.301038e-06	8.438192e-10	2.316347e+01	1.063183e+02
2.590000e-06	4.348963e-06	8.523507e-10	2.342157e+01	1.072663e+02
2.600000e-06	4.396607e-06	8.607686e-10	2.367816e+01	1.082000e+02
2.610000e-06	4.444022e-06	8.684588e-10	2.393351e+01	1.091197e+02
2.620000e-06	4.491083e-06	8.752468e-10	2.418696e+01	1.100258e+02
2.630000e-06	4.537782e-06	8.818304e-10	2.443846e+01	1.109185e+02
2.640000e-06	4.584206e-06	8.885340e-10	2.468848e+01	1.117982e+02
2.650000e-06	4.630302e-06	8.947530e-10	2.493674e+01	1.126652e+02
2.660000e-06	4.676090e-06	8.995066e-10	2.518333e+01	1.135198e+02
2.670000e-06	4.721603e-06	9.041753e-10	2.542844e+01	1.143622e+02
2.680000e-06	4.766828e-06	9.109620e-10	2.567201e+01	1.151929e+02
2.690000e-06	4.811711e-06	9.181209e-10	2.591372e+01	1.160120e+02
2.700000e-06	4.856189e-06	9.244313e-10	2.615326e+01	1.168198e+02
2.710000e-06	4.900288e-06	9.317960e-10	2.639076e+01	1.176165e+02
2.720000e-06	4.944142e-06	9.402322e-10	2.662694e+01	1.184024e+02
2.730000e-06	4.987798e-06	9.484474e-10	2.686205e+01	1.191777e+02
2.740000e-06	5.031264e-06	9.550197e-10	2.709614e+01	1.199425e+02
2.750000e-06	5.074606e-06	9.603955e-10	2.732956e+01	1.206969e+02
2.760000e-06	5.117629e-06	9.663796e-10	2.756126e+01	1.214410e+02
2.770000e-06	5.160099e-06	9.729899e-10	2.778998e+01	1.221750e+02
2.780000e-06	5.201913e-06	9.797313e-10	2.801517e+01	1.228989e+02
2.790000e-06	5.243122e-06	9.861936e-10	2.823711e+01	1.236127e+02
2.800000e-06	5.283827e-06	9.924377e-10	2.845633e+01	1.243163e+02
2.810000e-06	5.323964e-06	9.985869e-10	2.867249e+01	1.250098e+02
2.820000e-06	5.363741e-06	1.005170e-09	2.888671e+01	1.256932e+02
2.830000e-06	5.403404e-06	1.012092e-09	2.910032e+01	1.263662e+02
2.840000e-06	5.442790e-06	1.018249e-09	2.931243e+01	1.270289e+02
2.850000e-06	5.481791e-06	1.023364e-09	2.952247e+01	1.276810e+02
2.860000e-06	5.520574e-06	1.027391e-09	2.973134e+01	1.283226e+02
2.870000e-06	5.558903e-06	1.031710e-09	2.993777e+01	1.289535e+02
2.880000e-06	5.596724e-06	1.037057e-09	3.014145e+01	1.295735e+02
2.890000e-06	5.634102e-06	1.042848e-09	3.034275e+01	1.301825e+02
2.900000e-06	5.670960e-06	1.049023e-09	3.054125e+01	1.307805e+02
2.910000e-06	5.707392e-06	1.055546e-09	3.073746e+01	1.313673e+02
2.920000e-06	5.743493e-06	1.062624e-09	3.093188e+01	1.319428e+02
2.930000e-06	5.779344e-06	1.069575e-09	3.112496e+01	1.325071e+02
2.940000e-06	5.814968e-06	1.075014e-09	3.131682e+01	1.330600e+02
2.950000e-06	5.850287e-06	1.078640e-09	3.150703e+01	1.336016e+02
2.960000e-06	5.885249e-06	1.082802e-09	3.169532e+01	1.341318e+02
2.970000e-06	5.919790e-06	1.089100e-09	3.188134e+01	1.346509e+02
2.980000e-06	5.953725e-06	1.095467e-09	3.206410e+01	1.351588e+02
2.990000e-06	5.987055e-06	1.100834e-09	3.224360e+01	1.356556e+02
3.000000e-06	6.019644e-06	1.106162e-09	3.241911e+01	1.361417e+02
3.010000e-06	6.051628e-06	1.111940e-09	3.259136e+01	1.366170e+02
3.020000e-06	6.083321e-06	1.117837e-09	3.276205e+01	1.370819e+02
3.030000e-06	6.114672e-06	1.123787e-09	3.293089e+01	1.375367e+02
3.040000e-06	6.145633e-06	1.129520e-09	3.309763e+01	1.379815e+02
3.050000e-06	6.176129e-06	1.135779e-09	3.326187e+01	1.384168e+02
3.060000e-06	6.206160e-06	1.142775e-09	3.342360e+01	1.388427e+02
3.070000e-06	6.235975e-06	1.147523e-09	3.358417e+01	1.392598e+02
3.080000e-06	6.265477e-06	1.150657e-09	3.374305e+01	1.396682e+02
3.090000e-06	6.294413e-06	1.155274e-09	3.389889e+01	1.400684e+02
3.100000e-06	6.322870e-06	1.160823e-09	3.405215e+01	1.404608e+02
3.110000e-06	6.350951e-06	1.165309e-09	3.420338e+01	1.408456e+02
3.120000e-06	6.378772e-06	1.169045e-09	3.435321e+01	1.412232e+02
3.130000e-06	6.406334e-06	1.173191e-09	3.450165e+01	1.415940e+02
3.140000e-06	6.433456e-06	1.177241e-09	3.464772e+01	1.419582e+02
3.150000e-06	6.460193e-06	1.180737e-09	3.479171e+01	1.423162e+02
3.160000e-06	6.486320e-06	1.183828e-09	3.493242e+01	1.426682e+02
3.170000e-06	6.511554e-06	1.187104e-09	3.506832e+01	1.430146e+02
3.180000e-06	6.536015e-06	1.191676e-09	3.520006e+01	1.433554e+02
3.190000e-06	6.559941e-06	1.195556e-09	3.532891e+01	1.436909e+02
3.200000e-06	6.583525e-06	1.197620e-09	3.545592e+01	1.440212e+02
3.210000e-06	6.606724e-06	1.199502e-09	3.558086e+01	1.443465e+02
3.220000e-06	6.629442e-06	1.202158e-09	3.570321e+01	1.446669e+02
3.230000e-06	6.651661e-06	1.205491e-09	3.582287e+01	1.449824e+02
3.240000e-06	6.673427e-06	1.209802e-09	3.594009e+01	1.452931e+02
3.250000e-06	6.694686e-06	1.214563e-09	3.605459e+01	1.455989e+02
3.260000e-06	6.715422e-06	1.218313e-09	3.616626e+01	1.458999e+02
3.270000e-06	6.735749e-06	1.221478e-09	3.627573e+01	1.461960e+02
3.280000e-06	6.755751e-06	1.224192e-09	3.638345e+01	1.464871e+02
3.290000e-06	6.775444e-06	1.225927e-09	3.648951e+01	1.467731e+02
3.300000e-06	6.794837e-06	1.226581e-09	3.659395e+01	1.470539e+02
3.310000e-06	6.813953e-06	1.227328e-09	3.669690e+01	1.473294e+02
3.320000e-06	6.832535e-06	1.229736e-09	3.679697e+01	1.475995e+02
3.330000e-06	6.850424e-06	1.232374e-09	3.689332e+01	1.478639e+02
3.340000e-06	6.867722e-06	1.235035e-09	3.698648e+01	1.481225e+02
3.350000e-06	6.884556e-06	1.238595e-09	3.707714e+01	1.483752e+02
3.360000e-06	6.901057e-06	1.241148e-09	3.716601e+01	1.486218e+02
3.370000e-06	6.917085e-06	1.242468e-09	3.725232e+01	1.488621e+02
3.380000e-06	6.932511e-06	1.243838e-09	3.733540e+01	1.490960e+02
3.390000e-06	6.947284e-06	1.246492e-09	3.741496e+01	1.493231e+02
3.400000e-06	6.961406e-06	1.250180e-09	3.749102e+01	1.495435e+02
3.410000e-06	6.974965e-06	1.253231e-09	3.756404e+01	1.497569e+02
3.420000e-06	6.988134e-06	1.255877e-09	3.763497e+01	1.499632e+02
3.430000e-06	7.000851e-06	1.258527e-09	3.770345e+01	1.501621e+02
3.440000e-06	7.013000e-06	1.260483e-09	3.776888e+01	1.503536e+02
3.450000e-06	7.024673e-06	1.262505e-09	3.783174e+01	1.505374e+02
3.460000e-06	7.035826e-06	1.265367e-09	3.789181e+01	1.507135e+02
3.470000e-06	7.046237e-06	1.267251e-09	3.794788e+01	1.508816e+02
3.480000e-06	7.055776e-06	1.268562e-09	3.799925e+01	1.510417e+02
3.490000e-06	7.064591e-06	1.270454e-09	3.804672e+01	1.511936e+02
3.500000e-06	7.072814e-06	1.272774e-09	3.809101e+01	1.513372e+02
3.510000e-06	7.080574e-06	1.275974e-09	3.813280e+01	1.514723e+02
3.520000e-06	7.087993e-06	1.278544e-09	3.817276e+01	1.515988e+02
3.530000e-06	7.095071e-06	1.279710e-09	3.821088e+01	1.517167e+02
3.540000e-06	7.101597e-06	1.281118e-09	3.824602e+01	1.518258e+02
3.550000e-06	7.107499e-06	1.282742e-09	3.827781e+01	1.519260e+02
3.560000e-06	7.112988e-06	1.284811e-09	3.830737e+01	1.520173e+02
3.570000e-06	7.118029e-06	1.287793e-09	3.833452e+01	1.520995e+02
3.580000e-06	7.122513e-06	1.290126e-09	3.835867e+01	1.521726e+02
3.590000e-06	7.126595e-06	1.291851e-09	3.838065e+01	1.522366e+02
3.600000e-06	7.130331e-06	1.294152e-09	3.840077e+01	1.522915e+02
3.610000e-06	7.133685e-06	1.296593e-09	3.841883e+01	1.523372e+02
3.620000e-06	7.136682e-06	1.297502e-09	3.843498e+01	1.523737e+02
3.630000e-06	7.139039e-06	1.297298e-09	3.844767e+01	1.524011e+02
3.640000e-06	7.140536e-06	1.297611e-09	3.845574e+01	1.524194e+02
3.650000e-06	7.141211e-06	1.298975e-09	3.845937e+01	1.524288e+02
3.660000e-06	7.141328e-06	1.301200e-09	3.846000e+01	1.524293e+02
3.670000e-06	7.141094e-06	1.303292e-09	3.845874e+01	1.524212e+02
3.680000e-06	7.140513e-06	1.303706e-09	3.845561e+01	1.524045e+02
3.690000e-06	7.139498e-06	1.303675e-09	3.845014e+01	1.523795e+02
3.700000e-06	7.137990e-06	1.304645e-09	3.844202e+01	1.523464e+02
3.710000e-06	7.135995e-06	1.305368e-09	3.843128e+01	1.523055e+02
3.720000e-06	7.133526e-06	1.306067e-09	3.841798e+01	1.522570e+02
3.730000e-06	7.130613e-06	1.307580e-09	3.840229e+01	1.522013e+02
3.740000e-06	7.127144e-06	1.303873e-09	3.838361e+01	1.521387e+02
3.750000e-06	7.123145e-06	1.293321e-09	3.836207e+01	1.520696e+02
3.760000e-06	7.118549e-06	1.313465e-09	3.833732e+01	1.519943e+02
3.770000e-06	7.113085e-06	1.358848e-09	3.830790e+01	1.519133e+02
3.780000e-06	7.106980e-06	1.310596e-09	3.827502e+01	1.518269e+02
3.790000e-06	7.100822e-06	1.243592e-09	3.824185e+01	1.517355e+02
3.800000e-06	7.094599e-06	1.291809e-09	3.820834e+01	1.516395e+02
3.810000e-06	7.087612e-06	1.367046e-09	3.817071e+01	1.515394e+02
3.820000e-06	7.079763e-06	1.316902e-09	3.812844e+01	1.514355e+02
3.830000e-06	7.071539e-06	1.225755e-09	3.808415e+01	1.513281e+02
3.840000e-06	7.063005e-06	1.295969e-09	3.803819e+01	1.512177e+02
3.850000e-06	7.053940e-06	1.401524e-09	3.798937e+01	1.511046e+02
3.860000e-06	7.044246e-06	1.309726e-09	3.793716e+01	1.509890e+02
3.870000e-06	7.034145e-06	1.186375e-09	3.788276e+01	1.508713e+02
3.880000e-06	7.023645e-06	1.288290e-09	3.782621e+01	1.507516e+02
3.890000e-06	7.012611e-06	1.407669e-09	3.776678e+01	1.506302e+02
3.900000e-06	7.000918e-06	1.299140e-09	3.770381e+01	1.505072e+02
3.910000e-06	6.988800e-06	1.204490e-09	3.763855e+01	1.503828e+02
3.920000e-06	6.976168e-06	1.330078e-09	3.757052e+01	1.502569e+02
3.930000e-06	6.962644e-06	1.382273e-09	3.749768e+01	1.501298e+02
3.940000e-06	6.948399e-06	1.242897e-09	3.742097e+01	1.500013e+02
3.950000e-06	6.933577e-06	1.232639e-09	3.734115e+01	1.498713e+02
3.960000e-06	6.918105e-06	1.371769e-09	3.725782e+01	1.497399e+02
3.970000e-06	6.902100e-06	1.336574e-09	3.717162e+01	1.496069e+02
3.980000e-06	6.885661e-06	1.223053e-09	3.708309e+01	1.494721e+02
3.990000e-06	6.868824e-06	1.309056e-09	3.699242e+01	1.493354e+02
4.000000e-06	6.851501e-06	1.373613e-09	3.689912e+01	1.491966e+02
4.010000e-06	6.833630e-06	1.248432e-09	3.680288e+01	1.490554e+02
4.020000e-06	6.815437e-06	1.235698e-09	3.670490e+01	1.489116e+02
4.030000e-06	6.796807e-06	1.369462e-09	3.660456e+01	1.487649e+02
4.040000e-06	6.777640e-06	1.330021e-09	3.650134e+01	1.486152e+02
4.050000e-06	6.758008e-06	1.222759e-09	3.639561e+01	1.484621e+02
4.060000e-06	6.738017e-06	1.306201e-09	3.628795e+01	1.483054e+02
4.070000e-06	6.717658e-06	1.356831e-09	3.617830e+01	1.481448e+02
4.080000e-06	6.696992e-06	1.251708e-09	3.606700e+01	1.479803e+02
4.090000e-06	6.675842e-06	1.261208e-09	3.595310e+01	1.478114e+02
4.100000e-06	6.653866e-06	1.347790e-09	3.583474e+01	1.476381e+02
4.110000e-06	6.631048e-06	1.287757e-09	3.571186e+01	1.474601e+02
4.120000e-06	6.607623e-06	1.244526e-09	3.558570e+01	1.472774e+02
4.130000e-06	6.583690e-06	1.320948e-09	3.545681e+01	1.470897e+02
4.140000e-06	6.559480e-06	1.308510e-09	3.532642e+01	1.468971e+02
4.150000e-06	6.535054e-06	1.244296e-09	3.519488e+01	1.466992e+02
4.160000e-06	6.510018e-06	1.294137e-09	3.506004e+01	1.464963e+02
4.170000e-06	6.484427e-06	1.320238e-09	3.492222e+01	1.462880e+02
4.180000e-06	6.458591e-06	1.263282e-09	3.478308e+01	1.460745e+02
4.190000e-06	6.432313e-06	1.275734e-09	3.464156e+01	1.458557e+02
4.200000e-06	6.405338e-06	1.308349e-09	3.449628e+01	1.456315e+02
4.210000e-06	6.377786e-06	1.268990e-09	3.434790e+01	1.454020e+02
4.220000e-06	6.349887e-06	1.264184e-09	3.419765e+01	1.451672e+02
4.230000e-06	6.321756e-06	1.298654e-09	3.404615e+01	1.449269e+02
4.240000e-06	6.293324e-06	1.281207e-09	3.389303e+01	1.446811e+02
4.250000e-06	6.264588e-06	1.265564e-09	3.373827e+01	1.444299e+02
4.260000e-06	6.235366e-06	1.285695e-09	3.358089e+01	1.441731e+02
4.270000e-06	6.205409e-06	1.278750e-09	3.341956e+01	1.439106e+02
4.280000e-06	6.174761e-06	1.264230e-09	3.325450e+01	1.436423e+02
4.290000e-06	6.143444e-06	1.274086e-09	3.308584e+01	1.433681e+02
4.300000e-06	6.111498e-06	1.272435e-09	3.291379e+01	1.430878e+02
4.310000e-06	6.079158e-06	1.263143e-09	3.273963e+01	1.428011e+02
4.320000e-06	6.046555e-06	1.266805e-09	3.256404e+01	1.425078e+02
4.330000e-06	6.013657e-06	1.264980e-09	3.238687e+01	1.422076e+02
4.340000e-06	5.980313e-06	1.259044e-09	3.220729e+01	1.419003e+02
4.350000e-06	5.946527e-06	1.259720e-09	3.202534e+01	1.415855e+02
4.360000e-06	5.912335e-06	1.257653e-09	3.184119e+01	1.412629e+02
4.370000e-06	5.877733e-06	1.257184e-09	3.165484e+01	1.409321e+02
4.380000e-06	5.842711e-06	1.259213e-09	3.146623e+01	1.405926e+02
4.390000e-06	5.807392e-06	1.253249e-09	3.127601e+01	1.402442e+02
4.400000e-06	5.771745e-06	1.247589e-09	3.108404e+01	1.398863e+02
4.410000e-06	5.735718e-06	1.248766e-09	3.089001e+01	1.395187e+02
4.420000e-06	5.699448e-06	1.245826e-09	3.069468e+01	1.391409e+02
4.430000e-06	5.662894e-06	1.240637e-09	3.049782e+01	1.387526e+02
4.440000e-06	5.625868e-06	1.239637e-09	3.029841e+01	1.383534e+02
4.450000e-06	5.588167e-06	1.239035e-09	3.009537e+01	1.379429e+02
4.460000e-06	5.549796e-06	1.235869e-09	2.988872e+01	1.375210e+02
4.470000e-06	5.510834e-06	1.232211e-09	2.967889e+01	1.370874e+02
4.480000e-06	5.471345e-06	1.228364e-09	2.946622e+01	1.366418e+02
4.490000e-06	5.431427e-06	1.223581e-09	2.925124e+01	1.361842e+02
4.500000e-06	5.391223e-06	1.219067e-09	2.903472e+01	1.357145e+02
4.510000e-06	5.350759e-06	1.217591e-09	2.881679e+01	1.352326e+02
4.520000e-06	5.309983e-06	1.216739e-09	2.859719e+01	1.347385e+02
4.530000e-06	5.268883e-06	1.212957e-09	2.837585e+01	1.342325e+02
4.540000e-06	5.227455e-06	1.207793e-09	2.815273e+01	1.337145e+02
4.550000e-06	5.185631e-06	1.204344e-09	2.792749e+01	1.331848e+02
4.560000e-06	5.143360e-06	1.200813e-09	2.769984e+01	1.326437e+02
4.570000e-06	5.100820e-06	1.194836e-09	2.747073e+01	1.320915e+02
4.580000e-06	5.058017e-06	1.188126e-09	2.724022e+01	1.315286e+02
4.590000e-06	5.014823e-06	1.182865e-09	2.700759e+01	1.309553e+02
4.600000e-06	4.971237e-06	1.178518e-09	2.677286e+01	1.303721e+02
4.610000e-06	4.927331e-06	1.174242e-09	2.653640e+01	1.297794e+02
4.620000e-06	4.883189e-06	1.171261e-09	2.629867e+01	1.291778e+02
4.630000e-06	4.838742e-06	1.168079e-09	2.605930e+01	1.285676e+02
4.640000e-06	4.793998e-06	1.162295e-09	2.581833e+01	1.279495e+02
4.650000e-06	4.749039e-06	1.155839e-09	2.557620e+01	1.273238e+02
4.660000e-06	4.703761e-06	1.149679e-09	2.533235e+01	1.266909e+02
4.670000e-06	4.658128e-06	1.142332e-09	2.508659e+01	1.260514e+02
4.680000e-06	4.612133e-06	1.134900e-09	2.483889e+01	1.254057e+02
4.690000e-06	4.565774e-06	1.128412e-09	2.458921e+01	1.247539e+02
4.700000e-06	4.519110e-06	1.123938e-09	2.433790e+01	1.240964e+02
4.710000e-06	4.472096e-06	1.120195e-09	2.408471e+01	1.234335e+02
4.720000e-06	4.424664e-06	1.114190e-09	2.382926e+01	1.227653e+02
4.730000e-06	4.376911e-06	1.105885e-09	2.357208e+01	1.220918e+02
4.740000e-06	4.328883e-06	1.098423e-09	2.331343e+01	1.214131e+02
4.750000e-06	4.280489e-06	1.092458e-09	2.305280e+01	1.207291e+02
4.760000e-06	4.231693e-06	1.086078e-09	2.279000e+01	1.200397e+02
4.770000e-06	4.182485e-06	1.078573e-09	2.252499e+01	1.193445e+02
4.780000e-06	4.132996e-06	1.072045e-09	2.225847e+01	1.186432e+02
4.790000e-06	4.083221e-06	1.067047e-09	2.199040e+01	1.179356e+02
4.800000e-06	4.033014e-06	1.062378e-09	2.172001e+01	1.172210e+02
4.810000e-06	3.982518e-06	1.057140e-09	2.144806e+01	1.164991e+02
4.820000e-06	3.931771e-06	1.050652e-09	2.117476e+01	1.157691e+02
4.830000e-06	3.880618e-06	1.042987e-09	2.089927e+01	1.150305e+02
4.840000e-06	3.829188e-06	1.036449e-09	2.062229e+01	1.142825e+02
4.850000e-06	3.777605e-06	1.030878e-09	2.034449e+01	1.135244e+02
4.860000e-06	3.725790e-06	1.025130e-09	2.006544e+01	1.127555e+02
4.870000e-06	3.673633e-06	1.020090e-09	1.978455e+01	1.119750e+02
4.880000e-06	3.621113e-06	1.014999e-09	1.950169e+01	1.111821e+02
4.890000e-06	3.568288e-06	1.009308e-09	1.921720e+01	1.103760e+02
4.900000e-06	3.515146e-06	1.003268e-09	1.893100e+01	1.095560e+02
4.910000e-06	3.461816e-06	9.965546e-10	1.864379e+01	1.087214e+02
4.920000e-06	3.408249e-06	9.880961e-10	1.835531e+01	1.078714e+02
4.930000e-06	3.354177e-06	9.794620e-10	1.806410e+01	1.070054e+02
4.940000e-06	3.299681e-06	9.727482e-10	1.777060e+01	1.061228e+02
4.950000e-06	3.245012e-06	9.654609e-10	1.747618e+01	1.052230e+02
4.960000e-06	3.190061e-06	9.556990e-10	1.718024e+01	1.043056e+02
4.970000e-06	3.134751e-06	9.460711e-10	1.688236e+01	1.033702e+02
4.980000e-06	3.079035e-06	9.370331e-10	1.658231e+01	1.024165e+02
4.990000e-06	3.022957e-06	9.287540e-10	1.628029e+01	1.014441e+02
5.000000e-06	2.966804e-06	9.208244e-10	1.597788e+01	1.004529e+02
5.010000e-06	2.910542e-06	9.122549e-10	1.567488e+01	9.944287e+01
5.020000e-06	2.854159e-06	9.034660e-10	1.537122e+01	9.841395e+01
5.030000e-06	2.797675e-06	8.950215e-10	1.506703e+01	9.736621e+01
5.040000e-06	2.740988e-06	8.865538e-10	1.476174e+01	9.629980e+01
5.050000e-06	2.684082e-06	8.773626e-10	1.445527e+01	9.521493e+01
5.060000e-06	2.627031e-06	8.671604e-10	1.414802e+01	9.411186e+01
5.070000e-06	2.569814e-06	8.562489e-10	1.383987e+01	9.299091e+01
5.080000e-06	2.512409e-06	8.459940e-10	1.353071e+01	9.185247e+01
5.090000e-06	2.454943e-06	8.364287e-10	1.322122e+01	9.069693e+01
5.100000e-06	2.397365e-06	8.263056e-10	1.291113e+01	8.952474e+01
5.110000e-06	2.339521e-06	8.151112e-10	1.259962e+01	8.833634e+01
5.120000e-06	2.281397e-06	8.033329e-10	1.228658e+01	8.713220e+01
5.130000e-06	2.223112e-06	7.920683e-10	1.197269e+01	8.591277e+01
5.140000e-06	2.164658e-06	7.811886e-10	1.165788e+01	8.467848e+01
5.150000e-06	2.106020e-06	7.700720e-10	1.134208e+01	8.342976e+01
5.160000e-06	2.047250e-06	7.587425e-10	1.102557e+01	8.216696e+01
5.170000e-06	1.988280e-06	7.467894e-10	1.070799e+01	8.089043e+01
5.180000e-06	1.929118e-06	7.349876e-10	1.038937e+01	7.960041e+01
5.190000e-06	1.869897e-06	7.236714e-10	1.007043e+01	7.829712e+01
5.200000e-06	1.810643e-06	7.112703e-10	9.751312e+00	7.698067e+01
5.210000e-06	1.751209e-06	6.979270e-10	9.431229e+00	7.565111e+01
5.220000e-06	1.691605e-06	6.860186e-10	9.110227e+00	7.430839e+01
5.230000e-06	1.631913e-06	6.746221e-10	8.788752e+00	7.295236e+01
5.240000e-06	1.572129e-06	6.616265e-10	8.466785e+00	7.158279e+01
5.250000e-06	1.512331e-06	6.478123e-10	8.144738e+00	7.019935e+01
5.260000e-06	1.452423e-06	6.343469e-10	7.822100e+00	6.880158e+01
5.270000e-06	1.392265e-06	6.213591e-10	7.498114e+00	6.738895e+01
5.280000e-06	1.332005e-06	6.080002e-10	7.173584e+00	6.596083e+01
5.290000e-06	1.271778e-06	5.933732e-10	6.849226e+00	6.451649e+01
5.300000e-06	1.211559e-06	5.784959e-10	6.524915e+00	6.305511e+01
5.310000e-06	1.151269e-06	5.644300e-10	6.200218e+00	6.157580e+01
5.320000e-06	1.090894e-06	5.509084e-10	5.875065e+00	6.007758e+01
5.330000e-06	1.030465e-06	5.381716e-10	5.549624e+00	5.855942e+01
5.340000e-06	9.700427e-07	5.253765e-10	5.224216e+00	5.702025e+01
5.350000e-06	9.095869e-07	5.111786e-10	4.898628e+00	5.545893e+01
5.360000e-06	8.490526e-07	4.964858e-10	4.572618e+00	5.387431e+01
5.370000e-06	7.885038e-07	4.822265e-10	4.246529e+00	5.226524e+01
5.380000e-06	7.279639e-07	4.678430e-10	3.920488e+00	5.063056e+01
5.390000e-06	6.673804e-07	4.523803e-10	3.594212e+00	4.896911e+01
5.400000e-06	6.067183e-07	4.354871e-10	3.267513e+00	4.727980e+01
5.410000e-06	5.459182e-07	4.185368e-10	2.940071e+00	4.556157e+01
5.420000e-06	4.850109e-07	4.029253e-10	2.612052e+00	4.381343e+01
5.430000e-06	4.241968e-07	3.879097e-10	2.284534e+00	4.203448e+01
5.440000e-06	3.634338e-07	3.715791e-10	1.957292e+00	4.022390e+01
5.450000e-06	3.025570e-07	3.531823e-10	1.629437e+00	3.838100e+01
5.460000e-06	2.416582e-07	3.351131e-10	1.301463e+00	3.650522e+01
5.470000e-06	1.808094e-07	3.188986e-10	9.737584e-01	3.459615e+01
5.480000e-06	1.199897e-07	3.029531e-10	6.462108e-01	3.265351e+01
5.490000e-06	5.922293e-08	2.857788e-10	3.189482e-01	3.067720e+01
5.500000e-06	-1.612896e-09	2.665493e-10	-8.686335e-03	2.866732e+01
5.510000e-06	-6.250395e-08	2.462550e-10	-3.366183e-01	2.662412e+01
5.520000e-06	-1.232638e-07	2.265065e-10	-6.638436e-01	2.454806e+01
5.530000e-06	-1.840274e-07	2.070381e-10	-9.910893e-01	2.243980e+01
5.540000e-06	-2.448649e-07	1.876132e-10	-1.318733e+00	2.030020e+01
5.550000e-06	-3.056986e-07	1.687845e-10	-1.646356e+00	1.813030e+01
5.560000e-06	-3.664981e-07	1.502849e-10	-1.973795e+00	1.593137e+01
5.570000e-06	-4.272576e-07	1.308853e-10	-2.301018e+00	1.370487e+01
5.580000e-06	-4.880139e-07	1.097578e-10	-2.628224e+00	1.145244e+01
5.590000e-06	-5.487116e-07	8.775427e-11	-2.955115e+00	9.175906e+00
5.600000e-06	-6.094420e-07	6.535358e-11	-3.282182e+00	6.877283e+00
5.610000e-06	-6.702570e-07	4.320561e-11	-3.609704e+00	4.558739e+00
5.620000e-06	-7.309929e-07	2.261214e-11	-3.936801e+00	2.222596e+00
5.630000e-06	-7.915806e-07	2.386046e-12	-4.263099e+00	-1.286861e-01
5.640000e-06	-8.520252e-07	-1.977138e-11	-4.588627e+00	-2.492530e+00
5.650000e-06	-9.123550e-07	-4.272476e-11	-4.913536e+00	-4.866253e+00
5.660000e-06	-9.727040e-07	-6.461778e-11	-5.238549e+00	-7.247091e+00
5.670000e-06	-1.033078e-06	-8.578881e-11	-5.563696e+00	-9.632213e+00
5.680000e-06	-1.093392e-06	-1.069784e-10	-5.888519e+00	-1.201875e+01
5.690000e-06	-1.153630e-06	-1.289597e-10	-6.212936e+00	-1.440380e+01
5.700000e-06	-1.213833e-06	-1.513889e-10	-6.537161e+00	-1.678447e+01
5.710000e-06	-1.274008e-06	-1.732482e-10	-6.861238e+00	-1.915788e+01
5.720000e-06	-1.334152e-06	-1.944521e-10	-7.185144e+00	-2.152120e+01
5.730000e-06	-1.394184e-06	-2.155047e-10	-7.508453e+00	-2.387165e+01
5.740000e-06	-1.454138e-06	-2.367283e-10	-7.831337e+00	-2.620654e+01
5.750000e-06	-1.514095e-06	-2.585947e-10	-8.154241e+00	-2.852326e+01
5.760000e-06	-1.573898e-06	-2.805057e-10	-8.476310e+00	-3.081934e+01
5.770000e-06	-1.633519e-06	-3.017313e-10	-8.797402e+00	-3.309244e+01
5.780000e-06	-1.693035e-06	-3.230797e-10	-9.117926e+00	-3.534036e+01
5.790000e-06	-1.752411e-06	-3.454545e-10	-9.437700e+00	-3.756106e+01
5.800000e-06	-1.811708e-06	-3.677364e-10	-9.757047e+00	-3.975266e+01
5.810000e-06	-1.870921e-06	-3.881684e-10	-1.007594e+01	-4.191349e+01
5.820000e-06	-1.929950e-06	-4.073829e-10	-1.039385e+01	-4.404205e+01
5.830000e-06	-1.988796e-06	-4.271576e-10	-1.071077e+01	-4.613702e+01
5.840000e-06	-2.047514e-06	-4.477305e-10	-1.102700e+01	-4.819728e+01
5.850000e-06	-2.106109e-06	-4.662313e-10	-1.134256e+01	-5.022192e+01
5.860000e-06	-2.164481e-06	-4.825338e-10	-1.165693e+01	-5.221020e+01
5.870000e-06	-2.222751e-06	-4.999104e-10	-1.197074e+01	-5.416159e+01
5.880000e-06	-2.280898e-06	-5.184388e-10	-1.228390e+01	-5.607572e+01
5.890000e-06	-2.338881e-06	-5.367151e-10	-1.259617e+01	-5.795242e+01
5.900000e-06	-2.396669e-06	-5.544121e-10	-1.290739e+01	-5.979166e+01
5.910000e-06	-2.454191e-06	-5.710337e-10	-1.321718e+01	-6.159359e+01
5.920000e-06	-2.511456e-06	-5.863044e-10	-1.352558e+01	-6.335851e+01
5.930000e-06	-2.568585e-06	-6.016049e-10	-1.383325e+01	-6.508681e+01
5.940000e-06	-2.625647e-06	-6.186665e-10	-1.414056e+01	-6.677905e+01
5.950000e-06	-2.682515e-06	-6.362198e-10	-1.444682e+01	-6.843587e+01
5.960000e-06	-2.739177e-06	-6.526179e-10	-1.475198e+01	-7.005799e+01
5.970000e-06	-2.795608e-06	-6.674427e-10	-1.505590e+01	-7.164624e+01
5.980000e-06	-2.851937e-06	-6.811823e-10	-1.535925e+01	-7.320148e+01
5.990000e-06	-2.908207e-06	-6.947938e-10	-1.566230e+01	-7.472463e+01
6.000000e-06	-2.964241e-06	-7.079830e-10	-1.596407e+01	-7.621666e+01
6.010000e-06	-3.020012e-06	-7.208155e-10	-1.626443e+01	-7.767852e+01
6.020000e-06	-3.075671e-06	-7.333613e-10	-1.656419e+01	-7.911122e+01
6.030000e-06	-3.131155e-06	-7.463998e-10	-1.686300e+01	-8.051572e+01
6.040000e-06	-3.186197e-06	-7.600553e-10	-1.715943e+01	-8.189302e+01
6.050000e-06	-3.240750e-06	-7.729718e-10	-1.745323e+01	-8.324404e+01
6.060000e-06	-3.295034e-06	-7.847309e-10	-1.774558e+01	-8.456973e+01
6.070000e-06	-3.349044e-06	-7.952906e-10	-1.803645e+01	-8.587097e+01
6.080000e-06	-3.402633e-06	-8.063434e-10	-1.832506e+01	-8.714860e+01
6.090000e-06	-3.455930e-06	-8.198221e-10	-1.861209e+01	-8.840344e+01
6.100000e-06	-3.508932e-06	-8.335051e-10	-1.889754e+01	-8.963624e+01
6.110000e-06	-3.561575e-06	-8.442352e-10	-1.918105e+01	-9.084773e+01
6.120000e-06	-3.613830e-06	-8.523432e-10	-1.946247e+01	-9.203857e+01
6.130000e-06	-3.665853e-06	-8.612292e-10	-1.974265e+01	-9.320937e+01
6.140000e-06	-3.717807e-06	-8.719595e-10	-2.002245e+01	-9.436073e+01
6.150000e-06	-3.769468e-06	-8.827833e-10	-2.030067e+01	-9.549318e+01
6.160000e-06	-3.820759e-06	-8.933879e-10	-2.057690e+01	-9.660721e+01
6.170000e-06	-3.871710e-06	-9.035791e-10	-2.085130e+01	-9.770329e+01
6.180000e-06	-3.922293e-06	-9.124901e-10	-2.112371e+01	-9.878186e+01
6.190000e-06	-3.972628e-06	-9.209644e-10	-2.139480e+01	-9.984331e+01
6.200000e-06	-4.022722e-06	-9.286942e-10	-2.166458e+01	-1.008880e+02
6.210000e-06	-4.072613e-06	-9.359032e-10	-2.193327e+01	-1.019164e+02
6.220000e-06	-4.122190e-06	-9.442229e-10	-2.220027e+01	-1.029287e+02
6.230000e-06	-4.171126e-06	-9.530902e-10	-2.246382e+01	-1.039254e+02
6.240000e-06	-4.219417e-06	-9.619179e-10	-2.272389e+01	-1.049067e+02
6.250000e-06	-4.267427e-06	-9.693923e-10	-2.298245e+01	-1.058731e+02
6.260000e-06	-4.315159e-06	-9.748563e-10	-2.323952e+01	-1.068247e+02
6.270000e-06	-4.362525e-06	-9.808339e-10	-2.349461e+01	-1.077619e+02
6.280000e-06	-4.409597e-06	-9.889608e-10	-2.374812e+01	-1.086851e+02
6.290000e-06	-4.456516e-06	-9.977541e-10	-2.400080e+01	-1.095946e+02
6.300000e-06	-4.503268e-06	-1.006283e-09	-2.425259e+01	-1.104906e+02
6.310000e-06	-4.549627e-06	-1.013885e-09	-2.450226e+01	-1.113736e+02
6.320000e-06	-4.595663e-06	-1.020668e-09	-2.475019e+01	-1.122437e+02
6.330000e-06	-4.641375e-06	-1.028111e-09	-2.499637e+01	-1.131014e+02
6.340000e-06	-4.686675e-06	-1.035609e-09	-2.524034e+01	-1.139469e+02
6.350000e-06	-4.731630e-06	-1.042049e-09	-2.548245e+01	-1.147805e+02
6.360000e-06	-4.776372e-06	-1.047956e-09	-2.572341e+01	-1.156025e+02
6.370000e-06	-4.820859e-06	-1.054685e-09	-2.596299e+01	-1.164131e+02
6.380000e-06	-4.865137e-06	-1.062908e-09	-2.620145e+01	-1.172126e+02
6.390000e-06	-4.909249e-06	-1.070063e-09	-2.643902e+01	-1.180012e+02
6.400000e-06	-4.952961e-06	-1.074652e-09	-2.667443e+01	-1.187792e+02
6.410000e-06	-4.996317e-06	-1.079744e-09	-2.690793e+01	-1.195465e+02
6.420000e-06	-5.039366e-06	-1.086893e-09	-2.713977e+01	-1.203035e+02
6.430000e-06	-5.081972e-06	-1.094802e-09	-2.736923e+01	-1.210503e+02
6.440000e-06	-5.124223e-06	-1.101664e-09	-2.759677e+01	-1.217868e+02
6.450000e-06	-5.166211e-06	-1.107383e-09	-2.782290e+01	-1.225132e+02
6.460000e-06	-5.207892e-06	-1.114198e-09	-2.804738e+01	-1.232295e+02
6.470000e-06	-5.249115e-06	-1.121895e-09	-2.826939e+01	-1.239358e+02
6.480000e-06	-5.289923e-06	-1.129014e-09	-2.848916e+01	-1.246318e+02
6.490000e-06	-5.330456e-06	-1.135100e-09	-2.870745e+01	-1.253177e+02
6.500000e-06	-5.370764e-06	-1.139904e-09	-2.892453e+01	-1.259934e+02
6.510000e-06	-5.410860e-06	-1.145128e-09	-2.914047e+01	-1.266586e+02
6.520000e-06	-5.450715e-06	-1.151562e-09	-2.935511e+01	-1.273135e+02
6.530000e-06	-5.490236e-06	-1.156598e-09	-2.956796e+01	-1.279577e+02
6.540000e-06	-5.529175e-06	-1.160234e-09	-2.977767e+01	-1.285913e+02
6.550000e-06	-5.567265e-06	-1.165508e-09	-2.998280e+01	-1.292140e+02
6.560000e-06	-5.604723e-06	-1.172076e-09	-3.018453e+01	-1.298258e+02
6.570000e-06	-5.641835e-06	-1.178729e-09	-3.038440e+01	-1.304266e+02
6.580000e-06	-5.678458e-06	-1.184987e-09	-3.058163e+01	-1.310162e+02
6.590000e-06	-5.714685e-06	-1.189018e-09	-3.077674e+01	-1.315946e+02
6.600000e-06	-5.750718e-06	-1.191318e-09	-3.097079e+01	-1.321617e+02
6.610000e-06	-5.786435e-06	-1.194930e-09	-3.116315e+01	-1.327175e+02
6.620000e-06	-5.821745e-06	-1.200203e-09	-3.135332e+01	-1.332619e+02
6.630000e-06	-5.856672e-06	-1.205184e-09	-3.154141e+01	-1.337950e+02
6.640000e-06	-5.891213e-06	-1.208805e-09	-3.172744e+01	-1.343169e+02
6.650000e-06	-5.925417e-06	-1.212419e-09	-3.191165e+01	-1.348275e+02
6.660000e-06	-5.959196e-06	-1.215879e-09	-3.209356e+01	-1.353272e+02
6.670000e-06	-5.992491e-06	-1.218945e-09	-3.227288e+01	-1.358159e+02
6.680000e-06	-6.025345e-06	-1.222244e-09	-3.244981e+01	-1.362939e+02
6.690000e-06	-6.057835e-06	-1.225396e-09	-3.262479e+01	-1.367614e+02
6.700000e-06	-6.090039e-06	-1.229022e-09	-3.279823e+01	-1.372187e+02
6.710000e-06	-6.121809e-06	-1.233355e-09	-3.296932e+01	-1.376660e+02
6.720000e-06	-6.153132e-06	-1.237310e-09	-3.313802e+01	-1.381037e+02
6.730000e-06	-6.183898e-06	-1.239145e-09	-3.330371e+01	-1.385319e+02
6.740000e-06	-6.213732e-06	-1.240757e-09	-3.346438e+01	-1.389512e+02
6.750000e-06	-6.242936e-06	-1.244520e-09	-3.362166e+01	-1.393618e+02
6.760000e-06	-6.271829e-06	-1.248951e-09	-3.377727e+01	-1.397640e+02
6.770000e-06	-6.300366e-06	-1.251585e-09	-3.393095e+01	-1.401583e+02
6.780000e-06	-6.328562e-06	-1.253065e-09	-3.408280e+01	-1.405450e+02
6.790000e-06	-6.356363e-06	-1.253867e-09	-3.423253e+01	-1.409244e+02
6.800000e-06	-6.383691e-06	-1.254132e-09	-3.437971e+01	-1.412969e+02
6.810000e-06	-6.410544e-06	-1.255178e-09	-3.452433e+01	-1.416627e+02
6.820000e-06	-6.437001e-06	-1.256960e-09	-3.466681e+01	-1.420223e+02
6.830000e-06	-6.462963e-06	-1.259526e-09	-3.480663e+01	-1.423758e+02
6.840000e-06	-6.488468e-06	-1.261623e-09	-3.494398e+01	-1.427235e+02
6.850000e-06	-6.513495e-06	-1.263555e-09	-3.507877e+01	-1.430657e+02
6.860000e-06	-6.538083e-06	-1.265568e-09	-3.521119e+01	-1.434025e+02
6.870000e-06	-6.562398e-06	-1.267079e-09	-3.534214e+01	-1.437342e+02
6.880000e-06	-6.586411e-06	-1.269065e-09	-3.547146e+01	-1.440607e+02
6.890000e-06	-6.609921e-06	-1.271505e-09	-3.559808e+01	-1.443824e+02
6.900000e-06	-6.632781e-06	-1.273697e-09	-3.572119e+01	-1.446991e+02
6.910000e-06	-6.654932e-06	-1.275017e-09	-3.584049e+01	-1.450110e+02
6.920000e-06	-6.676397e-06	-1.275551e-09	-3.595609e+01	-1.453181e+02
6.930000e-06	-6.697377e-06	-1.275623e-09	-3.606908e+01	-1.456203e+02
6.940000e-06	-6.717954e-06	-1.276889e-09	-3.617990e+01	-1.459176e+02
6.950000e-06	-6.738127e-06	-1.279869e-09	-3.628854e+01	-1.462100e+02
6.960000e-06	-6.757869e-06	-1.283090e-09	-3.639486e+01	-1.464973e+02
6.970000e-06	-6.777178e-06	-1.285121e-09	-3.649885e+01	-1.467794e+02
6.980000e-06	-6.796085e-06	-1.285842e-09	-3.660067e+01	-1.470563e+02
6.990000e-06	-6.814565e-06	-1.286015e-09	-3.670020e+01	-1.473277e+02
7.000000e-06	-6.832623e-06	-1.286746e-09	-3.679745e+01	-1.475936e+02
7.010000e-06	-6.850236e-06	-1.288290e-09	-3.689231e+01	-1.478537e+02
7.020000e-06	-6.867213e-06	-1.289318e-09	-3.698374e+01	-1.481080e+02
7.030000e-06	-6.883667e-06	-1.290492e-09	-3.707235e+01	-1.483561e+02
7.040000e-06	-6.899859e-06	-1.293276e-09	-3.715955e+01	-1.485980e+02
7.050000e-06	-6.915603e-06	-1.296712e-09	-3.724435e+01	-1.488335e+02
7.060000e-06	-6.930710e-06	-1.299426e-09	-3.732570e+01	-1.490624e+02
7.070000e-06	-6.945114e-06	-1.300468e-09	-3.740328e+01	-1.492845e+02
7.080000e-06	-6.958799e-06	-1.300842e-09	-3.747698e+01	-1.494997e+02
7.090000e-06	-6.971853e-06	-1.302321e-09	-3.754728e+01	-1.497077e+02
7.100000e-06	-6.984336e-06	-1.304124e-09	-3.761451e+01	-1.499085e+02
7.110000e-06	-6.996318e-06	-1.305964e-09	-3.767904e+01	-1.501019e+02
7.120000e-06	-7.007826e-06	-1.307413e-09	-3.774102e+01	-1.502877e+02
7.130000e-06	-7.018787e-06	-1.307795e-09	-3.780004e+01	-1.504657e+02
7.140000e-06	-7.029212e-06	-1.307851e-09	-3.785619e+01	-1.506359e+02
7.150000e-06	-7.039166e-06	-1.308404e-09	-3.790980e+01	-1.507980e+02
7.160000e-06	-7.048620e-06	-1.308831e-09	-3.796071e+01	-1.509520e+02
7.170000e-06	-7.057569e-06	-1.309458e-09	-3.800891e+01	-1.510976e+02
7.180000e-06	-7.066076e-06	-1.311009e-09	-3.805473e+01	-1.512349e+02
7.190000e-06	-7.074348e-06	-1.312871e-09	-3.809927e+01	-1.513636e+02
7.200000e-06	-7.082266e-06	-1.314346e-09	-3.814192e+01	-1.514837e+02
7.210000e-06	-7.089498e-06	-1.314897e-09	-3.818087e+01	-1.515950e+02
7.220000e-06	-7.095899e-06	-1.314198e-09	-3.821534e+01	-1.516975e+02
7.230000e-06	-7.101451e-06	-1.312640e-09	-3.824524e+01	-1.517910e+02
7.240000e-06	-7.106433e-06	-1.312294e-09	-3.827207e+01	-1.518755e+02
7.250000e-06	-7.111033e-06	-1.313298e-09	-3.829684e+01	-1.519509e+02
7.260000e-06	-7.115266e-06	-1.313287e-09	-3.831964e+01	-1.520172e+02
7.270000e-06	-7.119154e-06	-1.312733e-09	-3.834058e+01	-1.520744e+02
7.280000e-06	-7.122680e-06	-1.312771e-09	-3.835957e+01	-1.521224e+02
7.290000e-06	-7.125817e-06	-1.313372e-09	-3.837647e+01	-1.521612e+02
7.300000e-06	-7.128472e-06	-1.314071e-09	-3.839076e+01	-1.521909e+02
7.310000e-06	-7.130503e-06	-1.312865e-09	-3.840170e+01	-1.522115e+02
7.320000e-06	-7.131893e-06	-1.311125e-09	-3.840919e+01	-1.522231e+02
7.330000e-06	-7.132862e-06	-1.311056e-09	-3.841440e+01	-1.522259e+02
7.340000e-06	-7.133474e-06	-1.310733e-09	-3.841770e+01	-1.522199e+02
