# Temperatura_=_20.0
# Concentracion g/m^3_=_7400.0
# C_Vs_to_Am_M_A/Vsm_=_116720831517.84952
# pendiente_HvsI_1/m_=_3716.3
# ordenada_HvsI_A/m_=_1297.0
# frecuencia_Hz_=_136114.58743800974

Tiempo_(s)	Campo_(V.s)	Magnetizacion_(V.s)	Campo_(kA/m)	Magnetizacion_(A/m)
0.000000e+00	-7.157963e-06	-1.305519e-09	-3.842957e+01	-1.509709e+02
1.000000e-08	-7.158209e-06	-1.305340e-09	-3.843089e+01	-1.509668e+02
2.000000e-08	-7.157968e-06	-1.305206e-09	-3.842960e+01	-1.509514e+02
3.000000e-08	-7.156926e-06	-1.303648e-09	-3.842400e+01	-1.509250e+02
4.000000e-08	-7.155012e-06	-1.302688e-09	-3.841373e+01	-1.508878e+02
5.000000e-08	-7.152308e-06	-1.303077e-09	-3.839921e+01	-1.508403e+02
6.000000e-08	-7.149113e-06	-1.302857e-09	-3.838206e+01	-1.507828e+02
7.000000e-08	-7.145646e-06	-1.306464e-09	-3.836344e+01	-1.507159e+02
8.000000e-08	-7.141876e-06	-1.317497e-09	-3.834321e+01	-1.506401e+02
9.000000e-08	-7.137435e-06	-1.295259e-09	-3.831936e+01	-1.505561e+02
1.000000e-07	-7.131937e-06	-1.227217e-09	-3.828984e+01	-1.504645e+02
1.100000e-07	-7.125759e-06	-1.245188e-09	-3.825667e+01	-1.503660e+02
1.200000e-07	-7.119645e-06	-1.382717e-09	-3.822385e+01	-1.502614e+02
1.300000e-07	-7.113478e-06	-1.379465e-09	-3.819074e+01	-1.501514e+02
1.400000e-07	-7.106657e-06	-1.204552e-09	-3.815412e+01	-1.500366e+02
1.500000e-07	-7.099216e-06	-1.203984e-09	-3.811417e+01	-1.499179e+02
1.600000e-07	-7.091602e-06	-1.406889e-09	-3.807329e+01	-1.497958e+02
1.700000e-07	-7.083727e-06	-1.381463e-09	-3.803101e+01	-1.496711e+02
1.800000e-07	-7.074860e-06	-1.125748e-09	-3.798341e+01	-1.495443e+02
1.900000e-07	-7.064953e-06	-1.174190e-09	-3.793022e+01	-1.494160e+02
2.000000e-07	-7.054480e-06	-1.455628e-09	-3.787399e+01	-1.492868e+02
2.100000e-07	-7.043749e-06	-1.392098e-09	-3.781638e+01	-1.491569e+02
2.200000e-07	-7.032396e-06	-1.122604e-09	-3.775543e+01	-1.490267e+02
2.300000e-07	-7.020267e-06	-1.204513e-09	-3.769031e+01	-1.488965e+02
2.400000e-07	-7.007746e-06	-1.412140e-09	-3.762309e+01	-1.487665e+02
2.500000e-07	-6.994740e-06	-1.287348e-09	-3.755326e+01	-1.486367e+02
2.600000e-07	-6.980898e-06	-1.149940e-09	-3.747895e+01	-1.485072e+02
2.700000e-07	-6.966191e-06	-1.304851e-09	-3.739999e+01	-1.483778e+02
2.800000e-07	-6.950865e-06	-1.356628e-09	-3.731771e+01	-1.482484e+02
2.900000e-07	-6.935020e-06	-1.193076e-09	-3.723264e+01	-1.481188e+02
3.000000e-07	-6.918698e-06	-1.224052e-09	-3.714501e+01	-1.479886e+02
3.100000e-07	-6.902084e-06	-1.343974e-09	-3.705581e+01	-1.478574e+02
3.200000e-07	-6.885126e-06	-1.215089e-09	-3.696477e+01	-1.477248e+02
3.300000e-07	-6.867588e-06	-1.153595e-09	-3.687061e+01	-1.475904e+02
3.400000e-07	-6.849501e-06	-1.349550e-09	-3.677350e+01	-1.474536e+02
3.500000e-07	-6.830972e-06	-1.340521e-09	-3.667402e+01	-1.473139e+02
3.600000e-07	-6.812016e-06	-1.125552e-09	-3.657226e+01	-1.471707e+02
3.700000e-07	-6.792646e-06	-1.195065e-09	-3.646826e+01	-1.470234e+02
3.800000e-07	-6.772938e-06	-1.353615e-09	-3.636245e+01	-1.468715e+02
3.900000e-07	-6.752722e-06	-1.222734e-09	-3.625392e+01	-1.467145e+02
4.000000e-07	-6.731884e-06	-1.143061e-09	-3.614204e+01	-1.465517e+02
4.100000e-07	-6.710532e-06	-1.289462e-09	-3.602741e+01	-1.463828e+02
4.200000e-07	-6.688830e-06	-1.282125e-09	-3.591089e+01	-1.462072e+02
4.300000e-07	-6.666703e-06	-1.166452e-09	-3.579210e+01	-1.460245e+02
4.400000e-07	-6.644165e-06	-1.232999e-09	-3.567110e+01	-1.458344e+02
4.500000e-07	-6.621191e-06	-1.266454e-09	-3.554776e+01	-1.456367e+02
4.600000e-07	-6.597786e-06	-1.163717e-09	-3.542210e+01	-1.454309e+02
4.700000e-07	-6.574104e-06	-1.198897e-09	-3.529496e+01	-1.452170e+02
4.800000e-07	-6.550047e-06	-1.282806e-09	-3.516580e+01	-1.449949e+02
4.900000e-07	-6.525266e-06	-1.199126e-09	-3.503275e+01	-1.447644e+02
5.000000e-07	-6.499681e-06	-1.156363e-09	-3.489540e+01	-1.445256e+02
5.100000e-07	-6.473432e-06	-1.230672e-09	-3.475447e+01	-1.442785e+02
5.200000e-07	-6.446549e-06	-1.212092e-09	-3.461014e+01	-1.440233e+02
5.300000e-07	-6.419240e-06	-1.161213e-09	-3.446353e+01	-1.437599e+02
5.400000e-07	-6.391623e-06	-1.203276e-09	-3.431525e+01	-1.434888e+02
5.500000e-07	-6.363673e-06	-1.209514e-09	-3.416520e+01	-1.432099e+02
5.600000e-07	-6.335345e-06	-1.168031e-09	-3.401311e+01	-1.429236e+02
5.700000e-07	-6.306521e-06	-1.185750e-09	-3.385836e+01	-1.426301e+02
5.800000e-07	-6.277245e-06	-1.195225e-09	-3.370118e+01	-1.423297e+02
5.900000e-07	-6.247602e-06	-1.161030e-09	-3.354204e+01	-1.420225e+02
6.000000e-07	-6.217513e-06	-1.166404e-09	-3.338050e+01	-1.417088e+02
6.100000e-07	-6.187032e-06	-1.183671e-09	-3.321685e+01	-1.413888e+02
6.200000e-07	-6.156099e-06	-1.167358e-09	-3.305078e+01	-1.410627e+02
6.300000e-07	-6.124775e-06	-1.164452e-09	-3.288260e+01	-1.407305e+02
6.400000e-07	-6.093262e-06	-1.168472e-09	-3.271342e+01	-1.403925e+02
6.500000e-07	-6.061458e-06	-1.153939e-09	-3.254267e+01	-1.400486e+02
6.600000e-07	-6.029199e-06	-1.152293e-09	-3.236948e+01	-1.396989e+02
6.700000e-07	-5.996202e-06	-1.158647e-09	-3.219233e+01	-1.393432e+02
6.800000e-07	-5.962347e-06	-1.148211e-09	-3.201057e+01	-1.389816e+02
6.900000e-07	-5.927808e-06	-1.142471e-09	-3.182513e+01	-1.386138e+02
7.000000e-07	-5.892711e-06	-1.141506e-09	-3.163670e+01	-1.382396e+02
7.100000e-07	-5.857345e-06	-1.131568e-09	-3.144683e+01	-1.378588e+02
7.200000e-07	-5.821787e-06	-1.129703e-09	-3.125593e+01	-1.374711e+02
7.300000e-07	-5.786002e-06	-1.132380e-09	-3.106380e+01	-1.370762e+02
7.400000e-07	-5.749981e-06	-1.122703e-09	-3.087042e+01	-1.366736e+02
7.500000e-07	-5.713478e-06	-1.117851e-09	-3.067444e+01	-1.362630e+02
7.600000e-07	-5.676466e-06	-1.121727e-09	-3.047573e+01	-1.358439e+02
7.700000e-07	-5.639083e-06	-1.116504e-09	-3.027503e+01	-1.354159e+02
7.800000e-07	-5.601256e-06	-1.105998e-09	-3.007194e+01	-1.349786e+02
7.900000e-07	-5.562835e-06	-1.100427e-09	-2.986567e+01	-1.345315e+02
8.000000e-07	-5.523817e-06	-1.095514e-09	-2.965619e+01	-1.340743e+02
8.100000e-07	-5.484423e-06	-1.092728e-09	-2.944470e+01	-1.336065e+02
8.200000e-07	-5.444931e-06	-1.092217e-09	-2.923267e+01	-1.331278e+02
8.300000e-07	-5.405289e-06	-1.087282e-09	-2.901984e+01	-1.326378e+02
8.400000e-07	-5.365348e-06	-1.080054e-09	-2.880540e+01	-1.321362e+02
8.500000e-07	-5.325059e-06	-1.075726e-09	-2.858910e+01	-1.316228e+02
8.600000e-07	-5.284026e-06	-1.071992e-09	-2.836880e+01	-1.310975e+02
8.700000e-07	-5.242326e-06	-1.065433e-09	-2.814493e+01	-1.305601e+02
8.800000e-07	-5.200315e-06	-1.057574e-09	-2.791938e+01	-1.300105e+02
8.900000e-07	-5.157922e-06	-1.050089e-09	-2.769178e+01	-1.294487e+02
9.000000e-07	-5.115113e-06	-1.044885e-09	-2.746195e+01	-1.288748e+02
9.100000e-07	-5.071843e-06	-1.040828e-09	-2.722964e+01	-1.282890e+02
9.200000e-07	-5.028308e-06	-1.034933e-09	-2.699591e+01	-1.276914e+02
9.300000e-07	-4.984628e-06	-1.027791e-09	-2.676140e+01	-1.270822e+02
9.400000e-07	-4.940638e-06	-1.022211e-09	-2.652523e+01	-1.264617e+02
9.500000e-07	-4.896173e-06	-1.016976e-09	-2.628650e+01	-1.258303e+02
9.600000e-07	-4.851266e-06	-1.011040e-09	-2.604541e+01	-1.251884e+02
9.700000e-07	-4.806045e-06	-1.003901e-09	-2.580263e+01	-1.245362e+02
9.800000e-07	-4.760496e-06	-9.961468e-10	-2.555808e+01	-1.238743e+02
9.900000e-07	-4.714626e-06	-9.902390e-10	-2.531182e+01	-1.232031e+02
1.000000e-06	-4.668387e-06	-9.869729e-10	-2.506357e+01	-1.225230e+02
1.010000e-06	-4.621837e-06	-9.833168e-10	-2.481366e+01	-1.218344e+02
1.020000e-06	-4.575057e-06	-9.769189e-10	-2.456250e+01	-1.211377e+02
1.030000e-06	-4.528019e-06	-9.691072e-10	-2.430996e+01	-1.204333e+02
1.040000e-06	-4.480607e-06	-9.628055e-10	-2.405542e+01	-1.197216e+02
1.050000e-06	-4.432878e-06	-9.580963e-10	-2.379917e+01	-1.190029e+02
1.060000e-06	-4.384951e-06	-9.526257e-10	-2.354186e+01	-1.182773e+02
1.070000e-06	-4.336673e-06	-9.457255e-10	-2.328267e+01	-1.175452e+02
1.080000e-06	-4.288018e-06	-9.388902e-10	-2.302145e+01	-1.168066e+02
1.090000e-06	-4.238836e-06	-9.327503e-10	-2.275740e+01	-1.160615e+02
1.100000e-06	-4.189121e-06	-9.263506e-10	-2.249049e+01	-1.153100e+02
1.110000e-06	-4.139131e-06	-9.193660e-10	-2.222211e+01	-1.145520e+02
1.120000e-06	-4.088825e-06	-9.124671e-10	-2.195202e+01	-1.137873e+02
1.130000e-06	-4.038109e-06	-9.056220e-10	-2.167974e+01	-1.130158e+02
1.140000e-06	-3.987033e-06	-8.999873e-10	-2.140553e+01	-1.122369e+02
1.150000e-06	-3.935584e-06	-8.954994e-10	-2.112931e+01	-1.114505e+02
1.160000e-06	-3.883870e-06	-8.885404e-10	-2.085166e+01	-1.106561e+02
1.170000e-06	-3.831938e-06	-8.794353e-10	-2.057285e+01	-1.098532e+02
1.180000e-06	-3.779620e-06	-8.708279e-10	-2.029197e+01	-1.090412e+02
1.190000e-06	-3.726919e-06	-8.640291e-10	-2.000903e+01	-1.082196e+02
1.200000e-06	-3.673925e-06	-8.587448e-10	-1.972452e+01	-1.073877e+02
1.210000e-06	-3.620705e-06	-8.527060e-10	-1.943879e+01	-1.065450e+02
1.220000e-06	-3.567356e-06	-8.443679e-10	-1.915237e+01	-1.056907e+02
1.230000e-06	-3.513674e-06	-8.354074e-10	-1.886417e+01	-1.048242e+02
1.240000e-06	-3.459699e-06	-8.275675e-10	-1.857438e+01	-1.039449e+02
1.250000e-06	-3.405650e-06	-8.209174e-10	-1.828421e+01	-1.030521e+02
1.260000e-06	-3.351244e-06	-8.133681e-10	-1.799211e+01	-1.021453e+02
1.270000e-06	-3.296475e-06	-8.040206e-10	-1.769807e+01	-1.012238e+02
1.280000e-06	-3.241527e-06	-7.956879e-10	-1.740307e+01	-1.002872e+02
1.290000e-06	-3.186472e-06	-7.894723e-10	-1.710749e+01	-9.933490e+01
1.300000e-06	-3.131311e-06	-7.824305e-10	-1.681134e+01	-9.836657e+01
1.310000e-06	-3.075988e-06	-7.730693e-10	-1.651432e+01	-9.738185e+01
1.320000e-06	-3.020450e-06	-7.634574e-10	-1.621615e+01	-9.638044e+01
1.330000e-06	-2.964735e-06	-7.549995e-10	-1.591702e+01	-9.536213e+01
1.340000e-06	-2.908915e-06	-7.468363e-10	-1.561734e+01	-9.432679e+01
1.350000e-06	-2.852863e-06	-7.385176e-10	-1.531641e+01	-9.327435e+01
1.360000e-06	-2.796534e-06	-7.291892e-10	-1.501399e+01	-9.220480e+01
1.370000e-06	-2.740017e-06	-7.193249e-10	-1.471056e+01	-9.111822e+01
1.380000e-06	-2.683156e-06	-7.110277e-10	-1.440529e+01	-9.001474e+01
1.390000e-06	-2.626057e-06	-7.035187e-10	-1.409874e+01	-8.889455e+01
1.400000e-06	-2.568823e-06	-6.951643e-10	-1.379146e+01	-8.775789e+01
1.410000e-06	-2.511288e-06	-6.852566e-10	-1.348257e+01	-8.660505e+01
1.420000e-06	-2.453438e-06	-6.751701e-10	-1.317198e+01	-8.543635e+01
1.430000e-06	-2.395371e-06	-6.658949e-10	-1.286024e+01	-8.425214e+01
1.440000e-06	-2.337119e-06	-6.564833e-10	-1.254749e+01	-8.305277e+01
1.450000e-06	-2.278537e-06	-6.459967e-10	-1.223298e+01	-8.183861e+01
1.460000e-06	-2.219763e-06	-6.343463e-10	-1.191743e+01	-8.061002e+01
1.470000e-06	-2.160918e-06	-6.225904e-10	-1.160150e+01	-7.936733e+01
1.480000e-06	-2.101889e-06	-6.122291e-10	-1.128459e+01	-7.811086e+01
1.490000e-06	-2.042731e-06	-6.033263e-10	-1.096698e+01	-7.684088e+01
1.500000e-06	-1.983453e-06	-5.939025e-10	-1.064874e+01	-7.555761e+01
1.510000e-06	-1.923991e-06	-5.825805e-10	-1.032949e+01	-7.426124e+01
1.520000e-06	-1.864461e-06	-5.714632e-10	-1.000989e+01	-7.295186e+01
1.530000e-06	-1.804860e-06	-5.615408e-10	-9.689906e+00	-7.162950e+01
1.540000e-06	-1.745144e-06	-5.507285e-10	-9.369306e+00	-7.029412e+01
1.550000e-06	-1.685309e-06	-5.384728e-10	-9.048065e+00	-6.894559e+01
1.560000e-06	-1.625372e-06	-5.266243e-10	-8.726274e+00	-6.758371e+01
1.570000e-06	-1.565391e-06	-5.161179e-10	-8.404250e+00	-6.620817e+01
1.580000e-06	-1.505280e-06	-5.058607e-10	-8.081524e+00	-6.481860e+01
1.590000e-06	-1.445008e-06	-4.947829e-10	-7.757938e+00	-6.341454e+01
1.600000e-06	-1.384715e-06	-4.828057e-10	-7.434236e+00	-6.199544e+01
1.610000e-06	-1.324413e-06	-4.700944e-10	-7.110488e+00	-6.056068e+01
1.620000e-06	-1.263997e-06	-4.583291e-10	-6.786131e+00	-5.910959e+01
1.630000e-06	-1.203393e-06	-4.477258e-10	-6.460757e+00	-5.764142e+01
1.640000e-06	-1.142715e-06	-4.358526e-10	-6.134991e+00	-5.615537e+01
1.650000e-06	-1.082067e-06	-4.229312e-10	-5.809387e+00	-5.465062e+01
1.660000e-06	-1.021321e-06	-4.109586e-10	-5.483253e+00	-5.312631e+01
1.670000e-06	-9.605375e-07	-4.000139e-10	-5.156920e+00	-5.158157e+01
1.680000e-06	-8.997421e-07	-3.876527e-10	-4.830522e+00	-5.001551e+01
1.690000e-06	-8.387135e-07	-3.740194e-10	-4.502873e+00	-4.842729e+01
1.700000e-06	-7.775811e-07	-3.613334e-10	-4.174666e+00	-4.681606e+01
1.710000e-06	-7.165952e-07	-3.494095e-10	-3.847246e+00	-4.518103e+01
1.720000e-06	-6.556362e-07	-3.370691e-10	-3.519970e+00	-4.352147e+01
1.730000e-06	-5.945983e-07	-3.240634e-10	-3.192271e+00	-4.183671e+01
1.740000e-06	-5.334327e-07	-3.099959e-10	-2.863886e+00	-4.012615e+01
1.750000e-06	-4.722033e-07	-2.956222e-10	-2.535158e+00	-3.838932e+01
1.760000e-06	-4.109742e-07	-2.817520e-10	-2.206432e+00	-3.662581e+01
1.770000e-06	-3.497732e-07	-2.676275e-10	-1.877857e+00	-3.483537e+01
1.780000e-06	-2.884414e-07	-2.526412e-10	-1.548580e+00	-3.301786e+01
1.790000e-06	-2.269535e-07	-2.368207e-10	-1.218465e+00	-3.117327e+01
1.800000e-06	-1.656037e-07	-2.210147e-10	-8.890906e-01	-2.930173e+01
1.810000e-06	-1.043325e-07	-2.065294e-10	-5.601387e-01	-2.740353e+01
1.820000e-06	-4.298782e-08	-1.923388e-10	-2.307924e-01	-2.547910e+01
1.830000e-06	1.834962e-08	-1.762251e-10	9.851521e-02	-2.352902e+01
1.840000e-06	7.959248e-08	-1.587530e-10	4.273150e-01	-2.155404e+01
1.850000e-06	1.409191e-07	-1.421720e-10	7.565647e-01	-1.955504e+01
1.860000e-06	2.023472e-07	-1.276341e-10	1.086359e+00	-1.753305e+01
1.870000e-06	2.636483e-07	-1.132938e-10	1.415471e+00	-1.548925e+01
1.880000e-06	3.248239e-07	-9.728612e-11	1.743910e+00	-1.342497e+01
1.890000e-06	3.860966e-07	-8.047848e-11	2.072870e+00	-1.134164e+01
1.900000e-06	4.474746e-07	-6.406165e-11	2.402395e+00	-9.240821e+00
1.910000e-06	5.087875e-07	-4.774846e-11	2.731571e+00	-7.124199e+00
1.920000e-06	5.699956e-07	-3.122184e-11	3.060185e+00	-4.993542e+00
1.930000e-06	6.311273e-07	-1.434200e-11	3.388387e+00	-2.850712e+00
1.940000e-06	6.922010e-07	3.195218e-12	3.716279e+00	-6.976458e-01
1.950000e-06	7.531866e-07	2.031762e-11	4.043697e+00	1.463661e+00
1.960000e-06	8.141513e-07	3.662566e-11	4.371004e+00	3.631164e+00
1.970000e-06	8.752172e-07	5.281623e-11	4.698853e+00	5.802785e+00
1.980000e-06	9.362386e-07	6.921574e-11	5.026464e+00	7.976425e+00
1.990000e-06	9.970602e-07	8.661963e-11	5.353003e+00	1.014998e+01
2.000000e-06	1.057854e-06	1.044422e-10	5.679393e+00	1.232135e+01
2.010000e-06	1.118651e-06	1.210842e-10	6.005797e+00	1.448847e+01
2.020000e-06	1.179305e-06	1.371361e-10	6.331434e+00	1.664928e+01
2.030000e-06	1.239828e-06	1.533038e-10	6.656369e+00	1.880180e+01
2.040000e-06	1.300236e-06	1.696137e-10	6.980691e+00	2.094407e+01
2.050000e-06	1.360486e-06	1.863733e-10	7.304160e+00	2.307422e+01
2.060000e-06	1.420667e-06	2.025137e-10	7.627254e+00	2.519045e+01
2.070000e-06	1.480880e-06	2.173148e-10	7.950530e+00	2.729105e+01
2.080000e-06	1.541008e-06	2.322116e-10	8.273339e+00	2.937438e+01
2.090000e-06	1.600923e-06	2.480107e-10	8.595013e+00	3.143891e+01
2.100000e-06	1.660759e-06	2.634619e-10	8.916260e+00	3.348323e+01
2.110000e-06	1.720496e-06	2.790042e-10	9.236972e+00	3.550602e+01
2.120000e-06	1.780089e-06	2.955405e-10	9.556919e+00	3.750605e+01
2.130000e-06	1.839643e-06	3.117334e-10	9.876649e+00	3.948224e+01
2.140000e-06	1.899093e-06	3.262693e-10	1.019583e+01	4.143360e+01
2.150000e-06	1.958480e-06	3.396460e-10	1.051466e+01	4.335925e+01
2.160000e-06	2.017816e-06	3.529498e-10	1.083322e+01	4.525845e+01
2.170000e-06	2.077029e-06	3.664844e-10	1.115112e+01	4.713052e+01
2.180000e-06	2.136113e-06	3.810501e-10	1.146833e+01	4.897495e+01
2.190000e-06	2.195028e-06	3.965354e-10	1.178463e+01	5.079129e+01
2.200000e-06	2.253762e-06	4.113906e-10	1.209997e+01	5.257920e+01
2.210000e-06	2.312287e-06	4.255260e-10	1.241417e+01	5.433846e+01
2.220000e-06	2.370736e-06	4.389800e-10	1.272798e+01	5.606893e+01
2.230000e-06	2.429023e-06	4.518478e-10	1.304091e+01	5.777056e+01
2.240000e-06	2.486949e-06	4.652454e-10	1.335190e+01	5.944338e+01
2.250000e-06	2.544518e-06	4.785957e-10	1.366097e+01	6.108751e+01
2.260000e-06	2.601700e-06	4.912439e-10	1.396797e+01	6.270314e+01
2.270000e-06	2.658673e-06	5.039122e-10	1.427384e+01	6.429053e+01
2.280000e-06	2.715452e-06	5.163524e-10	1.457868e+01	6.585001e+01
2.290000e-06	2.771970e-06	5.281191e-10	1.488211e+01	6.738197e+01
2.300000e-06	2.828203e-06	5.399224e-10	1.518402e+01	6.888683e+01
2.310000e-06	2.884140e-06	5.526812e-10	1.548433e+01	7.036509e+01
2.320000e-06	2.939920e-06	5.672016e-10	1.578380e+01	7.181728e+01
2.330000e-06	2.995523e-06	5.819348e-10	1.608232e+01	7.324397e+01
2.340000e-06	3.050906e-06	5.939130e-10	1.637966e+01	7.464576e+01
2.350000e-06	3.106035e-06	6.034988e-10	1.667563e+01	7.602329e+01
2.360000e-06	3.160931e-06	6.122334e-10	1.697036e+01	7.737720e+01
2.370000e-06	3.215696e-06	6.205474e-10	1.726438e+01	7.870817e+01
2.380000e-06	3.270358e-06	6.298389e-10	1.755785e+01	8.001689e+01
2.390000e-06	3.324760e-06	6.415589e-10	1.784993e+01	8.130407e+01
2.400000e-06	3.378835e-06	6.542679e-10	1.814024e+01	8.257039e+01
2.410000e-06	3.432895e-06	6.659517e-10	1.843048e+01	8.381657e+01
2.420000e-06	3.486779e-06	6.773208e-10	1.871977e+01	8.504330e+01
2.430000e-06	3.540310e-06	6.886995e-10	1.900717e+01	8.625127e+01
2.440000e-06	3.593688e-06	6.979809e-10	1.929374e+01	8.744117e+01
2.450000e-06	3.646797e-06	7.057791e-10	1.957887e+01	8.861365e+01
2.460000e-06	3.699548e-06	7.140876e-10	1.986208e+01	8.976937e+01
2.470000e-06	3.751987e-06	7.231933e-10	2.014361e+01	9.090892e+01
2.480000e-06	3.804200e-06	7.322896e-10	2.042394e+01	9.203292e+01
2.490000e-06	3.856133e-06	7.406520e-10	2.070275e+01	9.314191e+01
2.500000e-06	3.907689e-06	7.494454e-10	2.097955e+01	9.423641e+01
2.510000e-06	3.958902e-06	7.586342e-10	2.125449e+01	9.531693e+01
2.520000e-06	4.009844e-06	7.681315e-10	2.152800e+01	9.638390e+01
2.530000e-06	4.060555e-06	7.777559e-10	2.180025e+01	9.743772e+01
2.540000e-06	4.110861e-06	7.859312e-10	2.207033e+01	9.847877e+01
2.550000e-06	4.160655e-06	7.927424e-10	2.233766e+01	9.950736e+01
2.560000e-06	4.210019e-06	7.991608e-10	2.260269e+01	1.005238e+02
2.570000e-06	4.258978e-06	8.062634e-10	2.286554e+01	1.015282e+02
2.580000e-06	4.307438e-06	8.145100e-10	2.312571e+01	1.025209e+02
2.590000e-06	4.355487e-06	8.228143e-10	2.338368e+01	1.035019e+02
2.600000e-06	4.403312e-06	8.311897e-10	2.364044e+01	1.044714e+02
2.610000e-06	4.450960e-06	8.398262e-10	2.389625e+01	1.054294e+02
2.620000e-06	4.498328e-06	8.478898e-10	2.415056e+01	1.063759e+02
2.630000e-06	4.545360e-06	8.546080e-10	2.440307e+01	1.073109e+02
2.640000e-06	4.592156e-06	8.603892e-10	2.465430e+01	1.082343e+02
2.650000e-06	4.638736e-06	8.668325e-10	2.490438e+01	1.091462e+02
2.660000e-06	4.684985e-06	8.737611e-10	2.515268e+01	1.100463e+02
2.670000e-06	4.730734e-06	8.801814e-10	2.539830e+01	1.109345e+02
2.680000e-06	4.776083e-06	8.867417e-10	2.564177e+01	1.118108e+02
2.690000e-06	4.821087e-06	8.930676e-10	2.588338e+01	1.126749e+02
2.700000e-06	4.865760e-06	8.992046e-10	2.612322e+01	1.135268e+02
2.710000e-06	4.910215e-06	9.068234e-10	2.636189e+01	1.143662e+02
2.720000e-06	4.954368e-06	9.155686e-10	2.659894e+01	1.151931e+02
2.730000e-06	4.998198e-06	9.235277e-10	2.683426e+01	1.160073e+02
2.740000e-06	5.041797e-06	9.302830e-10	2.706833e+01	1.168087e+02
2.750000e-06	5.085144e-06	9.367654e-10	2.730105e+01	1.175973e+02
2.760000e-06	5.128161e-06	9.431870e-10	2.753200e+01	1.183730e+02
2.770000e-06	5.170810e-06	9.495192e-10	2.776097e+01	1.191358e+02
2.780000e-06	5.213089e-06	9.563555e-10	2.798796e+01	1.198856e+02
2.790000e-06	5.254765e-06	9.636821e-10	2.821171e+01	1.206225e+02
2.800000e-06	5.295834e-06	9.709270e-10	2.843220e+01	1.213467e+02
2.810000e-06	5.336352e-06	9.778195e-10	2.864973e+01	1.220581e+02
2.820000e-06	5.376292e-06	9.841358e-10	2.886416e+01	1.227571e+02
2.830000e-06	5.415906e-06	9.901274e-10	2.907684e+01	1.234437e+02
2.840000e-06	5.455288e-06	9.965641e-10	2.928827e+01	1.241183e+02
2.850000e-06	5.494387e-06	1.002271e-09	2.949819e+01	1.247810e+02
2.860000e-06	5.533232e-06	1.006614e-09	2.970674e+01	1.254322e+02
2.870000e-06	5.571696e-06	1.011180e-09	2.991324e+01	1.260722e+02
2.880000e-06	5.609656e-06	1.016289e-09	3.011704e+01	1.267014e+02
2.890000e-06	5.647145e-06	1.021735e-09	3.031831e+01	1.273200e+02
2.900000e-06	5.684188e-06	1.027329e-09	3.051719e+01	1.279286e+02
2.910000e-06	5.720850e-06	1.033473e-09	3.071402e+01	1.285274e+02
2.920000e-06	5.757072e-06	1.040801e-09	3.090849e+01	1.291168e+02
2.930000e-06	5.792930e-06	1.049188e-09	3.110100e+01	1.296972e+02
2.940000e-06	5.828531e-06	1.056521e-09	3.129213e+01	1.302690e+02
2.950000e-06	5.863918e-06	1.059867e-09	3.148212e+01	1.308326e+02
2.960000e-06	5.899172e-06	1.061810e-09	3.167139e+01	1.313881e+02
2.970000e-06	5.934083e-06	1.065850e-09	3.185882e+01	1.319360e+02
2.980000e-06	5.968319e-06	1.070955e-09	3.204262e+01	1.324764e+02
2.990000e-06	6.001835e-06	1.076640e-09	3.222257e+01	1.330097e+02
3.000000e-06	6.034740e-06	1.083834e-09	3.239922e+01	1.335359e+02
3.010000e-06	6.067028e-06	1.091558e-09	3.257257e+01	1.340552e+02
3.020000e-06	6.098872e-06	1.098302e-09	3.274354e+01	1.345677e+02
3.030000e-06	6.130371e-06	1.104266e-09	3.291265e+01	1.350734e+02
3.040000e-06	6.161390e-06	1.109571e-09	3.307918e+01	1.355723e+02
3.050000e-06	6.192031e-06	1.114644e-09	3.324369e+01	1.360644e+02
3.060000e-06	6.222255e-06	1.120598e-09	3.340595e+01	1.365495e+02
3.070000e-06	6.251956e-06	1.126034e-09	3.356541e+01	1.370274e+02
3.080000e-06	6.281306e-06	1.130378e-09	3.372299e+01	1.374982e+02
3.090000e-06	6.310367e-06	1.135344e-09	3.387901e+01	1.379614e+02
3.100000e-06	6.338932e-06	1.141758e-09	3.403237e+01	1.384168e+02
3.110000e-06	6.367092e-06	1.147878e-09	3.418355e+01	1.388643e+02
3.120000e-06	6.394984e-06	1.152230e-09	3.433330e+01	1.393035e+02
3.130000e-06	6.422567e-06	1.156213e-09	3.448139e+01	1.397341e+02
3.140000e-06	6.449788e-06	1.159856e-09	3.462753e+01	1.401558e+02
3.150000e-06	6.476535e-06	1.162599e-09	3.477113e+01	1.405685e+02
3.160000e-06	6.502639e-06	1.166375e-09	3.491128e+01	1.409717e+02
3.170000e-06	6.527950e-06	1.170704e-09	3.504717e+01	1.413652e+02
3.180000e-06	6.552464e-06	1.174405e-09	3.517878e+01	1.417489e+02
3.190000e-06	6.576335e-06	1.178472e-09	3.530693e+01	1.421225e+02
3.200000e-06	6.599892e-06	1.183036e-09	3.543341e+01	1.424860e+02
3.210000e-06	6.623221e-06	1.187695e-09	3.555865e+01	1.428391e+02
3.220000e-06	6.646223e-06	1.191601e-09	3.568215e+01	1.431819e+02
3.230000e-06	6.668681e-06	1.194674e-09	3.580272e+01	1.435143e+02
3.240000e-06	6.690496e-06	1.197190e-09	3.591984e+01	1.438365e+02
3.250000e-06	6.711904e-06	1.199741e-09	3.603478e+01	1.441485e+02
3.260000e-06	6.732964e-06	1.202846e-09	3.614784e+01	1.444504e+02
3.270000e-06	6.753496e-06	1.205880e-09	3.625807e+01	1.447425e+02
3.280000e-06	6.773467e-06	1.208777e-09	3.636530e+01	1.450251e+02
3.290000e-06	6.793103e-06	1.211786e-09	3.647071e+01	1.452984e+02
3.300000e-06	6.812461e-06	1.214453e-09	3.657464e+01	1.455629e+02
3.310000e-06	6.831490e-06	1.216518e-09	3.667681e+01	1.458188e+02
3.320000e-06	6.850085e-06	1.217757e-09	3.677664e+01	1.460667e+02
3.330000e-06	6.868154e-06	1.218000e-09	3.687365e+01	1.463069e+02
3.340000e-06	6.885587e-06	1.218293e-09	3.696724e+01	1.465399e+02
3.350000e-06	6.902619e-06	1.220919e-09	3.705868e+01	1.467661e+02
3.360000e-06	6.919324e-06	1.224143e-09	3.714837e+01	1.469860e+02
3.370000e-06	6.935462e-06	1.225765e-09	3.723501e+01	1.472000e+02
3.380000e-06	6.951115e-06	1.228305e-09	3.731905e+01	1.474086e+02
3.390000e-06	6.966247e-06	1.231821e-09	3.740029e+01	1.476120e+02
3.400000e-06	6.980630e-06	1.234773e-09	3.747751e+01	1.478107e+02
3.410000e-06	6.994329e-06	1.238364e-09	3.755105e+01	1.480050e+02
3.420000e-06	7.007559e-06	1.240726e-09	3.762208e+01	1.481950e+02
3.430000e-06	7.020261e-06	1.240267e-09	3.769028e+01	1.483810e+02
3.440000e-06	7.032464e-06	1.240987e-09	3.775580e+01	1.485631e+02
3.450000e-06	7.044231e-06	1.245367e-09	3.781897e+01	1.487413e+02
3.460000e-06	7.055548e-06	1.249888e-09	3.787973e+01	1.489156e+02
3.470000e-06	7.066337e-06	1.251726e-09	3.793765e+01	1.490859e+02
3.480000e-06	7.076343e-06	1.252133e-09	3.799137e+01	1.492522e+02
3.490000e-06	7.085396e-06	1.253175e-09	3.803997e+01	1.494141e+02
3.500000e-06	7.093704e-06	1.256360e-09	3.808458e+01	1.495714e+02
3.510000e-06	7.101540e-06	1.259851e-09	3.812665e+01	1.497237e+02
3.520000e-06	7.109075e-06	1.262224e-09	3.816710e+01	1.498707e+02
3.530000e-06	7.116394e-06	1.265092e-09	3.820639e+01	1.500119e+02
3.540000e-06	7.123245e-06	1.268356e-09	3.824318e+01	1.501468e+02
3.550000e-06	7.129423e-06	1.271613e-09	3.827634e+01	1.502749e+02
3.560000e-06	7.134973e-06	1.274047e-09	3.830614e+01	1.503957e+02
3.570000e-06	7.139980e-06	1.274665e-09	3.833302e+01	1.505087e+02
3.580000e-06	7.144514e-06	1.275623e-09	3.835736e+01	1.506134e+02
3.590000e-06	7.148569e-06	1.278396e-09	3.837914e+01	1.507091e+02
3.600000e-06	7.152255e-06	1.281823e-09	3.839893e+01	1.507955e+02
3.610000e-06	7.155655e-06	1.284135e-09	3.841718e+01	1.508721e+02
3.620000e-06	7.158760e-06	1.284477e-09	3.843385e+01	1.509384e+02
3.630000e-06	7.161345e-06	1.284495e-09	3.844773e+01	1.509941e+02
3.640000e-06	7.162998e-06	1.285140e-09	3.845660e+01	1.510389e+02
3.650000e-06	7.163631e-06	1.285865e-09	3.846000e+01	1.510726e+02
3.660000e-06	7.163575e-06	1.287842e-09	3.845970e+01	1.510949e+02
3.670000e-06	7.163172e-06	1.289793e-09	3.845753e+01	1.511059e+02
3.680000e-06	7.162568e-06	1.290174e-09	3.845429e+01	1.511055e+02
3.690000e-06	7.161693e-06	1.290615e-09	3.844960e+01	1.510939e+02
3.700000e-06	7.160323e-06	1.292023e-09	3.844224e+01	1.510711e+02
3.710000e-06	7.158339e-06	1.293762e-09	3.843159e+01	1.510375e+02
3.720000e-06	7.155901e-06	1.294687e-09	3.841850e+01	1.509934e+02
3.730000e-06	7.153111e-06	1.292915e-09	3.840352e+01	1.509392e+02
3.740000e-06	7.149899e-06	1.278949e-09	3.838628e+01	1.508753e+02
3.750000e-06	7.146181e-06	1.264555e-09	3.836631e+01	1.508025e+02
3.760000e-06	7.141825e-06	1.324704e-09	3.834293e+01	1.507211e+02
3.770000e-06	7.136632e-06	1.405994e-09	3.831505e+01	1.506320e+02
3.780000e-06	7.130455e-06	1.289367e-09	3.828188e+01	1.505357e+02
3.790000e-06	7.123994e-06	1.143155e-09	3.824720e+01	1.504331e+02
3.800000e-06	7.117736e-06	1.272431e-09	3.821360e+01	1.503248e+02
3.810000e-06	7.110968e-06	1.443969e-09	3.817726e+01	1.502115e+02
3.820000e-06	7.103139e-06	1.307835e-09	3.813523e+01	1.500940e+02
3.830000e-06	7.094709e-06	1.110099e-09	3.808997e+01	1.499730e+02
3.840000e-06	7.086133e-06	1.290290e-09	3.804393e+01	1.498491e+02
3.850000e-06	7.077184e-06	1.529450e-09	3.799589e+01	1.497230e+02
3.860000e-06	7.067545e-06	1.295068e-09	3.794414e+01	1.495951e+02
3.870000e-06	7.057374e-06	1.013954e-09	3.788953e+01	1.494661e+02
3.880000e-06	7.047022e-06	1.272615e-09	3.783395e+01	1.493364e+02
3.890000e-06	7.036245e-06	1.548627e-09	3.777609e+01	1.492063e+02
3.900000e-06	7.024594e-06	1.271568e-09	3.771354e+01	1.490761e+02
3.910000e-06	7.012366e-06	1.059200e-09	3.764789e+01	1.489461e+02
3.920000e-06	6.999835e-06	1.374439e-09	3.758062e+01	1.488162e+02
3.930000e-06	6.986596e-06	1.492507e-09	3.750954e+01	1.486866e+02
3.940000e-06	6.972261e-06	1.143824e-09	3.743258e+01	1.485572e+02
3.950000e-06	6.957325e-06	1.125346e-09	3.735239e+01	1.484278e+02
3.960000e-06	6.941960e-06	1.465069e-09	3.726990e+01	1.482983e+02
3.970000e-06	6.925835e-06	1.376061e-09	3.718332e+01	1.481683e+02
3.980000e-06	6.909259e-06	1.106893e-09	3.709433e+01	1.480375e+02
3.990000e-06	6.892475e-06	1.311807e-09	3.700422e+01	1.479055e+02
4.000000e-06	6.875146e-06	1.463660e-09	3.691119e+01	1.477717e+02
4.010000e-06	6.857090e-06	1.164430e-09	3.681425e+01	1.476358e+02
4.020000e-06	6.838709e-06	1.140293e-09	3.671557e+01	1.474971e+02
4.030000e-06	6.820041e-06	1.463881e-09	3.661534e+01	1.473551e+02
4.040000e-06	6.800812e-06	1.366326e-09	3.651210e+01	1.472093e+02
4.050000e-06	6.781031e-06	1.110317e-09	3.640591e+01	1.470590e+02
4.060000e-06	6.760886e-06	1.310827e-09	3.629775e+01	1.469037e+02
4.070000e-06	6.740476e-06	1.436096e-09	3.618817e+01	1.467429e+02
4.080000e-06	6.719826e-06	1.187797e-09	3.607731e+01	1.465761e+02
4.090000e-06	6.698817e-06	1.201439e-09	3.596451e+01	1.464028e+02
4.100000e-06	6.677142e-06	1.412165e-09	3.584815e+01	1.462225e+02
4.110000e-06	6.654477e-06	1.288666e-09	3.572646e+01	1.460350e+02
4.120000e-06	6.630990e-06	1.186457e-09	3.560037e+01	1.458398e+02
4.130000e-06	6.606937e-06	1.355422e-09	3.547123e+01	1.456367e+02
4.140000e-06	6.582519e-06	1.328329e-09	3.534013e+01	1.454256e+02
4.150000e-06	6.557890e-06	1.180753e-09	3.520791e+01	1.452062e+02
4.160000e-06	6.532916e-06	1.288677e-09	3.507383e+01	1.449785e+02
4.170000e-06	6.507459e-06	1.353273e-09	3.493715e+01	1.447425e+02
4.180000e-06	6.481595e-06	1.235697e-09	3.479829e+01	1.444982e+02
4.190000e-06	6.455251e-06	1.259910e-09	3.465686e+01	1.442456e+02
4.200000e-06	6.428253e-06	1.324027e-09	3.451191e+01	1.439850e+02
4.210000e-06	6.400640e-06	1.245559e-09	3.436366e+01	1.437164e+02
4.220000e-06	6.372552e-06	1.243521e-09	3.421287e+01	1.434401e+02
4.230000e-06	6.344211e-06	1.307375e-09	3.406071e+01	1.431562e+02
4.240000e-06	6.315738e-06	1.264257e-09	3.390785e+01	1.428651e+02
4.250000e-06	6.287050e-06	1.244979e-09	3.375382e+01	1.425670e+02
4.260000e-06	6.257808e-06	1.287162e-09	3.359683e+01	1.422620e+02
4.270000e-06	6.227890e-06	1.263788e-09	3.343621e+01	1.419505e+02
4.280000e-06	6.197230e-06	1.243329e-09	3.327160e+01	1.416326e+02
4.290000e-06	6.165790e-06	1.264826e-09	3.310281e+01	1.413085e+02
4.300000e-06	6.133778e-06	1.250044e-09	3.293094e+01	1.409783e+02
4.310000e-06	6.101446e-06	1.246743e-09	3.275736e+01	1.406422e+02
4.320000e-06	6.068876e-06	1.267933e-09	3.258250e+01	1.403003e+02
4.330000e-06	6.035949e-06	1.247453e-09	3.240572e+01	1.399525e+02
4.340000e-06	6.002612e-06	1.234120e-09	3.222674e+01	1.395989e+02
4.350000e-06	5.968756e-06	1.249277e-09	3.204497e+01	1.392393e+02
4.360000e-06	5.934432e-06	1.237091e-09	3.186069e+01	1.388735e+02
4.370000e-06	5.899853e-06	1.232786e-09	3.167505e+01	1.385015e+02
4.380000e-06	5.864873e-06	1.248712e-09	3.148725e+01	1.381230e+02
4.390000e-06	5.829438e-06	1.232927e-09	3.129700e+01	1.377376e+02
4.400000e-06	5.793652e-06	1.219162e-09	3.110488e+01	1.373451e+02
4.410000e-06	5.757515e-06	1.234363e-09	3.091087e+01	1.369451e+02
4.420000e-06	5.721111e-06	1.229220e-09	3.071542e+01	1.365372e+02
4.430000e-06	5.684491e-06	1.212874e-09	3.051881e+01	1.361210e+02
4.440000e-06	5.647386e-06	1.218994e-09	3.031961e+01	1.356961e+02
4.450000e-06	5.609695e-06	1.223229e-09	3.011725e+01	1.352619e+02
4.460000e-06	5.571406e-06	1.215991e-09	2.991169e+01	1.348182e+02
4.470000e-06	5.532318e-06	1.213445e-09	2.970183e+01	1.343644e+02
4.480000e-06	5.492595e-06	1.209548e-09	2.948857e+01	1.339002e+02
4.490000e-06	5.452526e-06	1.202262e-09	2.927344e+01	1.334251e+02
4.500000e-06	5.412175e-06	1.200523e-09	2.905681e+01	1.329389e+02
4.510000e-06	5.371546e-06	1.200887e-09	2.883868e+01	1.324412e+02
4.520000e-06	5.330674e-06	1.198295e-09	2.861925e+01	1.319318e+02
4.530000e-06	5.289486e-06	1.191813e-09	2.839812e+01	1.314105e+02
4.540000e-06	5.247975e-06	1.184941e-09	2.817526e+01	1.308771e+02
4.550000e-06	5.206129e-06	1.184132e-09	2.795059e+01	1.303316e+02
4.560000e-06	5.163806e-06	1.183270e-09	2.772337e+01	1.297738e+02
4.570000e-06	5.121120e-06	1.175163e-09	2.749420e+01	1.292040e+02
4.580000e-06	5.078207e-06	1.167553e-09	2.726381e+01	1.286222e+02
4.590000e-06	5.034971e-06	1.165293e-09	2.703168e+01	1.280284e+02
4.600000e-06	4.991314e-06	1.162370e-09	2.679730e+01	1.274231e+02
4.610000e-06	4.947273e-06	1.156104e-09	2.656085e+01	1.268063e+02
4.620000e-06	4.902943e-06	1.150584e-09	2.632285e+01	1.261786e+02
4.630000e-06	4.858394e-06	1.146878e-09	2.608368e+01	1.255401e+02
4.640000e-06	4.813559e-06	1.143430e-09	2.584297e+01	1.248913e+02
4.650000e-06	4.768394e-06	1.138578e-09	2.560049e+01	1.242326e+02
4.660000e-06	4.723063e-06	1.131385e-09	2.535711e+01	1.235644e+02
4.670000e-06	4.677481e-06	1.122441e-09	2.511239e+01	1.228872e+02
4.680000e-06	4.631445e-06	1.114382e-09	2.486524e+01	1.222014e+02
4.690000e-06	4.584904e-06	1.109322e-09	2.461537e+01	1.215074e+02
4.700000e-06	4.537943e-06	1.106666e-09	2.436324e+01	1.208056e+02
4.710000e-06	4.490834e-06	1.103891e-09	2.411033e+01	1.200963e+02
4.720000e-06	4.443476e-06	1.097771e-09	2.385607e+01	1.193799e+02
4.730000e-06	4.395828e-06	1.088798e-09	2.360026e+01	1.186566e+02
4.740000e-06	4.347876e-06	1.081075e-09	2.334282e+01	1.179266e+02
4.750000e-06	4.299597e-06	1.075177e-09	2.308361e+01	1.171901e+02
4.760000e-06	4.250940e-06	1.068396e-09	2.282239e+01	1.164472e+02
4.770000e-06	4.201664e-06	1.061222e-09	2.255783e+01	1.156979e+02
4.780000e-06	4.151917e-06	1.055917e-09	2.229075e+01	1.149421e+02
4.790000e-06	4.101904e-06	1.051434e-09	2.202224e+01	1.141796e+02
4.800000e-06	4.051612e-06	1.046051e-09	2.175223e+01	1.134104e+02
4.810000e-06	4.001037e-06	1.038270e-09	2.148071e+01	1.126340e+02
4.820000e-06	3.950204e-06	1.029249e-09	2.120780e+01	1.118502e+02
4.830000e-06	3.899122e-06	1.021538e-09	2.093355e+01	1.110585e+02
4.840000e-06	3.847737e-06	1.015753e-09	2.065768e+01	1.102585e+02
4.850000e-06	3.795947e-06	1.010025e-09	2.037963e+01	1.094496e+02
4.860000e-06	3.743934e-06	1.002584e-09	2.010038e+01	1.086312e+02
4.870000e-06	3.691724e-06	9.949711e-10	1.982008e+01	1.078029e+02
4.880000e-06	3.639280e-06	9.880306e-10	1.953851e+01	1.069638e+02
4.890000e-06	3.586683e-06	9.820213e-10	1.925613e+01	1.061135e+02
4.900000e-06	3.533684e-06	9.753322e-10	1.897159e+01	1.052511e+02
4.910000e-06	3.480188e-06	9.674712e-10	1.868439e+01	1.043762e+02
4.920000e-06	3.426332e-06	9.595972e-10	1.839524e+01	1.034880e+02
4.930000e-06	3.372153e-06	9.519788e-10	1.810437e+01	1.025859e+02
4.940000e-06	3.317678e-06	9.446486e-10	1.781190e+01	1.016694e+02
4.950000e-06	3.262880e-06	9.360808e-10	1.751770e+01	1.007378e+02
4.960000e-06	3.207727e-06	9.257659e-10	1.722160e+01	9.979082e+01
4.970000e-06	3.152181e-06	9.161127e-10	1.692338e+01	9.882789e+01
4.980000e-06	3.096363e-06	9.077498e-10	1.662371e+01	9.784867e+01
4.990000e-06	3.040426e-06	9.001526e-10	1.632340e+01	9.685286e+01
5.000000e-06	2.984279e-06	8.917842e-10	1.602196e+01	9.584021e+01
5.010000e-06	2.927879e-06	8.813735e-10	1.571916e+01	9.481056e+01
5.020000e-06	2.871265e-06	8.709261e-10	1.541521e+01	9.376383e+01
5.030000e-06	2.814558e-06	8.624465e-10	1.511076e+01	9.269998e+01
5.040000e-06	2.757806e-06	8.551815e-10	1.480607e+01	9.161907e+01
5.050000e-06	2.700879e-06	8.464606e-10	1.450044e+01	9.052121e+01
5.060000e-06	2.643767e-06	8.360384e-10	1.419382e+01	8.940657e+01
5.070000e-06	2.586480e-06	8.260670e-10	1.388626e+01	8.827537e+01
5.080000e-06	2.529000e-06	8.166748e-10	1.357766e+01	8.712790e+01
5.090000e-06	2.471265e-06	8.059445e-10	1.326769e+01	8.596446e+01
5.100000e-06	2.413369e-06	7.940637e-10	1.295686e+01	8.478538e+01
5.110000e-06	2.355239e-06	7.821410e-10	1.264477e+01	8.359103e+01
5.120000e-06	2.296884e-06	7.709869e-10	1.233148e+01	8.238176e+01
5.130000e-06	2.238484e-06	7.609181e-10	1.201794e+01	8.115795e+01
5.140000e-06	2.179820e-06	7.507580e-10	1.170299e+01	7.991992e+01
5.150000e-06	2.120864e-06	7.393913e-10	1.138646e+01	7.866802e+01
5.160000e-06	2.061828e-06	7.268681e-10	1.106951e+01	7.740252e+01
5.170000e-06	2.002740e-06	7.135268e-10	1.075228e+01	7.612367e+01
5.180000e-06	1.943485e-06	7.012583e-10	1.043416e+01	7.483165e+01
5.190000e-06	1.884003e-06	6.902595e-10	1.011481e+01	7.352660e+01
5.200000e-06	1.824390e-06	6.779226e-10	9.794760e+00	7.220858e+01
5.210000e-06	1.764696e-06	6.649616e-10	9.474276e+00	7.087755e+01
5.220000e-06	1.704912e-06	6.538447e-10	9.153306e+00	6.953343e+01
5.230000e-06	1.645075e-06	6.421595e-10	8.832057e+00	6.817603e+01
5.240000e-06	1.585184e-06	6.279981e-10	8.510513e+00	6.680509e+01
5.250000e-06	1.525293e-06	6.143262e-10	8.188970e+00	6.542025e+01
5.260000e-06	1.465355e-06	6.011547e-10	7.867175e+00	6.402108e+01
5.270000e-06	1.405260e-06	5.876778e-10	7.544539e+00	6.260706e+01
5.280000e-06	1.345063e-06	5.741431e-10	7.221354e+00	6.117760e+01
5.290000e-06	1.284847e-06	5.594414e-10	6.898069e+00	5.973204e+01
5.300000e-06	1.224598e-06	5.445850e-10	6.574604e+00	5.826965e+01
5.310000e-06	1.164297e-06	5.307616e-10	6.250863e+00	5.678966e+01
5.320000e-06	1.103855e-06	5.179469e-10	5.926360e+00	5.529124e+01
5.330000e-06	1.043337e-06	5.055158e-10	5.601455e+00	5.377355e+01
5.340000e-06	9.828322e-07	4.927222e-10	5.276615e+00	5.223572e+01
5.350000e-06	9.222904e-07	4.791252e-10	4.951580e+00	5.067687e+01
5.360000e-06	8.616557e-07	4.637417e-10	4.626045e+00	4.909614e+01
5.370000e-06	8.009151e-07	4.475292e-10	4.299942e+00	4.749267e+01
5.380000e-06	7.401685e-07	4.319892e-10	3.973806e+00	4.586567e+01
5.390000e-06	6.794939e-07	4.162584e-10	3.648057e+00	4.421437e+01
5.400000e-06	6.188217e-07	3.999232e-10	3.322321e+00	4.253808e+01
5.410000e-06	5.580457e-07	3.842310e-10	2.996028e+00	4.083619e+01
5.420000e-06	4.971016e-07	3.690755e-10	2.668832e+00	3.910816e+01
5.430000e-06	4.359876e-07	3.538384e-10	2.340724e+00	3.735359e+01
5.440000e-06	3.748523e-07	3.372490e-10	2.012502e+00	3.557215e+01
5.450000e-06	3.138028e-07	3.192242e-10	1.684740e+00	3.376368e+01
5.460000e-06	2.527357e-07	3.017556e-10	1.356884e+00	3.192811e+01
5.470000e-06	1.916708e-07	2.851929e-10	1.029040e+00	3.006553e+01
5.480000e-06	1.306385e-07	2.687539e-10	7.013703e-01	2.817618e+01
5.490000e-06	6.952008e-08	2.518500e-10	3.732384e-01	2.626044e+01
5.500000e-06	8.414671e-09	2.342053e-10	4.517657e-02	2.431885e+01
5.510000e-06	-5.259628e-08	2.154589e-10	-2.823782e-01	2.235208e+01
5.520000e-06	-1.135271e-07	1.964983e-10	-6.095025e-01	2.036098e+01
5.530000e-06	-1.744744e-07	1.780054e-10	-9.367155e-01	1.834654e+01
5.540000e-06	-2.354834e-07	1.594148e-10	-1.264260e+00	1.630988e+01
5.550000e-06	-2.965841e-07	1.411209e-10	-1.592297e+00	1.425227e+01
5.560000e-06	-3.577126e-07	1.229872e-10	-1.920482e+00	1.217512e+01
5.570000e-06	-4.187660e-07	1.041993e-10	-2.248265e+00	1.007996e+01
5.580000e-06	-4.797173e-07	8.393017e-11	-2.575499e+00	7.968419e+00
5.590000e-06	-5.405478e-07	6.227438e-11	-2.902086e+00	5.842243e+00
5.600000e-06	-6.013363e-07	4.155232e-11	-3.228446e+00	3.703264e+00
5.610000e-06	-6.620871e-07	2.231074e-11	-3.554604e+00	1.553395e+00
5.620000e-06	-7.227823e-07	3.102020e-12	-3.880463e+00	-6.053852e-01
5.630000e-06	-7.834675e-07	-1.717621e-11	-4.206269e+00	-2.771048e+00
5.640000e-06	-8.441294e-07	-3.871354e-11	-4.531950e+00	-4.941523e+00
5.650000e-06	-9.047548e-07	-6.071040e-11	-4.857435e+00	-7.114719e+00
5.660000e-06	-9.653854e-07	-8.171952e-11	-5.182947e+00	-9.288532e+00
5.670000e-06	-1.025937e-06	-1.013938e-10	-5.508039e+00	-1.146086e+01
5.680000e-06	-1.086388e-06	-1.207472e-10	-5.832586e+00	-1.362962e+01
5.690000e-06	-1.146861e-06	-1.406375e-10	-6.157252e+00	-1.579275e+01
5.700000e-06	-1.207295e-06	-1.610737e-10	-6.481708e+00	-1.794825e+01
5.710000e-06	-1.267602e-06	-1.811486e-10	-6.805483e+00	-2.009414e+01
5.720000e-06	-1.327839e-06	-2.009847e-10	-7.128883e+00	-2.222853e+01
5.730000e-06	-1.387992e-06	-2.212033e-10	-7.451830e+00	-2.434959e+01
5.740000e-06	-1.448073e-06	-2.411491e-10	-7.774392e+00	-2.645558e+01
5.750000e-06	-1.508068e-06	-2.611082e-10	-8.096494e+00	-2.854483e+01
5.760000e-06	-1.567956e-06	-2.812231e-10	-8.418018e+00	-3.061580e+01
5.770000e-06	-1.627756e-06	-3.009185e-10	-8.739071e+00	-3.266700e+01
5.780000e-06	-1.687523e-06	-3.209367e-10	-9.059950e+00	-3.469710e+01
5.790000e-06	-1.747169e-06	-3.410956e-10	-9.380177e+00	-3.670484e+01
5.800000e-06	-1.806678e-06	-3.604937e-10	-9.699666e+00	-3.868909e+01
5.810000e-06	-1.866108e-06	-3.784593e-10	-1.001873e+01	-4.064882e+01
5.820000e-06	-1.925365e-06	-3.952451e-10	-1.033687e+01	-4.258313e+01
5.830000e-06	-1.984508e-06	-4.126249e-10	-1.065440e+01	-4.449121e+01
5.840000e-06	-2.043453e-06	-4.312963e-10	-1.097086e+01	-4.637239e+01
5.850000e-06	-2.102283e-06	-4.495255e-10	-1.128671e+01	-4.822608e+01
5.860000e-06	-2.161023e-06	-4.664486e-10	-1.160207e+01	-5.005182e+01
5.870000e-06	-2.219442e-06	-4.829002e-10	-1.191571e+01	-5.184923e+01
5.880000e-06	-2.277645e-06	-4.996380e-10	-1.222819e+01	-5.361806e+01
5.890000e-06	-2.335749e-06	-5.155493e-10	-1.254014e+01	-5.535813e+01
5.900000e-06	-2.393522e-06	-5.306159e-10	-1.285031e+01	-5.706937e+01
5.910000e-06	-2.450993e-06	-5.458425e-10	-1.315886e+01	-5.875178e+01
5.920000e-06	-2.508412e-06	-5.612620e-10	-1.346713e+01	-6.040545e+01
5.930000e-06	-2.565792e-06	-5.772581e-10	-1.377519e+01	-6.203055e+01
5.940000e-06	-2.623021e-06	-5.939460e-10	-1.408244e+01	-6.362732e+01
5.950000e-06	-2.680034e-06	-6.110742e-10	-1.438853e+01	-6.519606e+01
5.960000e-06	-2.736956e-06	-6.266927e-10	-1.469413e+01	-6.673714e+01
5.970000e-06	-2.793729e-06	-6.399715e-10	-1.499893e+01	-6.825097e+01
5.980000e-06	-2.850269e-06	-6.524330e-10	-1.530248e+01	-6.973804e+01
5.990000e-06	-2.906619e-06	-6.653242e-10	-1.560501e+01	-7.119885e+01
6.000000e-06	-2.962814e-06	-6.785310e-10	-1.590672e+01	-7.263397e+01
6.010000e-06	-3.018891e-06	-6.911443e-10	-1.620778e+01	-7.404399e+01
6.020000e-06	-3.074728e-06	-7.033562e-10	-1.650756e+01	-7.542953e+01
6.030000e-06	-3.130404e-06	-7.160107e-10	-1.680647e+01	-7.679123e+01
6.040000e-06	-3.185855e-06	-7.292589e-10	-1.710418e+01	-7.812977e+01
6.050000e-06	-3.240923e-06	-7.422204e-10	-1.739982e+01	-7.944583e+01
6.060000e-06	-3.295654e-06	-7.536835e-10	-1.769366e+01	-8.074010e+01
6.070000e-06	-3.349921e-06	-7.644155e-10	-1.798501e+01	-8.201329e+01
6.080000e-06	-3.403902e-06	-7.759865e-10	-1.827482e+01	-8.326610e+01
6.090000e-06	-3.457738e-06	-7.884348e-10	-1.856386e+01	-8.449923e+01
6.100000e-06	-3.511227e-06	-8.005435e-10	-1.885103e+01	-8.571337e+01
6.110000e-06	-3.564331e-06	-8.115798e-10	-1.913613e+01	-8.690922e+01
6.120000e-06	-3.617047e-06	-8.220030e-10	-1.941915e+01	-8.808743e+01
6.130000e-06	-3.669405e-06	-8.328334e-10	-1.970025e+01	-8.924866e+01
6.140000e-06	-3.721506e-06	-8.440004e-10	-1.997997e+01	-9.039353e+01
6.150000e-06	-3.773327e-06	-8.549509e-10	-2.025818e+01	-9.152264e+01
6.160000e-06	-3.824789e-06	-8.654981e-10	-2.053447e+01	-9.263657e+01
6.170000e-06	-3.875966e-06	-8.753988e-10	-2.080923e+01	-9.373584e+01
6.180000e-06	-3.926947e-06	-8.846664e-10	-2.108294e+01	-9.482097e+01
6.190000e-06	-3.977611e-06	-8.932922e-10	-2.135494e+01	-9.589240e+01
6.200000e-06	-4.027794e-06	-9.016892e-10	-2.162436e+01	-9.695056e+01
6.210000e-06	-4.077685e-06	-9.097851e-10	-2.189222e+01	-9.799582e+01
6.220000e-06	-4.127362e-06	-9.184068e-10	-2.215892e+01	-9.902853e+01
6.230000e-06	-4.176707e-06	-9.278997e-10	-2.242384e+01	-1.000490e+02
6.240000e-06	-4.225576e-06	-9.373196e-10	-2.268621e+01	-1.010574e+02
6.250000e-06	-4.273896e-06	-9.464359e-10	-2.294563e+01	-1.020539e+02
6.260000e-06	-4.321793e-06	-9.547535e-10	-2.320278e+01	-1.030388e+02
6.270000e-06	-4.369277e-06	-9.624123e-10	-2.345771e+01	-1.040121e+02
6.280000e-06	-4.416523e-06	-9.711486e-10	-2.371137e+01	-1.049739e+02
6.290000e-06	-4.463578e-06	-9.813621e-10	-2.396399e+01	-1.059243e+02
6.300000e-06	-4.510373e-06	-9.907245e-10	-2.421523e+01	-1.068631e+02
6.310000e-06	-4.556958e-06	-9.986223e-10	-2.446533e+01	-1.077904e+02
6.320000e-06	-4.603288e-06	-1.006161e-09	-2.471407e+01	-1.087061e+02
6.330000e-06	-4.649226e-06	-1.014396e-09	-2.496070e+01	-1.096101e+02
6.340000e-06	-4.694824e-06	-1.023255e-09	-2.520550e+01	-1.105023e+02
6.350000e-06	-4.740066e-06	-1.031339e-09	-2.544840e+01	-1.113826e+02
6.360000e-06	-4.784980e-06	-1.038319e-09	-2.568953e+01	-1.122508e+02
6.370000e-06	-4.829647e-06	-1.045198e-09	-2.592934e+01	-1.131068e+02
6.380000e-06	-4.874050e-06	-1.052984e-09	-2.616773e+01	-1.139504e+02
6.390000e-06	-4.918240e-06	-1.060510e-09	-2.640498e+01	-1.147814e+02
6.400000e-06	-4.962217e-06	-1.066957e-09	-2.664108e+01	-1.155999e+02
6.410000e-06	-5.005969e-06	-1.073611e-09	-2.687598e+01	-1.164056e+02
6.420000e-06	-5.049311e-06	-1.081220e-09	-2.710867e+01	-1.171985e+02
6.430000e-06	-5.092150e-06	-1.088728e-09	-2.733866e+01	-1.179784e+02
6.440000e-06	-5.134657e-06	-1.095928e-09	-2.756687e+01	-1.187455e+02
6.450000e-06	-5.176892e-06	-1.102952e-09	-2.779363e+01	-1.194996e+02
6.460000e-06	-5.218702e-06	-1.109301e-09	-2.801809e+01	-1.202408e+02
6.470000e-06	-5.260120e-06	-1.115146e-09	-2.824046e+01	-1.209692e+02
6.480000e-06	-5.301234e-06	-1.120305e-09	-2.846119e+01	-1.216849e+02
6.490000e-06	-5.341961e-06	-1.126203e-09	-2.867984e+01	-1.223880e+02
6.500000e-06	-5.382438e-06	-1.132370e-09	-2.889716e+01	-1.230787e+02
6.510000e-06	-5.422737e-06	-1.137486e-09	-2.911351e+01	-1.237573e+02
6.520000e-06	-5.462714e-06	-1.142765e-09	-2.932814e+01	-1.244239e+02
6.530000e-06	-5.502319e-06	-1.147730e-09	-2.954077e+01	-1.250789e+02
6.540000e-06	-5.541493e-06	-1.152705e-09	-2.975109e+01	-1.257226e+02
6.550000e-06	-5.580178e-06	-1.158431e-09	-2.995878e+01	-1.263554e+02
6.560000e-06	-5.618132e-06	-1.164605e-09	-3.016255e+01	-1.269775e+02
6.570000e-06	-5.655259e-06	-1.171062e-09	-3.036187e+01	-1.275893e+02
6.580000e-06	-5.691957e-06	-1.176098e-09	-3.055890e+01	-1.281913e+02
6.590000e-06	-5.728399e-06	-1.179828e-09	-3.075455e+01	-1.287838e+02
6.600000e-06	-5.764532e-06	-1.184019e-09	-3.094854e+01	-1.293672e+02
6.610000e-06	-5.800356e-06	-1.188334e-09	-3.114087e+01	-1.299418e+02
6.620000e-06	-5.835745e-06	-1.191663e-09	-3.133087e+01	-1.305081e+02
6.630000e-06	-5.870658e-06	-1.194260e-09	-3.151830e+01	-1.310663e+02
6.640000e-06	-5.905196e-06	-1.197399e-09	-3.170373e+01	-1.316167e+02
6.650000e-06	-5.939454e-06	-1.202466e-09	-3.188765e+01	-1.321596e+02
6.660000e-06	-5.973304e-06	-1.208618e-09	-3.206939e+01	-1.326952e+02
6.670000e-06	-6.006691e-06	-1.213148e-09	-3.224864e+01	-1.332237e+02
6.680000e-06	-6.039558e-06	-1.216062e-09	-3.242509e+01	-1.337453e+02
6.690000e-06	-6.072017e-06	-1.219087e-09	-3.259936e+01	-1.342601e+02
6.700000e-06	-6.104286e-06	-1.223203e-09	-3.277261e+01	-1.347680e+02
6.710000e-06	-6.136205e-06	-1.227910e-09	-3.294397e+01	-1.352692e+02
6.720000e-06	-6.167614e-06	-1.232814e-09	-3.311260e+01	-1.357635e+02
6.730000e-06	-6.198458e-06	-1.236522e-09	-3.327819e+01	-1.362510e+02
6.740000e-06	-6.228672e-06	-1.239449e-09	-3.344041e+01	-1.367313e+02
6.750000e-06	-6.258157e-06	-1.244507e-09	-3.359870e+01	-1.372045e+02
6.760000e-06	-6.287107e-06	-1.249670e-09	-3.375413e+01	-1.376702e+02
6.770000e-06	-6.315750e-06	-1.251493e-09	-3.390791e+01	-1.381283e+02
6.780000e-06	-6.344115e-06	-1.251154e-09	-3.406019e+01	-1.385784e+02
6.790000e-06	-6.372143e-06	-1.252606e-09	-3.421067e+01	-1.390204e+02
6.800000e-06	-6.399845e-06	-1.255800e-09	-3.435940e+01	-1.394539e+02
6.810000e-06	-6.427056e-06	-1.258290e-09	-3.450549e+01	-1.398786e+02
6.820000e-06	-6.453674e-06	-1.260167e-09	-3.464839e+01	-1.402943e+02
6.830000e-06	-6.479890e-06	-1.261880e-09	-3.478914e+01	-1.407007e+02
6.840000e-06	-6.505618e-06	-1.264220e-09	-3.492727e+01	-1.410975e+02
6.850000e-06	-6.530755e-06	-1.266754e-09	-3.506222e+01	-1.414845e+02
6.860000e-06	-6.555465e-06	-1.268431e-09	-3.519489e+01	-1.418615e+02
6.870000e-06	-6.579937e-06	-1.269294e-09	-3.532628e+01	-1.422283e+02
6.880000e-06	-6.604154e-06	-1.271005e-09	-3.545629e+01	-1.425849e+02
6.890000e-06	-6.627870e-06	-1.275096e-09	-3.558361e+01	-1.429311e+02
6.900000e-06	-6.650968e-06	-1.278910e-09	-3.570762e+01	-1.432670e+02
6.910000e-06	-6.673298e-06	-1.280062e-09	-3.582751e+01	-1.435926e+02
6.920000e-06	-6.694917e-06	-1.279389e-09	-3.594357e+01	-1.439079e+02
6.930000e-06	-6.715991e-06	-1.279091e-09	-3.605672e+01	-1.442132e+02
6.940000e-06	-6.736548e-06	-1.280950e-09	-3.616708e+01	-1.445085e+02
6.950000e-06	-6.756823e-06	-1.283748e-09	-3.627593e+01	-1.447943e+02
6.960000e-06	-6.776833e-06	-1.285953e-09	-3.638336e+01	-1.450706e+02
6.970000e-06	-6.796368e-06	-1.288415e-09	-3.648824e+01	-1.453380e+02
6.980000e-06	-6.815302e-06	-1.291042e-09	-3.658989e+01	-1.455967e+02
6.990000e-06	-6.833765e-06	-1.292825e-09	-3.668902e+01	-1.458472e+02
7.000000e-06	-6.851761e-06	-1.293857e-09	-3.678564e+01	-1.460899e+02
7.010000e-06	-6.869260e-06	-1.294213e-09	-3.687959e+01	-1.463253e+02
7.020000e-06	-6.886380e-06	-1.294720e-09	-3.697150e+01	-1.465537e+02
7.030000e-06	-6.903135e-06	-1.296113e-09	-3.706145e+01	-1.467757e+02
7.040000e-06	-6.919564e-06	-1.298063e-09	-3.714966e+01	-1.469916e+02
7.050000e-06	-6.935788e-06	-1.299758e-09	-3.723676e+01	-1.472019e+02
7.060000e-06	-6.951405e-06	-1.300870e-09	-3.732060e+01	-1.474070e+02
7.070000e-06	-6.965980e-06	-1.301541e-09	-3.739886e+01	-1.476073e+02
7.080000e-06	-6.979774e-06	-1.302323e-09	-3.747291e+01	-1.478030e+02
7.090000e-06	-6.992877e-06	-1.303914e-09	-3.754326e+01	-1.479944e+02
7.100000e-06	-7.005363e-06	-1.304671e-09	-3.761029e+01	-1.481817e+02
7.110000e-06	-7.017439e-06	-1.304057e-09	-3.767513e+01	-1.483650e+02
7.120000e-06	-7.028967e-06	-1.304499e-09	-3.773702e+01	-1.485445e+02
7.130000e-06	-7.039917e-06	-1.306850e-09	-3.779581e+01	-1.487201e+02
7.140000e-06	-7.050441e-06	-1.308457e-09	-3.785231e+01	-1.488918e+02
7.150000e-06	-7.060588e-06	-1.308121e-09	-3.790679e+01	-1.490594e+02
7.160000e-06	-7.070301e-06	-1.307744e-09	-3.795893e+01	-1.492228e+02
7.170000e-06	-7.079383e-06	-1.308618e-09	-3.800769e+01	-1.493817e+02
7.180000e-06	-7.087985e-06	-1.310866e-09	-3.805387e+01	-1.495357e+02
7.190000e-06	-7.096419e-06	-1.312233e-09	-3.809916e+01	-1.496845e+02
7.200000e-06	-7.104469e-06	-1.311940e-09	-3.814238e+01	-1.498277e+02
7.210000e-06	-7.111931e-06	-1.311581e-09	-3.818243e+01	-1.499647e+02
7.220000e-06	-7.118673e-06	-1.310639e-09	-3.821863e+01	-1.500952e+02
7.230000e-06	-7.124483e-06	-1.309557e-09	-3.824983e+01	-1.502185e+02
7.240000e-06	-7.129582e-06	-1.308981e-09	-3.827720e+01	-1.503341e+02
7.250000e-06	-7.134238e-06	-1.308714e-09	-3.830220e+01	-1.504416e+02
7.260000e-06	-7.138564e-06	-1.308629e-09	-3.832542e+01	-1.505404e+02
7.270000e-06	-7.142607e-06	-1.308758e-09	-3.834713e+01	-1.506300e+02
7.280000e-06	-7.146188e-06	-1.309195e-09	-3.836636e+01	-1.507098e+02
7.290000e-06	-7.149231e-06	-1.309114e-09	-3.838269e+01	-1.507796e+02
7.300000e-06	-7.151818e-06	-1.308210e-09	-3.839658e+01	-1.508389e+02
7.310000e-06	-7.153897e-06	-1.307104e-09	-3.840774e+01	-1.508874e+02
7.320000e-06	-7.155551e-06	-1.306971e-09	-3.841662e+01	-1.509247e+02
7.330000e-06	-7.156794e-06	-1.307787e-09	-3.842330e+01	-1.509509e+02
7.340000e-06	-7.157524e-06	-1.307167e-09	-3.842721e+01	-1.509657e+02
