# Temperatura_=_20.0
# Concentracion g/m^3_=_7400.0
# C_Vs_to_Am_M_A/Vsm_=_116720831517.84952
# pendiente_HvsI_1/m_=_3716.3
# ordenada_HvsI_A/m_=_1297.0
# frecuencia_Hz_=_136119.0017562041

Tiempo_(s)	Campo_(V.s)	Magnetizacion_(V.s)	Campo_(kA/m)	Magnetizacion_(A/m)
0.000000e+00	-7.108918e-06	-1.217142e-09	-3.841544e+01	-1.419455e+02
1.000000e-08	-7.109037e-06	-1.217726e-09	-3.841609e+01	-1.419219e+02
2.000000e-08	-7.108837e-06	-1.219660e-09	-3.841501e+01	-1.418890e+02
3.000000e-08	-7.108106e-06	-1.220714e-09	-3.841106e+01	-1.418471e+02
4.000000e-08	-7.106564e-06	-1.219876e-09	-3.840273e+01	-1.417963e+02
5.000000e-08	-7.104325e-06	-1.218195e-09	-3.839062e+01	-1.417366e+02
6.000000e-08	-7.101492e-06	-1.217231e-09	-3.837531e+01	-1.416682e+02
7.000000e-08	-7.098174e-06	-1.217392e-09	-3.835739e+01	-1.415915e+02
8.000000e-08	-7.094484e-06	-1.218794e-09	-3.833745e+01	-1.415065e+02
9.000000e-08	-7.090123e-06	-1.218258e-09	-3.831388e+01	-1.414137e+02
1.000000e-07	-7.085009e-06	-1.198250e-09	-3.828625e+01	-1.413133e+02
1.100000e-07	-7.079400e-06	-1.172689e-09	-3.825593e+01	-1.412057e+02
1.200000e-07	-7.073529e-06	-1.209739e-09	-3.822421e+01	-1.410914e+02
1.300000e-07	-7.067424e-06	-1.272011e-09	-3.819122e+01	-1.409707e+02
1.400000e-07	-7.060758e-06	-1.231243e-09	-3.815520e+01	-1.408442e+02
1.500000e-07	-7.053441e-06	-1.144827e-09	-3.811566e+01	-1.407124e+02
1.600000e-07	-7.045699e-06	-1.189855e-09	-3.807382e+01	-1.405758e+02
1.700000e-07	-7.037663e-06	-1.285279e-09	-3.803040e+01	-1.404351e+02
1.800000e-07	-7.029120e-06	-1.211792e-09	-3.798423e+01	-1.402907e+02
1.900000e-07	-7.019635e-06	-1.094422e-09	-3.793297e+01	-1.401433e+02
2.000000e-07	-7.009338e-06	-1.182968e-09	-3.787733e+01	-1.399935e+02
2.100000e-07	-6.998550e-06	-1.310208e-09	-3.781904e+01	-1.398418e+02
2.200000e-07	-6.987318e-06	-1.211004e-09	-3.775834e+01	-1.396888e+02
2.300000e-07	-6.975536e-06	-1.091306e-09	-3.769467e+01	-1.395351e+02
2.400000e-07	-6.963238e-06	-1.185355e-09	-3.762821e+01	-1.393811e+02
2.500000e-07	-6.950473e-06	-1.266307e-09	-3.755923e+01	-1.392273e+02
2.600000e-07	-6.937058e-06	-1.164227e-09	-3.748674e+01	-1.390742e+02
2.700000e-07	-6.923153e-06	-1.123834e-09	-3.741160e+01	-1.389221e+02
2.800000e-07	-6.908658e-06	-1.221431e-09	-3.733328e+01	-1.387713e+02
2.900000e-07	-6.893230e-06	-1.213944e-09	-3.724990e+01	-1.386220e+02
3.000000e-07	-6.877174e-06	-1.129988e-09	-3.716314e+01	-1.384743e+02
3.100000e-07	-6.860754e-06	-1.171516e-09	-3.707441e+01	-1.383284e+02
3.200000e-07	-6.843889e-06	-1.215160e-09	-3.698327e+01	-1.381842e+02
3.300000e-07	-6.826593e-06	-1.132344e-09	-3.688981e+01	-1.380416e+02
3.400000e-07	-6.808855e-06	-1.132448e-09	-3.679395e+01	-1.379005e+02
3.500000e-07	-6.790513e-06	-1.231362e-09	-3.669483e+01	-1.377607e+02
3.600000e-07	-6.771634e-06	-1.183965e-09	-3.659282e+01	-1.376218e+02
3.700000e-07	-6.752381e-06	-1.083888e-09	-3.648878e+01	-1.374835e+02
3.800000e-07	-6.732800e-06	-1.154824e-09	-3.638296e+01	-1.373453e+02
3.900000e-07	-6.712925e-06	-1.213591e-09	-3.627556e+01	-1.372068e+02
4.000000e-07	-6.692646e-06	-1.122881e-09	-3.616598e+01	-1.370674e+02
4.100000e-07	-6.671779e-06	-1.109236e-09	-3.605322e+01	-1.369265e+02
4.200000e-07	-6.650388e-06	-1.192232e-09	-3.593762e+01	-1.367836e+02
4.300000e-07	-6.628556e-06	-1.161804e-09	-3.581965e+01	-1.366380e+02
4.400000e-07	-6.606211e-06	-1.105415e-09	-3.569890e+01	-1.364891e+02
4.500000e-07	-6.583477e-06	-1.154290e-09	-3.557605e+01	-1.363362e+02
4.600000e-07	-6.560341e-06	-1.159507e-09	-3.545102e+01	-1.361788e+02
4.700000e-07	-6.536780e-06	-1.104350e-09	-3.532370e+01	-1.360162e+02
4.800000e-07	-6.512945e-06	-1.136608e-09	-3.519490e+01	-1.358478e+02
4.900000e-07	-6.488622e-06	-1.170982e-09	-3.506346e+01	-1.356731e+02
5.000000e-07	-6.463559e-06	-1.114159e-09	-3.492803e+01	-1.354917e+02
5.100000e-07	-6.437741e-06	-1.103535e-09	-3.478851e+01	-1.353029e+02
5.200000e-07	-6.411319e-06	-1.149296e-09	-3.464573e+01	-1.351065e+02
5.300000e-07	-6.384384e-06	-1.127701e-09	-3.450018e+01	-1.349019e+02
5.400000e-07	-6.356974e-06	-1.098199e-09	-3.435206e+01	-1.346890e+02
5.500000e-07	-6.329206e-06	-1.127225e-09	-3.420201e+01	-1.344674e+02
5.600000e-07	-6.300990e-06	-1.126911e-09	-3.404953e+01	-1.342370e+02
5.700000e-07	-6.272313e-06	-1.100029e-09	-3.389456e+01	-1.339975e+02
5.800000e-07	-6.243261e-06	-1.113270e-09	-3.373757e+01	-1.337488e+02
5.900000e-07	-6.213867e-06	-1.119073e-09	-3.357873e+01	-1.334909e+02
6.000000e-07	-6.184147e-06	-1.096040e-09	-3.341813e+01	-1.332237e+02
6.100000e-07	-6.154027e-06	-1.099651e-09	-3.325537e+01	-1.329472e+02
6.200000e-07	-6.123416e-06	-1.111090e-09	-3.308995e+01	-1.326615e+02
6.300000e-07	-6.092300e-06	-1.097568e-09	-3.292181e+01	-1.323665e+02
6.400000e-07	-6.060941e-06	-1.092000e-09	-3.275234e+01	-1.320624e+02
6.500000e-07	-6.029367e-06	-1.097790e-09	-3.258173e+01	-1.317491e+02
6.600000e-07	-5.997463e-06	-1.090718e-09	-3.240932e+01	-1.314269e+02
6.700000e-07	-5.965110e-06	-1.085047e-09	-3.223449e+01	-1.310956e+02
6.800000e-07	-5.931918e-06	-1.086228e-09	-3.205513e+01	-1.307554e+02
6.900000e-07	-5.897919e-06	-1.079222e-09	-3.187140e+01	-1.304064e+02
7.000000e-07	-5.863385e-06	-1.072015e-09	-3.168479e+01	-1.300485e+02
7.100000e-07	-5.828473e-06	-1.071392e-09	-3.149613e+01	-1.296818e+02
7.200000e-07	-5.793214e-06	-1.068408e-09	-3.130559e+01	-1.293064e+02
7.300000e-07	-5.757638e-06	-1.064741e-09	-3.111335e+01	-1.289221e+02
7.400000e-07	-5.721790e-06	-1.062593e-09	-3.091963e+01	-1.285290e+02
7.500000e-07	-5.685583e-06	-1.057318e-09	-3.072397e+01	-1.281270e+02
7.600000e-07	-5.648868e-06	-1.054361e-09	-3.052557e+01	-1.277161e+02
7.700000e-07	-5.611670e-06	-1.054343e-09	-3.032456e+01	-1.272962e+02
7.800000e-07	-5.574214e-06	-1.049037e-09	-3.012215e+01	-1.268672e+02
7.900000e-07	-5.536419e-06	-1.040972e-09	-2.991792e+01	-1.264292e+02
8.000000e-07	-5.498057e-06	-1.036688e-09	-2.971061e+01	-1.259819e+02
8.100000e-07	-5.459193e-06	-1.033309e-09	-2.950060e+01	-1.255254e+02
8.200000e-07	-5.420024e-06	-1.029151e-09	-2.928894e+01	-1.250596e+02
8.300000e-07	-5.380612e-06	-1.024771e-09	-2.907596e+01	-1.245845e+02
8.400000e-07	-5.341027e-06	-1.019756e-09	-2.886205e+01	-1.241001e+02
8.500000e-07	-5.301215e-06	-1.014294e-09	-2.864691e+01	-1.236065e+02
8.600000e-07	-5.260977e-06	-1.009852e-09	-2.842947e+01	-1.231036e+02
8.700000e-07	-5.220184e-06	-1.005489e-09	-2.820903e+01	-1.225917e+02
8.800000e-07	-5.178825e-06	-9.993568e-10	-2.798554e+01	-1.220708e+02
8.900000e-07	-5.136875e-06	-9.918753e-10	-2.775884e+01	-1.215411e+02
9.000000e-07	-5.094413e-06	-9.848343e-10	-2.752938e+01	-1.210028e+02
9.100000e-07	-5.051443e-06	-9.803140e-10	-2.729718e+01	-1.204562e+02
9.200000e-07	-5.008066e-06	-9.764549e-10	-2.706278e+01	-1.199014e+02
9.300000e-07	-4.964528e-06	-9.706374e-10	-2.682751e+01	-1.193389e+02
9.400000e-07	-4.920739e-06	-9.640460e-10	-2.659088e+01	-1.187688e+02
9.500000e-07	-4.876652e-06	-9.579502e-10	-2.635264e+01	-1.181916e+02
9.600000e-07	-4.832246e-06	-9.527294e-10	-2.611268e+01	-1.176075e+02
9.700000e-07	-4.787491e-06	-9.475335e-10	-2.587083e+01	-1.170169e+02
9.800000e-07	-4.742401e-06	-9.416422e-10	-2.562717e+01	-1.164201e+02
9.900000e-07	-4.696887e-06	-9.359828e-10	-2.538122e+01	-1.158175e+02
1.000000e-06	-4.651058e-06	-9.311556e-10	-2.513356e+01	-1.152092e+02
1.010000e-06	-4.605038e-06	-9.267548e-10	-2.488488e+01	-1.145956e+02
1.020000e-06	-4.558769e-06	-9.214476e-10	-2.463485e+01	-1.139768e+02
1.030000e-06	-4.512105e-06	-9.150249e-10	-2.438269e+01	-1.133530e+02
1.040000e-06	-4.465019e-06	-9.087836e-10	-2.412824e+01	-1.127242e+02
1.050000e-06	-4.417714e-06	-9.044737e-10	-2.387261e+01	-1.120905e+02
1.060000e-06	-4.370225e-06	-9.007798e-10	-2.361599e+01	-1.114519e+02
1.070000e-06	-4.322434e-06	-8.961394e-10	-2.335773e+01	-1.108082e+02
1.080000e-06	-4.274360e-06	-8.904597e-10	-2.309795e+01	-1.101592e+02
1.090000e-06	-4.225944e-06	-8.840095e-10	-2.283632e+01	-1.095046e+02
1.100000e-06	-4.177062e-06	-8.773204e-10	-2.257217e+01	-1.088440e+02
1.110000e-06	-4.127714e-06	-8.712739e-10	-2.230550e+01	-1.081771e+02
1.120000e-06	-4.077855e-06	-8.649668e-10	-2.203607e+01	-1.075032e+02
1.130000e-06	-4.027413e-06	-8.584261e-10	-2.176349e+01	-1.068219e+02
1.140000e-06	-3.976526e-06	-8.526847e-10	-2.148850e+01	-1.061325e+02
1.150000e-06	-3.925419e-06	-8.481438e-10	-2.121233e+01	-1.054342e+02
1.160000e-06	-3.874118e-06	-8.433447e-10	-2.093511e+01	-1.047263e+02
1.170000e-06	-3.822567e-06	-8.360306e-10	-2.065654e+01	-1.040081e+02
1.180000e-06	-3.770674e-06	-8.280971e-10	-2.037611e+01	-1.032788e+02
1.190000e-06	-3.718465e-06	-8.215416e-10	-2.009398e+01	-1.025376e+02
1.200000e-06	-3.666048e-06	-8.156538e-10	-1.981073e+01	-1.017836e+02
1.210000e-06	-3.613321e-06	-8.096148e-10	-1.952580e+01	-1.010160e+02
1.220000e-06	-3.560228e-06	-8.024599e-10	-1.923890e+01	-1.002343e+02
1.230000e-06	-3.506921e-06	-7.940666e-10	-1.895083e+01	-9.943748e+01
1.240000e-06	-3.453440e-06	-7.866497e-10	-1.866183e+01	-9.862506e+01
1.250000e-06	-3.399712e-06	-7.814318e-10	-1.837150e+01	-9.779640e+01
1.260000e-06	-3.345759e-06	-7.760500e-10	-1.807994e+01	-9.695098e+01
1.270000e-06	-3.291604e-06	-7.677263e-10	-1.778729e+01	-9.608835e+01
1.280000e-06	-3.237082e-06	-7.583449e-10	-1.749267e+01	-9.520817e+01
1.290000e-06	-3.182282e-06	-7.511563e-10	-1.719654e+01	-9.431017e+01
1.300000e-06	-3.127286e-06	-7.448967e-10	-1.689935e+01	-9.339420e+01
1.310000e-06	-3.072072e-06	-7.367890e-10	-1.660098e+01	-9.246020e+01
1.320000e-06	-3.016706e-06	-7.279816e-10	-1.630179e+01	-9.150821e+01
1.330000e-06	-2.961198e-06	-7.201500e-10	-1.600184e+01	-9.053836e+01
1.340000e-06	-2.905596e-06	-7.133337e-10	-1.570137e+01	-8.955088e+01
1.350000e-06	-2.849943e-06	-7.070544e-10	-1.540063e+01	-8.854607e+01
1.360000e-06	-2.794173e-06	-6.997269e-10	-1.509926e+01	-8.752434e+01
1.370000e-06	-2.738253e-06	-6.910020e-10	-1.479708e+01	-8.648615e+01
1.380000e-06	-2.682176e-06	-6.826255e-10	-1.449405e+01	-8.543202e+01
1.390000e-06	-2.625893e-06	-6.753780e-10	-1.418990e+01	-8.436251e+01
1.400000e-06	-2.569436e-06	-6.679754e-10	-1.388482e+01	-8.327823e+01
1.410000e-06	-2.512838e-06	-6.582250e-10	-1.357897e+01	-8.217980e+01
1.420000e-06	-2.455996e-06	-6.477386e-10	-1.327180e+01	-8.106787e+01
1.430000e-06	-2.398868e-06	-6.387066e-10	-1.296310e+01	-7.994307e+01
1.440000e-06	-2.341467e-06	-6.300594e-10	-1.265291e+01	-7.880599e+01
1.450000e-06	-2.283716e-06	-6.210568e-10	-1.234084e+01	-7.765723e+01
1.460000e-06	-2.225563e-06	-6.110440e-10	-1.202659e+01	-7.649733e+01
1.470000e-06	-2.167084e-06	-5.999044e-10	-1.171057e+01	-7.532676e+01
1.480000e-06	-2.108400e-06	-5.894634e-10	-1.139346e+01	-7.414595e+01
1.490000e-06	-2.049537e-06	-5.799517e-10	-1.107537e+01	-7.295524e+01
1.500000e-06	-1.990476e-06	-5.699794e-10	-1.075621e+01	-7.175490e+01
1.510000e-06	-1.931231e-06	-5.590434e-10	-1.043606e+01	-7.054510e+01
1.520000e-06	-1.871812e-06	-5.481303e-10	-1.011497e+01	-6.932593e+01
1.530000e-06	-1.812267e-06	-5.387146e-10	-9.793198e+00	-6.809740e+01
1.540000e-06	-1.752779e-06	-5.292072e-10	-9.471735e+00	-6.685940e+01
1.550000e-06	-1.693310e-06	-5.184101e-10	-9.150374e+00	-6.561174e+01
1.560000e-06	-1.633769e-06	-5.071190e-10	-8.828624e+00	-6.435416e+01
1.570000e-06	-1.574102e-06	-4.965142e-10	-8.506191e+00	-6.308629e+01
1.580000e-06	-1.514308e-06	-4.869739e-10	-8.183078e+00	-6.180771e+01
1.590000e-06	-1.454456e-06	-4.766526e-10	-7.859648e+00	-6.051789e+01
1.600000e-06	-1.394565e-06	-4.651917e-10	-7.536003e+00	-5.921629e+01
1.610000e-06	-1.334609e-06	-4.540824e-10	-7.212011e+00	-5.790228e+01
1.620000e-06	-1.274541e-06	-4.432428e-10	-6.887413e+00	-5.657521e+01
1.630000e-06	-1.214418e-06	-4.322994e-10	-6.562520e+00	-5.523440e+01
1.640000e-06	-1.154297e-06	-4.210777e-10	-6.237634e+00	-5.387913e+01
1.650000e-06	-1.094146e-06	-4.092020e-10	-5.912589e+00	-5.250871e+01
1.660000e-06	-1.033860e-06	-3.973890e-10	-5.586813e+00	-5.112244e+01
1.670000e-06	-9.734945e-07	-3.868462e-10	-5.260607e+00	-4.971962e+01
1.680000e-06	-9.131036e-07	-3.765894e-10	-4.934264e+00	-4.829960e+01
1.690000e-06	-8.526939e-07	-3.643771e-10	-4.607820e+00	-4.686176e+01
1.700000e-06	-7.922647e-07	-3.513934e-10	-4.281270e+00	-4.540552e+01
1.710000e-06	-7.316528e-07	-3.395559e-10	-3.953734e+00	-4.393037e+01
1.720000e-06	-6.708973e-07	-3.279106e-10	-3.625421e+00	-4.243586e+01
1.730000e-06	-6.100992e-07	-3.159022e-10	-3.296878e+00	-4.092159e+01
1.740000e-06	-5.492668e-07	-3.038674e-10	-2.968149e+00	-3.938726e+01
1.750000e-06	-4.884424e-07	-2.913738e-10	-2.639464e+00	-3.783263e+01
1.760000e-06	-4.276084e-07	-2.783686e-10	-2.310727e+00	-3.625755e+01
1.770000e-06	-3.667405e-07	-2.650938e-10	-1.981807e+00	-3.466195e+01
1.780000e-06	-3.057419e-07	-2.517808e-10	-1.652180e+00	-3.304585e+01
1.790000e-06	-2.446455e-07	-2.388630e-10	-1.322025e+00	-3.140934e+01
1.800000e-06	-1.836457e-07	-2.252189e-10	-9.923918e-01	-2.975261e+01
1.810000e-06	-1.227480e-07	-2.110931e-10	-6.633105e-01	-2.807593e+01
1.820000e-06	-6.185773e-08	-1.977729e-10	-3.342692e-01	-2.637963e+01
1.830000e-06	-9.094734e-10	-1.840354e-10	-4.914648e-03	-2.466413e+01
1.840000e-06	6.009909e-08	-1.698415e-10	3.247658e-01	-2.292992e+01
1.850000e-06	1.210595e-07	-1.559599e-10	6.541860e-01	-2.117757e+01
1.860000e-06	1.820306e-07	-1.425297e-10	9.836642e-01	-1.940770e+01
1.870000e-06	2.430070e-07	-1.295091e-10	1.313171e+00	-1.762101e+01
1.880000e-06	3.039974e-07	-1.158225e-10	1.642753e+00	-1.581823e+01
1.890000e-06	3.649781e-07	-1.011922e-10	1.972283e+00	-1.400018e+01
1.900000e-06	4.258757e-07	-8.652763e-11	2.301363e+00	-1.216770e+01
1.910000e-06	4.867905e-07	-7.185990e-11	2.630537e+00	-1.032171e+01
1.920000e-06	5.476872e-07	-5.784831e-11	2.959613e+00	-8.463147e+00
1.930000e-06	6.084606e-07	-4.478040e-11	3.288023e+00	-6.593013e+00
1.940000e-06	6.691028e-07	-3.110741e-11	3.615723e+00	-4.712340e+00
1.950000e-06	7.297142e-07	-1.642161e-11	3.943258e+00	-2.822205e+00
1.960000e-06	7.902919e-07	-1.338013e-12	4.270610e+00	-9.237182e-01
1.970000e-06	8.508491e-07	1.332030e-11	4.597851e+00	9.819722e-01
1.980000e-06	9.113945e-07	2.695317e-11	4.925029e+00	2.893685e+00
1.990000e-06	9.718029e-07	4.025176e-11	5.251466e+00	4.810206e+00
2.000000e-06	1.032106e-06	5.430019e-11	5.577334e+00	6.730294e+00
2.010000e-06	1.092409e-06	6.896405e-11	5.903202e+00	8.652675e+00
2.020000e-06	1.152731e-06	8.409372e-11	6.229173e+00	1.057605e+01
2.030000e-06	1.212967e-06	9.955388e-11	6.554677e+00	1.249911e+01
2.040000e-06	1.273110e-06	1.145451e-10	6.879678e+00	1.442051e+01
2.050000e-06	1.333251e-06	1.290209e-10	7.204673e+00	1.633889e+01
2.060000e-06	1.393278e-06	1.433995e-10	7.529049e+00	1.825290e+01
2.070000e-06	1.453089e-06	1.577456e-10	7.852259e+00	2.016115e+01
2.080000e-06	1.512763e-06	1.716140e-10	8.174729e+00	2.206228e+01
2.090000e-06	1.572394e-06	1.853101e-10	8.496963e+00	2.395492e+01
2.100000e-06	1.631959e-06	1.995968e-10	8.818844e+00	2.583771e+01
2.110000e-06	1.691481e-06	2.144339e-10	9.140491e+00	2.770931e+01
2.120000e-06	1.750976e-06	2.289322e-10	9.461991e+00	2.956841e+01
2.130000e-06	1.810458e-06	2.425742e-10	9.783425e+00	3.141373e+01
2.140000e-06	1.869888e-06	2.555900e-10	1.010458e+01	3.324404e+01
2.150000e-06	1.929209e-06	2.683408e-10	1.042514e+01	3.505815e+01
2.160000e-06	1.988376e-06	2.817528e-10	1.074486e+01	3.685491e+01
2.170000e-06	2.047314e-06	2.957977e-10	1.106336e+01	3.863328e+01
2.180000e-06	2.105961e-06	3.092072e-10	1.138027e+01	4.039225e+01
2.190000e-06	2.164452e-06	3.226442e-10	1.169635e+01	4.213091e+01
2.200000e-06	2.222871e-06	3.372059e-10	1.201204e+01	4.384843e+01
2.210000e-06	2.281004e-06	3.515098e-10	1.232618e+01	4.554406e+01
2.220000e-06	2.338714e-06	3.646480e-10	1.263803e+01	4.721718e+01
2.230000e-06	2.396049e-06	3.773995e-10	1.294786e+01	4.886724e+01
2.240000e-06	2.453094e-06	3.905183e-10	1.325612e+01	5.049379e+01
2.250000e-06	2.509848e-06	4.042260e-10	1.356281e+01	5.209650e+01
2.260000e-06	2.566344e-06	4.170266e-10	1.386811e+01	5.367514e+01
2.270000e-06	2.622640e-06	4.279846e-10	1.417232e+01	5.522958e+01
2.280000e-06	2.678806e-06	4.390307e-10	1.447584e+01	5.675979e+01
2.290000e-06	2.734826e-06	4.506347e-10	1.477856e+01	5.826584e+01
2.300000e-06	2.790669e-06	4.627490e-10	1.508033e+01	5.974790e+01
2.310000e-06	2.846377e-06	4.759637e-10	1.538136e+01	6.120621e+01
2.320000e-06	2.901921e-06	4.887718e-10	1.568151e+01	6.264110e+01
2.330000e-06	2.957303e-06	5.011026e-10	1.598079e+01	6.405299e+01
2.340000e-06	3.012514e-06	5.130375e-10	1.627914e+01	6.544235e+01
2.350000e-06	3.067635e-06	5.235769e-10	1.657700e+01	6.680969e+01
2.360000e-06	3.122634e-06	5.329130e-10	1.687421e+01	6.815559e+01
2.370000e-06	3.177431e-06	5.418169e-10	1.717032e+01	6.948067e+01
2.380000e-06	3.231999e-06	5.513027e-10	1.746520e+01	7.078556e+01
2.390000e-06	3.286273e-06	5.623139e-10	1.775849e+01	7.207092e+01
2.400000e-06	3.340341e-06	5.743754e-10	1.805066e+01	7.333741e+01
2.410000e-06	3.394180e-06	5.861595e-10	1.834160e+01	7.458569e+01
2.420000e-06	3.447759e-06	5.973673e-10	1.863113e+01	7.581643e+01
2.430000e-06	3.501093e-06	6.079893e-10	1.891934e+01	7.703026e+01
2.440000e-06	3.554216e-06	6.184252e-10	1.920641e+01	7.822778e+01
2.450000e-06	3.607099e-06	6.286759e-10	1.949218e+01	7.940959e+01
2.460000e-06	3.659611e-06	6.375005e-10	1.977595e+01	8.057624e+01
2.470000e-06	3.711866e-06	6.453705e-10	2.005832e+01	8.172822e+01
2.480000e-06	3.763859e-06	6.542632e-10	2.033929e+01	8.286601e+01
2.490000e-06	3.815488e-06	6.643117e-10	2.061828e+01	8.399003e+01
2.500000e-06	3.866802e-06	6.747099e-10	2.089557e+01	8.510066e+01
2.510000e-06	3.917863e-06	6.846508e-10	2.117150e+01	8.619822e+01
2.520000e-06	3.968631e-06	6.933890e-10	2.144584e+01	8.728301e+01
2.530000e-06	4.018801e-06	7.011613e-10	2.171695e+01	8.835527e+01
2.540000e-06	4.068455e-06	7.090429e-10	2.198527e+01	8.941521e+01
2.550000e-06	4.117796e-06	7.165167e-10	2.225191e+01	9.046300e+01
2.560000e-06	4.166725e-06	7.228847e-10	2.251631e+01	9.149877e+01
2.570000e-06	4.215179e-06	7.297003e-10	2.277815e+01	9.252263e+01
2.580000e-06	4.263234e-06	7.380067e-10	2.303783e+01	9.353467e+01
2.590000e-06	4.311124e-06	7.470740e-10	2.329662e+01	9.453495e+01
2.600000e-06	4.358822e-06	7.562262e-10	2.355437e+01	9.552352e+01
2.610000e-06	4.406213e-06	7.645835e-10	2.381046e+01	9.650042e+01
2.620000e-06	4.453294e-06	7.713682e-10	2.406488e+01	9.746567e+01
2.630000e-06	4.500091e-06	7.778048e-10	2.431777e+01	9.841930e+01
2.640000e-06	4.546578e-06	7.848428e-10	2.456897e+01	9.936133e+01
2.650000e-06	4.592749e-06	7.924094e-10	2.481847e+01	1.002918e+02
2.660000e-06	4.638550e-06	7.997505e-10	2.506598e+01	1.012107e+02
2.670000e-06	4.684058e-06	8.055642e-10	2.531189e+01	1.021180e+02
2.680000e-06	4.729346e-06	8.113510e-10	2.555662e+01	1.030139e+02
2.690000e-06	4.774300e-06	8.188703e-10	2.579955e+01	1.038983e+02
2.700000e-06	4.818899e-06	8.266810e-10	2.604055e+01	1.047712e+02
2.710000e-06	4.863144e-06	8.331620e-10	2.627965e+01	1.056328e+02
2.720000e-06	4.907128e-06	8.401447e-10	2.651733e+01	1.064829e+02
2.730000e-06	4.950896e-06	8.485408e-10	2.675384e+01	1.073217e+02
2.740000e-06	4.994442e-06	8.568408e-10	2.698916e+01	1.081491e+02
2.750000e-06	5.037741e-06	8.636412e-10	2.722314e+01	1.089652e+02
2.760000e-06	5.080783e-06	8.692367e-10	2.745573e+01	1.097700e+02
2.770000e-06	5.123435e-06	8.746727e-10	2.768621e+01	1.105634e+02
2.780000e-06	5.165528e-06	8.810480e-10	2.791368e+01	1.113454e+02
2.790000e-06	5.207053e-06	8.888916e-10	2.813807e+01	1.121159e+02
2.800000e-06	5.247842e-06	8.957633e-10	2.835849e+01	1.128749e+02
2.810000e-06	5.287976e-06	9.013965e-10	2.857537e+01	1.136223e+02
2.820000e-06	5.327784e-06	9.077032e-10	2.879049e+01	1.143579e+02
2.830000e-06	5.367378e-06	9.153281e-10	2.900444e+01	1.150816e+02
2.840000e-06	5.406811e-06	9.227690e-10	2.921753e+01	1.157933e+02
2.850000e-06	5.445990e-06	9.290916e-10	2.942925e+01	1.164927e+02
2.860000e-06	5.484755e-06	9.339400e-10	2.963873e+01	1.171798e+02
2.870000e-06	5.523046e-06	9.382731e-10	2.984565e+01	1.178542e+02
2.880000e-06	5.560857e-06	9.443733e-10	3.004997e+01	1.185158e+02
2.890000e-06	5.598244e-06	9.510313e-10	3.025201e+01	1.191645e+02
2.900000e-06	5.635287e-06	9.570940e-10	3.045218e+01	1.197999e+02
2.910000e-06	5.671918e-06	9.630639e-10	3.065013e+01	1.204220e+02
2.920000e-06	5.708193e-06	9.698257e-10	3.084615e+01	1.210305e+02
2.930000e-06	5.744158e-06	9.768042e-10	3.104050e+01	1.216253e+02
2.940000e-06	5.779773e-06	9.825571e-10	3.123296e+01	1.222062e+02
2.950000e-06	5.815226e-06	9.860941e-10	3.142454e+01	1.227733e+02
2.960000e-06	5.850331e-06	9.883514e-10	3.161424e+01	1.233265e+02
2.970000e-06	5.884863e-06	9.932076e-10	3.180085e+01	1.238657e+02
2.980000e-06	5.918821e-06	1.000511e-09	3.198436e+01	1.243910e+02
2.990000e-06	5.952175e-06	1.006885e-09	3.216459e+01	1.249025e+02
3.000000e-06	5.984930e-06	1.011900e-09	3.234159e+01	1.254005e+02
3.010000e-06	6.017118e-06	1.016224e-09	3.251553e+01	1.258851e+02
3.020000e-06	6.048909e-06	1.020245e-09	3.268733e+01	1.263566e+02
3.030000e-06	6.080443e-06	1.026341e-09	3.285773e+01	1.268153e+02
3.040000e-06	6.111715e-06	1.033088e-09	3.302672e+01	1.272617e+02
3.050000e-06	6.142477e-06	1.037234e-09	3.319295e+01	1.276961e+02
3.060000e-06	6.172703e-06	1.041718e-09	3.335629e+01	1.281192e+02
3.070000e-06	6.202548e-06	1.047471e-09	3.351757e+01	1.285313e+02
3.080000e-06	6.232001e-06	1.051809e-09	3.367673e+01	1.289332e+02
3.090000e-06	6.261040e-06	1.055606e-09	3.383365e+01	1.293255e+02
3.100000e-06	6.289582e-06	1.060384e-09	3.398788e+01	1.297086e+02
3.110000e-06	6.317713e-06	1.065419e-09	3.413990e+01	1.300834e+02
3.120000e-06	6.345541e-06	1.069957e-09	3.429028e+01	1.304505e+02
3.130000e-06	6.373086e-06	1.074832e-09	3.443913e+01	1.308105e+02
3.140000e-06	6.400313e-06	1.079524e-09	3.458626e+01	1.311640e+02
3.150000e-06	6.427164e-06	1.082630e-09	3.473136e+01	1.315117e+02
3.160000e-06	6.453590e-06	1.085152e-09	3.487416e+01	1.318541e+02
3.170000e-06	6.479222e-06	1.088106e-09	3.501267e+01	1.321918e+02
3.180000e-06	6.503950e-06	1.091500e-09	3.514630e+01	1.325254e+02
3.190000e-06	6.528005e-06	1.094771e-09	3.527629e+01	1.328551e+02
3.200000e-06	6.551593e-06	1.097316e-09	3.540375e+01	1.331815e+02
3.210000e-06	6.574848e-06	1.100181e-09	3.552942e+01	1.335049e+02
3.220000e-06	6.597725e-06	1.104179e-09	3.565304e+01	1.338254e+02
3.230000e-06	6.620067e-06	1.108949e-09	3.577377e+01	1.341434e+02
3.240000e-06	6.641881e-06	1.112531e-09	3.589165e+01	1.344588e+02
3.250000e-06	6.663311e-06	1.113801e-09	3.600746e+01	1.347717e+02
3.260000e-06	6.684325e-06	1.115542e-09	3.612101e+01	1.350821e+02
3.270000e-06	6.704767e-06	1.119205e-09	3.623148e+01	1.353900e+02
3.280000e-06	6.724838e-06	1.122706e-09	3.633994e+01	1.356950e+02
3.290000e-06	6.744663e-06	1.124989e-09	3.644707e+01	1.359970e+02
3.300000e-06	6.764177e-06	1.127524e-09	3.655252e+01	1.362957e+02
3.310000e-06	6.783434e-06	1.131248e-09	3.665658e+01	1.365909e+02
3.320000e-06	6.802155e-06	1.135111e-09	3.675775e+01	1.368820e+02
3.330000e-06	6.820068e-06	1.137690e-09	3.685455e+01	1.371687e+02
3.340000e-06	6.837355e-06	1.139033e-09	3.694796e+01	1.374507e+02
3.350000e-06	6.854249e-06	1.140825e-09	3.703926e+01	1.377273e+02
3.360000e-06	6.870774e-06	1.143874e-09	3.712855e+01	1.379983e+02
3.370000e-06	6.886913e-06	1.146195e-09	3.721576e+01	1.382631e+02
3.380000e-06	6.902569e-06	1.147966e-09	3.730037e+01	1.385213e+02
3.390000e-06	6.917677e-06	1.150725e-09	3.738201e+01	1.387724e+02
3.400000e-06	6.932127e-06	1.154063e-09	3.746009e+01	1.390161e+02
3.410000e-06	6.945892e-06	1.157645e-09	3.753448e+01	1.392519e+02
3.420000e-06	6.959091e-06	1.161444e-09	3.760581e+01	1.394795e+02
3.430000e-06	6.971750e-06	1.164268e-09	3.767421e+01	1.396986e+02
3.440000e-06	6.983957e-06	1.165828e-09	3.774018e+01	1.399089e+02
3.450000e-06	6.995709e-06	1.168146e-09	3.780368e+01	1.401100e+02
3.460000e-06	7.006876e-06	1.170881e-09	3.786403e+01	1.403019e+02
3.470000e-06	7.017582e-06	1.173426e-09	3.792188e+01	1.404843e+02
3.480000e-06	7.027677e-06	1.176404e-09	3.797643e+01	1.406571e+02
3.490000e-06	7.036854e-06	1.179660e-09	3.802602e+01	1.408201e+02
3.500000e-06	7.045220e-06	1.182572e-09	3.807123e+01	1.409733e+02
3.510000e-06	7.053070e-06	1.185363e-09	3.811365e+01	1.411166e+02
3.520000e-06	7.060669e-06	1.188233e-09	3.815472e+01	1.412501e+02
3.530000e-06	7.068049e-06	1.189822e-09	3.819460e+01	1.413736e+02
3.540000e-06	7.074931e-06	1.191446e-09	3.823178e+01	1.414873e+02
3.550000e-06	7.081201e-06	1.194286e-09	3.826567e+01	1.415911e+02
3.560000e-06	7.086954e-06	1.197165e-09	3.829675e+01	1.416850e+02
3.570000e-06	7.092195e-06	1.199761e-09	3.832507e+01	1.417692e+02
3.580000e-06	7.096920e-06	1.201038e-09	3.835061e+01	1.418437e+02
3.590000e-06	7.101143e-06	1.203034e-09	3.837343e+01	1.419084e+02
3.600000e-06	7.104939e-06	1.206663e-09	3.839394e+01	1.419636e+02
3.610000e-06	7.108424e-06	1.209679e-09	3.841278e+01	1.420091e+02
3.620000e-06	7.111494e-06	1.211911e-09	3.842936e+01	1.420450e+02
3.630000e-06	7.114027e-06	1.214335e-09	3.844306e+01	1.420715e+02
3.640000e-06	7.115807e-06	1.215487e-09	3.845267e+01	1.420884e+02
3.650000e-06	7.116778e-06	1.215053e-09	3.845792e+01	1.420959e+02
3.660000e-06	7.117163e-06	1.214311e-09	3.846000e+01	1.420940e+02
3.670000e-06	7.117062e-06	1.213002e-09	3.845946e+01	1.420828e+02
3.680000e-06	7.116581e-06	1.213045e-09	3.845686e+01	1.420622e+02
3.690000e-06	7.115687e-06	1.215256e-09	3.845202e+01	1.420324e+02
3.700000e-06	7.114359e-06	1.218844e-09	3.844485e+01	1.419935e+02
3.710000e-06	7.112568e-06	1.221088e-09	3.843517e+01	1.419456e+02
3.720000e-06	7.110308e-06	1.220497e-09	3.842296e+01	1.418888e+02
3.730000e-06	7.107694e-06	1.218654e-09	3.840883e+01	1.418233e+02
3.740000e-06	7.104528e-06	1.214212e-09	3.839172e+01	1.417493e+02
3.750000e-06	7.100774e-06	1.205062e-09	3.837144e+01	1.416671e+02
3.760000e-06	7.096510e-06	1.208658e-09	3.834840e+01	1.415768e+02
3.770000e-06	7.091499e-06	1.248753e-09	3.832131e+01	1.414789e+02
3.780000e-06	7.085685e-06	1.265599e-09	3.828990e+01	1.413736e+02
3.790000e-06	7.079510e-06	1.180218e-09	3.825653e+01	1.412615e+02
3.800000e-06	7.073211e-06	1.139580e-09	3.822249e+01	1.411429e+02
3.810000e-06	7.066550e-06	1.241551e-09	3.818650e+01	1.410183e+02
3.820000e-06	7.059107e-06	1.292667e-09	3.814627e+01	1.408882e+02
3.830000e-06	7.050918e-06	1.177983e-09	3.810202e+01	1.407531e+02
3.840000e-06	7.042428e-06	1.120605e-09	3.805615e+01	1.406137e+02
3.850000e-06	7.033634e-06	1.266159e-09	3.800862e+01	1.404704e+02
3.860000e-06	7.024245e-06	1.329292e-09	3.795789e+01	1.403239e+02
3.870000e-06	7.014243e-06	1.148631e-09	3.790384e+01	1.401748e+02
3.880000e-06	7.003975e-06	1.071606e-09	3.784835e+01	1.400237e+02
3.890000e-06	6.993373e-06	1.268592e-09	3.779106e+01	1.398710e+02
3.900000e-06	6.982162e-06	1.339087e-09	3.773048e+01	1.397175e+02
3.910000e-06	6.970332e-06	1.142240e-09	3.766655e+01	1.395635e+02
3.920000e-06	6.957889e-06	1.103412e-09	3.759931e+01	1.394097e+02
3.930000e-06	6.944816e-06	1.296741e-09	3.752867e+01	1.392563e+02
3.940000e-06	6.931074e-06	1.277508e-09	3.745441e+01	1.391038e+02
3.950000e-06	6.916511e-06	1.088331e-09	3.737571e+01	1.389525e+02
3.960000e-06	6.901221e-06	1.156345e-09	3.729308e+01	1.388026e+02
3.970000e-06	6.885356e-06	1.317704e-09	3.720735e+01	1.386544e+02
3.980000e-06	6.869049e-06	1.207121e-09	3.711923e+01	1.385078e+02
3.990000e-06	6.852442e-06	1.100049e-09	3.702949e+01	1.383630e+02
4.000000e-06	6.835387e-06	1.246552e-09	3.693733e+01	1.382199e+02
4.010000e-06	6.817869e-06	1.273162e-09	3.684267e+01	1.380784e+02
4.020000e-06	6.799963e-06	1.105569e-09	3.674591e+01	1.379381e+02
4.030000e-06	6.781559e-06	1.154999e-09	3.664645e+01	1.377990e+02
4.040000e-06	6.762550e-06	1.309265e-09	3.654373e+01	1.376605e+02
4.050000e-06	6.742993e-06	1.202293e-09	3.643804e+01	1.375223e+02
4.060000e-06	6.723128e-06	1.099474e-09	3.633070e+01	1.373840e+02
4.070000e-06	6.703023e-06	1.237237e-09	3.622206e+01	1.372449e+02
4.080000e-06	6.682580e-06	1.260190e-09	3.611158e+01	1.371046e+02
4.090000e-06	6.661773e-06	1.120265e-09	3.599914e+01	1.369624e+02
4.100000e-06	6.640370e-06	1.170623e-09	3.588349e+01	1.368177e+02
4.110000e-06	6.618033e-06	1.271292e-09	3.576278e+01	1.366699e+02
4.120000e-06	6.594873e-06	1.176928e-09	3.563763e+01	1.365184e+02
4.130000e-06	6.571163e-06	1.144247e-09	3.550950e+01	1.363626e+02
4.140000e-06	6.547035e-06	1.242441e-09	3.537912e+01	1.362018e+02
4.150000e-06	6.522616e-06	1.204011e-09	3.524717e+01	1.360354e+02
4.160000e-06	6.497814e-06	1.133324e-09	3.511314e+01	1.358629e+02
4.170000e-06	6.472642e-06	1.210615e-09	3.497711e+01	1.356837e+02
4.180000e-06	6.447060e-06	1.230973e-09	3.483887e+01	1.354974e+02
4.190000e-06	6.420892e-06	1.155726e-09	3.469746e+01	1.353035e+02
4.200000e-06	6.394238e-06	1.180957e-09	3.455343e+01	1.351017e+02
4.210000e-06	6.367161e-06	1.217655e-09	3.440711e+01	1.348916e+02
4.220000e-06	6.339591e-06	1.164315e-09	3.425813e+01	1.346729e+02
4.230000e-06	6.311615e-06	1.165607e-09	3.410695e+01	1.344454e+02
4.240000e-06	6.283407e-06	1.208392e-09	3.395452e+01	1.342090e+02
4.250000e-06	6.254921e-06	1.179652e-09	3.380058e+01	1.339633e+02
4.260000e-06	6.225888e-06	1.163476e-09	3.364370e+01	1.337085e+02
4.270000e-06	6.196294e-06	1.193022e-09	3.348377e+01	1.334444e+02
4.280000e-06	6.166135e-06	1.180119e-09	3.332080e+01	1.331710e+02
4.290000e-06	6.135209e-06	1.159849e-09	3.315368e+01	1.328883e+02
4.300000e-06	6.103574e-06	1.175883e-09	3.298273e+01	1.325964e+02
4.310000e-06	6.071526e-06	1.176535e-09	3.280954e+01	1.322953e+02
4.320000e-06	6.039194e-06	1.165982e-09	3.263483e+01	1.319851e+02
4.330000e-06	6.006527e-06	1.170707e-09	3.245830e+01	1.316658e+02
4.340000e-06	5.973437e-06	1.165901e-09	3.227949e+01	1.313375e+02
4.350000e-06	5.939907e-06	1.157665e-09	3.209830e+01	1.310003e+02
4.360000e-06	5.906076e-06	1.162239e-09	3.191548e+01	1.306542e+02
4.370000e-06	5.871883e-06	1.161777e-09	3.173071e+01	1.302992e+02
4.380000e-06	5.837175e-06	1.158114e-09	3.154315e+01	1.299355e+02
4.390000e-06	5.802012e-06	1.158727e-09	3.135313e+01	1.295629e+02
4.400000e-06	5.766499e-06	1.152290e-09	3.116123e+01	1.291816e+02
4.410000e-06	5.730604e-06	1.147266e-09	3.096726e+01	1.287914e+02
4.420000e-06	5.694397e-06	1.149869e-09	3.077160e+01	1.283924e+02
4.430000e-06	5.657980e-06	1.144265e-09	3.057481e+01	1.279844e+02
4.440000e-06	5.621272e-06	1.136817e-09	3.037645e+01	1.275675e+02
4.450000e-06	5.584177e-06	1.139341e-09	3.017599e+01	1.271416e+02
4.460000e-06	5.546408e-06	1.139396e-09	2.997189e+01	1.267065e+02
4.470000e-06	5.507749e-06	1.132062e-09	2.976299e+01	1.262623e+02
4.480000e-06	5.468475e-06	1.126705e-09	2.955075e+01	1.258089e+02
4.490000e-06	5.428853e-06	1.123724e-09	2.933665e+01	1.253462e+02
4.500000e-06	5.388856e-06	1.120375e-09	2.912051e+01	1.248742e+02
4.510000e-06	5.348529e-06	1.117727e-09	2.890258e+01	1.243929e+02
4.520000e-06	5.308007e-06	1.115464e-09	2.868361e+01	1.239023e+02
4.530000e-06	5.267243e-06	1.111108e-09	2.846333e+01	1.234025e+02
4.540000e-06	5.226190e-06	1.105464e-09	2.824149e+01	1.228936e+02
4.550000e-06	5.184790e-06	1.101563e-09	2.801777e+01	1.223756e+02
4.560000e-06	5.142916e-06	1.098978e-09	2.779149e+01	1.218488e+02
4.570000e-06	5.100698e-06	1.094465e-09	2.756335e+01	1.213134e+02
4.580000e-06	5.058145e-06	1.087624e-09	2.733340e+01	1.207695e+02
4.590000e-06	5.015190e-06	1.081994e-09	2.710127e+01	1.202174e+02
4.600000e-06	4.971843e-06	1.079160e-09	2.686704e+01	1.196573e+02
4.610000e-06	4.928047e-06	1.075787e-09	2.663037e+01	1.190897e+02
4.620000e-06	4.884022e-06	1.070739e-09	2.639247e+01	1.185148e+02
4.630000e-06	4.839798e-06	1.067732e-09	2.615349e+01	1.179330e+02
4.640000e-06	4.795322e-06	1.066241e-09	2.591315e+01	1.173445e+02
4.650000e-06	4.750659e-06	1.061905e-09	2.567179e+01	1.167498e+02
4.660000e-06	4.705676e-06	1.054468e-09	2.542872e+01	1.161490e+02
4.670000e-06	4.660196e-06	1.045951e-09	2.518294e+01	1.155426e+02
4.680000e-06	4.614318e-06	1.037675e-09	2.493503e+01	1.149307e+02
4.690000e-06	4.568255e-06	1.031596e-09	2.468611e+01	1.143136e+02
4.700000e-06	4.521895e-06	1.027841e-09	2.443559e+01	1.136914e+02
4.710000e-06	4.475107e-06	1.023805e-09	2.418276e+01	1.130643e+02
4.720000e-06	4.428022e-06	1.018776e-09	2.392832e+01	1.124323e+02
4.730000e-06	4.380631e-06	1.013168e-09	2.367222e+01	1.117953e+02
4.740000e-06	4.332879e-06	1.006438e-09	2.341418e+01	1.111533e+02
4.750000e-06	4.284733e-06	1.000132e-09	2.315401e+01	1.105060e+02
4.760000e-06	4.236137e-06	9.936740e-10	2.289140e+01	1.098533e+02
4.770000e-06	4.187175e-06	9.865818e-10	2.262682e+01	1.091948e+02
4.780000e-06	4.137931e-06	9.820148e-10	2.236071e+01	1.085300e+02
4.790000e-06	4.088505e-06	9.797448e-10	2.209362e+01	1.078585e+02
4.800000e-06	4.038838e-06	9.756176e-10	2.182523e+01	1.071797e+02
4.810000e-06	3.988806e-06	9.690912e-10	2.155486e+01	1.064930e+02
4.820000e-06	3.938492e-06	9.626532e-10	2.128297e+01	1.057978e+02
4.830000e-06	3.887833e-06	9.575116e-10	2.100922e+01	1.050932e+02
4.840000e-06	3.836900e-06	9.534206e-10	2.073399e+01	1.043785e+02
4.850000e-06	3.785783e-06	9.486392e-10	2.045776e+01	1.036530e+02
4.860000e-06	3.734370e-06	9.423503e-10	2.017993e+01	1.029158e+02
4.870000e-06	3.682697e-06	9.360928e-10	1.990070e+01	1.021661e+02
4.880000e-06	3.630672e-06	9.300810e-10	1.961956e+01	1.014032e+02
4.890000e-06	3.578320e-06	9.243182e-10	1.933666e+01	1.006262e+02
4.900000e-06	3.525693e-06	9.188554e-10	1.905228e+01	9.983447e+01
4.910000e-06	3.472712e-06	9.130111e-10	1.876598e+01	9.902732e+01
4.920000e-06	3.419510e-06	9.067079e-10	1.847848e+01	9.820412e+01
4.930000e-06	3.366008e-06	8.999661e-10	1.818937e+01	9.736433e+01
4.940000e-06	3.312009e-06	8.928157e-10	1.789756e+01	9.650746e+01
4.950000e-06	3.257595e-06	8.850967e-10	1.760352e+01	9.563315e+01
4.960000e-06	3.202828e-06	8.760941e-10	1.730756e+01	9.474110e+01
4.970000e-06	3.147783e-06	8.670880e-10	1.701011e+01	9.383112e+01
4.980000e-06	3.092476e-06	8.596100e-10	1.671124e+01	9.290312e+01
4.990000e-06	3.036902e-06	8.518998e-10	1.641093e+01	9.195710e+01
5.000000e-06	2.981039e-06	8.434105e-10	1.610905e+01	9.099316e+01
5.010000e-06	2.924958e-06	8.341478e-10	1.580600e+01	9.001151e+01
5.020000e-06	2.868826e-06	8.242010e-10	1.550267e+01	8.901243e+01
5.030000e-06	2.812544e-06	8.148229e-10	1.519853e+01	8.799628e+01
5.040000e-06	2.756034e-06	8.068438e-10	1.489316e+01	8.696350e+01
5.050000e-06	2.699374e-06	7.990061e-10	1.458698e+01	8.591461e+01
5.060000e-06	2.642583e-06	7.899559e-10	1.428009e+01	8.485014e+01
5.070000e-06	2.585699e-06	7.793981e-10	1.397270e+01	8.377070e+01
5.080000e-06	2.528804e-06	7.685527e-10	1.366525e+01	8.267691e+01
5.090000e-06	2.471697e-06	7.583681e-10	1.335665e+01	8.156940e+01
5.100000e-06	2.414260e-06	7.481407e-10	1.304627e+01	8.044880e+01
5.110000e-06	2.356720e-06	7.382193e-10	1.273534e+01	7.931573e+01
5.120000e-06	2.299105e-06	7.288313e-10	1.242399e+01	7.817079e+01
5.130000e-06	2.241240e-06	7.187078e-10	1.211130e+01	7.701453e+01
5.140000e-06	2.183083e-06	7.081568e-10	1.179703e+01	7.584745e+01
5.150000e-06	2.124697e-06	6.975528e-10	1.148152e+01	7.467000e+01
5.160000e-06	2.066140e-06	6.864452e-10	1.116509e+01	7.348254e+01
5.170000e-06	2.007441e-06	6.748038e-10	1.084789e+01	7.228537e+01
5.180000e-06	1.948595e-06	6.632987e-10	1.052989e+01	7.107869e+01
5.190000e-06	1.889627e-06	6.532070e-10	1.021124e+01	6.986263e+01
5.200000e-06	1.830622e-06	6.427820e-10	9.892386e+00	6.863721e+01
5.210000e-06	1.771519e-06	6.307490e-10	9.573002e+00	6.740237e+01
5.220000e-06	1.712235e-06	6.183486e-10	9.252640e+00	6.615794e+01
5.230000e-06	1.652760e-06	6.066952e-10	8.931249e+00	6.490369e+01
5.240000e-06	1.593214e-06	5.944649e-10	8.609470e+00	6.363929e+01
5.250000e-06	1.533642e-06	5.814286e-10	8.287551e+00	6.236431e+01
5.260000e-06	1.473996e-06	5.696299e-10	7.965238e+00	6.107828e+01
5.270000e-06	1.414194e-06	5.584131e-10	7.642077e+00	5.978066e+01
5.280000e-06	1.354223e-06	5.461425e-10	7.318004e+00	5.847084e+01
5.290000e-06	1.294221e-06	5.330381e-10	6.993762e+00	5.714819e+01
5.300000e-06	1.234150e-06	5.193566e-10	6.669148e+00	5.581202e+01
5.310000e-06	1.173974e-06	5.060666e-10	6.343968e+00	5.446163e+01
5.320000e-06	1.113808e-06	4.941340e-10	6.018840e+00	5.309633e+01
5.330000e-06	1.053636e-06	4.827065e-10	5.693681e+00	5.171540e+01
5.340000e-06	9.933752e-07	4.713247e-10	5.368039e+00	5.031816e+01
5.350000e-06	9.330774e-07	4.591183e-10	5.042200e+00	4.890393e+01
5.360000e-06	8.727100e-07	4.455948e-10	4.715984e+00	4.747208e+01
5.370000e-06	8.122863e-07	4.320300e-10	4.389464e+00	4.602202e+01
5.380000e-06	7.518536e-07	4.183773e-10	4.062895e+00	4.455322e+01
5.390000e-06	6.913945e-07	4.044709e-10	3.736184e+00	4.306519e+01
5.400000e-06	6.309159e-07	3.904602e-10	3.409368e+00	4.155753e+01
5.410000e-06	5.704109e-07	3.763407e-10	3.082408e+00	4.002990e+01
5.420000e-06	5.098307e-07	3.625093e-10	2.755043e+00	3.848204e+01
5.430000e-06	4.492867e-07	3.489249e-10	2.427873e+00	3.691378e+01
5.440000e-06	3.887887e-07	3.348304e-10	2.100951e+00	3.532501e+01
5.450000e-06	3.282203e-07	3.193766e-10	1.773649e+00	3.371572e+01
5.460000e-06	2.675927e-07	3.039329e-10	1.446028e+00	3.208598e+01
5.470000e-06	2.069419e-07	2.893688e-10	1.118280e+00	3.043596e+01
5.480000e-06	1.463202e-07	2.754593e-10	7.906909e-01	2.876587e+01
5.490000e-06	8.570292e-08	2.612620e-10	4.631247e-01	2.707605e+01
5.500000e-06	2.512397e-08	2.456211e-10	1.357659e-01	2.536689e+01
5.510000e-06	-3.547690e-08	2.290092e-10	-1.917114e-01	2.363884e+01
5.520000e-06	-9.609116e-08	2.126421e-10	-5.192611e-01	2.189246e+01
5.530000e-06	-1.566777e-07	1.971822e-10	-8.466611e-01	2.012835e+01
5.540000e-06	-2.173587e-07	1.817173e-10	-1.174571e+00	1.834716e+01
5.550000e-06	-2.780189e-07	1.659516e-10	-1.502369e+00	1.654965e+01
5.560000e-06	-3.385037e-07	1.500355e-10	-1.829220e+00	1.473658e+01
5.570000e-06	-3.990064e-07	1.330701e-10	-2.156166e+00	1.290880e+01
5.580000e-06	-4.595921e-07	1.151364e-10	-2.483562e+00	1.106719e+01
5.590000e-06	-5.202175e-07	9.733484e-11	-2.811171e+00	9.212698e+00
5.600000e-06	-5.808069e-07	8.025569e-11	-3.138587e+00	7.346294e+00
5.610000e-06	-6.412453e-07	6.286284e-11	-3.465186e+00	5.469002e+00
5.620000e-06	-7.015821e-07	4.492090e-11	-3.791236e+00	3.581885e+00
5.630000e-06	-7.618592e-07	2.724219e-11	-4.116964e+00	1.686042e+00
5.640000e-06	-8.221461e-07	8.891362e-12	-4.442745e+00	-2.173912e-01
5.650000e-06	-8.824666e-07	-1.041575e-11	-4.768707e+00	-2.127244e+00
5.660000e-06	-9.427581e-07	-2.958811e-11	-5.094513e+00	-4.042314e+00
5.670000e-06	-1.002998e-06	-4.761059e-11	-5.420041e+00	-5.961367e+00
5.680000e-06	-1.063129e-06	-6.414934e-11	-5.744978e+00	-7.883141e+00
5.690000e-06	-1.123134e-06	-8.081267e-11	-6.069236e+00	-9.806348e+00
5.700000e-06	-1.183052e-06	-9.907335e-11	-6.393023e+00	-1.172968e+01
5.710000e-06	-1.242946e-06	-1.178789e-10	-6.716679e+00	-1.365179e+01
5.720000e-06	-1.302887e-06	-1.355480e-10	-7.040593e+00	-1.557134e+01
5.730000e-06	-1.362807e-06	-1.524107e-10	-7.364391e+00	-1.748698e+01
5.740000e-06	-1.422640e-06	-1.695646e-10	-7.687718e+00	-1.939731e+01
5.750000e-06	-1.482320e-06	-1.875934e-10	-8.010221e+00	-2.130098e+01
5.760000e-06	-1.541870e-06	-2.065471e-10	-8.332014e+00	-2.319662e+01
5.770000e-06	-1.601347e-06	-2.247011e-10	-8.653420e+00	-2.508285e+01
5.780000e-06	-1.660771e-06	-2.420516e-10	-8.974537e+00	-2.695834e+01
5.790000e-06	-1.720086e-06	-2.604390e-10	-9.295068e+00	-2.882177e+01
5.800000e-06	-1.779224e-06	-2.796056e-10	-9.614637e+00	-3.067184e+01
5.810000e-06	-1.838325e-06	-2.975133e-10	-9.934010e+00	-3.250730e+01
5.820000e-06	-1.897368e-06	-3.136656e-10	-1.025307e+01	-3.432695e+01
5.830000e-06	-1.956258e-06	-3.301225e-10	-1.057130e+01	-3.612964e+01
5.840000e-06	-2.014955e-06	-3.483683e-10	-1.088849e+01	-3.791426e+01
5.850000e-06	-2.073292e-06	-3.664231e-10	-1.120373e+01	-3.967982e+01
5.860000e-06	-2.131406e-06	-3.821173e-10	-1.151777e+01	-4.142536e+01
5.870000e-06	-2.189536e-06	-3.971567e-10	-1.183190e+01	-4.315003e+01
5.880000e-06	-2.247556e-06	-4.129128e-10	-1.214543e+01	-4.485305e+01
5.890000e-06	-2.305233e-06	-4.283084e-10	-1.245711e+01	-4.653375e+01
5.900000e-06	-2.362707e-06	-4.437662e-10	-1.276769e+01	-4.819157e+01
5.910000e-06	-2.420060e-06	-4.595009e-10	-1.307761e+01	-4.982601e+01
5.920000e-06	-2.477211e-06	-4.740247e-10	-1.338645e+01	-5.143671e+01
5.930000e-06	-2.534207e-06	-4.887060e-10	-1.369444e+01	-5.302341e+01
5.940000e-06	-2.591128e-06	-5.048716e-10	-1.400204e+01	-5.458594e+01
5.950000e-06	-2.647906e-06	-5.208374e-10	-1.430886e+01	-5.612424e+01
5.960000e-06	-2.704483e-06	-5.354176e-10	-1.461459e+01	-5.763834e+01
5.970000e-06	-2.760941e-06	-5.494025e-10	-1.491968e+01	-5.912838e+01
5.980000e-06	-2.817188e-06	-5.633453e-10	-1.522363e+01	-6.059459e+01
5.990000e-06	-2.873268e-06	-5.770526e-10	-1.552667e+01	-6.203727e+01
6.000000e-06	-2.929266e-06	-5.898257e-10	-1.582928e+01	-6.345679e+01
6.010000e-06	-2.985134e-06	-6.012886e-10	-1.613118e+01	-6.485361e+01
6.020000e-06	-3.040743e-06	-6.119986e-10	-1.643169e+01	-6.622824e+01
6.030000e-06	-3.096033e-06	-6.236986e-10	-1.673046e+01	-6.758124e+01
6.040000e-06	-3.151070e-06	-6.375953e-10	-1.702787e+01	-6.891321e+01
6.050000e-06	-3.205826e-06	-6.510987e-10	-1.732377e+01	-7.022477e+01
6.060000e-06	-3.260136e-06	-6.626982e-10	-1.761725e+01	-7.151658e+01
6.070000e-06	-3.314025e-06	-6.737773e-10	-1.790846e+01	-7.278930e+01
6.080000e-06	-3.367677e-06	-6.859155e-10	-1.819839e+01	-7.404359e+01
6.090000e-06	-3.420986e-06	-6.995189e-10	-1.848645e+01	-7.528012e+01
6.100000e-06	-3.473872e-06	-7.124178e-10	-1.877224e+01	-7.649953e+01
6.110000e-06	-3.526419e-06	-7.225481e-10	-1.905620e+01	-7.770244e+01
6.120000e-06	-3.578691e-06	-7.316075e-10	-1.933867e+01	-7.888944e+01
6.130000e-06	-3.630780e-06	-7.423671e-10	-1.962015e+01	-8.006109e+01
6.140000e-06	-3.682629e-06	-7.536075e-10	-1.990033e+01	-8.121792e+01
6.150000e-06	-3.734254e-06	-7.636429e-10	-2.017931e+01	-8.236041e+01
6.160000e-06	-3.785630e-06	-7.735181e-10	-2.045693e+01	-8.348899e+01
6.170000e-06	-3.836635e-06	-7.841297e-10	-2.073256e+01	-8.460406e+01
6.180000e-06	-3.887373e-06	-7.947520e-10	-2.100673e+01	-8.570596e+01
6.190000e-06	-3.937878e-06	-8.039156e-10	-2.127966e+01	-8.679499e+01
6.200000e-06	-3.987986e-06	-8.115418e-10	-2.155043e+01	-8.787142e+01
6.210000e-06	-4.037673e-06	-8.188589e-10	-2.181893e+01	-8.893546e+01
6.220000e-06	-4.086966e-06	-8.275365e-10	-2.208530e+01	-8.998729e+01
6.230000e-06	-4.135926e-06	-8.374719e-10	-2.234988e+01	-9.102707e+01
6.240000e-06	-4.184530e-06	-8.470704e-10	-2.261253e+01	-9.205490e+01
6.250000e-06	-4.232566e-06	-8.558097e-10	-2.287210e+01	-9.307089e+01
6.260000e-06	-4.280167e-06	-8.634408e-10	-2.312933e+01	-9.407510e+01
6.270000e-06	-4.327556e-06	-8.708913e-10	-2.338542e+01	-9.506758e+01
6.280000e-06	-4.374696e-06	-8.798387e-10	-2.364015e+01	-9.604838e+01
6.290000e-06	-4.421620e-06	-8.897762e-10	-2.389372e+01	-9.701753e+01
6.300000e-06	-4.468329e-06	-8.983602e-10	-2.414613e+01	-9.797504e+01
6.310000e-06	-4.514655e-06	-9.057984e-10	-2.439646e+01	-9.892095e+01
6.320000e-06	-4.560574e-06	-9.136051e-10	-2.464461e+01	-9.985527e+01
6.330000e-06	-4.606201e-06	-9.219437e-10	-2.489117e+01	-1.007780e+02
6.340000e-06	-4.651591e-06	-9.304693e-10	-2.513645e+01	-1.016893e+02
6.350000e-06	-4.696704e-06	-9.382331e-10	-2.538023e+01	-1.025890e+02
6.360000e-06	-4.741475e-06	-9.456118e-10	-2.562217e+01	-1.034772e+02
6.370000e-06	-4.785902e-06	-9.534548e-10	-2.586224e+01	-1.043540e+02
6.380000e-06	-4.830064e-06	-9.616797e-10	-2.610088e+01	-1.052193e+02
6.390000e-06	-4.873989e-06	-9.692375e-10	-2.633825e+01	-1.060733e+02
6.400000e-06	-4.917715e-06	-9.746605e-10	-2.657454e+01	-1.069158e+02
6.410000e-06	-4.961234e-06	-9.795297e-10	-2.680971e+01	-1.077471e+02
6.420000e-06	-5.004371e-06	-9.871693e-10	-2.704281e+01	-1.085670e+02
6.430000e-06	-5.047063e-06	-9.962222e-10	-2.727351e+01	-1.093755e+02
6.440000e-06	-5.089318e-06	-1.003204e-09	-2.750185e+01	-1.101727e+02
6.450000e-06	-5.131222e-06	-1.008187e-09	-2.772829e+01	-1.109585e+02
6.460000e-06	-5.172851e-06	-1.014144e-09	-2.795325e+01	-1.117329e+02
6.470000e-06	-5.214130e-06	-1.022197e-09	-2.817632e+01	-1.124958e+02
6.480000e-06	-5.254959e-06	-1.030067e-09	-2.839695e+01	-1.132470e+02
6.490000e-06	-5.295453e-06	-1.036877e-09	-2.861577e+01	-1.139866e+02
6.500000e-06	-5.335800e-06	-1.043122e-09	-2.883380e+01	-1.147143e+02
6.510000e-06	-5.375903e-06	-1.049158e-09	-2.905051e+01	-1.154300e+02
6.520000e-06	-5.415588e-06	-1.055793e-09	-2.926496e+01	-1.161336e+02
6.530000e-06	-5.454871e-06	-1.062112e-09	-2.947724e+01	-1.168248e+02
6.540000e-06	-5.493689e-06	-1.067080e-09	-2.968701e+01	-1.175035e+02
6.550000e-06	-5.531922e-06	-1.072101e-09	-2.989361e+01	-1.181694e+02
6.560000e-06	-5.569495e-06	-1.077725e-09	-3.009665e+01	-1.188224e+02
6.570000e-06	-5.606469e-06	-1.083335e-09	-3.029645e+01	-1.194623e+02
6.580000e-06	-5.643062e-06	-1.089193e-09	-3.049420e+01	-1.200889e+02
6.590000e-06	-5.679359e-06	-1.094563e-09	-3.069034e+01	-1.207019e+02
6.600000e-06	-5.715373e-06	-1.098475e-09	-3.088496e+01	-1.213013e+02
6.610000e-06	-5.751089e-06	-1.102010e-09	-3.107796e+01	-1.218869e+02
6.620000e-06	-5.786421e-06	-1.106363e-09	-3.126889e+01	-1.224586e+02
6.630000e-06	-5.821264e-06	-1.111395e-09	-3.145717e+01	-1.230164e+02
6.640000e-06	-5.855697e-06	-1.115648e-09	-3.164324e+01	-1.235603e+02
6.650000e-06	-5.889668e-06	-1.119145e-09	-3.182681e+01	-1.240902e+02
6.660000e-06	-5.923220e-06	-1.123363e-09	-3.200812e+01	-1.246064e+02
6.670000e-06	-5.956489e-06	-1.128410e-09	-3.218790e+01	-1.251089e+02
6.680000e-06	-5.989415e-06	-1.132927e-09	-3.236583e+01	-1.255979e+02
6.690000e-06	-6.021944e-06	-1.136690e-09	-3.254161e+01	-1.260737e+02
6.700000e-06	-6.054078e-06	-1.141522e-09	-3.271526e+01	-1.265367e+02
6.710000e-06	-6.085854e-06	-1.147027e-09	-3.288697e+01	-1.269871e+02
6.720000e-06	-6.117188e-06	-1.150969e-09	-3.305629e+01	-1.274255e+02
6.730000e-06	-6.148064e-06	-1.153201e-09	-3.322315e+01	-1.278523e+02
6.740000e-06	-6.178362e-06	-1.155292e-09	-3.338687e+01	-1.282681e+02
6.750000e-06	-6.207900e-06	-1.158409e-09	-3.354649e+01	-1.286734e+02
6.760000e-06	-6.236761e-06	-1.162091e-09	-3.370245e+01	-1.290688e+02
6.770000e-06	-6.265152e-06	-1.164545e-09	-3.385587e+01	-1.294549e+02
6.780000e-06	-6.293269e-06	-1.165695e-09	-3.400781e+01	-1.298324e+02
6.790000e-06	-6.321183e-06	-1.167403e-09	-3.415865e+01	-1.302020e+02
6.800000e-06	-6.348742e-06	-1.168942e-09	-3.430758e+01	-1.305643e+02
6.810000e-06	-6.375792e-06	-1.170316e-09	-3.445375e+01	-1.309199e+02
6.820000e-06	-6.402278e-06	-1.172213e-09	-3.459688e+01	-1.312695e+02
6.830000e-06	-6.428249e-06	-1.173144e-09	-3.473722e+01	-1.316136e+02
6.840000e-06	-6.453726e-06	-1.174390e-09	-3.487490e+01	-1.319529e+02
6.850000e-06	-6.478684e-06	-1.176950e-09	-3.500976e+01	-1.322878e+02
6.860000e-06	-6.503278e-06	-1.179731e-09	-3.514266e+01	-1.326188e+02
6.870000e-06	-6.527608e-06	-1.181199e-09	-3.527414e+01	-1.329463e+02
6.880000e-06	-6.551659e-06	-1.182047e-09	-3.540411e+01	-1.332706e+02
6.890000e-06	-6.575261e-06	-1.184829e-09	-3.553165e+01	-1.335921e+02
6.900000e-06	-6.598217e-06	-1.187512e-09	-3.565570e+01	-1.339109e+02
6.910000e-06	-6.620591e-06	-1.188534e-09	-3.577661e+01	-1.342271e+02
6.920000e-06	-6.642372e-06	-1.189965e-09	-3.589431e+01	-1.345409e+02
6.930000e-06	-6.663481e-06	-1.191536e-09	-3.600838e+01	-1.348522e+02
6.940000e-06	-6.684099e-06	-1.192719e-09	-3.611979e+01	-1.351609e+02
6.950000e-06	-6.704325e-06	-1.194942e-09	-3.622909e+01	-1.354669e+02
6.960000e-06	-6.724120e-06	-1.197804e-09	-3.633606e+01	-1.357700e+02
6.970000e-06	-6.743518e-06	-1.199699e-09	-3.644088e+01	-1.360698e+02
6.980000e-06	-6.762522e-06	-1.200485e-09	-3.654358e+01	-1.363662e+02
6.990000e-06	-6.781103e-06	-1.201047e-09	-3.664399e+01	-1.366587e+02
7.000000e-06	-6.799262e-06	-1.202033e-09	-3.674212e+01	-1.369470e+02
7.010000e-06	-6.816966e-06	-1.203901e-09	-3.683779e+01	-1.372306e+02
7.020000e-06	-6.834102e-06	-1.205779e-09	-3.693038e+01	-1.375091e+02
7.030000e-06	-6.850744e-06	-1.206405e-09	-3.702032e+01	-1.377820e+02
7.040000e-06	-6.867148e-06	-1.207469e-09	-3.710896e+01	-1.380489e+02
7.050000e-06	-6.883233e-06	-1.209587e-09	-3.719588e+01	-1.383094e+02
7.060000e-06	-6.898822e-06	-1.211229e-09	-3.728012e+01	-1.385629e+02
7.070000e-06	-6.913628e-06	-1.212277e-09	-3.736013e+01	-1.388091e+02
7.080000e-06	-6.927619e-06	-1.213637e-09	-3.743574e+01	-1.390477e+02
7.090000e-06	-6.940908e-06	-1.216004e-09	-3.750755e+01	-1.392781e+02
7.100000e-06	-6.953526e-06	-1.217812e-09	-3.757573e+01	-1.395000e+02
7.110000e-06	-6.965733e-06	-1.218070e-09	-3.764170e+01	-1.397133e+02
7.120000e-06	-6.977508e-06	-1.218927e-09	-3.770533e+01	-1.399175e+02
7.130000e-06	-6.988600e-06	-1.221214e-09	-3.776526e+01	-1.401125e+02
7.140000e-06	-6.999156e-06	-1.222531e-09	-3.782231e+01	-1.402981e+02
7.150000e-06	-7.009343e-06	-1.222324e-09	-3.787736e+01	-1.404741e+02
7.160000e-06	-7.019017e-06	-1.223163e-09	-3.792963e+01	-1.406404e+02
7.170000e-06	-7.028200e-06	-1.225015e-09	-3.797926e+01	-1.407969e+02
7.180000e-06	-7.036977e-06	-1.225940e-09	-3.802669e+01	-1.409435e+02
7.190000e-06	-7.045377e-06	-1.226182e-09	-3.807208e+01	-1.410803e+02
7.200000e-06	-7.053446e-06	-1.226581e-09	-3.811568e+01	-1.412071e+02
7.210000e-06	-7.061074e-06	-1.226150e-09	-3.815690e+01	-1.413241e+02
7.220000e-06	-7.068038e-06	-1.224353e-09	-3.819454e+01	-1.414312e+02
7.230000e-06	-7.074182e-06	-1.222609e-09	-3.822774e+01	-1.415285e+02
7.240000e-06	-7.079534e-06	-1.221571e-09	-3.825666e+01	-1.416159e+02
7.250000e-06	-7.084360e-06	-1.220774e-09	-3.828274e+01	-1.416936e+02
7.260000e-06	-7.088763e-06	-1.220397e-09	-3.830653e+01	-1.417616e+02
7.270000e-06	-7.092792e-06	-1.220551e-09	-3.832830e+01	-1.418200e+02
7.280000e-06	-7.096515e-06	-1.220758e-09	-3.834842e+01	-1.418687e+02
7.290000e-06	-7.099791e-06	-1.220915e-09	-3.836613e+01	-1.419079e+02
7.300000e-06	-7.102478e-06	-1.220594e-09	-3.838065e+01	-1.419375e+02
7.310000e-06	-7.104770e-06	-1.219240e-09	-3.839303e+01	-1.419576e+02
7.320000e-06	-7.106651e-06	-1.217897e-09	-3.840319e+01	-1.419683e+02
7.330000e-06	-7.107809e-06	-1.217796e-09	-3.840945e+01	-1.419695e+02
7.340000e-06	-7.108487e-06	-1.217839e-09	-3.841312e+01	-1.419614e+02
