# Temperatura_=_20.0
# Concentracion g/m^3_=_7400.0
# C_Vs_to_Am_M_A/Vsm_=_116720831517.84952
# pendiente_HvsI_1/m_=_3716.3
# ordenada_HvsI_A/m_=_1297.0
# frecuencia_Hz_=_136114.61820130414

Tiempo_(s)	Campo_(V.s)	Magnetizacion_(V.s)	Campo_(kA/m)	Magnetizacion_(A/m)
0.000000e+00	-7.108030e-06	-1.379532e-09	-3.843016e+01	-1.597841e+02
1.000000e-08	-7.108185e-06	-1.378153e-09	-3.843100e+01	-1.597828e+02
2.000000e-08	-7.107909e-06	-1.378305e-09	-3.842951e+01	-1.597745e+02
3.000000e-08	-7.107028e-06	-1.377068e-09	-3.842474e+01	-1.597595e+02
4.000000e-08	-7.105361e-06	-1.374422e-09	-3.841573e+01	-1.597380e+02
5.000000e-08	-7.102894e-06	-1.371860e-09	-3.840240e+01	-1.597103e+02
6.000000e-08	-7.099788e-06	-1.369911e-09	-3.838560e+01	-1.596767e+02
7.000000e-08	-7.096196e-06	-1.368948e-09	-3.836618e+01	-1.596376e+02
8.000000e-08	-7.092161e-06	-1.370139e-09	-3.834436e+01	-1.595931e+02
9.000000e-08	-7.087546e-06	-1.370022e-09	-3.831941e+01	-1.595438e+02
1.000000e-07	-7.082194e-06	-1.353720e-09	-3.829048e+01	-1.594900e+02
1.100000e-07	-7.076310e-06	-1.334529e-09	-3.825867e+01	-1.594320e+02
1.200000e-07	-7.070167e-06	-1.360892e-09	-3.822545e+01	-1.593701e+02
1.300000e-07	-7.063647e-06	-1.406037e-09	-3.819020e+01	-1.593046e+02
1.400000e-07	-7.056679e-06	-1.376427e-09	-3.815253e+01	-1.592360e+02
1.500000e-07	-7.049285e-06	-1.313074e-09	-3.811255e+01	-1.591645e+02
1.600000e-07	-7.041500e-06	-1.345045e-09	-3.807046e+01	-1.590902e+02
1.700000e-07	-7.033231e-06	-1.417244e-09	-3.802576e+01	-1.590135e+02
1.800000e-07	-7.024370e-06	-1.369397e-09	-3.797784e+01	-1.589346e+02
1.900000e-07	-7.014898e-06	-1.279316e-09	-3.792663e+01	-1.588535e+02
2.000000e-07	-7.004903e-06	-1.338689e-09	-3.787260e+01	-1.587705e+02
2.100000e-07	-6.994321e-06	-1.435894e-09	-3.781539e+01	-1.586854e+02
2.200000e-07	-6.983172e-06	-1.365910e-09	-3.775511e+01	-1.585984e+02
2.300000e-07	-6.971518e-06	-1.271684e-09	-3.769210e+01	-1.585093e+02
2.400000e-07	-6.959267e-06	-1.341059e-09	-3.762586e+01	-1.584181e+02
2.500000e-07	-6.946482e-06	-1.407765e-09	-3.755674e+01	-1.583247e+02
2.600000e-07	-6.933146e-06	-1.330433e-09	-3.748464e+01	-1.582287e+02
2.700000e-07	-6.919228e-06	-1.293590e-09	-3.740939e+01	-1.581301e+02
2.800000e-07	-6.904445e-06	-1.370558e-09	-3.732946e+01	-1.580286e+02
2.900000e-07	-6.888912e-06	-1.369358e-09	-3.724548e+01	-1.579237e+02
3.000000e-07	-6.872869e-06	-1.298158e-09	-3.715874e+01	-1.578153e+02
3.100000e-07	-6.856174e-06	-1.329125e-09	-3.706848e+01	-1.577028e+02
3.200000e-07	-6.839074e-06	-1.371177e-09	-3.697603e+01	-1.575861e+02
3.300000e-07	-6.821628e-06	-1.306941e-09	-3.688171e+01	-1.574646e+02
3.400000e-07	-6.803800e-06	-1.299816e-09	-3.678532e+01	-1.573380e+02
3.500000e-07	-6.785515e-06	-1.382094e-09	-3.668646e+01	-1.572058e+02
3.600000e-07	-6.766755e-06	-1.349935e-09	-3.658503e+01	-1.570679e+02
3.700000e-07	-6.747535e-06	-1.264949e-09	-3.648111e+01	-1.569236e+02
3.800000e-07	-6.727767e-06	-1.321104e-09	-3.637424e+01	-1.567729e+02
3.900000e-07	-6.707631e-06	-1.375171e-09	-3.626537e+01	-1.566152e+02
4.000000e-07	-6.687128e-06	-1.299523e-09	-3.615452e+01	-1.564505e+02
4.100000e-07	-6.666157e-06	-1.284019e-09	-3.604114e+01	-1.562784e+02
4.200000e-07	-6.644613e-06	-1.355471e-09	-3.592466e+01	-1.560989e+02
4.300000e-07	-6.622647e-06	-1.330248e-09	-3.580590e+01	-1.559116e+02
4.400000e-07	-6.600174e-06	-1.278471e-09	-3.568440e+01	-1.557167e+02
4.500000e-07	-6.577187e-06	-1.321215e-09	-3.556012e+01	-1.555141e+02
4.600000e-07	-6.553897e-06	-1.328707e-09	-3.543419e+01	-1.553038e+02
4.700000e-07	-6.530256e-06	-1.277428e-09	-3.530638e+01	-1.550859e+02
4.800000e-07	-6.506181e-06	-1.300674e-09	-3.517622e+01	-1.548606e+02
4.900000e-07	-6.481776e-06	-1.330144e-09	-3.504427e+01	-1.546280e+02
5.000000e-07	-6.456845e-06	-1.281468e-09	-3.490947e+01	-1.543885e+02
5.100000e-07	-6.431127e-06	-1.271059e-09	-3.477043e+01	-1.541422e+02
5.200000e-07	-6.404707e-06	-1.308531e-09	-3.462758e+01	-1.538896e+02
5.300000e-07	-6.377587e-06	-1.288158e-09	-3.448096e+01	-1.536309e+02
5.400000e-07	-6.350006e-06	-1.262732e-09	-3.433184e+01	-1.533666e+02
5.500000e-07	-6.322141e-06	-1.287403e-09	-3.418119e+01	-1.530970e+02
5.600000e-07	-6.293975e-06	-1.286470e-09	-3.402891e+01	-1.528226e+02
5.700000e-07	-6.265434e-06	-1.262080e-09	-3.387459e+01	-1.525436e+02
5.800000e-07	-6.236488e-06	-1.269839e-09	-3.371810e+01	-1.522607e+02
5.900000e-07	-6.207090e-06	-1.272933e-09	-3.355915e+01	-1.519740e+02
6.000000e-07	-6.177232e-06	-1.255342e-09	-3.339773e+01	-1.516840e+02
6.100000e-07	-6.146918e-06	-1.259323e-09	-3.323383e+01	-1.513909e+02
6.200000e-07	-6.116107e-06	-1.267551e-09	-3.306725e+01	-1.510951e+02
6.300000e-07	-6.084847e-06	-1.255279e-09	-3.289824e+01	-1.507967e+02
6.400000e-07	-6.053303e-06	-1.249626e-09	-3.272769e+01	-1.504960e+02
6.500000e-07	-6.021542e-06	-1.251457e-09	-3.255597e+01	-1.501931e+02
6.600000e-07	-5.989455e-06	-1.244799e-09	-3.238249e+01	-1.498880e+02
6.700000e-07	-5.956919e-06	-1.240607e-09	-3.220658e+01	-1.495806e+02
6.800000e-07	-5.923709e-06	-1.239900e-09	-3.202703e+01	-1.492710e+02
6.900000e-07	-5.889585e-06	-1.234987e-09	-3.184254e+01	-1.489589e+02
7.000000e-07	-5.854709e-06	-1.232005e-09	-3.165398e+01	-1.486442e+02
7.100000e-07	-5.819445e-06	-1.229277e-09	-3.146332e+01	-1.483266e+02
7.200000e-07	-5.783978e-06	-1.222061e-09	-3.127156e+01	-1.480056e+02
7.300000e-07	-5.748305e-06	-1.217239e-09	-3.107870e+01	-1.476810e+02
7.400000e-07	-5.712411e-06	-1.215271e-09	-3.088463e+01	-1.473521e+02
7.500000e-07	-5.676282e-06	-1.211746e-09	-3.068930e+01	-1.470186e+02
7.600000e-07	-5.639736e-06	-1.210315e-09	-3.049171e+01	-1.466799e+02
7.700000e-07	-5.602624e-06	-1.208212e-09	-3.029106e+01	-1.463354e+02
7.800000e-07	-5.564985e-06	-1.200751e-09	-3.008756e+01	-1.459845e+02
7.900000e-07	-5.526943e-06	-1.194109e-09	-2.988188e+01	-1.456265e+02
8.000000e-07	-5.488422e-06	-1.190743e-09	-2.967362e+01	-1.452609e+02
8.100000e-07	-5.449452e-06	-1.186716e-09	-2.946292e+01	-1.448870e+02
8.200000e-07	-5.410160e-06	-1.182885e-09	-2.925048e+01	-1.445042e+02
8.300000e-07	-5.370672e-06	-1.180096e-09	-2.903699e+01	-1.441119e+02
8.400000e-07	-5.331056e-06	-1.176519e-09	-2.882280e+01	-1.437096e+02
8.500000e-07	-5.291112e-06	-1.171753e-09	-2.860684e+01	-1.432968e+02
8.600000e-07	-5.250747e-06	-1.167144e-09	-2.838860e+01	-1.428730e+02
8.700000e-07	-5.210081e-06	-1.162453e-09	-2.816874e+01	-1.424378e+02
8.800000e-07	-5.169066e-06	-1.156947e-09	-2.794699e+01	-1.419908e+02
8.900000e-07	-5.127248e-06	-1.151341e-09	-2.772090e+01	-1.415318e+02
9.000000e-07	-5.084598e-06	-1.146202e-09	-2.749031e+01	-1.410606e+02
9.100000e-07	-5.041447e-06	-1.141945e-09	-2.725701e+01	-1.405769e+02
9.200000e-07	-4.998020e-06	-1.137423e-09	-2.702222e+01	-1.400808e+02
9.300000e-07	-4.954467e-06	-1.132018e-09	-2.678674e+01	-1.395723e+02
9.400000e-07	-4.910681e-06	-1.126768e-09	-2.655001e+01	-1.390513e+02
9.500000e-07	-4.866595e-06	-1.122119e-09	-2.631166e+01	-1.385181e+02
9.600000e-07	-4.822157e-06	-1.117852e-09	-2.607139e+01	-1.379728e+02
9.700000e-07	-4.777334e-06	-1.113521e-09	-2.582906e+01	-1.374156e+02
9.800000e-07	-4.732212e-06	-1.108737e-09	-2.558510e+01	-1.368469e+02
9.900000e-07	-4.686794e-06	-1.103801e-09	-2.533955e+01	-1.362669e+02
1.000000e-06	-4.641059e-06	-1.098699e-09	-2.509228e+01	-1.356760e+02
1.010000e-06	-4.594995e-06	-1.093413e-09	-2.484323e+01	-1.350746e+02
1.020000e-06	-4.548550e-06	-1.088407e-09	-2.459212e+01	-1.344631e+02
1.030000e-06	-4.501699e-06	-1.083154e-09	-2.433881e+01	-1.338418e+02
1.040000e-06	-4.454592e-06	-1.077876e-09	-2.408413e+01	-1.332111e+02
1.050000e-06	-4.407306e-06	-1.073416e-09	-2.382847e+01	-1.325714e+02
1.060000e-06	-4.359725e-06	-1.069068e-09	-2.357122e+01	-1.319229e+02
1.070000e-06	-4.311811e-06	-1.064476e-09	-2.331217e+01	-1.312659e+02
1.080000e-06	-4.263494e-06	-1.059500e-09	-2.305094e+01	-1.306008e+02
1.090000e-06	-4.214708e-06	-1.053821e-09	-2.278717e+01	-1.299276e+02
1.100000e-06	-4.165597e-06	-1.047525e-09	-2.252165e+01	-1.292465e+02
1.110000e-06	-4.116233e-06	-1.041176e-09	-2.225476e+01	-1.285575e+02
1.120000e-06	-4.066390e-06	-1.035391e-09	-2.198528e+01	-1.278606e+02
1.130000e-06	-4.015940e-06	-1.029721e-09	-2.171252e+01	-1.271558e+02
1.140000e-06	-3.965056e-06	-1.023525e-09	-2.143741e+01	-1.264430e+02
1.150000e-06	-3.913900e-06	-1.017879e-09	-2.116083e+01	-1.257218e+02
1.160000e-06	-3.862531e-06	-1.012546e-09	-2.088310e+01	-1.249920e+02
1.170000e-06	-3.810855e-06	-1.006274e-09	-2.060371e+01	-1.242533e+02
1.180000e-06	-3.758835e-06	-9.996796e-10	-2.032246e+01	-1.235053e+02
1.190000e-06	-3.706544e-06	-9.932769e-10	-2.003974e+01	-1.227476e+02
1.200000e-06	-3.654012e-06	-9.866320e-10	-1.975572e+01	-1.219797e+02
1.210000e-06	-3.601218e-06	-9.801569e-10	-1.947029e+01	-1.212010e+02
1.220000e-06	-3.548042e-06	-9.736887e-10	-1.918279e+01	-1.204110e+02
1.230000e-06	-3.494582e-06	-9.662469e-10	-1.889375e+01	-1.196093e+02
1.240000e-06	-3.440938e-06	-9.587117e-10	-1.860372e+01	-1.187952e+02
1.250000e-06	-3.387085e-06	-9.523566e-10	-1.831256e+01	-1.179683e+02
1.260000e-06	-3.333111e-06	-9.459378e-10	-1.802075e+01	-1.171279e+02
1.270000e-06	-3.278926e-06	-9.377198e-10	-1.772779e+01	-1.162737e+02
1.280000e-06	-3.224426e-06	-9.297453e-10	-1.743313e+01	-1.154052e+02
1.290000e-06	-3.169641e-06	-9.235034e-10	-1.713693e+01	-1.145219e+02
1.300000e-06	-3.114580e-06	-9.164127e-10	-1.683924e+01	-1.136235e+02
1.310000e-06	-3.059326e-06	-9.073300e-10	-1.654050e+01	-1.127098e+02
1.320000e-06	-3.003925e-06	-8.985059e-10	-1.624097e+01	-1.117805e+02
1.330000e-06	-2.948350e-06	-8.900204e-10	-1.594050e+01	-1.108353e+02
1.340000e-06	-2.892684e-06	-8.807474e-10	-1.563954e+01	-1.098743e+02
1.350000e-06	-2.836914e-06	-8.717905e-10	-1.533801e+01	-1.088974e+02
1.360000e-06	-2.780978e-06	-8.635836e-10	-1.503559e+01	-1.079046e+02
1.370000e-06	-2.724871e-06	-8.555122e-10	-1.473225e+01	-1.068959e+02
1.380000e-06	-2.668635e-06	-8.473716e-10	-1.442820e+01	-1.058716e+02
1.390000e-06	-2.612382e-06	-8.397104e-10	-1.412406e+01	-1.048317e+02
1.400000e-06	-2.555980e-06	-8.315995e-10	-1.381912e+01	-1.037765e+02
1.410000e-06	-2.499218e-06	-8.221462e-10	-1.351223e+01	-1.027062e+02
1.420000e-06	-2.442180e-06	-8.127419e-10	-1.320385e+01	-1.016210e+02
1.430000e-06	-2.384937e-06	-8.036186e-10	-1.289436e+01	-1.005212e+02
1.440000e-06	-2.327399e-06	-7.932301e-10	-1.258328e+01	-9.940698e+01
1.450000e-06	-2.269451e-06	-7.823232e-10	-1.226998e+01	-9.827848e+01
1.460000e-06	-2.211210e-06	-7.728072e-10	-1.195509e+01	-9.713585e+01
1.470000e-06	-2.152804e-06	-7.637869e-10	-1.163931e+01	-9.597917e+01
1.480000e-06	-2.094166e-06	-7.551850e-10	-1.132228e+01	-9.480842e+01
1.490000e-06	-2.035316e-06	-7.470770e-10	-1.100411e+01	-9.362353e+01
1.500000e-06	-1.976156e-06	-7.370154e-10	-1.068425e+01	-9.242429e+01
1.510000e-06	-1.916809e-06	-7.247183e-10	-1.036339e+01	-9.121042e+01
1.520000e-06	-1.857405e-06	-7.126552e-10	-1.004222e+01	-8.998150e+01
1.530000e-06	-1.797912e-06	-7.018542e-10	-9.720564e+00	-8.873698e+01
1.540000e-06	-1.738343e-06	-6.915633e-10	-9.398498e+00	-8.747620e+01
1.550000e-06	-1.678734e-06	-6.815410e-10	-9.076217e+00	-8.619836e+01
1.560000e-06	-1.619056e-06	-6.716796e-10	-8.753564e+00	-8.490253e+01
1.570000e-06	-1.559292e-06	-6.615283e-10	-8.430442e+00	-8.358765e+01
1.580000e-06	-1.499520e-06	-6.507662e-10	-8.107283e+00	-8.225254e+01
1.590000e-06	-1.439730e-06	-6.389941e-10	-7.784020e+00	-8.089592e+01
1.600000e-06	-1.379876e-06	-6.265210e-10	-7.460418e+00	-7.951637e+01
1.610000e-06	-1.319891e-06	-6.137921e-10	-7.136104e+00	-7.811243e+01
1.620000e-06	-1.259846e-06	-6.014841e-10	-6.811464e+00	-7.668251e+01
1.630000e-06	-1.199683e-06	-5.902146e-10	-6.486186e+00	-7.522500e+01
1.640000e-06	-1.139479e-06	-5.786348e-10	-6.160687e+00	-7.373825e+01
1.650000e-06	-1.079332e-06	-5.662359e-10	-5.835502e+00	-7.222057e+01
1.660000e-06	-1.019156e-06	-5.544383e-10	-5.510152e+00	-7.067030e+01
1.670000e-06	-9.588768e-07	-5.431512e-10	-5.184248e+00	-6.908579e+01
1.680000e-06	-8.984568e-07	-5.306930e-10	-4.857582e+00	-6.746545e+01
1.690000e-06	-8.379402e-07	-5.170576e-10	-4.530394e+00	-6.580777e+01
1.700000e-06	-7.773089e-07	-5.036093e-10	-4.202586e+00	-6.411134e+01
1.710000e-06	-7.166541e-07	-4.903559e-10	-3.874651e+00	-6.237486e+01
1.720000e-06	-6.560490e-07	-4.764151e-10	-3.546984e+00	-6.059720e+01
1.730000e-06	-5.953903e-07	-4.617887e-10	-3.219028e+00	-5.877738e+01
1.740000e-06	-5.345459e-07	-4.471888e-10	-2.890068e+00	-5.691462e+01
1.750000e-06	-4.736408e-07	-4.326862e-10	-2.560779e+00	-5.500834e+01
1.760000e-06	-4.127773e-07	-4.178120e-10	-2.231715e+00	-5.305818e+01
1.770000e-06	-3.518479e-07	-4.027453e-10	-1.902295e+00	-5.106402e+01
1.780000e-06	-2.908919e-07	-3.872136e-10	-1.572732e+00	-4.902599e+01
1.790000e-06	-2.300143e-07	-3.707765e-10	-1.243592e+00	-4.694447e+01
1.800000e-06	-1.691275e-07	-3.534241e-10	-9.144021e-01	-4.482007e+01
1.810000e-06	-1.081933e-07	-3.356077e-10	-5.849564e-01	-4.265370e+01
1.820000e-06	-4.719682e-08	-3.177518e-10	-2.551736e-01	-4.044650e+01
1.830000e-06	1.386964e-08	-2.992978e-10	7.498738e-02	-3.819987e+01
1.840000e-06	7.489840e-08	-2.807492e-10	4.049445e-01	-3.591544e+01
1.850000e-06	1.358816e-07	-2.621349e-10	7.346553e-01	-3.359509e+01
1.860000e-06	1.968491e-07	-2.433789e-10	1.064281e+00	-3.124090e+01
1.870000e-06	2.577501e-07	-2.249058e-10	1.393547e+00	-2.885516e+01
1.880000e-06	3.185976e-07	-2.062161e-10	1.722525e+00	-2.644032e+01
1.890000e-06	3.794904e-07	-1.868663e-10	2.051747e+00	-2.399903e+01
1.900000e-06	4.404615e-07	-1.672478e-10	2.381392e+00	-2.153404e+01
1.910000e-06	5.013927e-07	-1.471993e-10	2.710822e+00	-1.904821e+01
1.920000e-06	5.622498e-07	-1.266905e-10	3.039851e+00	-1.654452e+01
1.930000e-06	6.230311e-07	-1.065181e-10	3.368470e+00	-1.402599e+01
1.940000e-06	6.836995e-07	-8.629725e-11	3.696479e+00	-1.149567e+01
1.950000e-06	7.443706e-07	-6.610278e-11	4.024502e+00	-8.956622e+00
1.960000e-06	8.050268e-07	-4.599145e-11	4.352445e+00	-6.411898e+00
1.970000e-06	8.656327e-07	-2.553114e-11	4.680116e+00	-3.864504e+00
1.980000e-06	9.260160e-07	-5.233085e-12	5.006583e+00	-1.317379e+00
1.990000e-06	9.862458e-07	1.499460e-11	5.332221e+00	1.226624e+00
2.000000e-06	1.046603e-06	3.585650e-11	5.658549e+00	3.764758e+00
2.010000e-06	1.106941e-06	5.708559e-11	5.984768e+00	6.294404e+00
2.020000e-06	1.167101e-06	7.764169e-11	6.310029e+00	8.813083e+00
2.030000e-06	1.227187e-06	9.730842e-11	6.634891e+00	1.131847e+01
2.040000e-06	1.287254e-06	1.162042e-10	6.959646e+00	1.380842e+01
2.050000e-06	1.347221e-06	1.351318e-10	7.283862e+00	1.628094e+01
2.060000e-06	1.407104e-06	1.546712e-10	7.607629e+00	1.873422e+01
2.070000e-06	1.466918e-06	1.742686e-10	7.931017e+00	2.116667e+01
2.080000e-06	1.526645e-06	1.928729e-10	8.253933e+00	2.357684e+01
2.090000e-06	1.586376e-06	2.104016e-10	8.576873e+00	2.596348e+01
2.100000e-06	1.646035e-06	2.287652e-10	8.899424e+00	2.832553e+01
2.110000e-06	1.705587e-06	2.482282e-10	9.221398e+00	3.066209e+01
2.120000e-06	1.765084e-06	2.671733e-10	9.543073e+00	3.297242e+01
2.130000e-06	1.824498e-06	2.849851e-10	9.864300e+00	3.525596e+01
2.140000e-06	1.883873e-06	3.020950e-10	1.018532e+01	3.751227e+01
2.150000e-06	1.943206e-06	3.189430e-10	1.050611e+01	3.974105e+01
2.160000e-06	2.002382e-06	3.363917e-10	1.082605e+01	4.194212e+01
2.170000e-06	2.061484e-06	3.540077e-10	1.114558e+01	4.411541e+01
2.180000e-06	2.120431e-06	3.704099e-10	1.146429e+01	4.626093e+01
2.190000e-06	2.179033e-06	3.867096e-10	1.178112e+01	4.837879e+01
2.200000e-06	2.237309e-06	4.036692e-10	1.209620e+01	5.046912e+01
2.210000e-06	2.295233e-06	4.210453e-10	1.240937e+01	5.253214e+01
2.220000e-06	2.352763e-06	4.373699e-10	1.272041e+01	5.456809e+01
2.230000e-06	2.409902e-06	4.520901e-10	1.302934e+01	5.657724e+01
2.240000e-06	2.466844e-06	4.672213e-10	1.333720e+01	5.855986e+01
2.250000e-06	2.523592e-06	4.831887e-10	1.364401e+01	6.051624e+01
2.260000e-06	2.579986e-06	4.985547e-10	1.394891e+01	6.244664e+01
2.270000e-06	2.636052e-06	5.125390e-10	1.425204e+01	6.435134e+01
2.280000e-06	2.691920e-06	5.260873e-10	1.455409e+01	6.623057e+01
2.290000e-06	2.747683e-06	5.392875e-10	1.485558e+01	6.808455e+01
2.300000e-06	2.803380e-06	5.527192e-10	1.515671e+01	6.991346e+01
2.310000e-06	2.859104e-06	5.676789e-10	1.545798e+01	7.171748e+01
2.320000e-06	2.914763e-06	5.835711e-10	1.575891e+01	7.349673e+01
2.330000e-06	2.970164e-06	5.991790e-10	1.605844e+01	7.525130e+01
2.340000e-06	3.025361e-06	6.137574e-10	1.635687e+01	7.698127e+01
2.350000e-06	3.080403e-06	6.269990e-10	1.665446e+01	7.868668e+01
2.360000e-06	3.135266e-06	6.381332e-10	1.695108e+01	8.036754e+01
2.370000e-06	3.189850e-06	6.479339e-10	1.724619e+01	8.202385e+01
2.380000e-06	3.244246e-06	6.591078e-10	1.754029e+01	8.365560e+01
2.390000e-06	3.298457e-06	6.728931e-10	1.783338e+01	8.526276e+01
2.400000e-06	3.352380e-06	6.884759e-10	1.812493e+01	8.684529e+01
2.410000e-06	3.406165e-06	7.036252e-10	1.841571e+01	8.840315e+01
2.420000e-06	3.459780e-06	7.167806e-10	1.870559e+01	8.993631e+01
2.430000e-06	3.513211e-06	7.286847e-10	1.899447e+01	9.144473e+01
2.440000e-06	3.566343e-06	7.402171e-10	1.928174e+01	9.292841e+01
2.450000e-06	3.619111e-06	7.509758e-10	1.956703e+01	9.438733e+01
2.460000e-06	3.671575e-06	7.612743e-10	1.985068e+01	9.582151e+01
2.470000e-06	3.723703e-06	7.717552e-10	2.013251e+01	9.723099e+01
2.480000e-06	3.775516e-06	7.827742e-10	2.041265e+01	9.861582e+01
2.490000e-06	3.827074e-06	7.945966e-10	2.069140e+01	9.997609e+01
2.500000e-06	3.878507e-06	8.063780e-10	2.096947e+01	1.013119e+02
2.510000e-06	3.929704e-06	8.172163e-10	2.124628e+01	1.026234e+02
2.520000e-06	3.980383e-06	8.274037e-10	2.152028e+01	1.039107e+02
2.530000e-06	4.030485e-06	8.373522e-10	2.179116e+01	1.051740e+02
2.540000e-06	4.080023e-06	8.471194e-10	2.205899e+01	1.064134e+02
2.550000e-06	4.129025e-06	8.563066e-10	2.232392e+01	1.076294e+02
2.560000e-06	4.177684e-06	8.646458e-10	2.258700e+01	1.088219e+02
2.570000e-06	4.226077e-06	8.730370e-10	2.284864e+01	1.099914e+02
2.580000e-06	4.274232e-06	8.822201e-10	2.310900e+01	1.111380e+02
2.590000e-06	4.322126e-06	8.922339e-10	2.336794e+01	1.122621e+02
2.600000e-06	4.369692e-06	9.030776e-10	2.362510e+01	1.133639e+02
2.610000e-06	4.416959e-06	9.132328e-10	2.388066e+01	1.144438e+02
2.620000e-06	4.463941e-06	9.217833e-10	2.413467e+01	1.155020e+02
2.630000e-06	4.510691e-06	9.299957e-10	2.438743e+01	1.165388e+02
2.640000e-06	4.557099e-06	9.386833e-10	2.463834e+01	1.175545e+02
2.650000e-06	4.603107e-06	9.467365e-10	2.488708e+01	1.185496e+02
2.660000e-06	4.648832e-06	9.538407e-10	2.513430e+01	1.195241e+02
2.670000e-06	4.694332e-06	9.605501e-10	2.538030e+01	1.204785e+02
2.680000e-06	4.739600e-06	9.674874e-10	2.562505e+01	1.214131e+02
2.690000e-06	4.784426e-06	9.750846e-10	2.586740e+01	1.223282e+02
2.700000e-06	4.828857e-06	9.822754e-10	2.610762e+01	1.232240e+02
2.710000e-06	4.873063e-06	9.895713e-10	2.634662e+01	1.241010e+02
2.720000e-06	4.916996e-06	9.975729e-10	2.658415e+01	1.249593e+02
2.730000e-06	4.960743e-06	1.005801e-09	2.682067e+01	1.257994e+02
2.740000e-06	5.004277e-06	1.013630e-09	2.705605e+01	1.266216e+02
2.750000e-06	5.047516e-06	1.020156e-09	2.728982e+01	1.274262e+02
2.760000e-06	5.090367e-06	1.025013e-09	2.752150e+01	1.282135e+02
2.770000e-06	5.132616e-06	1.030133e-09	2.774992e+01	1.289839e+02
2.780000e-06	5.174120e-06	1.037210e-09	2.797432e+01	1.297378e+02
2.790000e-06	5.215000e-06	1.044637e-09	2.819534e+01	1.304756e+02
2.800000e-06	5.255450e-06	1.051394e-09	2.841403e+01	1.311977e+02
2.810000e-06	5.295593e-06	1.058134e-09	2.863107e+01	1.319045e+02
2.820000e-06	5.335491e-06	1.064960e-09	2.884678e+01	1.325964e+02
2.830000e-06	5.375021e-06	1.071359e-09	2.906050e+01	1.332740e+02
2.840000e-06	5.414257e-06	1.077136e-09	2.927264e+01	1.339376e+02
2.850000e-06	5.453225e-06	1.082313e-09	2.948332e+01	1.345877e+02
2.860000e-06	5.491797e-06	1.086800e-09	2.969186e+01	1.352249e+02
2.870000e-06	5.529960e-06	1.091284e-09	2.989819e+01	1.358496e+02
2.880000e-06	5.567760e-06	1.096604e-09	3.010256e+01	1.364623e+02
2.890000e-06	5.605185e-06	1.102758e-09	3.030491e+01	1.370635e+02
2.900000e-06	5.642072e-06	1.108654e-09	3.050434e+01	1.376538e+02
2.910000e-06	5.678441e-06	1.113285e-09	3.070097e+01	1.382337e+02
2.920000e-06	5.714496e-06	1.117874e-09	3.089590e+01	1.388035e+02
2.930000e-06	5.750351e-06	1.123669e-09	3.108975e+01	1.393639e+02
2.940000e-06	5.785998e-06	1.129107e-09	3.128248e+01	1.399152e+02
2.950000e-06	5.821353e-06	1.132583e-09	3.147363e+01	1.404579e+02
2.960000e-06	5.856333e-06	1.135521e-09	3.166276e+01	1.409925e+02
2.970000e-06	5.890698e-06	1.140455e-09	3.184855e+01	1.415192e+02
2.980000e-06	5.924229e-06	1.146720e-09	3.202984e+01	1.420384e+02
2.990000e-06	5.957076e-06	1.151927e-09	3.220743e+01	1.425504e+02
3.000000e-06	5.989423e-06	1.156005e-09	3.238232e+01	1.430556e+02
3.010000e-06	6.021439e-06	1.159844e-09	3.255542e+01	1.435540e+02
3.020000e-06	6.053173e-06	1.165181e-09	3.272699e+01	1.440459e+02
3.030000e-06	6.084598e-06	1.171591e-09	3.289689e+01	1.445315e+02
3.040000e-06	6.115776e-06	1.176540e-09	3.306546e+01	1.450108e+02
3.050000e-06	6.146428e-06	1.181144e-09	3.323118e+01	1.454839e+02
3.060000e-06	6.176547e-06	1.186936e-09	3.339402e+01	1.459508e+02
3.070000e-06	6.206252e-06	1.192220e-09	3.355462e+01	1.464114e+02
3.080000e-06	6.235398e-06	1.195671e-09	3.371220e+01	1.468657e+02
3.090000e-06	6.264155e-06	1.199024e-09	3.386768e+01	1.473135e+02
3.100000e-06	6.292626e-06	1.203686e-09	3.402161e+01	1.477548e+02
3.110000e-06	6.320817e-06	1.208856e-09	3.417403e+01	1.481893e+02
3.120000e-06	6.348772e-06	1.213608e-09	3.432517e+01	1.486170e+02
3.130000e-06	6.376422e-06	1.218549e-09	3.447466e+01	1.490374e+02
3.140000e-06	6.403630e-06	1.222392e-09	3.462176e+01	1.494506e+02
3.150000e-06	6.430285e-06	1.225048e-09	3.476587e+01	1.498561e+02
3.160000e-06	6.456209e-06	1.229333e-09	3.490604e+01	1.502539e+02
3.170000e-06	6.481365e-06	1.235279e-09	3.504205e+01	1.506436e+02
3.180000e-06	6.505896e-06	1.241398e-09	3.517467e+01	1.510251e+02
3.190000e-06	6.529873e-06	1.245530e-09	3.530431e+01	1.513982e+02
3.200000e-06	6.553409e-06	1.248027e-09	3.543156e+01	1.517627e+02
3.210000e-06	6.576587e-06	1.250693e-09	3.555687e+01	1.521183e+02
3.220000e-06	6.599329e-06	1.253874e-09	3.567983e+01	1.524651e+02
3.230000e-06	6.621580e-06	1.257199e-09	3.580013e+01	1.528028e+02
3.240000e-06	6.643380e-06	1.260394e-09	3.591799e+01	1.531315e+02
3.250000e-06	6.664889e-06	1.264571e-09	3.603428e+01	1.534510e+02
3.260000e-06	6.685965e-06	1.269962e-09	3.614823e+01	1.537613e+02
3.270000e-06	6.706399e-06	1.274788e-09	3.625871e+01	1.540625e+02
3.280000e-06	6.726433e-06	1.277787e-09	3.636703e+01	1.543546e+02
3.290000e-06	6.746160e-06	1.279736e-09	3.647368e+01	1.546376e+02
3.300000e-06	6.765519e-06	1.282602e-09	3.657835e+01	1.549118e+02
3.310000e-06	6.784431e-06	1.286454e-09	3.668060e+01	1.551772e+02
3.320000e-06	6.802798e-06	1.290161e-09	3.677990e+01	1.554340e+02
3.330000e-06	6.820619e-06	1.292479e-09	3.687625e+01	1.556823e+02
3.340000e-06	6.837930e-06	1.293466e-09	3.696984e+01	1.559223e+02
3.350000e-06	6.854864e-06	1.295919e-09	3.706140e+01	1.561543e+02
3.360000e-06	6.871500e-06	1.299481e-09	3.715134e+01	1.563785e+02
3.370000e-06	6.887608e-06	1.302388e-09	3.723843e+01	1.565949e+02
3.380000e-06	6.903109e-06	1.305439e-09	3.732224e+01	1.568040e+02
3.390000e-06	6.918013e-06	1.308569e-09	3.740282e+01	1.570058e+02
3.400000e-06	6.932177e-06	1.312115e-09	3.747940e+01	1.572005e+02
3.410000e-06	6.945776e-06	1.316071e-09	3.755292e+01	1.573883e+02
3.420000e-06	6.958943e-06	1.318073e-09	3.762411e+01	1.575694e+02
3.430000e-06	6.971545e-06	1.317395e-09	3.769224e+01	1.577439e+02
3.440000e-06	6.983676e-06	1.317455e-09	3.775783e+01	1.579119e+02
3.450000e-06	6.995473e-06	1.321099e-09	3.782161e+01	1.580735e+02
3.460000e-06	7.006618e-06	1.327221e-09	3.788187e+01	1.582288e+02
3.470000e-06	7.016899e-06	1.331746e-09	3.793746e+01	1.583777e+02
3.480000e-06	7.026453e-06	1.333201e-09	3.798911e+01	1.585203e+02
3.490000e-06	7.035338e-06	1.334112e-09	3.803715e+01	1.586565e+02
3.500000e-06	7.043641e-06	1.335152e-09	3.808204e+01	1.587864e+02
3.510000e-06	7.051461e-06	1.336188e-09	3.812432e+01	1.589098e+02
3.520000e-06	7.058921e-06	1.337512e-09	3.816465e+01	1.590267e+02
3.530000e-06	7.066014e-06	1.338893e-09	3.820300e+01	1.591370e+02
3.540000e-06	7.072757e-06	1.341047e-09	3.823945e+01	1.592405e+02
3.550000e-06	7.078980e-06	1.343838e-09	3.827310e+01	1.593371e+02
3.560000e-06	7.084584e-06	1.345571e-09	3.830340e+01	1.594268e+02
3.570000e-06	7.089774e-06	1.345529e-09	3.833146e+01	1.595094e+02
3.580000e-06	7.094406e-06	1.345125e-09	3.835650e+01	1.595847e+02
3.590000e-06	7.098542e-06	1.347312e-09	3.837886e+01	1.596527e+02
3.600000e-06	7.102322e-06	1.351202e-09	3.839930e+01	1.597133e+02
3.610000e-06	7.105669e-06	1.353481e-09	3.841740e+01	1.597665e+02
3.620000e-06	7.108568e-06	1.353101e-09	3.843307e+01	1.598120e+02
3.630000e-06	7.110864e-06	1.351910e-09	3.844548e+01	1.598501e+02
3.640000e-06	7.112427e-06	1.353262e-09	3.845393e+01	1.598805e+02
3.650000e-06	7.113278e-06	1.356033e-09	3.845854e+01	1.599035e+02
3.660000e-06	7.113549e-06	1.357891e-09	3.846000e+01	1.599190e+02
3.670000e-06	7.113373e-06	1.359220e-09	3.845905e+01	1.599273e+02
3.680000e-06	7.112908e-06	1.359173e-09	3.845654e+01	1.599283e+02
3.690000e-06	7.112075e-06	1.358526e-09	3.845203e+01	1.599223e+02
3.700000e-06	7.110624e-06	1.358941e-09	3.844418e+01	1.599095e+02
3.710000e-06	7.108706e-06	1.359297e-09	3.843382e+01	1.598901e+02
3.720000e-06	7.106521e-06	1.359275e-09	3.842200e+01	1.598645e+02
3.730000e-06	7.103908e-06	1.359572e-09	3.840787e+01	1.598328e+02
3.740000e-06	7.100724e-06	1.359077e-09	3.839066e+01	1.597955e+02
3.750000e-06	7.096957e-06	1.355045e-09	3.837029e+01	1.597528e+02
3.760000e-06	7.092528e-06	1.357313e-09	3.834635e+01	1.597051e+02
3.770000e-06	7.087269e-06	1.384643e-09	3.831792e+01	1.596527e+02
3.780000e-06	7.081297e-06	1.396854e-09	3.828563e+01	1.595960e+02
3.790000e-06	7.075133e-06	1.337729e-09	3.825230e+01	1.595354e+02
3.800000e-06	7.068803e-06	1.306506e-09	3.821808e+01	1.594711e+02
3.810000e-06	7.061902e-06	1.380490e-09	3.818077e+01	1.594035e+02
3.820000e-06	7.054230e-06	1.421152e-09	3.813929e+01	1.593329e+02
3.830000e-06	7.046051e-06	1.340487e-09	3.809507e+01	1.592595e+02
3.840000e-06	7.037619e-06	1.294224e-09	3.804948e+01	1.591837e+02
3.850000e-06	7.028759e-06	1.396976e-09	3.800157e+01	1.591055e+02
3.860000e-06	7.019324e-06	1.453280e-09	3.795057e+01	1.590251e+02
3.870000e-06	7.009405e-06	1.323689e-09	3.789694e+01	1.589427e+02
3.880000e-06	6.999060e-06	1.258154e-09	3.784100e+01	1.588583e+02
3.890000e-06	6.988180e-06	1.405196e-09	3.778219e+01	1.587719e+02
3.900000e-06	6.976780e-06	1.469698e-09	3.772055e+01	1.586835e+02
3.910000e-06	6.964910e-06	1.320099e-09	3.765637e+01	1.585931e+02
3.920000e-06	6.952484e-06	1.279544e-09	3.758919e+01	1.585004e+02
3.930000e-06	6.939226e-06	1.429563e-09	3.751751e+01	1.584053e+02
3.940000e-06	6.925144e-06	1.427944e-09	3.744137e+01	1.583077e+02
3.950000e-06	6.910453e-06	1.277161e-09	3.736195e+01	1.582071e+02
3.960000e-06	6.895094e-06	1.320609e-09	3.727891e+01	1.581034e+02
3.970000e-06	6.879191e-06	1.456105e-09	3.719293e+01	1.579962e+02
3.980000e-06	6.862883e-06	1.375842e-09	3.710475e+01	1.578851e+02
3.990000e-06	6.846136e-06	1.283088e-09	3.701421e+01	1.577699e+02
4.000000e-06	6.828862e-06	1.398656e-09	3.692082e+01	1.576500e+02
4.010000e-06	6.811125e-06	1.429635e-09	3.682492e+01	1.575251e+02
4.020000e-06	6.792989e-06	1.291149e-09	3.672686e+01	1.573949e+02
4.030000e-06	6.774365e-06	1.323764e-09	3.662618e+01	1.572589e+02
4.040000e-06	6.755212e-06	1.457558e-09	3.652262e+01	1.571168e+02
4.050000e-06	6.735687e-06	1.374258e-09	3.641706e+01	1.569683e+02
4.060000e-06	6.715845e-06	1.282060e-09	3.630978e+01	1.568130e+02
4.070000e-06	6.695540e-06	1.396157e-09	3.620000e+01	1.566506e+02
4.080000e-06	6.674973e-06	1.420535e-09	3.608880e+01	1.564810e+02
4.090000e-06	6.654143e-06	1.300852e-09	3.597619e+01	1.563040e+02
4.100000e-06	6.632711e-06	1.339757e-09	3.586031e+01	1.561193e+02
4.110000e-06	6.610393e-06	1.426738e-09	3.573965e+01	1.559270e+02
4.120000e-06	6.587179e-06	1.344191e-09	3.561414e+01	1.557269e+02
4.130000e-06	6.563351e-06	1.314549e-09	3.548531e+01	1.555192e+02
4.140000e-06	6.539123e-06	1.402284e-09	3.535432e+01	1.553038e+02
4.150000e-06	6.514577e-06	1.368602e-09	3.522161e+01	1.550810e+02
4.160000e-06	6.489682e-06	1.305087e-09	3.508701e+01	1.548508e+02
4.170000e-06	6.464324e-06	1.372102e-09	3.494991e+01	1.546135e+02
4.180000e-06	6.438489e-06	1.387660e-09	3.481023e+01	1.543695e+02
4.190000e-06	6.412223e-06	1.322721e-09	3.466822e+01	1.541190e+02
4.200000e-06	6.385531e-06	1.348182e-09	3.452391e+01	1.538623e+02
4.210000e-06	6.358330e-06	1.376897e-09	3.437684e+01	1.535998e+02
4.220000e-06	6.330705e-06	1.327720e-09	3.422749e+01	1.533319e+02
4.230000e-06	6.302766e-06	1.332452e-09	3.407643e+01	1.530590e+02
4.240000e-06	6.274495e-06	1.367087e-09	3.392358e+01	1.527816e+02
4.250000e-06	6.245938e-06	1.337313e-09	3.376919e+01	1.524999e+02
4.260000e-06	6.216898e-06	1.326901e-09	3.361218e+01	1.522144e+02
4.270000e-06	6.187243e-06	1.352599e-09	3.345185e+01	1.519255e+02
4.280000e-06	6.156948e-06	1.338727e-09	3.328805e+01	1.516334e+02
4.290000e-06	6.125866e-06	1.325546e-09	3.312001e+01	1.513385e+02
4.300000e-06	6.094192e-06	1.338171e-09	3.294876e+01	1.510409e+02
4.310000e-06	6.062172e-06	1.331152e-09	3.277565e+01	1.507410e+02
4.320000e-06	6.029868e-06	1.324327e-09	3.260099e+01	1.504388e+02
4.330000e-06	5.997160e-06	1.332031e-09	3.242415e+01	1.501344e+02
4.340000e-06	5.963901e-06	1.324324e-09	3.224434e+01	1.498278e+02
4.350000e-06	5.930189e-06	1.317840e-09	3.206207e+01	1.495190e+02
4.360000e-06	5.896184e-06	1.323194e-09	3.187822e+01	1.492078e+02
4.370000e-06	5.861840e-06	1.318155e-09	3.169253e+01	1.488940e+02
4.380000e-06	5.827053e-06	1.315181e-09	3.150445e+01	1.485773e+02
4.390000e-06	5.791925e-06	1.318625e-09	3.131453e+01	1.482575e+02
4.400000e-06	5.756364e-06	1.310129e-09	3.112227e+01	1.479341e+02
4.410000e-06	5.720449e-06	1.305549e-09	3.092809e+01	1.476068e+02
4.420000e-06	5.684369e-06	1.311624e-09	3.073302e+01	1.472749e+02
4.430000e-06	5.647960e-06	1.306702e-09	3.053617e+01	1.469380e+02
4.440000e-06	5.611155e-06	1.299139e-09	3.033718e+01	1.465955e+02
4.450000e-06	5.573899e-06	1.302191e-09	3.013575e+01	1.462468e+02
4.460000e-06	5.536026e-06	1.302593e-09	2.993099e+01	1.458912e+02
4.470000e-06	5.497528e-06	1.297312e-09	2.972285e+01	1.455282e+02
4.480000e-06	5.458359e-06	1.294942e-09	2.951108e+01	1.451571e+02
4.490000e-06	5.418569e-06	1.293055e-09	2.929595e+01	1.447774e+02
4.500000e-06	5.378413e-06	1.288782e-09	2.907884e+01	1.443883e+02
4.510000e-06	5.338066e-06	1.286069e-09	2.886070e+01	1.439894e+02
4.520000e-06	5.297540e-06	1.285536e-09	2.864160e+01	1.435802e+02
4.530000e-06	5.256698e-06	1.283606e-09	2.842078e+01	1.431601e+02
4.540000e-06	5.215505e-06	1.278986e-09	2.819806e+01	1.427287e+02
4.550000e-06	5.173957e-06	1.274720e-09	2.797344e+01	1.422857e+02
4.560000e-06	5.132040e-06	1.273306e-09	2.774681e+01	1.418308e+02
4.570000e-06	5.089804e-06	1.270655e-09	2.751846e+01	1.413636e+02
4.580000e-06	5.047164e-06	1.265335e-09	2.728791e+01	1.408841e+02
4.590000e-06	5.004123e-06	1.260813e-09	2.705521e+01	1.403922e+02
4.600000e-06	4.960767e-06	1.257986e-09	2.682080e+01	1.398878e+02
4.610000e-06	4.917065e-06	1.254715e-09	2.658453e+01	1.393710e+02
4.620000e-06	4.873071e-06	1.250798e-09	2.634667e+01	1.388418e+02
4.630000e-06	4.828910e-06	1.247438e-09	2.610791e+01	1.383005e+02
4.640000e-06	4.784474e-06	1.243396e-09	2.586766e+01	1.377473e+02
4.650000e-06	4.739751e-06	1.238715e-09	2.562586e+01	1.371824e+02
4.660000e-06	4.694692e-06	1.233754e-09	2.538225e+01	1.366061e+02
4.670000e-06	4.649185e-06	1.227560e-09	2.513621e+01	1.360188e+02
4.680000e-06	4.603423e-06	1.220911e-09	2.488880e+01	1.354209e+02
4.690000e-06	4.557307e-06	1.215913e-09	2.463946e+01	1.348127e+02
4.700000e-06	4.510829e-06	1.212354e-09	2.438817e+01	1.341946e+02
4.710000e-06	4.464133e-06	1.208948e-09	2.413571e+01	1.335670e+02
4.720000e-06	4.417075e-06	1.203935e-09	2.388129e+01	1.329303e+02
4.730000e-06	4.369728e-06	1.195335e-09	2.362530e+01	1.322847e+02
4.740000e-06	4.322137e-06	1.186051e-09	2.336800e+01	1.316305e+02
4.750000e-06	4.274115e-06	1.180396e-09	2.310836e+01	1.309681e+02
4.760000e-06	4.225850e-06	1.175959e-09	2.284741e+01	1.302976e+02
4.770000e-06	4.177187e-06	1.170757e-09	2.258431e+01	1.296191e+02
4.780000e-06	4.127739e-06	1.166489e-09	2.231697e+01	1.289327e+02
4.790000e-06	4.077954e-06	1.163027e-09	2.204780e+01	1.282385e+02
4.800000e-06	4.028154e-06	1.158293e-09	2.177855e+01	1.275364e+02
4.810000e-06	3.978095e-06	1.151534e-09	2.150790e+01	1.268262e+02
4.820000e-06	3.927649e-06	1.144397e-09	2.123516e+01	1.261078e+02
4.830000e-06	3.876941e-06	1.137139e-09	2.096101e+01	1.253809e+02
4.840000e-06	3.825974e-06	1.130126e-09	2.068545e+01	1.246453e+02
4.850000e-06	3.774678e-06	1.124410e-09	2.040811e+01	1.239004e+02
4.860000e-06	3.723108e-06	1.118589e-09	2.012930e+01	1.231460e+02
4.870000e-06	3.671261e-06	1.112202e-09	1.984898e+01	1.223815e+02
4.880000e-06	3.619183e-06	1.105440e-09	1.956742e+01	1.216065e+02
4.890000e-06	3.566859e-06	1.098803e-09	1.928452e+01	1.208204e+02
4.900000e-06	3.514222e-06	1.093327e-09	1.899993e+01	1.200226e+02
4.910000e-06	3.461350e-06	1.087222e-09	1.871408e+01	1.192127e+02
4.920000e-06	3.408200e-06	1.079083e-09	1.842672e+01	1.183902e+02
4.930000e-06	3.354632e-06	1.070370e-09	1.813710e+01	1.175543e+02
4.940000e-06	3.300561e-06	1.062211e-09	1.784476e+01	1.167048e+02
4.950000e-06	3.245993e-06	1.053797e-09	1.754973e+01	1.158411e+02
4.960000e-06	3.191233e-06	1.045518e-09	1.725367e+01	1.149628e+02
4.970000e-06	3.136193e-06	1.037968e-09	1.695609e+01	1.140695e+02
4.980000e-06	3.080675e-06	1.031015e-09	1.665593e+01	1.131609e+02
4.990000e-06	3.024885e-06	1.024055e-09	1.635429e+01	1.122368e+02
5.000000e-06	2.968860e-06	1.015901e-09	1.605139e+01	1.112969e+02
5.010000e-06	2.912650e-06	1.006425e-09	1.574749e+01	1.103412e+02
5.020000e-06	2.856356e-06	9.967435e-10	1.544313e+01	1.093696e+02
5.030000e-06	2.799970e-06	9.876398e-10	1.513827e+01	1.083821e+02
5.040000e-06	2.743443e-06	9.789563e-10	1.483266e+01	1.073787e+02
5.050000e-06	2.686770e-06	9.707301e-10	1.452625e+01	1.063596e+02
5.060000e-06	2.629942e-06	9.631518e-10	1.421900e+01	1.053249e+02
5.070000e-06	2.572989e-06	9.549911e-10	1.391108e+01	1.042747e+02
5.080000e-06	2.515897e-06	9.460544e-10	1.360241e+01	1.032095e+02
5.090000e-06	2.458642e-06	9.368827e-10	1.329285e+01	1.021292e+02
5.100000e-06	2.401251e-06	9.269677e-10	1.298256e+01	1.010343e+02
5.110000e-06	2.343705e-06	9.160250e-10	1.267144e+01	9.992482e+01
5.120000e-06	2.286026e-06	9.043404e-10	1.235959e+01	9.880106e+01
5.130000e-06	2.228066e-06	8.933988e-10	1.204623e+01	9.766313e+01
5.140000e-06	2.169759e-06	8.834577e-10	1.173098e+01	9.651113e+01
5.150000e-06	2.111299e-06	8.740255e-10	1.141491e+01	9.534508e+01
5.160000e-06	2.052711e-06	8.642760e-10	1.109815e+01	9.416492e+01
5.170000e-06	1.994008e-06	8.532583e-10	1.078077e+01	9.297050e+01
5.180000e-06	1.935261e-06	8.423264e-10	1.046315e+01	9.176155e+01
5.190000e-06	1.876442e-06	8.319483e-10	1.014514e+01	9.053771e+01
5.200000e-06	1.817445e-06	8.212104e-10	9.826167e+00	8.929846e+01
5.210000e-06	1.758316e-06	8.101452e-10	9.506485e+00	8.804318e+01
5.220000e-06	1.699088e-06	7.985778e-10	9.186261e+00	8.677113e+01
5.230000e-06	1.639703e-06	7.872574e-10	8.865194e+00	8.548141e+01
5.240000e-06	1.580189e-06	7.759234e-10	8.543424e+00	8.417301e+01
5.250000e-06	1.520601e-06	7.638883e-10	8.221256e+00	8.284479e+01
5.260000e-06	1.460948e-06	7.519057e-10	7.898739e+00	8.149549e+01
5.270000e-06	1.401111e-06	7.393988e-10	7.575226e+00	8.012375e+01
5.280000e-06	1.341158e-06	7.257335e-10	7.251085e+00	7.872811e+01
5.290000e-06	1.281162e-06	7.116502e-10	6.926710e+00	7.730704e+01
5.300000e-06	1.221123e-06	6.978108e-10	6.602106e+00	7.585891e+01
5.310000e-06	1.161003e-06	6.838091e-10	6.277060e+00	7.438210e+01
5.320000e-06	1.100792e-06	6.699472e-10	5.951526e+00	7.287492e+01
5.330000e-06	1.040557e-06	6.569643e-10	5.625859e+00	7.133570e+01
5.340000e-06	9.803366e-07	6.444947e-10	5.300272e+00	6.976279e+01
5.350000e-06	9.201580e-07	6.313530e-10	4.974912e+00	6.815457e+01
5.360000e-06	8.599808e-07	6.161633e-10	4.649559e+00	6.650950e+01
5.370000e-06	7.997750e-07	5.998735e-10	4.324051e+00	6.482614e+01
5.380000e-06	7.395068e-07	5.842955e-10	3.998206e+00	6.310315e+01
5.390000e-06	6.792180e-07	5.691193e-10	3.672249e+00	6.133934e+01
5.400000e-06	6.189236e-07	5.529756e-10	3.346262e+00	5.953367e+01
5.410000e-06	5.585722e-07	5.360141e-10	3.019967e+00	5.768530e+01
5.420000e-06	4.981079e-07	5.185380e-10	2.693062e+00	5.579358e+01
5.430000e-06	4.375806e-07	5.012208e-10	2.365817e+00	5.385808e+01
5.440000e-06	3.770279e-07	4.842204e-10	2.038433e+00	5.187860e+01
5.450000e-06	3.164518e-07	4.657371e-10	1.710924e+00	4.985516e+01
5.460000e-06	2.558216e-07	4.462812e-10	1.383121e+00	4.778808e+01
5.470000e-06	1.951061e-07	4.270246e-10	1.054858e+00	4.567789e+01
5.480000e-06	1.344664e-07	4.081258e-10	7.270040e-01	4.352541e+01
5.490000e-06	7.394651e-08	3.890251e-10	3.997980e-01	4.133168e+01
5.500000e-06	1.342394e-08	3.683188e-10	7.257764e-02	3.909802e+01
5.510000e-06	-4.719953e-08	3.458639e-10	-2.551882e-01	3.682600e+01
5.520000e-06	-1.078228e-07	3.233047e-10	-5.829531e-01	3.451741e+01
5.530000e-06	-1.684164e-07	3.025888e-10	-9.105577e-01	3.217426e+01
5.540000e-06	-2.290406e-07	2.829708e-10	-1.238327e+00	2.979877e+01
5.550000e-06	-2.895827e-07	2.624202e-10	-1.565653e+00	2.739335e+01
5.560000e-06	-3.500879e-07	2.406437e-10	-1.892780e+00	2.496058e+01
5.570000e-06	-4.106528e-07	2.177548e-10	-2.220229e+00	2.250318e+01
5.580000e-06	-4.712198e-07	1.940692e-10	-2.547689e+00	2.002398e+01
5.590000e-06	-5.317663e-07	1.703609e-10	-2.875039e+00	1.752592e+01
5.600000e-06	-5.922630e-07	1.464440e-10	-3.202120e+00	1.501200e+01
5.610000e-06	-6.526945e-07	1.224593e-10	-3.528847e+00	1.248527e+01
5.620000e-06	-7.130943e-07	1.002638e-10	-3.855404e+00	9.948792e+00
5.630000e-06	-7.734100e-07	7.924802e-11	-4.181506e+00	7.405628e+00
5.640000e-06	-8.336713e-07	5.621022e-11	-4.507314e+00	4.858797e+00
5.650000e-06	-8.939231e-07	3.096663e-11	-4.833070e+00	2.311265e+00
5.660000e-06	-9.541444e-07	6.369454e-12	-5.158662e+00	-2.340852e-01
5.670000e-06	-1.014285e-06	-1.641210e-11	-5.483815e+00	-2.774469e+00
5.680000e-06	-1.074334e-06	-3.817558e-11	-5.808480e+00	-5.307223e+00
5.690000e-06	-1.134395e-06	-6.026407e-11	-6.133203e+00	-7.829819e+00
5.700000e-06	-1.194505e-06	-8.389372e-11	-6.458194e+00	-1.033988e+01
5.710000e-06	-1.254567e-06	-1.078526e-10	-6.782924e+00	-1.283520e+01
5.720000e-06	-1.314569e-06	-1.297440e-10	-7.107328e+00	-1.531373e+01
5.730000e-06	-1.374519e-06	-1.502193e-10	-7.431454e+00	-1.777362e+01
5.740000e-06	-1.434411e-06	-1.715873e-10	-7.755263e+00	-2.021317e+01
5.750000e-06	-1.494160e-06	-1.948792e-10	-8.078304e+00	-2.263091e+01
5.760000e-06	-1.553806e-06	-2.189199e-10	-8.400784e+00	-2.502552e+01
5.770000e-06	-1.613480e-06	-2.419292e-10	-8.723417e+00	-2.739587e+01
5.780000e-06	-1.672977e-06	-2.647503e-10	-9.045092e+00	-2.974101e+01
5.790000e-06	-1.732148e-06	-2.876147e-10	-9.365005e+00	-3.206015e+01
5.800000e-06	-1.791201e-06	-3.099296e-10	-9.684277e+00	-3.435267e+01
5.810000e-06	-1.850252e-06	-3.306962e-10	-1.000354e+01	-3.661809e+01
5.820000e-06	-1.909201e-06	-3.495399e-10	-1.032226e+01	-3.885607e+01
5.830000e-06	-1.967936e-06	-3.687211e-10	-1.063981e+01	-4.106639e+01
5.840000e-06	-2.026462e-06	-3.897222e-10	-1.095624e+01	-4.324894e+01
5.850000e-06	-2.084869e-06	-4.116664e-10	-1.127202e+01	-4.540371e+01
5.860000e-06	-2.143123e-06	-4.325110e-10	-1.158698e+01	-4.753076e+01
5.870000e-06	-2.201173e-06	-4.515601e-10	-1.190083e+01	-4.963024e+01
5.880000e-06	-2.259008e-06	-4.696650e-10	-1.221352e+01	-5.170234e+01
5.890000e-06	-2.316728e-06	-4.875410e-10	-1.252558e+01	-5.374728e+01
5.900000e-06	-2.374284e-06	-5.060620e-10	-1.283676e+01	-5.576533e+01
5.910000e-06	-2.431634e-06	-5.254332e-10	-1.314683e+01	-5.775676e+01
5.920000e-06	-2.488756e-06	-5.443763e-10	-1.345567e+01	-5.972185e+01
5.930000e-06	-2.545647e-06	-5.630314e-10	-1.376325e+01	-6.166087e+01
5.940000e-06	-2.602435e-06	-5.824622e-10	-1.407028e+01	-6.357411e+01
5.950000e-06	-2.659053e-06	-6.015232e-10	-1.437639e+01	-6.546179e+01
5.960000e-06	-2.715482e-06	-6.187268e-10	-1.468148e+01	-6.732416e+01
5.970000e-06	-2.771803e-06	-6.351716e-10	-1.498599e+01	-6.916141e+01
5.980000e-06	-2.828052e-06	-6.517680e-10	-1.529010e+01	-7.097371e+01
5.990000e-06	-2.884188e-06	-6.688586e-10	-1.559361e+01	-7.276120e+01
6.000000e-06	-2.940118e-06	-6.857793e-10	-1.589599e+01	-7.452399e+01
6.010000e-06	-2.995926e-06	-7.007248e-10	-1.619772e+01	-7.626214e+01
6.020000e-06	-3.051476e-06	-7.148488e-10	-1.649806e+01	-7.797573e+01
6.030000e-06	-3.106746e-06	-7.297033e-10	-1.679689e+01	-7.966477e+01
6.040000e-06	-3.161885e-06	-7.454911e-10	-1.709500e+01	-8.132926e+01
6.050000e-06	-3.216712e-06	-7.610619e-10	-1.739142e+01	-8.296920e+01
6.060000e-06	-3.271022e-06	-7.754303e-10	-1.768506e+01	-8.458455e+01
6.070000e-06	-3.324849e-06	-7.896138e-10	-1.797608e+01	-8.617529e+01
6.080000e-06	-3.378265e-06	-8.044132e-10	-1.826487e+01	-8.774138e+01
6.090000e-06	-3.431294e-06	-8.201270e-10	-1.855158e+01	-8.928277e+01
6.100000e-06	-3.484193e-06	-8.354757e-10	-1.883758e+01	-9.079943e+01
6.110000e-06	-3.536863e-06	-8.484638e-10	-1.912235e+01	-9.229136e+01
6.120000e-06	-3.589241e-06	-8.605626e-10	-1.940553e+01	-9.375852e+01
6.130000e-06	-3.641415e-06	-8.738534e-10	-1.968762e+01	-9.520095e+01
6.140000e-06	-3.693272e-06	-8.872584e-10	-1.996799e+01	-9.661865e+01
6.150000e-06	-3.744839e-06	-8.995906e-10	-2.024679e+01	-9.801169e+01
6.160000e-06	-3.796099e-06	-9.117803e-10	-2.052393e+01	-9.938013e+01
6.170000e-06	-3.847053e-06	-9.248652e-10	-2.079942e+01	-1.007241e+02
6.180000e-06	-3.897767e-06	-9.384181e-10	-2.107361e+01	-1.020436e+02
6.190000e-06	-3.948134e-06	-9.512782e-10	-2.134592e+01	-1.033390e+02
6.200000e-06	-3.998047e-06	-9.620899e-10	-2.161578e+01	-1.046102e+02
6.210000e-06	-4.047729e-06	-9.712844e-10	-2.188439e+01	-1.058576e+02
6.220000e-06	-4.097186e-06	-9.813568e-10	-2.215178e+01	-1.070814e+02
6.230000e-06	-4.146089e-06	-9.920814e-10	-2.241618e+01	-1.082817e+02
6.240000e-06	-4.194210e-06	-1.001989e-09	-2.267635e+01	-1.094588e+02
6.250000e-06	-4.241891e-06	-1.011498e-09	-2.293414e+01	-1.106130e+02
6.260000e-06	-4.289395e-06	-1.021470e-09	-2.319097e+01	-1.117446e+02
6.270000e-06	-4.336505e-06	-1.032062e-09	-2.344568e+01	-1.128538e+02
6.280000e-06	-4.383453e-06	-1.042692e-09	-2.369951e+01	-1.139409e+02
6.290000e-06	-4.430309e-06	-1.052604e-09	-2.395284e+01	-1.150063e+02
6.300000e-06	-4.476891e-06	-1.061424e-09	-2.420469e+01	-1.160502e+02
6.310000e-06	-4.523128e-06	-1.070165e-09	-2.445467e+01	-1.170730e+02
6.320000e-06	-4.569030e-06	-1.079782e-09	-2.470284e+01	-1.180748e+02
6.330000e-06	-4.614641e-06	-1.089947e-09	-2.494945e+01	-1.190562e+02
6.340000e-06	-4.659861e-06	-1.099210e-09	-2.519393e+01	-1.200173e+02
6.350000e-06	-4.704744e-06	-1.106760e-09	-2.543659e+01	-1.209584e+02
6.360000e-06	-4.749299e-06	-1.113385e-09	-2.567749e+01	-1.218800e+02
6.370000e-06	-4.793592e-06	-1.121433e-09	-2.591696e+01	-1.227822e+02
6.380000e-06	-4.837751e-06	-1.131352e-09	-2.615571e+01	-1.236654e+02
6.390000e-06	-4.881700e-06	-1.139709e-09	-2.639332e+01	-1.245299e+02
6.400000e-06	-4.925367e-06	-1.145245e-09	-2.662941e+01	-1.253760e+02
6.410000e-06	-4.968617e-06	-1.151135e-09	-2.686324e+01	-1.262041e+02
6.420000e-06	-5.011534e-06	-1.159019e-09	-2.709528e+01	-1.270145e+02
6.430000e-06	-5.054153e-06	-1.166569e-09	-2.732570e+01	-1.278075e+02
6.440000e-06	-5.096425e-06	-1.172414e-09	-2.755425e+01	-1.285836e+02
6.450000e-06	-5.138416e-06	-1.177391e-09	-2.778128e+01	-1.293429e+02
6.460000e-06	-5.180095e-06	-1.183675e-09	-2.800662e+01	-1.300861e+02
6.470000e-06	-5.221305e-06	-1.192189e-09	-2.822942e+01	-1.308133e+02
6.480000e-06	-5.261931e-06	-1.199411e-09	-2.844907e+01	-1.315252e+02
6.490000e-06	-5.302294e-06	-1.204151e-09	-2.866730e+01	-1.322220e+02
6.500000e-06	-5.342545e-06	-1.209491e-09	-2.888492e+01	-1.329043e+02
6.510000e-06	-5.382519e-06	-1.215699e-09	-2.910104e+01	-1.335725e+02
6.520000e-06	-5.422265e-06	-1.221649e-09	-2.931593e+01	-1.342270e+02
6.530000e-06	-5.461643e-06	-1.225920e-09	-2.952883e+01	-1.348685e+02
6.540000e-06	-5.500401e-06	-1.228324e-09	-2.973838e+01	-1.354973e+02
6.550000e-06	-5.538524e-06	-1.232173e-09	-2.994449e+01	-1.361139e+02
6.560000e-06	-5.575911e-06	-1.238735e-09	-3.014663e+01	-1.367189e+02
6.570000e-06	-5.612726e-06	-1.245183e-09	-3.034568e+01	-1.373128e+02
6.580000e-06	-5.649300e-06	-1.249562e-09	-3.054342e+01	-1.378961e+02
6.590000e-06	-5.685596e-06	-1.252934e-09	-3.073965e+01	-1.384692e+02
6.600000e-06	-5.721537e-06	-1.257568e-09	-3.093397e+01	-1.390327e+02
6.610000e-06	-5.757154e-06	-1.263201e-09	-3.112654e+01	-1.395870e+02
6.620000e-06	-5.792504e-06	-1.266895e-09	-3.131766e+01	-1.401325e+02
6.630000e-06	-5.827515e-06	-1.269374e-09	-3.150695e+01	-1.406697e+02
6.640000e-06	-5.862008e-06	-1.272686e-09	-3.169344e+01	-1.411990e+02
6.650000e-06	-5.896088e-06	-1.277549e-09	-3.187770e+01	-1.417206e+02
6.660000e-06	-5.929660e-06	-1.283533e-09	-3.205920e+01	-1.422350e+02
6.670000e-06	-5.962688e-06	-1.287578e-09	-3.223777e+01	-1.427425e+02
6.680000e-06	-5.995431e-06	-1.289191e-09	-3.241480e+01	-1.432431e+02
6.690000e-06	-6.027812e-06	-1.291562e-09	-3.258987e+01	-1.437372e+02
6.700000e-06	-6.059882e-06	-1.295843e-09	-3.276326e+01	-1.442249e+02
6.710000e-06	-6.091617e-06	-1.301192e-09	-3.293484e+01	-1.447063e+02
6.720000e-06	-6.122851e-06	-1.305835e-09	-3.310371e+01	-1.451814e+02
6.730000e-06	-6.153541e-06	-1.307747e-09	-3.326964e+01	-1.456503e+02
6.740000e-06	-6.183683e-06	-1.309154e-09	-3.343260e+01	-1.461130e+02
6.750000e-06	-6.213110e-06	-1.312692e-09	-3.359170e+01	-1.465694e+02
6.760000e-06	-6.241888e-06	-1.316733e-09	-3.374729e+01	-1.470194e+02
6.770000e-06	-6.270356e-06	-1.319141e-09	-3.390121e+01	-1.474629e+02
6.780000e-06	-6.298527e-06	-1.320448e-09	-3.405352e+01	-1.478997e+02
6.790000e-06	-6.326360e-06	-1.323238e-09	-3.420400e+01	-1.483297e+02
6.800000e-06	-6.353780e-06	-1.326957e-09	-3.435224e+01	-1.487525e+02
6.810000e-06	-6.380758e-06	-1.330404e-09	-3.449811e+01	-1.491682e+02
6.820000e-06	-6.407314e-06	-1.332694e-09	-3.464168e+01	-1.495763e+02
6.830000e-06	-6.433471e-06	-1.334421e-09	-3.478310e+01	-1.499766e+02
6.840000e-06	-6.459015e-06	-1.337673e-09	-3.492121e+01	-1.503691e+02
6.850000e-06	-6.483930e-06	-1.340913e-09	-3.505591e+01	-1.507533e+02
6.860000e-06	-6.508462e-06	-1.342612e-09	-3.518855e+01	-1.511293e+02
6.870000e-06	-6.532703e-06	-1.343454e-09	-3.531961e+01	-1.514966e+02
6.880000e-06	-6.556726e-06	-1.345770e-09	-3.544949e+01	-1.518552e+02
6.890000e-06	-6.580383e-06	-1.350428e-09	-3.557739e+01	-1.522049e+02
6.900000e-06	-6.603410e-06	-1.354476e-09	-3.570189e+01	-1.525457e+02
6.910000e-06	-6.625693e-06	-1.356163e-09	-3.582237e+01	-1.528774e+02
6.920000e-06	-6.647225e-06	-1.356550e-09	-3.593878e+01	-1.531999e+02
6.930000e-06	-6.668181e-06	-1.356736e-09	-3.605208e+01	-1.535133e+02
6.940000e-06	-6.688747e-06	-1.358390e-09	-3.616327e+01	-1.538175e+02
6.950000e-06	-6.708926e-06	-1.361384e-09	-3.627237e+01	-1.541126e+02
6.960000e-06	-6.728769e-06	-1.363679e-09	-3.637966e+01	-1.543987e+02
6.970000e-06	-6.748114e-06	-1.365323e-09	-3.648425e+01	-1.546758e+02
6.980000e-06	-6.766987e-06	-1.366959e-09	-3.658629e+01	-1.549441e+02
6.990000e-06	-6.785513e-06	-1.368970e-09	-3.668645e+01	-1.552037e+02
7.000000e-06	-6.803507e-06	-1.371595e-09	-3.678373e+01	-1.554548e+02
7.010000e-06	-6.820918e-06	-1.373079e-09	-3.687787e+01	-1.556976e+02
7.020000e-06	-6.837919e-06	-1.373291e-09	-3.696978e+01	-1.559323e+02
7.030000e-06	-6.854511e-06	-1.374023e-09	-3.705949e+01	-1.561590e+02
7.040000e-06	-6.870624e-06	-1.375960e-09	-3.714661e+01	-1.563780e+02
7.050000e-06	-6.886396e-06	-1.378212e-09	-3.723188e+01	-1.565895e+02
7.060000e-06	-6.901642e-06	-1.378693e-09	-3.731431e+01	-1.567937e+02
7.070000e-06	-6.916142e-06	-1.378263e-09	-3.739270e+01	-1.569907e+02
7.080000e-06	-6.929941e-06	-1.378564e-09	-3.746731e+01	-1.571808e+02
7.090000e-06	-6.943079e-06	-1.379177e-09	-3.753834e+01	-1.573642e+02
7.100000e-06	-6.955567e-06	-1.379091e-09	-3.760586e+01	-1.575408e+02
7.110000e-06	-6.967474e-06	-1.378749e-09	-3.767023e+01	-1.577110e+02
7.120000e-06	-6.978959e-06	-1.379847e-09	-3.773233e+01	-1.578747e+02
7.130000e-06	-6.989909e-06	-1.381718e-09	-3.779153e+01	-1.580320e+02
7.140000e-06	-7.000366e-06	-1.383057e-09	-3.784807e+01	-1.581831e+02
7.150000e-06	-7.010463e-06	-1.383063e-09	-3.790266e+01	-1.583278e+02
7.160000e-06	-7.020077e-06	-1.382414e-09	-3.795464e+01	-1.584661e+02
7.170000e-06	-7.029109e-06	-1.383195e-09	-3.800347e+01	-1.585981e+02
7.180000e-06	-7.037726e-06	-1.384643e-09	-3.805006e+01	-1.587237e+02
7.190000e-06	-7.046121e-06	-1.384370e-09	-3.809545e+01	-1.588428e+02
7.200000e-06	-7.054127e-06	-1.383696e-09	-3.813873e+01	-1.589553e+02
7.210000e-06	-7.061658e-06	-1.383759e-09	-3.817945e+01	-1.590610e+02
7.220000e-06	-7.068612e-06	-1.382856e-09	-3.821704e+01	-1.591600e+02
7.230000e-06	-7.074839e-06	-1.381906e-09	-3.825071e+01	-1.592520e+02
7.240000e-06	-7.080207e-06	-1.381672e-09	-3.827974e+01	-1.593369e+02
7.250000e-06	-7.084845e-06	-1.381361e-09	-3.830481e+01	-1.594147e+02
7.260000e-06	-7.089123e-06	-1.381638e-09	-3.832794e+01	-1.594852e+02
7.270000e-06	-7.093056e-06	-1.381768e-09	-3.834920e+01	-1.595482e+02
7.280000e-06	-7.096493e-06	-1.381174e-09	-3.836779e+01	-1.596039e+02
7.290000e-06	-7.099552e-06	-1.380620e-09	-3.838432e+01	-1.596520e+02
7.300000e-06	-7.102260e-06	-1.380175e-09	-3.839897e+01	-1.596925e+02
7.310000e-06	-7.104385e-06	-1.379784e-09	-3.841046e+01	-1.597255e+02
7.320000e-06	-7.105913e-06	-1.380033e-09	-3.841871e+01	-1.597509e+02
7.330000e-06	-7.106978e-06	-1.381562e-09	-3.842447e+01	-1.597689e+02
7.340000e-06	-7.107640e-06	-1.381842e-09	-3.842805e+01	-1.597796e+02
