# Temperatura_=_20.0
# Concentracion g/m^3_=_7400.0
# C_Vs_to_Am_M_A/Vsm_=_116720831517.84952
# pendiente_HvsI_1/m_=_3716.3
# ordenada_HvsI_A/m_=_1297.0
# frecuencia_Hz_=_136116.60138935677

Tiempo_(s)	Campo_(V.s)	Magnetizacion_(V.s)	Campo_(kA/m)	Magnetizacion_(A/m)
0.000000e+00	-7.135017e-06	-1.667691e-09	-3.842385e+01	-1.930483e+02
1.000000e-08	-7.135225e-06	-1.666737e-09	-3.842497e+01	-1.930664e+02
2.000000e-08	-7.135148e-06	-1.667481e-09	-3.842456e+01	-1.930736e+02
3.000000e-08	-7.134534e-06	-1.667933e-09	-3.842125e+01	-1.930701e+02
4.000000e-08	-7.133198e-06	-1.666947e-09	-3.841405e+01	-1.930563e+02
5.000000e-08	-7.131072e-06	-1.664907e-09	-3.840261e+01	-1.930326e+02
6.000000e-08	-7.128287e-06	-1.663711e-09	-3.838761e+01	-1.929993e+02
7.000000e-08	-7.124926e-06	-1.661530e-09	-3.836951e+01	-1.929568e+02
8.000000e-08	-7.121031e-06	-1.656949e-09	-3.834853e+01	-1.929055e+02
9.000000e-08	-7.116614e-06	-1.669924e-09	-3.832475e+01	-1.928460e+02
1.000000e-07	-7.111652e-06	-1.690021e-09	-3.829802e+01	-1.927785e+02
1.100000e-07	-7.106164e-06	-1.644560e-09	-3.826847e+01	-1.927036e+02
1.200000e-07	-7.100178e-06	-1.588272e-09	-3.823623e+01	-1.926218e+02
1.300000e-07	-7.093837e-06	-1.667598e-09	-3.820209e+01	-1.925334e+02
1.400000e-07	-7.087157e-06	-1.757863e-09	-3.816611e+01	-1.924388e+02
1.500000e-07	-7.079900e-06	-1.649610e-09	-3.812703e+01	-1.923386e+02
1.600000e-07	-7.072161e-06	-1.534902e-09	-3.808535e+01	-1.922330e+02
1.700000e-07	-7.064130e-06	-1.673111e-09	-3.804211e+01	-1.921225e+02
1.800000e-07	-7.055671e-06	-1.795431e-09	-3.799655e+01	-1.920074e+02
1.900000e-07	-7.046472e-06	-1.609179e-09	-3.794701e+01	-1.918880e+02
2.000000e-07	-7.036696e-06	-1.477697e-09	-3.789437e+01	-1.917646e+02
2.100000e-07	-7.026258e-06	-1.693855e-09	-3.783816e+01	-1.916374e+02
2.200000e-07	-7.015186e-06	-1.806308e-09	-3.777853e+01	-1.915067e+02
2.300000e-07	-7.003658e-06	-1.577696e-09	-3.771645e+01	-1.913725e+02
2.400000e-07	-6.991478e-06	-1.502907e-09	-3.765086e+01	-1.912351e+02
2.500000e-07	-6.978706e-06	-1.716681e-09	-3.758208e+01	-1.910945e+02
2.600000e-07	-6.965395e-06	-1.719720e-09	-3.751040e+01	-1.909508e+02
2.700000e-07	-6.951433e-06	-1.524239e-09	-3.743520e+01	-1.908039e+02
2.800000e-07	-6.936699e-06	-1.585562e-09	-3.735586e+01	-1.906539e+02
2.900000e-07	-6.921282e-06	-1.726237e-09	-3.727284e+01	-1.905006e+02
3.000000e-07	-6.905111e-06	-1.602380e-09	-3.718575e+01	-1.903440e+02
3.100000e-07	-6.888423e-06	-1.533272e-09	-3.709588e+01	-1.901839e+02
3.200000e-07	-6.871443e-06	-1.690854e-09	-3.700444e+01	-1.900200e+02
3.300000e-07	-6.854102e-06	-1.655334e-09	-3.691106e+01	-1.898523e+02
3.400000e-07	-6.836352e-06	-1.484435e-09	-3.681546e+01	-1.896804e+02
3.500000e-07	-6.818183e-06	-1.605156e-09	-3.671762e+01	-1.895041e+02
3.600000e-07	-6.799468e-06	-1.737014e-09	-3.661684e+01	-1.893230e+02
3.700000e-07	-6.780221e-06	-1.550668e-09	-3.651318e+01	-1.891369e+02
3.800000e-07	-6.760590e-06	-1.485660e-09	-3.640747e+01	-1.889455e+02
3.900000e-07	-6.740552e-06	-1.680104e-09	-3.629956e+01	-1.887484e+02
4.000000e-07	-6.720057e-06	-1.648403e-09	-3.618919e+01	-1.885452e+02
4.100000e-07	-6.699035e-06	-1.486837e-09	-3.607598e+01	-1.883357e+02
4.200000e-07	-6.677498e-06	-1.589234e-09	-3.595999e+01	-1.881194e+02
4.300000e-07	-6.655591e-06	-1.667846e-09	-3.584202e+01	-1.878961e+02
4.400000e-07	-6.633319e-06	-1.530900e-09	-3.572208e+01	-1.876654e+02
4.500000e-07	-6.610545e-06	-1.542298e-09	-3.559944e+01	-1.874269e+02
4.600000e-07	-6.587257e-06	-1.647949e-09	-3.547402e+01	-1.871805e+02
4.700000e-07	-6.563593e-06	-1.551973e-09	-3.534659e+01	-1.869259e+02
4.800000e-07	-6.539615e-06	-1.502050e-09	-3.521746e+01	-1.866628e+02
4.900000e-07	-6.515287e-06	-1.620810e-09	-3.508645e+01	-1.863909e+02
5.000000e-07	-6.490515e-06	-1.593720e-09	-3.495305e+01	-1.861102e+02
5.100000e-07	-6.464950e-06	-1.495529e-09	-3.481537e+01	-1.858204e+02
5.200000e-07	-6.438557e-06	-1.563634e-09	-3.467324e+01	-1.855215e+02
5.300000e-07	-6.411605e-06	-1.593794e-09	-3.452810e+01	-1.852133e+02
5.400000e-07	-6.384165e-06	-1.509282e-09	-3.438032e+01	-1.848959e+02
5.500000e-07	-6.356413e-06	-1.529146e-09	-3.423087e+01	-1.845692e+02
5.600000e-07	-6.328419e-06	-1.577281e-09	-3.408012e+01	-1.842332e+02
5.700000e-07	-6.299988e-06	-1.522364e-09	-3.392701e+01	-1.838880e+02
5.800000e-07	-6.271073e-06	-1.514277e-09	-3.377130e+01	-1.835336e+02
5.900000e-07	-6.241800e-06	-1.558374e-09	-3.361365e+01	-1.831703e+02
6.000000e-07	-6.212162e-06	-1.525072e-09	-3.345404e+01	-1.827980e+02
6.100000e-07	-6.182032e-06	-1.499000e-09	-3.329179e+01	-1.824171e+02
6.200000e-07	-6.151380e-06	-1.530838e-09	-3.312672e+01	-1.820275e+02
6.300000e-07	-6.120323e-06	-1.521138e-09	-3.295947e+01	-1.816296e+02
6.400000e-07	-6.088904e-06	-1.497085e-09	-3.279027e+01	-1.812234e+02
6.500000e-07	-6.057150e-06	-1.514033e-09	-3.261927e+01	-1.808092e+02
6.600000e-07	-6.025105e-06	-1.511640e-09	-3.244670e+01	-1.803872e+02
6.700000e-07	-5.992583e-06	-1.490344e-09	-3.227156e+01	-1.799575e+02
6.800000e-07	-5.959569e-06	-1.495666e-09	-3.209377e+01	-1.795202e+02
6.900000e-07	-5.925821e-06	-1.496522e-09	-3.191203e+01	-1.790756e+02
7.000000e-07	-5.891186e-06	-1.482068e-09	-3.172551e+01	-1.786236e+02
7.100000e-07	-5.856059e-06	-1.479184e-09	-3.153634e+01	-1.781644e+02
7.200000e-07	-5.820667e-06	-1.475181e-09	-3.134575e+01	-1.776981e+02
7.300000e-07	-5.784992e-06	-1.465218e-09	-3.115363e+01	-1.772246e+02
7.400000e-07	-5.749026e-06	-1.464915e-09	-3.095994e+01	-1.767440e+02
7.500000e-07	-5.712774e-06	-1.462779e-09	-3.076472e+01	-1.762561e+02
7.600000e-07	-5.676129e-06	-1.453363e-09	-3.056737e+01	-1.757610e+02
7.700000e-07	-5.639101e-06	-1.450575e-09	-3.036797e+01	-1.752584e+02
7.800000e-07	-5.601548e-06	-1.449394e-09	-3.016574e+01	-1.747483e+02
7.900000e-07	-5.563429e-06	-1.441529e-09	-2.996046e+01	-1.742304e+02
8.000000e-07	-5.524898e-06	-1.433922e-09	-2.975295e+01	-1.737046e+02
8.100000e-07	-5.486008e-06	-1.427467e-09	-2.954353e+01	-1.731706e+02
8.200000e-07	-5.446767e-06	-1.421164e-09	-2.933220e+01	-1.726282e+02
8.300000e-07	-5.407239e-06	-1.417522e-09	-2.911933e+01	-1.720771e+02
8.400000e-07	-5.367468e-06	-1.413673e-09	-2.890516e+01	-1.715170e+02
8.500000e-07	-5.327367e-06	-1.406306e-09	-2.868920e+01	-1.709477e+02
8.600000e-07	-5.286965e-06	-1.398998e-09	-2.847163e+01	-1.703689e+02
8.700000e-07	-5.246095e-06	-1.393867e-09	-2.825153e+01	-1.697804e+02
8.800000e-07	-5.204590e-06	-1.388690e-09	-2.802802e+01	-1.691819e+02
8.900000e-07	-5.162592e-06	-1.380870e-09	-2.780185e+01	-1.685732e+02
9.000000e-07	-5.120178e-06	-1.370803e-09	-2.757344e+01	-1.679541e+02
9.100000e-07	-5.077237e-06	-1.363757e-09	-2.734219e+01	-1.673245e+02
9.200000e-07	-5.033807e-06	-1.360190e-09	-2.710831e+01	-1.666843e+02
9.300000e-07	-4.990058e-06	-1.355488e-09	-2.687271e+01	-1.660333e+02
9.400000e-07	-4.946114e-06	-1.348432e-09	-2.663606e+01	-1.653715e+02
9.500000e-07	-4.902018e-06	-1.340830e-09	-2.639859e+01	-1.646989e+02
9.600000e-07	-4.857598e-06	-1.334149e-09	-2.615938e+01	-1.640156e+02
9.700000e-07	-4.812700e-06	-1.329106e-09	-2.591759e+01	-1.633216e+02
9.800000e-07	-4.767446e-06	-1.324515e-09	-2.567389e+01	-1.626170e+02
9.900000e-07	-4.721891e-06	-1.317836e-09	-2.542856e+01	-1.619020e+02
1.000000e-06	-4.675964e-06	-1.309657e-09	-2.518124e+01	-1.611767e+02
1.010000e-06	-4.629595e-06	-1.302338e-09	-2.493153e+01	-1.604414e+02
1.020000e-06	-4.582949e-06	-1.295908e-09	-2.468032e+01	-1.596962e+02
1.030000e-06	-4.536116e-06	-1.289040e-09	-2.442812e+01	-1.589413e+02
1.040000e-06	-4.488877e-06	-1.281510e-09	-2.417372e+01	-1.581769e+02
1.050000e-06	-4.441137e-06	-1.275221e-09	-2.391663e+01	-1.574033e+02
1.060000e-06	-4.393270e-06	-1.270306e-09	-2.365886e+01	-1.566205e+02
1.070000e-06	-4.345376e-06	-1.266204e-09	-2.340094e+01	-1.558288e+02
1.080000e-06	-4.297164e-06	-1.260696e-09	-2.314130e+01	-1.550282e+02
1.090000e-06	-4.248640e-06	-1.251891e-09	-2.287999e+01	-1.542189e+02
1.100000e-06	-4.199744e-06	-1.243001e-09	-2.261667e+01	-1.534008e+02
1.110000e-06	-4.150395e-06	-1.236397e-09	-2.235091e+01	-1.525738e+02
1.120000e-06	-4.100442e-06	-1.230317e-09	-2.208191e+01	-1.517380e+02
1.130000e-06	-4.049917e-06	-1.223475e-09	-2.180981e+01	-1.508930e+02
1.140000e-06	-3.999067e-06	-1.215534e-09	-2.153598e+01	-1.500387e+02
1.150000e-06	-3.947941e-06	-1.207779e-09	-2.126065e+01	-1.491747e+02
1.160000e-06	-3.896529e-06	-1.200753e-09	-2.098378e+01	-1.483006e+02
1.170000e-06	-3.844760e-06	-1.193223e-09	-2.070499e+01	-1.474161e+02
1.180000e-06	-3.792694e-06	-1.185476e-09	-2.042460e+01	-1.465205e+02
1.190000e-06	-3.740401e-06	-1.176786e-09	-2.014300e+01	-1.456133e+02
1.200000e-06	-3.687738e-06	-1.168168e-09	-1.985939e+01	-1.446939e+02
1.210000e-06	-3.634775e-06	-1.160794e-09	-1.957417e+01	-1.437616e+02
1.220000e-06	-3.581565e-06	-1.153077e-09	-1.928762e+01	-1.428156e+02
1.230000e-06	-3.528103e-06	-1.144050e-09	-1.899972e+01	-1.418554e+02
1.240000e-06	-3.474373e-06	-1.134564e-09	-1.871037e+01	-1.408800e+02
1.250000e-06	-3.420399e-06	-1.126800e-09	-1.841970e+01	-1.398889e+02
1.260000e-06	-3.366255e-06	-1.120998e-09	-1.812813e+01	-1.388812e+02
1.270000e-06	-3.311951e-06	-1.113938e-09	-1.783568e+01	-1.378564e+02
1.280000e-06	-3.257434e-06	-1.105012e-09	-1.754209e+01	-1.368137e+02
1.290000e-06	-3.202633e-06	-1.096520e-09	-1.724698e+01	-1.357526e+02
1.300000e-06	-3.147638e-06	-1.088447e-09	-1.695082e+01	-1.346726e+02
1.310000e-06	-3.092357e-06	-1.078784e-09	-1.665311e+01	-1.335731e+02
1.320000e-06	-3.036799e-06	-1.068156e-09	-1.635392e+01	-1.324539e+02
1.330000e-06	-2.981099e-06	-1.058371e-09	-1.605397e+01	-1.313147e+02
1.340000e-06	-2.925341e-06	-1.048886e-09	-1.575369e+01	-1.301553e+02
1.350000e-06	-2.869500e-06	-1.039880e-09	-1.545297e+01	-1.289755e+02
1.360000e-06	-2.813520e-06	-1.032036e-09	-1.515151e+01	-1.277755e+02
1.370000e-06	-2.757383e-06	-1.023876e-09	-1.484920e+01	-1.265553e+02
1.380000e-06	-2.700972e-06	-1.014697e-09	-1.454541e+01	-1.253152e+02
1.390000e-06	-2.644443e-06	-1.004699e-09	-1.424099e+01	-1.240553e+02
1.400000e-06	-2.587718e-06	-9.938077e-10	-1.393551e+01	-1.227762e+02
1.410000e-06	-2.530622e-06	-9.820206e-10	-1.362803e+01	-1.214781e+02
1.420000e-06	-2.473186e-06	-9.703474e-10	-1.331872e+01	-1.201616e+02
1.430000e-06	-2.415374e-06	-9.601965e-10	-1.300739e+01	-1.188271e+02
1.440000e-06	-2.357422e-06	-9.506217e-10	-1.269531e+01	-1.174752e+02
1.450000e-06	-2.299376e-06	-9.405712e-10	-1.238272e+01	-1.161062e+02
1.460000e-06	-2.240951e-06	-9.294747e-10	-1.206808e+01	-1.147207e+02
1.470000e-06	-2.182141e-06	-9.168901e-10	-1.175138e+01	-1.133191e+02
1.480000e-06	-2.123084e-06	-9.033654e-10	-1.143334e+01	-1.119016e+02
1.490000e-06	-2.063896e-06	-8.899330e-10	-1.111460e+01	-1.104685e+02
1.500000e-06	-2.004588e-06	-8.773509e-10	-1.079521e+01	-1.090199e+02
1.510000e-06	-1.945127e-06	-8.647373e-10	-1.047500e+01	-1.075558e+02
1.520000e-06	-1.885649e-06	-8.523585e-10	-1.015469e+01	-1.060759e+02
1.530000e-06	-1.826082e-06	-8.418222e-10	-9.833908e+00	-1.045799e+02
1.540000e-06	-1.766399e-06	-8.312568e-10	-9.512500e+00	-1.030673e+02
1.550000e-06	-1.706648e-06	-8.187756e-10	-9.190728e+00	-1.015373e+02
1.560000e-06	-1.646835e-06	-8.051310e-10	-8.868619e+00	-9.998904e+01
1.570000e-06	-1.587031e-06	-7.910564e-10	-8.546558e+00	-9.842129e+01
1.580000e-06	-1.527165e-06	-7.774963e-10	-8.224167e+00	-9.683276e+01
1.590000e-06	-1.467196e-06	-7.641103e-10	-7.901217e+00	-9.522190e+01
1.600000e-06	-1.407167e-06	-7.505642e-10	-7.577944e+00	-9.358699e+01
1.610000e-06	-1.347063e-06	-7.380409e-10	-7.254274e+00	-9.192614e+01
1.620000e-06	-1.286805e-06	-7.248456e-10	-6.929769e+00	-9.023728e+01
1.630000e-06	-1.226413e-06	-7.110506e-10	-6.604540e+00	-8.851824e+01
1.640000e-06	-1.165975e-06	-6.978312e-10	-6.279066e+00	-8.676670e+01
1.650000e-06	-1.105463e-06	-6.836313e-10	-5.953196e+00	-8.498030e+01
1.660000e-06	-1.044893e-06	-6.690546e-10	-5.627008e+00	-8.315660e+01
1.670000e-06	-9.843203e-07	-6.551079e-10	-5.300811e+00	-8.129315e+01
1.680000e-06	-9.237204e-07	-6.404084e-10	-4.974465e+00	-7.938752e+01
1.690000e-06	-8.630299e-07	-6.233458e-10	-4.647632e+00	-7.743732e+01
1.700000e-06	-8.022320e-07	-6.067629e-10	-4.320220e+00	-7.544027e+01
1.710000e-06	-7.414056e-07	-5.927244e-10	-3.992655e+00	-7.339422e+01
1.720000e-06	-6.805153e-07	-5.777634e-10	-3.664745e+00	-7.129718e+01
1.730000e-06	-6.195327e-07	-5.613147e-10	-3.336339e+00	-6.914735e+01
1.740000e-06	-5.586150e-07	-5.446519e-10	-3.008282e+00	-6.694321e+01
1.750000e-06	-4.977031e-07	-5.271852e-10	-2.680255e+00	-6.468348e+01
1.760000e-06	-4.366420e-07	-5.087317e-10	-2.351426e+00	-6.236718e+01
1.770000e-06	-3.755248e-07	-4.897453e-10	-2.022295e+00	-5.999367e+01
1.780000e-06	-3.143610e-07	-4.709167e-10	-1.692912e+00	-5.756267e+01
1.790000e-06	-2.531457e-07	-4.513392e-10	-1.363253e+00	-5.507425e+01
1.800000e-06	-1.919284e-07	-4.299310e-10	-1.033582e+00	-5.252887e+01
1.810000e-06	-1.307486e-07	-4.077583e-10	-7.041141e-01	-4.992739e+01
1.820000e-06	-6.961221e-08	-3.863326e-10	-3.748792e-01	-4.727106e+01
1.830000e-06	-8.446603e-09	-3.639572e-10	-4.548707e-02	-4.456152e+01
1.840000e-06	5.270057e-08	-3.404560e-10	2.838058e-01	-4.180079e+01
1.850000e-06	1.138698e-07	-3.167920e-10	6.132172e-01	-3.899129e+01
1.860000e-06	1.751119e-07	-2.928241e-10	9.430215e-01	-3.613578e+01
1.870000e-06	2.363345e-07	-2.689878e-10	1.272720e+00	-3.323737e+01
1.880000e-06	2.975114e-07	-2.442053e-10	1.602173e+00	-3.029945e+01
1.890000e-06	3.586936e-07	-2.182010e-10	1.931655e+00	-2.732574e+01
1.900000e-06	4.199077e-07	-1.928358e-10	2.261308e+00	-2.432016e+01
1.910000e-06	4.810254e-07	-1.677384e-10	2.590442e+00	-2.128688e+01
1.920000e-06	5.420831e-07	-1.426107e-10	2.919253e+00	-1.823020e+01
1.930000e-06	6.031468e-07	-1.179471e-10	3.248096e+00	-1.515459e+01
1.940000e-06	6.640995e-07	-9.213389e-11	3.576342e+00	-1.206459e+01
1.950000e-06	7.250101e-07	-6.495298e-11	3.904361e+00	-8.964782e+00
1.960000e-06	7.858788e-07	-3.764040e-11	4.232154e+00	-5.859751e+00
1.970000e-06	8.466824e-07	-1.118404e-11	4.559596e+00	-2.754048e+00
1.980000e-06	9.073944e-07	1.445930e-11	4.886546e+00	3.478613e-01
1.990000e-06	9.680748e-07	3.971095e-11	5.213325e+00	3.441630e+00
2.000000e-06	1.028718e-06	6.503723e-11	5.539902e+00	6.523068e+00
2.010000e-06	1.089306e-06	8.994130e-11	5.866184e+00	9.588176e+00
2.020000e-06	1.149845e-06	1.146667e-10	6.192203e+00	1.263317e+01
2.030000e-06	1.210306e-06	1.403311e-10	6.517800e+00	1.565453e+01
2.040000e-06	1.270737e-06	1.650240e-10	6.843234e+00	1.864899e+01
2.050000e-06	1.331048e-06	1.889185e-10	7.168025e+00	2.161357e+01
2.060000e-06	1.391241e-06	2.132112e-10	7.492180e+00	2.454561e+01
2.070000e-06	1.451337e-06	2.367186e-10	7.815815e+00	2.744274e+01
2.080000e-06	1.511399e-06	2.595388e-10	8.139262e+00	3.030294e+01
2.090000e-06	1.571320e-06	2.820542e-10	8.461950e+00	3.312446e+01
2.100000e-06	1.631069e-06	3.042805e-10	8.783714e+00	3.590592e+01
2.110000e-06	1.690804e-06	3.258034e-10	9.105403e+00	3.864621e+01
2.120000e-06	1.750480e-06	3.472418e-10	9.426774e+00	4.134453e+01
2.130000e-06	1.810072e-06	3.680665e-10	9.747690e+00	4.400035e+01
2.140000e-06	1.869607e-06	3.873260e-10	1.006830e+01	4.661344e+01
2.150000e-06	1.929039e-06	4.064085e-10	1.038836e+01	4.918379e+01
2.160000e-06	1.988254e-06	4.265300e-10	1.070724e+01	5.171160e+01
2.170000e-06	2.047330e-06	4.468331e-10	1.102538e+01	5.419732e+01
2.180000e-06	2.106332e-06	4.660278e-10	1.134312e+01	5.664153e+01
2.190000e-06	2.165243e-06	4.851966e-10	1.166038e+01	5.904499e+01
2.200000e-06	2.223925e-06	5.044222e-10	1.197639e+01	6.140857e+01
2.210000e-06	2.282152e-06	5.231927e-10	1.228996e+01	6.373327e+01
2.220000e-06	2.340010e-06	5.417421e-10	1.260154e+01	6.602013e+01
2.230000e-06	2.397662e-06	5.589029e-10	1.291201e+01	6.827028e+01
2.240000e-06	2.455084e-06	5.755640e-10	1.322124e+01	7.048486e+01
2.250000e-06	2.512212e-06	5.938626e-10	1.352889e+01	7.266504e+01
2.260000e-06	2.569144e-06	6.119844e-10	1.383548e+01	7.481196e+01
2.270000e-06	2.625975e-06	6.281317e-10	1.414153e+01	7.692676e+01
2.280000e-06	2.682484e-06	6.433934e-10	1.444585e+01	7.901053e+01
2.290000e-06	2.738724e-06	6.584081e-10	1.474871e+01	8.106432e+01
2.300000e-06	2.794863e-06	6.737921e-10	1.505104e+01	8.308911e+01
2.310000e-06	2.850783e-06	6.908705e-10	1.535218e+01	8.508583e+01
2.320000e-06	2.906546e-06	7.087064e-10	1.565248e+01	8.705533e+01
2.330000e-06	2.962156e-06	7.262332e-10	1.595195e+01	8.899838e+01
2.340000e-06	3.017520e-06	7.423506e-10	1.625010e+01	9.091569e+01
2.350000e-06	3.072766e-06	7.558759e-10	1.654761e+01	9.280786e+01
2.360000e-06	3.127835e-06	7.675036e-10	1.684417e+01	9.467546e+01
2.370000e-06	3.182615e-06	7.787364e-10	1.713917e+01	9.651897e+01
2.380000e-06	3.237268e-06	7.914282e-10	1.743350e+01	9.833879e+01
2.390000e-06	3.291857e-06	8.065397e-10	1.772747e+01	1.001353e+02
2.400000e-06	3.346264e-06	8.233419e-10	1.802047e+01	1.019088e+02
2.410000e-06	3.400377e-06	8.395550e-10	1.831188e+01	1.036594e+02
2.420000e-06	3.454133e-06	8.538725e-10	1.860137e+01	1.053876e+02
2.430000e-06	3.507661e-06	8.662895e-10	1.888963e+01	1.070933e+02
2.440000e-06	3.560989e-06	8.784369e-10	1.917681e+01	1.087768e+02
2.450000e-06	3.614009e-06	8.916798e-10	1.946234e+01	1.104381e+02
2.460000e-06	3.666696e-06	9.050844e-10	1.974607e+01	1.120774e+02
2.470000e-06	3.719172e-06	9.184246e-10	2.002867e+01	1.136947e+02
2.480000e-06	3.771427e-06	9.308709e-10	2.031008e+01	1.152902e+02
2.490000e-06	3.823333e-06	9.430551e-10	2.058960e+01	1.168639e+02
2.500000e-06	3.874971e-06	9.562868e-10	2.086769e+01	1.184158e+02
2.510000e-06	3.926253e-06	9.692920e-10	2.114385e+01	1.199460e+02
2.520000e-06	3.977112e-06	9.813519e-10	2.141774e+01	1.214546e+02
2.530000e-06	4.027463e-06	9.928084e-10	2.168889e+01	1.229417e+02
2.540000e-06	4.077463e-06	1.004555e-09	2.195816e+01	1.244072e+02
2.550000e-06	4.127092e-06	1.015597e-09	2.222542e+01	1.258513e+02
2.560000e-06	4.176187e-06	1.025188e-09	2.248981e+01	1.272740e+02
2.570000e-06	4.224890e-06	1.034325e-09	2.275209e+01	1.286753e+02
2.580000e-06	4.273232e-06	1.044483e-09	2.301242e+01	1.300553e+02
2.590000e-06	4.321270e-06	1.056085e-09	2.327112e+01	1.314140e+02
2.600000e-06	4.369057e-06	1.068872e-09	2.352847e+01	1.327514e+02
2.610000e-06	4.416629e-06	1.081219e-09	2.378465e+01	1.340676e+02
2.620000e-06	4.464058e-06	1.090818e-09	2.404007e+01	1.353625e+02
2.630000e-06	4.511226e-06	1.098523e-09	2.429408e+01	1.366362e+02
2.640000e-06	4.557956e-06	1.106645e-09	2.454573e+01	1.378886e+02
2.650000e-06	4.604347e-06	1.115534e-09	2.479556e+01	1.391197e+02
2.660000e-06	4.650402e-06	1.124607e-09	2.504358e+01	1.403296e+02
2.670000e-06	4.696069e-06	1.133133e-09	2.528951e+01	1.415181e+02
2.680000e-06	4.741462e-06	1.141729e-09	2.553396e+01	1.426853e+02
2.690000e-06	4.786597e-06	1.151451e-09	2.577702e+01	1.438311e+02
2.700000e-06	4.831429e-06	1.160522e-09	2.601845e+01	1.449556e+02
2.710000e-06	4.875869e-06	1.168620e-09	2.625777e+01	1.460587e+02
2.720000e-06	4.920017e-06	1.177287e-09	2.649552e+01	1.471404e+02
2.730000e-06	4.963979e-06	1.186693e-09	2.673227e+01	1.482008e+02
2.740000e-06	5.007681e-06	1.196084e-09	2.696761e+01	1.492399e+02
2.750000e-06	5.051143e-06	1.204969e-09	2.720167e+01	1.502579e+02
2.760000e-06	5.094119e-06	1.212775e-09	2.743310e+01	1.512548e+02
2.770000e-06	5.136531e-06	1.219369e-09	2.766150e+01	1.522308e+02
2.780000e-06	5.178535e-06	1.226676e-09	2.788771e+01	1.531862e+02
2.790000e-06	5.220021e-06	1.235279e-09	2.811112e+01	1.541211e+02
2.800000e-06	5.260981e-06	1.243986e-09	2.833170e+01	1.550358e+02
2.810000e-06	5.301528e-06	1.252676e-09	2.855006e+01	1.559307e+02
2.820000e-06	5.341696e-06	1.261004e-09	2.876637e+01	1.568061e+02
2.830000e-06	5.381545e-06	1.268960e-09	2.898097e+01	1.576625e+02
2.840000e-06	5.421102e-06	1.276458e-09	2.919399e+01	1.585003e+02
2.850000e-06	5.460234e-06	1.283029e-09	2.940473e+01	1.593201e+02
2.860000e-06	5.499044e-06	1.288947e-09	2.961373e+01	1.601223e+02
2.870000e-06	5.537492e-06	1.294714e-09	2.982078e+01	1.609076e+02
2.880000e-06	5.575420e-06	1.301077e-09	3.002503e+01	1.616766e+02
2.890000e-06	5.612975e-06	1.308573e-09	3.022727e+01	1.624298e+02
2.900000e-06	5.650156e-06	1.315743e-09	3.042750e+01	1.631680e+02
2.910000e-06	5.686860e-06	1.321828e-09	3.062516e+01	1.638918e+02
2.920000e-06	5.723222e-06	1.328238e-09	3.082098e+01	1.646019e+02
2.930000e-06	5.759321e-06	1.335645e-09	3.101538e+01	1.652989e+02
2.940000e-06	5.795051e-06	1.343181e-09	3.120780e+01	1.659835e+02
2.950000e-06	5.830413e-06	1.348755e-09	3.139823e+01	1.666564e+02
2.960000e-06	5.865497e-06	1.353218e-09	3.158717e+01	1.673181e+02
2.970000e-06	5.900209e-06	1.359004e-09	3.177410e+01	1.679692e+02
2.980000e-06	5.934277e-06	1.365599e-09	3.195757e+01	1.686102e+02
2.990000e-06	5.967701e-06	1.371702e-09	3.213756e+01	1.692418e+02
3.000000e-06	6.000526e-06	1.378180e-09	3.231434e+01	1.698643e+02
3.010000e-06	6.032858e-06	1.385367e-09	3.248845e+01	1.704782e+02
3.020000e-06	6.064870e-06	1.391576e-09	3.266084e+01	1.710839e+02
3.030000e-06	6.096530e-06	1.397575e-09	3.283134e+01	1.716816e+02
3.040000e-06	6.127824e-06	1.403975e-09	3.299987e+01	1.722717e+02
3.050000e-06	6.158727e-06	1.409763e-09	3.316629e+01	1.728544e+02
3.060000e-06	6.189119e-06	1.416573e-09	3.332995e+01	1.734297e+02
3.070000e-06	6.219074e-06	1.423204e-09	3.349127e+01	1.739979e+02
3.080000e-06	6.248597e-06	1.427927e-09	3.365026e+01	1.745590e+02
3.090000e-06	6.277719e-06	1.432914e-09	3.380708e+01	1.751131e+02
3.100000e-06	6.306499e-06	1.438593e-09	3.396207e+01	1.756601e+02
3.110000e-06	6.334843e-06	1.444262e-09	3.411471e+01	1.761999e+02
3.120000e-06	6.362850e-06	1.449305e-09	3.426554e+01	1.767326e+02
3.130000e-06	6.390597e-06	1.454271e-09	3.441496e+01	1.772581e+02
3.140000e-06	6.417954e-06	1.459312e-09	3.456228e+01	1.777761e+02
3.150000e-06	6.444867e-06	1.463625e-09	3.470722e+01	1.782866e+02
3.160000e-06	6.471195e-06	1.467620e-09	3.484900e+01	1.787895e+02
3.170000e-06	6.496783e-06	1.472137e-09	3.498680e+01	1.792847e+02
3.180000e-06	6.521662e-06	1.477685e-09	3.512078e+01	1.797720e+02
3.190000e-06	6.545908e-06	1.482973e-09	3.525135e+01	1.802512e+02
3.200000e-06	6.569637e-06	1.486981e-09	3.537914e+01	1.807224e+02
3.210000e-06	6.593009e-06	1.490760e-09	3.550500e+01	1.811854e+02
3.220000e-06	6.616022e-06	1.494329e-09	3.562893e+01	1.816401e+02
3.230000e-06	6.638642e-06	1.498428e-09	3.575075e+01	1.820865e+02
3.240000e-06	6.660795e-06	1.503165e-09	3.587005e+01	1.825246e+02
3.250000e-06	6.682388e-06	1.506735e-09	3.598633e+01	1.829543e+02
3.260000e-06	6.703527e-06	1.509707e-09	3.610017e+01	1.833756e+02
3.270000e-06	6.724267e-06	1.513903e-09	3.621186e+01	1.837887e+02
3.280000e-06	6.744671e-06	1.518922e-09	3.632174e+01	1.841934e+02
3.290000e-06	6.764767e-06	1.523161e-09	3.642996e+01	1.845899e+02
3.300000e-06	6.784413e-06	1.527831e-09	3.653576e+01	1.849782e+02
3.310000e-06	6.803598e-06	1.532802e-09	3.663908e+01	1.853584e+02
3.320000e-06	6.822366e-06	1.536451e-09	3.674015e+01	1.857306e+02
3.330000e-06	6.840445e-06	1.538828e-09	3.683750e+01	1.860949e+02
3.340000e-06	6.858006e-06	1.540237e-09	3.693208e+01	1.864513e+02
3.350000e-06	6.875231e-06	1.543258e-09	3.702484e+01	1.867998e+02
3.360000e-06	6.891942e-06	1.548544e-09	3.711483e+01	1.871406e+02
3.370000e-06	6.908104e-06	1.553568e-09	3.720187e+01	1.874736e+02
3.380000e-06	6.923648e-06	1.557802e-09	3.728558e+01	1.877989e+02
3.390000e-06	6.938658e-06	1.561171e-09	3.736641e+01	1.881165e+02
3.400000e-06	6.953081e-06	1.564216e-09	3.744408e+01	1.884263e+02
3.410000e-06	6.966953e-06	1.568002e-09	3.751878e+01	1.887282e+02
3.420000e-06	6.980418e-06	1.571557e-09	3.759130e+01	1.890222e+02
3.430000e-06	6.993368e-06	1.574368e-09	3.766104e+01	1.893082e+02
3.440000e-06	7.005716e-06	1.577438e-09	3.772753e+01	1.895860e+02
3.450000e-06	7.017605e-06	1.582935e-09	3.779156e+01	1.898554e+02
3.460000e-06	7.029082e-06	1.590081e-09	3.785337e+01	1.901162e+02
3.470000e-06	7.040012e-06	1.594940e-09	3.791222e+01	1.903684e+02
3.480000e-06	7.050205e-06	1.597063e-09	3.796712e+01	1.906115e+02
3.490000e-06	7.059555e-06	1.598433e-09	3.801747e+01	1.908453e+02
3.500000e-06	7.068206e-06	1.600146e-09	3.806405e+01	1.910696e+02
3.510000e-06	7.076358e-06	1.603085e-09	3.810796e+01	1.912842e+02
3.520000e-06	7.084071e-06	1.607105e-09	3.814949e+01	1.914887e+02
3.530000e-06	7.091262e-06	1.609841e-09	3.818822e+01	1.916828e+02
3.540000e-06	7.097985e-06	1.611309e-09	3.822442e+01	1.918664e+02
3.550000e-06	7.104275e-06	1.613906e-09	3.825830e+01	1.920391e+02
3.560000e-06	7.109983e-06	1.617771e-09	3.828904e+01	1.922008e+02
3.570000e-06	7.115158e-06	1.621515e-09	3.831691e+01	1.923512e+02
3.580000e-06	7.119963e-06	1.623989e-09	3.834278e+01	1.924901e+02
3.590000e-06	7.124407e-06	1.626047e-09	3.836671e+01	1.926173e+02
3.600000e-06	7.128484e-06	1.629401e-09	3.838867e+01	1.927329e+02
3.610000e-06	7.132159e-06	1.632314e-09	3.840846e+01	1.928365e+02
3.620000e-06	7.135428e-06	1.632950e-09	3.842606e+01	1.929283e+02
3.630000e-06	7.138143e-06	1.633070e-09	3.844068e+01	1.930083e+02
3.640000e-06	7.140120e-06	1.633547e-09	3.845133e+01	1.930763e+02
3.650000e-06	7.141306e-06	1.635285e-09	3.845772e+01	1.931326e+02
3.660000e-06	7.141730e-06	1.638814e-09	3.846000e+01	1.931772e+02
3.670000e-06	7.141667e-06	1.641619e-09	3.845966e+01	1.932104e+02
3.680000e-06	7.141337e-06	1.642208e-09	3.845788e+01	1.932322e+02
3.690000e-06	7.140586e-06	1.640698e-09	3.845384e+01	1.932430e+02
3.700000e-06	7.139218e-06	1.640065e-09	3.844647e+01	1.932431e+02
3.710000e-06	7.137336e-06	1.641400e-09	3.843634e+01	1.932328e+02
3.720000e-06	7.135159e-06	1.642942e-09	3.842462e+01	1.932123e+02
3.730000e-06	7.132605e-06	1.645779e-09	3.841086e+01	1.931822e+02
3.740000e-06	7.129501e-06	1.652462e-09	3.839414e+01	1.931427e+02
3.750000e-06	7.125919e-06	1.652027e-09	3.837486e+01	1.930944e+02
3.760000e-06	7.121702e-06	1.616954e-09	3.835215e+01	1.930375e+02
3.770000e-06	7.116644e-06	1.606426e-09	3.832491e+01	1.929727e+02
3.780000e-06	7.110839e-06	1.710576e-09	3.829364e+01	1.929003e+02
3.790000e-06	7.104549e-06	1.725909e-09	3.825977e+01	1.928207e+02
3.800000e-06	7.097980e-06	1.564918e-09	3.822440e+01	1.927345e+02
3.810000e-06	7.091109e-06	1.548216e-09	3.818740e+01	1.926419e+02
3.820000e-06	7.083795e-06	1.733364e-09	3.814801e+01	1.925436e+02
3.830000e-06	7.075918e-06	1.752717e-09	3.810559e+01	1.924398e+02
3.840000e-06	7.067574e-06	1.524923e-09	3.806066e+01	1.923309e+02
3.850000e-06	7.058799e-06	1.505045e-09	3.801340e+01	1.922173e+02
3.860000e-06	7.049606e-06	1.786955e-09	3.796389e+01	1.920993e+02
3.870000e-06	7.039933e-06	1.799650e-09	3.791180e+01	1.919773e+02
3.880000e-06	7.029722e-06	1.473918e-09	3.785681e+01	1.918513e+02
3.890000e-06	7.018987e-06	1.482152e-09	3.779900e+01	1.917218e+02
3.900000e-06	7.007819e-06	1.820517e-09	3.773886e+01	1.915888e+02
3.910000e-06	6.996041e-06	1.764039e-09	3.767543e+01	1.914525e+02
3.920000e-06	6.983601e-06	1.435653e-09	3.760844e+01	1.913129e+02
3.930000e-06	6.970581e-06	1.568772e-09	3.753832e+01	1.911703e+02
3.940000e-06	6.956774e-06	1.864153e-09	3.746397e+01	1.910245e+02
3.950000e-06	6.942168e-06	1.653872e-09	3.738531e+01	1.908755e+02
3.960000e-06	6.926950e-06	1.428817e-09	3.730336e+01	1.907234e+02
3.970000e-06	6.911256e-06	1.703379e-09	3.721884e+01	1.905679e+02
3.980000e-06	6.895094e-06	1.821238e-09	3.713180e+01	1.904090e+02
3.990000e-06	6.878469e-06	1.509798e-09	3.704228e+01	1.902464e+02
4.000000e-06	6.861428e-06	1.533744e-09	3.695051e+01	1.900801e+02
4.010000e-06	6.843981e-06	1.833500e-09	3.685655e+01	1.899096e+02
4.020000e-06	6.826016e-06	1.664319e-09	3.675980e+01	1.897348e+02
4.030000e-06	6.807549e-06	1.430741e-09	3.666036e+01	1.895554e+02
4.040000e-06	6.788610e-06	1.702169e-09	3.655836e+01	1.893711e+02
4.050000e-06	6.769226e-06	1.813684e-09	3.645397e+01	1.891815e+02
4.060000e-06	6.749392e-06	1.504432e-09	3.634717e+01	1.889863e+02
4.070000e-06	6.729158e-06	1.543982e-09	3.623820e+01	1.887852e+02
4.080000e-06	6.708645e-06	1.808988e-09	3.612773e+01	1.885779e+02
4.090000e-06	6.687719e-06	1.633650e-09	3.601504e+01	1.883639e+02
4.100000e-06	6.666127e-06	1.481906e-09	3.589876e+01	1.881430e+02
4.110000e-06	6.643766e-06	1.717623e-09	3.577834e+01	1.879148e+02
4.120000e-06	6.620653e-06	1.714129e-09	3.565387e+01	1.876790e+02
4.130000e-06	6.596965e-06	1.504469e-09	3.552631e+01	1.874353e+02
4.140000e-06	6.572907e-06	1.637432e-09	3.539675e+01	1.871835e+02
4.150000e-06	6.548537e-06	1.743267e-09	3.526551e+01	1.869232e+02
4.160000e-06	6.523732e-06	1.550300e-09	3.513193e+01	1.866543e+02
4.170000e-06	6.498511e-06	1.565971e-09	3.499611e+01	1.863766e+02
4.180000e-06	6.472771e-06	1.717206e-09	3.485749e+01	1.860899e+02
4.190000e-06	6.446504e-06	1.606849e-09	3.471604e+01	1.857941e+02
4.200000e-06	6.419839e-06	1.553263e-09	3.457244e+01	1.854890e+02
4.210000e-06	6.392710e-06	1.680368e-09	3.442634e+01	1.851747e+02
4.220000e-06	6.365125e-06	1.631228e-09	3.427779e+01	1.848511e+02
4.230000e-06	6.337204e-06	1.549853e-09	3.412743e+01	1.845182e+02
4.240000e-06	6.309034e-06	1.640946e-09	3.397572e+01	1.841761e+02
4.250000e-06	6.280513e-06	1.640650e-09	3.382213e+01	1.838248e+02
4.260000e-06	6.251433e-06	1.562570e-09	3.366553e+01	1.834645e+02
4.270000e-06	6.221666e-06	1.611374e-09	3.350522e+01	1.830952e+02
4.280000e-06	6.191328e-06	1.633348e-09	3.334185e+01	1.827171e+02
4.290000e-06	6.160475e-06	1.577739e-09	3.317570e+01	1.823305e+02
4.300000e-06	6.129112e-06	1.594662e-09	3.300680e+01	1.819353e+02
4.310000e-06	6.097150e-06	1.611402e-09	3.283468e+01	1.815319e+02
4.320000e-06	6.064721e-06	1.576170e-09	3.266004e+01	1.811204e+02
4.330000e-06	6.031805e-06	1.586312e-09	3.248278e+01	1.807010e+02
4.340000e-06	5.998499e-06	1.600771e-09	3.230342e+01	1.802738e+02
4.350000e-06	5.964983e-06	1.577672e-09	3.212292e+01	1.798391e+02
4.360000e-06	5.931048e-06	1.580226e-09	3.194018e+01	1.793969e+02
4.370000e-06	5.896649e-06	1.584549e-09	3.175493e+01	1.789474e+02
4.380000e-06	5.861852e-06	1.567616e-09	3.156754e+01	1.784906e+02
4.390000e-06	5.826753e-06	1.572913e-09	3.137852e+01	1.780267e+02
4.400000e-06	5.791282e-06	1.574915e-09	3.118750e+01	1.775556e+02
4.410000e-06	5.755439e-06	1.557383e-09	3.099448e+01	1.770774e+02
4.420000e-06	5.719367e-06	1.561537e-09	3.080022e+01	1.765920e+02
4.430000e-06	5.683065e-06	1.567882e-09	3.060472e+01	1.760993e+02
4.440000e-06	5.646416e-06	1.552847e-09	3.040736e+01	1.755993e+02
4.450000e-06	5.609118e-06	1.548246e-09	3.020650e+01	1.750917e+02
4.460000e-06	5.571043e-06	1.553308e-09	3.000146e+01	1.745765e+02
4.470000e-06	5.532227e-06	1.546142e-09	2.979243e+01	1.740534e+02
4.480000e-06	5.492796e-06	1.539502e-09	2.958008e+01	1.735222e+02
4.490000e-06	5.453007e-06	1.538681e-09	2.936581e+01	1.729826e+02
4.500000e-06	5.412898e-06	1.532802e-09	2.914981e+01	1.724344e+02
4.510000e-06	5.372548e-06	1.526303e-09	2.893252e+01	1.718774e+02
4.520000e-06	5.332035e-06	1.524677e-09	2.871434e+01	1.713112e+02
4.530000e-06	5.291187e-06	1.522607e-09	2.849437e+01	1.707357e+02
4.540000e-06	5.249920e-06	1.517364e-09	2.827213e+01	1.701504e+02
4.550000e-06	5.208330e-06	1.510977e-09	2.804816e+01	1.695553e+02
4.560000e-06	5.166509e-06	1.505889e-09	2.782294e+01	1.689501e+02
4.570000e-06	5.124356e-06	1.502671e-09	2.759594e+01	1.683345e+02
4.580000e-06	5.081761e-06	1.497903e-09	2.736655e+01	1.677085e+02
4.590000e-06	5.038745e-06	1.489414e-09	2.713490e+01	1.670718e+02
4.600000e-06	4.995452e-06	1.483261e-09	2.690176e+01	1.664244e+02
4.610000e-06	4.951814e-06	1.481310e-09	2.666676e+01	1.657662e+02
4.620000e-06	4.907769e-06	1.477489e-09	2.642957e+01	1.650973e+02
4.630000e-06	4.863450e-06	1.472499e-09	2.619089e+01	1.644175e+02
4.640000e-06	4.818967e-06	1.468007e-09	2.595134e+01	1.637271e+02
4.650000e-06	4.774296e-06	1.461780e-09	2.571078e+01	1.630261e+02
4.660000e-06	4.729230e-06	1.454307e-09	2.546809e+01	1.623146e+02
4.670000e-06	4.683800e-06	1.446879e-09	2.522343e+01	1.615927e+02
4.680000e-06	4.638040e-06	1.439473e-09	2.497701e+01	1.608607e+02
4.690000e-06	4.591871e-06	1.431525e-09	2.472837e+01	1.601188e+02
4.700000e-06	4.545268e-06	1.424276e-09	2.447740e+01	1.593671e+02
4.710000e-06	4.498405e-06	1.420567e-09	2.422503e+01	1.586059e+02
4.720000e-06	4.451353e-06	1.417926e-09	2.397165e+01	1.578354e+02
4.730000e-06	4.403943e-06	1.411385e-09	2.371633e+01	1.570557e+02
4.740000e-06	4.356084e-06	1.401673e-09	2.345860e+01	1.562670e+02
4.750000e-06	4.307836e-06	1.394524e-09	2.319878e+01	1.554694e+02
4.760000e-06	4.259322e-06	1.389991e-09	2.293751e+01	1.546630e+02
4.770000e-06	4.210471e-06	1.383152e-09	2.267444e+01	1.538478e+02
4.780000e-06	4.161121e-06	1.375992e-09	2.240868e+01	1.530238e+02
4.790000e-06	4.111246e-06	1.371168e-09	2.214009e+01	1.521910e+02
4.800000e-06	4.061108e-06	1.366225e-09	2.187008e+01	1.513491e+02
4.810000e-06	4.010878e-06	1.359979e-09	2.159958e+01	1.504979e+02
4.820000e-06	3.960385e-06	1.352635e-09	2.132766e+01	1.496372e+02
4.830000e-06	3.909604e-06	1.344930e-09	2.105420e+01	1.487666e+02
4.840000e-06	3.858572e-06	1.337667e-09	2.077938e+01	1.478856e+02
4.850000e-06	3.807182e-06	1.330835e-09	2.050263e+01	1.469938e+02
4.860000e-06	3.755326e-06	1.323266e-09	2.022337e+01	1.460906e+02
4.870000e-06	3.703247e-06	1.315255e-09	1.994291e+01	1.451753e+02
4.880000e-06	3.651105e-06	1.306910e-09	1.966211e+01	1.442474e+02
4.890000e-06	3.598613e-06	1.298423e-09	1.937943e+01	1.433061e+02
4.900000e-06	3.545651e-06	1.291164e-09	1.909422e+01	1.423507e+02
4.910000e-06	3.492393e-06	1.284565e-09	1.880741e+01	1.413805e+02
4.920000e-06	3.439051e-06	1.276045e-09	1.852015e+01	1.403948e+02
4.930000e-06	3.385358e-06	1.265903e-09	1.823100e+01	1.393927e+02
4.940000e-06	3.331147e-06	1.257086e-09	1.793906e+01	1.383737e+02
4.950000e-06	3.276526e-06	1.249374e-09	1.764491e+01	1.373371e+02
4.960000e-06	3.221589e-06	1.240293e-09	1.734906e+01	1.362822e+02
4.970000e-06	3.166423e-06	1.229926e-09	1.705198e+01	1.352086e+02
4.980000e-06	3.110909e-06	1.219655e-09	1.675302e+01	1.341157e+02
4.990000e-06	3.055117e-06	1.210476e-09	1.645257e+01	1.330031e+02
5.000000e-06	2.999148e-06	1.201997e-09	1.615116e+01	1.318706e+02
5.010000e-06	2.942975e-06	1.191819e-09	1.584866e+01	1.307179e+02
5.020000e-06	2.886606e-06	1.180473e-09	1.554510e+01	1.295450e+02
5.030000e-06	2.830093e-06	1.169321e-09	1.524076e+01	1.283517e+02
5.040000e-06	2.773431e-06	1.158840e-09	1.493562e+01	1.271383e+02
5.050000e-06	2.716775e-06	1.148545e-09	1.463051e+01	1.259048e+02
5.060000e-06	2.659954e-06	1.137849e-09	1.432452e+01	1.246515e+02
5.070000e-06	2.602860e-06	1.126117e-09	1.401705e+01	1.233788e+02
5.080000e-06	2.545702e-06	1.114367e-09	1.370924e+01	1.220870e+02
5.090000e-06	2.488290e-06	1.103612e-09	1.340006e+01	1.207766e+02
5.100000e-06	2.430568e-06	1.092322e-09	1.308922e+01	1.194481e+02
5.110000e-06	2.372672e-06	1.079997e-09	1.277743e+01	1.181019e+02
5.120000e-06	2.314670e-06	1.067110e-09	1.246508e+01	1.167386e+02
5.130000e-06	2.256450e-06	1.054369e-09	1.215155e+01	1.153586e+02
5.140000e-06	2.198029e-06	1.042277e-09	1.183693e+01	1.139623e+02
5.150000e-06	2.139584e-06	1.030066e-09	1.152220e+01	1.125501e+02
5.160000e-06	2.080956e-06	1.016778e-09	1.120647e+01	1.111222e+02
5.170000e-06	2.022168e-06	1.002911e-09	1.088988e+01	1.096788e+02
5.180000e-06	1.963284e-06	9.896587e-10	1.057278e+01	1.082199e+02
5.190000e-06	1.904266e-06	9.767032e-10	1.025495e+01	1.067453e+02
5.200000e-06	1.845040e-06	9.636839e-10	9.936003e+00	1.052548e+02
5.210000e-06	1.785639e-06	9.498947e-10	9.616112e+00	1.037478e+02
5.220000e-06	1.726153e-06	9.342426e-10	9.295763e+00	1.022238e+02
5.230000e-06	1.666560e-06	9.198723e-10	8.974842e+00	1.006817e+02
5.240000e-06	1.606890e-06	9.070518e-10	8.653504e+00	9.912062e+01
5.250000e-06	1.547089e-06	8.915844e-10	8.331464e+00	9.753920e+01
5.260000e-06	1.487111e-06	8.750863e-10	8.008466e+00	9.593599e+01
5.270000e-06	1.427091e-06	8.603392e-10	7.685243e+00	9.430933e+01
5.280000e-06	1.367066e-06	8.455660e-10	7.361990e+00	9.265737e+01
5.290000e-06	1.306957e-06	8.295055e-10	7.038292e+00	9.097810e+01
5.300000e-06	1.246824e-06	8.116275e-10	6.714456e+00	8.926940e+01
5.310000e-06	1.186615e-06	7.927889e-10	6.390219e+00	8.752898e+01
5.320000e-06	1.126256e-06	7.750187e-10	6.065171e+00	8.575450e+01
5.330000e-06	1.065895e-06	7.584878e-10	5.740110e+00	8.394353e+01
5.340000e-06	1.005637e-06	7.428313e-10	5.415608e+00	8.209363e+01
5.350000e-06	9.453060e-07	7.263529e-10	5.090709e+00	8.020234e+01
5.360000e-06	8.849181e-07	7.072326e-10	4.765505e+00	7.826728e+01
5.370000e-06	8.245161e-07	6.874254e-10	4.440225e+00	7.628613e+01
5.380000e-06	7.640814e-07	6.685555e-10	4.114770e+00	7.425666e+01
5.390000e-06	7.035832e-07	6.496384e-10	3.788972e+00	7.217685e+01
5.400000e-06	6.428888e-07	6.297567e-10	3.462117e+00	7.004483e+01
5.410000e-06	5.822027e-07	6.096083e-10	3.135307e+00	6.785897e+01
5.420000e-06	5.216462e-07	5.902985e-10	2.809195e+00	6.561792e+01
5.430000e-06	4.610821e-07	5.710666e-10	2.483043e+00	6.332059e+01
5.440000e-06	4.004255e-07	5.508553e-10	2.156391e+00	6.096622e+01
5.450000e-06	3.396301e-07	5.285673e-10	1.828993e+00	5.855442e+01
5.460000e-06	2.788382e-07	5.052011e-10	1.501613e+00	5.608513e+01
5.470000e-06	2.180668e-07	4.821118e-10	1.174345e+00	5.355869e+01
5.480000e-06	1.572719e-07	4.598245e-10	8.469487e-01	5.097582e+01
5.490000e-06	9.651984e-08	4.370446e-10	5.197835e-01	4.833763e+01
5.500000e-06	3.571530e-08	4.124496e-10	1.923358e-01	4.564564e+01
5.510000e-06	-2.518046e-08	3.869763e-10	-1.356031e-01	4.290175e+01
5.520000e-06	-8.613812e-08	3.617045e-10	-4.638753e-01	4.010825e+01
5.530000e-06	-1.471423e-07	3.374499e-10	-7.923979e-01	3.726777e+01
5.540000e-06	-2.080536e-07	3.131404e-10	-1.120421e+00	3.438332e+01
5.550000e-06	-2.688108e-07	2.885246e-10	-1.447613e+00	3.145820e+01
5.560000e-06	-3.295818e-07	2.635315e-10	-1.774880e+00	2.849602e+01
5.570000e-06	-3.904091e-07	2.376456e-10	-2.102451e+00	2.550063e+01
5.580000e-06	-4.511573e-07	2.111952e-10	-2.429595e+00	2.247614e+01
5.590000e-06	-5.117925e-07	1.836539e-10	-2.756131e+00	1.942680e+01
5.600000e-06	-5.724225e-07	1.567984e-10	-3.082639e+00	1.635702e+01
5.610000e-06	-6.331059e-07	1.312389e-10	-3.409434e+00	1.327134e+01
5.620000e-06	-6.937656e-07	1.055217e-10	-3.736101e+00	1.017431e+01
5.630000e-06	-7.543171e-07	7.984554e-11	-4.062186e+00	7.070535e+00
5.640000e-06	-8.147553e-07	5.236733e-11	-4.387661e+00	3.964579e+00
5.650000e-06	-8.751621e-07	2.306151e-11	-4.712967e+00	8.609406e-01
5.660000e-06	-9.356230e-07	-5.068330e-12	-5.038564e+00	-2.235991e+00
5.670000e-06	-9.960721e-07	-3.104565e-11	-5.364097e+00	-5.321968e+00
5.680000e-06	-1.056410e-06	-5.572895e-11	-5.689034e+00	-8.392926e+00
5.690000e-06	-1.116681e-06	-8.064268e-11	-6.013607e+00	-1.144501e+01
5.700000e-06	-1.176827e-06	-1.069465e-10	-6.337508e+00	-1.447460e+01
5.710000e-06	-1.236851e-06	-1.337042e-10	-6.660751e+00	-1.747834e+01
5.720000e-06	-1.296924e-06	-1.591525e-10	-6.984261e+00	-2.045317e+01
5.730000e-06	-1.356986e-06	-1.838804e-10	-7.307711e+00	-2.339631e+01
5.740000e-06	-1.416934e-06	-2.085218e-10	-7.630546e+00	-2.630529e+01
5.750000e-06	-1.476827e-06	-2.335387e-10	-7.953083e+00	-2.917798e+01
5.760000e-06	-1.536686e-06	-2.595866e-10	-8.275440e+00	-3.201255e+01
5.770000e-06	-1.596495e-06	-2.850468e-10	-8.597524e+00	-3.480747e+01
5.780000e-06	-1.656175e-06	-3.100396e-10	-8.918918e+00	-3.756156e+01
5.790000e-06	-1.715631e-06	-3.357379e-10	-9.239104e+00	-4.027392e+01
5.800000e-06	-1.774989e-06	-3.617515e-10	-9.558759e+00	-4.294392e+01
5.810000e-06	-1.834252e-06	-3.861325e-10	-9.877905e+00	-4.557124e+01
5.820000e-06	-1.893325e-06	-4.082865e-10	-1.019603e+01	-4.815580e+01
5.830000e-06	-1.952249e-06	-4.314073e-10	-1.051335e+01	-5.069773e+01
5.840000e-06	-2.011032e-06	-4.567537e-10	-1.082991e+01	-5.319739e+01
5.850000e-06	-2.069699e-06	-4.814060e-10	-1.114584e+01	-5.565534e+01
5.860000e-06	-2.128283e-06	-5.028318e-10	-1.146134e+01	-5.807226e+01
5.870000e-06	-2.186795e-06	-5.231362e-10	-1.177644e+01	-6.044901e+01
5.880000e-06	-2.245058e-06	-5.445971e-10	-1.209020e+01	-6.278653e+01
5.890000e-06	-2.303138e-06	-5.658689e-10	-1.240298e+01	-6.508586e+01
5.900000e-06	-2.361089e-06	-5.873274e-10	-1.271506e+01	-6.734810e+01
5.910000e-06	-2.418708e-06	-6.093774e-10	-1.302535e+01	-6.957438e+01
5.920000e-06	-2.476154e-06	-6.308845e-10	-1.333471e+01	-7.176587e+01
5.930000e-06	-2.533453e-06	-6.520078e-10	-1.364328e+01	-7.392372e+01
5.940000e-06	-2.590483e-06	-6.732535e-10	-1.395040e+01	-7.604908e+01
5.950000e-06	-2.647335e-06	-6.950471e-10	-1.425656e+01	-7.814305e+01
5.960000e-06	-2.704022e-06	-7.158106e-10	-1.456183e+01	-8.020669e+01
5.970000e-06	-2.760605e-06	-7.346654e-10	-1.486655e+01	-8.224102e+01
5.980000e-06	-2.817051e-06	-7.529780e-10	-1.517053e+01	-8.424698e+01
5.990000e-06	-2.873307e-06	-7.712216e-10	-1.547348e+01	-8.622544e+01
6.000000e-06	-2.929455e-06	-7.891631e-10	-1.577585e+01	-8.817720e+01
6.010000e-06	-2.985445e-06	-8.066899e-10	-1.607737e+01	-9.010298e+01
6.020000e-06	-3.041241e-06	-8.234450e-10	-1.637784e+01	-9.200345e+01
6.030000e-06	-3.096825e-06	-8.401541e-10	-1.667718e+01	-9.387916e+01
6.040000e-06	-3.152299e-06	-8.569630e-10	-1.697592e+01	-9.573062e+01
6.050000e-06	-3.207572e-06	-8.732602e-10	-1.727358e+01	-9.755827e+01
6.060000e-06	-3.262336e-06	-8.892084e-10	-1.756850e+01	-9.936249e+01
6.070000e-06	-3.316547e-06	-9.046560e-10	-1.786044e+01	-1.011436e+02
6.080000e-06	-3.370365e-06	-9.203283e-10	-1.815026e+01	-1.029018e+02
6.090000e-06	-3.423979e-06	-9.371705e-10	-1.843898e+01	-1.046374e+02
6.100000e-06	-3.477390e-06	-9.553221e-10	-1.872661e+01	-1.063505e+02
6.110000e-06	-3.530349e-06	-9.721452e-10	-1.901181e+01	-1.080414e+02
6.120000e-06	-3.582882e-06	-9.862993e-10	-1.929472e+01	-1.097101e+02
6.130000e-06	-3.635220e-06	-1.000474e-09	-1.957657e+01	-1.113567e+02
6.140000e-06	-3.687281e-06	-1.015777e-09	-1.985693e+01	-1.129813e+02
6.150000e-06	-3.738997e-06	-1.031237e-09	-2.013544e+01	-1.145840e+02
6.160000e-06	-3.790430e-06	-1.046647e-09	-2.041241e+01	-1.161649e+02
6.170000e-06	-3.841589e-06	-1.062297e-09	-2.068792e+01	-1.177241e+02
6.180000e-06	-3.892436e-06	-1.076886e-09	-2.096174e+01	-1.192615e+02
6.190000e-06	-3.943025e-06	-1.089748e-09	-2.123418e+01	-1.207773e+02
6.200000e-06	-3.993372e-06	-1.102480e-09	-2.150531e+01	-1.222715e+02
6.210000e-06	-4.043497e-06	-1.115072e-09	-2.177524e+01	-1.237442e+02
6.220000e-06	-4.093213e-06	-1.127168e-09	-2.204298e+01	-1.251954e+02
6.230000e-06	-4.142446e-06	-1.139782e-09	-2.230811e+01	-1.266252e+02
6.240000e-06	-4.191360e-06	-1.152723e-09	-2.257152e+01	-1.280336e+02
6.250000e-06	-4.239938e-06	-1.165258e-09	-2.283313e+01	-1.294207e+02
6.260000e-06	-4.288111e-06	-1.176860e-09	-2.309255e+01	-1.307864e+02
6.270000e-06	-4.335787e-06	-1.187808e-09	-2.334930e+01	-1.321309e+02
6.280000e-06	-4.383005e-06	-1.199442e-09	-2.360358e+01	-1.334541e+02
6.290000e-06	-4.429891e-06	-1.212720e-09	-2.385607e+01	-1.347561e+02
6.300000e-06	-4.476668e-06	-1.225762e-09	-2.410798e+01	-1.360369e+02
6.310000e-06	-4.523276e-06	-1.236792e-09	-2.435897e+01	-1.372963e+02
6.320000e-06	-4.569526e-06	-1.246916e-09	-2.460804e+01	-1.385345e+02
6.330000e-06	-4.615445e-06	-1.258084e-09	-2.485532e+01	-1.397515e+02
6.340000e-06	-4.661090e-06	-1.270461e-09	-2.510113e+01	-1.409471e+02
6.350000e-06	-4.706338e-06	-1.282394e-09	-2.534481e+01	-1.421213e+02
6.360000e-06	-4.751227e-06	-1.292386e-09	-2.558654e+01	-1.432743e+02
6.370000e-06	-4.795926e-06	-1.300874e-09	-2.582726e+01	-1.444058e+02
6.380000e-06	-4.840377e-06	-1.309551e-09	-2.606664e+01	-1.455160e+02
6.390000e-06	-4.884546e-06	-1.319714e-09	-2.630450e+01	-1.466048e+02
6.400000e-06	-4.928421e-06	-1.329291e-09	-2.654078e+01	-1.476723e+02
6.410000e-06	-4.972001e-06	-1.337341e-09	-2.677547e+01	-1.487185e+02
6.420000e-06	-5.015190e-06	-1.347325e-09	-2.700805e+01	-1.497435e+02
6.430000e-06	-5.057973e-06	-1.358244e-09	-2.723845e+01	-1.507474e+02
6.440000e-06	-5.100479e-06	-1.367460e-09	-2.746735e+01	-1.517303e+02
6.450000e-06	-5.142648e-06	-1.375574e-09	-2.769445e+01	-1.526925e+02
6.460000e-06	-5.184504e-06	-1.383158e-09	-2.791985e+01	-1.536341e+02
6.470000e-06	-5.226067e-06	-1.391431e-09	-2.814368e+01	-1.545555e+02
6.480000e-06	-5.267248e-06	-1.400470e-09	-2.836545e+01	-1.554570e+02
6.490000e-06	-5.307939e-06	-1.409395e-09	-2.858458e+01	-1.563388e+02
6.500000e-06	-5.348191e-06	-1.417984e-09	-2.880135e+01	-1.572015e+02
6.510000e-06	-5.388236e-06	-1.425340e-09	-2.901700e+01	-1.580454e+02
6.520000e-06	-5.428060e-06	-1.432495e-09	-2.923146e+01	-1.588711e+02
6.530000e-06	-5.467633e-06	-1.439213e-09	-2.944457e+01	-1.596791e+02
6.540000e-06	-5.506813e-06	-1.444980e-09	-2.965556e+01	-1.604699e+02
6.550000e-06	-5.545393e-06	-1.451596e-09	-2.986333e+01	-1.612443e+02
6.560000e-06	-5.583398e-06	-1.459283e-09	-3.006799e+01	-1.620026e+02
6.570000e-06	-5.620941e-06	-1.466374e-09	-3.027017e+01	-1.627458e+02
6.580000e-06	-5.657862e-06	-1.473177e-09	-3.046900e+01	-1.634743e+02
6.590000e-06	-5.694244e-06	-1.479834e-09	-3.066493e+01	-1.641888e+02
6.600000e-06	-5.730391e-06	-1.485325e-09	-3.085959e+01	-1.648901e+02
6.610000e-06	-5.766168e-06	-1.490092e-09	-3.105225e+01	-1.655788e+02
6.620000e-06	-5.801699e-06	-1.494512e-09	-3.124360e+01	-1.662554e+02
6.630000e-06	-5.836940e-06	-1.499465e-09	-3.143338e+01	-1.669207e+02
6.640000e-06	-5.871624e-06	-1.504827e-09	-3.162016e+01	-1.675753e+02
6.650000e-06	-5.905882e-06	-1.510283e-09	-3.180465e+01	-1.682196e+02
6.660000e-06	-5.939769e-06	-1.515453e-09	-3.198714e+01	-1.688543e+02
6.670000e-06	-5.973210e-06	-1.520406e-09	-3.216723e+01	-1.694797e+02
6.680000e-06	-6.006115e-06	-1.525573e-09	-3.234443e+01	-1.700965e+02
6.690000e-06	-6.038529e-06	-1.530737e-09	-3.251899e+01	-1.707048e+02
6.700000e-06	-6.070672e-06	-1.536577e-09	-3.269209e+01	-1.713051e+02
6.710000e-06	-6.102643e-06	-1.542460e-09	-3.286426e+01	-1.718977e+02
6.720000e-06	-6.134305e-06	-1.547544e-09	-3.303476e+01	-1.724828e+02
6.730000e-06	-6.165403e-06	-1.552250e-09	-3.320224e+01	-1.730605e+02
6.740000e-06	-6.195876e-06	-1.555809e-09	-3.336634e+01	-1.736311e+02
6.750000e-06	-6.225740e-06	-1.559257e-09	-3.352717e+01	-1.741945e+02
6.760000e-06	-6.254940e-06	-1.564233e-09	-3.368442e+01	-1.747509e+02
6.770000e-06	-6.283656e-06	-1.567943e-09	-3.383906e+01	-1.753002e+02
6.780000e-06	-6.311983e-06	-1.570682e-09	-3.399161e+01	-1.758424e+02
6.790000e-06	-6.339973e-06	-1.574804e-09	-3.414234e+01	-1.763775e+02
6.800000e-06	-6.367632e-06	-1.577678e-09	-3.429129e+01	-1.769053e+02
6.810000e-06	-6.394801e-06	-1.579621e-09	-3.443760e+01	-1.774258e+02
6.820000e-06	-6.421378e-06	-1.581907e-09	-3.458072e+01	-1.779389e+02
6.830000e-06	-6.447570e-06	-1.584871e-09	-3.472177e+01	-1.784443e+02
6.840000e-06	-6.473441e-06	-1.589884e-09	-3.486110e+01	-1.789420e+02
6.850000e-06	-6.498738e-06	-1.593747e-09	-3.499733e+01	-1.794319e+02
6.860000e-06	-6.523491e-06	-1.595605e-09	-3.513063e+01	-1.799138e+02
6.870000e-06	-6.547952e-06	-1.597939e-09	-3.526236e+01	-1.803877e+02
6.880000e-06	-6.572184e-06	-1.601704e-09	-3.539285e+01	-1.808534e+02
6.890000e-06	-6.596075e-06	-1.607316e-09	-3.552151e+01	-1.813109e+02
6.900000e-06	-6.619422e-06	-1.611768e-09	-3.564724e+01	-1.817600e+02
6.910000e-06	-6.642153e-06	-1.613367e-09	-3.576966e+01	-1.822008e+02
6.920000e-06	-6.664210e-06	-1.615136e-09	-3.588844e+01	-1.826333e+02
6.930000e-06	-6.685516e-06	-1.617067e-09	-3.600318e+01	-1.830574e+02
6.940000e-06	-6.706256e-06	-1.619370e-09	-3.611486e+01	-1.834732e+02
6.950000e-06	-6.726640e-06	-1.622961e-09	-3.622464e+01	-1.838806e+02
6.960000e-06	-6.746586e-06	-1.625805e-09	-3.633205e+01	-1.842798e+02
6.970000e-06	-6.766055e-06	-1.628622e-09	-3.643690e+01	-1.846709e+02
6.980000e-06	-6.785160e-06	-1.632358e-09	-3.653979e+01	-1.850538e+02
6.990000e-06	-6.803807e-06	-1.634786e-09	-3.664020e+01	-1.854286e+02
7.000000e-06	-6.822071e-06	-1.635828e-09	-3.673856e+01	-1.857955e+02
7.010000e-06	-6.839859e-06	-1.637037e-09	-3.683435e+01	-1.861544e+02
7.020000e-06	-6.856954e-06	-1.638180e-09	-3.692641e+01	-1.865056e+02
7.030000e-06	-6.873590e-06	-1.639584e-09	-3.701600e+01	-1.868489e+02
7.040000e-06	-6.890005e-06	-1.641550e-09	-3.710440e+01	-1.871845e+02
7.050000e-06	-6.906161e-06	-1.643282e-09	-3.719140e+01	-1.875123e+02
7.060000e-06	-6.921808e-06	-1.645633e-09	-3.727567e+01	-1.878325e+02
7.070000e-06	-6.936754e-06	-1.649370e-09	-3.735616e+01	-1.881448e+02
7.080000e-06	-6.950917e-06	-1.651682e-09	-3.743243e+01	-1.884493e+02
7.090000e-06	-6.964355e-06	-1.652485e-09	-3.750480e+01	-1.887460e+02
7.100000e-06	-6.977230e-06	-1.653585e-09	-3.757413e+01	-1.890346e+02
7.110000e-06	-6.989548e-06	-1.654948e-09	-3.764046e+01	-1.893151e+02
7.120000e-06	-7.001264e-06	-1.657601e-09	-3.770356e+01	-1.895873e+02
7.130000e-06	-7.012397e-06	-1.660624e-09	-3.776351e+01	-1.898510e+02
7.140000e-06	-7.023074e-06	-1.663076e-09	-3.782101e+01	-1.901061e+02
7.150000e-06	-7.033312e-06	-1.664994e-09	-3.787614e+01	-1.903522e+02
7.160000e-06	-7.043080e-06	-1.666649e-09	-3.792875e+01	-1.905891e+02
7.170000e-06	-7.052476e-06	-1.668192e-09	-3.797934e+01	-1.908166e+02
7.180000e-06	-7.061410e-06	-1.669133e-09	-3.802746e+01	-1.910344e+02
7.190000e-06	-7.069843e-06	-1.668881e-09	-3.807287e+01	-1.912423e+02
7.200000e-06	-7.077939e-06	-1.668611e-09	-3.811647e+01	-1.914399e+02
7.210000e-06	-7.085654e-06	-1.670396e-09	-3.815802e+01	-1.916270e+02
7.220000e-06	-7.092789e-06	-1.671727e-09	-3.819644e+01	-1.918034e+02
7.230000e-06	-7.099222e-06	-1.670539e-09	-3.823109e+01	-1.919687e+02
7.240000e-06	-7.104932e-06	-1.669151e-09	-3.826184e+01	-1.921228e+02
7.250000e-06	-7.109963e-06	-1.668929e-09	-3.828893e+01	-1.922656e+02
7.260000e-06	-7.114525e-06	-1.669514e-09	-3.831350e+01	-1.923967e+02
7.270000e-06	-7.118696e-06	-1.670190e-09	-3.833596e+01	-1.925161e+02
7.280000e-06	-7.122451e-06	-1.671127e-09	-3.835618e+01	-1.926237e+02
7.290000e-06	-7.125697e-06	-1.671523e-09	-3.837366e+01	-1.927195e+02
7.300000e-06	-7.128490e-06	-1.670535e-09	-3.838870e+01	-1.928033e+02
7.310000e-06	-7.130861e-06	-1.669768e-09	-3.840147e+01	-1.928753e+02
7.320000e-06	-7.132674e-06	-1.669421e-09	-3.841123e+01	-1.929354e+02
7.330000e-06	-7.133915e-06	-1.669363e-09	-3.841792e+01	-1.929839e+02
7.340000e-06	-7.134632e-06	-1.669217e-09	-3.842178e+01	-1.930208e+02
