# Temperatura_=_20.0
# Concentracion g/m^3_=_7400.0
# C_Vs_to_Am_M_A/Vsm_=_116720831517.84952
# pendiente_HvsI_1/m_=_3716.3
# ordenada_HvsI_A/m_=_1297.0
# frecuencia_Hz_=_136116.3815395371

Tiempo_(s)	Campo_(V.s)	Magnetizacion_(V.s)	Campo_(kA/m)	Magnetizacion_(A/m)
0.000000e+00	-7.125198e-06	-1.267225e-09	-3.842014e+01	-1.472570e+02
1.000000e-08	-7.125490e-06	-1.266022e-09	-3.842171e+01	-1.472199e+02
2.000000e-08	-7.125450e-06	-1.265905e-09	-3.842150e+01	-1.471770e+02
3.000000e-08	-7.124905e-06	-1.265637e-09	-3.841856e+01	-1.471285e+02
4.000000e-08	-7.123692e-06	-1.265120e-09	-3.841202e+01	-1.470746e+02
5.000000e-08	-7.121726e-06	-1.264134e-09	-3.840142e+01	-1.470154e+02
6.000000e-08	-7.119084e-06	-1.262998e-09	-3.838717e+01	-1.469511e+02
7.000000e-08	-7.115863e-06	-1.261168e-09	-3.836980e+01	-1.468818e+02
8.000000e-08	-7.112162e-06	-1.259272e-09	-3.834985e+01	-1.468075e+02
9.000000e-08	-7.108068e-06	-1.268530e-09	-3.832777e+01	-1.467285e+02
1.000000e-07	-7.103246e-06	-1.271890e-09	-3.830177e+01	-1.466449e+02
1.100000e-07	-7.097677e-06	-1.230770e-09	-3.827174e+01	-1.465567e+02
1.200000e-07	-7.091844e-06	-1.210874e-09	-3.824029e+01	-1.464641e+02
1.300000e-07	-7.085828e-06	-1.280997e-09	-3.820785e+01	-1.463671e+02
1.400000e-07	-7.079333e-06	-1.321525e-09	-3.817283e+01	-1.462660e+02
1.500000e-07	-7.072265e-06	-1.225495e-09	-3.813472e+01	-1.461609e+02
1.600000e-07	-7.064790e-06	-1.171195e-09	-3.809441e+01	-1.460518e+02
1.700000e-07	-7.056919e-06	-1.288833e-09	-3.805197e+01	-1.459391e+02
1.800000e-07	-7.048422e-06	-1.336956e-09	-3.800615e+01	-1.458227e+02
1.900000e-07	-7.039215e-06	-1.185582e-09	-3.795651e+01	-1.457030e+02
2.000000e-07	-7.029288e-06	-1.133888e-09	-3.790298e+01	-1.455800e+02
2.100000e-07	-7.018888e-06	-1.307023e-09	-3.784690e+01	-1.454539e+02
2.200000e-07	-7.008102e-06	-1.343884e-09	-3.778874e+01	-1.453250e+02
2.300000e-07	-6.996657e-06	-1.168622e-09	-3.772703e+01	-1.451933e+02
2.400000e-07	-6.984612e-06	-1.151653e-09	-3.766208e+01	-1.450590e+02
2.500000e-07	-6.972037e-06	-1.306229e-09	-3.759427e+01	-1.449223e+02
2.600000e-07	-6.958849e-06	-1.278553e-09	-3.752316e+01	-1.447833e+02
2.700000e-07	-6.945053e-06	-1.149581e-09	-3.744877e+01	-1.446421e+02
2.800000e-07	-6.930687e-06	-1.213639e-09	-3.737131e+01	-1.444987e+02
2.900000e-07	-6.915571e-06	-1.294536e-09	-3.728980e+01	-1.443532e+02
3.000000e-07	-6.899669e-06	-1.198539e-09	-3.720405e+01	-1.442057e+02
3.100000e-07	-6.883310e-06	-1.168944e-09	-3.711584e+01	-1.440560e+02
3.200000e-07	-6.866596e-06	-1.272790e-09	-3.702572e+01	-1.439042e+02
3.300000e-07	-6.849420e-06	-1.226630e-09	-3.693310e+01	-1.437502e+02
3.400000e-07	-6.831761e-06	-1.131496e-09	-3.683788e+01	-1.435938e+02
3.500000e-07	-6.813586e-06	-1.233782e-09	-3.673988e+01	-1.434349e+02
3.600000e-07	-6.795017e-06	-1.296438e-09	-3.663975e+01	-1.432732e+02
3.700000e-07	-6.775985e-06	-1.156187e-09	-3.653713e+01	-1.431085e+02
3.800000e-07	-6.756438e-06	-1.137670e-09	-3.643173e+01	-1.429406e+02
3.900000e-07	-6.736626e-06	-1.269483e-09	-3.632490e+01	-1.427691e+02
4.000000e-07	-6.716453e-06	-1.227463e-09	-3.621612e+01	-1.425937e+02
4.100000e-07	-6.695733e-06	-1.127803e-09	-3.610440e+01	-1.424140e+02
4.200000e-07	-6.674428e-06	-1.208317e-09	-3.598952e+01	-1.422298e+02
4.300000e-07	-6.652601e-06	-1.247887e-09	-3.587182e+01	-1.420406e+02
4.400000e-07	-6.630303e-06	-1.154321e-09	-3.575159e+01	-1.418461e+02
4.500000e-07	-6.607604e-06	-1.171305e-09	-3.562919e+01	-1.416458e+02
4.600000e-07	-6.584549e-06	-1.234427e-09	-3.550488e+01	-1.414396e+02
4.700000e-07	-6.561123e-06	-1.166858e-09	-3.537856e+01	-1.412269e+02
4.800000e-07	-6.537332e-06	-1.143420e-09	-3.525028e+01	-1.410076e+02
4.900000e-07	-6.513080e-06	-1.220251e-09	-3.511951e+01	-1.407813e+02
5.000000e-07	-6.488183e-06	-1.192262e-09	-3.498526e+01	-1.405478e+02
5.100000e-07	-6.462529e-06	-1.128111e-09	-3.484693e+01	-1.403068e+02
5.200000e-07	-6.436280e-06	-1.175101e-09	-3.470539e+01	-1.400583e+02
5.300000e-07	-6.409499e-06	-1.193573e-09	-3.456098e+01	-1.398021e+02
5.400000e-07	-6.382199e-06	-1.139111e-09	-3.441377e+01	-1.395381e+02
5.500000e-07	-6.354464e-06	-1.151784e-09	-3.426423e+01	-1.392662e+02
5.600000e-07	-6.326331e-06	-1.181833e-09	-3.411253e+01	-1.389866e+02
5.700000e-07	-6.297779e-06	-1.146467e-09	-3.395857e+01	-1.386991e+02
5.800000e-07	-6.268796e-06	-1.136186e-09	-3.380229e+01	-1.384041e+02
5.900000e-07	-6.239490e-06	-1.161434e-09	-3.364427e+01	-1.381014e+02
6.000000e-07	-6.209888e-06	-1.143750e-09	-3.348465e+01	-1.377914e+02
6.100000e-07	-6.179931e-06	-1.125434e-09	-3.332311e+01	-1.374742e+02
6.200000e-07	-6.149466e-06	-1.142811e-09	-3.315884e+01	-1.371499e+02
6.300000e-07	-6.118346e-06	-1.141625e-09	-3.299104e+01	-1.368188e+02
6.400000e-07	-6.086702e-06	-1.125102e-09	-3.282041e+01	-1.364810e+02
6.500000e-07	-6.054933e-06	-1.128904e-09	-3.264911e+01	-1.361368e+02
6.600000e-07	-6.023027e-06	-1.130104e-09	-3.247706e+01	-1.357863e+02
6.700000e-07	-5.990718e-06	-1.119192e-09	-3.230285e+01	-1.354297e+02
6.800000e-07	-5.957761e-06	-1.116791e-09	-3.212514e+01	-1.350670e+02
6.900000e-07	-5.923993e-06	-1.117229e-09	-3.194306e+01	-1.346985e+02
7.000000e-07	-5.889507e-06	-1.110570e-09	-3.175711e+01	-1.343241e+02
7.100000e-07	-5.854501e-06	-1.103428e-09	-3.156835e+01	-1.339437e+02
7.200000e-07	-5.819230e-06	-1.098907e-09	-3.137816e+01	-1.335575e+02
7.300000e-07	-5.783724e-06	-1.096116e-09	-3.118671e+01	-1.331652e+02
7.400000e-07	-5.747954e-06	-1.092866e-09	-3.099383e+01	-1.327667e+02
7.500000e-07	-5.711923e-06	-1.087931e-09	-3.079955e+01	-1.323617e+02
7.600000e-07	-5.675494e-06	-1.084455e-09	-3.060312e+01	-1.319501e+02
7.700000e-07	-5.638504e-06	-1.083000e-09	-3.040366e+01	-1.315315e+02
7.800000e-07	-5.601040e-06	-1.078652e-09	-3.020165e+01	-1.311055e+02
7.900000e-07	-5.563217e-06	-1.071536e-09	-2.999770e+01	-1.306718e+02
8.000000e-07	-5.524981e-06	-1.065125e-09	-2.979153e+01	-1.302299e+02
8.100000e-07	-5.486245e-06	-1.058380e-09	-2.958266e+01	-1.297793e+02
8.200000e-07	-5.447144e-06	-1.053806e-09	-2.937182e+01	-1.293196e+02
8.300000e-07	-5.407763e-06	-1.051332e-09	-2.915947e+01	-1.288504e+02
8.400000e-07	-5.368113e-06	-1.047230e-09	-2.894567e+01	-1.283711e+02
8.500000e-07	-5.328222e-06	-1.040636e-09	-2.873057e+01	-1.278812e+02
8.600000e-07	-5.287951e-06	-1.034588e-09	-2.851343e+01	-1.273805e+02
8.700000e-07	-5.247320e-06	-1.029867e-09	-2.829434e+01	-1.268683e+02
8.800000e-07	-5.206156e-06	-1.025394e-09	-2.807238e+01	-1.263445e+02
8.900000e-07	-5.164355e-06	-1.018517e-09	-2.784698e+01	-1.258086e+02
9.000000e-07	-5.121924e-06	-1.010247e-09	-2.761819e+01	-1.252604e+02
9.100000e-07	-5.078899e-06	-1.004088e-09	-2.738619e+01	-1.246998e+02
9.200000e-07	-5.035537e-06	-9.995050e-10	-2.715237e+01	-1.241265e+02
9.300000e-07	-4.991911e-06	-9.937655e-10	-2.691713e+01	-1.235405e+02
9.400000e-07	-4.948110e-06	-9.867998e-10	-2.668095e+01	-1.229419e+02
9.500000e-07	-4.904124e-06	-9.807793e-10	-2.644377e+01	-1.223307e+02
9.600000e-07	-4.859836e-06	-9.768882e-10	-2.620496e+01	-1.217070e+02
9.700000e-07	-4.815144e-06	-9.734816e-10	-2.596398e+01	-1.210711e+02
9.800000e-07	-4.769988e-06	-9.683873e-10	-2.572049e+01	-1.204232e+02
9.900000e-07	-4.724568e-06	-9.619822e-10	-2.547558e+01	-1.197637e+02
1.000000e-06	-4.678905e-06	-9.548545e-10	-2.522936e+01	-1.190929e+02
1.010000e-06	-4.632718e-06	-9.478164e-10	-2.498031e+01	-1.184114e+02
1.020000e-06	-4.586178e-06	-9.413795e-10	-2.472936e+01	-1.177193e+02
1.030000e-06	-4.539558e-06	-9.351766e-10	-2.447798e+01	-1.170174e+02
1.040000e-06	-4.492612e-06	-9.284910e-10	-2.422484e+01	-1.163059e+02
1.050000e-06	-4.445285e-06	-9.239747e-10	-2.396964e+01	-1.155854e+02
1.060000e-06	-4.397713e-06	-9.205452e-10	-2.371313e+01	-1.148563e+02
1.070000e-06	-4.349847e-06	-9.159205e-10	-2.345503e+01	-1.141189e+02
1.080000e-06	-4.301680e-06	-9.107583e-10	-2.319530e+01	-1.133737e+02
1.090000e-06	-4.253165e-06	-9.038613e-10	-2.293370e+01	-1.126209e+02
1.100000e-06	-4.204328e-06	-8.958446e-10	-2.267037e+01	-1.118607e+02
1.110000e-06	-4.155025e-06	-8.885112e-10	-2.240452e+01	-1.110933e+02
1.120000e-06	-4.105065e-06	-8.811308e-10	-2.213513e+01	-1.103188e+02
1.130000e-06	-4.054746e-06	-8.736758e-10	-2.186380e+01	-1.095372e+02
1.140000e-06	-4.004091e-06	-8.667890e-10	-2.159066e+01	-1.087484e+02
1.150000e-06	-3.952979e-06	-8.611555e-10	-2.131506e+01	-1.079522e+02
1.160000e-06	-3.901574e-06	-8.564084e-10	-2.103788e+01	-1.071484e+02
1.170000e-06	-3.849943e-06	-8.511504e-10	-2.075947e+01	-1.063367e+02
1.180000e-06	-3.798138e-06	-8.444643e-10	-2.048013e+01	-1.055165e+02
1.190000e-06	-3.746113e-06	-8.362559e-10	-2.019960e+01	-1.046875e+02
1.200000e-06	-3.693656e-06	-8.272666e-10	-1.991675e+01	-1.038490e+02
1.210000e-06	-3.640768e-06	-8.191493e-10	-1.963157e+01	-1.030004e+02
1.220000e-06	-3.587628e-06	-8.117580e-10	-1.934503e+01	-1.021412e+02
1.230000e-06	-3.534288e-06	-8.045108e-10	-1.905741e+01	-1.012705e+02
1.240000e-06	-3.480724e-06	-7.978156e-10	-1.876858e+01	-1.003877e+02
1.250000e-06	-3.426939e-06	-7.921463e-10	-1.847857e+01	-9.949218e+01
1.260000e-06	-3.372920e-06	-7.870994e-10	-1.818729e+01	-9.858311e+01
1.270000e-06	-3.318726e-06	-7.793601e-10	-1.789507e+01	-9.765987e+01
1.280000e-06	-3.264315e-06	-7.690397e-10	-1.760168e+01	-9.672183e+01
1.290000e-06	-3.209610e-06	-7.592355e-10	-1.730670e+01	-9.576840e+01
1.300000e-06	-3.154628e-06	-7.511350e-10	-1.701023e+01	-9.479907e+01
1.310000e-06	-3.099439e-06	-7.430069e-10	-1.671264e+01	-9.381339e+01
1.320000e-06	-3.044098e-06	-7.345295e-10	-1.641424e+01	-9.281101e+01
1.330000e-06	-2.988565e-06	-7.267822e-10	-1.611479e+01	-9.179165e+01
1.340000e-06	-2.932924e-06	-7.188414e-10	-1.581477e+01	-9.075514e+01
1.350000e-06	-2.877255e-06	-7.101539e-10	-1.551459e+01	-8.970140e+01
1.360000e-06	-2.821448e-06	-7.012719e-10	-1.521367e+01	-8.863046e+01
1.370000e-06	-2.765455e-06	-6.924315e-10	-1.491175e+01	-8.754244e+01
1.380000e-06	-2.709262e-06	-6.837937e-10	-1.460875e+01	-8.643757e+01
1.390000e-06	-2.652863e-06	-6.753826e-10	-1.430464e+01	-8.531614e+01
1.400000e-06	-2.596304e-06	-6.671382e-10	-1.399966e+01	-8.417855e+01
1.410000e-06	-2.539456e-06	-6.571469e-10	-1.369313e+01	-8.302527e+01
1.420000e-06	-2.482374e-06	-6.459445e-10	-1.338533e+01	-8.185682e+01
1.430000e-06	-2.425154e-06	-6.362335e-10	-1.307680e+01	-8.067376e+01
1.440000e-06	-2.367562e-06	-6.271006e-10	-1.276625e+01	-7.947671e+01
1.450000e-06	-2.309492e-06	-6.171040e-10	-1.245313e+01	-7.826629e+01
1.460000e-06	-2.251001e-06	-6.071214e-10	-1.213773e+01	-7.704312e+01
1.470000e-06	-2.192248e-06	-5.966064e-10	-1.182093e+01	-7.580781e+01
1.480000e-06	-2.133301e-06	-5.856464e-10	-1.150308e+01	-7.456095e+01
1.490000e-06	-2.074206e-06	-5.747859e-10	-1.118443e+01	-7.330306e+01
1.500000e-06	-2.014975e-06	-5.634434e-10	-1.086505e+01	-7.203461e+01
1.510000e-06	-1.955606e-06	-5.520345e-10	-1.054492e+01	-7.075600e+01
1.520000e-06	-1.896223e-06	-5.410818e-10	-1.022472e+01	-6.946753e+01
1.530000e-06	-1.836788e-06	-5.314430e-10	-9.904237e+00	-6.816941e+01
1.540000e-06	-1.777270e-06	-5.217690e-10	-9.583309e+00	-6.686173e+01
1.550000e-06	-1.717685e-06	-5.110139e-10	-9.262018e+00	-6.554446e+01
1.560000e-06	-1.658059e-06	-4.995494e-10	-8.940505e+00	-6.421747e+01
1.570000e-06	-1.598382e-06	-4.880342e-10	-8.618717e+00	-6.288046e+01
1.580000e-06	-1.538623e-06	-4.772906e-10	-8.296488e+00	-6.153306e+01
1.590000e-06	-1.478838e-06	-4.664218e-10	-7.974115e+00	-6.017474e+01
1.600000e-06	-1.418934e-06	-4.544634e-10	-7.651108e+00	-5.880487e+01
1.610000e-06	-1.358873e-06	-4.423415e-10	-7.327248e+00	-5.742270e+01
1.620000e-06	-1.298782e-06	-4.310704e-10	-7.003230e+00	-5.602738e+01
1.630000e-06	-1.238583e-06	-4.206276e-10	-6.678625e+00	-5.461799e+01
1.640000e-06	-1.178255e-06	-4.094095e-10	-6.353328e+00	-5.319350e+01
1.650000e-06	-1.117941e-06	-3.966710e-10	-6.028108e+00	-5.175286e+01
1.660000e-06	-1.057624e-06	-3.843131e-10	-5.702865e+00	-5.029496e+01
1.670000e-06	-9.971541e-07	-3.739602e-10	-5.376805e+00	-4.881867e+01
1.680000e-06	-9.364733e-07	-3.641887e-10	-5.049605e+00	-4.732285e+01
1.690000e-06	-8.757800e-07	-3.516985e-10	-4.722337e+00	-4.580638e+01
1.700000e-06	-8.150772e-07	-3.382150e-10	-4.395019e+00	-4.426817e+01
1.710000e-06	-7.541930e-07	-3.261683e-10	-4.066722e+00	-4.270720e+01
1.720000e-06	-6.932625e-07	-3.145185e-10	-3.738176e+00	-4.112251e+01
1.730000e-06	-6.323028e-07	-3.026330e-10	-3.409472e+00	-3.951324e+01
1.740000e-06	-5.713071e-07	-2.895597e-10	-3.080574e+00	-3.787862e+01
1.750000e-06	-5.103650e-07	-2.756883e-10	-2.751965e+00	-3.621802e+01
1.760000e-06	-4.493546e-07	-2.622697e-10	-2.422987e+00	-3.453095e+01
1.770000e-06	-3.882662e-07	-2.493452e-10	-2.093590e+00	-3.281705e+01
1.780000e-06	-3.271472e-07	-2.359687e-10	-1.764027e+00	-3.107615e+01
1.790000e-06	-2.659165e-07	-2.215760e-10	-1.433862e+00	-2.930823e+01
1.800000e-06	-2.047211e-07	-2.062261e-10	-1.103887e+00	-2.751342e+01
1.810000e-06	-1.436164e-07	-1.910974e-10	-7.744013e-01	-2.569207e+01
1.820000e-06	-8.249996e-08	-1.771701e-10	-4.448522e-01	-2.384466e+01
1.830000e-06	-2.136397e-08	-1.626123e-10	-1.151978e-01	-2.197189e+01
1.840000e-06	3.974278e-08	-1.464581e-10	2.142991e-01	-2.007459e+01
1.850000e-06	1.007575e-07	-1.303891e-10	5.432998e-01	-1.815378e+01
1.860000e-06	1.617830e-07	-1.158290e-10	8.723583e-01	-1.621062e+01
1.870000e-06	2.229580e-07	-1.027085e-10	1.202223e+00	-1.424643e+01
1.880000e-06	2.841608e-07	-8.880073e-11	1.532238e+00	-1.226265e+01
1.890000e-06	3.452729e-07	-7.257511e-11	1.861763e+00	-1.026086e+01
1.900000e-06	4.064419e-07	-5.579680e-11	2.191596e+00	-8.242748e+00
1.910000e-06	4.676505e-07	-3.924150e-11	2.521642e+00	-6.210080e+00
1.920000e-06	5.286810e-07	-2.390251e-11	2.850727e+00	-4.164715e+00
1.930000e-06	5.895866e-07	-1.009815e-11	3.179140e+00	-2.108574e+00
1.940000e-06	6.504818e-07	4.307018e-12	3.507496e+00	-4.362412e-02
1.950000e-06	7.112690e-07	2.097863e-11	3.835270e+00	2.028132e+00
1.960000e-06	7.720170e-07	3.870814e-11	4.162832e+00	4.104675e+00
1.970000e-06	8.327698e-07	5.520808e-11	4.490420e+00	6.183982e+00
1.980000e-06	8.933637e-07	7.078149e-11	4.817151e+00	8.264041e+00
1.990000e-06	9.538395e-07	8.619820e-11	5.143246e+00	1.034286e+01
2.000000e-06	1.014306e-06	1.017053e-10	5.469292e+00	1.241850e+01
2.010000e-06	1.074684e-06	1.172154e-10	5.794856e+00	1.448904e+01
2.020000e-06	1.134930e-06	1.333383e-10	6.119713e+00	1.655263e+01
2.030000e-06	1.195158e-06	1.506962e-10	6.444470e+00	1.860750e+01
2.040000e-06	1.255339e-06	1.676342e-10	6.768975e+00	2.065193e+01
2.050000e-06	1.315405e-06	1.835521e-10	7.092863e+00	2.268430e+01
2.060000e-06	1.375314e-06	1.989682e-10	7.415899e+00	2.470304e+01
2.070000e-06	1.435113e-06	2.135494e-10	7.738345e+00	2.670672e+01
2.080000e-06	1.494842e-06	2.282951e-10	8.060415e+00	2.869395e+01
2.090000e-06	1.554459e-06	2.433232e-10	8.381878e+00	3.066346e+01
2.100000e-06	1.614032e-06	2.582947e-10	8.703101e+00	3.261408e+01
2.110000e-06	1.673602e-06	2.739735e-10	9.024313e+00	3.454472e+01
2.120000e-06	1.733181e-06	2.888554e-10	9.345573e+00	3.645439e+01
2.130000e-06	1.792696e-06	3.025919e-10	9.666489e+00	3.834219e+01
2.140000e-06	1.852116e-06	3.166187e-10	9.986889e+00	4.020732e+01
2.150000e-06	1.911483e-06	3.307898e-10	1.030700e+01	4.204907e+01
2.160000e-06	1.970736e-06	3.452089e-10	1.062650e+01	4.386681e+01
2.170000e-06	2.029932e-06	3.595760e-10	1.094570e+01	4.566000e+01
2.180000e-06	2.089147e-06	3.732779e-10	1.126500e+01	4.742819e+01
2.190000e-06	2.148231e-06	3.871349e-10	1.158358e+01	4.917102e+01
2.200000e-06	2.207019e-06	4.014626e-10	1.190058e+01	5.088818e+01
2.210000e-06	2.265467e-06	4.152922e-10	1.221574e+01	5.257947e+01
2.220000e-06	2.323591e-06	4.280643e-10	1.252915e+01	5.424474e+01
2.230000e-06	2.381378e-06	4.399200e-10	1.284075e+01	5.588392e+01
2.240000e-06	2.438914e-06	4.530739e-10	1.315099e+01	5.749702e+01
2.250000e-06	2.496225e-06	4.678419e-10	1.346002e+01	5.908410e+01
2.260000e-06	2.553075e-06	4.812986e-10	1.376657e+01	6.064531e+01
2.270000e-06	2.609583e-06	4.926940e-10	1.407126e+01	6.218082e+01
2.280000e-06	2.665900e-06	5.036653e-10	1.437493e+01	6.369090e+01
2.290000e-06	2.722021e-06	5.151086e-10	1.467755e+01	6.517586e+01
2.300000e-06	2.777989e-06	5.265325e-10	1.497933e+01	6.663606e+01
2.310000e-06	2.833805e-06	5.387073e-10	1.528030e+01	6.807192e+01
2.320000e-06	2.889484e-06	5.509018e-10	1.558053e+01	6.948389e+01
2.330000e-06	2.945013e-06	5.629013e-10	1.587995e+01	7.087248e+01
2.340000e-06	3.000445e-06	5.750694e-10	1.617885e+01	7.223822e+01
2.350000e-06	3.055757e-06	5.865621e-10	1.647710e+01	7.358168e+01
2.360000e-06	3.110944e-06	5.961385e-10	1.677468e+01	7.490348e+01
2.370000e-06	3.165891e-06	6.036109e-10	1.707096e+01	7.620423e+01
2.380000e-06	3.220570e-06	6.113822e-10	1.736580e+01	7.748458e+01
2.390000e-06	3.275002e-06	6.215413e-10	1.765930e+01	7.874517e+01
2.400000e-06	3.329171e-06	6.343035e-10	1.795139e+01	7.998668e+01
2.410000e-06	3.383128e-06	6.467367e-10	1.824234e+01	8.120977e+01
2.420000e-06	3.436908e-06	6.576649e-10	1.853233e+01	8.241510e+01
2.430000e-06	3.490437e-06	6.678708e-10	1.882096e+01	8.360331e+01
2.440000e-06	3.543732e-06	6.777252e-10	1.910833e+01	8.477504e+01
2.450000e-06	3.596815e-06	6.875273e-10	1.939456e+01	8.593090e+01
2.460000e-06	3.649629e-06	6.960205e-10	1.967935e+01	8.707147e+01
2.470000e-06	3.702182e-06	7.037912e-10	1.996272e+01	8.819731e+01
2.480000e-06	3.754300e-06	7.125921e-10	2.024375e+01	8.930895e+01
2.490000e-06	3.806083e-06	7.226097e-10	2.052297e+01	9.040685e+01
2.500000e-06	3.857666e-06	7.329800e-10	2.080112e+01	9.149146e+01
2.510000e-06	3.909013e-06	7.414883e-10	2.107799e+01	9.256317e+01
2.520000e-06	3.960214e-06	7.485730e-10	2.135407e+01	9.362234e+01
2.530000e-06	4.011029e-06	7.563341e-10	2.162807e+01	9.466926e+01
2.540000e-06	4.061265e-06	7.648018e-10	2.189895e+01	9.570419e+01
2.550000e-06	4.111026e-06	7.726505e-10	2.216727e+01	9.672733e+01
2.560000e-06	4.160368e-06	7.792527e-10	2.243333e+01	9.773886e+01
2.570000e-06	4.209199e-06	7.855998e-10	2.269663e+01	9.873888e+01
2.580000e-06	4.257477e-06	7.929274e-10	2.295696e+01	9.972748e+01
2.590000e-06	4.305522e-06	8.012951e-10	2.321602e+01	1.007047e+02
2.600000e-06	4.353373e-06	8.100668e-10	2.347404e+01	1.016705e+02
2.610000e-06	4.400937e-06	8.186628e-10	2.373051e+01	1.026250e+02
2.620000e-06	4.448273e-06	8.266243e-10	2.398576e+01	1.035679e+02
2.630000e-06	4.495356e-06	8.340973e-10	2.423963e+01	1.044994e+02
2.640000e-06	4.542209e-06	8.419424e-10	2.449227e+01	1.054192e+02
2.650000e-06	4.588905e-06	8.495184e-10	2.474407e+01	1.063273e+02
2.660000e-06	4.635141e-06	8.558029e-10	2.499338e+01	1.072235e+02
2.670000e-06	4.680860e-06	8.612443e-10	2.523990e+01	1.081078e+02
2.680000e-06	4.726266e-06	8.672834e-10	2.548474e+01	1.089800e+02
2.690000e-06	4.771373e-06	8.746348e-10	2.572796e+01	1.098400e+02
2.700000e-06	4.816169e-06	8.817152e-10	2.596950e+01	1.106878e+02
2.710000e-06	4.860658e-06	8.882464e-10	2.620940e+01	1.115232e+02
2.720000e-06	4.904817e-06	8.953846e-10	2.644751e+01	1.123461e+02
2.730000e-06	4.948588e-06	9.026436e-10	2.668353e+01	1.131566e+02
2.740000e-06	4.992166e-06	9.100286e-10	2.691851e+01	1.139545e+02
2.750000e-06	5.035592e-06	9.175463e-10	2.715267e+01	1.147399e+02
2.760000e-06	5.078821e-06	9.235717e-10	2.738577e+01	1.155127e+02
2.770000e-06	5.121695e-06	9.289071e-10	2.761695e+01	1.162730e+02
2.780000e-06	5.163927e-06	9.358762e-10	2.784467e+01	1.170208e+02
2.790000e-06	5.205444e-06	9.434522e-10	2.806854e+01	1.177562e+02
2.800000e-06	5.246333e-06	9.498356e-10	2.828902e+01	1.184792e+02
2.810000e-06	5.286649e-06	9.564513e-10	2.850641e+01	1.191900e+02
2.820000e-06	5.326554e-06	9.636641e-10	2.872158e+01	1.198887e+02
2.830000e-06	5.366221e-06	9.704543e-10	2.893547e+01	1.205754e+02
2.840000e-06	5.405715e-06	9.770433e-10	2.914843e+01	1.212502e+02
2.850000e-06	5.444952e-06	9.831653e-10	2.936000e+01	1.219133e+02
2.860000e-06	5.483929e-06	9.878175e-10	2.957017e+01	1.225648e+02
2.870000e-06	5.522617e-06	9.916436e-10	2.977878e+01	1.232050e+02
2.880000e-06	5.560864e-06	9.972517e-10	2.998501e+01	1.238339e+02
2.890000e-06	5.598564e-06	1.003377e-09	3.018830e+01	1.244518e+02
2.900000e-06	5.635681e-06	1.008474e-09	3.038844e+01	1.250588e+02
2.910000e-06	5.672340e-06	1.013960e-09	3.058611e+01	1.256550e+02
2.920000e-06	5.708652e-06	1.019551e-09	3.078191e+01	1.262408e+02
2.930000e-06	5.744677e-06	1.026054e-09	3.097616e+01	1.268162e+02
2.940000e-06	5.780405e-06	1.032872e-09	3.116881e+01	1.273814e+02
2.950000e-06	5.815901e-06	1.037189e-09	3.136021e+01	1.279366e+02
2.960000e-06	5.851145e-06	1.040227e-09	3.155025e+01	1.284820e+02
2.970000e-06	5.886002e-06	1.045061e-09	3.173821e+01	1.290178e+02
2.980000e-06	5.920370e-06	1.051155e-09	3.192352e+01	1.295440e+02
2.990000e-06	5.954052e-06	1.056494e-09	3.210514e+01	1.300610e+02
3.000000e-06	5.986959e-06	1.061107e-09	3.228258e+01	1.305689e+02
3.010000e-06	6.019254e-06	1.065249e-09	3.245672e+01	1.310679e+02
3.020000e-06	6.051175e-06	1.069409e-09	3.262884e+01	1.315582e+02
3.030000e-06	6.082779e-06	1.074941e-09	3.279926e+01	1.320400e+02
3.040000e-06	6.113984e-06	1.080962e-09	3.296752e+01	1.325135e+02
3.050000e-06	6.144914e-06	1.085716e-09	3.313430e+01	1.329790e+02
3.060000e-06	6.175546e-06	1.090759e-09	3.329947e+01	1.334365e+02
3.070000e-06	6.205650e-06	1.096994e-09	3.346180e+01	1.338865e+02
3.080000e-06	6.235270e-06	1.102059e-09	3.362151e+01	1.343290e+02
3.090000e-06	6.264499e-06	1.106066e-09	3.377912e+01	1.347643e+02
3.100000e-06	6.293321e-06	1.110843e-09	3.393453e+01	1.351927e+02
3.110000e-06	6.321691e-06	1.116246e-09	3.408751e+01	1.356144e+02
3.120000e-06	6.349729e-06	1.120541e-09	3.423869e+01	1.360295e+02
3.130000e-06	6.377450e-06	1.123751e-09	3.438817e+01	1.364383e+02
3.140000e-06	6.404806e-06	1.127258e-09	3.453568e+01	1.368410e+02
3.150000e-06	6.431754e-06	1.130679e-09	3.468099e+01	1.372378e+02
3.160000e-06	6.458162e-06	1.134287e-09	3.482338e+01	1.376288e+02
3.170000e-06	6.483832e-06	1.138742e-09	3.496179e+01	1.380142e+02
3.180000e-06	6.508743e-06	1.143624e-09	3.509612e+01	1.383941e+02
3.190000e-06	6.533062e-06	1.147861e-09	3.522725e+01	1.387686e+02
3.200000e-06	6.556818e-06	1.150638e-09	3.535535e+01	1.391377e+02
3.210000e-06	6.580162e-06	1.152869e-09	3.548122e+01	1.395015e+02
3.220000e-06	6.603177e-06	1.155663e-09	3.560532e+01	1.398600e+02
3.230000e-06	6.625766e-06	1.158711e-09	3.572713e+01	1.402131e+02
3.240000e-06	6.647812e-06	1.161755e-09	3.584600e+01	1.405607e+02
3.250000e-06	6.669403e-06	1.165290e-09	3.596243e+01	1.409028e+02
3.260000e-06	6.690664e-06	1.168726e-09	3.607707e+01	1.412391e+02
3.270000e-06	6.711466e-06	1.172261e-09	3.618923e+01	1.415695e+02
3.280000e-06	6.731737e-06	1.175900e-09	3.629854e+01	1.418938e+02
3.290000e-06	6.751661e-06	1.179199e-09	3.640597e+01	1.422116e+02
3.300000e-06	6.771328e-06	1.182805e-09	3.651202e+01	1.425228e+02
3.310000e-06	6.790616e-06	1.186021e-09	3.661602e+01	1.428269e+02
3.320000e-06	6.809519e-06	1.188762e-09	3.671795e+01	1.431238e+02
3.330000e-06	6.827919e-06	1.191279e-09	3.681717e+01	1.434129e+02
3.340000e-06	6.845784e-06	1.192862e-09	3.691350e+01	1.436940e+02
3.350000e-06	6.863043e-06	1.195103e-09	3.700656e+01	1.439668e+02
3.360000e-06	6.879639e-06	1.199054e-09	3.709605e+01	1.442308e+02
3.370000e-06	6.895877e-06	1.201757e-09	3.718361e+01	1.444857e+02
3.380000e-06	6.911808e-06	1.202571e-09	3.726951e+01	1.447311e+02
3.390000e-06	6.927029e-06	1.203780e-09	3.735158e+01	1.449668e+02
3.400000e-06	6.941477e-06	1.206840e-09	3.742949e+01	1.451925e+02
3.410000e-06	6.955607e-06	1.211067e-09	3.750568e+01	1.454078e+02
3.420000e-06	6.969344e-06	1.215130e-09	3.757975e+01	1.456126e+02
3.430000e-06	6.982343e-06	1.217287e-09	3.764984e+01	1.458067e+02
3.440000e-06	6.994702e-06	1.218468e-09	3.771648e+01	1.459898e+02
3.450000e-06	7.006563e-06	1.220830e-09	3.778044e+01	1.461619e+02
3.460000e-06	7.017989e-06	1.224952e-09	3.784205e+01	1.463230e+02
3.470000e-06	7.029032e-06	1.229731e-09	3.790160e+01	1.464729e+02
3.480000e-06	7.039324e-06	1.231686e-09	3.795709e+01	1.466117e+02
3.490000e-06	7.048644e-06	1.231144e-09	3.800735e+01	1.467394e+02
3.500000e-06	7.057311e-06	1.231217e-09	3.805408e+01	1.468562e+02
3.510000e-06	7.065523e-06	1.234074e-09	3.809836e+01	1.469623e+02
3.520000e-06	7.073306e-06	1.237865e-09	3.814033e+01	1.470577e+02
3.530000e-06	7.080690e-06	1.239920e-09	3.818014e+01	1.471427e+02
3.540000e-06	7.087586e-06	1.241500e-09	3.821733e+01	1.472176e+02
3.550000e-06	7.094048e-06	1.243314e-09	3.825217e+01	1.472827e+02
3.560000e-06	7.100014e-06	1.245180e-09	3.828434e+01	1.473381e+02
3.570000e-06	7.105408e-06	1.246781e-09	3.831343e+01	1.473843e+02
3.580000e-06	7.110310e-06	1.246553e-09	3.833986e+01	1.474216e+02
3.590000e-06	7.114677e-06	1.245926e-09	3.836341e+01	1.474502e+02
3.600000e-06	7.118637e-06	1.248326e-09	3.838476e+01	1.474706e+02
3.610000e-06	7.122237e-06	1.253047e-09	3.840417e+01	1.474830e+02
3.620000e-06	7.125417e-06	1.255598e-09	3.842132e+01	1.474877e+02
3.630000e-06	7.128133e-06	1.255308e-09	3.843597e+01	1.474851e+02
3.640000e-06	7.130304e-06	1.254913e-09	3.844767e+01	1.474755e+02
3.650000e-06	7.131766e-06	1.255481e-09	3.845555e+01	1.474591e+02
3.660000e-06	7.132423e-06	1.256951e-09	3.845910e+01	1.474362e+02
3.670000e-06	7.132590e-06	1.257996e-09	3.846000e+01	1.474071e+02
3.680000e-06	7.132367e-06	1.257754e-09	3.845879e+01	1.473719e+02
3.690000e-06	7.131695e-06	1.256653e-09	3.845517e+01	1.473309e+02
3.700000e-06	7.130591e-06	1.256625e-09	3.844922e+01	1.472842e+02
3.710000e-06	7.128850e-06	1.257613e-09	3.843983e+01	1.472320e+02
3.720000e-06	7.126647e-06	1.257050e-09	3.842795e+01	1.471746e+02
3.730000e-06	7.124187e-06	1.256142e-09	3.841469e+01	1.471119e+02
3.740000e-06	7.121249e-06	1.258751e-09	3.839885e+01	1.470442e+02
3.750000e-06	7.117734e-06	1.255447e-09	3.837989e+01	1.469716e+02
3.760000e-06	7.113729e-06	1.235238e-09	3.835830e+01	1.468941e+02
3.770000e-06	7.109068e-06	1.246156e-09	3.833316e+01	1.468120e+02
3.780000e-06	7.103633e-06	1.314436e-09	3.830386e+01	1.467253e+02
3.790000e-06	7.097634e-06	1.286963e-09	3.827151e+01	1.466341e+02
3.800000e-06	7.091268e-06	1.178593e-09	3.823718e+01	1.465385e+02
3.810000e-06	7.084617e-06	1.204816e-09	3.820132e+01	1.464388e+02
3.820000e-06	7.077390e-06	1.334379e-09	3.816235e+01	1.463349e+02
3.830000e-06	7.069442e-06	1.307362e-09	3.811950e+01	1.462271e+02
3.840000e-06	7.061101e-06	1.150913e-09	3.807452e+01	1.461156e+02
3.850000e-06	7.052395e-06	1.192019e-09	3.802757e+01	1.460004e+02
3.860000e-06	7.043033e-06	1.380292e-09	3.797709e+01	1.458817e+02
3.870000e-06	7.033028e-06	1.323931e-09	3.792315e+01	1.457598e+02
3.880000e-06	7.022728e-06	1.103877e-09	3.786761e+01	1.456347e+02
3.890000e-06	7.012114e-06	1.177411e-09	3.781037e+01	1.455067e+02
3.900000e-06	7.000933e-06	1.402149e-09	3.775008e+01	1.453758e+02
3.910000e-06	6.989181e-06	1.305849e-09	3.768671e+01	1.452424e+02
3.920000e-06	6.976849e-06	1.097456e-09	3.762022e+01	1.451064e+02
3.930000e-06	6.963898e-06	1.235008e-09	3.755039e+01	1.449681e+02
3.940000e-06	6.950339e-06	1.399960e-09	3.747727e+01	1.448276e+02
3.950000e-06	6.936178e-06	1.216537e-09	3.740092e+01	1.446849e+02
3.960000e-06	6.921311e-06	1.104554e-09	3.732075e+01	1.445401e+02
3.970000e-06	6.905664e-06	1.313490e-09	3.723638e+01	1.443932e+02
3.980000e-06	6.889562e-06	1.351887e-09	3.714956e+01	1.442442e+02
3.990000e-06	6.873128e-06	1.141731e-09	3.706094e+01	1.440932e+02
4.000000e-06	6.856184e-06	1.198408e-09	3.696958e+01	1.439399e+02
4.010000e-06	6.838680e-06	1.372764e-09	3.687519e+01	1.437842e+02
4.020000e-06	6.820749e-06	1.222318e-09	3.677851e+01	1.436261e+02
4.030000e-06	6.802432e-06	1.106308e-09	3.667973e+01	1.434654e+02
4.040000e-06	6.783654e-06	1.310538e-09	3.657848e+01	1.433017e+02
4.050000e-06	6.764368e-06	1.343250e-09	3.647449e+01	1.431348e+02
4.060000e-06	6.744517e-06	1.134856e-09	3.636745e+01	1.429645e+02
4.070000e-06	6.724313e-06	1.195011e-09	3.625851e+01	1.427904e+02
4.080000e-06	6.703921e-06	1.353231e-09	3.614855e+01	1.426122e+02
4.090000e-06	6.683195e-06	1.215551e-09	3.603679e+01	1.424295e+02
4.100000e-06	6.661881e-06	1.141485e-09	3.592187e+01	1.422420e+02
4.110000e-06	6.639593e-06	1.300160e-09	3.580169e+01	1.420493e+02
4.120000e-06	6.616472e-06	1.275944e-09	3.567701e+01	1.418509e+02
4.130000e-06	6.592893e-06	1.149347e-09	3.554987e+01	1.416467e+02
4.140000e-06	6.568872e-06	1.246606e-09	3.542034e+01	1.414362e+02
4.150000e-06	6.544526e-06	1.298498e-09	3.528907e+01	1.412191e+02
4.160000e-06	6.519909e-06	1.172307e-09	3.515633e+01	1.409951e+02
4.170000e-06	6.494892e-06	1.194917e-09	3.502143e+01	1.407640e+02
4.180000e-06	6.469371e-06	1.289761e-09	3.488382e+01	1.405255e+02
4.190000e-06	6.443383e-06	1.215467e-09	3.474369e+01	1.402795e+02
4.200000e-06	6.416836e-06	1.180944e-09	3.460054e+01	1.400258e+02
4.210000e-06	6.389749e-06	1.256569e-09	3.445449e+01	1.397644e+02
4.220000e-06	6.362166e-06	1.227300e-09	3.430575e+01	1.394951e+02
4.230000e-06	6.334161e-06	1.178666e-09	3.415475e+01	1.392180e+02
4.240000e-06	6.305910e-06	1.230974e-09	3.400241e+01	1.389332e+02
4.250000e-06	6.277400e-06	1.234975e-09	3.384869e+01	1.386406e+02
4.260000e-06	6.248533e-06	1.188200e-09	3.369303e+01	1.383404e+02
4.270000e-06	6.219212e-06	1.209034e-09	3.353492e+01	1.380328e+02
4.280000e-06	6.189246e-06	1.227709e-09	3.337334e+01	1.377179e+02
4.290000e-06	6.158452e-06	1.200582e-09	3.320730e+01	1.373959e+02
4.300000e-06	6.126964e-06	1.197876e-09	3.303751e+01	1.370671e+02
4.310000e-06	6.094999e-06	1.209231e-09	3.286515e+01	1.367315e+02
4.320000e-06	6.062677e-06	1.201578e-09	3.269086e+01	1.363893e+02
4.330000e-06	6.030069e-06	1.198382e-09	3.251504e+01	1.360409e+02
4.340000e-06	5.997145e-06	1.199900e-09	3.233751e+01	1.356863e+02
4.350000e-06	5.963784e-06	1.195772e-09	3.215762e+01	1.353256e+02
4.360000e-06	5.929952e-06	1.192134e-09	3.197519e+01	1.349590e+02
4.370000e-06	5.895730e-06	1.188660e-09	3.179066e+01	1.345865e+02
4.380000e-06	5.861042e-06	1.190087e-09	3.160362e+01	1.342081e+02
4.390000e-06	5.825958e-06	1.192251e-09	3.141444e+01	1.338238e+02
4.400000e-06	5.790501e-06	1.182365e-09	3.122325e+01	1.334335e+02
4.410000e-06	5.754612e-06	1.176198e-09	3.102973e+01	1.330371e+02
4.420000e-06	5.718472e-06	1.181236e-09	3.083486e+01	1.326343e+02
4.430000e-06	5.682092e-06	1.177603e-09	3.063870e+01	1.322249e+02
4.440000e-06	5.645452e-06	1.168203e-09	3.044112e+01	1.318086e+02
4.450000e-06	5.608451e-06	1.167020e-09	3.024161e+01	1.313851e+02
4.460000e-06	5.571055e-06	1.167271e-09	3.003997e+01	1.309539e+02
4.470000e-06	5.533048e-06	1.164218e-09	2.983502e+01	1.305148e+02
4.480000e-06	5.494113e-06	1.161630e-09	2.962508e+01	1.300671e+02
4.490000e-06	5.454421e-06	1.157455e-09	2.941106e+01	1.296105e+02
4.500000e-06	5.414376e-06	1.151597e-09	2.919513e+01	1.291445e+02
4.510000e-06	5.374131e-06	1.147014e-09	2.897812e+01	1.286685e+02
4.520000e-06	5.333624e-06	1.145729e-09	2.875970e+01	1.281822e+02
4.530000e-06	5.292845e-06	1.144670e-09	2.853982e+01	1.276851e+02
4.540000e-06	5.251689e-06	1.139812e-09	2.831789e+01	1.271768e+02
4.550000e-06	5.210078e-06	1.134948e-09	2.809353e+01	1.266569e+02
4.560000e-06	5.168177e-06	1.133885e-09	2.786759e+01	1.261250e+02
4.570000e-06	5.125946e-06	1.131388e-09	2.763987e+01	1.255809e+02
4.580000e-06	5.083302e-06	1.124537e-09	2.740993e+01	1.250244e+02
4.590000e-06	5.040261e-06	1.115937e-09	2.717784e+01	1.244553e+02
4.600000e-06	4.996820e-06	1.109946e-09	2.694360e+01	1.238736e+02
4.610000e-06	4.953013e-06	1.107340e-09	2.670739e+01	1.232791e+02
4.620000e-06	4.908970e-06	1.104330e-09	2.646990e+01	1.226720e+02
4.630000e-06	4.864773e-06	1.100251e-09	2.623159e+01	1.220524e+02
4.640000e-06	4.820401e-06	1.095137e-09	2.599232e+01	1.214206e+02
4.650000e-06	4.775848e-06	1.087689e-09	2.575209e+01	1.207766e+02
4.660000e-06	4.730987e-06	1.080562e-09	2.551019e+01	1.201209e+02
4.670000e-06	4.685778e-06	1.074762e-09	2.526642e+01	1.194538e+02
4.680000e-06	4.640172e-06	1.068044e-09	2.502050e+01	1.187758e+02
4.690000e-06	4.594105e-06	1.061459e-09	2.477210e+01	1.180872e+02
4.700000e-06	4.547634e-06	1.057177e-09	2.452152e+01	1.173885e+02
4.710000e-06	4.500911e-06	1.053798e-09	2.426959e+01	1.166801e+02
4.720000e-06	4.453868e-06	1.048528e-09	2.401593e+01	1.159625e+02
4.730000e-06	4.406485e-06	1.040318e-09	2.376043e+01	1.152362e+02
4.740000e-06	4.358783e-06	1.029775e-09	2.350321e+01	1.145015e+02
4.750000e-06	4.310806e-06	1.022611e-09	2.324452e+01	1.137588e+02
4.760000e-06	4.262571e-06	1.019429e-09	2.298442e+01	1.130084e+02
4.770000e-06	4.213972e-06	1.014099e-09	2.272237e+01	1.122507e+02
4.780000e-06	4.164906e-06	1.006945e-09	2.245780e+01	1.114856e+02
4.790000e-06	4.115416e-06	1.001322e-09	2.219094e+01	1.107135e+02
4.800000e-06	4.065578e-06	9.954964e-10	2.192221e+01	1.099342e+02
4.810000e-06	4.015446e-06	9.887791e-10	2.165189e+01	1.091478e+02
4.820000e-06	3.965118e-06	9.814808e-10	2.138051e+01	1.083541e+02
4.830000e-06	3.914477e-06	9.734749e-10	2.110745e+01	1.075529e+02
4.840000e-06	3.863526e-06	9.660989e-10	2.083271e+01	1.067438e+02
4.850000e-06	3.812294e-06	9.600898e-10	2.055646e+01	1.059264e+02
4.860000e-06	3.760699e-06	9.535612e-10	2.027826e+01	1.051004e+02
4.870000e-06	3.708800e-06	9.465577e-10	1.999841e+01	1.042651e+02
4.880000e-06	3.656724e-06	9.400544e-10	1.971760e+01	1.034199e+02
4.890000e-06	3.604478e-06	9.337805e-10	1.943589e+01	1.025643e+02
4.900000e-06	3.552126e-06	9.279535e-10	1.915360e+01	1.016975e+02
4.910000e-06	3.499411e-06	9.218433e-10	1.886935e+01	1.008188e+02
4.920000e-06	3.446144e-06	9.137102e-10	1.858213e+01	9.992753e+01
4.930000e-06	3.392524e-06	9.037254e-10	1.829300e+01	9.902301e+01
4.940000e-06	3.338447e-06	8.951178e-10	1.800141e+01	9.810453e+01
4.950000e-06	3.283868e-06	8.890758e-10	1.770711e+01	9.717146e+01
4.960000e-06	3.229041e-06	8.819508e-10	1.741148e+01	9.622319e+01
4.970000e-06	3.174016e-06	8.726563e-10	1.711477e+01	9.525918e+01
4.980000e-06	3.118681e-06	8.640756e-10	1.681640e+01	9.427897e+01
4.990000e-06	3.062992e-06	8.561166e-10	1.651611e+01	9.328216e+01
5.000000e-06	3.007013e-06	8.475299e-10	1.621427e+01	9.226846e+01
5.010000e-06	2.950860e-06	8.376111e-10	1.591148e+01	9.123765e+01
5.020000e-06	2.894531e-06	8.275654e-10	1.560774e+01	9.018962e+01
5.030000e-06	2.838102e-06	8.180866e-10	1.530347e+01	8.912438e+01
5.040000e-06	2.781550e-06	8.094991e-10	1.499854e+01	8.804201e+01
5.050000e-06	2.724910e-06	8.017379e-10	1.469313e+01	8.694269e+01
5.060000e-06	2.668190e-06	7.934100e-10	1.438728e+01	8.582671e+01
5.070000e-06	2.611303e-06	7.835179e-10	1.408054e+01	8.469443e+01
5.080000e-06	2.554155e-06	7.730841e-10	1.377239e+01	8.354630e+01
5.090000e-06	2.496775e-06	7.632760e-10	1.346299e+01	8.238281e+01
5.100000e-06	2.439302e-06	7.529509e-10	1.315308e+01	8.120453e+01
5.110000e-06	2.381628e-06	7.407337e-10	1.284210e+01	8.001205e+01
5.120000e-06	2.323708e-06	7.281218e-10	1.252978e+01	7.880598e+01
5.130000e-06	2.265628e-06	7.163717e-10	1.221660e+01	7.758696e+01
5.140000e-06	2.207379e-06	7.058656e-10	1.190252e+01	7.635561e+01
5.150000e-06	2.148962e-06	6.954622e-10	1.158752e+01	7.511250e+01
5.160000e-06	2.090407e-06	6.834325e-10	1.127179e+01	7.385820e+01
5.170000e-06	2.031708e-06	6.708944e-10	1.095527e+01	7.259320e+01
5.180000e-06	1.972881e-06	6.592752e-10	1.063807e+01	7.131791e+01
5.190000e-06	1.913920e-06	6.484134e-10	1.032014e+01	7.003267e+01
5.200000e-06	1.854756e-06	6.369262e-10	1.000113e+01	6.873772e+01
5.210000e-06	1.795334e-06	6.248504e-10	9.680713e+00	6.743320e+01
5.220000e-06	1.735880e-06	6.121313e-10	9.360123e+00	6.611911e+01
5.230000e-06	1.676451e-06	6.004628e-10	9.039677e+00	6.479535e+01
5.240000e-06	1.616763e-06	5.895088e-10	8.717830e+00	6.346169e+01
5.250000e-06	1.556839e-06	5.771531e-10	8.394710e+00	6.211777e+01
5.260000e-06	1.496874e-06	5.643485e-10	8.071371e+00	6.076313e+01
5.270000e-06	1.436931e-06	5.518359e-10	7.748147e+00	5.939716e+01
5.280000e-06	1.376946e-06	5.398294e-10	7.424702e+00	5.801915e+01
5.290000e-06	1.316780e-06	5.272006e-10	7.100275e+00	5.662828e+01
5.300000e-06	1.256498e-06	5.128062e-10	6.775223e+00	5.522366e+01
5.310000e-06	1.196256e-06	4.986416e-10	6.450391e+00	5.380429e+01
5.320000e-06	1.136000e-06	4.858025e-10	6.125482e+00	5.236913e+01
5.330000e-06	1.075665e-06	4.732776e-10	5.800149e+00	5.091708e+01
5.340000e-06	1.015341e-06	4.613605e-10	5.474871e+00	4.944701e+01
5.350000e-06	9.550243e-07	4.487307e-10	5.149635e+00	4.795780e+01
5.360000e-06	8.946207e-07	4.341930e-10	4.823929e+00	4.644830e+01
5.370000e-06	8.341218e-07	4.194110e-10	4.497710e+00	4.491743e+01
5.380000e-06	7.736599e-07	4.053556e-10	4.171690e+00	4.336413e+01
5.390000e-06	7.132389e-07	3.909581e-10	3.845891e+00	4.178742e+01
5.400000e-06	6.527495e-07	3.748995e-10	3.519723e+00	4.018640e+01
5.410000e-06	5.922087e-07	3.590207e-10	3.193278e+00	3.856027e+01
5.420000e-06	5.316985e-07	3.449647e-10	2.866998e+00	3.690837e+01
5.430000e-06	4.712219e-07	3.308470e-10	2.540899e+00	3.523014e+01
5.440000e-06	4.107339e-07	3.158580e-10	2.214739e+00	3.352518e+01
5.450000e-06	3.501914e-07	2.996290e-10	1.888284e+00	3.179327e+01
5.460000e-06	2.896229e-07	2.825491e-10	1.561690e+00	3.003431e+01
5.470000e-06	2.290369e-07	2.661891e-10	1.235001e+00	2.824841e+01
5.480000e-06	1.683791e-07	2.507367e-10	9.079253e-01	2.643583e+01
5.490000e-06	1.077001e-07	2.347571e-10	5.807352e-01	2.459701e+01
5.500000e-06	4.707058e-08	2.174291e-10	2.538117e-01	2.273258e+01
5.510000e-06	-1.356021e-08	1.990317e-10	-7.311867e-02	2.084332e+01
5.520000e-06	-7.419935e-08	1.807908e-10	-4.000940e-01	1.893020e+01
5.530000e-06	-1.348347e-07	1.636336e-10	-7.270491e-01	1.699432e+01
5.540000e-06	-1.954592e-07	1.463501e-10	-1.053945e+00	1.503695e+01
5.550000e-06	-2.560615e-07	1.289648e-10	-1.380722e+00	1.305951e+01
5.560000e-06	-3.166415e-07	1.113418e-10	-1.707379e+00	1.106351e+01
5.570000e-06	-3.772429e-07	9.295827e-11	-2.034151e+00	9.050617e+00
5.580000e-06	-4.378599e-07	7.434520e-11	-2.361007e+00	7.022568e+00
5.590000e-06	-4.984751e-07	5.466524e-11	-2.687852e+00	4.981196e+00
5.600000e-06	-5.590542e-07	3.449075e-11	-3.014504e+00	2.928400e+00
5.610000e-06	-6.194891e-07	1.505153e-11	-3.340379e+00	8.661365e-01
5.620000e-06	-6.799148e-07	-4.427289e-12	-3.666203e+00	-1.203604e+00
5.630000e-06	-7.403390e-07	-2.314785e-11	-3.992019e+00	-3.278805e+00
5.640000e-06	-8.006625e-07	-4.241104e-11	-4.317293e+00	-5.357444e+00
5.650000e-06	-8.609572e-07	-6.405291e-11	-4.642411e+00	-7.437504e+00
5.660000e-06	-9.212574e-07	-8.560659e-11	-4.967558e+00	-9.516987e+00
5.670000e-06	-9.815566e-07	-1.054001e-10	-5.292701e+00	-1.159393e+01
5.680000e-06	-1.041825e-06	-1.237573e-10	-5.617679e+00	-1.366640e+01
5.690000e-06	-1.102064e-06	-1.417708e-10	-5.942495e+00	-1.573254e+01
5.700000e-06	-1.162269e-06	-1.614567e-10	-6.267129e+00	-1.779055e+01
5.710000e-06	-1.222420e-06	-1.815505e-10	-6.591470e+00	-1.983867e+01
5.720000e-06	-1.282539e-06	-1.991345e-10	-6.915644e+00	-2.187526e+01
5.730000e-06	-1.342555e-06	-2.162271e-10	-7.239259e+00	-2.389874e+01
5.740000e-06	-1.402490e-06	-2.353148e-10	-7.562437e+00	-2.590763e+01
5.750000e-06	-1.462452e-06	-2.552985e-10	-7.885761e+00	-2.790051e+01
5.760000e-06	-1.522394e-06	-2.749452e-10	-8.208978e+00	-2.987610e+01
5.770000e-06	-1.582178e-06	-2.931162e-10	-8.531339e+00	-3.183317e+01
5.780000e-06	-1.641715e-06	-3.103461e-10	-8.852376e+00	-3.377061e+01
5.790000e-06	-1.701117e-06	-3.284104e-10	-9.172678e+00	-3.568740e+01
5.800000e-06	-1.760452e-06	-3.481102e-10	-9.492621e+00	-3.758262e+01
5.810000e-06	-1.819668e-06	-3.677462e-10	-9.811926e+00	-3.945542e+01
5.820000e-06	-1.878721e-06	-3.843557e-10	-1.013035e+01	-4.130506e+01
5.830000e-06	-1.937640e-06	-3.998660e-10	-1.044805e+01	-4.313090e+01
5.840000e-06	-1.996452e-06	-4.175801e-10	-1.076517e+01	-4.493236e+01
5.850000e-06	-2.055120e-06	-4.355533e-10	-1.108152e+01	-4.670896e+01
5.860000e-06	-2.113707e-06	-4.506764e-10	-1.139743e+01	-4.846031e+01
5.870000e-06	-2.172124e-06	-4.639522e-10	-1.171242e+01	-5.018608e+01
5.880000e-06	-2.230275e-06	-4.797243e-10	-1.202598e+01	-5.188604e+01
5.890000e-06	-2.288215e-06	-4.973881e-10	-1.233840e+01	-5.356002e+01
5.900000e-06	-2.346094e-06	-5.135426e-10	-1.265049e+01	-5.520793e+01
5.910000e-06	-2.403761e-06	-5.282092e-10	-1.296144e+01	-5.682975e+01
5.920000e-06	-2.461115e-06	-5.414623e-10	-1.327070e+01	-5.842553e+01
5.930000e-06	-2.518266e-06	-5.548281e-10	-1.357887e+01	-5.999537e+01
5.940000e-06	-2.575209e-06	-5.701052e-10	-1.388591e+01	-6.153945e+01
5.950000e-06	-2.631919e-06	-5.863576e-10	-1.419170e+01	-6.305800e+01
5.960000e-06	-2.688487e-06	-6.013378e-10	-1.449673e+01	-6.455133e+01
5.970000e-06	-2.745045e-06	-6.150778e-10	-1.480170e+01	-6.601977e+01
5.980000e-06	-2.801518e-06	-6.284202e-10	-1.510621e+01	-6.746372e+01
5.990000e-06	-2.857868e-06	-6.409701e-10	-1.541006e+01	-6.888363e+01
6.000000e-06	-2.914079e-06	-6.525974e-10	-1.571315e+01	-7.027998e+01
6.010000e-06	-2.970186e-06	-6.638306e-10	-1.601569e+01	-7.165330e+01
6.020000e-06	-3.026128e-06	-6.745879e-10	-1.631734e+01	-7.300416e+01
6.030000e-06	-3.081860e-06	-6.859640e-10	-1.661785e+01	-7.433314e+01
6.040000e-06	-3.137329e-06	-6.989286e-10	-1.691695e+01	-7.564086e+01
6.050000e-06	-3.192271e-06	-7.109200e-10	-1.721321e+01	-7.692797e+01
6.060000e-06	-3.246910e-06	-7.210899e-10	-1.750783e+01	-7.819510e+01
6.070000e-06	-3.301211e-06	-7.315287e-10	-1.780063e+01	-7.944293e+01
6.080000e-06	-3.354887e-06	-7.427576e-10	-1.809006e+01	-8.067212e+01
6.090000e-06	-3.408211e-06	-7.545400e-10	-1.837759e+01	-8.188332e+01
6.100000e-06	-3.461253e-06	-7.667975e-10	-1.866360e+01	-8.307719e+01
6.110000e-06	-3.514020e-06	-7.774826e-10	-1.894812e+01	-8.425438e+01
6.120000e-06	-3.566509e-06	-7.863051e-10	-1.923115e+01	-8.541549e+01
6.130000e-06	-3.618724e-06	-7.957373e-10	-1.951270e+01	-8.656112e+01
6.140000e-06	-3.670709e-06	-8.054409e-10	-1.979301e+01	-8.769184e+01
6.150000e-06	-3.722500e-06	-8.152318e-10	-2.007228e+01	-8.880819e+01
6.160000e-06	-3.773923e-06	-8.258195e-10	-2.034956e+01	-8.991064e+01
6.170000e-06	-3.825026e-06	-8.365601e-10	-2.062512e+01	-9.099967e+01
6.180000e-06	-3.876035e-06	-8.464645e-10	-2.090016e+01	-9.207567e+01
6.190000e-06	-3.926676e-06	-8.551823e-10	-2.117323e+01	-9.313901e+01
6.200000e-06	-3.976989e-06	-8.633570e-10	-2.144452e+01	-9.419001e+01
6.210000e-06	-4.027111e-06	-8.711414e-10	-2.171479e+01	-9.522894e+01
6.220000e-06	-4.076951e-06	-8.791764e-10	-2.198353e+01	-9.625602e+01
6.230000e-06	-4.126205e-06	-8.880717e-10	-2.224912e+01	-9.727144e+01
6.240000e-06	-4.174905e-06	-8.973532e-10	-2.251171e+01	-9.827531e+01
6.250000e-06	-4.223190e-06	-9.061512e-10	-2.277207e+01	-9.926774e+01
6.260000e-06	-4.270989e-06	-9.140852e-10	-2.302982e+01	-1.002488e+02
6.270000e-06	-4.318501e-06	-9.213382e-10	-2.328601e+01	-1.012184e+02
6.280000e-06	-4.365722e-06	-9.287206e-10	-2.354063e+01	-1.021767e+02
6.290000e-06	-4.412705e-06	-9.372423e-10	-2.379397e+01	-1.031235e+02
6.300000e-06	-4.459625e-06	-9.465104e-10	-2.404697e+01	-1.040588e+02
6.310000e-06	-4.506263e-06	-9.554760e-10	-2.429845e+01	-1.049826e+02
6.320000e-06	-4.552472e-06	-9.634984e-10	-2.454761e+01	-1.058946e+02
6.330000e-06	-4.598352e-06	-9.710383e-10	-2.479501e+01	-1.067948e+02
6.340000e-06	-4.643823e-06	-9.787042e-10	-2.504019e+01	-1.076831e+02
6.350000e-06	-4.688948e-06	-9.866039e-10	-2.528351e+01	-1.085594e+02
6.360000e-06	-4.733874e-06	-9.951153e-10	-2.552576e+01	-1.094236e+02
6.370000e-06	-4.778495e-06	-1.003098e-09	-2.576637e+01	-1.102754e+02
6.380000e-06	-4.822836e-06	-1.010132e-09	-2.600546e+01	-1.111150e+02
6.390000e-06	-4.867056e-06	-1.017503e-09	-2.624390e+01	-1.119421e+02
6.400000e-06	-4.910966e-06	-1.023859e-09	-2.648067e+01	-1.127568e+02
6.410000e-06	-4.954534e-06	-1.028726e-09	-2.671559e+01	-1.135589e+02
6.420000e-06	-4.997828e-06	-1.034709e-09	-2.694904e+01	-1.143485e+02
6.430000e-06	-5.040758e-06	-1.041932e-09	-2.718053e+01	-1.151255e+02
6.440000e-06	-5.083345e-06	-1.049674e-09	-2.741016e+01	-1.158900e+02
6.450000e-06	-5.125568e-06	-1.056976e-09	-2.763783e+01	-1.166420e+02
6.460000e-06	-5.167505e-06	-1.063269e-09	-2.786397e+01	-1.173816e+02
6.470000e-06	-5.209115e-06	-1.070291e-09	-2.808833e+01	-1.181087e+02
6.480000e-06	-5.250316e-06	-1.077573e-09	-2.831049e+01	-1.188236e+02
6.490000e-06	-5.291061e-06	-1.084062e-09	-2.853019e+01	-1.195264e+02
6.500000e-06	-5.331492e-06	-1.089793e-09	-2.874820e+01	-1.202171e+02
6.510000e-06	-5.371813e-06	-1.095192e-09	-2.896562e+01	-1.208958e+02
6.520000e-06	-5.411810e-06	-1.100582e-09	-2.918129e+01	-1.215629e+02
6.530000e-06	-5.451387e-06	-1.105018e-09	-2.939470e+01	-1.222183e+02
6.540000e-06	-5.490506e-06	-1.109187e-09	-2.960563e+01	-1.228622e+02
6.550000e-06	-5.529082e-06	-1.114667e-09	-2.981364e+01	-1.234949e+02
6.560000e-06	-5.567070e-06	-1.120959e-09	-3.001848e+01	-1.241165e+02
6.570000e-06	-5.604419e-06	-1.127136e-09	-3.021987e+01	-1.247271e+02
6.580000e-06	-5.641231e-06	-1.133203e-09	-3.041836e+01	-1.253270e+02
6.590000e-06	-5.677715e-06	-1.138551e-09	-3.061509e+01	-1.259162e+02
6.600000e-06	-5.713920e-06	-1.142595e-09	-3.081032e+01	-1.264951e+02
6.610000e-06	-5.749866e-06	-1.145846e-09	-3.100414e+01	-1.270637e+02
6.620000e-06	-5.785535e-06	-1.149076e-09	-3.119648e+01	-1.276223e+02
6.630000e-06	-5.820845e-06	-1.153300e-09	-3.138687e+01	-1.281709e+02
6.640000e-06	-5.855708e-06	-1.157979e-09	-3.157486e+01	-1.287099e+02
6.650000e-06	-5.889991e-06	-1.162134e-09	-3.175971e+01	-1.292393e+02
6.660000e-06	-5.923823e-06	-1.166214e-09	-3.194214e+01	-1.297594e+02
6.670000e-06	-5.957286e-06	-1.170557e-09	-3.212258e+01	-1.302704e+02
6.680000e-06	-5.990376e-06	-1.174691e-09	-3.230101e+01	-1.307724e+02
6.690000e-06	-6.023092e-06	-1.178399e-09	-3.247742e+01	-1.312656e+02
6.700000e-06	-6.055503e-06	-1.182367e-09	-3.265218e+01	-1.317502e+02
6.710000e-06	-6.087669e-06	-1.185508e-09	-3.282563e+01	-1.322265e+02
6.720000e-06	-6.119432e-06	-1.187845e-09	-3.299689e+01	-1.326946e+02
6.730000e-06	-6.150562e-06	-1.191166e-09	-3.316475e+01	-1.331548e+02
6.740000e-06	-6.180969e-06	-1.194163e-09	-3.332871e+01	-1.336073e+02
6.750000e-06	-6.210647e-06	-1.197034e-09	-3.348874e+01	-1.340523e+02
6.760000e-06	-6.239701e-06	-1.201054e-09	-3.364541e+01	-1.344900e+02
6.770000e-06	-6.268358e-06	-1.205090e-09	-3.379993e+01	-1.349207e+02
6.780000e-06	-6.296730e-06	-1.207671e-09	-3.395292e+01	-1.353446e+02
6.790000e-06	-6.324770e-06	-1.209284e-09	-3.410411e+01	-1.357619e+02
6.800000e-06	-6.352464e-06	-1.210520e-09	-3.425344e+01	-1.361728e+02
6.810000e-06	-6.379732e-06	-1.211405e-09	-3.440047e+01	-1.365776e+02
6.820000e-06	-6.406530e-06	-1.212812e-09	-3.454497e+01	-1.369764e+02
6.830000e-06	-6.432862e-06	-1.215229e-09	-3.468696e+01	-1.373693e+02
6.840000e-06	-6.458582e-06	-1.218523e-09	-3.482565e+01	-1.377566e+02
6.850000e-06	-6.483757e-06	-1.221634e-09	-3.496139e+01	-1.381383e+02
6.860000e-06	-6.508490e-06	-1.223849e-09	-3.509476e+01	-1.385147e+02
6.870000e-06	-6.532961e-06	-1.224784e-09	-3.522671e+01	-1.388856e+02
6.880000e-06	-6.557305e-06	-1.226331e-09	-3.535798e+01	-1.392512e+02
6.890000e-06	-6.581370e-06	-1.230935e-09	-3.548774e+01	-1.396115e+02
6.900000e-06	-6.604917e-06	-1.235944e-09	-3.561471e+01	-1.399664e+02
6.910000e-06	-6.627736e-06	-1.238442e-09	-3.573775e+01	-1.403159e+02
6.920000e-06	-6.649733e-06	-1.240194e-09	-3.585636e+01	-1.406599e+02
6.930000e-06	-6.670972e-06	-1.240925e-09	-3.597088e+01	-1.409982e+02
6.940000e-06	-6.691718e-06	-1.241311e-09	-3.608275e+01	-1.413306e+02
6.950000e-06	-6.712146e-06	-1.243522e-09	-3.619290e+01	-1.416569e+02
6.960000e-06	-6.732193e-06	-1.246146e-09	-3.630099e+01	-1.419770e+02
6.970000e-06	-6.751743e-06	-1.248550e-09	-3.640642e+01	-1.422904e+02
6.980000e-06	-6.770915e-06	-1.251263e-09	-3.650979e+01	-1.425970e+02
6.990000e-06	-6.789788e-06	-1.254536e-09	-3.661156e+01	-1.428963e+02
7.000000e-06	-6.808136e-06	-1.257495e-09	-3.671049e+01	-1.431881e+02
7.010000e-06	-6.825920e-06	-1.259488e-09	-3.680639e+01	-1.434720e+02
7.020000e-06	-6.843306e-06	-1.260632e-09	-3.690013e+01	-1.437476e+02
7.030000e-06	-6.860213e-06	-1.261536e-09	-3.699130e+01	-1.440146e+02
7.040000e-06	-6.876651e-06	-1.262630e-09	-3.707993e+01	-1.442726e+02
7.050000e-06	-6.892890e-06	-1.263799e-09	-3.716750e+01	-1.445212e+02
7.060000e-06	-6.908755e-06	-1.265369e-09	-3.725305e+01	-1.447603e+02
7.070000e-06	-6.923795e-06	-1.267061e-09	-3.733415e+01	-1.449893e+02
7.080000e-06	-6.937999e-06	-1.268486e-09	-3.741073e+01	-1.452082e+02
7.090000e-06	-6.951623e-06	-1.270991e-09	-3.748420e+01	-1.454165e+02
7.100000e-06	-6.964626e-06	-1.273294e-09	-3.755431e+01	-1.456142e+02
7.110000e-06	-6.976989e-06	-1.273949e-09	-3.762097e+01	-1.458010e+02
7.120000e-06	-6.988826e-06	-1.274747e-09	-3.768480e+01	-1.459769e+02
7.130000e-06	-7.000165e-06	-1.275945e-09	-3.774594e+01	-1.461416e+02
7.140000e-06	-7.010995e-06	-1.276912e-09	-3.780434e+01	-1.462953e+02
7.150000e-06	-7.021315e-06	-1.276445e-09	-3.785998e+01	-1.464378e+02
7.160000e-06	-7.031267e-06	-1.275914e-09	-3.791365e+01	-1.465692e+02
7.170000e-06	-7.040747e-06	-1.277195e-09	-3.796477e+01	-1.466897e+02
7.180000e-06	-7.049627e-06	-1.278356e-09	-3.801265e+01	-1.467994e+02
7.190000e-06	-7.058131e-06	-1.278371e-09	-3.805850e+01	-1.468983e+02
7.200000e-06	-7.066404e-06	-1.277533e-09	-3.810311e+01	-1.469868e+02
7.210000e-06	-7.074283e-06	-1.276448e-09	-3.814560e+01	-1.470651e+02
7.220000e-06	-7.081589e-06	-1.275699e-09	-3.818499e+01	-1.471334e+02
7.230000e-06	-7.088044e-06	-1.275202e-09	-3.821980e+01	-1.471921e+02
7.240000e-06	-7.093531e-06	-1.274162e-09	-3.824939e+01	-1.472414e+02
7.250000e-06	-7.098459e-06	-1.273095e-09	-3.827596e+01	-1.472816e+02
7.260000e-06	-7.103127e-06	-1.273442e-09	-3.830113e+01	-1.473131e+02
7.270000e-06	-7.107485e-06	-1.273259e-09	-3.832463e+01	-1.473362e+02
7.280000e-06	-7.111511e-06	-1.272086e-09	-3.834633e+01	-1.473513e+02
7.290000e-06	-7.115002e-06	-1.271891e-09	-3.836516e+01	-1.473585e+02
7.300000e-06	-7.117931e-06	-1.271965e-09	-3.838096e+01	-1.473584e+02
7.310000e-06	-7.120499e-06	-1.270739e-09	-3.839480e+01	-1.473511e+02
7.320000e-06	-7.122437e-06	-1.269200e-09	-3.840525e+01	-1.473370e+02
7.330000e-06	-7.123686e-06	-1.269348e-09	-3.841199e+01	-1.473162e+02
7.340000e-06	-7.124580e-06	-1.269250e-09	-3.841680e+01	-1.472892e+02
