# Temperatura_=_20.0
# Concentracion g/m^3_=_7400.0
# C_Vs_to_Am_M_A/Vsm_=_116720831517.84952
# pendiente_HvsI_1/m_=_3716.3
# ordenada_HvsI_A/m_=_1297.0
# frecuencia_Hz_=_136116.943535992

Tiempo_(s)	Campo_(V.s)	Magnetizacion_(V.s)	Campo_(kA/m)	Magnetizacion_(A/m)
0.000000e+00	-7.124123e-06	-1.639318e-09	-3.842833e+01	-1.888723e+02
1.000000e-08	-7.124225e-06	-1.640878e-09	-3.842888e+01	-1.888808e+02
2.000000e-08	-7.123959e-06	-1.641039e-09	-3.842744e+01	-1.888840e+02
3.000000e-08	-7.123073e-06	-1.637983e-09	-3.842266e+01	-1.888820e+02
4.000000e-08	-7.121494e-06	-1.635258e-09	-3.841415e+01	-1.888747e+02
5.000000e-08	-7.119163e-06	-1.635032e-09	-3.840157e+01	-1.888623e+02
6.000000e-08	-7.116066e-06	-1.635476e-09	-3.838487e+01	-1.888447e+02
7.000000e-08	-7.112402e-06	-1.640596e-09	-3.836510e+01	-1.888219e+02
8.000000e-08	-7.108417e-06	-1.645890e-09	-3.834360e+01	-1.887941e+02
9.000000e-08	-7.103908e-06	-1.613859e-09	-3.831928e+01	-1.887611e+02
1.000000e-07	-7.098601e-06	-1.560956e-09	-3.829066e+01	-1.887230e+02
1.100000e-07	-7.092708e-06	-1.607885e-09	-3.825887e+01	-1.886798e+02
1.200000e-07	-7.086647e-06	-1.710102e-09	-3.822617e+01	-1.886315e+02
1.300000e-07	-7.080192e-06	-1.666589e-09	-3.819136e+01	-1.885782e+02
1.400000e-07	-7.072981e-06	-1.533219e-09	-3.815246e+01	-1.885198e+02
1.500000e-07	-7.065315e-06	-1.578443e-09	-3.811111e+01	-1.884564e+02
1.600000e-07	-7.057624e-06	-1.728554e-09	-3.806962e+01	-1.883880e+02
1.700000e-07	-7.049632e-06	-1.646850e-09	-3.802651e+01	-1.883145e+02
1.800000e-07	-7.040745e-06	-1.469084e-09	-3.797858e+01	-1.882360e+02
1.900000e-07	-7.031059e-06	-1.570278e-09	-3.792633e+01	-1.881525e+02
2.000000e-07	-7.021073e-06	-1.764058e-09	-3.787246e+01	-1.880639e+02
2.100000e-07	-7.010554e-06	-1.654606e-09	-3.781572e+01	-1.879703e+02
2.200000e-07	-6.999151e-06	-1.479993e-09	-3.775421e+01	-1.878715e+02
2.300000e-07	-6.987009e-06	-1.586432e-09	-3.768872e+01	-1.877676e+02
2.400000e-07	-6.974452e-06	-1.702649e-09	-3.762099e+01	-1.876584e+02
2.500000e-07	-6.961332e-06	-1.579275e-09	-3.755021e+01	-1.875438e+02
2.600000e-07	-6.947423e-06	-1.523666e-09	-3.747519e+01	-1.874238e+02
2.700000e-07	-6.933219e-06	-1.649413e-09	-3.739857e+01	-1.872981e+02
2.800000e-07	-6.918248e-06	-1.640355e-09	-3.731781e+01	-1.871665e+02
2.900000e-07	-6.902314e-06	-1.531565e-09	-3.723186e+01	-1.870290e+02
3.000000e-07	-6.885855e-06	-1.588657e-09	-3.714308e+01	-1.868852e+02
3.100000e-07	-6.869001e-06	-1.645126e-09	-3.705217e+01	-1.867349e+02
3.200000e-07	-6.851818e-06	-1.531035e-09	-3.695948e+01	-1.865778e+02
3.300000e-07	-6.834174e-06	-1.535446e-09	-3.686431e+01	-1.864137e+02
3.400000e-07	-6.816176e-06	-1.674432e-09	-3.676723e+01	-1.862422e+02
3.500000e-07	-6.797742e-06	-1.613281e-09	-3.666779e+01	-1.860630e+02
3.600000e-07	-6.778637e-06	-1.479369e-09	-3.656474e+01	-1.858758e+02
3.700000e-07	-6.759080e-06	-1.571168e-09	-3.645925e+01	-1.856802e+02
3.800000e-07	-6.739339e-06	-1.648951e-09	-3.635276e+01	-1.854760e+02
3.900000e-07	-6.719286e-06	-1.534415e-09	-3.624459e+01	-1.852627e+02
4.000000e-07	-6.698637e-06	-1.516788e-09	-3.613320e+01	-1.850401e+02
4.100000e-07	-6.677448e-06	-1.618793e-09	-3.601891e+01	-1.848080e+02
4.200000e-07	-6.655753e-06	-1.580639e-09	-3.590189e+01	-1.845660e+02
4.300000e-07	-6.633584e-06	-1.516376e-09	-3.578230e+01	-1.843139e+02
4.400000e-07	-6.611027e-06	-1.575372e-09	-3.566063e+01	-1.840517e+02
4.500000e-07	-6.587944e-06	-1.574077e-09	-3.553612e+01	-1.837790e+02
4.600000e-07	-6.564519e-06	-1.509898e-09	-3.540976e+01	-1.834960e+02
4.700000e-07	-6.540809e-06	-1.554514e-09	-3.528186e+01	-1.832024e+02
4.800000e-07	-6.516779e-06	-1.591705e-09	-3.515224e+01	-1.828985e+02
4.900000e-07	-6.492250e-06	-1.521122e-09	-3.501993e+01	-1.825843e+02
5.000000e-07	-6.467092e-06	-1.508157e-09	-3.488423e+01	-1.822600e+02
5.100000e-07	-6.441212e-06	-1.557044e-09	-3.474463e+01	-1.819257e+02
5.200000e-07	-6.414502e-06	-1.535040e-09	-3.460055e+01	-1.815819e+02
5.300000e-07	-6.387252e-06	-1.507426e-09	-3.445356e+01	-1.812288e+02
5.400000e-07	-6.359644e-06	-1.533164e-09	-3.430464e+01	-1.808669e+02
5.500000e-07	-6.331648e-06	-1.529148e-09	-3.415362e+01	-1.804966e+02
5.600000e-07	-6.303174e-06	-1.506134e-09	-3.400003e+01	-1.801185e+02
5.700000e-07	-6.274315e-06	-1.515590e-09	-3.384437e+01	-1.797331e+02
5.800000e-07	-6.245084e-06	-1.513583e-09	-3.368669e+01	-1.793409e+02
5.900000e-07	-6.215473e-06	-1.493344e-09	-3.352696e+01	-1.789426e+02
6.000000e-07	-6.185520e-06	-1.497557e-09	-3.336540e+01	-1.785387e+02
6.100000e-07	-6.155100e-06	-1.504536e-09	-3.320130e+01	-1.781298e+02
6.200000e-07	-6.124081e-06	-1.494754e-09	-3.303398e+01	-1.777166e+02
6.300000e-07	-6.092425e-06	-1.487522e-09	-3.286323e+01	-1.772995e+02
6.400000e-07	-6.060535e-06	-1.481570e-09	-3.269121e+01	-1.768790e+02
6.500000e-07	-6.028578e-06	-1.474559e-09	-3.251883e+01	-1.764557e+02
6.600000e-07	-5.996308e-06	-1.475457e-09	-3.234477e+01	-1.760300e+02
6.700000e-07	-5.963632e-06	-1.474091e-09	-3.216851e+01	-1.756021e+02
6.800000e-07	-5.930417e-06	-1.466517e-09	-3.198934e+01	-1.751723e+02
6.900000e-07	-5.896437e-06	-1.460534e-09	-3.180605e+01	-1.747408e+02
7.000000e-07	-5.861689e-06	-1.451880e-09	-3.161861e+01	-1.743076e+02
7.100000e-07	-5.826542e-06	-1.443612e-09	-3.142902e+01	-1.738728e+02
7.200000e-07	-5.791079e-06	-1.443201e-09	-3.123774e+01	-1.734362e+02
7.300000e-07	-5.755253e-06	-1.439672e-09	-3.104448e+01	-1.729976e+02
7.400000e-07	-5.719171e-06	-1.430838e-09	-3.084986e+01	-1.725566e+02
7.500000e-07	-5.682805e-06	-1.429062e-09	-3.065369e+01	-1.721129e+02
7.600000e-07	-5.646029e-06	-1.428609e-09	-3.045532e+01	-1.716660e+02
7.700000e-07	-5.608760e-06	-1.420126e-09	-3.025428e+01	-1.712152e+02
7.800000e-07	-5.570945e-06	-1.410576e-09	-3.005031e+01	-1.707600e+02
7.900000e-07	-5.532682e-06	-1.404959e-09	-2.984391e+01	-1.702995e+02
8.000000e-07	-5.494019e-06	-1.400474e-09	-2.963536e+01	-1.698330e+02
8.100000e-07	-5.454946e-06	-1.397714e-09	-2.942460e+01	-1.693597e+02
8.200000e-07	-5.415585e-06	-1.393996e-09	-2.921228e+01	-1.688788e+02
8.300000e-07	-5.375935e-06	-1.386165e-09	-2.899840e+01	-1.683893e+02
8.400000e-07	-5.336066e-06	-1.378400e-09	-2.878334e+01	-1.678904e+02
8.500000e-07	-5.295974e-06	-1.375383e-09	-2.856708e+01	-1.673812e+02
8.600000e-07	-5.255391e-06	-1.373149e-09	-2.834817e+01	-1.668610e+02
8.700000e-07	-5.214414e-06	-1.367625e-09	-2.812714e+01	-1.663290e+02
8.800000e-07	-5.173080e-06	-1.359538e-09	-2.790418e+01	-1.657844e+02
8.900000e-07	-5.131197e-06	-1.352389e-09	-2.767826e+01	-1.652266e+02
9.000000e-07	-5.088740e-06	-1.346819e-09	-2.744924e+01	-1.646550e+02
9.100000e-07	-5.045578e-06	-1.341302e-09	-2.721642e+01	-1.640691e+02
9.200000e-07	-5.001963e-06	-1.334842e-09	-2.698115e+01	-1.634686e+02
9.300000e-07	-4.958114e-06	-1.328379e-09	-2.674463e+01	-1.628531e+02
9.400000e-07	-4.913983e-06	-1.322932e-09	-2.650658e+01	-1.622224e+02
9.500000e-07	-4.869606e-06	-1.317794e-09	-2.626721e+01	-1.615764e+02
9.600000e-07	-4.824945e-06	-1.312130e-09	-2.602630e+01	-1.609152e+02
9.700000e-07	-4.779975e-06	-1.305173e-09	-2.578373e+01	-1.602387e+02
9.800000e-07	-4.734607e-06	-1.297776e-09	-2.553900e+01	-1.595473e+02
9.900000e-07	-4.688912e-06	-1.292069e-09	-2.529252e+01	-1.588411e+02
1.000000e-06	-4.642929e-06	-1.287977e-09	-2.504448e+01	-1.581204e+02
1.010000e-06	-4.596600e-06	-1.283087e-09	-2.479458e+01	-1.573857e+02
1.020000e-06	-4.550024e-06	-1.276192e-09	-2.454334e+01	-1.566375e+02
1.030000e-06	-4.503049e-06	-1.268294e-09	-2.428996e+01	-1.558760e+02
1.040000e-06	-4.455733e-06	-1.262676e-09	-2.403473e+01	-1.551019e+02
1.050000e-06	-4.408172e-06	-1.258895e-09	-2.377818e+01	-1.543157e+02
1.060000e-06	-4.360311e-06	-1.254420e-09	-2.352001e+01	-1.535178e+02
1.070000e-06	-4.312208e-06	-1.248366e-09	-2.326054e+01	-1.527087e+02
1.080000e-06	-4.263880e-06	-1.241047e-09	-2.299985e+01	-1.518887e+02
1.090000e-06	-4.215270e-06	-1.233483e-09	-2.273764e+01	-1.510584e+02
1.100000e-06	-4.166231e-06	-1.227036e-09	-2.247312e+01	-1.502179e+02
1.110000e-06	-4.116727e-06	-1.220722e-09	-2.220609e+01	-1.493675e+02
1.120000e-06	-4.066634e-06	-1.212787e-09	-2.193588e+01	-1.485075e+02
1.130000e-06	-4.016026e-06	-1.204697e-09	-2.166290e+01	-1.476377e+02
1.140000e-06	-3.965111e-06	-1.199299e-09	-2.138826e+01	-1.467584e+02
1.150000e-06	-3.913927e-06	-1.194698e-09	-2.111217e+01	-1.458693e+02
1.160000e-06	-3.862477e-06	-1.187534e-09	-2.083464e+01	-1.449703e+02
1.170000e-06	-3.810685e-06	-1.178614e-09	-2.055527e+01	-1.440611e+02
1.180000e-06	-3.758584e-06	-1.170584e-09	-2.027423e+01	-1.431414e+02
1.190000e-06	-3.706229e-06	-1.164091e-09	-1.999182e+01	-1.422107e+02
1.200000e-06	-3.653510e-06	-1.157353e-09	-1.970745e+01	-1.412686e+02
1.210000e-06	-3.600464e-06	-1.149128e-09	-1.942131e+01	-1.403146e+02
1.220000e-06	-3.547219e-06	-1.140148e-09	-1.913410e+01	-1.393481e+02
1.230000e-06	-3.493751e-06	-1.131301e-09	-1.884569e+01	-1.383686e+02
1.240000e-06	-3.440049e-06	-1.123467e-09	-1.855601e+01	-1.373754e+02
1.250000e-06	-3.386114e-06	-1.116684e-09	-1.826508e+01	-1.363680e+02
1.260000e-06	-3.331946e-06	-1.108114e-09	-1.797290e+01	-1.353458e+02
1.270000e-06	-3.277466e-06	-1.097289e-09	-1.767902e+01	-1.343083e+02
1.280000e-06	-3.222714e-06	-1.087581e-09	-1.738368e+01	-1.332551e+02
1.290000e-06	-3.167774e-06	-1.079688e-09	-1.708733e+01	-1.321858e+02
1.300000e-06	-3.112680e-06	-1.070555e-09	-1.679015e+01	-1.310999e+02
1.310000e-06	-3.057469e-06	-1.060073e-09	-1.649233e+01	-1.299974e+02
1.320000e-06	-3.001945e-06	-1.050141e-09	-1.619283e+01	-1.288780e+02
1.330000e-06	-2.946143e-06	-1.040574e-09	-1.589183e+01	-1.277416e+02
1.340000e-06	-2.890350e-06	-1.031002e-09	-1.559088e+01	-1.265883e+02
1.350000e-06	-2.834552e-06	-1.021621e-09	-1.528990e+01	-1.254182e+02
1.360000e-06	-2.778555e-06	-1.012311e-09	-1.498784e+01	-1.242315e+02
1.370000e-06	-2.722321e-06	-1.002842e-09	-1.468451e+01	-1.230286e+02
1.380000e-06	-2.665957e-06	-9.930050e-10	-1.438047e+01	-1.218096e+02
1.390000e-06	-2.609530e-06	-9.828064e-10	-1.407610e+01	-1.205752e+02
1.400000e-06	-2.552890e-06	-9.716463e-10	-1.377058e+01	-1.193256e+02
1.410000e-06	-2.496078e-06	-9.595970e-10	-1.346413e+01	-1.180614e+02
1.420000e-06	-2.439076e-06	-9.483147e-10	-1.315665e+01	-1.167830e+02
1.430000e-06	-2.381710e-06	-9.383995e-10	-1.284721e+01	-1.154910e+02
1.440000e-06	-2.323935e-06	-9.284948e-10	-1.253557e+01	-1.141856e+02
1.450000e-06	-2.265750e-06	-9.179817e-10	-1.222171e+01	-1.128674e+02
1.460000e-06	-2.207164e-06	-9.063161e-10	-1.190569e+01	-1.115364e+02
1.470000e-06	-2.148466e-06	-8.936440e-10	-1.158907e+01	-1.101928e+02
1.480000e-06	-2.089729e-06	-8.812930e-10	-1.127223e+01	-1.088368e+02
1.490000e-06	-2.030620e-06	-8.694047e-10	-1.095339e+01	-1.074680e+02
1.500000e-06	-1.971254e-06	-8.576458e-10	-1.063317e+01	-1.060863e+02
1.510000e-06	-1.911817e-06	-8.460325e-10	-1.031256e+01	-1.046911e+02
1.520000e-06	-1.852275e-06	-8.355286e-10	-9.991381e+00	-1.032817e+02
1.530000e-06	-1.792626e-06	-8.260159e-10	-9.669625e+00	-1.018572e+02
1.540000e-06	-1.732962e-06	-8.147783e-10	-9.347793e+00	-1.004165e+02
1.550000e-06	-1.673190e-06	-8.014415e-10	-9.025376e+00	-9.895821e+01
1.560000e-06	-1.613273e-06	-7.882713e-10	-8.702180e+00	-9.748080e+01
1.570000e-06	-1.553446e-06	-7.763501e-10	-8.379464e+00	-9.598250e+01
1.580000e-06	-1.493625e-06	-7.642491e-10	-8.056784e+00	-9.446135e+01
1.590000e-06	-1.433677e-06	-7.510951e-10	-7.733415e+00	-9.291519e+01
1.600000e-06	-1.373653e-06	-7.378779e-10	-7.409640e+00	-9.134172e+01
1.610000e-06	-1.313462e-06	-7.245040e-10	-7.084962e+00	-8.973849e+01
1.620000e-06	-1.253177e-06	-7.109709e-10	-6.759780e+00	-8.810293e+01
1.630000e-06	-1.192856e-06	-6.972894e-10	-6.434399e+00	-8.643239e+01
1.640000e-06	-1.132441e-06	-6.833296e-10	-6.108514e+00	-8.472419e+01
1.650000e-06	-1.071963e-06	-6.696528e-10	-5.782291e+00	-8.297561e+01
1.660000e-06	-1.011467e-06	-6.563869e-10	-5.455970e+00	-8.118397e+01
1.670000e-06	-9.509640e-07	-6.429849e-10	-5.129608e+00	-7.934665e+01
1.680000e-06	-8.903854e-07	-6.283666e-10	-4.802840e+00	-7.746114e+01
1.690000e-06	-8.297685e-07	-6.127647e-10	-4.475865e+00	-7.552506e+01
1.700000e-06	-7.691164e-07	-5.977413e-10	-4.148701e+00	-7.353622e+01
1.710000e-06	-7.083775e-07	-5.832326e-10	-3.821068e+00	-7.149265e+01
1.720000e-06	-6.475755e-07	-5.684821e-10	-3.493096e+00	-6.939264e+01
1.730000e-06	-5.867159e-07	-5.530816e-10	-3.164812e+00	-6.723476e+01
1.740000e-06	-5.258208e-07	-5.360993e-10	-2.836337e+00	-6.501791e+01
1.750000e-06	-4.648803e-07	-5.174128e-10	-2.507617e+00	-6.274131e+01
1.760000e-06	-4.038938e-07	-4.985277e-10	-2.178649e+00	-6.040459e+01
1.770000e-06	-3.428285e-07	-4.798360e-10	-1.849256e+00	-5.800773e+01
1.780000e-06	-2.817781e-07	-4.606747e-10	-1.519943e+00	-5.555112e+01
1.790000e-06	-2.207518e-07	-4.395665e-10	-1.190760e+00	-5.303556e+01
1.800000e-06	-1.597156e-07	-4.176585e-10	-8.615242e-01	-5.046226e+01
1.810000e-06	-9.870051e-08	-3.967864e-10	-5.324017e-01	-4.783284e+01
1.820000e-06	-3.771906e-08	-3.757068e-10	-2.034609e-01	-4.514930e+01
1.830000e-06	2.324523e-08	-3.527316e-10	1.253874e-01	-4.241405e+01
1.840000e-06	8.421886e-08	-3.290573e-10	4.542860e-01	-3.962985e+01
1.850000e-06	1.452573e-07	-3.059251e-10	7.835344e-01	-3.679982e+01
1.860000e-06	2.063311e-07	-2.824239e-10	1.112973e+00	-3.392739e+01
1.870000e-06	2.673053e-07	-2.587872e-10	1.441875e+00	-3.101628e+01
1.880000e-06	3.282621e-07	-2.337359e-10	1.770683e+00	-2.807045e+01
1.890000e-06	3.892857e-07	-2.073204e-10	2.099851e+00	-2.509408e+01
1.900000e-06	4.502841e-07	-1.803664e-10	2.428884e+00	-2.209155e+01
1.910000e-06	5.113242e-07	-1.524219e-10	2.758141e+00	-1.906735e+01
1.920000e-06	5.723295e-07	-1.253754e-10	3.087210e+00	-1.602605e+01
1.930000e-06	6.332940e-07	-9.960468e-11	3.416060e+00	-1.297230e+01
1.940000e-06	6.942382e-07	-7.355104e-11	3.744800e+00	-9.910730e+00
1.950000e-06	7.550665e-07	-4.741229e-11	4.072914e+00	-6.845948e+00
1.960000e-06	8.158857e-07	-2.096745e-11	4.400980e+00	-3.782475e+00
1.970000e-06	8.765496e-07	4.608650e-12	4.728208e+00	-7.247208e-01
1.980000e-06	9.370498e-07	2.949539e-11	5.054553e+00	2.323061e+00
1.990000e-06	9.975333e-07	5.517948e-11	5.380808e+00	5.356801e+00
2.000000e-06	1.058027e-06	8.116076e-11	5.707117e+00	8.372650e+00
2.010000e-06	1.118404e-06	1.071474e-10	6.032798e+00	1.136700e+01
2.020000e-06	1.178665e-06	1.325052e-10	6.357854e+00	1.433651e+01
2.030000e-06	1.238900e-06	1.573944e-10	6.682768e+00	1.727813e+01
2.040000e-06	1.299147e-06	1.822196e-10	7.007748e+00	2.018909e+01
2.050000e-06	1.359373e-06	2.066048e-10	7.332611e+00	2.306697e+01
2.060000e-06	1.419478e-06	2.300954e-10	7.656826e+00	2.590962e+01
2.070000e-06	1.479486e-06	2.531432e-10	7.980513e+00	2.871524e+01
2.080000e-06	1.539367e-06	2.752930e-10	8.303522e+00	3.148234e+01
2.090000e-06	1.599192e-06	2.965795e-10	8.626220e+00	3.420974e+01
2.100000e-06	1.658993e-06	3.184376e-10	8.948795e+00	3.689655e+01
2.110000e-06	1.718686e-06	3.408082e-10	9.270789e+00	3.954218e+01
2.120000e-06	1.778284e-06	3.633571e-10	9.592264e+00	4.214632e+01
2.130000e-06	1.837874e-06	3.852639e-10	9.913699e+00	4.470890e+01
2.140000e-06	1.897452e-06	4.050360e-10	1.023507e+01	4.723009e+01
2.150000e-06	1.956905e-06	4.229203e-10	1.055577e+01	4.971028e+01
2.160000e-06	2.016212e-06	4.411509e-10	1.087567e+01	5.215004e+01
2.170000e-06	2.075398e-06	4.605467e-10	1.119493e+01	5.455013e+01
2.180000e-06	2.134331e-06	4.798199e-10	1.151282e+01	5.691141e+01
2.190000e-06	2.192989e-06	4.989493e-10	1.182923e+01	5.923491e+01
2.200000e-06	2.251340e-06	5.185475e-10	1.214398e+01	6.152171e+01
2.210000e-06	2.309226e-06	5.379575e-10	1.245623e+01	6.377298e+01
2.220000e-06	2.366749e-06	5.560380e-10	1.276651e+01	6.598993e+01
2.230000e-06	2.424066e-06	5.726293e-10	1.307569e+01	6.817382e+01
2.240000e-06	2.481132e-06	5.890265e-10	1.338351e+01	7.032587e+01
2.250000e-06	2.537973e-06	6.058988e-10	1.369011e+01	7.244734e+01
2.260000e-06	2.594588e-06	6.224996e-10	1.399550e+01	7.453943e+01
2.270000e-06	2.650855e-06	6.377630e-10	1.429901e+01	7.660330e+01
2.280000e-06	2.706952e-06	6.517662e-10	1.460160e+01	7.864006e+01
2.290000e-06	2.763020e-06	6.659363e-10	1.490404e+01	8.065076e+01
2.300000e-06	2.818960e-06	6.813334e-10	1.520579e+01	8.263636e+01
2.310000e-06	2.874774e-06	6.975185e-10	1.550686e+01	8.459775e+01
2.320000e-06	2.930503e-06	7.139741e-10	1.580747e+01	8.653572e+01
2.330000e-06	2.986088e-06	7.303789e-10	1.610730e+01	8.845099e+01
2.340000e-06	3.041507e-06	7.455435e-10	1.640624e+01	9.034417e+01
2.350000e-06	3.096711e-06	7.588158e-10	1.670401e+01	9.221578e+01
2.360000e-06	3.151616e-06	7.708720e-10	1.700017e+01	9.406627e+01
2.370000e-06	3.206227e-06	7.819723e-10	1.729475e+01	9.589596e+01
2.380000e-06	3.260667e-06	7.935616e-10	1.758841e+01	9.770512e+01
2.390000e-06	3.314874e-06	8.083050e-10	1.788081e+01	9.949393e+01
2.400000e-06	3.368915e-06	8.250708e-10	1.817231e+01	1.012625e+02
2.410000e-06	3.422792e-06	8.411635e-10	1.846293e+01	1.030108e+02
2.420000e-06	3.476443e-06	8.555769e-10	1.875233e+01	1.047389e+02
2.430000e-06	3.529905e-06	8.687499e-10	1.904071e+01	1.064466e+02
2.440000e-06	3.582973e-06	8.816837e-10	1.932696e+01	1.081339e+02
2.450000e-06	3.635723e-06	8.943873e-10	1.961150e+01	1.098004e+02
2.460000e-06	3.688232e-06	9.067995e-10	1.989474e+01	1.114461e+02
2.470000e-06	3.740459e-06	9.188895e-10	2.017646e+01	1.130705e+02
2.480000e-06	3.792458e-06	9.311102e-10	2.045695e+01	1.146734e+02
2.490000e-06	3.844159e-06	9.438035e-10	2.073583e+01	1.162546e+02
2.500000e-06	3.895512e-06	9.569362e-10	2.101284e+01	1.178136e+02
2.510000e-06	3.946529e-06	9.698131e-10	2.128803e+01	1.193502e+02
2.520000e-06	3.997171e-06	9.816018e-10	2.156119e+01	1.208639e+02
2.530000e-06	4.047278e-06	9.932514e-10	2.183148e+01	1.223545e+02
2.540000e-06	4.096799e-06	1.004830e-09	2.209860e+01	1.238215e+02
2.550000e-06	4.146012e-06	1.015720e-09	2.236406e+01	1.252648e+02
2.560000e-06	4.194843e-06	1.025701e-09	2.262746e+01	1.266838e+02
2.570000e-06	4.243196e-06	1.035438e-09	2.288828e+01	1.280785e+02
2.580000e-06	4.291226e-06	1.046238e-09	2.314736e+01	1.294484e+02
2.590000e-06	4.339082e-06	1.058357e-09	2.340550e+01	1.307933e+02
2.600000e-06	4.386801e-06	1.070483e-09	2.366290e+01	1.321131e+02
2.610000e-06	4.434256e-06	1.081342e-09	2.391888e+01	1.334075e+02
2.620000e-06	4.481482e-06	1.091861e-09	2.417362e+01	1.346764e+02
2.630000e-06	4.528426e-06	1.101745e-09	2.442684e+01	1.359198e+02
2.640000e-06	4.574936e-06	1.110450e-09	2.467772e+01	1.371375e+02
2.650000e-06	4.621132e-06	1.119646e-09	2.492691e+01	1.383296e+02
2.660000e-06	4.667014e-06	1.128921e-09	2.517440e+01	1.394962e+02
2.670000e-06	4.712509e-06	1.137057e-09	2.541981e+01	1.406372e+02
2.680000e-06	4.757646e-06	1.145634e-09	2.566328e+01	1.417530e+02
2.690000e-06	4.802360e-06	1.155016e-09	2.590447e+01	1.428437e+02
2.700000e-06	4.846794e-06	1.164183e-09	2.614416e+01	1.439096e+02
2.710000e-06	4.891044e-06	1.174315e-09	2.638284e+01	1.449510e+02
2.720000e-06	4.935047e-06	1.185205e-09	2.662020e+01	1.459684e+02
2.730000e-06	4.978815e-06	1.194585e-09	2.685629e+01	1.469622e+02
2.740000e-06	5.022343e-06	1.202913e-09	2.709109e+01	1.479329e+02
2.750000e-06	5.065581e-06	1.210965e-09	2.732432e+01	1.488811e+02
2.760000e-06	5.108349e-06	1.218468e-09	2.755501e+01	1.498074e+02
2.770000e-06	5.150522e-06	1.226319e-09	2.778250e+01	1.507125e+02
2.780000e-06	5.192123e-06	1.234927e-09	2.800690e+01	1.515971e+02
2.790000e-06	5.233176e-06	1.243278e-09	2.822834e+01	1.524620e+02
2.800000e-06	5.273751e-06	1.249949e-09	2.844721e+01	1.533079e+02
2.810000e-06	5.313947e-06	1.256332e-09	2.866403e+01	1.541357e+02
2.820000e-06	5.353884e-06	1.263786e-09	2.887946e+01	1.549463e+02
2.830000e-06	5.393608e-06	1.271142e-09	2.909373e+01	1.557405e+02
2.840000e-06	5.433075e-06	1.278298e-09	2.930662e+01	1.565191e+02
2.850000e-06	5.472178e-06	1.284332e-09	2.951755e+01	1.572831e+02
2.860000e-06	5.510844e-06	1.289105e-09	2.972611e+01	1.580334e+02
2.870000e-06	5.548983e-06	1.294893e-09	2.993184e+01	1.587708e+02
2.880000e-06	5.586690e-06	1.301609e-09	3.013524e+01	1.594961e+02
2.890000e-06	5.624090e-06	1.308343e-09	3.033698e+01	1.602102e+02
2.900000e-06	5.661173e-06	1.315055e-09	3.053701e+01	1.609139e+02
2.910000e-06	5.697901e-06	1.321711e-09	3.073513e+01	1.616080e+02
2.920000e-06	5.734146e-06	1.328623e-09	3.093063e+01	1.622931e+02
2.930000e-06	5.770041e-06	1.336089e-09	3.112426e+01	1.629699e+02
2.940000e-06	5.805736e-06	1.342405e-09	3.131680e+01	1.636390e+02
2.950000e-06	5.841194e-06	1.346380e-09	3.150806e+01	1.643009e+02
2.960000e-06	5.876321e-06	1.350325e-09	3.169754e+01	1.649562e+02
2.970000e-06	5.910827e-06	1.356066e-09	3.188367e+01	1.656053e+02
2.980000e-06	5.944528e-06	1.362441e-09	3.206546e+01	1.662485e+02
2.990000e-06	5.977432e-06	1.368338e-09	3.224294e+01	1.668861e+02
3.000000e-06	6.009735e-06	1.373309e-09	3.241719e+01	1.675184e+02
3.010000e-06	6.041728e-06	1.377350e-09	3.258977e+01	1.681454e+02
3.020000e-06	6.073476e-06	1.383402e-09	3.276102e+01	1.687673e+02
3.030000e-06	6.104983e-06	1.391957e-09	3.293097e+01	1.693841e+02
3.040000e-06	6.136069e-06	1.398583e-09	3.309865e+01	1.699958e+02
3.050000e-06	6.166591e-06	1.403537e-09	3.326329e+01	1.706022e+02
3.060000e-06	6.196665e-06	1.410201e-09	3.342551e+01	1.712033e+02
3.070000e-06	6.226435e-06	1.416717e-09	3.358609e+01	1.717987e+02
3.080000e-06	6.255836e-06	1.421976e-09	3.374469e+01	1.723883e+02
3.090000e-06	6.284763e-06	1.428344e-09	3.390072e+01	1.729718e+02
3.100000e-06	6.313205e-06	1.434820e-09	3.405414e+01	1.735488e+02
3.110000e-06	6.341263e-06	1.439099e-09	3.420549e+01	1.741190e+02
3.120000e-06	6.369126e-06	1.442274e-09	3.435579e+01	1.746820e+02
3.130000e-06	6.396674e-06	1.445976e-09	3.450438e+01	1.752375e+02
3.140000e-06	6.423761e-06	1.450095e-09	3.465050e+01	1.757850e+02
3.150000e-06	6.450310e-06	1.454783e-09	3.479370e+01	1.763240e+02
3.160000e-06	6.476164e-06	1.460937e-09	3.493316e+01	1.768543e+02
3.170000e-06	6.501156e-06	1.468291e-09	3.506797e+01	1.773753e+02
3.180000e-06	6.525451e-06	1.474876e-09	3.519902e+01	1.778866e+02
3.190000e-06	6.549419e-06	1.479223e-09	3.532831e+01	1.783879e+02
3.200000e-06	6.573095e-06	1.481644e-09	3.545602e+01	1.788787e+02
3.210000e-06	6.596376e-06	1.484086e-09	3.558160e+01	1.793587e+02
3.220000e-06	6.619193e-06	1.488572e-09	3.570468e+01	1.798275e+02
3.230000e-06	6.641463e-06	1.494432e-09	3.582480e+01	1.802848e+02
3.240000e-06	6.663256e-06	1.500466e-09	3.594236e+01	1.807303e+02
3.250000e-06	6.684609e-06	1.505873e-09	3.605754e+01	1.811637e+02
3.260000e-06	6.705446e-06	1.510330e-09	3.616994e+01	1.815847e+02
3.270000e-06	6.725783e-06	1.514243e-09	3.627964e+01	1.819933e+02
3.280000e-06	6.745820e-06	1.517488e-09	3.638772e+01	1.823891e+02
3.290000e-06	6.765623e-06	1.521164e-09	3.649454e+01	1.827721e+02
3.300000e-06	6.785104e-06	1.525392e-09	3.659962e+01	1.831421e+02
3.310000e-06	6.804085e-06	1.529575e-09	3.670200e+01	1.834990e+02
3.320000e-06	6.822355e-06	1.533928e-09	3.680056e+01	1.838429e+02
3.330000e-06	6.839893e-06	1.537644e-09	3.689516e+01	1.841736e+02
3.340000e-06	6.857006e-06	1.541117e-09	3.698746e+01	1.844913e+02
3.350000e-06	6.873893e-06	1.545546e-09	3.707856e+01	1.847959e+02
3.360000e-06	6.890328e-06	1.550333e-09	3.716721e+01	1.850876e+02
3.370000e-06	6.906238e-06	1.554533e-09	3.725303e+01	1.853664e+02
3.380000e-06	6.921563e-06	1.558482e-09	3.733570e+01	1.856326e+02
3.390000e-06	6.936085e-06	1.561342e-09	3.741403e+01	1.858863e+02
3.400000e-06	6.949970e-06	1.563591e-09	3.748893e+01	1.861276e+02
3.410000e-06	6.963462e-06	1.566330e-09	3.756170e+01	1.863569e+02
3.420000e-06	6.976435e-06	1.568955e-09	3.763168e+01	1.865743e+02
3.430000e-06	6.988907e-06	1.571094e-09	3.769896e+01	1.867802e+02
3.440000e-06	7.000972e-06	1.573713e-09	3.776404e+01	1.869747e+02
3.450000e-06	7.012674e-06	1.577851e-09	3.782716e+01	1.871583e+02
3.460000e-06	7.023987e-06	1.582239e-09	3.788818e+01	1.873312e+02
3.470000e-06	7.034473e-06	1.584049e-09	3.794474e+01	1.874936e+02
3.480000e-06	7.044037e-06	1.584304e-09	3.799633e+01	1.876461e+02
3.490000e-06	7.052773e-06	1.585710e-09	3.804346e+01	1.877888e+02
3.500000e-06	7.060877e-06	1.587980e-09	3.808717e+01	1.879221e+02
3.510000e-06	7.068711e-06	1.591120e-09	3.812943e+01	1.880464e+02
3.520000e-06	7.076340e-06	1.593800e-09	3.817058e+01	1.881620e+02
3.530000e-06	7.083557e-06	1.595396e-09	3.820951e+01	1.882692e+02
3.540000e-06	7.090213e-06	1.597886e-09	3.824541e+01	1.883683e+02
3.550000e-06	7.096303e-06	1.600127e-09	3.827826e+01	1.884596e+02
3.560000e-06	7.101868e-06	1.601979e-09	3.830828e+01	1.885434e+02
3.570000e-06	7.106881e-06	1.603860e-09	3.833532e+01	1.886200e+02
3.580000e-06	7.111292e-06	1.604554e-09	3.835911e+01	1.886897e+02
3.590000e-06	7.115387e-06	1.605298e-09	3.838120e+01	1.887526e+02
3.600000e-06	7.119276e-06	1.606606e-09	3.840218e+01	1.888091e+02
3.610000e-06	7.122799e-06	1.608019e-09	3.842118e+01	1.888593e+02
3.620000e-06	7.125750e-06	1.609620e-09	3.843710e+01	1.889034e+02
3.630000e-06	7.127927e-06	1.611607e-09	3.844885e+01	1.889415e+02
3.640000e-06	7.129277e-06	1.612570e-09	3.845613e+01	1.889739e+02
3.650000e-06	7.129900e-06	1.612597e-09	3.845949e+01	1.890006e+02
3.660000e-06	7.129995e-06	1.613719e-09	3.846000e+01	1.890217e+02
3.670000e-06	7.129817e-06	1.613768e-09	3.845904e+01	1.890374e+02
3.680000e-06	7.129351e-06	1.612520e-09	3.845652e+01	1.890478e+02
3.690000e-06	7.128308e-06	1.613597e-09	3.845090e+01	1.890528e+02
3.700000e-06	7.126670e-06	1.615765e-09	3.844206e+01	1.890525e+02
3.710000e-06	7.124653e-06	1.616739e-09	3.843118e+01	1.890470e+02
3.720000e-06	7.122318e-06	1.616797e-09	3.841859e+01	1.890363e+02
3.730000e-06	7.119552e-06	1.614408e-09	3.840367e+01	1.890204e+02
3.740000e-06	7.116196e-06	1.599407e-09	3.838557e+01	1.889994e+02
3.750000e-06	7.112348e-06	1.596699e-09	3.836481e+01	1.889733e+02
3.760000e-06	7.107990e-06	1.665457e-09	3.834130e+01	1.889420e+02
3.770000e-06	7.102549e-06	1.706099e-09	3.831196e+01	1.889056e+02
3.780000e-06	7.096230e-06	1.578010e-09	3.827787e+01	1.888641e+02
3.790000e-06	7.089925e-06	1.498289e-09	3.824386e+01	1.888175e+02
3.800000e-06	7.083576e-06	1.633422e-09	3.820961e+01	1.887659e+02
3.810000e-06	7.076479e-06	1.733870e-09	3.817133e+01	1.887092e+02
3.820000e-06	7.068579e-06	1.585326e-09	3.812872e+01	1.886475e+02
3.830000e-06	7.060391e-06	1.474498e-09	3.808455e+01	1.885808e+02
3.840000e-06	7.052097e-06	1.673866e-09	3.803981e+01	1.885090e+02
3.850000e-06	7.043127e-06	1.800002e-09	3.799143e+01	1.884322e+02
3.860000e-06	7.033341e-06	1.556863e-09	3.793864e+01	1.883503e+02
3.870000e-06	7.023266e-06	1.410240e-09	3.788429e+01	1.882635e+02
3.880000e-06	7.013008e-06	1.671656e-09	3.782896e+01	1.881716e+02
3.890000e-06	7.002236e-06	1.805274e-09	3.777085e+01	1.880745e+02
3.900000e-06	6.990652e-06	1.549159e-09	3.770837e+01	1.879723e+02
3.910000e-06	6.978565e-06	1.472919e-09	3.764317e+01	1.878649e+02
3.920000e-06	6.966009e-06	1.733310e-09	3.757544e+01	1.877521e+02
3.930000e-06	6.952529e-06	1.728162e-09	3.750273e+01	1.876339e+02
3.940000e-06	6.938155e-06	1.470743e-09	3.742519e+01	1.875101e+02
3.950000e-06	6.923193e-06	1.548456e-09	3.734448e+01	1.873806e+02
3.960000e-06	6.907602e-06	1.771313e-09	3.726039e+01	1.872451e+02
3.970000e-06	6.891632e-06	1.631549e-09	3.717425e+01	1.871034e+02
3.980000e-06	6.875478e-06	1.486304e-09	3.708711e+01	1.869553e+02
3.990000e-06	6.858932e-06	1.680004e-09	3.699786e+01	1.868006e+02
4.000000e-06	6.841693e-06	1.713861e-09	3.690487e+01	1.866388e+02
4.010000e-06	6.823870e-06	1.488535e-09	3.680873e+01	1.864698e+02
4.020000e-06	6.805811e-06	1.554488e-09	3.671132e+01	1.862933e+02
4.030000e-06	6.787309e-06	1.759278e-09	3.661151e+01	1.861088e+02
4.040000e-06	6.768064e-06	1.619790e-09	3.650770e+01	1.859160e+02
4.050000e-06	6.748240e-06	1.490590e-09	3.640077e+01	1.857147e+02
4.060000e-06	6.728244e-06	1.668947e-09	3.629291e+01	1.855045e+02
4.070000e-06	6.708083e-06	1.689150e-09	3.618416e+01	1.852851e+02
4.080000e-06	6.687503e-06	1.511294e-09	3.607315e+01	1.850562e+02
4.090000e-06	6.666363e-06	1.581105e-09	3.595912e+01	1.848175e+02
4.100000e-06	6.644388e-06	1.698400e-09	3.584058e+01	1.845688e+02
4.110000e-06	6.621525e-06	1.578657e-09	3.571725e+01	1.843100e+02
4.120000e-06	6.598083e-06	1.549636e-09	3.559081e+01	1.840408e+02
4.130000e-06	6.574260e-06	1.663771e-09	3.546231e+01	1.837612e+02
4.140000e-06	6.550186e-06	1.605617e-09	3.533245e+01	1.834712e+02
4.150000e-06	6.525680e-06	1.530080e-09	3.520026e+01	1.831708e+02
4.160000e-06	6.500624e-06	1.624011e-09	3.506510e+01	1.828600e+02
4.170000e-06	6.475055e-06	1.637644e-09	3.492718e+01	1.825390e+02
4.180000e-06	6.449002e-06	1.556488e-09	3.478665e+01	1.822081e+02
4.190000e-06	6.422502e-06	1.588286e-09	3.464370e+01	1.818674e+02
4.200000e-06	6.395628e-06	1.619204e-09	3.449874e+01	1.815174e+02
4.210000e-06	6.368338e-06	1.564964e-09	3.435153e+01	1.811584e+02
4.220000e-06	6.340606e-06	1.568409e-09	3.420194e+01	1.807908e+02
4.230000e-06	6.312564e-06	1.598545e-09	3.405069e+01	1.804153e+02
4.240000e-06	6.284270e-06	1.572904e-09	3.389806e+01	1.800322e+02
4.250000e-06	6.255554e-06	1.567163e-09	3.374317e+01	1.796422e+02
4.260000e-06	6.226352e-06	1.584849e-09	3.358565e+01	1.792459e+02
4.270000e-06	6.196483e-06	1.570839e-09	3.342453e+01	1.788438e+02
4.280000e-06	6.165858e-06	1.559896e-09	3.325934e+01	1.784365e+02
4.290000e-06	6.134625e-06	1.561400e-09	3.309086e+01	1.780247e+02
4.300000e-06	6.102876e-06	1.558856e-09	3.291961e+01	1.776089e+02
4.310000e-06	6.070732e-06	1.565728e-09	3.274622e+01	1.771895e+02
4.320000e-06	6.038187e-06	1.561879e-09	3.257066e+01	1.767671e+02
4.330000e-06	6.005275e-06	1.545607e-09	3.239313e+01	1.763422e+02
4.340000e-06	5.971988e-06	1.549538e-09	3.221358e+01	1.759149e+02
4.350000e-06	5.938265e-06	1.550026e-09	3.203168e+01	1.754858e+02
4.360000e-06	5.904110e-06	1.537950e-09	3.184744e+01	1.750548e+02
4.370000e-06	5.869543e-06	1.544423e-09	3.166098e+01	1.746222e+02
4.380000e-06	5.834521e-06	1.546195e-09	3.147207e+01	1.741880e+02
4.390000e-06	5.799100e-06	1.529220e-09	3.128100e+01	1.737520e+02
4.400000e-06	5.763389e-06	1.530640e-09	3.108837e+01	1.733141e+02
4.410000e-06	5.727441e-06	1.537940e-09	3.089446e+01	1.728740e+02
4.420000e-06	5.691276e-06	1.523415e-09	3.069939e+01	1.724313e+02
4.430000e-06	5.654838e-06	1.515541e-09	3.050284e+01	1.719855e+02
4.440000e-06	5.618010e-06	1.522531e-09	3.030418e+01	1.715361e+02
4.450000e-06	5.580638e-06	1.521790e-09	3.010259e+01	1.710824e+02
4.460000e-06	5.542517e-06	1.515964e-09	2.989697e+01	1.706238e+02
4.470000e-06	5.503595e-06	1.511896e-09	2.968702e+01	1.701594e+02
4.480000e-06	5.464032e-06	1.506207e-09	2.947361e+01	1.696885e+02
4.490000e-06	5.424127e-06	1.502259e-09	2.925836e+01	1.692102e+02
4.500000e-06	5.384017e-06	1.501587e-09	2.904200e+01	1.687236e+02
4.510000e-06	5.343647e-06	1.500152e-09	2.882424e+01	1.682280e+02
4.520000e-06	5.303051e-06	1.495657e-09	2.860526e+01	1.677224e+02
4.530000e-06	5.262079e-06	1.489594e-09	2.838425e+01	1.672059e+02
4.540000e-06	5.220724e-06	1.486158e-09	2.816118e+01	1.666779e+02
4.550000e-06	5.179042e-06	1.484907e-09	2.793634e+01	1.661376e+02
4.560000e-06	5.136901e-06	1.479114e-09	2.770903e+01	1.655843e+02
4.570000e-06	5.094362e-06	1.470942e-09	2.747956e+01	1.650174e+02
4.580000e-06	5.051525e-06	1.466992e-09	2.724850e+01	1.644363e+02
4.590000e-06	5.008320e-06	1.465756e-09	2.701545e+01	1.638407e+02
4.600000e-06	4.964759e-06	1.462604e-09	2.678047e+01	1.632302e+02
4.610000e-06	4.920976e-06	1.457130e-09	2.654430e+01	1.626046e+02
4.620000e-06	4.876923e-06	1.451995e-09	2.630667e+01	1.619638e+02
4.630000e-06	4.832635e-06	1.448649e-09	2.606778e+01	1.613076e+02
4.640000e-06	4.788098e-06	1.444928e-09	2.582754e+01	1.606363e+02
4.650000e-06	4.743154e-06	1.438628e-09	2.558511e+01	1.599498e+02
4.660000e-06	4.697779e-06	1.430204e-09	2.534035e+01	1.592485e+02
4.670000e-06	4.652173e-06	1.421563e-09	2.509435e+01	1.585326e+02
4.680000e-06	4.606384e-06	1.414944e-09	2.484735e+01	1.578026e+02
4.690000e-06	4.560286e-06	1.411003e-09	2.459870e+01	1.570588e+02
4.700000e-06	4.513711e-06	1.407817e-09	2.434747e+01	1.563017e+02
4.710000e-06	4.466691e-06	1.402757e-09	2.409384e+01	1.555318e+02
4.720000e-06	4.419524e-06	1.395435e-09	2.383941e+01	1.547496e+02
4.730000e-06	4.372093e-06	1.386885e-09	2.358357e+01	1.539555e+02
4.740000e-06	4.324313e-06	1.378883e-09	2.332584e+01	1.531501e+02
4.750000e-06	4.276119e-06	1.371253e-09	2.306587e+01	1.523337e+02
4.760000e-06	4.227547e-06	1.362693e-09	2.280387e+01	1.515068e+02
4.770000e-06	4.178604e-06	1.355146e-09	2.253986e+01	1.506697e+02
4.780000e-06	4.129156e-06	1.350490e-09	2.227314e+01	1.498226e+02
4.790000e-06	4.079434e-06	1.345339e-09	2.200493e+01	1.489658e+02
4.800000e-06	4.029443e-06	1.337741e-09	2.173527e+01	1.480993e+02
4.810000e-06	3.979157e-06	1.329221e-09	2.146402e+01	1.472231e+02
4.820000e-06	3.928550e-06	1.321931e-09	2.119104e+01	1.463373e+02
4.830000e-06	3.877598e-06	1.314832e-09	2.091621e+01	1.454417e+02
4.840000e-06	3.826397e-06	1.306633e-09	2.064002e+01	1.445359e+02
4.850000e-06	3.774848e-06	1.298171e-09	2.036196e+01	1.436197e+02
4.860000e-06	3.723021e-06	1.289428e-09	2.008240e+01	1.426928e+02
4.870000e-06	3.670951e-06	1.280654e-09	1.980153e+01	1.417546e+02
4.880000e-06	3.618610e-06	1.273422e-09	1.951919e+01	1.408046e+02
4.890000e-06	3.565965e-06	1.266527e-09	1.923522e+01	1.398424e+02
4.900000e-06	3.513009e-06	1.257701e-09	1.894957e+01	1.388672e+02
4.910000e-06	3.459796e-06	1.248329e-09	1.866253e+01	1.378787e+02
4.920000e-06	3.406117e-06	1.239775e-09	1.837298e+01	1.368761e+02
4.930000e-06	3.351928e-06	1.231147e-09	1.808068e+01	1.358589e+02
4.940000e-06	3.297459e-06	1.221584e-09	1.778687e+01	1.348266e+02
4.950000e-06	3.242710e-06	1.210747e-09	1.749155e+01	1.337787e+02
4.960000e-06	3.187557e-06	1.199663e-09	1.719404e+01	1.327148e+02
4.970000e-06	3.132032e-06	1.190333e-09	1.689453e+01	1.316345e+02
4.980000e-06	3.076251e-06	1.182228e-09	1.659364e+01	1.305375e+02
4.990000e-06	3.020401e-06	1.173301e-09	1.629238e+01	1.294238e+02
5.000000e-06	2.964435e-06	1.162388e-09	1.599050e+01	1.282930e+02
5.010000e-06	2.908271e-06	1.150859e-09	1.568754e+01	1.271454e+02
5.020000e-06	2.851954e-06	1.140072e-09	1.538376e+01	1.259809e+02
5.030000e-06	2.795562e-06	1.130277e-09	1.507958e+01	1.247997e+02
5.040000e-06	2.738878e-06	1.120150e-09	1.477382e+01	1.236022e+02
5.050000e-06	2.681903e-06	1.109144e-09	1.446649e+01	1.223885e+02
5.060000e-06	2.624870e-06	1.098285e-09	1.415885e+01	1.211592e+02
5.070000e-06	2.567855e-06	1.087855e-09	1.385130e+01	1.199146e+02
5.080000e-06	2.510698e-06	1.077080e-09	1.354299e+01	1.186553e+02
5.090000e-06	2.453183e-06	1.064660e-09	1.323275e+01	1.173816e+02
5.100000e-06	2.395450e-06	1.050392e-09	1.292133e+01	1.160941e+02
5.110000e-06	2.337520e-06	1.037485e-09	1.260885e+01	1.147931e+02
5.120000e-06	2.279491e-06	1.026648e-09	1.229583e+01	1.134791e+02
5.130000e-06	2.221250e-06	1.015153e-09	1.198167e+01	1.121524e+02
5.140000e-06	2.162833e-06	1.002487e-09	1.166657e+01	1.108130e+02
5.150000e-06	2.104365e-06	9.894954e-10	1.135118e+01	1.094612e+02
5.160000e-06	2.045732e-06	9.767286e-10	1.103491e+01	1.080967e+02
5.170000e-06	1.986996e-06	9.637434e-10	1.071808e+01	1.067194e+02
5.180000e-06	1.928127e-06	9.512449e-10	1.040053e+01	1.053287e+02
5.190000e-06	1.869083e-06	9.392256e-10	1.008205e+01	1.039241e+02
5.200000e-06	1.809874e-06	9.258524e-10	9.762664e+00	1.025048e+02
5.210000e-06	1.750573e-06	9.120390e-10	9.442788e+00	1.010696e+02
5.220000e-06	1.691272e-06	9.003886e-10	9.122915e+00	9.961739e+01
5.230000e-06	1.631851e-06	8.875813e-10	8.802388e+00	9.814656e+01
5.240000e-06	1.572196e-06	8.717157e-10	8.480605e+00	9.665544e+01
5.250000e-06	1.512441e-06	8.568541e-10	8.158278e+00	9.514215e+01
5.260000e-06	1.452584e-06	8.440673e-10	7.835405e+00	9.360459e+01
5.270000e-06	1.392542e-06	8.307725e-10	7.511530e+00	9.204050e+01
5.280000e-06	1.332475e-06	8.154250e-10	7.187520e+00	9.044748e+01
5.290000e-06	1.272365e-06	7.987573e-10	6.863279e+00	8.882300e+01
5.300000e-06	1.212146e-06	7.821087e-10	6.538454e+00	8.716443e+01
5.310000e-06	1.151909e-06	7.663706e-10	6.213530e+00	8.546910e+01
5.320000e-06	1.091708e-06	7.510978e-10	5.888796e+00	8.373429e+01
5.330000e-06	1.031455e-06	7.357955e-10	5.563782e+00	8.195731e+01
5.340000e-06	9.711124e-07	7.200838e-10	5.238290e+00	8.013551e+01
5.350000e-06	9.107644e-07	7.032377e-10	4.912766e+00	7.826635e+01
5.360000e-06	8.503626e-07	6.854909e-10	4.586952e+00	7.634739e+01
5.370000e-06	7.898659e-07	6.678025e-10	4.260626e+00	7.437638e+01
5.380000e-06	7.293292e-07	6.492817e-10	3.934084e+00	7.235127e+01
5.390000e-06	6.688133e-07	6.289230e-10	3.607655e+00	7.027026e+01
5.400000e-06	6.083148e-07	6.089160e-10	3.281319e+00	6.813182e+01
5.410000e-06	5.478188e-07	5.897405e-10	2.954997e+00	6.593474e+01
5.420000e-06	4.873609e-07	5.696923e-10	2.628880e+00	6.367813e+01
5.430000e-06	4.268373e-07	5.494307e-10	2.302409e+00	6.136148e+01
5.440000e-06	3.661359e-07	5.288188e-10	1.974979e+00	5.898465e+01
5.450000e-06	3.053720e-07	5.067169e-10	1.647211e+00	5.654790e+01
5.460000e-06	2.445660e-07	4.838901e-10	1.319216e+00	5.405189e+01
5.470000e-06	1.837814e-07	4.613568e-10	9.913375e-01	5.149769e+01
5.480000e-06	1.230751e-07	4.386218e-10	6.638809e-01	4.888678e+01
5.490000e-06	6.236693e-08	4.153514e-10	3.364143e-01	4.622105e+01
5.500000e-06	1.728154e-09	3.915656e-10	9.321858e-03	4.350276e+01
5.510000e-06	-5.891086e-08	3.668452e-10	-3.177718e-01	4.073456e+01
5.520000e-06	-1.195895e-07	3.416787e-10	-6.450793e-01	3.791946e+01
5.530000e-06	-1.802399e-07	3.171024e-10	-9.722346e-01	3.506077e+01
5.540000e-06	-2.409089e-07	2.927195e-10	-1.299490e+00	3.216213e+01
5.550000e-06	-3.015191e-07	2.677741e-10	-1.626428e+00	2.922743e+01
5.560000e-06	-3.621159e-07	2.423505e-10	-1.953294e+00	2.626078e+01
5.570000e-06	-4.228547e-07	2.160150e-10	-2.280926e+00	2.326649e+01
5.580000e-06	-4.836057e-07	1.891057e-10	-2.608624e+00	2.024901e+01
5.590000e-06	-5.441547e-07	1.623220e-10	-2.935232e+00	1.721291e+01
5.600000e-06	-6.046397e-07	1.355771e-10	-3.261495e+00	1.416281e+01
5.610000e-06	-6.651714e-07	1.093047e-10	-3.588010e+00	1.110334e+01
5.620000e-06	-7.256083e-07	8.315848e-11	-3.914013e+00	8.039136e+00
5.630000e-06	-7.859507e-07	5.644269e-11	-4.239507e+00	4.974742e+00
5.640000e-06	-8.462408e-07	2.928456e-11	-4.564719e+00	1.914613e+00
5.650000e-06	-9.065670e-07	2.039798e-12	-4.890125e+00	-1.136943e+00
5.660000e-06	-9.669320e-07	-2.482408e-11	-5.215741e+00	-4.175792e+00
5.670000e-06	-1.027190e-06	-5.057784e-11	-5.540778e+00	-7.198006e+00
5.680000e-06	-1.087344e-06	-7.518998e-11	-5.865254e+00	-1.019990e+01
5.690000e-06	-1.147459e-06	-1.003053e-10	-6.189526e+00	-1.317803e+01
5.700000e-06	-1.207556e-06	-1.261519e-10	-6.513696e+00	-1.612925e+01
5.710000e-06	-1.267616e-06	-1.516509e-10	-6.837666e+00	-1.905071e+01
5.720000e-06	-1.327572e-06	-1.761365e-10	-7.161072e+00	-2.193986e+01
5.730000e-06	-1.387405e-06	-1.998593e-10	-7.483820e+00	-2.479445e+01
5.740000e-06	-1.447216e-06	-2.241950e-10	-7.806448e+00	-2.761259e+01
5.750000e-06	-1.506973e-06	-2.493035e-10	-8.128785e+00	-3.039267e+01
5.760000e-06	-1.566617e-06	-2.742343e-10	-8.450511e+00	-3.313340e+01
5.770000e-06	-1.626141e-06	-2.990910e-10	-8.771587e+00	-3.583380e+01
5.780000e-06	-1.685545e-06	-3.240295e-10	-9.092020e+00	-3.849320e+01
5.790000e-06	-1.744829e-06	-3.489624e-10	-9.411803e+00	-4.111117e+01
5.800000e-06	-1.803958e-06	-3.737616e-10	-9.730755e+00	-4.368758e+01
5.810000e-06	-1.863006e-06	-3.970959e-10	-1.004926e+01	-4.622253e+01
5.820000e-06	-1.921901e-06	-4.193455e-10	-1.036695e+01	-4.871632e+01
5.830000e-06	-1.980697e-06	-4.424820e-10	-1.068410e+01	-5.116947e+01
5.840000e-06	-2.039411e-06	-4.662875e-10	-1.100082e+01	-5.358268e+01
5.850000e-06	-2.097937e-06	-4.884734e-10	-1.131651e+01	-5.595678e+01
5.860000e-06	-2.156283e-06	-5.091830e-10	-1.163123e+01	-5.829274e+01
5.870000e-06	-2.214517e-06	-5.303484e-10	-1.194536e+01	-6.059163e+01
5.880000e-06	-2.272679e-06	-5.512893e-10	-1.225909e+01	-6.285460e+01
5.890000e-06	-2.330541e-06	-5.716996e-10	-1.257120e+01	-6.508285e+01
5.900000e-06	-2.388066e-06	-5.929543e-10	-1.288150e+01	-6.727760e+01
5.910000e-06	-2.445359e-06	-6.139488e-10	-1.319054e+01	-6.944012e+01
5.920000e-06	-2.502356e-06	-6.333286e-10	-1.349799e+01	-7.157164e+01
5.930000e-06	-2.559219e-06	-6.530988e-10	-1.380472e+01	-7.367338e+01
5.940000e-06	-2.615989e-06	-6.742006e-10	-1.411094e+01	-7.574651e+01
5.950000e-06	-2.672642e-06	-6.946304e-10	-1.441654e+01	-7.779218e+01
5.960000e-06	-2.729191e-06	-7.135760e-10	-1.472156e+01	-7.981145e+01
5.970000e-06	-2.785604e-06	-7.317179e-10	-1.502586e+01	-8.180530e+01
5.980000e-06	-2.841939e-06	-7.495598e-10	-1.532974e+01	-8.377465e+01
5.990000e-06	-2.898080e-06	-7.669707e-10	-1.563257e+01	-8.572033e+01
6.000000e-06	-2.954052e-06	-7.843575e-10	-1.593449e+01	-8.764309e+01
6.010000e-06	-3.009922e-06	-8.014914e-10	-1.623586e+01	-8.954355e+01
6.020000e-06	-3.065668e-06	-8.179548e-10	-1.653656e+01	-9.142229e+01
6.030000e-06	-3.121121e-06	-8.351202e-10	-1.683568e+01	-9.327976e+01
6.040000e-06	-3.176235e-06	-8.527554e-10	-1.713297e+01	-9.511634e+01
6.050000e-06	-3.231113e-06	-8.699764e-10	-1.742899e+01	-9.693231e+01
6.060000e-06	-3.285608e-06	-8.861578e-10	-1.772294e+01	-9.872788e+01
6.070000e-06	-3.339716e-06	-9.019249e-10	-1.801481e+01	-1.005032e+02
6.080000e-06	-3.393484e-06	-9.188263e-10	-1.830484e+01	-1.022582e+02
6.090000e-06	-3.446726e-06	-9.365954e-10	-1.859203e+01	-1.039931e+02
6.100000e-06	-3.499472e-06	-9.536420e-10	-1.887655e+01	-1.057076e+02
6.110000e-06	-3.552018e-06	-9.685528e-10	-1.915999e+01	-1.074017e+02
6.120000e-06	-3.604356e-06	-9.827775e-10	-1.944231e+01	-1.090751e+02
6.130000e-06	-3.656360e-06	-9.974152e-10	-1.972282e+01	-1.107277e+02
6.140000e-06	-3.708185e-06	-1.012157e-09	-2.000237e+01	-1.123593e+02
6.150000e-06	-3.759872e-06	-1.027745e-09	-2.028118e+01	-1.139694e+02
6.160000e-06	-3.811222e-06	-1.043817e-09	-2.055816e+01	-1.155578e+02
6.170000e-06	-3.862201e-06	-1.058789e-09	-2.083315e+01	-1.171243e+02
6.180000e-06	-3.912989e-06	-1.072726e-09	-2.110710e+01	-1.186683e+02
6.190000e-06	-3.963478e-06	-1.086266e-09	-2.137945e+01	-1.201897e+02
6.200000e-06	-4.013570e-06	-1.099031e-09	-2.164965e+01	-1.216880e+02
6.210000e-06	-4.063401e-06	-1.111415e-09	-2.191844e+01	-1.231629e+02
6.220000e-06	-4.113041e-06	-1.124314e-09	-2.218621e+01	-1.246141e+02
6.230000e-06	-4.162212e-06	-1.137453e-09	-2.245144e+01	-1.260413e+02
6.240000e-06	-4.210614e-06	-1.150816e-09	-2.271253e+01	-1.274441e+02
6.250000e-06	-4.258579e-06	-1.164739e-09	-2.297126e+01	-1.288222e+02
6.260000e-06	-4.306382e-06	-1.177726e-09	-2.322911e+01	-1.301755e+02
6.270000e-06	-4.353811e-06	-1.189648e-09	-2.348495e+01	-1.315037e+02
6.280000e-06	-4.400711e-06	-1.201728e-09	-2.373793e+01	-1.328066e+02
6.290000e-06	-4.447334e-06	-1.214074e-09	-2.398942e+01	-1.340840e+02
6.300000e-06	-4.493809e-06	-1.226110e-09	-2.424011e+01	-1.353359e+02
6.310000e-06	-4.540091e-06	-1.237249e-09	-2.448977e+01	-1.365621e+02
6.320000e-06	-4.586178e-06	-1.247745e-09	-2.473836e+01	-1.377628e+02
6.330000e-06	-4.631873e-06	-1.258728e-09	-2.498485e+01	-1.389378e+02
6.340000e-06	-4.677140e-06	-1.270610e-09	-2.522902e+01	-1.400873e+02
6.350000e-06	-4.722098e-06	-1.281520e-09	-2.547153e+01	-1.412115e+02
6.360000e-06	-4.766787e-06	-1.290324e-09	-2.571259e+01	-1.423105e+02
6.370000e-06	-4.811196e-06	-1.298682e-09	-2.595214e+01	-1.433846e+02
6.380000e-06	-4.855378e-06	-1.307555e-09	-2.619046e+01	-1.444341e+02
6.390000e-06	-4.899411e-06	-1.316268e-09	-2.642798e+01	-1.454595e+02
6.400000e-06	-4.943216e-06	-1.324791e-09	-2.666427e+01	-1.464611e+02
6.410000e-06	-4.986643e-06	-1.333289e-09	-2.689852e+01	-1.474394e+02
6.420000e-06	-5.029699e-06	-1.341370e-09	-2.713076e+01	-1.483950e+02
6.430000e-06	-5.072321e-06	-1.349513e-09	-2.736068e+01	-1.493285e+02
6.440000e-06	-5.114516e-06	-1.358195e-09	-2.758828e+01	-1.502406e+02
6.450000e-06	-5.156413e-06	-1.366608e-09	-2.781427e+01	-1.511320e+02
6.460000e-06	-5.198011e-06	-1.374204e-09	-2.803866e+01	-1.520033e+02
6.470000e-06	-5.239260e-06	-1.381236e-09	-2.826116e+01	-1.528555e+02
6.480000e-06	-5.280056e-06	-1.388428e-09	-2.848122e+01	-1.536892e+02
6.490000e-06	-5.320503e-06	-1.396338e-09	-2.869939e+01	-1.545054e+02
6.500000e-06	-5.360734e-06	-1.404135e-09	-2.891641e+01	-1.553050e+02
6.510000e-06	-5.400777e-06	-1.411099e-09	-2.913240e+01	-1.560887e+02
6.520000e-06	-5.440621e-06	-1.417836e-09	-2.934733e+01	-1.568575e+02
6.530000e-06	-5.480195e-06	-1.423580e-09	-2.956079e+01	-1.576122e+02
6.540000e-06	-5.519242e-06	-1.429048e-09	-2.977142e+01	-1.583538e+02
6.550000e-06	-5.557525e-06	-1.436379e-09	-2.997792e+01	-1.590830e+02
6.560000e-06	-5.594971e-06	-1.444006e-09	-3.017991e+01	-1.598008e+02
6.570000e-06	-5.631845e-06	-1.450093e-09	-3.037881e+01	-1.605078e+02
6.580000e-06	-5.668402e-06	-1.455893e-09	-3.057600e+01	-1.612050e+02
6.590000e-06	-5.704604e-06	-1.462028e-09	-3.077128e+01	-1.618930e+02
6.600000e-06	-5.740561e-06	-1.467088e-09	-3.096524e+01	-1.625725e+02
6.610000e-06	-5.776153e-06	-1.471112e-09	-3.115722e+01	-1.632441e+02
6.620000e-06	-5.811336e-06	-1.475801e-09	-3.134701e+01	-1.639083e+02
6.630000e-06	-5.846188e-06	-1.480744e-09	-3.153500e+01	-1.645658e+02
6.640000e-06	-5.880636e-06	-1.485192e-09	-3.172082e+01	-1.652169e+02
6.650000e-06	-5.914687e-06	-1.490688e-09	-3.190449e+01	-1.658620e+02
6.660000e-06	-5.948213e-06	-1.496735e-09	-3.208534e+01	-1.665015e+02
6.670000e-06	-5.981275e-06	-1.501311e-09	-3.226368e+01	-1.671355e+02
6.680000e-06	-6.014029e-06	-1.505156e-09	-3.244036e+01	-1.677642e+02
6.690000e-06	-6.046484e-06	-1.509917e-09	-3.261542e+01	-1.683878e+02
6.700000e-06	-6.078654e-06	-1.515436e-09	-3.278895e+01	-1.690063e+02
6.710000e-06	-6.110508e-06	-1.520757e-09	-3.296077e+01	-1.696197e+02
6.720000e-06	-6.141879e-06	-1.526150e-09	-3.312999e+01	-1.702279e+02
6.730000e-06	-6.172530e-06	-1.530974e-09	-3.329533e+01	-1.708307e+02
6.740000e-06	-6.202495e-06	-1.534683e-09	-3.345696e+01	-1.714280e+02
6.750000e-06	-6.231793e-06	-1.538808e-09	-3.361500e+01	-1.720196e+02
6.760000e-06	-6.260483e-06	-1.542706e-09	-3.376976e+01	-1.726051e+02
6.770000e-06	-6.288744e-06	-1.545364e-09	-3.392220e+01	-1.731843e+02
6.780000e-06	-6.316774e-06	-1.548565e-09	-3.407339e+01	-1.737568e+02
6.790000e-06	-6.344639e-06	-1.552506e-09	-3.422370e+01	-1.743223e+02
6.800000e-06	-6.372120e-06	-1.556552e-09	-3.437193e+01	-1.748803e+02
6.810000e-06	-6.398999e-06	-1.560373e-09	-3.451693e+01	-1.754305e+02
6.820000e-06	-6.425264e-06	-1.564518e-09	-3.465860e+01	-1.759724e+02
6.830000e-06	-6.451036e-06	-1.569373e-09	-3.479762e+01	-1.765056e+02
6.840000e-06	-6.476372e-06	-1.573434e-09	-3.493429e+01	-1.770297e+02
6.850000e-06	-6.501282e-06	-1.577093e-09	-3.506865e+01	-1.775443e+02
6.860000e-06	-6.525834e-06	-1.580999e-09	-3.520109e+01	-1.780490e+02
6.870000e-06	-6.550124e-06	-1.584970e-09	-3.533211e+01	-1.785433e+02
6.880000e-06	-6.574134e-06	-1.590072e-09	-3.546162e+01	-1.790269e+02
6.890000e-06	-6.597841e-06	-1.595281e-09	-3.558950e+01	-1.794995e+02
6.900000e-06	-6.621141e-06	-1.598451e-09	-3.571519e+01	-1.799606e+02
6.910000e-06	-6.643750e-06	-1.600498e-09	-3.583714e+01	-1.804101e+02
6.920000e-06	-6.665437e-06	-1.602749e-09	-3.595412e+01	-1.808475e+02
6.930000e-06	-6.686284e-06	-1.605426e-09	-3.606657e+01	-1.812727e+02
6.940000e-06	-6.706651e-06	-1.609057e-09	-3.617643e+01	-1.816854e+02
6.950000e-06	-6.726712e-06	-1.612289e-09	-3.628465e+01	-1.820855e+02
6.960000e-06	-6.746431e-06	-1.614379e-09	-3.639101e+01	-1.824728e+02
6.970000e-06	-6.765797e-06	-1.617006e-09	-3.649548e+01	-1.828471e+02
6.980000e-06	-6.784693e-06	-1.619915e-09	-3.659740e+01	-1.832084e+02
6.990000e-06	-6.803112e-06	-1.623077e-09	-3.669675e+01	-1.835566e+02
7.000000e-06	-6.821120e-06	-1.625730e-09	-3.679389e+01	-1.838917e+02
7.010000e-06	-6.838593e-06	-1.627688e-09	-3.688815e+01	-1.842137e+02
7.020000e-06	-6.855458e-06	-1.630220e-09	-3.697912e+01	-1.845226e+02
7.030000e-06	-6.871884e-06	-1.632982e-09	-3.706772e+01	-1.848186e+02
7.040000e-06	-6.888037e-06	-1.635160e-09	-3.715485e+01	-1.851017e+02
7.050000e-06	-6.903950e-06	-1.636660e-09	-3.724069e+01	-1.853721e+02
7.060000e-06	-6.919366e-06	-1.638177e-09	-3.732384e+01	-1.856299e+02
7.070000e-06	-6.934075e-06	-1.639503e-09	-3.740318e+01	-1.858753e+02
7.080000e-06	-6.948004e-06	-1.640729e-09	-3.747832e+01	-1.861086e+02
7.090000e-06	-6.961116e-06	-1.642400e-09	-3.754905e+01	-1.863299e+02
7.100000e-06	-6.973608e-06	-1.643958e-09	-3.761643e+01	-1.865396e+02
7.110000e-06	-6.985562e-06	-1.644719e-09	-3.768091e+01	-1.867379e+02
7.120000e-06	-6.996926e-06	-1.645198e-09	-3.774221e+01	-1.869250e+02
7.130000e-06	-7.007805e-06	-1.645299e-09	-3.780089e+01	-1.871014e+02
7.140000e-06	-7.018314e-06	-1.645014e-09	-3.785758e+01	-1.872673e+02
7.150000e-06	-7.028355e-06	-1.645754e-09	-3.791174e+01	-1.874230e+02
7.160000e-06	-7.037785e-06	-1.647462e-09	-3.796261e+01	-1.875690e+02
7.170000e-06	-7.046752e-06	-1.649192e-09	-3.801098e+01	-1.877054e+02
7.180000e-06	-7.055286e-06	-1.650393e-09	-3.805701e+01	-1.878326e+02
7.190000e-06	-7.063454e-06	-1.650214e-09	-3.810107e+01	-1.879511e+02
7.200000e-06	-7.071424e-06	-1.649454e-09	-3.814406e+01	-1.880610e+02
7.210000e-06	-7.078955e-06	-1.649103e-09	-3.818468e+01	-1.881627e+02
7.220000e-06	-7.085775e-06	-1.647659e-09	-3.822147e+01	-1.882566e+02
7.230000e-06	-7.091793e-06	-1.645375e-09	-3.825393e+01	-1.883429e+02
7.240000e-06	-7.097109e-06	-1.643940e-09	-3.828261e+01	-1.884218e+02
7.250000e-06	-7.101791e-06	-1.643404e-09	-3.830787e+01	-1.884938e+02
7.260000e-06	-7.106017e-06	-1.643805e-09	-3.833066e+01	-1.885589e+02
7.270000e-06	-7.110008e-06	-1.643504e-09	-3.835219e+01	-1.886175e+02
7.280000e-06	-7.113571e-06	-1.642367e-09	-3.837141e+01	-1.886698e+02
7.290000e-06	-7.116476e-06	-1.642169e-09	-3.838708e+01	-1.887158e+02
7.300000e-06	-7.118890e-06	-1.642554e-09	-3.840010e+01	-1.887559e+02
7.310000e-06	-7.120933e-06	-1.642376e-09	-3.841112e+01	-1.887902e+02
7.320000e-06	-7.122504e-06	-1.641493e-09	-3.841959e+01	-1.888188e+02
7.330000e-06	-7.123441e-06	-1.640196e-09	-3.842465e+01	-1.888418e+02
7.340000e-06	-7.123885e-06	-1.639082e-09	-3.842704e+01	-1.888593e+02
