# Temperatura_=_20.0
# Concentracion g/m^3_=_7400.0
# C_Vs_to_Am_M_A/Vsm_=_116720831517.84952
# pendiente_HvsI_1/m_=_3716.3
# ordenada_HvsI_A/m_=_1297.0
# frecuencia_Hz_=_136108.85007090584

Tiempo_(s)	Campo_(V.s)	Magnetizacion_(V.s)	Campo_(kA/m)	Magnetizacion_(A/m)
0.000000e+00	-7.133551e-06	-1.590107e-09	-3.842712e+01	-1.822418e+02
1.000000e-08	-7.133714e-06	-1.589455e-09	-3.842800e+01	-1.822168e+02
2.000000e-08	-7.133453e-06	-1.589487e-09	-3.842659e+01	-1.821878e+02
3.000000e-08	-7.132689e-06	-1.588126e-09	-3.842247e+01	-1.821550e+02
4.000000e-08	-7.131237e-06	-1.585493e-09	-3.841466e+01	-1.821186e+02
5.000000e-08	-7.128993e-06	-1.583338e-09	-3.840257e+01	-1.820787e+02
6.000000e-08	-7.126177e-06	-1.582725e-09	-3.838740e+01	-1.820353e+02
7.000000e-08	-7.122855e-06	-1.584020e-09	-3.836950e+01	-1.819887e+02
8.000000e-08	-7.119018e-06	-1.584496e-09	-3.834883e+01	-1.819388e+02
9.000000e-08	-7.114612e-06	-1.578976e-09	-3.832510e+01	-1.818856e+02
1.000000e-07	-7.109394e-06	-1.558194e-09	-3.829699e+01	-1.818291e+02
1.100000e-07	-7.103463e-06	-1.543025e-09	-3.826504e+01	-1.817693e+02
1.200000e-07	-7.097350e-06	-1.575077e-09	-3.823211e+01	-1.817061e+02
1.300000e-07	-7.091091e-06	-1.625096e-09	-3.819840e+01	-1.816394e+02
1.400000e-07	-7.084316e-06	-1.588488e-09	-3.816190e+01	-1.815693e+02
1.500000e-07	-7.076915e-06	-1.515529e-09	-3.812203e+01	-1.814957e+02
1.600000e-07	-7.069193e-06	-1.555530e-09	-3.808044e+01	-1.814186e+02
1.700000e-07	-7.061040e-06	-1.632000e-09	-3.803652e+01	-1.813379e+02
1.800000e-07	-7.052365e-06	-1.572863e-09	-3.798979e+01	-1.812535e+02
1.900000e-07	-7.043048e-06	-1.475085e-09	-3.793960e+01	-1.811656e+02
2.000000e-07	-7.033082e-06	-1.549350e-09	-3.788591e+01	-1.810742e+02
2.100000e-07	-7.022490e-06	-1.658093e-09	-3.782885e+01	-1.809791e+02
2.200000e-07	-7.011260e-06	-1.575444e-09	-3.776836e+01	-1.808805e+02
2.300000e-07	-6.999468e-06	-1.465238e-09	-3.770484e+01	-1.807784e+02
2.400000e-07	-6.987170e-06	-1.539600e-09	-3.763859e+01	-1.806727e+02
2.500000e-07	-6.974296e-06	-1.617149e-09	-3.756924e+01	-1.805636e+02
2.600000e-07	-6.960768e-06	-1.534727e-09	-3.749637e+01	-1.804510e+02
2.700000e-07	-6.946752e-06	-1.489759e-09	-3.742087e+01	-1.803349e+02
2.800000e-07	-6.932071e-06	-1.570911e-09	-3.734178e+01	-1.802153e+02
2.900000e-07	-6.916538e-06	-1.575470e-09	-3.725811e+01	-1.800921e+02
3.000000e-07	-6.900185e-06	-1.497120e-09	-3.717002e+01	-1.799652e+02
3.100000e-07	-6.883461e-06	-1.522584e-09	-3.707993e+01	-1.798345e+02
3.200000e-07	-6.866377e-06	-1.570596e-09	-3.698791e+01	-1.796999e+02
3.300000e-07	-6.848916e-06	-1.507033e-09	-3.689384e+01	-1.795611e+02
3.400000e-07	-6.830989e-06	-1.492276e-09	-3.679728e+01	-1.794178e+02
3.500000e-07	-6.812470e-06	-1.576856e-09	-3.669752e+01	-1.792699e+02
3.600000e-07	-6.793515e-06	-1.549456e-09	-3.659541e+01	-1.791170e+02
3.700000e-07	-6.774103e-06	-1.453663e-09	-3.649084e+01	-1.789587e+02
3.800000e-07	-6.754313e-06	-1.505869e-09	-3.638424e+01	-1.787945e+02
3.900000e-07	-6.734162e-06	-1.573858e-09	-3.627569e+01	-1.786241e+02
4.000000e-07	-6.713670e-06	-1.497432e-09	-3.616530e+01	-1.784470e+02
4.100000e-07	-6.692753e-06	-1.468962e-09	-3.605263e+01	-1.782626e+02
4.200000e-07	-6.671134e-06	-1.547297e-09	-3.593616e+01	-1.780705e+02
4.300000e-07	-6.649100e-06	-1.529960e-09	-3.581747e+01	-1.778701e+02
4.400000e-07	-6.626775e-06	-1.464558e-09	-3.569721e+01	-1.776610e+02
4.500000e-07	-6.603926e-06	-1.505000e-09	-3.557413e+01	-1.774426e+02
4.600000e-07	-6.580556e-06	-1.525043e-09	-3.544824e+01	-1.772145e+02
4.700000e-07	-6.556872e-06	-1.468909e-09	-3.532066e+01	-1.769762e+02
4.800000e-07	-6.532919e-06	-1.487145e-09	-3.519163e+01	-1.767272e+02
4.900000e-07	-6.508378e-06	-1.528541e-09	-3.505943e+01	-1.764673e+02
5.000000e-07	-6.483133e-06	-1.476014e-09	-3.492344e+01	-1.761961e+02
5.100000e-07	-6.457167e-06	-1.454404e-09	-3.478357e+01	-1.759134e+02
5.200000e-07	-6.430636e-06	-1.502565e-09	-3.464065e+01	-1.756190e+02
5.300000e-07	-6.403624e-06	-1.486347e-09	-3.449514e+01	-1.753128e+02
5.400000e-07	-6.376066e-06	-1.448915e-09	-3.434669e+01	-1.749948e+02
5.500000e-07	-6.348035e-06	-1.479206e-09	-3.419569e+01	-1.746650e+02
5.600000e-07	-6.319692e-06	-1.485543e-09	-3.404301e+01	-1.743237e+02
5.700000e-07	-6.290994e-06	-1.449862e-09	-3.388842e+01	-1.739709e+02
5.800000e-07	-6.261749e-06	-1.459041e-09	-3.373089e+01	-1.736071e+02
5.900000e-07	-6.232151e-06	-1.470891e-09	-3.357144e+01	-1.732325e+02
6.000000e-07	-6.202196e-06	-1.443208e-09	-3.341008e+01	-1.728477e+02
6.100000e-07	-6.171772e-06	-1.442742e-09	-3.324619e+01	-1.724530e+02
6.200000e-07	-6.140951e-06	-1.459407e-09	-3.308017e+01	-1.720491e+02
6.300000e-07	-6.109657e-06	-1.441263e-09	-3.291159e+01	-1.716364e+02
6.400000e-07	-6.078081e-06	-1.429438e-09	-3.274150e+01	-1.712157e+02
6.500000e-07	-6.046251e-06	-1.438808e-09	-3.257003e+01	-1.707875e+02
6.600000e-07	-6.014025e-06	-1.430130e-09	-3.239644e+01	-1.703524e+02
6.700000e-07	-5.981340e-06	-1.419500e-09	-3.222037e+01	-1.699110e+02
6.800000e-07	-5.948021e-06	-1.424131e-09	-3.204089e+01	-1.694639e+02
6.900000e-07	-5.913917e-06	-1.418487e-09	-3.185718e+01	-1.690116e+02
7.000000e-07	-5.879289e-06	-1.407721e-09	-3.167064e+01	-1.685547e+02
7.100000e-07	-5.844304e-06	-1.406540e-09	-3.148219e+01	-1.680935e+02
7.200000e-07	-5.808927e-06	-1.402283e-09	-3.129161e+01	-1.676285e+02
7.300000e-07	-5.773156e-06	-1.395508e-09	-3.109892e+01	-1.671600e+02
7.400000e-07	-5.737049e-06	-1.394391e-09	-3.090442e+01	-1.666881e+02
7.500000e-07	-5.700645e-06	-1.390086e-09	-3.070832e+01	-1.662130e+02
7.600000e-07	-5.663827e-06	-1.382906e-09	-3.050999e+01	-1.657347e+02
7.700000e-07	-5.626567e-06	-1.379373e-09	-3.030928e+01	-1.652533e+02
7.800000e-07	-5.588724e-06	-1.373915e-09	-3.010542e+01	-1.647686e+02
7.900000e-07	-5.550431e-06	-1.365164e-09	-2.989915e+01	-1.642803e+02
8.000000e-07	-5.511697e-06	-1.359792e-09	-2.969049e+01	-1.637882e+02
8.100000e-07	-5.472648e-06	-1.355685e-09	-2.948014e+01	-1.632920e+02
8.200000e-07	-5.433310e-06	-1.350857e-09	-2.926824e+01	-1.627911e+02
8.300000e-07	-5.393699e-06	-1.347143e-09	-2.905486e+01	-1.622852e+02
8.400000e-07	-5.353917e-06	-1.342468e-09	-2.884056e+01	-1.617737e+02
8.500000e-07	-5.313813e-06	-1.335607e-09	-2.862453e+01	-1.612560e+02
8.600000e-07	-5.273314e-06	-1.329775e-09	-2.840637e+01	-1.607316e+02
8.700000e-07	-5.232305e-06	-1.324974e-09	-2.818546e+01	-1.601999e+02
8.800000e-07	-5.190846e-06	-1.318164e-09	-2.796213e+01	-1.596603e+02
8.900000e-07	-5.148945e-06	-1.309709e-09	-2.773642e+01	-1.591122e+02
9.000000e-07	-5.106358e-06	-1.301405e-09	-2.750701e+01	-1.585551e+02
9.100000e-07	-5.063166e-06	-1.295787e-09	-2.727434e+01	-1.579884e+02
9.200000e-07	-5.019637e-06	-1.290960e-09	-2.703986e+01	-1.574118e+02
9.300000e-07	-4.975795e-06	-1.283993e-09	-2.680369e+01	-1.568247e+02
9.400000e-07	-4.931635e-06	-1.276876e-09	-2.656581e+01	-1.562269e+02
9.500000e-07	-4.887178e-06	-1.271430e-09	-2.632632e+01	-1.556181e+02
9.600000e-07	-4.842478e-06	-1.266457e-09	-2.608553e+01	-1.549980e+02
9.700000e-07	-4.797597e-06	-1.260836e-09	-2.584377e+01	-1.543665e+02
9.800000e-07	-4.752443e-06	-1.253891e-09	-2.560053e+01	-1.537234e+02
9.900000e-07	-4.706835e-06	-1.246736e-09	-2.535485e+01	-1.530689e+02
1.000000e-06	-4.660884e-06	-1.240874e-09	-2.510732e+01	-1.524028e+02
1.010000e-06	-4.614673e-06	-1.236164e-09	-2.485839e+01	-1.517252e+02
1.020000e-06	-4.568135e-06	-1.230701e-09	-2.460770e+01	-1.510364e+02
1.030000e-06	-4.521329e-06	-1.224020e-09	-2.435556e+01	-1.503364e+02
1.040000e-06	-4.474248e-06	-1.217769e-09	-2.410195e+01	-1.496255e+02
1.050000e-06	-4.426822e-06	-1.212664e-09	-2.384647e+01	-1.489037e+02
1.060000e-06	-4.379054e-06	-1.207828e-09	-2.358916e+01	-1.481714e+02
1.070000e-06	-4.330929e-06	-1.203230e-09	-2.332991e+01	-1.474287e+02
1.080000e-06	-4.282438e-06	-1.197729e-09	-2.306870e+01	-1.466757e+02
1.090000e-06	-4.233595e-06	-1.190814e-09	-2.280559e+01	-1.459126e+02
1.100000e-06	-4.184327e-06	-1.183822e-09	-2.254019e+01	-1.451395e+02
1.110000e-06	-4.134581e-06	-1.176764e-09	-2.227222e+01	-1.443563e+02
1.120000e-06	-4.084363e-06	-1.168721e-09	-2.200171e+01	-1.435632e+02
1.130000e-06	-4.033883e-06	-1.160735e-09	-2.172978e+01	-1.427599e+02
1.140000e-06	-3.983083e-06	-1.153882e-09	-2.145613e+01	-1.419463e+02
1.150000e-06	-3.931770e-06	-1.149087e-09	-2.117972e+01	-1.411222e+02
1.160000e-06	-3.880087e-06	-1.145042e-09	-2.090131e+01	-1.402873e+02
1.170000e-06	-3.828200e-06	-1.138011e-09	-2.062180e+01	-1.394411e+02
1.180000e-06	-3.776145e-06	-1.129385e-09	-2.034140e+01	-1.385833e+02
1.190000e-06	-3.723770e-06	-1.121733e-09	-2.005926e+01	-1.377133e+02
1.200000e-06	-3.671060e-06	-1.114421e-09	-1.977532e+01	-1.368306e+02
1.210000e-06	-3.618033e-06	-1.106790e-09	-1.948967e+01	-1.359346e+02
1.220000e-06	-3.564783e-06	-1.099687e-09	-1.920283e+01	-1.350245e+02
1.230000e-06	-3.511338e-06	-1.091987e-09	-1.891493e+01	-1.340999e+02
1.240000e-06	-3.457626e-06	-1.083609e-09	-1.862559e+01	-1.331599e+02
1.250000e-06	-3.403611e-06	-1.076850e-09	-1.833462e+01	-1.322040e+02
1.260000e-06	-3.349294e-06	-1.069962e-09	-1.804203e+01	-1.312316e+02
1.270000e-06	-3.294922e-06	-1.060198e-09	-1.774914e+01	-1.302419e+02
1.280000e-06	-3.240434e-06	-1.050568e-09	-1.745562e+01	-1.292346e+02
1.290000e-06	-3.185619e-06	-1.043385e-09	-1.716034e+01	-1.282090e+02
1.300000e-06	-3.130562e-06	-1.035823e-09	-1.686376e+01	-1.271649e+02
1.310000e-06	-3.075129e-06	-1.026351e-09	-1.656515e+01	-1.261018e+02
1.320000e-06	-3.019521e-06	-1.016655e-09	-1.626560e+01	-1.250195e+02
1.330000e-06	-2.963997e-06	-1.007199e-09	-1.596651e+01	-1.239179e+02
1.340000e-06	-2.908271e-06	-9.980549e-10	-1.566632e+01	-1.227971e+02
1.350000e-06	-2.852349e-06	-9.896378e-10	-1.536508e+01	-1.216570e+02
1.360000e-06	-2.796209e-06	-9.810185e-10	-1.506266e+01	-1.204978e+02
1.370000e-06	-2.739925e-06	-9.710411e-10	-1.475947e+01	-1.193198e+02
1.380000e-06	-2.683596e-06	-9.601970e-10	-1.445603e+01	-1.181234e+02
1.390000e-06	-2.626958e-06	-9.493686e-10	-1.415094e+01	-1.169090e+02
1.400000e-06	-2.570044e-06	-9.389750e-10	-1.384435e+01	-1.156771e+02
1.410000e-06	-2.512889e-06	-9.288116e-10	-1.353647e+01	-1.144283e+02
1.420000e-06	-2.455480e-06	-9.188020e-10	-1.322722e+01	-1.131632e+02
1.430000e-06	-2.397944e-06	-9.087396e-10	-1.291728e+01	-1.118823e+02
1.440000e-06	-2.340120e-06	-8.977718e-10	-1.260580e+01	-1.105864e+02
1.450000e-06	-2.281979e-06	-8.860768e-10	-1.229260e+01	-1.092758e+02
1.460000e-06	-2.223543e-06	-8.733967e-10	-1.197781e+01	-1.079513e+02
1.470000e-06	-2.164874e-06	-8.602210e-10	-1.166178e+01	-1.066131e+02
1.480000e-06	-2.106039e-06	-8.474726e-10	-1.134484e+01	-1.052618e+02
1.490000e-06	-2.046997e-06	-8.360528e-10	-1.102680e+01	-1.038974e+02
1.500000e-06	-1.987791e-06	-8.253362e-10	-1.070786e+01	-1.025202e+02
1.510000e-06	-1.928390e-06	-8.130102e-10	-1.038788e+01	-1.011300e+02
1.520000e-06	-1.868941e-06	-8.004405e-10	-1.006764e+01	-9.972656e+01
1.530000e-06	-1.809466e-06	-7.890069e-10	-9.747258e+00	-9.830956e+01
1.540000e-06	-1.749808e-06	-7.773596e-10	-9.425892e+00	-9.687835e+01
1.550000e-06	-1.690016e-06	-7.649553e-10	-9.103802e+00	-9.543211e+01
1.560000e-06	-1.630143e-06	-7.521485e-10	-8.781277e+00	-9.396981e+01
1.570000e-06	-1.570173e-06	-7.395599e-10	-8.458233e+00	-9.249025e+01
1.580000e-06	-1.510181e-06	-7.270067e-10	-8.135063e+00	-9.099198e+01
1.590000e-06	-1.450172e-06	-7.138262e-10	-7.811809e+00	-8.947340e+01
1.600000e-06	-1.390034e-06	-7.000168e-10	-7.487858e+00	-8.793270e+01
1.610000e-06	-1.329772e-06	-6.868991e-10	-7.163236e+00	-8.636791e+01
1.620000e-06	-1.269521e-06	-6.740336e-10	-6.838674e+00	-8.477695e+01
1.630000e-06	-1.209176e-06	-6.606218e-10	-6.513609e+00	-8.315758e+01
1.640000e-06	-1.148679e-06	-6.475659e-10	-6.187723e+00	-8.150750e+01
1.650000e-06	-1.088134e-06	-6.342367e-10	-5.861575e+00	-7.982433e+01
1.660000e-06	-1.027537e-06	-6.199282e-10	-5.535152e+00	-7.810565e+01
1.670000e-06	-9.669621e-07	-6.060719e-10	-5.208846e+00	-7.634908e+01
1.680000e-06	-9.063811e-07	-5.926978e-10	-4.882507e+00	-7.455224e+01
1.690000e-06	-8.457420e-07	-5.782373e-10	-4.555856e+00	-7.271287e+01
1.700000e-06	-7.850634e-07	-5.638275e-10	-4.228991e+00	-7.082877e+01
1.710000e-06	-7.241041e-07	-5.501922e-10	-3.900615e+00	-6.889792e+01
1.720000e-06	-6.629289e-07	-5.358471e-10	-3.571075e+00	-6.691849e+01
1.730000e-06	-6.018193e-07	-5.203501e-10	-3.241889e+00	-6.488884e+01
1.740000e-06	-5.407997e-07	-5.043205e-10	-2.913188e+00	-6.280760e+01
1.750000e-06	-4.797545e-07	-4.878873e-10	-2.584349e+00	-6.067365e+01
1.760000e-06	-4.187274e-07	-4.703648e-10	-2.255607e+00	-5.848619e+01
1.770000e-06	-3.576798e-07	-4.525473e-10	-1.926755e+00	-5.624474e+01
1.780000e-06	-2.964815e-07	-4.348280e-10	-1.597091e+00	-5.394915e+01
1.790000e-06	-2.353896e-07	-4.161307e-10	-1.268000e+00	-5.159964e+01
1.800000e-06	-1.743645e-07	-3.961675e-10	-9.392693e-01	-4.919677e+01
1.810000e-06	-1.132383e-07	-3.757749e-10	-6.099935e-01	-4.674150e+01
1.820000e-06	-5.205145e-08	-3.560820e-10	-2.803915e-01	-4.423511e+01
1.830000e-06	9.130779e-09	-3.353522e-10	4.918582e-02	-4.167928e+01
1.840000e-06	7.024047e-08	-3.135592e-10	3.783724e-01	-3.907602e+01
1.850000e-06	1.312925e-07	-2.917596e-10	7.072486e-01	-3.642770e+01
1.860000e-06	1.923639e-07	-2.697634e-10	1.036229e+00	-3.373698e+01
1.870000e-06	2.535180e-07	-2.478780e-10	1.365655e+00	-3.100684e+01
1.880000e-06	3.146709e-07	-2.249371e-10	1.695074e+00	-2.824052e+01
1.890000e-06	3.756972e-07	-2.006604e-10	2.023811e+00	-2.544151e+01
1.900000e-06	4.367208e-07	-1.769953e-10	2.352534e+00	-2.261351e+01
1.910000e-06	4.977743e-07	-1.532690e-10	2.681418e+00	-1.976037e+01
1.920000e-06	5.587989e-07	-1.291814e-10	3.010146e+00	-1.688612e+01
1.930000e-06	6.198072e-07	-1.056426e-10	3.338787e+00	-1.399486e+01
1.940000e-06	6.808032e-07	-8.133499e-11	3.667361e+00	-1.109077e+01
1.950000e-06	7.416877e-07	-5.592667e-11	3.995335e+00	-8.178057e+00
1.960000e-06	8.023749e-07	-3.083536e-11	4.322245e+00	-5.260914e+00
1.970000e-06	8.630165e-07	-7.420250e-12	4.648910e+00	-2.343484e+00
1.980000e-06	9.236216e-07	1.455630e-11	4.975379e+00	5.701729e-01
1.990000e-06	9.842168e-07	3.705526e-11	5.301794e+00	3.476111e+00
2.000000e-06	1.044780e-06	6.162125e-11	5.628038e+00	6.370536e+00
2.010000e-06	1.105229e-06	8.577887e-11	5.953666e+00	9.249829e+00
2.020000e-06	1.165664e-06	1.091345e-10	6.279214e+00	1.211057e+01
2.030000e-06	1.226088e-06	1.333364e-10	6.604707e+00	1.494958e+01
2.040000e-06	1.286433e-06	1.568804e-10	6.929776e+00	1.776391e+01
2.050000e-06	1.346632e-06	1.792100e-10	7.254059e+00	2.055087e+01
2.060000e-06	1.406710e-06	2.014498e-10	7.577685e+00	2.330805e+01
2.070000e-06	1.466730e-06	2.231230e-10	7.901005e+00	2.603332e+01
2.080000e-06	1.526648e-06	2.440808e-10	8.223772e+00	2.872484e+01
2.090000e-06	1.586505e-06	2.658170e-10	8.546211e+00	3.138105e+01
2.100000e-06	1.646324e-06	2.873666e-10	8.868443e+00	3.400068e+01
2.110000e-06	1.706095e-06	3.085263e-10	9.190420e+00	3.658274e+01
2.120000e-06	1.765707e-06	3.295419e-10	9.511537e+00	3.912650e+01
2.130000e-06	1.825161e-06	3.503123e-10	9.831802e+00	4.163152e+01
2.140000e-06	1.884613e-06	3.700041e-10	1.015206e+01	4.409757e+01
2.150000e-06	1.944072e-06	3.884768e-10	1.047235e+01	4.652467e+01
2.160000e-06	2.003486e-06	4.072311e-10	1.079241e+01	4.891306e+01
2.170000e-06	2.062721e-06	4.261856e-10	1.111150e+01	5.126316e+01
2.180000e-06	2.121739e-06	4.450135e-10	1.142942e+01	5.357557e+01
2.190000e-06	2.180735e-06	4.633932e-10	1.174722e+01	5.585103e+01
2.200000e-06	2.239471e-06	4.818705e-10	1.206362e+01	5.809043e+01
2.210000e-06	2.297801e-06	5.007841e-10	1.237783e+01	6.029475e+01
2.220000e-06	2.355881e-06	5.189761e-10	1.269070e+01	6.246507e+01
2.230000e-06	2.413652e-06	5.354808e-10	1.300190e+01	6.460253e+01
2.240000e-06	2.471001e-06	5.519245e-10	1.331083e+01	6.670830e+01
2.250000e-06	2.528097e-06	5.688360e-10	1.361839e+01	6.878359e+01
2.260000e-06	2.584962e-06	5.851007e-10	1.392471e+01	7.082961e+01
2.270000e-06	2.641491e-06	6.004075e-10	1.422922e+01	7.284754e+01
2.280000e-06	2.697814e-06	6.154415e-10	1.453262e+01	7.483855e+01
2.290000e-06	2.753923e-06	6.301871e-10	1.483487e+01	7.680375e+01
2.300000e-06	2.809894e-06	6.445958e-10	1.513638e+01	7.874421e+01
2.310000e-06	2.865749e-06	6.606869e-10	1.543726e+01	8.066091e+01
2.320000e-06	2.921461e-06	6.775147e-10	1.573737e+01	8.255475e+01
2.330000e-06	2.977094e-06	6.936287e-10	1.603705e+01	8.442656e+01
2.340000e-06	3.032569e-06	7.086246e-10	1.633589e+01	8.627707e+01
2.350000e-06	3.087787e-06	7.224030e-10	1.663334e+01	8.810691e+01
2.360000e-06	3.142761e-06	7.348935e-10	1.692947e+01	8.991660e+01
2.370000e-06	3.197554e-06	7.462896e-10	1.722463e+01	9.170656e+01
2.380000e-06	3.252072e-06	7.579337e-10	1.751831e+01	9.347714e+01
2.390000e-06	3.306344e-06	7.717220e-10	1.781066e+01	9.522854e+01
2.400000e-06	3.360457e-06	7.875910e-10	1.810216e+01	9.696091e+01
2.410000e-06	3.414307e-06	8.031785e-10	1.839224e+01	9.867428e+01
2.420000e-06	3.467919e-06	8.179010e-10	1.868104e+01	1.003686e+02
2.430000e-06	3.521285e-06	8.318978e-10	1.896851e+01	1.020438e+02
2.440000e-06	3.574410e-06	8.449528e-10	1.925468e+01	1.036996e+02
2.450000e-06	3.627312e-06	8.574823e-10	1.953966e+01	1.053357e+02
2.460000e-06	3.679829e-06	8.694939e-10	1.982256e+01	1.069520e+02
2.470000e-06	3.731977e-06	8.811129e-10	2.010347e+01	1.085479e+02
2.480000e-06	3.783941e-06	8.933639e-10	2.038339e+01	1.101231e+02
2.490000e-06	3.835710e-06	9.059590e-10	2.066226e+01	1.116772e+02
2.500000e-06	3.887215e-06	9.185861e-10	2.093971e+01	1.132098e+02
2.510000e-06	3.938569e-06	9.314475e-10	2.121634e+01	1.147203e+02
2.520000e-06	3.989596e-06	9.437259e-10	2.149122e+01	1.162084e+02
2.530000e-06	4.039986e-06	9.547661e-10	2.176266e+01	1.176736e+02
2.540000e-06	4.089954e-06	9.654502e-10	2.203183e+01	1.191155e+02
2.550000e-06	4.139444e-06	9.761520e-10	2.229842e+01	1.205336e+02
2.560000e-06	4.188328e-06	9.855662e-10	2.256175e+01	1.219277e+02
2.570000e-06	4.236846e-06	9.946595e-10	2.282310e+01	1.232974e+02
2.580000e-06	4.285066e-06	1.005607e-09	2.308286e+01	1.246425e+02
2.590000e-06	4.333022e-06	1.016745e-09	2.334119e+01	1.259627e+02
2.600000e-06	4.380693e-06	1.027327e-09	2.359798e+01	1.272578e+02
2.610000e-06	4.428168e-06	1.037619e-09	2.385372e+01	1.285277e+02
2.620000e-06	4.475518e-06	1.046602e-09	2.410879e+01	1.297724e+02
2.630000e-06	4.522523e-06	1.055552e-09	2.436199e+01	1.309919e+02
2.640000e-06	4.568989e-06	1.064969e-09	2.461230e+01	1.321863e+02
2.650000e-06	4.615070e-06	1.073581e-09	2.486053e+01	1.333557e+02
2.660000e-06	4.660927e-06	1.081725e-09	2.510755e+01	1.345003e+02
2.670000e-06	4.706457e-06	1.089784e-09	2.535282e+01	1.356203e+02
2.680000e-06	4.751665e-06	1.097960e-09	2.559634e+01	1.367161e+02
2.690000e-06	4.796525e-06	1.106553e-09	2.583799e+01	1.377880e+02
2.700000e-06	4.841111e-06	1.114717e-09	2.607817e+01	1.388365e+02
2.710000e-06	4.885482e-06	1.123596e-09	2.631719e+01	1.398619e+02
2.720000e-06	4.929487e-06	1.133968e-09	2.655424e+01	1.408648e+02
2.730000e-06	4.973253e-06	1.143917e-09	2.678999e+01	1.418456e+02
2.740000e-06	5.016901e-06	1.153137e-09	2.702512e+01	1.428050e+02
2.750000e-06	5.060360e-06	1.161087e-09	2.725923e+01	1.437435e+02
2.760000e-06	5.103343e-06	1.168090e-09	2.749077e+01	1.446617e+02
2.770000e-06	5.145804e-06	1.176024e-09	2.771950e+01	1.455602e+02
2.780000e-06	5.187672e-06	1.184837e-09	2.794503e+01	1.464395e+02
2.790000e-06	5.228713e-06	1.194005e-09	2.816611e+01	1.473002e+02
2.800000e-06	5.269106e-06	1.202354e-09	2.838370e+01	1.481430e+02
2.810000e-06	5.309128e-06	1.209565e-09	2.859929e+01	1.489684e+02
2.820000e-06	5.349038e-06	1.217088e-09	2.881428e+01	1.497770e+02
2.830000e-06	5.388687e-06	1.224773e-09	2.902786e+01	1.505692e+02
2.840000e-06	5.428098e-06	1.231966e-09	2.924016e+01	1.513457e+02
2.850000e-06	5.467252e-06	1.238012e-09	2.945108e+01	1.521069e+02
2.860000e-06	5.505974e-06	1.243188e-09	2.965966e+01	1.528533e+02
2.870000e-06	5.544258e-06	1.248886e-09	2.986589e+01	1.535852e+02
2.880000e-06	5.582199e-06	1.255356e-09	3.007028e+01	1.543033e+02
2.890000e-06	5.619775e-06	1.262108e-09	3.027269e+01	1.550077e+02
2.900000e-06	5.656861e-06	1.267924e-09	3.047246e+01	1.556990e+02
2.910000e-06	5.693507e-06	1.273579e-09	3.066987e+01	1.563774e+02
2.920000e-06	5.729784e-06	1.280910e-09	3.086529e+01	1.570434e+02
2.930000e-06	5.765750e-06	1.288873e-09	3.105903e+01	1.576972e+02
2.940000e-06	5.801458e-06	1.294771e-09	3.125138e+01	1.583392e+02
2.950000e-06	5.836947e-06	1.298176e-09	3.144255e+01	1.589696e+02
2.960000e-06	5.872022e-06	1.301762e-09	3.163149e+01	1.595889e+02
2.970000e-06	5.906695e-06	1.308259e-09	3.181827e+01	1.601972e+02
2.980000e-06	5.940816e-06	1.315829e-09	3.200208e+01	1.607949e+02
2.990000e-06	5.974113e-06	1.321137e-09	3.218144e+01	1.613823e+02
3.000000e-06	6.006849e-06	1.324645e-09	3.235779e+01	1.619597e+02
3.010000e-06	6.039116e-06	1.329294e-09	3.253160e+01	1.625276e+02
3.020000e-06	6.070933e-06	1.335551e-09	3.270299e+01	1.630861e+02
3.030000e-06	6.102493e-06	1.341678e-09	3.287300e+01	1.636358e+02
3.040000e-06	6.133793e-06	1.346307e-09	3.304161e+01	1.641769e+02
3.050000e-06	6.164702e-06	1.350757e-09	3.320811e+01	1.647098e+02
3.060000e-06	6.195046e-06	1.357658e-09	3.337157e+01	1.652349e+02
3.070000e-06	6.224894e-06	1.363765e-09	3.353235e+01	1.657527e+02
3.080000e-06	6.254422e-06	1.366686e-09	3.369141e+01	1.662635e+02
3.090000e-06	6.283590e-06	1.370187e-09	3.384854e+01	1.667676e+02
3.100000e-06	6.312382e-06	1.375661e-09	3.400363e+01	1.672656e+02
3.110000e-06	6.340717e-06	1.381340e-09	3.415627e+01	1.677578e+02
3.120000e-06	6.368697e-06	1.386306e-09	3.430699e+01	1.682445e+02
3.130000e-06	6.396460e-06	1.390728e-09	3.445655e+01	1.687261e+02
3.140000e-06	6.423847e-06	1.394071e-09	3.460407e+01	1.692029e+02
3.150000e-06	6.450741e-06	1.396738e-09	3.474895e+01	1.696752e+02
3.160000e-06	6.476849e-06	1.401537e-09	3.488959e+01	1.701431e+02
3.170000e-06	6.502097e-06	1.407343e-09	3.502559e+01	1.706069e+02
3.180000e-06	6.526666e-06	1.412261e-09	3.515794e+01	1.710668e+02
3.190000e-06	6.550717e-06	1.416477e-09	3.528750e+01	1.715226e+02
3.200000e-06	6.574533e-06	1.419985e-09	3.541579e+01	1.719746e+02
3.210000e-06	6.597972e-06	1.424219e-09	3.554205e+01	1.724225e+02
3.220000e-06	6.620884e-06	1.428223e-09	3.566548e+01	1.728663e+02
3.230000e-06	6.643308e-06	1.431082e-09	3.578627e+01	1.733059e+02
3.240000e-06	6.665265e-06	1.434313e-09	3.590455e+01	1.737408e+02
3.250000e-06	6.686777e-06	1.438989e-09	3.602043e+01	1.741708e+02
3.260000e-06	6.707752e-06	1.443933e-09	3.613342e+01	1.745955e+02
3.270000e-06	6.728249e-06	1.447688e-09	3.624384e+01	1.750144e+02
3.280000e-06	6.748392e-06	1.450562e-09	3.635234e+01	1.754270e+02
3.290000e-06	6.768153e-06	1.453498e-09	3.645879e+01	1.758328e+02
3.300000e-06	6.787503e-06	1.458121e-09	3.656303e+01	1.762311e+02
3.310000e-06	6.806532e-06	1.463556e-09	3.666553e+01	1.766213e+02
3.320000e-06	6.825046e-06	1.468233e-09	3.676526e+01	1.770027e+02
3.330000e-06	6.842803e-06	1.471212e-09	3.686092e+01	1.773747e+02
3.340000e-06	6.860016e-06	1.473763e-09	3.695364e+01	1.777365e+02
3.350000e-06	6.876996e-06	1.478556e-09	3.704511e+01	1.780875e+02
3.360000e-06	6.893670e-06	1.483902e-09	3.713492e+01	1.784270e+02
3.370000e-06	6.910042e-06	1.486559e-09	3.722312e+01	1.787545e+02
3.380000e-06	6.925681e-06	1.489159e-09	3.730736e+01	1.790691e+02
3.390000e-06	6.940475e-06	1.493361e-09	3.738706e+01	1.793706e+02
3.400000e-06	6.954707e-06	1.497644e-09	3.746372e+01	1.796582e+02
3.410000e-06	6.968368e-06	1.502548e-09	3.753731e+01	1.799317e+02
3.420000e-06	6.981702e-06	1.506132e-09	3.760914e+01	1.801906e+02
3.430000e-06	6.994651e-06	1.507892e-09	3.767889e+01	1.804346e+02
3.440000e-06	7.007013e-06	1.509946e-09	3.774548e+01	1.806637e+02
3.450000e-06	7.018848e-06	1.513933e-09	3.780924e+01	1.808776e+02
3.460000e-06	7.030284e-06	1.519460e-09	3.787084e+01	1.810763e+02
3.470000e-06	7.040856e-06	1.522616e-09	3.792779e+01	1.812599e+02
3.480000e-06	7.050309e-06	1.522792e-09	3.797871e+01	1.814286e+02
3.490000e-06	7.059142e-06	1.523782e-09	3.802629e+01	1.815825e+02
3.500000e-06	7.067559e-06	1.527034e-09	3.807163e+01	1.817220e+02
3.510000e-06	7.075521e-06	1.530938e-09	3.811452e+01	1.818475e+02
3.520000e-06	7.083163e-06	1.533095e-09	3.815569e+01	1.819594e+02
3.530000e-06	7.090359e-06	1.534049e-09	3.819445e+01	1.820582e+02
3.540000e-06	7.097029e-06	1.535680e-09	3.823038e+01	1.821445e+02
3.550000e-06	7.103244e-06	1.538389e-09	3.826386e+01	1.822189e+02
3.560000e-06	7.108970e-06	1.541373e-09	3.829471e+01	1.822820e+02
3.570000e-06	7.114179e-06	1.542460e-09	3.832277e+01	1.823346e+02
3.580000e-06	7.118988e-06	1.542765e-09	3.834867e+01	1.823772e+02
3.590000e-06	7.123343e-06	1.544751e-09	3.837213e+01	1.824105e+02
3.600000e-06	7.127244e-06	1.547776e-09	3.839315e+01	1.824352e+02
3.610000e-06	7.130860e-06	1.550298e-09	3.841263e+01	1.824520e+02
3.620000e-06	7.134065e-06	1.550567e-09	3.842989e+01	1.824615e+02
3.630000e-06	7.136716e-06	1.549382e-09	3.844417e+01	1.824642e+02
3.640000e-06	7.138497e-06	1.549579e-09	3.845376e+01	1.824607e+02
3.650000e-06	7.139378e-06	1.551166e-09	3.845851e+01	1.824516e+02
3.660000e-06	7.139655e-06	1.552174e-09	3.846000e+01	1.824373e+02
3.670000e-06	7.139524e-06	1.551789e-09	3.845930e+01	1.824181e+02
3.680000e-06	7.139087e-06	1.551070e-09	3.845694e+01	1.823946e+02
3.690000e-06	7.138211e-06	1.550998e-09	3.845222e+01	1.823669e+02
3.700000e-06	7.136797e-06	1.553371e-09	3.844460e+01	1.823353e+02
3.710000e-06	7.134834e-06	1.555951e-09	3.843403e+01	1.823000e+02
3.720000e-06	7.132435e-06	1.555578e-09	3.842111e+01	1.822612e+02
3.730000e-06	7.129565e-06	1.555136e-09	3.840565e+01	1.822190e+02
3.740000e-06	7.126301e-06	1.552857e-09	3.838806e+01	1.821735e+02
3.750000e-06	7.122678e-06	1.549238e-09	3.836855e+01	1.821246e+02
3.760000e-06	7.118383e-06	1.558851e-09	3.834541e+01	1.820725e+02
3.770000e-06	7.113244e-06	1.587772e-09	3.831773e+01	1.820171e+02
3.780000e-06	7.107353e-06	1.597211e-09	3.828599e+01	1.819583e+02
3.790000e-06	7.101096e-06	1.526713e-09	3.825229e+01	1.818963e+02
3.800000e-06	7.094735e-06	1.488852e-09	3.821802e+01	1.818307e+02
3.810000e-06	7.087912e-06	1.578988e-09	3.818127e+01	1.817618e+02
3.820000e-06	7.080375e-06	1.623910e-09	3.814067e+01	1.816893e+02
3.830000e-06	7.072192e-06	1.526411e-09	3.809659e+01	1.816133e+02
3.840000e-06	7.063641e-06	1.479364e-09	3.805053e+01	1.815338e+02
3.850000e-06	7.054723e-06	1.600336e-09	3.800249e+01	1.814507e+02
3.860000e-06	7.045178e-06	1.658191e-09	3.795107e+01	1.813639e+02
3.870000e-06	7.035137e-06	1.504470e-09	3.789698e+01	1.812736e+02
3.880000e-06	7.024886e-06	1.428384e-09	3.784176e+01	1.811797e+02
3.890000e-06	7.014214e-06	1.596837e-09	3.778427e+01	1.810823e+02
3.900000e-06	7.002913e-06	1.678371e-09	3.772340e+01	1.809813e+02
3.910000e-06	6.990992e-06	1.514236e-09	3.765918e+01	1.808768e+02
3.920000e-06	6.978339e-06	1.461303e-09	3.759102e+01	1.807688e+02
3.930000e-06	6.964821e-06	1.627173e-09	3.751820e+01	1.806574e+02
3.940000e-06	6.950447e-06	1.633138e-09	3.744077e+01	1.805424e+02
3.950000e-06	6.935481e-06	1.461954e-09	3.736015e+01	1.804240e+02
3.960000e-06	6.920111e-06	1.496802e-09	3.727736e+01	1.803019e+02
3.970000e-06	6.904377e-06	1.654726e-09	3.719260e+01	1.801763e+02
3.980000e-06	6.888083e-06	1.579236e-09	3.710483e+01	1.800468e+02
3.990000e-06	6.871313e-06	1.461875e-09	3.701449e+01	1.799135e+02
4.000000e-06	6.854189e-06	1.578557e-09	3.692225e+01	1.797761e+02
4.010000e-06	6.836628e-06	1.632431e-09	3.682765e+01	1.796344e+02
4.020000e-06	6.818568e-06	1.481489e-09	3.673036e+01	1.794881e+02
4.030000e-06	6.800100e-06	1.493024e-09	3.663088e+01	1.793368e+02
4.040000e-06	6.781195e-06	1.649541e-09	3.652905e+01	1.791803e+02
4.050000e-06	6.761721e-06	1.578092e-09	3.642414e+01	1.790181e+02
4.060000e-06	6.741820e-06	1.453289e-09	3.631694e+01	1.788498e+02
4.070000e-06	6.721592e-06	1.568140e-09	3.620798e+01	1.786750e+02
4.080000e-06	6.700951e-06	1.624230e-09	3.609678e+01	1.784930e+02
4.090000e-06	6.679799e-06	1.490076e-09	3.598284e+01	1.783036e+02
4.100000e-06	6.657915e-06	1.508998e-09	3.586496e+01	1.781060e+02
4.110000e-06	6.635330e-06	1.625455e-09	3.574330e+01	1.778998e+02
4.120000e-06	6.612181e-06	1.546839e-09	3.561860e+01	1.776846e+02
4.130000e-06	6.588415e-06	1.482993e-09	3.549058e+01	1.774597e+02
4.140000e-06	6.564272e-06	1.582467e-09	3.536052e+01	1.772248e+02
4.150000e-06	6.539833e-06	1.569649e-09	3.522887e+01	1.769794e+02
4.160000e-06	6.514914e-06	1.479736e-09	3.509464e+01	1.767232e+02
4.170000e-06	6.489510e-06	1.547116e-09	3.495779e+01	1.764558e+02
4.180000e-06	6.463679e-06	1.590140e-09	3.481864e+01	1.761769e+02
4.190000e-06	6.437359e-06	1.505942e-09	3.467686e+01	1.758864e+02
4.200000e-06	6.410583e-06	1.518166e-09	3.453263e+01	1.755841e+02
4.210000e-06	6.383361e-06	1.574328e-09	3.438599e+01	1.752700e+02
4.220000e-06	6.355716e-06	1.517359e-09	3.423707e+01	1.749441e+02
4.230000e-06	6.327733e-06	1.501111e-09	3.408633e+01	1.746066e+02
4.240000e-06	6.299390e-06	1.557967e-09	3.393365e+01	1.742576e+02
4.250000e-06	6.270574e-06	1.531157e-09	3.377842e+01	1.738974e+02
4.260000e-06	6.241241e-06	1.497488e-09	3.362041e+01	1.735263e+02
4.270000e-06	6.211214e-06	1.535493e-09	3.345866e+01	1.731449e+02
4.280000e-06	6.180554e-06	1.529396e-09	3.329350e+01	1.727534e+02
4.290000e-06	6.149529e-06	1.495889e-09	3.312638e+01	1.723525e+02
4.300000e-06	6.118053e-06	1.517024e-09	3.295682e+01	1.719426e+02
4.310000e-06	6.086015e-06	1.522707e-09	3.278424e+01	1.715245e+02
4.320000e-06	6.053618e-06	1.498228e-09	3.260972e+01	1.710987e+02
4.330000e-06	6.020962e-06	1.504042e-09	3.243381e+01	1.706658e+02
4.340000e-06	5.987816e-06	1.506669e-09	3.225526e+01	1.702264e+02
4.350000e-06	5.954151e-06	1.489371e-09	3.207391e+01	1.697811e+02
4.360000e-06	5.920073e-06	1.491651e-09	3.189034e+01	1.693305e+02
4.370000e-06	5.885613e-06	1.495334e-09	3.170471e+01	1.688751e+02
4.380000e-06	5.850758e-06	1.486230e-09	3.151695e+01	1.684153e+02
4.390000e-06	5.815523e-06	1.485632e-09	3.132715e+01	1.679515e+02
4.400000e-06	5.779957e-06	1.482702e-09	3.113556e+01	1.674841e+02
4.410000e-06	5.744090e-06	1.472994e-09	3.094235e+01	1.670132e+02
4.420000e-06	5.707921e-06	1.472716e-09	3.074752e+01	1.665392e+02
4.430000e-06	5.671425e-06	1.469864e-09	3.055092e+01	1.660620e+02
4.440000e-06	5.634446e-06	1.460530e-09	3.035172e+01	1.655816e+02
4.450000e-06	5.596823e-06	1.460660e-09	3.014905e+01	1.650980e+02
4.460000e-06	5.558602e-06	1.461374e-09	2.994316e+01	1.646109e+02
4.470000e-06	5.520000e-06	1.453676e-09	2.973522e+01	1.641201e+02
4.480000e-06	5.480902e-06	1.448777e-09	2.952461e+01	1.636253e+02
4.490000e-06	5.441245e-06	1.447473e-09	2.931098e+01	1.631260e+02
4.500000e-06	5.401243e-06	1.443413e-09	2.909550e+01	1.626218e+02
4.510000e-06	5.360951e-06	1.439383e-09	2.887845e+01	1.621122e+02
4.520000e-06	5.320353e-06	1.436957e-09	2.865976e+01	1.615966e+02
4.530000e-06	5.279349e-06	1.432654e-09	2.843888e+01	1.610745e+02
4.540000e-06	5.238071e-06	1.428195e-09	2.821652e+01	1.605453e+02
4.550000e-06	5.196527e-06	1.425705e-09	2.799273e+01	1.600083e+02
4.560000e-06	5.154550e-06	1.423487e-09	2.776661e+01	1.594631e+02
4.570000e-06	5.112095e-06	1.419363e-09	2.753791e+01	1.589090e+02
4.580000e-06	5.069190e-06	1.413876e-09	2.730679e+01	1.583456e+02
4.590000e-06	5.025989e-06	1.408376e-09	2.707407e+01	1.577723e+02
4.600000e-06	4.982564e-06	1.403990e-09	2.684015e+01	1.571887e+02
4.610000e-06	4.938806e-06	1.401080e-09	2.660444e+01	1.565946e+02
4.620000e-06	4.894756e-06	1.397157e-09	2.636715e+01	1.559894e+02
4.630000e-06	4.850440e-06	1.393669e-09	2.612843e+01	1.553731e+02
4.640000e-06	4.805827e-06	1.390417e-09	2.588810e+01	1.547453e+02
4.650000e-06	4.760904e-06	1.384863e-09	2.564611e+01	1.541061e+02
4.660000e-06	4.715613e-06	1.377779e-09	2.540213e+01	1.534554e+02
4.670000e-06	4.670105e-06	1.370014e-09	2.515699e+01	1.527931e+02
4.680000e-06	4.624264e-06	1.362647e-09	2.491006e+01	1.521193e+02
4.690000e-06	4.578006e-06	1.357661e-09	2.466087e+01	1.514342e+02
4.700000e-06	4.531327e-06	1.354296e-09	2.440942e+01	1.507379e+02
4.710000e-06	4.484373e-06	1.351233e-09	2.415649e+01	1.500306e+02
4.720000e-06	4.437196e-06	1.346344e-09	2.390235e+01	1.493124e+02
4.730000e-06	4.389729e-06	1.338293e-09	2.364666e+01	1.485836e+02
4.740000e-06	4.341984e-06	1.329078e-09	2.338947e+01	1.478443e+02
4.750000e-06	4.293743e-06	1.322994e-09	2.312960e+01	1.470947e+02
4.760000e-06	4.245160e-06	1.317928e-09	2.286789e+01	1.463349e+02
4.770000e-06	4.196271e-06	1.310431e-09	2.260454e+01	1.455651e+02
4.780000e-06	4.146934e-06	1.305348e-09	2.233877e+01	1.447853e+02
4.790000e-06	4.097316e-06	1.302530e-09	2.207148e+01	1.439955e+02
4.800000e-06	4.047345e-06	1.296149e-09	2.180230e+01	1.431955e+02
4.810000e-06	3.996994e-06	1.287786e-09	2.153107e+01	1.423854e+02
4.820000e-06	3.946455e-06	1.280856e-09	2.125882e+01	1.415648e+02
4.830000e-06	3.895679e-06	1.274044e-09	2.098530e+01	1.407335e+02
4.840000e-06	3.844481e-06	1.267107e-09	2.070951e+01	1.398911e+02
4.850000e-06	3.792948e-06	1.259936e-09	2.043191e+01	1.390372e+02
4.860000e-06	3.741132e-06	1.251384e-09	2.015279e+01	1.381714e+02
4.870000e-06	3.689221e-06	1.243565e-09	1.987315e+01	1.372929e+02
4.880000e-06	3.637148e-06	1.237251e-09	1.959265e+01	1.364014e+02
4.890000e-06	3.584531e-06	1.230040e-09	1.930921e+01	1.354961e+02
4.900000e-06	3.531583e-06	1.222151e-09	1.902398e+01	1.345763e+02
4.910000e-06	3.478355e-06	1.214937e-09	1.873726e+01	1.336415e+02
4.920000e-06	3.424715e-06	1.207684e-09	1.844831e+01	1.326910e+02
4.930000e-06	3.370641e-06	1.199169e-09	1.815702e+01	1.317241e+02
4.940000e-06	3.316220e-06	1.190197e-09	1.786386e+01	1.307402e+02
4.950000e-06	3.261654e-06	1.181254e-09	1.756992e+01	1.297388e+02
4.960000e-06	3.206813e-06	1.171735e-09	1.727451e+01	1.287194e+02
4.970000e-06	3.151577e-06	1.162249e-09	1.697696e+01	1.276814e+02
4.980000e-06	3.096133e-06	1.153446e-09	1.667830e+01	1.266246e+02
4.990000e-06	3.040449e-06	1.144426e-09	1.637834e+01	1.255488e+02
5.000000e-06	2.984438e-06	1.134518e-09	1.607662e+01	1.244536e+02
5.010000e-06	2.928189e-06	1.123638e-09	1.577361e+01	1.233392e+02
5.020000e-06	2.871803e-06	1.112641e-09	1.546987e+01	1.222055e+02
5.030000e-06	2.815307e-06	1.102441e-09	1.516554e+01	1.210526e+02
5.040000e-06	2.758587e-06	1.092614e-09	1.486000e+01	1.198808e+02
5.050000e-06	2.701741e-06	1.082498e-09	1.455378e+01	1.186905e+02
5.060000e-06	2.644769e-06	1.072826e-09	1.424688e+01	1.174820e+02
5.070000e-06	2.587617e-06	1.062649e-09	1.393901e+01	1.162559e+02
5.080000e-06	2.530282e-06	1.050966e-09	1.363016e+01	1.150126e+02
5.090000e-06	2.472681e-06	1.038933e-09	1.331988e+01	1.137529e+02
5.100000e-06	2.414973e-06	1.026768e-09	1.300901e+01	1.124772e+02
5.110000e-06	2.357140e-06	1.014720e-09	1.269747e+01	1.111862e+02
5.120000e-06	2.299117e-06	1.003180e-09	1.238492e+01	1.098804e+02
5.130000e-06	2.240919e-06	9.915488e-10	1.207141e+01	1.085604e+02
5.140000e-06	2.182564e-06	9.799587e-10	1.175707e+01	1.072268e+02
5.150000e-06	2.124031e-06	9.685392e-10	1.144176e+01	1.058798e+02
5.160000e-06	2.065262e-06	9.562986e-10	1.112519e+01	1.045197e+02
5.170000e-06	2.006369e-06	9.432447e-10	1.080794e+01	1.031467e+02
5.180000e-06	1.947316e-06	9.299604e-10	1.048983e+01	1.017608e+02
5.190000e-06	1.888154e-06	9.174022e-10	1.017114e+01	1.003618e+02
5.200000e-06	1.828943e-06	9.055902e-10	9.852181e+00	9.894942e+01
5.210000e-06	1.769664e-06	8.926748e-10	9.532852e+00	9.752300e+01
5.220000e-06	1.710251e-06	8.785612e-10	9.212805e+00	9.608186e+01
5.230000e-06	1.650763e-06	8.651785e-10	8.892357e+00	9.462502e+01
5.240000e-06	1.591160e-06	8.516367e-10	8.571285e+00	9.315134e+01
5.250000e-06	1.531408e-06	8.368969e-10	8.249414e+00	9.165946e+01
5.260000e-06	1.471601e-06	8.234048e-10	7.927245e+00	9.014782e+01
5.270000e-06	1.411746e-06	8.105718e-10	7.604812e+00	8.861468e+01
5.280000e-06	1.351819e-06	7.959705e-10	7.282001e+00	8.705813e+01
5.290000e-06	1.291715e-06	7.811459e-10	6.958228e+00	8.547612e+01
5.300000e-06	1.231580e-06	7.657714e-10	6.634291e+00	8.386646e+01
5.310000e-06	1.171465e-06	7.493310e-10	6.310466e+00	8.222685e+01
5.320000e-06	1.111201e-06	7.333557e-10	5.985835e+00	8.055496e+01
5.330000e-06	1.050778e-06	7.188323e-10	5.660346e+00	7.884836e+01
5.340000e-06	9.904102e-07	7.055038e-10	5.335157e+00	7.710467e+01
5.350000e-06	9.301627e-07	6.909707e-10	5.010615e+00	7.532149e+01
5.360000e-06	8.699323e-07	6.744346e-10	4.686165e+00	7.349653e+01
5.370000e-06	8.095363e-07	6.563547e-10	4.360822e+00	7.162755e+01
5.380000e-06	7.489706e-07	6.373619e-10	4.034566e+00	6.971248e+01
5.390000e-06	6.883836e-07	6.181298e-10	3.708195e+00	6.774942e+01
5.400000e-06	6.277321e-07	5.991481e-10	3.381477e+00	6.573665e+01
5.410000e-06	5.668532e-07	5.807282e-10	3.053533e+00	6.367272e+01
5.420000e-06	5.058957e-07	5.624247e-10	2.725167e+00	6.155643e+01
5.430000e-06	4.449629e-07	5.444436e-10	2.396933e+00	5.938685e+01
5.440000e-06	3.840722e-07	5.269117e-10	2.068926e+00	5.716341e+01
5.450000e-06	3.233063e-07	5.074362e-10	1.741591e+00	5.488585e+01
5.460000e-06	2.624671e-07	4.850741e-10	1.413861e+00	5.255425e+01
5.470000e-06	2.015856e-07	4.619866e-10	1.085905e+00	5.016906e+01
5.480000e-06	1.407260e-07	4.394536e-10	7.580652e-01	4.773111e+01
5.490000e-06	7.989080e-08	4.174726e-10	4.303569e-01	4.524157e+01
5.500000e-06	1.909943e-08	3.954322e-10	1.028851e-01	4.270199e+01
5.510000e-06	-4.174541e-08	3.726467e-10	-2.248748e-01	4.011428e+01
5.520000e-06	-1.027359e-07	3.499974e-10	-5.534195e-01	3.748068e+01
5.530000e-06	-1.637653e-07	3.283831e-10	-8.821734e-01	3.480376e+01
5.540000e-06	-2.247243e-07	3.059219e-10	-1.210549e+00	3.208639e+01
5.550000e-06	-2.856025e-07	2.815714e-10	-1.538488e+00	2.933174e+01
5.560000e-06	-3.464883e-07	2.559066e-10	-1.866469e+00	2.654321e+01
5.570000e-06	-4.074050e-07	2.292629e-10	-2.194615e+00	2.372442e+01
5.580000e-06	-4.682500e-07	2.030699e-10	-2.522376e+00	2.087920e+01
5.590000e-06	-5.290420e-07	1.781610e-10	-2.849851e+00	1.801152e+01
5.600000e-06	-5.898107e-07	1.538632e-10	-3.177201e+00	1.512544e+01
5.610000e-06	-6.505492e-07	1.288673e-10	-3.504389e+00	1.222515e+01
5.620000e-06	-7.111244e-07	1.035815e-10	-3.830696e+00	9.314823e+00
5.630000e-06	-7.716422e-07	7.831714e-11	-4.156694e+00	6.398674e+00
5.640000e-06	-8.322005e-07	5.174378e-11	-4.482910e+00	3.480864e+00
5.650000e-06	-8.926650e-07	2.419998e-11	-4.808622e+00	5.654854e-01
5.660000e-06	-9.530789e-07	-2.927776e-12	-5.134060e+00	-2.343475e+00
5.670000e-06	-1.013435e-06	-2.856167e-11	-5.459187e+00	-5.242168e+00
5.680000e-06	-1.073723e-06	-5.248632e-11	-5.783945e+00	-8.126915e+00
5.690000e-06	-1.133951e-06	-7.608202e-11	-6.108387e+00	-1.099423e+01
5.700000e-06	-1.194115e-06	-1.010086e-10	-6.432476e+00	-1.384084e+01
5.710000e-06	-1.254227e-06	-1.265750e-10	-6.756289e+00	-1.666372e+01
5.720000e-06	-1.314293e-06	-1.514079e-10	-7.079856e+00	-1.946011e+01
5.730000e-06	-1.374349e-06	-1.752645e-10	-7.403366e+00	-2.222748e+01
5.740000e-06	-1.434320e-06	-1.984476e-10	-7.726419e+00	-2.496363e+01
5.750000e-06	-1.494098e-06	-2.224218e-10	-8.048427e+00	-2.766661e+01
5.760000e-06	-1.553812e-06	-2.480218e-10	-8.370100e+00	-3.033476e+01
5.770000e-06	-1.613451e-06	-2.736926e-10	-8.691365e+00	-3.296673e+01
5.780000e-06	-1.672944e-06	-2.985686e-10	-9.011842e+00	-3.556142e+01
5.790000e-06	-1.732379e-06	-3.225849e-10	-9.332005e+00	-3.811804e+01
5.800000e-06	-1.791682e-06	-3.460014e-10	-9.651461e+00	-4.063602e+01
5.810000e-06	-1.850822e-06	-3.691276e-10	-9.970035e+00	-4.311509e+01
5.820000e-06	-1.909756e-06	-3.914203e-10	-1.028750e+01	-4.555518e+01
5.830000e-06	-1.968605e-06	-4.141035e-10	-1.060451e+01	-4.795646e+01
5.840000e-06	-2.027378e-06	-4.373399e-10	-1.092111e+01	-5.031928e+01
5.850000e-06	-2.085944e-06	-4.597378e-10	-1.123659e+01	-5.264419e+01
5.860000e-06	-2.144367e-06	-4.806912e-10	-1.155131e+01	-5.493190e+01
5.870000e-06	-2.202647e-06	-5.011340e-10	-1.186525e+01	-5.718323e+01
5.880000e-06	-2.260718e-06	-5.219356e-10	-1.217807e+01	-5.939915e+01
5.890000e-06	-2.318669e-06	-5.427741e-10	-1.249024e+01	-6.158070e+01
5.900000e-06	-2.376493e-06	-5.635840e-10	-1.280173e+01	-6.372901e+01
5.910000e-06	-2.434119e-06	-5.837073e-10	-1.311215e+01	-6.584523e+01
5.920000e-06	-2.491536e-06	-6.028306e-10	-1.342144e+01	-6.793056e+01
5.930000e-06	-2.548779e-06	-6.220763e-10	-1.372980e+01	-6.998622e+01
5.940000e-06	-2.605790e-06	-6.422106e-10	-1.403691e+01	-7.201340e+01
5.950000e-06	-2.662565e-06	-6.624498e-10	-1.434274e+01	-7.401328e+01
5.960000e-06	-2.719206e-06	-6.814243e-10	-1.464786e+01	-7.598698e+01
5.970000e-06	-2.775693e-06	-6.990581e-10	-1.495214e+01	-7.793559e+01
5.980000e-06	-2.832061e-06	-7.161549e-10	-1.525579e+01	-7.986013e+01
5.990000e-06	-2.888259e-06	-7.335567e-10	-1.555852e+01	-8.176151e+01
6.000000e-06	-2.944304e-06	-7.505581e-10	-1.586042e+01	-8.364060e+01
6.010000e-06	-3.000167e-06	-7.662737e-10	-1.616134e+01	-8.549816e+01
6.020000e-06	-3.055885e-06	-7.810325e-10	-1.646149e+01	-8.733484e+01
6.030000e-06	-3.111411e-06	-7.966019e-10	-1.676060e+01	-8.915121e+01
6.040000e-06	-3.166698e-06	-8.138044e-10	-1.705842e+01	-9.094773e+01
6.050000e-06	-3.221686e-06	-8.306562e-10	-1.735463e+01	-9.272476e+01
6.060000e-06	-3.276272e-06	-8.467643e-10	-1.764867e+01	-9.448255e+01
6.070000e-06	-3.330557e-06	-8.626935e-10	-1.794110e+01	-9.622127e+01
6.080000e-06	-3.384368e-06	-8.783948e-10	-1.823096e+01	-9.794100e+01
6.090000e-06	-3.437819e-06	-8.948934e-10	-1.851889e+01	-9.964170e+01
6.100000e-06	-3.490979e-06	-9.117913e-10	-1.880526e+01	-1.013233e+02
6.110000e-06	-3.543712e-06	-9.268814e-10	-1.908932e+01	-1.029856e+02
6.120000e-06	-3.596229e-06	-9.413751e-10	-1.937222e+01	-1.046283e+02
6.130000e-06	-3.648579e-06	-9.564180e-10	-1.965422e+01	-1.062513e+02
6.140000e-06	-3.700639e-06	-9.716678e-10	-1.993466e+01	-1.078540e+02
6.150000e-06	-3.752432e-06	-9.871308e-10	-2.021366e+01	-1.094362e+02
6.160000e-06	-3.803885e-06	-1.001876e-09	-2.049082e+01	-1.109975e+02
6.170000e-06	-3.854943e-06	-1.016348e-09	-2.076587e+01	-1.125373e+02
6.180000e-06	-3.905684e-06	-1.029981e-09	-2.103920e+01	-1.140552e+02
6.190000e-06	-3.956133e-06	-1.042215e-09	-2.131096e+01	-1.155508e+02
6.200000e-06	-4.006433e-06	-1.054184e-09	-2.158191e+01	-1.170237e+02
6.210000e-06	-4.056543e-06	-1.066512e-09	-2.185185e+01	-1.184734e+02
6.220000e-06	-4.106236e-06	-1.079157e-09	-2.211954e+01	-1.198996e+02
6.230000e-06	-4.155315e-06	-1.091290e-09	-2.238391e+01	-1.213018e+02
6.240000e-06	-4.203952e-06	-1.103574e-09	-2.264591e+01	-1.226796e+02
6.250000e-06	-4.252230e-06	-1.116561e-09	-2.290597e+01	-1.240330e+02
6.260000e-06	-4.300087e-06	-1.129144e-09	-2.316377e+01	-1.253615e+02
6.270000e-06	-4.347659e-06	-1.140658e-09	-2.342003e+01	-1.266649e+02
6.280000e-06	-4.394828e-06	-1.152281e-09	-2.367412e+01	-1.279433e+02
6.290000e-06	-4.441682e-06	-1.164803e-09	-2.392652e+01	-1.291965e+02
6.300000e-06	-4.488424e-06	-1.176614e-09	-2.417831e+01	-1.304244e+02
6.310000e-06	-4.534858e-06	-1.187607e-09	-2.442844e+01	-1.316272e+02
6.320000e-06	-4.581067e-06	-1.198456e-09	-2.467736e+01	-1.328049e+02
6.330000e-06	-4.627062e-06	-1.208693e-09	-2.492513e+01	-1.339577e+02
6.340000e-06	-4.672622e-06	-1.219410e-09	-2.517055e+01	-1.350859e+02
6.350000e-06	-4.717813e-06	-1.230865e-09	-2.541399e+01	-1.361898e+02
6.360000e-06	-4.762729e-06	-1.241997e-09	-2.565594e+01	-1.372696e+02
6.370000e-06	-4.807324e-06	-1.251464e-09	-2.589617e+01	-1.383259e+02
6.380000e-06	-4.851557e-06	-1.260146e-09	-2.613444e+01	-1.393589e+02
6.390000e-06	-4.895581e-06	-1.269758e-09	-2.637159e+01	-1.403693e+02
6.400000e-06	-4.939478e-06	-1.278692e-09	-2.660806e+01	-1.413574e+02
6.410000e-06	-4.983128e-06	-1.285968e-09	-2.684319e+01	-1.423240e+02
6.420000e-06	-5.026348e-06	-1.293995e-09	-2.707601e+01	-1.432694e+02
6.430000e-06	-5.069100e-06	-1.302694e-09	-2.730631e+01	-1.441943e+02
6.440000e-06	-5.111463e-06	-1.310146e-09	-2.753450e+01	-1.450993e+02
6.450000e-06	-5.153575e-06	-1.317256e-09	-2.776135e+01	-1.459849e+02
6.460000e-06	-5.195458e-06	-1.325000e-09	-2.798697e+01	-1.468518e+02
6.470000e-06	-5.236686e-06	-1.333131e-09	-2.820906e+01	-1.477005e+02
6.480000e-06	-5.277455e-06	-1.340665e-09	-2.842868e+01	-1.485317e+02
6.490000e-06	-5.318146e-06	-1.347677e-09	-2.864787e+01	-1.493458e+02
6.500000e-06	-5.358561e-06	-1.355098e-09	-2.886558e+01	-1.501435e+02
6.510000e-06	-5.398763e-06	-1.362308e-09	-2.908214e+01	-1.509252e+02
6.520000e-06	-5.438618e-06	-1.369455e-09	-2.929683e+01	-1.516914e+02
6.530000e-06	-5.478080e-06	-1.375344e-09	-2.950941e+01	-1.524427e+02
6.540000e-06	-5.517167e-06	-1.380608e-09	-2.971996e+01	-1.531794e+02
6.550000e-06	-5.555557e-06	-1.387783e-09	-2.992676e+01	-1.539021e+02
6.560000e-06	-5.593179e-06	-1.395627e-09	-3.012942e+01	-1.546110e+02
6.570000e-06	-5.630286e-06	-1.402539e-09	-3.032931e+01	-1.553067e+02
6.580000e-06	-5.666945e-06	-1.407529e-09	-3.052678e+01	-1.559894e+02
6.590000e-06	-5.703254e-06	-1.413017e-09	-3.072238e+01	-1.566595e+02
6.600000e-06	-5.739281e-06	-1.419846e-09	-3.091645e+01	-1.573174e+02
6.610000e-06	-5.774961e-06	-1.424418e-09	-3.110865e+01	-1.579633e+02
6.620000e-06	-5.810363e-06	-1.427359e-09	-3.129935e+01	-1.585975e+02
6.630000e-06	-5.845331e-06	-1.430828e-09	-3.148772e+01	-1.592205e+02
6.640000e-06	-5.879797e-06	-1.434688e-09	-3.167338e+01	-1.598324e+02
6.650000e-06	-5.913966e-06	-1.440548e-09	-3.185744e+01	-1.604336e+02
6.660000e-06	-5.947694e-06	-1.446421e-09	-3.203913e+01	-1.610245e+02
6.670000e-06	-5.980870e-06	-1.449094e-09	-3.221784e+01	-1.616052e+02
6.680000e-06	-6.013579e-06	-1.451607e-09	-3.239404e+01	-1.621762e+02
6.690000e-06	-6.045936e-06	-1.455841e-09	-3.256834e+01	-1.627379e+02
6.700000e-06	-6.078112e-06	-1.460981e-09	-3.274166e+01	-1.632905e+02
6.710000e-06	-6.110073e-06	-1.466232e-09	-3.291383e+01	-1.638344e+02
6.720000e-06	-6.141616e-06	-1.470575e-09	-3.308375e+01	-1.643700e+02
6.730000e-06	-6.172603e-06	-1.473825e-09	-3.325067e+01	-1.648977e+02
6.740000e-06	-6.202778e-06	-1.476482e-09	-3.341322e+01	-1.654179e+02
6.750000e-06	-6.232109e-06	-1.481164e-09	-3.357122e+01	-1.659310e+02
6.760000e-06	-6.260871e-06	-1.486123e-09	-3.372616e+01	-1.664373e+02
6.770000e-06	-6.289257e-06	-1.488619e-09	-3.387906e+01	-1.669374e+02
6.780000e-06	-6.317388e-06	-1.492344e-09	-3.403060e+01	-1.674315e+02
6.790000e-06	-6.345243e-06	-1.497824e-09	-3.418065e+01	-1.679200e+02
6.800000e-06	-6.372735e-06	-1.500198e-09	-3.432875e+01	-1.684033e+02
6.810000e-06	-6.399770e-06	-1.500617e-09	-3.447438e+01	-1.688817e+02
6.820000e-06	-6.426354e-06	-1.502706e-09	-3.461758e+01	-1.693554e+02
6.830000e-06	-6.452418e-06	-1.506095e-09	-3.475798e+01	-1.698248e+02
6.840000e-06	-6.477917e-06	-1.510578e-09	-3.489534e+01	-1.702900e+02
6.850000e-06	-6.502836e-06	-1.514616e-09	-3.502958e+01	-1.707512e+02
6.860000e-06	-6.527381e-06	-1.517472e-09	-3.516180e+01	-1.712084e+02
6.870000e-06	-6.551691e-06	-1.520450e-09	-3.529275e+01	-1.716616e+02
6.880000e-06	-6.575750e-06	-1.524815e-09	-3.542235e+01	-1.721109e+02
6.890000e-06	-6.599580e-06	-1.529477e-09	-3.555072e+01	-1.725562e+02
6.900000e-06	-6.622978e-06	-1.531575e-09	-3.567676e+01	-1.729972e+02
6.910000e-06	-6.645641e-06	-1.532132e-09	-3.579884e+01	-1.734337e+02
6.920000e-06	-6.667377e-06	-1.534891e-09	-3.591593e+01	-1.738654e+02
6.930000e-06	-6.688472e-06	-1.539221e-09	-3.602956e+01	-1.742919e+02
6.940000e-06	-6.709124e-06	-1.542719e-09	-3.614081e+01	-1.747128e+02
6.950000e-06	-6.729366e-06	-1.544849e-09	-3.624985e+01	-1.751276e+02
6.960000e-06	-6.749305e-06	-1.547321e-09	-3.635726e+01	-1.755358e+02
6.970000e-06	-6.768780e-06	-1.551630e-09	-3.646216e+01	-1.759367e+02
6.980000e-06	-6.787760e-06	-1.555900e-09	-3.656441e+01	-1.763296e+02
6.990000e-06	-6.806305e-06	-1.558024e-09	-3.666431e+01	-1.767141e+02
7.000000e-06	-6.824375e-06	-1.559573e-09	-3.676165e+01	-1.770893e+02
7.010000e-06	-6.841969e-06	-1.562260e-09	-3.685642e+01	-1.774546e+02
7.020000e-06	-6.859016e-06	-1.565106e-09	-3.694825e+01	-1.778093e+02
7.030000e-06	-6.875598e-06	-1.568427e-09	-3.703758e+01	-1.781528e+02
7.040000e-06	-6.891874e-06	-1.571496e-09	-3.712525e+01	-1.784843e+02
7.050000e-06	-6.907837e-06	-1.574464e-09	-3.721124e+01	-1.788033e+02
7.060000e-06	-6.923426e-06	-1.578841e-09	-3.729521e+01	-1.791092e+02
7.070000e-06	-6.938420e-06	-1.583247e-09	-3.737599e+01	-1.794015e+02
7.080000e-06	-6.952522e-06	-1.585704e-09	-3.745195e+01	-1.796798e+02
7.090000e-06	-6.965799e-06	-1.587367e-09	-3.752347e+01	-1.799436e+02
7.100000e-06	-6.978442e-06	-1.588354e-09	-3.759158e+01	-1.801927e+02
7.110000e-06	-6.990588e-06	-1.589098e-09	-3.765700e+01	-1.804268e+02
7.120000e-06	-7.002270e-06	-1.591179e-09	-3.771993e+01	-1.806457e+02
7.130000e-06	-7.013373e-06	-1.593985e-09	-3.777975e+01	-1.808495e+02
7.140000e-06	-7.023964e-06	-1.595246e-09	-3.783680e+01	-1.810382e+02
7.150000e-06	-7.034129e-06	-1.594546e-09	-3.789155e+01	-1.812118e+02
7.160000e-06	-7.043817e-06	-1.594498e-09	-3.794374e+01	-1.813706e+02
7.170000e-06	-7.052965e-06	-1.596287e-09	-3.799302e+01	-1.815149e+02
7.180000e-06	-7.061656e-06	-1.597726e-09	-3.803984e+01	-1.816451e+02
7.190000e-06	-7.070022e-06	-1.597853e-09	-3.808490e+01	-1.817614e+02
7.200000e-06	-7.078142e-06	-1.598590e-09	-3.812864e+01	-1.818646e+02
7.210000e-06	-7.085904e-06	-1.599551e-09	-3.817045e+01	-1.819550e+02
7.220000e-06	-7.092973e-06	-1.598496e-09	-3.820853e+01	-1.820333e+02
7.230000e-06	-7.099149e-06	-1.596448e-09	-3.824180e+01	-1.821002e+02
7.240000e-06	-7.104427e-06	-1.594686e-09	-3.827023e+01	-1.821562e+02
7.250000e-06	-7.109139e-06	-1.593649e-09	-3.829562e+01	-1.822020e+02
7.260000e-06	-7.113550e-06	-1.594526e-09	-3.831938e+01	-1.822384e+02
7.270000e-06	-7.117579e-06	-1.594703e-09	-3.834108e+01	-1.822660e+02
7.280000e-06	-7.121137e-06	-1.593421e-09	-3.836025e+01	-1.822853e+02
7.290000e-06	-7.124227e-06	-1.592055e-09	-3.837690e+01	-1.822972e+02
7.300000e-06	-7.126886e-06	-1.591164e-09	-3.839122e+01	-1.823021e+02
7.310000e-06	-7.129167e-06	-1.589649e-09	-3.840350e+01	-1.823007e+02
7.320000e-06	-7.131001e-06	-1.588394e-09	-3.841339e+01	-1.822934e+02
7.330000e-06	-7.132247e-06	-1.589014e-09	-3.842010e+01	-1.822808e+02
7.340000e-06	-7.133054e-06	-1.590213e-09	-3.842444e+01	-1.822632e+02
