# Temperatura_=_20.0
# Concentracion g/m^3_=_7400.0
# C_Vs_to_Am_M_A/Vsm_=_116720831517.84952
# pendiente_HvsI_1/m_=_3716.3
# ordenada_HvsI_A/m_=_1297.0
# frecuencia_Hz_=_136118.71573019619

Tiempo_(s)	Campo_(V.s)	Magnetizacion_(V.s)	Campo_(kA/m)	Magnetizacion_(A/m)
0.000000e+00	-7.111084e-06	-1.653477e-09	-3.842853e+01	-1.910210e+02
1.000000e-08	-7.111235e-06	-1.652157e-09	-3.842934e+01	-1.910522e+02
2.000000e-08	-7.111109e-06	-1.652058e-09	-3.842866e+01	-1.910758e+02
3.000000e-08	-7.110322e-06	-1.651380e-09	-3.842441e+01	-1.910916e+02
4.000000e-08	-7.108721e-06	-1.649383e-09	-3.841575e+01	-1.910996e+02
5.000000e-08	-7.106402e-06	-1.647307e-09	-3.840323e+01	-1.910995e+02
6.000000e-08	-7.103430e-06	-1.646179e-09	-3.838716e+01	-1.910913e+02
7.000000e-08	-7.100008e-06	-1.647618e-09	-3.836867e+01	-1.910749e+02
8.000000e-08	-7.096222e-06	-1.651777e-09	-3.834821e+01	-1.910501e+02
9.000000e-08	-7.091888e-06	-1.647318e-09	-3.832479e+01	-1.910169e+02
1.000000e-07	-7.086790e-06	-1.615217e-09	-3.829724e+01	-1.909752e+02
1.100000e-07	-7.080984e-06	-1.594141e-09	-3.826586e+01	-1.909249e+02
1.200000e-07	-7.074965e-06	-1.654249e-09	-3.823334e+01	-1.908661e+02
1.300000e-07	-7.068881e-06	-1.715159e-09	-3.820046e+01	-1.907987e+02
1.400000e-07	-7.062151e-06	-1.645923e-09	-3.816409e+01	-1.907228e+02
1.500000e-07	-7.054708e-06	-1.560500e-09	-3.812386e+01	-1.906385e+02
1.600000e-07	-7.046962e-06	-1.638534e-09	-3.808200e+01	-1.905459e+02
1.700000e-07	-7.038974e-06	-1.727597e-09	-3.803884e+01	-1.904453e+02
1.800000e-07	-7.030432e-06	-1.614796e-09	-3.799268e+01	-1.903369e+02
1.900000e-07	-7.021066e-06	-1.508462e-09	-3.794206e+01	-1.902208e+02
2.000000e-07	-7.011096e-06	-1.641961e-09	-3.788819e+01	-1.900976e+02
2.100000e-07	-7.000606e-06	-1.757090e-09	-3.783150e+01	-1.899673e+02
2.200000e-07	-6.989534e-06	-1.615481e-09	-3.777166e+01	-1.898305e+02
2.300000e-07	-6.977812e-06	-1.510956e-09	-3.770832e+01	-1.896875e+02
2.400000e-07	-6.965515e-06	-1.638185e-09	-3.764186e+01	-1.895386e+02
2.500000e-07	-6.952661e-06	-1.697126e-09	-3.757240e+01	-1.893843e+02
2.600000e-07	-6.939241e-06	-1.573371e-09	-3.749988e+01	-1.892250e+02
2.700000e-07	-6.925313e-06	-1.561272e-09	-3.742461e+01	-1.890609e+02
2.800000e-07	-6.910888e-06	-1.667261e-09	-3.734666e+01	-1.888925e+02
2.900000e-07	-6.895472e-06	-1.629357e-09	-3.726335e+01	-1.887200e+02
3.000000e-07	-6.879067e-06	-1.547225e-09	-3.717470e+01	-1.885438e+02
3.100000e-07	-6.862395e-06	-1.610824e-09	-3.708460e+01	-1.883640e+02
3.200000e-07	-6.845479e-06	-1.636278e-09	-3.699319e+01	-1.881808e+02
3.300000e-07	-6.828102e-06	-1.541130e-09	-3.689928e+01	-1.879943e+02
3.400000e-07	-6.810373e-06	-1.572470e-09	-3.680347e+01	-1.878047e+02
3.500000e-07	-6.792294e-06	-1.671569e-09	-3.670577e+01	-1.876118e+02
3.600000e-07	-6.773607e-06	-1.587028e-09	-3.660479e+01	-1.874157e+02
3.700000e-07	-6.754353e-06	-1.496998e-09	-3.650074e+01	-1.872161e+02
3.800000e-07	-6.734766e-06	-1.598321e-09	-3.639489e+01	-1.870129e+02
3.900000e-07	-6.714863e-06	-1.636220e-09	-3.628733e+01	-1.868058e+02
4.000000e-07	-6.694473e-06	-1.527689e-09	-3.617715e+01	-1.865946e+02
4.100000e-07	-6.673624e-06	-1.541950e-09	-3.606448e+01	-1.863788e+02
4.200000e-07	-6.652392e-06	-1.629909e-09	-3.594974e+01	-1.861581e+02
4.300000e-07	-6.630641e-06	-1.573642e-09	-3.583220e+01	-1.859321e+02
4.400000e-07	-6.608361e-06	-1.523855e-09	-3.571180e+01	-1.857003e+02
4.500000e-07	-6.585564e-06	-1.586516e-09	-3.558860e+01	-1.854623e+02
4.600000e-07	-6.562261e-06	-1.574290e-09	-3.546267e+01	-1.852176e+02
4.700000e-07	-6.538640e-06	-1.517740e-09	-3.533502e+01	-1.849658e+02
4.800000e-07	-6.514780e-06	-1.568679e-09	-3.520608e+01	-1.847065e+02
4.900000e-07	-6.490531e-06	-1.591032e-09	-3.507504e+01	-1.844392e+02
5.000000e-07	-6.465636e-06	-1.517060e-09	-3.494050e+01	-1.841637e+02
5.100000e-07	-6.439854e-06	-1.521402e-09	-3.480117e+01	-1.838796e+02
5.200000e-07	-6.413234e-06	-1.572777e-09	-3.465732e+01	-1.835867e+02
5.300000e-07	-6.386095e-06	-1.534716e-09	-3.451066e+01	-1.832847e+02
5.400000e-07	-6.358621e-06	-1.507450e-09	-3.436219e+01	-1.829737e+02
5.500000e-07	-6.330818e-06	-1.547080e-09	-3.421194e+01	-1.826535e+02
5.600000e-07	-6.302659e-06	-1.538862e-09	-3.405977e+01	-1.823241e+02
5.700000e-07	-6.274200e-06	-1.505530e-09	-3.390597e+01	-1.819856e+02
5.800000e-07	-6.245345e-06	-1.523596e-09	-3.375005e+01	-1.816382e+02
5.900000e-07	-6.215969e-06	-1.526851e-09	-3.359130e+01	-1.812820e+02
6.000000e-07	-6.186176e-06	-1.497757e-09	-3.343029e+01	-1.809173e+02
6.100000e-07	-6.156013e-06	-1.504960e-09	-3.326729e+01	-1.805444e+02
6.200000e-07	-6.125528e-06	-1.518787e-09	-3.310255e+01	-1.801635e+02
6.300000e-07	-6.094627e-06	-1.498848e-09	-3.293556e+01	-1.797752e+02
6.400000e-07	-6.063278e-06	-1.489689e-09	-3.276615e+01	-1.793796e+02
6.500000e-07	-6.031636e-06	-1.497171e-09	-3.259515e+01	-1.789773e+02
6.600000e-07	-5.999709e-06	-1.488805e-09	-3.242262e+01	-1.785685e+02
6.700000e-07	-5.967430e-06	-1.481058e-09	-3.224818e+01	-1.781535e+02
6.800000e-07	-5.934503e-06	-1.484763e-09	-3.207025e+01	-1.777327e+02
6.900000e-07	-5.900650e-06	-1.479681e-09	-3.188730e+01	-1.773063e+02
7.000000e-07	-5.866008e-06	-1.469381e-09	-3.170009e+01	-1.768745e+02
7.100000e-07	-5.830800e-06	-1.465407e-09	-3.150983e+01	-1.764374e+02
7.200000e-07	-5.795270e-06	-1.462060e-09	-3.131782e+01	-1.759951e+02
7.300000e-07	-5.759604e-06	-1.456704e-09	-3.112508e+01	-1.755476e+02
7.400000e-07	-5.723753e-06	-1.452283e-09	-3.093134e+01	-1.750946e+02
7.500000e-07	-5.687708e-06	-1.448843e-09	-3.073655e+01	-1.746362e+02
7.600000e-07	-5.651257e-06	-1.446523e-09	-3.053957e+01	-1.741719e+02
7.700000e-07	-5.614262e-06	-1.443328e-09	-3.033965e+01	-1.737014e+02
7.800000e-07	-5.576845e-06	-1.436371e-09	-3.013745e+01	-1.732243e+02
7.900000e-07	-5.539005e-06	-1.427433e-09	-2.993296e+01	-1.727400e+02
8.000000e-07	-5.500744e-06	-1.420757e-09	-2.972619e+01	-1.722481e+02
8.100000e-07	-5.461877e-06	-1.416541e-09	-2.951616e+01	-1.717478e+02
8.200000e-07	-5.422507e-06	-1.413346e-09	-2.930340e+01	-1.712386e+02
8.300000e-07	-5.382971e-06	-1.408855e-09	-2.908975e+01	-1.707197e+02
8.400000e-07	-5.343335e-06	-1.402353e-09	-2.887555e+01	-1.701903e+02
8.500000e-07	-5.303449e-06	-1.395925e-09	-2.866001e+01	-1.696500e+02
8.600000e-07	-5.263137e-06	-1.390831e-09	-2.844216e+01	-1.690978e+02
8.700000e-07	-5.222482e-06	-1.385279e-09	-2.822246e+01	-1.685332e+02
8.800000e-07	-5.181341e-06	-1.378341e-09	-2.800013e+01	-1.679555e+02
8.900000e-07	-5.139580e-06	-1.370581e-09	-2.777445e+01	-1.673643e+02
9.000000e-07	-5.097231e-06	-1.363195e-09	-2.754560e+01	-1.667589e+02
9.100000e-07	-5.054268e-06	-1.357391e-09	-2.731343e+01	-1.661391e+02
9.200000e-07	-5.010871e-06	-1.352155e-09	-2.707891e+01	-1.655044e+02
9.300000e-07	-4.967255e-06	-1.346076e-09	-2.684320e+01	-1.648547e+02
9.400000e-07	-4.923477e-06	-1.339933e-09	-2.660663e+01	-1.641898e+02
9.500000e-07	-4.879361e-06	-1.334596e-09	-2.636822e+01	-1.635098e+02
9.600000e-07	-4.834907e-06	-1.328910e-09	-2.612799e+01	-1.628146e+02
9.700000e-07	-4.790199e-06	-1.321646e-09	-2.588639e+01	-1.621046e+02
9.800000e-07	-4.745060e-06	-1.313680e-09	-2.564245e+01	-1.613800e+02
9.900000e-07	-4.699553e-06	-1.306491e-09	-2.539653e+01	-1.606412e+02
1.000000e-06	-4.653780e-06	-1.300561e-09	-2.514917e+01	-1.598886e+02
1.010000e-06	-4.607653e-06	-1.295504e-09	-2.489991e+01	-1.591228e+02
1.020000e-06	-4.561211e-06	-1.289760e-09	-2.464893e+01	-1.583443e+02
1.030000e-06	-4.514453e-06	-1.282593e-09	-2.439625e+01	-1.575538e+02
1.040000e-06	-4.467323e-06	-1.275437e-09	-2.414155e+01	-1.567519e+02
1.050000e-06	-4.419913e-06	-1.270007e-09	-2.388535e+01	-1.559393e+02
1.060000e-06	-4.372272e-06	-1.264494e-09	-2.362790e+01	-1.551165e+02
1.070000e-06	-4.324374e-06	-1.257764e-09	-2.336906e+01	-1.542843e+02
1.080000e-06	-4.276314e-06	-1.250426e-09	-2.310934e+01	-1.534432e+02
1.090000e-06	-4.227913e-06	-1.242590e-09	-2.284778e+01	-1.525936e+02
1.100000e-06	-4.179029e-06	-1.235190e-09	-2.258360e+01	-1.517361e+02
1.110000e-06	-4.129780e-06	-1.227996e-09	-2.231746e+01	-1.508709e+02
1.120000e-06	-4.080048e-06	-1.219908e-09	-2.204871e+01	-1.499984e+02
1.130000e-06	-4.029619e-06	-1.212259e-09	-2.177619e+01	-1.491186e+02
1.140000e-06	-3.978608e-06	-1.205739e-09	-2.150053e+01	-1.482315e+02
1.150000e-06	-3.927397e-06	-1.200082e-09	-2.122378e+01	-1.473371e+02
1.160000e-06	-3.875987e-06	-1.193656e-09	-2.094596e+01	-1.464352e+02
1.170000e-06	-3.824285e-06	-1.185278e-09	-2.066656e+01	-1.455255e+02
1.180000e-06	-3.772356e-06	-1.176921e-09	-2.038593e+01	-1.446074e+02
1.190000e-06	-3.720155e-06	-1.169466e-09	-2.010384e+01	-1.436804e+02
1.200000e-06	-3.667545e-06	-1.162070e-09	-1.981953e+01	-1.427440e+02
1.210000e-06	-3.614635e-06	-1.154484e-09	-1.953360e+01	-1.417973e+02
1.220000e-06	-3.561585e-06	-1.146300e-09	-1.924692e+01	-1.408397e+02
1.230000e-06	-3.508271e-06	-1.137675e-09	-1.895881e+01	-1.398702e+02
1.240000e-06	-3.454681e-06	-1.129619e-09	-1.866921e+01	-1.388880e+02
1.250000e-06	-3.400862e-06	-1.122842e-09	-1.837837e+01	-1.378922e+02
1.260000e-06	-3.346832e-06	-1.115842e-09	-1.808639e+01	-1.368820e+02
1.270000e-06	-3.292518e-06	-1.106140e-09	-1.779287e+01	-1.358565e+02
1.280000e-06	-3.237932e-06	-1.095375e-09	-1.749789e+01	-1.348148e+02
1.290000e-06	-3.183163e-06	-1.086384e-09	-1.720192e+01	-1.337562e+02
1.300000e-06	-3.128124e-06	-1.078333e-09	-1.690448e+01	-1.326802e+02
1.310000e-06	-3.072912e-06	-1.069301e-09	-1.660611e+01	-1.315859e+02
1.320000e-06	-3.017622e-06	-1.059879e-09	-1.630733e+01	-1.304731e+02
1.330000e-06	-2.962201e-06	-1.050206e-09	-1.600783e+01	-1.293412e+02
1.340000e-06	-2.906592e-06	-1.039669e-09	-1.570732e+01	-1.281901e+02
1.350000e-06	-2.850810e-06	-1.029297e-09	-1.540587e+01	-1.270195e+02
1.360000e-06	-2.794977e-06	-1.019305e-09	-1.510414e+01	-1.258296e+02
1.370000e-06	-2.739142e-06	-1.009074e-09	-1.480241e+01	-1.246203e+02
1.380000e-06	-2.683217e-06	-9.993118e-10	-1.450019e+01	-1.233919e+02
1.390000e-06	-2.627063e-06	-9.895079e-10	-1.419673e+01	-1.221446e+02
1.400000e-06	-2.570623e-06	-9.793632e-10	-1.389173e+01	-1.208789e+02
1.410000e-06	-2.513907e-06	-9.685911e-10	-1.358523e+01	-1.195951e+02
1.420000e-06	-2.456973e-06	-9.577700e-10	-1.327756e+01	-1.182938e+02
1.430000e-06	-2.399711e-06	-9.480853e-10	-1.296812e+01	-1.169754e+02
1.440000e-06	-2.342072e-06	-9.383273e-10	-1.265663e+01	-1.156405e+02
1.450000e-06	-2.284053e-06	-9.273608e-10	-1.234310e+01	-1.142896e+02
1.460000e-06	-2.225719e-06	-9.153650e-10	-1.202786e+01	-1.129231e+02
1.470000e-06	-2.167207e-06	-9.032513e-10	-1.171166e+01	-1.115414e+02
1.480000e-06	-2.108431e-06	-8.916004e-10	-1.139403e+01	-1.101447e+02
1.490000e-06	-2.049477e-06	-8.801209e-10	-1.107544e+01	-1.087333e+02
1.500000e-06	-1.990407e-06	-8.684696e-10	-1.075622e+01	-1.073070e+02
1.510000e-06	-1.931214e-06	-8.562796e-10	-1.043634e+01	-1.058657e+02
1.520000e-06	-1.871891e-06	-8.440007e-10	-1.011576e+01	-1.044092e+02
1.530000e-06	-1.812423e-06	-8.325963e-10	-9.794394e+00	-1.029368e+02
1.540000e-06	-1.752915e-06	-8.212927e-10	-9.472810e+00	-1.014478e+02
1.550000e-06	-1.693353e-06	-8.088987e-10	-9.150933e+00	-9.994125e+01
1.560000e-06	-1.633716e-06	-7.955112e-10	-8.828656e+00	-9.841598e+01
1.570000e-06	-1.574023e-06	-7.824312e-10	-8.506073e+00	-9.687059e+01
1.580000e-06	-1.514260e-06	-7.698438e-10	-8.183111e+00	-9.530349e+01
1.590000e-06	-1.454366e-06	-7.566648e-10	-7.859438e+00	-9.371289e+01
1.600000e-06	-1.394357e-06	-7.430354e-10	-7.535148e+00	-9.209682e+01
1.610000e-06	-1.334310e-06	-7.298276e-10	-7.210656e+00	-9.045316e+01
1.620000e-06	-1.274303e-06	-7.165253e-10	-6.886374e+00	-8.877963e+01
1.630000e-06	-1.214321e-06	-7.029645e-10	-6.562230e+00	-8.707386e+01
1.640000e-06	-1.154189e-06	-6.891379e-10	-6.237272e+00	-8.533341e+01
1.650000e-06	-1.093833e-06	-6.747417e-10	-5.911111e+00	-8.355577e+01
1.660000e-06	-1.033399e-06	-6.605807e-10	-5.584520e+00	-8.173846e+01
1.670000e-06	-9.730125e-07	-6.468531e-10	-5.258191e+00	-7.987900e+01
1.680000e-06	-9.125857e-07	-6.327651e-10	-4.931642e+00	-7.797500e+01
1.690000e-06	-8.520722e-07	-6.171008e-10	-4.604625e+00	-7.602415e+01
1.700000e-06	-7.914631e-07	-6.011811e-10	-4.277092e+00	-7.402433e+01
1.710000e-06	-7.307302e-07	-5.865561e-10	-3.948889e+00	-7.197357e+01
1.720000e-06	-6.700369e-07	-5.718034e-10	-3.620901e+00	-6.987015e+01
1.730000e-06	-6.094178e-07	-5.559122e-10	-3.293313e+00	-6.771257e+01
1.740000e-06	-5.487131e-07	-5.393079e-10	-2.965263e+00	-6.549965e+01
1.750000e-06	-4.878858e-07	-5.218079e-10	-2.636550e+00	-6.323051e+01
1.760000e-06	-4.270573e-07	-5.035129e-10	-2.307831e+00	-6.090462e+01
1.770000e-06	-3.661420e-07	-4.851029e-10	-1.978643e+00	-5.852178e+01
1.780000e-06	-3.051106e-07	-4.657880e-10	-1.648828e+00	-5.608218e+01
1.790000e-06	-2.441694e-07	-4.453650e-10	-1.319499e+00	-5.358641e+01
1.800000e-06	-1.832874e-07	-4.248884e-10	-9.904911e-01	-5.103540e+01
1.810000e-06	-1.224016e-07	-4.041705e-10	-6.614620e-01	-4.843052e+01
1.820000e-06	-6.153731e-08	-3.826542e-10	-3.325496e-01	-4.577346e+01
1.830000e-06	-6.351045e-10	-3.595074e-10	-3.432125e-03	-4.306634e+01
1.840000e-06	6.041136e-08	-3.347475e-10	3.264649e-01	-4.031158e+01
1.850000e-06	1.214754e-07	-3.105826e-10	6.564569e-01	-3.751198e+01
1.860000e-06	1.824151e-07	-2.872054e-10	9.857768e-01	-3.467061e+01
1.870000e-06	2.434179e-07	-2.631421e-10	1.315438e+00	-3.179084e+01
1.880000e-06	3.045441e-07	-2.375051e-10	1.645766e+00	-2.887628e+01
1.890000e-06	3.656112e-07	-2.115883e-10	1.975774e+00	-2.593078e+01
1.900000e-06	4.265705e-07	-1.862522e-10	2.305200e+00	-2.295833e+01
1.910000e-06	4.875021e-07	-1.601453e-10	2.634477e+00	-1.996309e+01
1.920000e-06	5.484182e-07	-1.339213e-10	2.963670e+00	-1.694930e+01
1.930000e-06	6.092133e-07	-1.085073e-10	3.292208e+00	-1.392127e+01
1.940000e-06	6.698690e-07	-8.300641e-11	3.619994e+00	-1.088335e+01
1.950000e-06	7.305255e-07	-5.661854e-11	3.947783e+00	-7.839833e+00
1.960000e-06	7.912141e-07	-2.985926e-11	4.275746e+00	-4.794988e+00
1.970000e-06	8.518103e-07	-3.542667e-12	4.603210e+00	-1.752982e+00
1.980000e-06	9.123318e-07	2.171215e-11	4.930270e+00	1.282142e+00
1.990000e-06	9.727865e-07	4.599515e-11	5.256969e+00	4.306496e+00
2.000000e-06	1.033195e-06	7.047233e-11	5.583418e+00	7.316373e+00
2.010000e-06	1.093563e-06	9.542884e-11	5.909651e+00	1.030828e+01
2.020000e-06	1.153830e-06	1.204755e-10	6.235336e+00	1.327894e+01
2.030000e-06	1.214031e-06	1.457007e-10	6.560663e+00	1.622533e+01
2.040000e-06	1.274194e-06	1.698744e-10	6.885784e+00	1.914469e+01
2.050000e-06	1.334278e-06	1.931107e-10	7.210478e+00	2.203453e+01
2.060000e-06	1.394277e-06	2.164026e-10	7.534716e+00	2.489262e+01
2.070000e-06	1.454184e-06	2.392896e-10	7.858459e+00	2.771703e+01
2.080000e-06	1.513990e-06	2.613423e-10	8.181652e+00	3.050609e+01
2.090000e-06	1.573723e-06	2.828532e-10	8.504451e+00	3.325841e+01
2.100000e-06	1.633350e-06	3.046078e-10	8.826674e+00	3.597286e+01
2.110000e-06	1.692903e-06	3.269796e-10	9.148502e+00	3.864858e+01
2.120000e-06	1.752459e-06	3.491256e-10	9.470344e+00	4.128493e+01
2.130000e-06	1.811966e-06	3.694908e-10	9.791923e+00	4.388152e+01
2.140000e-06	1.871356e-06	3.888375e-10	1.011287e+01	4.643817e+01
2.150000e-06	1.930656e-06	4.079905e-10	1.043333e+01	4.895488e+01
2.160000e-06	1.989808e-06	4.284007e-10	1.075298e+01	5.143185e+01
2.170000e-06	2.048897e-06	4.500530e-10	1.107230e+01	5.386944e+01
2.180000e-06	2.107907e-06	4.705000e-10	1.139120e+01	5.626811e+01
2.190000e-06	2.166710e-06	4.892387e-10	1.170897e+01	5.862850e+01
2.200000e-06	2.225172e-06	5.076698e-10	1.202490e+01	6.095131e+01
2.210000e-06	2.283181e-06	5.261670e-10	1.233838e+01	6.323733e+01
2.220000e-06	2.340843e-06	5.437660e-10	1.264999e+01	6.548745e+01
2.230000e-06	2.398310e-06	5.606836e-10	1.296055e+01	6.770256e+01
2.240000e-06	2.455588e-06	5.783773e-10	1.327008e+01	6.988362e+01
2.250000e-06	2.512601e-06	5.970845e-10	1.357818e+01	7.203160e+01
2.260000e-06	2.569307e-06	6.148984e-10	1.388462e+01	7.414748e+01
2.270000e-06	2.625771e-06	6.308433e-10	1.418975e+01	7.623224e+01
2.280000e-06	2.682131e-06	6.454151e-10	1.449432e+01	7.828684e+01
2.290000e-06	2.738214e-06	6.595160e-10	1.479740e+01	8.031221e+01
2.300000e-06	2.793956e-06	6.741174e-10	1.509863e+01	8.230927e+01
2.310000e-06	2.849596e-06	6.905282e-10	1.539931e+01	8.427889e+01
2.320000e-06	2.905179e-06	7.080628e-10	1.569968e+01	8.622190e+01
2.330000e-06	2.960612e-06	7.247821e-10	1.599924e+01	8.813908e+01
2.340000e-06	3.015882e-06	7.402517e-10	1.629792e+01	9.003116e+01
2.350000e-06	3.070946e-06	7.544983e-10	1.659549e+01	9.189884e+01
2.360000e-06	3.125815e-06	7.670072e-10	1.689200e+01	9.374273e+01
2.370000e-06	3.180452e-06	7.785660e-10	1.718726e+01	9.556341e+01
2.380000e-06	3.234869e-06	7.908379e-10	1.748133e+01	9.736140e+01
2.390000e-06	3.289078e-06	8.039688e-10	1.777428e+01	9.913716e+01
2.400000e-06	3.343088e-06	8.191099e-10	1.806616e+01	1.008911e+02
2.410000e-06	3.396908e-06	8.352230e-10	1.835700e+01	1.026236e+02
2.420000e-06	3.450518e-06	8.494685e-10	1.864671e+01	1.043349e+02
2.430000e-06	3.503921e-06	8.625244e-10	1.893530e+01	1.060252e+02
2.440000e-06	3.556969e-06	8.756875e-10	1.922198e+01	1.076949e+02
2.450000e-06	3.609696e-06	8.890744e-10	1.950691e+01	1.093440e+02
2.460000e-06	3.662148e-06	9.019649e-10	1.979036e+01	1.109726e+02
2.470000e-06	3.714257e-06	9.140280e-10	2.007196e+01	1.125808e+02
2.480000e-06	3.766152e-06	9.255428e-10	2.035241e+01	1.141686e+02
2.490000e-06	3.817796e-06	9.375598e-10	2.063149e+01	1.157360e+02
2.500000e-06	3.869011e-06	9.499675e-10	2.090826e+01	1.172829e+02
2.510000e-06	3.920008e-06	9.619265e-10	2.118385e+01	1.188093e+02
2.520000e-06	3.970729e-06	9.738414e-10	2.145795e+01	1.203150e+02
2.530000e-06	4.020974e-06	9.859556e-10	2.172947e+01	1.217998e+02
2.540000e-06	4.070733e-06	9.980380e-10	2.199837e+01	1.232636e+02
2.550000e-06	4.119965e-06	1.009634e-09	2.226442e+01	1.247063e+02
2.560000e-06	4.168919e-06	1.020946e-09	2.252897e+01	1.261275e+02
2.570000e-06	4.217495e-06	1.030747e-09	2.279148e+01	1.275272e+02
2.580000e-06	4.265577e-06	1.039577e-09	2.305131e+01	1.289050e+02
2.590000e-06	4.313407e-06	1.049720e-09	2.330979e+01	1.302608e+02
2.600000e-06	4.361074e-06	1.061179e-09	2.356738e+01	1.315945e+02
2.610000e-06	4.408494e-06	1.072813e-09	2.382364e+01	1.329057e+02
2.620000e-06	4.455557e-06	1.083324e-09	2.407797e+01	1.341944e+02
2.630000e-06	4.502361e-06	1.092714e-09	2.433090e+01	1.354604e+02
2.640000e-06	4.548734e-06	1.102421e-09	2.458150e+01	1.367035e+02
2.650000e-06	4.594820e-06	1.112327e-09	2.483055e+01	1.379238e+02
2.660000e-06	4.640738e-06	1.120963e-09	2.507870e+01	1.391212e+02
2.670000e-06	4.686275e-06	1.128293e-09	2.532478e+01	1.402956e+02
2.680000e-06	4.731567e-06	1.136148e-09	2.556954e+01	1.414471e+02
2.690000e-06	4.776522e-06	1.145782e-09	2.581248e+01	1.425759e+02
2.700000e-06	4.821079e-06	1.155047e-09	2.605327e+01	1.436820e+02
2.710000e-06	4.865380e-06	1.163233e-09	2.629267e+01	1.447656e+02
2.720000e-06	4.909405e-06	1.171864e-09	2.653058e+01	1.458270e+02
2.730000e-06	4.953165e-06	1.181229e-09	2.676706e+01	1.468665e+02
2.740000e-06	4.996743e-06	1.190925e-09	2.700256e+01	1.478844e+02
2.750000e-06	5.040132e-06	1.199525e-09	2.723703e+01	1.488811e+02
2.760000e-06	5.083221e-06	1.206958e-09	2.746989e+01	1.498570e+02
2.770000e-06	5.125785e-06	1.214102e-09	2.769990e+01	1.508126e+02
2.780000e-06	5.167543e-06	1.222354e-09	2.792557e+01	1.517484e+02
2.790000e-06	5.208588e-06	1.231663e-09	2.814737e+01	1.526650e+02
2.800000e-06	5.249093e-06	1.240029e-09	2.836627e+01	1.535628e+02
2.810000e-06	5.289155e-06	1.247968e-09	2.858276e+01	1.544425e+02
2.820000e-06	5.329010e-06	1.255739e-09	2.879814e+01	1.553047e+02
2.830000e-06	5.368713e-06	1.263403e-09	2.901270e+01	1.561499e+02
2.840000e-06	5.408240e-06	1.270875e-09	2.922630e+01	1.569788e+02
2.850000e-06	5.447498e-06	1.277368e-09	2.943845e+01	1.577919e+02
2.860000e-06	5.486294e-06	1.282820e-09	2.964811e+01	1.585900e+02
2.870000e-06	5.524521e-06	1.288363e-09	2.985469e+01	1.593734e+02
2.880000e-06	5.562379e-06	1.295310e-09	3.005927e+01	1.601429e+02
2.890000e-06	5.599899e-06	1.302830e-09	3.026203e+01	1.608989e+02
2.900000e-06	5.636926e-06	1.309521e-09	3.046213e+01	1.616419e+02
2.910000e-06	5.673489e-06	1.315592e-09	3.065972e+01	1.623725e+02
2.920000e-06	5.709679e-06	1.322552e-09	3.085529e+01	1.630910e+02
2.930000e-06	5.745598e-06	1.330755e-09	3.104939e+01	1.637980e+02
2.940000e-06	5.781253e-06	1.338275e-09	3.124207e+01	1.644937e+02
2.950000e-06	5.816650e-06	1.343683e-09	3.143336e+01	1.651785e+02
2.960000e-06	5.851681e-06	1.348362e-09	3.162267e+01	1.658528e+02
2.970000e-06	5.886244e-06	1.354501e-09	3.180945e+01	1.665168e+02
2.980000e-06	5.920146e-06	1.361603e-09	3.199266e+01	1.671708e+02
2.990000e-06	5.953243e-06	1.367601e-09	3.217151e+01	1.678150e+02
3.000000e-06	5.985678e-06	1.372901e-09	3.234680e+01	1.684496e+02
3.010000e-06	6.017680e-06	1.378788e-09	3.251973e+01	1.690748e+02
3.020000e-06	6.049453e-06	1.385122e-09	3.269144e+01	1.696908e+02
3.030000e-06	6.080933e-06	1.391963e-09	3.286156e+01	1.702977e+02
3.040000e-06	6.112060e-06	1.398527e-09	3.302977e+01	1.708956e+02
3.050000e-06	6.142789e-06	1.403772e-09	3.319583e+01	1.714846e+02
3.060000e-06	6.172948e-06	1.409721e-09	3.335881e+01	1.720650e+02
3.070000e-06	6.202596e-06	1.416229e-09	3.351902e+01	1.726367e+02
3.080000e-06	6.231868e-06	1.420875e-09	3.367721e+01	1.731999e+02
3.090000e-06	6.260764e-06	1.425065e-09	3.383337e+01	1.737548e+02
3.100000e-06	6.289281e-06	1.430408e-09	3.398747e+01	1.743013e+02
3.110000e-06	6.317441e-06	1.436583e-09	3.413965e+01	1.748396e+02
3.120000e-06	6.345320e-06	1.442457e-09	3.429031e+01	1.753699e+02
3.130000e-06	6.372962e-06	1.447592e-09	3.443969e+01	1.758921e+02
3.140000e-06	6.400249e-06	1.452580e-09	3.458715e+01	1.764065e+02
3.150000e-06	6.426906e-06	1.456956e-09	3.473120e+01	1.769131e+02
3.160000e-06	6.452892e-06	1.461541e-09	3.487163e+01	1.774119e+02
3.170000e-06	6.478307e-06	1.466784e-09	3.500898e+01	1.779032e+02
3.180000e-06	6.503061e-06	1.472014e-09	3.514275e+01	1.783869e+02
3.190000e-06	6.527124e-06	1.476193e-09	3.527279e+01	1.788631e+02
3.200000e-06	6.550681e-06	1.479689e-09	3.540009e+01	1.793318e+02
3.210000e-06	6.573860e-06	1.484479e-09	3.552535e+01	1.797931e+02
3.220000e-06	6.596600e-06	1.489606e-09	3.564824e+01	1.802470e+02
3.230000e-06	6.618950e-06	1.494196e-09	3.576901e+01	1.806934e+02
3.240000e-06	6.640950e-06	1.498885e-09	3.588791e+01	1.811322e+02
3.250000e-06	6.662562e-06	1.503302e-09	3.600470e+01	1.815636e+02
3.260000e-06	6.683671e-06	1.507675e-09	3.611877e+01	1.819872e+02
3.270000e-06	6.704223e-06	1.511701e-09	3.622983e+01	1.824030e+02
3.280000e-06	6.724335e-06	1.515044e-09	3.633852e+01	1.828109e+02
3.290000e-06	6.744116e-06	1.518458e-09	3.644542e+01	1.832107e+02
3.300000e-06	6.763665e-06	1.522520e-09	3.655106e+01	1.836022e+02
3.310000e-06	6.782884e-06	1.526667e-09	3.665492e+01	1.839852e+02
3.320000e-06	6.801475e-06	1.529879e-09	3.675539e+01	1.843594e+02
3.330000e-06	6.819371e-06	1.532138e-09	3.685210e+01	1.847247e+02
3.340000e-06	6.836827e-06	1.534242e-09	3.694643e+01	1.850808e+02
3.350000e-06	6.853891e-06	1.538616e-09	3.703864e+01	1.854274e+02
3.360000e-06	6.870506e-06	1.544544e-09	3.712843e+01	1.857643e+02
3.370000e-06	6.886691e-06	1.549046e-09	3.721590e+01	1.860913e+02
3.380000e-06	6.902396e-06	1.552551e-09	3.730077e+01	1.864081e+02
3.390000e-06	6.917382e-06	1.555714e-09	3.738175e+01	1.867146e+02
3.400000e-06	6.931588e-06	1.559614e-09	3.745852e+01	1.870106e+02
3.410000e-06	6.945202e-06	1.564641e-09	3.753209e+01	1.872959e+02
3.420000e-06	6.958398e-06	1.569088e-09	3.760340e+01	1.875704e+02
3.430000e-06	6.971190e-06	1.572299e-09	3.767253e+01	1.878341e+02
3.440000e-06	6.983455e-06	1.574458e-09	3.773881e+01	1.880867e+02
3.450000e-06	6.995175e-06	1.577648e-09	3.780215e+01	1.883285e+02
3.460000e-06	7.006445e-06	1.582480e-09	3.786305e+01	1.885592e+02
3.470000e-06	7.017154e-06	1.586864e-09	3.792092e+01	1.887792e+02
3.480000e-06	7.027111e-06	1.589638e-09	3.797473e+01	1.889883e+02
3.490000e-06	7.036270e-06	1.591921e-09	3.802423e+01	1.891867e+02
3.500000e-06	7.044729e-06	1.595710e-09	3.806994e+01	1.893747e+02
3.510000e-06	7.052802e-06	1.599887e-09	3.811356e+01	1.895524e+02
3.520000e-06	7.060498e-06	1.602151e-09	3.815516e+01	1.897199e+02
3.530000e-06	7.067808e-06	1.602797e-09	3.819466e+01	1.898776e+02
3.540000e-06	7.074683e-06	1.604942e-09	3.823181e+01	1.900257e+02
3.550000e-06	7.080957e-06	1.609690e-09	3.826572e+01	1.901644e+02
3.560000e-06	7.086654e-06	1.613177e-09	3.829650e+01	1.902940e+02
3.570000e-06	7.091864e-06	1.614329e-09	3.832466e+01	1.904147e+02
3.580000e-06	7.096609e-06	1.615387e-09	3.835030e+01	1.905267e+02
3.590000e-06	7.100908e-06	1.617809e-09	3.837353e+01	1.906304e+02
3.600000e-06	7.104783e-06	1.621581e-09	3.839447e+01	1.907258e+02
3.610000e-06	7.108243e-06	1.624524e-09	3.841317e+01	1.908133e+02
3.620000e-06	7.111293e-06	1.624748e-09	3.842965e+01	1.908928e+02
3.630000e-06	7.113737e-06	1.624789e-09	3.844286e+01	1.909647e+02
3.640000e-06	7.115475e-06	1.626976e-09	3.845225e+01	1.910288e+02
3.650000e-06	7.116529e-06	1.629560e-09	3.845795e+01	1.910854e+02
3.660000e-06	7.116908e-06	1.631702e-09	3.846000e+01	1.911344e+02
3.670000e-06	7.116799e-06	1.633121e-09	3.845941e+01	1.911759e+02
3.680000e-06	7.116348e-06	1.632715e-09	3.845697e+01	1.912098e+02
3.690000e-06	7.115471e-06	1.632589e-09	3.845223e+01	1.912359e+02
3.700000e-06	7.114126e-06	1.634737e-09	3.844496e+01	1.912544e+02
3.710000e-06	7.112370e-06	1.636167e-09	3.843547e+01	1.912650e+02
3.720000e-06	7.110139e-06	1.636305e-09	3.842342e+01	1.912676e+02
3.730000e-06	7.107429e-06	1.635843e-09	3.840877e+01	1.912622e+02
3.740000e-06	7.104274e-06	1.630973e-09	3.839173e+01	1.912486e+02
3.750000e-06	7.100645e-06	1.622643e-09	3.837211e+01	1.912266e+02
3.760000e-06	7.096559e-06	1.638959e-09	3.835003e+01	1.911963e+02
3.770000e-06	7.091673e-06	1.690190e-09	3.832362e+01	1.911574e+02
3.780000e-06	7.085934e-06	1.684961e-09	3.829262e+01	1.911100e+02
3.790000e-06	7.079726e-06	1.576326e-09	3.825906e+01	1.910541e+02
3.800000e-06	7.073336e-06	1.560282e-09	3.822453e+01	1.909896e+02
3.810000e-06	7.066624e-06	1.691612e-09	3.818826e+01	1.909165e+02
3.820000e-06	7.059085e-06	1.717906e-09	3.814752e+01	1.908350e+02
3.830000e-06	7.050895e-06	1.572096e-09	3.810326e+01	1.907453e+02
3.840000e-06	7.042486e-06	1.548616e-09	3.805782e+01	1.906474e+02
3.850000e-06	7.033761e-06	1.733217e-09	3.801067e+01	1.905415e+02
3.860000e-06	7.024367e-06	1.754583e-09	3.795990e+01	1.904280e+02
3.870000e-06	7.014376e-06	1.527897e-09	3.790591e+01	1.903072e+02
3.880000e-06	7.004225e-06	1.496536e-09	3.785106e+01	1.901793e+02
3.890000e-06	6.993734e-06	1.739096e-09	3.779436e+01	1.900446e+02
3.900000e-06	6.982416e-06	1.762900e-09	3.773320e+01	1.899037e+02
3.910000e-06	6.970459e-06	1.533421e-09	3.766858e+01	1.897567e+02
3.920000e-06	6.958056e-06	1.549958e-09	3.760156e+01	1.896043e+02
3.930000e-06	6.944919e-06	1.762639e-09	3.753056e+01	1.894466e+02
3.940000e-06	6.930988e-06	1.684076e-09	3.745528e+01	1.892841e+02
3.950000e-06	6.916415e-06	1.492363e-09	3.737653e+01	1.891171e+02
3.960000e-06	6.901290e-06	1.621095e-09	3.729479e+01	1.889460e+02
3.970000e-06	6.885486e-06	1.769534e-09	3.720938e+01	1.887710e+02
3.980000e-06	6.869132e-06	1.608206e-09	3.712101e+01	1.885924e+02
3.990000e-06	6.852554e-06	1.533460e-09	3.703142e+01	1.884104e+02
4.000000e-06	6.835627e-06	1.711112e-09	3.693994e+01	1.882250e+02
4.010000e-06	6.818054e-06	1.687562e-09	3.684498e+01	1.880365e+02
4.020000e-06	6.799972e-06	1.511027e-09	3.674726e+01	1.878447e+02
4.030000e-06	6.781663e-06	1.618807e-09	3.664832e+01	1.876497e+02
4.040000e-06	6.762837e-06	1.760581e-09	3.654659e+01	1.874513e+02
4.050000e-06	6.743404e-06	1.603169e-09	3.644157e+01	1.872494e+02
4.060000e-06	6.723587e-06	1.533462e-09	3.633448e+01	1.870437e+02
4.070000e-06	6.703447e-06	1.700197e-09	3.622564e+01	1.868339e+02
4.080000e-06	6.682940e-06	1.674547e-09	3.611482e+01	1.866197e+02
4.090000e-06	6.661943e-06	1.529717e-09	3.600135e+01	1.864008e+02
4.100000e-06	6.640404e-06	1.626584e-09	3.588496e+01	1.861766e+02
4.110000e-06	6.618188e-06	1.709642e-09	3.576490e+01	1.859468e+02
4.120000e-06	6.595129e-06	1.584777e-09	3.564028e+01	1.857109e+02
4.130000e-06	6.571428e-06	1.581987e-09	3.551221e+01	1.854686e+02
4.140000e-06	6.547309e-06	1.684449e-09	3.538187e+01	1.852192e+02
4.150000e-06	6.522887e-06	1.611338e-09	3.524989e+01	1.849625e+02
4.160000e-06	6.498180e-06	1.554946e-09	3.511637e+01	1.846979e+02
4.170000e-06	6.473053e-06	1.654362e-09	3.498059e+01	1.844252e+02
4.180000e-06	6.447507e-06	1.648239e-09	3.484253e+01	1.841440e+02
4.190000e-06	6.421479e-06	1.565832e-09	3.470188e+01	1.838541e+02
4.200000e-06	6.394899e-06	1.614361e-09	3.455824e+01	1.835553e+02
4.210000e-06	6.367769e-06	1.643981e-09	3.441163e+01	1.832473e+02
4.220000e-06	6.340218e-06	1.577365e-09	3.426274e+01	1.829302e+02
4.230000e-06	6.312336e-06	1.590246e-09	3.411207e+01	1.826039e+02
4.240000e-06	6.284108e-06	1.633909e-09	3.395952e+01	1.822685e+02
4.250000e-06	6.255635e-06	1.594701e-09	3.380565e+01	1.819240e+02
4.260000e-06	6.226681e-06	1.582260e-09	3.364919e+01	1.815708e+02
4.270000e-06	6.197142e-06	1.616128e-09	3.348956e+01	1.812089e+02
4.280000e-06	6.167024e-06	1.597276e-09	3.332679e+01	1.808387e+02
4.290000e-06	6.136101e-06	1.573145e-09	3.315968e+01	1.804605e+02
4.300000e-06	6.104532e-06	1.591153e-09	3.298909e+01	1.800747e+02
4.310000e-06	6.072570e-06	1.593660e-09	3.281636e+01	1.796815e+02
4.320000e-06	6.040283e-06	1.580110e-09	3.264188e+01	1.792814e+02
4.330000e-06	6.007623e-06	1.581432e-09	3.246539e+01	1.788747e+02
4.340000e-06	5.974560e-06	1.579313e-09	3.228671e+01	1.784618e+02
4.350000e-06	5.941157e-06	1.570458e-09	3.210620e+01	1.780430e+02
4.360000e-06	5.907329e-06	1.568495e-09	3.192339e+01	1.776185e+02
4.370000e-06	5.873048e-06	1.569543e-09	3.173814e+01	1.771885e+02
4.380000e-06	5.838408e-06	1.569533e-09	3.155094e+01	1.767532e+02
4.390000e-06	5.803483e-06	1.564332e-09	3.136221e+01	1.763126e+02
4.400000e-06	5.768122e-06	1.556732e-09	3.117112e+01	1.758669e+02
4.410000e-06	5.732237e-06	1.556553e-09	3.097719e+01	1.754158e+02
4.420000e-06	5.696056e-06	1.555476e-09	3.078167e+01	1.749592e+02
4.430000e-06	5.659648e-06	1.545810e-09	3.058492e+01	1.744970e+02
4.440000e-06	5.622932e-06	1.540831e-09	3.038650e+01	1.740286e+02
4.450000e-06	5.585908e-06	1.543155e-09	3.018643e+01	1.735538e+02
4.460000e-06	5.548351e-06	1.541516e-09	2.998347e+01	1.730720e+02
4.470000e-06	5.509922e-06	1.536159e-09	2.977579e+01	1.725827e+02
4.480000e-06	5.470848e-06	1.531622e-09	2.956464e+01	1.720854e+02
4.490000e-06	5.431298e-06	1.526715e-09	2.935091e+01	1.715792e+02
4.500000e-06	5.391306e-06	1.522023e-09	2.913479e+01	1.710636e+02
4.510000e-06	5.351117e-06	1.519740e-09	2.891760e+01	1.705379e+02
4.520000e-06	5.310702e-06	1.518793e-09	2.869920e+01	1.700013e+02
4.530000e-06	5.269921e-06	1.514587e-09	2.847882e+01	1.694532e+02
4.540000e-06	5.228827e-06	1.508674e-09	2.825675e+01	1.688928e+02
4.550000e-06	5.187339e-06	1.505341e-09	2.803255e+01	1.683196e+02
4.560000e-06	5.145386e-06	1.501779e-09	2.780583e+01	1.677330e+02
4.570000e-06	5.103074e-06	1.495064e-09	2.757718e+01	1.671324e+02
4.580000e-06	5.060444e-06	1.487464e-09	2.734680e+01	1.665175e+02
4.590000e-06	5.017453e-06	1.481833e-09	2.711448e+01	1.658878e+02
4.600000e-06	4.974103e-06	1.478883e-09	2.688021e+01	1.652432e+02
4.610000e-06	4.930348e-06	1.475308e-09	2.664376e+01	1.645834e+02
4.620000e-06	4.886265e-06	1.470597e-09	2.640553e+01	1.639084e+02
4.630000e-06	4.842040e-06	1.467222e-09	2.616654e+01	1.632183e+02
4.640000e-06	4.797601e-06	1.462522e-09	2.592639e+01	1.625133e+02
4.650000e-06	4.752984e-06	1.455069e-09	2.568528e+01	1.617936e+02
4.660000e-06	4.708149e-06	1.446731e-09	2.544299e+01	1.610595e+02
4.670000e-06	4.662776e-06	1.438539e-09	2.519779e+01	1.603114e+02
4.680000e-06	4.616969e-06	1.431088e-09	2.495025e+01	1.595500e+02
4.690000e-06	4.570912e-06	1.425464e-09	2.470135e+01	1.587757e+02
4.700000e-06	4.524468e-06	1.421992e-09	2.445037e+01	1.579892e+02
4.710000e-06	4.477659e-06	1.418562e-09	2.419741e+01	1.571910e+02
4.720000e-06	4.430556e-06	1.412107e-09	2.394287e+01	1.563819e+02
4.730000e-06	4.383155e-06	1.401610e-09	2.368671e+01	1.555625e+02
4.740000e-06	4.335421e-06	1.390567e-09	2.342875e+01	1.547334e+02
4.750000e-06	4.287441e-06	1.383372e-09	2.316947e+01	1.538952e+02
4.760000e-06	4.239334e-06	1.377589e-09	2.290949e+01	1.530485e+02
4.770000e-06	4.190796e-06	1.370521e-09	2.264719e+01	1.521936e+02
4.780000e-06	4.141612e-06	1.364337e-09	2.238140e+01	1.513310e+02
4.790000e-06	4.091931e-06	1.359714e-09	2.211292e+01	1.504609e+02
4.800000e-06	4.041989e-06	1.353807e-09	2.184304e+01	1.495835e+02
4.810000e-06	3.991845e-06	1.345319e-09	2.157206e+01	1.486989e+02
4.820000e-06	3.941459e-06	1.335986e-09	2.129977e+01	1.478071e+02
4.830000e-06	3.890772e-06	1.327341e-09	2.102585e+01	1.469077e+02
4.840000e-06	3.839780e-06	1.319755e-09	2.075030e+01	1.460007e+02
4.850000e-06	3.788514e-06	1.313141e-09	2.047325e+01	1.450854e+02
4.860000e-06	3.736875e-06	1.305776e-09	2.019419e+01	1.441615e+02
4.870000e-06	3.684974e-06	1.297700e-09	1.991372e+01	1.432284e+02
4.880000e-06	3.632815e-06	1.290373e-09	1.963185e+01	1.422852e+02
4.890000e-06	3.580400e-06	1.283848e-09	1.934859e+01	1.413314e+02
4.900000e-06	3.527777e-06	1.277049e-09	1.906422e+01	1.403660e+02
4.910000e-06	3.474844e-06	1.268020e-09	1.877817e+01	1.393882e+02
4.920000e-06	3.421488e-06	1.256806e-09	1.848983e+01	1.383970e+02
4.930000e-06	3.367824e-06	1.245286e-09	1.819983e+01	1.373918e+02
4.940000e-06	3.313862e-06	1.235953e-09	1.790821e+01	1.363715e+02
4.950000e-06	3.259331e-06	1.227717e-09	1.761353e+01	1.353353e+02
4.960000e-06	3.204323e-06	1.218760e-09	1.731626e+01	1.342825e+02
4.970000e-06	3.149050e-06	1.210266e-09	1.701757e+01	1.332123e+02
4.980000e-06	3.093438e-06	1.201483e-09	1.671704e+01	1.321242e+02
4.990000e-06	3.037572e-06	1.191553e-09	1.641513e+01	1.310177e+02
5.000000e-06	2.981551e-06	1.180705e-09	1.611240e+01	1.298922e+02
5.010000e-06	2.925365e-06	1.168519e-09	1.580876e+01	1.287476e+02
5.020000e-06	2.869097e-06	1.156571e-09	1.550469e+01	1.275835e+02
5.030000e-06	2.812744e-06	1.147208e-09	1.520016e+01	1.264001e+02
5.040000e-06	2.756301e-06	1.139550e-09	1.489514e+01	1.251973e+02
5.050000e-06	2.699836e-06	1.130292e-09	1.459000e+01	1.239752e+02
5.060000e-06	2.643182e-06	1.119465e-09	1.428384e+01	1.227342e+02
5.070000e-06	2.586315e-06	1.108370e-09	1.397653e+01	1.214746e+02
5.080000e-06	2.529260e-06	1.096919e-09	1.366820e+01	1.201968e+02
5.090000e-06	2.471922e-06	1.084798e-09	1.335835e+01	1.189014e+02
5.100000e-06	2.414441e-06	1.071842e-09	1.304772e+01	1.175887e+02
5.110000e-06	2.356912e-06	1.058936e-09	1.273683e+01	1.162593e+02
5.120000e-06	2.299347e-06	1.047146e-09	1.242574e+01	1.149137e+02
5.130000e-06	2.241528e-06	1.036211e-09	1.211329e+01	1.135524e+02
5.140000e-06	2.183300e-06	1.024544e-09	1.179862e+01	1.121757e+02
5.150000e-06	2.124862e-06	1.011889e-09	1.148282e+01	1.107841e+02
5.160000e-06	2.066318e-06	9.988411e-10	1.116645e+01	1.093775e+02
5.170000e-06	2.007674e-06	9.855643e-10	1.084954e+01	1.079562e+02
5.180000e-06	1.948902e-06	9.726163e-10	1.053193e+01	1.065200e+02
5.190000e-06	1.890003e-06	9.598731e-10	1.021363e+01	1.050687e+02
5.200000e-06	1.830981e-06	9.464194e-10	9.894679e+00	1.036017e+02
5.210000e-06	1.771754e-06	9.320702e-10	9.574614e+00	1.021183e+02
5.220000e-06	1.712310e-06	9.176779e-10	9.253380e+00	1.006178e+02
5.230000e-06	1.652745e-06	9.039957e-10	8.931488e+00	9.909895e+01
5.240000e-06	1.593153e-06	8.894156e-10	8.609450e+00	9.756046e+01
5.250000e-06	1.533492e-06	8.739516e-10	8.287039e+00	9.600082e+01
5.260000e-06	1.473700e-06	8.599391e-10	7.963919e+00	9.441830e+01
5.270000e-06	1.413771e-06	8.458181e-10	7.640065e+00	9.281099e+01
5.280000e-06	1.353877e-06	8.296430e-10	7.316393e+00	9.117680e+01
5.290000e-06	1.293976e-06	8.122932e-10	6.992690e+00	8.951352e+01
5.300000e-06	1.233954e-06	7.948232e-10	6.668326e+00	8.781880e+01
5.310000e-06	1.173847e-06	7.781216e-10	6.343508e+00	8.609022e+01
5.320000e-06	1.113662e-06	7.620668e-10	6.018263e+00	8.432529e+01
5.330000e-06	1.053447e-06	7.459804e-10	5.692859e+00	8.252151e+01
5.340000e-06	9.931663e-07	7.295580e-10	5.367102e+00	8.067641e+01
5.350000e-06	9.328935e-07	7.125943e-10	5.041386e+00	7.878755e+01
5.360000e-06	8.726470e-07	6.945974e-10	4.715812e+00	7.685260e+01
5.370000e-06	8.123289e-07	6.759687e-10	4.389851e+00	7.486936e+01
5.380000e-06	7.519660e-07	6.570885e-10	4.063648e+00	7.283582e+01
5.390000e-06	6.916459e-07	6.373615e-10	3.737676e+00	7.075016e+01
5.400000e-06	6.312908e-07	6.167260e-10	3.411516e+00	6.861082e+01
5.410000e-06	5.708616e-07	5.966362e-10	3.084955e+00	6.641649e+01
5.420000e-06	5.104471e-07	5.776724e-10	2.758472e+00	6.416621e+01
5.430000e-06	4.500229e-07	5.580595e-10	2.431938e+00	6.185930e+01
5.440000e-06	3.895035e-07	5.380537e-10	2.104889e+00	5.949548e+01
5.450000e-06	3.289107e-07	5.169154e-10	1.777444e+00	5.707479e+01
5.460000e-06	2.683387e-07	4.937745e-10	1.450111e+00	5.459769e+01
5.470000e-06	2.078519e-07	4.696827e-10	1.123238e+00	5.206500e+01
5.480000e-06	1.473356e-07	4.452119e-10	7.962064e-01	4.947793e+01
5.490000e-06	8.666644e-08	4.210130e-10	4.683482e-01	4.683809e+01
5.500000e-06	2.601636e-08	3.972417e-10	1.405933e-01	4.414743e+01
5.510000e-06	-3.453790e-08	3.733499e-10	-1.866439e-01	4.140830e+01
5.520000e-06	-9.513271e-08	3.492658e-10	-5.141002e-01	3.862335e+01
5.530000e-06	-1.557509e-07	3.250885e-10	-8.416828e-01	3.579557e+01
5.540000e-06	-2.163455e-07	3.001393e-10	-1.169138e+00	3.292825e+01
5.550000e-06	-2.768678e-07	2.747877e-10	-1.496202e+00	3.002491e+01
5.560000e-06	-3.373311e-07	2.486690e-10	-1.822948e+00	2.708931e+01
5.570000e-06	-3.978583e-07	2.218101e-10	-2.150039e+00	2.412543e+01
5.580000e-06	-4.583650e-07	1.953224e-10	-2.477019e+00	2.113735e+01
5.590000e-06	-5.187647e-07	1.684960e-10	-2.803421e+00	1.812930e+01
5.600000e-06	-5.791508e-07	1.422173e-10	-3.129749e+00	1.510557e+01
5.610000e-06	-6.395309e-07	1.171782e-10	-3.456045e+00	1.207050e+01
5.620000e-06	-6.998644e-07	9.149171e-11	-3.782089e+00	9.028406e+00
5.630000e-06	-7.601698e-07	6.479928e-11	-4.107982e+00	5.983570e+00
5.640000e-06	-8.204325e-07	3.755730e-11	-4.433644e+00	2.940195e+00
5.650000e-06	-8.806877e-07	9.903215e-12	-4.759265e+00	-9.762924e-02
5.660000e-06	-9.409562e-07	-1.749581e-11	-5.084957e+00	-3.125960e+00
5.670000e-06	-1.001201e-06	-4.373287e-11	-5.410522e+00	-6.141028e+00
5.680000e-06	-1.061406e-06	-6.892521e-11	-5.735873e+00	-9.139263e+00
5.690000e-06	-1.121569e-06	-9.430996e-11	-6.060995e+00	-1.211732e+01
5.700000e-06	-1.181655e-06	-1.204594e-10	-6.385702e+00	-1.507209e+01
5.710000e-06	-1.241688e-06	-1.461141e-10	-6.710120e+00	-1.800072e+01
5.720000e-06	-1.301678e-06	-1.702916e-10	-7.034312e+00	-2.090062e+01
5.730000e-06	-1.361686e-06	-1.942628e-10	-7.358594e+00	-2.376949e+01
5.740000e-06	-1.421625e-06	-2.193224e-10	-7.682509e+00	-2.660529e+01
5.750000e-06	-1.481368e-06	-2.449822e-10	-8.005362e+00	-2.940627e+01
5.760000e-06	-1.541001e-06	-2.707131e-10	-8.327619e+00	-3.217094e+01
5.770000e-06	-1.600606e-06	-2.958896e-10	-8.649725e+00	-3.489809e+01
5.780000e-06	-1.660092e-06	-3.211415e-10	-8.971191e+00	-3.758676e+01
5.790000e-06	-1.719369e-06	-3.467062e-10	-9.291524e+00	-4.023626e+01
5.800000e-06	-1.778458e-06	-3.716110e-10	-9.610845e+00	-4.284610e+01
5.810000e-06	-1.837450e-06	-3.950229e-10	-9.929640e+00	-4.541603e+01
5.820000e-06	-1.896454e-06	-4.166086e-10	-1.024850e+01	-4.794601e+01
5.830000e-06	-1.955274e-06	-4.393708e-10	-1.056636e+01	-5.043617e+01
5.840000e-06	-2.013821e-06	-4.636314e-10	-1.088275e+01	-5.288680e+01
5.850000e-06	-2.072192e-06	-4.864377e-10	-1.119819e+01	-5.529834e+01
5.860000e-06	-2.130418e-06	-5.075529e-10	-1.151284e+01	-5.767139e+01
5.870000e-06	-2.188479e-06	-5.288403e-10	-1.182661e+01	-6.000660e+01
5.880000e-06	-2.246373e-06	-5.504438e-10	-1.213947e+01	-6.230476e+01
5.890000e-06	-2.304081e-06	-5.713325e-10	-1.245133e+01	-6.456671e+01
5.900000e-06	-2.361595e-06	-5.919529e-10	-1.276214e+01	-6.679335e+01
5.910000e-06	-2.418875e-06	-6.121964e-10	-1.307168e+01	-6.898562e+01
5.920000e-06	-2.475962e-06	-6.313784e-10	-1.338018e+01	-7.114449e+01
5.930000e-06	-2.532892e-06	-6.511082e-10	-1.368783e+01	-7.327093e+01
5.940000e-06	-2.589602e-06	-6.724143e-10	-1.399429e+01	-7.536592e+01
5.950000e-06	-2.646143e-06	-6.934778e-10	-1.429984e+01	-7.743043e+01
5.960000e-06	-2.702596e-06	-7.127489e-10	-1.460491e+01	-7.946541e+01
5.970000e-06	-2.758965e-06	-7.313065e-10	-1.490953e+01	-8.147177e+01
5.980000e-06	-2.815231e-06	-7.495466e-10	-1.521360e+01	-8.345041e+01
5.990000e-06	-2.871431e-06	-7.670682e-10	-1.551730e+01	-8.540216e+01
6.000000e-06	-2.927584e-06	-7.849926e-10	-1.582076e+01	-8.732783e+01
6.010000e-06	-2.983712e-06	-8.030722e-10	-1.612408e+01	-8.922817e+01
6.020000e-06	-3.039648e-06	-8.203349e-10	-1.642636e+01	-9.110388e+01
6.030000e-06	-3.095222e-06	-8.377718e-10	-1.672668e+01	-9.295559e+01
6.040000e-06	-3.150433e-06	-8.560525e-10	-1.702504e+01	-9.478392e+01
6.050000e-06	-3.205278e-06	-8.732436e-10	-1.732142e+01	-9.658938e+01
6.060000e-06	-3.259685e-06	-8.889570e-10	-1.761544e+01	-9.837247e+01
6.070000e-06	-3.313657e-06	-9.048582e-10	-1.790711e+01	-1.001336e+02
6.080000e-06	-3.367153e-06	-9.209376e-10	-1.819620e+01	-1.018732e+02
6.090000e-06	-3.420191e-06	-9.367501e-10	-1.848282e+01	-1.035914e+02
6.100000e-06	-3.473036e-06	-9.529496e-10	-1.876840e+01	-1.052887e+02
6.110000e-06	-3.525703e-06	-9.684645e-10	-1.905301e+01	-1.069653e+02
6.120000e-06	-3.578116e-06	-9.827686e-10	-1.933625e+01	-1.086212e+02
6.130000e-06	-3.630311e-06	-9.967567e-10	-1.961832e+01	-1.102566e+02
6.140000e-06	-3.682274e-06	-1.010973e-09	-1.989912e+01	-1.118715e+02
6.150000e-06	-3.733916e-06	-1.026710e-09	-2.017820e+01	-1.134661e+02
6.160000e-06	-3.785210e-06	-1.043507e-09	-2.045540e+01	-1.150403e+02
6.170000e-06	-3.836240e-06	-1.059137e-09	-2.073117e+01	-1.165940e+02
6.180000e-06	-3.887009e-06	-1.073117e-09	-2.100552e+01	-1.181272e+02
6.190000e-06	-3.937477e-06	-1.085949e-09	-2.127825e+01	-1.196397e+02
6.200000e-06	-3.987666e-06	-1.098213e-09	-2.154947e+01	-1.211315e+02
6.210000e-06	-4.037531e-06	-1.110284e-09	-2.181895e+01	-1.226023e+02
6.220000e-06	-4.086945e-06	-1.122880e-09	-2.208598e+01	-1.240520e+02
6.230000e-06	-4.135972e-06	-1.136028e-09	-2.235092e+01	-1.254804e+02
6.240000e-06	-4.184613e-06	-1.149325e-09	-2.261378e+01	-1.268872e+02
6.250000e-06	-4.232663e-06	-1.163516e-09	-2.287345e+01	-1.282723e+02
6.260000e-06	-4.280305e-06	-1.177601e-09	-2.313091e+01	-1.296355e+02
6.270000e-06	-4.327730e-06	-1.189760e-09	-2.338719e+01	-1.309765e+02
6.280000e-06	-4.374802e-06	-1.200665e-09	-2.364157e+01	-1.322952e+02
6.290000e-06	-4.421599e-06	-1.212544e-09	-2.389446e+01	-1.335913e+02
6.300000e-06	-4.468206e-06	-1.224611e-09	-2.414633e+01	-1.348649e+02
6.310000e-06	-4.514476e-06	-1.235758e-09	-2.439637e+01	-1.361156e+02
6.320000e-06	-4.560473e-06	-1.246468e-09	-2.464494e+01	-1.373435e+02
6.330000e-06	-4.606277e-06	-1.256834e-09	-2.489247e+01	-1.385485e+02
6.340000e-06	-4.651732e-06	-1.268091e-09	-2.513811e+01	-1.397305e+02
6.350000e-06	-4.696801e-06	-1.280279e-09	-2.538166e+01	-1.408896e+02
6.360000e-06	-4.741494e-06	-1.291115e-09	-2.562319e+01	-1.420259e+02
6.370000e-06	-4.785899e-06	-1.300507e-09	-2.586315e+01	-1.431395e+02
6.380000e-06	-4.830195e-06	-1.309827e-09	-2.610253e+01	-1.442306e+02
6.390000e-06	-4.874312e-06	-1.318877e-09	-2.634094e+01	-1.452993e+02
6.400000e-06	-4.918138e-06	-1.327795e-09	-2.657777e+01	-1.463461e+02
6.410000e-06	-4.961558e-06	-1.336554e-09	-2.681242e+01	-1.473711e+02
6.420000e-06	-5.004604e-06	-1.345295e-09	-2.704504e+01	-1.483748e+02
6.430000e-06	-5.047388e-06	-1.354409e-09	-2.727625e+01	-1.493575e+02
6.440000e-06	-5.089670e-06	-1.363831e-09	-2.750474e+01	-1.503198e+02
6.450000e-06	-5.131630e-06	-1.372602e-09	-2.773149e+01	-1.512621e+02
6.460000e-06	-5.173366e-06	-1.380194e-09	-2.795704e+01	-1.521850e+02
6.470000e-06	-5.214591e-06	-1.387352e-09	-2.817982e+01	-1.530890e+02
6.480000e-06	-5.255423e-06	-1.394866e-09	-2.840047e+01	-1.539746e+02
6.490000e-06	-5.295912e-06	-1.403467e-09	-2.861928e+01	-1.548425e+02
6.500000e-06	-5.336105e-06	-1.412205e-09	-2.883648e+01	-1.556933e+02
6.510000e-06	-5.376222e-06	-1.419587e-09	-2.905328e+01	-1.565275e+02
6.520000e-06	-5.416108e-06	-1.425656e-09	-2.926882e+01	-1.573458e+02
6.530000e-06	-5.455592e-06	-1.431876e-09	-2.948219e+01	-1.581488e+02
6.540000e-06	-5.494603e-06	-1.438744e-09	-2.969301e+01	-1.589370e+02
6.550000e-06	-5.532838e-06	-1.445576e-09	-2.989964e+01	-1.597110e+02
6.560000e-06	-5.570428e-06	-1.452838e-09	-3.010277e+01	-1.604714e+02
6.570000e-06	-5.607497e-06	-1.461020e-09	-3.030309e+01	-1.612187e+02
6.580000e-06	-5.644116e-06	-1.468514e-09	-3.050098e+01	-1.619533e+02
6.590000e-06	-5.680464e-06	-1.474494e-09	-3.069741e+01	-1.626758e+02
6.600000e-06	-5.716470e-06	-1.479835e-09	-3.089199e+01	-1.633865e+02
6.610000e-06	-5.752228e-06	-1.484605e-09	-3.108522e+01	-1.640859e+02
6.620000e-06	-5.787649e-06	-1.489433e-09	-3.127664e+01	-1.647743e+02
6.630000e-06	-5.822532e-06	-1.495238e-09	-3.146515e+01	-1.654520e+02
6.640000e-06	-5.857024e-06	-1.500720e-09	-3.165154e+01	-1.661194e+02
6.650000e-06	-5.891224e-06	-1.505436e-09	-3.183636e+01	-1.667767e+02
6.660000e-06	-5.925035e-06	-1.509549e-09	-3.201908e+01	-1.674241e+02
6.670000e-06	-5.958321e-06	-1.513659e-09	-3.219896e+01	-1.680618e+02
6.680000e-06	-5.991130e-06	-1.518370e-09	-3.237625e+01	-1.686901e+02
6.690000e-06	-6.023569e-06	-1.522939e-09	-3.255156e+01	-1.693091e+02
6.700000e-06	-6.055742e-06	-1.527983e-09	-3.272542e+01	-1.699190e+02
6.710000e-06	-6.087652e-06	-1.533200e-09	-3.289787e+01	-1.705198e+02
6.720000e-06	-6.119040e-06	-1.537529e-09	-3.306749e+01	-1.711118e+02
6.730000e-06	-6.149773e-06	-1.540766e-09	-3.323357e+01	-1.716950e+02
6.740000e-06	-6.179783e-06	-1.543678e-09	-3.339574e+01	-1.722695e+02
6.750000e-06	-6.209055e-06	-1.547211e-09	-3.355393e+01	-1.728356e+02
6.760000e-06	-6.237757e-06	-1.551106e-09	-3.370904e+01	-1.733931e+02
6.770000e-06	-6.266141e-06	-1.554496e-09	-3.386243e+01	-1.739424e+02
6.780000e-06	-6.294350e-06	-1.558264e-09	-3.401487e+01	-1.744834e+02
6.790000e-06	-6.322283e-06	-1.563118e-09	-3.416582e+01	-1.750163e+02
6.800000e-06	-6.349877e-06	-1.566984e-09	-3.431494e+01	-1.755412e+02
6.810000e-06	-6.376951e-06	-1.570137e-09	-3.446125e+01	-1.760581e+02
6.820000e-06	-6.403510e-06	-1.573228e-09	-3.460477e+01	-1.765673e+02
6.830000e-06	-6.429712e-06	-1.575849e-09	-3.474637e+01	-1.770687e+02
6.840000e-06	-6.455397e-06	-1.578872e-09	-3.488517e+01	-1.775624e+02
6.850000e-06	-6.480465e-06	-1.581801e-09	-3.502064e+01	-1.780486e+02
6.860000e-06	-6.505035e-06	-1.585531e-09	-3.515342e+01	-1.785272e+02
6.870000e-06	-6.529333e-06	-1.589739e-09	-3.528473e+01	-1.789984e+02
6.880000e-06	-6.553507e-06	-1.594305e-09	-3.541536e+01	-1.794621e+02
6.890000e-06	-6.577439e-06	-1.600751e-09	-3.554469e+01	-1.799185e+02
6.900000e-06	-6.600807e-06	-1.605818e-09	-3.567097e+01	-1.803673e+02
6.910000e-06	-6.623403e-06	-1.607841e-09	-3.579308e+01	-1.808087e+02
6.920000e-06	-6.645171e-06	-1.608745e-09	-3.591071e+01	-1.812425e+02
6.930000e-06	-6.666142e-06	-1.609844e-09	-3.602404e+01	-1.816687e+02
6.940000e-06	-6.686609e-06	-1.612519e-09	-3.613465e+01	-1.820871e+02
6.950000e-06	-6.706861e-06	-1.616073e-09	-3.624409e+01	-1.824976e+02
6.960000e-06	-6.726888e-06	-1.619430e-09	-3.635232e+01	-1.829001e+02
6.970000e-06	-6.746437e-06	-1.623241e-09	-3.645796e+01	-1.832943e+02
6.980000e-06	-6.765377e-06	-1.626048e-09	-3.656032e+01	-1.836801e+02
6.990000e-06	-6.783875e-06	-1.627381e-09	-3.666028e+01	-1.840573e+02
7.000000e-06	-6.801992e-06	-1.629039e-09	-3.675818e+01	-1.844255e+02
7.010000e-06	-6.819669e-06	-1.630855e-09	-3.685371e+01	-1.847847e+02
7.020000e-06	-6.836877e-06	-1.632157e-09	-3.694670e+01	-1.851344e+02
7.030000e-06	-6.853552e-06	-1.634366e-09	-3.703681e+01	-1.854745e+02
7.040000e-06	-6.869901e-06	-1.638467e-09	-3.712516e+01	-1.858048e+02
7.050000e-06	-6.886020e-06	-1.642124e-09	-3.721227e+01	-1.861251e+02
7.060000e-06	-6.901645e-06	-1.644087e-09	-3.729671e+01	-1.864350e+02
7.070000e-06	-6.916605e-06	-1.645497e-09	-3.737755e+01	-1.867345e+02
7.080000e-06	-6.930739e-06	-1.646255e-09	-3.745393e+01	-1.870233e+02
7.090000e-06	-6.944018e-06	-1.646463e-09	-3.752569e+01	-1.873014e+02
7.100000e-06	-6.956664e-06	-1.647380e-09	-3.759403e+01	-1.875686e+02
7.110000e-06	-6.968807e-06	-1.649478e-09	-3.765966e+01	-1.878249e+02
7.120000e-06	-6.980376e-06	-1.650651e-09	-3.772217e+01	-1.880703e+02
7.130000e-06	-6.991408e-06	-1.650727e-09	-3.778179e+01	-1.883047e+02
7.140000e-06	-7.002060e-06	-1.651359e-09	-3.783935e+01	-1.885282e+02
7.150000e-06	-7.012342e-06	-1.651644e-09	-3.789492e+01	-1.887408e+02
7.160000e-06	-7.022051e-06	-1.652209e-09	-3.794739e+01	-1.889428e+02
7.170000e-06	-7.031101e-06	-1.653980e-09	-3.799630e+01	-1.891342e+02
7.180000e-06	-7.039650e-06	-1.655831e-09	-3.804249e+01	-1.893153e+02
7.190000e-06	-7.047947e-06	-1.656463e-09	-3.808733e+01	-1.894861e+02
7.200000e-06	-7.056103e-06	-1.655997e-09	-3.813140e+01	-1.896470e+02
7.210000e-06	-7.063905e-06	-1.655235e-09	-3.817357e+01	-1.897983e+02
7.220000e-06	-7.070963e-06	-1.653459e-09	-3.821171e+01	-1.899400e+02
7.230000e-06	-7.077037e-06	-1.651436e-09	-3.824454e+01	-1.900726e+02
7.240000e-06	-7.082289e-06	-1.650866e-09	-3.827292e+01	-1.901962e+02
7.250000e-06	-7.087054e-06	-1.650951e-09	-3.829867e+01	-1.903110e+02
7.260000e-06	-7.091450e-06	-1.651422e-09	-3.832242e+01	-1.904174e+02
7.270000e-06	-7.095463e-06	-1.651865e-09	-3.834411e+01	-1.905156e+02
7.280000e-06	-7.099091e-06	-1.652460e-09	-3.836372e+01	-1.906056e+02
7.290000e-06	-7.102259e-06	-1.653587e-09	-3.838083e+01	-1.906878e+02
7.300000e-06	-7.104950e-06	-1.654090e-09	-3.839538e+01	-1.907621e+02
7.310000e-06	-7.107201e-06	-1.653634e-09	-3.840754e+01	-1.908288e+02
7.320000e-06	-7.109032e-06	-1.653599e-09	-3.841743e+01	-1.908879e+02
7.330000e-06	-7.110269e-06	-1.655052e-09	-3.842412e+01	-1.909394e+02
7.340000e-06	-7.110839e-06	-1.655361e-09	-3.842720e+01	-1.909833e+02
