# Temperatura_=_20.0
# Concentracion g/m^3_=_7400.0
# C_Vs_to_Am_M_A/Vsm_=_116720831517.84952
# pendiente_HvsI_1/m_=_3716.3
# ordenada_HvsI_A/m_=_1297.0
# frecuencia_Hz_=_136112.62365151593

Tiempo_(s)	Campo_(V.s)	Magnetizacion_(V.s)	Campo_(kA/m)	Magnetizacion_(A/m)
0.000000e+00	-7.133008e-06	-1.375804e-09	-3.843087e+01	-1.598390e+02
1.000000e-08	-7.133254e-06	-1.374954e-09	-3.843220e+01	-1.598591e+02
2.000000e-08	-7.132995e-06	-1.374675e-09	-3.843080e+01	-1.598708e+02
3.000000e-08	-7.132036e-06	-1.374315e-09	-3.842563e+01	-1.598742e+02
4.000000e-08	-7.130319e-06	-1.373222e-09	-3.841638e+01	-1.598695e+02
5.000000e-08	-7.127927e-06	-1.372222e-09	-3.840349e+01	-1.598571e+02
6.000000e-08	-7.124868e-06	-1.370613e-09	-3.838702e+01	-1.598373e+02
7.000000e-08	-7.121287e-06	-1.369694e-09	-3.836772e+01	-1.598103e+02
8.000000e-08	-7.117213e-06	-1.379711e-09	-3.834577e+01	-1.597764e+02
9.000000e-08	-7.112461e-06	-1.384695e-09	-3.832017e+01	-1.597361e+02
1.000000e-07	-7.106993e-06	-1.346817e-09	-3.829071e+01	-1.596896e+02
1.100000e-07	-7.101020e-06	-1.322544e-09	-3.825853e+01	-1.596373e+02
1.200000e-07	-7.094931e-06	-1.382940e-09	-3.822572e+01	-1.595796e+02
1.300000e-07	-7.088643e-06	-1.423147e-09	-3.819184e+01	-1.595167e+02
1.400000e-07	-7.081797e-06	-1.351314e-09	-3.815496e+01	-1.594490e+02
1.500000e-07	-7.074343e-06	-1.297890e-09	-3.811480e+01	-1.593768e+02
1.600000e-07	-7.066548e-06	-1.385942e-09	-3.807280e+01	-1.593004e+02
1.700000e-07	-7.058368e-06	-1.439491e-09	-3.802873e+01	-1.592199e+02
1.800000e-07	-7.049481e-06	-1.324944e-09	-3.798084e+01	-1.591356e+02
1.900000e-07	-7.039883e-06	-1.270328e-09	-3.792914e+01	-1.590477e+02
2.000000e-07	-7.029761e-06	-1.395283e-09	-3.787460e+01	-1.589562e+02
2.100000e-07	-7.019151e-06	-1.442152e-09	-3.781744e+01	-1.588615e+02
2.200000e-07	-7.007838e-06	-1.316540e-09	-3.775648e+01	-1.587634e+02
2.300000e-07	-6.995856e-06	-1.286611e-09	-3.769193e+01	-1.586620e+02
2.400000e-07	-6.983366e-06	-1.392968e-09	-3.762464e+01	-1.585574e+02
2.500000e-07	-6.970421e-06	-1.386141e-09	-3.755489e+01	-1.584496e+02
2.600000e-07	-6.956887e-06	-1.297333e-09	-3.748197e+01	-1.583385e+02
2.700000e-07	-6.942613e-06	-1.334674e-09	-3.740507e+01	-1.582240e+02
2.800000e-07	-6.927720e-06	-1.389736e-09	-3.732483e+01	-1.581061e+02
2.900000e-07	-6.912235e-06	-1.327904e-09	-3.724140e+01	-1.579846e+02
3.000000e-07	-6.896143e-06	-1.311281e-09	-3.715470e+01	-1.578595e+02
3.100000e-07	-6.879585e-06	-1.378006e-09	-3.706549e+01	-1.577307e+02
3.200000e-07	-6.862512e-06	-1.339595e-09	-3.697350e+01	-1.575981e+02
3.300000e-07	-6.844855e-06	-1.271032e-09	-3.687837e+01	-1.574615e+02
3.400000e-07	-6.826855e-06	-1.344453e-09	-3.678139e+01	-1.573208e+02
3.500000e-07	-6.808592e-06	-1.388885e-09	-3.668300e+01	-1.571760e+02
3.600000e-07	-6.789856e-06	-1.291705e-09	-3.658205e+01	-1.570269e+02
3.700000e-07	-6.770588e-06	-1.274559e-09	-3.647824e+01	-1.568735e+02
3.800000e-07	-6.750876e-06	-1.359804e-09	-3.637204e+01	-1.567157e+02
3.900000e-07	-6.730772e-06	-1.334770e-09	-3.626372e+01	-1.565534e+02
4.000000e-07	-6.710209e-06	-1.271254e-09	-3.615293e+01	-1.563867e+02
4.100000e-07	-6.689066e-06	-1.318525e-09	-3.603902e+01	-1.562155e+02
4.200000e-07	-6.667534e-06	-1.340440e-09	-3.592301e+01	-1.560398e+02
4.300000e-07	-6.645602e-06	-1.285270e-09	-3.580484e+01	-1.558596e+02
4.400000e-07	-6.623195e-06	-1.297358e-09	-3.568412e+01	-1.556749e+02
4.500000e-07	-6.600328e-06	-1.327958e-09	-3.556092e+01	-1.554858e+02
4.600000e-07	-6.576953e-06	-1.282956e-09	-3.543499e+01	-1.552922e+02
4.700000e-07	-6.553167e-06	-1.274676e-09	-3.530683e+01	-1.550943e+02
4.800000e-07	-6.528947e-06	-1.321341e-09	-3.517634e+01	-1.548920e+02
4.900000e-07	-6.504076e-06	-1.301964e-09	-3.504234e+01	-1.546853e+02
5.000000e-07	-6.478717e-06	-1.266418e-09	-3.490571e+01	-1.544743e+02
5.100000e-07	-6.452881e-06	-1.290648e-09	-3.476651e+01	-1.542589e+02
5.200000e-07	-6.426258e-06	-1.294647e-09	-3.462308e+01	-1.540392e+02
5.300000e-07	-6.399084e-06	-1.266520e-09	-3.447667e+01	-1.538150e+02
5.400000e-07	-6.371495e-06	-1.275072e-09	-3.432803e+01	-1.535865e+02
5.500000e-07	-6.343397e-06	-1.284863e-09	-3.417664e+01	-1.533534e+02
5.600000e-07	-6.314878e-06	-1.267845e-09	-3.402299e+01	-1.531157e+02
5.700000e-07	-6.286071e-06	-1.268573e-09	-3.386778e+01	-1.528733e+02
5.800000e-07	-6.256962e-06	-1.276476e-09	-3.371095e+01	-1.526259e+02
5.900000e-07	-6.227448e-06	-1.263698e-09	-3.355194e+01	-1.523735e+02
6.000000e-07	-6.197456e-06	-1.257378e-09	-3.339035e+01	-1.521158e+02
6.100000e-07	-6.166971e-06	-1.261489e-09	-3.322610e+01	-1.518525e+02
6.200000e-07	-6.136100e-06	-1.256278e-09	-3.305978e+01	-1.515836e+02
6.300000e-07	-6.104857e-06	-1.251939e-09	-3.289145e+01	-1.513086e+02
6.400000e-07	-6.073349e-06	-1.251397e-09	-3.272169e+01	-1.510273e+02
6.500000e-07	-6.041520e-06	-1.245624e-09	-3.255021e+01	-1.507393e+02
6.600000e-07	-6.009224e-06	-1.242656e-09	-3.237620e+01	-1.504445e+02
6.700000e-07	-5.976514e-06	-1.242757e-09	-3.219997e+01	-1.501425e+02
6.800000e-07	-5.943200e-06	-1.238902e-09	-3.202048e+01	-1.498329e+02
6.900000e-07	-5.909252e-06	-1.236405e-09	-3.183757e+01	-1.495155e+02
7.000000e-07	-5.874658e-06	-1.233591e-09	-3.165119e+01	-1.491900e+02
7.100000e-07	-5.839368e-06	-1.227127e-09	-3.146106e+01	-1.488560e+02
7.200000e-07	-5.803725e-06	-1.224194e-09	-3.126902e+01	-1.485134e+02
7.300000e-07	-5.767887e-06	-1.223181e-09	-3.107594e+01	-1.481618e+02
7.400000e-07	-5.731771e-06	-1.217182e-09	-3.088136e+01	-1.478011e+02
7.500000e-07	-5.695334e-06	-1.213514e-09	-3.068504e+01	-1.474310e+02
7.600000e-07	-5.658480e-06	-1.213976e-09	-3.048648e+01	-1.470513e+02
7.700000e-07	-5.621270e-06	-1.211622e-09	-3.028600e+01	-1.466621e+02
7.800000e-07	-5.583742e-06	-1.206507e-09	-3.008381e+01	-1.462630e+02
7.900000e-07	-5.545688e-06	-1.200683e-09	-2.987879e+01	-1.458542e+02
8.000000e-07	-5.507079e-06	-1.193492e-09	-2.967077e+01	-1.454355e+02
8.100000e-07	-5.467955e-06	-1.188486e-09	-2.945998e+01	-1.450070e+02
8.200000e-07	-5.428481e-06	-1.186480e-09	-2.924731e+01	-1.445687e+02
8.300000e-07	-5.388860e-06	-1.183000e-09	-2.903383e+01	-1.441206e+02
8.400000e-07	-5.349000e-06	-1.177509e-09	-2.881908e+01	-1.436630e+02
8.500000e-07	-5.308769e-06	-1.172844e-09	-2.860232e+01	-1.431958e+02
8.600000e-07	-5.268063e-06	-1.168393e-09	-2.838301e+01	-1.427194e+02
8.700000e-07	-5.226871e-06	-1.163796e-09	-2.816108e+01	-1.422338e+02
8.800000e-07	-5.185187e-06	-1.158446e-09	-2.793649e+01	-1.417393e+02
8.900000e-07	-5.143031e-06	-1.151434e-09	-2.770937e+01	-1.412361e+02
9.000000e-07	-5.100441e-06	-1.145144e-09	-2.747990e+01	-1.407244e+02
9.100000e-07	-5.057401e-06	-1.140975e-09	-2.724802e+01	-1.402044e+02
9.200000e-07	-5.014027e-06	-1.136685e-09	-2.701433e+01	-1.396765e+02
9.300000e-07	-4.970395e-06	-1.130874e-09	-2.677925e+01	-1.391408e+02
9.400000e-07	-4.926469e-06	-1.125274e-09	-2.654259e+01	-1.385975e+02
9.500000e-07	-4.882217e-06	-1.120397e-09	-2.630417e+01	-1.380469e+02
9.600000e-07	-4.837622e-06	-1.116362e-09	-2.606390e+01	-1.374892e+02
9.700000e-07	-4.792647e-06	-1.112396e-09	-2.582159e+01	-1.369245e+02
9.800000e-07	-4.747256e-06	-1.107018e-09	-2.557703e+01	-1.363530e+02
9.900000e-07	-4.701574e-06	-1.100912e-09	-2.533091e+01	-1.357749e+02
1.000000e-06	-4.655681e-06	-1.095916e-09	-2.508365e+01	-1.351901e+02
1.010000e-06	-4.609437e-06	-1.090975e-09	-2.483450e+01	-1.345989e+02
1.020000e-06	-4.562660e-06	-1.085292e-09	-2.458247e+01	-1.340012e+02
1.030000e-06	-4.515580e-06	-1.079002e-09	-2.432882e+01	-1.333969e+02
1.040000e-06	-4.468365e-06	-1.073422e-09	-2.407444e+01	-1.327862e+02
1.050000e-06	-4.420854e-06	-1.069619e-09	-2.381846e+01	-1.321689e+02
1.060000e-06	-4.373106e-06	-1.065921e-09	-2.356120e+01	-1.315448e+02
1.070000e-06	-4.324955e-06	-1.060900e-09	-2.330178e+01	-1.309138e+02
1.080000e-06	-4.276352e-06	-1.054967e-09	-2.303992e+01	-1.302758e+02
1.090000e-06	-4.227421e-06	-1.048088e-09	-2.277629e+01	-1.296304e+02
1.100000e-06	-4.178084e-06	-1.041528e-09	-2.251047e+01	-1.289775e+02
1.110000e-06	-4.128450e-06	-1.035651e-09	-2.224306e+01	-1.283166e+02
1.120000e-06	-4.078390e-06	-1.029429e-09	-2.197335e+01	-1.276475e+02
1.130000e-06	-4.027877e-06	-1.022807e-09	-2.170120e+01	-1.269698e+02
1.140000e-06	-3.977127e-06	-1.017100e-09	-2.142777e+01	-1.262831e+02
1.150000e-06	-3.925958e-06	-1.012534e-09	-2.115208e+01	-1.255870e+02
1.160000e-06	-3.874317e-06	-1.007388e-09	-2.087385e+01	-1.248811e+02
1.170000e-06	-3.822348e-06	-1.001635e-09	-2.059386e+01	-1.241648e+02
1.180000e-06	-3.770135e-06	-9.949993e-10	-2.031255e+01	-1.234378e+02
1.190000e-06	-3.717640e-06	-9.877258e-10	-2.002972e+01	-1.226995e+02
1.200000e-06	-3.664853e-06	-9.813456e-10	-1.974531e+01	-1.219494e+02
1.210000e-06	-3.611885e-06	-9.753712e-10	-1.945994e+01	-1.211871e+02
1.220000e-06	-3.558691e-06	-9.680073e-10	-1.917334e+01	-1.204120e+02
1.230000e-06	-3.505250e-06	-9.599056e-10	-1.888541e+01	-1.196238e+02
1.240000e-06	-3.451630e-06	-9.524925e-10	-1.859652e+01	-1.188219e+02
1.250000e-06	-3.397712e-06	-9.464081e-10	-1.830602e+01	-1.180058e+02
1.260000e-06	-3.343361e-06	-9.405112e-10	-1.801319e+01	-1.171752e+02
1.270000e-06	-3.288731e-06	-9.326229e-10	-1.771886e+01	-1.163295e+02
1.280000e-06	-3.233981e-06	-9.237421e-10	-1.742388e+01	-1.154685e+02
1.290000e-06	-3.179142e-06	-9.163044e-10	-1.712842e+01	-1.145917e+02
1.300000e-06	-3.124067e-06	-9.088990e-10	-1.683170e+01	-1.136988e+02
1.310000e-06	-3.068808e-06	-9.004486e-10	-1.653397e+01	-1.127896e+02
1.320000e-06	-3.013482e-06	-8.922444e-10	-1.623589e+01	-1.118637e+02
1.330000e-06	-2.957921e-06	-8.837361e-10	-1.593654e+01	-1.109209e+02
1.340000e-06	-2.902162e-06	-8.750898e-10	-1.563613e+01	-1.099610e+02
1.350000e-06	-2.846181e-06	-8.674004e-10	-1.533451e+01	-1.089839e+02
1.360000e-06	-2.789981e-06	-8.602549e-10	-1.503172e+01	-1.079894e+02
1.370000e-06	-2.733664e-06	-8.532182e-10	-1.472830e+01	-1.069775e+02
1.380000e-06	-2.677176e-06	-8.453580e-10	-1.442396e+01	-1.059481e+02
1.390000e-06	-2.620495e-06	-8.368777e-10	-1.411858e+01	-1.049012e+02
1.400000e-06	-2.563554e-06	-8.284306e-10	-1.381179e+01	-1.038368e+02
1.410000e-06	-2.506261e-06	-8.194380e-10	-1.350311e+01	-1.027549e+02
1.420000e-06	-2.448743e-06	-8.097837e-10	-1.319322e+01	-1.016556e+02
1.430000e-06	-2.391056e-06	-7.998400e-10	-1.288241e+01	-1.005389e+02
1.440000e-06	-2.333106e-06	-7.905433e-10	-1.257019e+01	-9.940490e+01
1.450000e-06	-2.274890e-06	-7.821038e-10	-1.225654e+01	-9.825367e+01
1.460000e-06	-2.216358e-06	-7.727299e-10	-1.194119e+01	-9.708524e+01
1.470000e-06	-2.157565e-06	-7.615060e-10	-1.162442e+01	-9.589965e+01
1.480000e-06	-2.098647e-06	-7.502732e-10	-1.130699e+01	-9.469692e+01
1.490000e-06	-2.039690e-06	-7.408660e-10	-1.098934e+01	-9.347703e+01
1.500000e-06	-1.980576e-06	-7.319425e-10	-1.067085e+01	-9.223991e+01
1.510000e-06	-1.921212e-06	-7.218572e-10	-1.035101e+01	-9.098546e+01
1.520000e-06	-1.861781e-06	-7.117190e-10	-1.003081e+01	-8.971351e+01
1.530000e-06	-1.802326e-06	-7.019268e-10	-9.710482e+00	-8.842383e+01
1.540000e-06	-1.742774e-06	-6.912313e-10	-9.389631e+00	-8.711612e+01
1.550000e-06	-1.683083e-06	-6.795886e-10	-9.068030e+00	-8.579001e+01
1.560000e-06	-1.623325e-06	-6.680636e-10	-8.746070e+00	-8.444504e+01
1.570000e-06	-1.563511e-06	-6.567065e-10	-8.423807e+00	-8.308067e+01
1.580000e-06	-1.503540e-06	-6.453975e-10	-8.100700e+00	-8.169627e+01
1.590000e-06	-1.443419e-06	-6.346008e-10	-7.776781e+00	-8.029114e+01
1.600000e-06	-1.383308e-06	-6.243588e-10	-7.452917e+00	-7.886447e+01
1.610000e-06	-1.323125e-06	-6.130444e-10	-7.128667e+00	-7.741539e+01
1.620000e-06	-1.262767e-06	-5.998829e-10	-6.803472e+00	-7.594294e+01
1.630000e-06	-1.202288e-06	-5.870104e-10	-6.477626e+00	-7.444607e+01
1.640000e-06	-1.141747e-06	-5.749398e-10	-6.151450e+00	-7.292369e+01
1.650000e-06	-1.081158e-06	-5.627502e-10	-5.825007e+00	-7.137464e+01
1.660000e-06	-1.020524e-06	-5.507474e-10	-5.498328e+00	-6.979772e+01
1.670000e-06	-9.598470e-07	-5.384373e-10	-5.171416e+00	-6.819169e+01
1.680000e-06	-8.990793e-07	-5.253510e-10	-4.844015e+00	-6.655529e+01
1.690000e-06	-8.383050e-07	-5.121668e-10	-4.516579e+00	-6.488727e+01
1.700000e-06	-7.775087e-07	-4.994521e-10	-4.189023e+00	-6.318637e+01
1.710000e-06	-7.165573e-07	-4.865640e-10	-3.860632e+00	-6.145139e+01
1.720000e-06	-6.555491e-07	-4.729925e-10	-3.531935e+00	-5.968114e+01
1.730000e-06	-5.945743e-07	-4.592587e-10	-3.203418e+00	-5.787454e+01
1.740000e-06	-5.335259e-07	-4.458730e-10	-2.874504e+00	-5.603056e+01
1.750000e-06	-4.724145e-07	-4.317278e-10	-2.545252e+00	-5.414829e+01
1.760000e-06	-4.112020e-07	-4.153274e-10	-2.215454e+00	-5.222695e+01
1.770000e-06	-3.500003e-07	-3.981220e-10	-1.885714e+00	-5.026589e+01
1.780000e-06	-2.889028e-07	-3.825137e-10	-1.556536e+00	-4.826461e+01
1.790000e-06	-2.277136e-07	-3.677233e-10	-1.226864e+00	-4.622281e+01
1.800000e-06	-1.663977e-07	-3.512793e-10	-8.965094e-01	-4.414035e+01
1.810000e-06	-1.052283e-07	-3.331693e-10	-5.669441e-01	-4.201731e+01
1.820000e-06	-4.412382e-08	-3.152000e-10	-2.377282e-01	-3.985397e+01
1.830000e-06	1.705097e-08	-2.976886e-10	9.186639e-02	-3.765082e+01
1.840000e-06	7.812775e-08	-2.796898e-10	4.209328e-01	-3.540859e+01
1.850000e-06	1.392222e-07	-2.613959e-10	7.500942e-01	-3.312823e+01
1.860000e-06	2.004757e-07	-2.431346e-10	1.080113e+00	-3.081091e+01
1.870000e-06	2.617191e-07	-2.246874e-10	1.410077e+00	-2.845804e+01
1.880000e-06	3.227828e-07	-2.057512e-10	1.739073e+00	-2.607124e+01
1.890000e-06	3.837897e-07	-1.864622e-10	2.067763e+00	-2.365234e+01
1.900000e-06	4.448195e-07	-1.661493e-10	2.396576e+00	-2.120338e+01
1.910000e-06	5.058034e-07	-1.446228e-10	2.725142e+00	-1.872658e+01
1.920000e-06	5.668386e-07	-1.245670e-10	3.053985e+00	-1.622434e+01
1.930000e-06	6.278638e-07	-1.058172e-10	3.382773e+00	-1.369922e+01
1.940000e-06	6.888024e-07	-8.592716e-11	3.711095e+00	-1.115391e+01
1.950000e-06	7.496315e-07	-6.425197e-11	4.038828e+00	-8.591232e+00
1.960000e-06	8.103748e-07	-4.205559e-11	4.366098e+00	-6.014087e+00
1.970000e-06	8.711473e-07	-2.170657e-11	4.693525e+00	-3.425455e+00
1.980000e-06	9.319222e-07	-2.790760e-12	5.020965e+00	-8.283635e-01
1.990000e-06	9.925791e-07	1.680356e-11	5.347769e+00	1.774135e+00
2.000000e-06	1.053132e-06	3.777453e-11	5.674014e+00	4.378989e+00
2.010000e-06	1.113674e-06	5.876582e-11	6.000198e+00	6.983172e+00
2.020000e-06	1.174139e-06	7.958821e-11	6.325967e+00	9.583704e+00
2.030000e-06	1.234532e-06	1.005273e-10	6.651351e+00	1.217767e+01
2.040000e-06	1.294909e-06	1.211735e-10	6.976650e+00	1.476226e+01
2.050000e-06	1.355113e-06	1.416141e-10	7.301009e+00	1.733476e+01
2.060000e-06	1.415125e-06	1.616182e-10	7.624343e+00	1.989259e+01
2.070000e-06	1.475123e-06	1.810791e-10	7.947593e+00	2.243330e+01
2.080000e-06	1.535019e-06	2.001186e-10	8.270299e+00	2.495461e+01
2.090000e-06	1.594866e-06	2.193396e-10	8.592743e+00	2.745441e+01
2.100000e-06	1.654689e-06	2.395847e-10	8.915051e+00	2.993076e+01
2.110000e-06	1.714347e-06	2.599314e-10	9.236474e+00	3.238189e+01
2.120000e-06	1.773964e-06	2.781625e-10	9.557674e+00	3.480624e+01
2.130000e-06	1.833489e-06	2.956086e-10	9.878381e+00	3.720240e+01
2.140000e-06	1.892829e-06	3.135321e-10	1.019809e+01	3.956919e+01
2.150000e-06	1.952088e-06	3.314423e-10	1.051736e+01	4.190556e+01
2.160000e-06	2.011128e-06	3.494587e-10	1.083546e+01	4.421067e+01
2.170000e-06	2.069969e-06	3.676098e-10	1.115248e+01	4.648384e+01
2.180000e-06	2.128760e-06	3.851585e-10	1.146923e+01	4.872455e+01
2.190000e-06	2.187456e-06	4.022963e-10	1.178547e+01	5.093240e+01
2.200000e-06	2.245925e-06	4.196095e-10	1.210049e+01	5.310715e+01
2.210000e-06	2.304069e-06	4.359348e-10	1.241375e+01	5.524869e+01
2.220000e-06	2.362016e-06	4.511945e-10	1.272595e+01	5.735699e+01
2.230000e-06	2.419732e-06	4.664954e-10	1.303691e+01	5.943213e+01
2.240000e-06	2.477145e-06	4.830163e-10	1.334624e+01	6.147426e+01
2.250000e-06	2.534186e-06	5.001254e-10	1.365356e+01	6.348360e+01
2.260000e-06	2.590945e-06	5.161386e-10	1.395936e+01	6.546042e+01
2.270000e-06	2.647561e-06	5.306972e-10	1.426440e+01	6.740504e+01
2.280000e-06	2.703909e-06	5.447879e-10	1.456799e+01	6.931778e+01
2.290000e-06	2.760059e-06	5.587875e-10	1.487051e+01	7.119901e+01
2.300000e-06	2.816105e-06	5.730098e-10	1.517247e+01	7.304907e+01
2.310000e-06	2.872051e-06	5.884780e-10	1.547390e+01	7.486832e+01
2.320000e-06	2.927821e-06	6.047150e-10	1.577437e+01	7.665711e+01
2.330000e-06	2.983396e-06	6.204633e-10	1.607379e+01	7.841577e+01
2.340000e-06	3.038807e-06	6.344949e-10	1.637233e+01	8.014460e+01
2.350000e-06	3.094074e-06	6.467577e-10	1.667010e+01	8.184389e+01
2.360000e-06	3.149096e-06	6.580688e-10	1.696654e+01	8.351391e+01
2.370000e-06	3.203842e-06	6.689043e-10	1.726150e+01	8.515490e+01
2.380000e-06	3.258430e-06	6.801720e-10	1.755561e+01	8.676707e+01
2.390000e-06	3.312848e-06	6.932994e-10	1.784880e+01	8.835063e+01
2.400000e-06	3.366988e-06	7.081450e-10	1.814049e+01	8.990576e+01
2.410000e-06	3.420851e-06	7.231478e-10	1.843069e+01	9.143263e+01
2.420000e-06	3.474474e-06	7.367700e-10	1.871960e+01	9.293139e+01
2.430000e-06	3.527909e-06	7.488207e-10	1.900750e+01	9.440222e+01
2.440000e-06	3.581162e-06	7.604095e-10	1.929441e+01	9.584528e+01
2.450000e-06	3.634145e-06	7.719590e-10	1.957987e+01	9.726072e+01
2.460000e-06	3.686856e-06	7.828677e-10	1.986386e+01	9.864875e+01
2.470000e-06	3.739283e-06	7.927450e-10	2.014633e+01	1.000095e+02
2.480000e-06	3.791402e-06	8.027749e-10	2.042713e+01	1.013433e+02
2.490000e-06	3.843281e-06	8.139203e-10	2.070664e+01	1.026504e+02
2.500000e-06	3.894847e-06	8.249917e-10	2.098447e+01	1.039310e+02
2.510000e-06	3.946016e-06	8.347150e-10	2.126015e+01	1.051854e+02
2.520000e-06	3.996783e-06	8.437411e-10	2.153367e+01	1.064140e+02
2.530000e-06	4.047014e-06	8.534874e-10	2.180430e+01	1.076171e+02
2.540000e-06	4.096769e-06	8.631691e-10	2.207237e+01	1.087952e+02
2.550000e-06	4.146140e-06	8.717754e-10	2.233837e+01	1.099487e+02
2.560000e-06	4.195127e-06	8.803061e-10	2.260230e+01	1.110781e+02
2.570000e-06	4.243663e-06	8.890062e-10	2.286380e+01	1.121838e+02
2.580000e-06	4.291785e-06	8.974901e-10	2.312307e+01	1.132665e+02
2.590000e-06	4.339633e-06	9.067029e-10	2.338086e+01	1.143266e+02
2.600000e-06	4.387216e-06	9.165610e-10	2.363723e+01	1.153647e+02
2.610000e-06	4.434778e-06	9.256246e-10	2.389348e+01	1.163814e+02
2.620000e-06	4.482172e-06	9.332975e-10	2.414882e+01	1.173773e+02
2.630000e-06	4.529056e-06	9.404784e-10	2.440142e+01	1.183529e+02
2.640000e-06	4.575572e-06	9.478296e-10	2.465204e+01	1.193088e+02
2.650000e-06	4.621734e-06	9.546651e-10	2.490075e+01	1.202456e+02
2.660000e-06	4.667557e-06	9.610397e-10	2.514763e+01	1.211639e+02
2.670000e-06	4.713133e-06	9.673703e-10	2.539319e+01	1.220642e+02
2.680000e-06	4.758474e-06	9.740406e-10	2.563747e+01	1.229470e+02
2.690000e-06	4.803550e-06	9.808382e-10	2.588033e+01	1.238127e+02
2.700000e-06	4.848222e-06	9.871909e-10	2.612101e+01	1.246620e+02
2.710000e-06	4.892545e-06	9.942257e-10	2.635981e+01	1.254952e+02
2.720000e-06	4.936673e-06	1.002245e-09	2.659756e+01	1.263126e+02
2.730000e-06	4.980454e-06	1.010067e-09	2.683345e+01	1.271148e+02
2.740000e-06	5.023939e-06	1.017573e-09	2.706773e+01	1.279020e+02
2.750000e-06	5.067186e-06	1.024062e-09	2.730073e+01	1.286746e+02
2.760000e-06	5.110093e-06	1.029149e-09	2.753191e+01	1.294328e+02
2.770000e-06	5.152581e-06	1.034473e-09	2.776082e+01	1.301769e+02
2.780000e-06	5.194538e-06	1.041059e-09	2.798688e+01	1.309071e+02
2.790000e-06	5.235851e-06	1.048103e-09	2.820946e+01	1.316237e+02
2.800000e-06	5.276450e-06	1.055271e-09	2.842820e+01	1.323268e+02
2.810000e-06	5.316579e-06	1.061920e-09	2.864440e+01	1.330167e+02
2.820000e-06	5.356428e-06	1.067425e-09	2.885910e+01	1.336935e+02
2.830000e-06	5.395973e-06	1.073094e-09	2.907216e+01	1.343573e+02
2.840000e-06	5.435343e-06	1.078781e-09	2.928427e+01	1.350083e+02
2.850000e-06	5.474515e-06	1.083023e-09	2.949532e+01	1.356467e+02
2.860000e-06	5.513210e-06	1.086683e-09	2.970380e+01	1.362727e+02
2.870000e-06	5.551363e-06	1.091761e-09	2.990936e+01	1.368863e+02
2.880000e-06	5.589066e-06	1.098398e-09	3.011249e+01	1.374877e+02
2.890000e-06	5.626344e-06	1.105303e-09	3.031334e+01	1.380772e+02
2.900000e-06	5.663297e-06	1.111262e-09	3.051243e+01	1.386549e+02
2.910000e-06	5.699923e-06	1.116577e-09	3.070976e+01	1.392210e+02
2.920000e-06	5.736139e-06	1.122237e-09	3.090489e+01	1.397757e+02
2.930000e-06	5.772040e-06	1.129273e-09	3.109831e+01	1.403192e+02
2.940000e-06	5.807735e-06	1.136029e-09	3.129063e+01	1.408517e+02
2.950000e-06	5.843146e-06	1.139687e-09	3.148142e+01	1.413734e+02
2.960000e-06	5.878164e-06	1.143840e-09	3.167008e+01	1.418846e+02
2.970000e-06	5.912816e-06	1.150381e-09	3.185678e+01	1.423855e+02
2.980000e-06	5.946836e-06	1.155612e-09	3.204007e+01	1.428764e+02
2.990000e-06	5.979999e-06	1.159437e-09	3.221874e+01	1.433574e+02
3.000000e-06	6.012500e-06	1.163939e-09	3.239385e+01	1.438288e+02
3.010000e-06	6.044537e-06	1.168719e-09	3.256646e+01	1.442909e+02
3.020000e-06	6.076243e-06	1.173965e-09	3.273728e+01	1.447437e+02
3.030000e-06	6.107796e-06	1.180320e-09	3.290728e+01	1.451877e+02
3.040000e-06	6.139063e-06	1.186383e-09	3.307574e+01	1.456228e+02
3.050000e-06	6.169909e-06	1.191407e-09	3.324193e+01	1.460494e+02
3.060000e-06	6.200290e-06	1.197199e-09	3.340562e+01	1.464677e+02
3.070000e-06	6.230089e-06	1.203014e-09	3.356617e+01	1.468776e+02
3.080000e-06	6.259512e-06	1.206600e-09	3.372469e+01	1.472795e+02
3.090000e-06	6.288568e-06	1.210911e-09	3.388124e+01	1.476733e+02
3.100000e-06	6.317186e-06	1.216459e-09	3.403542e+01	1.480594e+02
3.110000e-06	6.345412e-06	1.220208e-09	3.418750e+01	1.484376e+02
3.120000e-06	6.373311e-06	1.223897e-09	3.433781e+01	1.488082e+02
3.130000e-06	6.400963e-06	1.228728e-09	3.448679e+01	1.491713e+02
3.140000e-06	6.428244e-06	1.232967e-09	3.463377e+01	1.495268e+02
3.150000e-06	6.454962e-06	1.236809e-09	3.477773e+01	1.498748e+02
3.160000e-06	6.480923e-06	1.241110e-09	3.491760e+01	1.502155e+02
3.170000e-06	6.506008e-06	1.245617e-09	3.505275e+01	1.505490e+02
3.180000e-06	6.530422e-06	1.250551e-09	3.518429e+01	1.508752e+02
3.190000e-06	6.554438e-06	1.254219e-09	3.531368e+01	1.511942e+02
3.200000e-06	6.578030e-06	1.256361e-09	3.544079e+01	1.515062e+02
3.210000e-06	6.601244e-06	1.259463e-09	3.556586e+01	1.518113e+02
3.220000e-06	6.624041e-06	1.263334e-09	3.568868e+01	1.521095e+02
3.230000e-06	6.646373e-06	1.267666e-09	3.580900e+01	1.524010e+02
3.240000e-06	6.668236e-06	1.272597e-09	3.592679e+01	1.526859e+02
3.250000e-06	6.689505e-06	1.276741e-09	3.604138e+01	1.529643e+02
3.260000e-06	6.710362e-06	1.280001e-09	3.615376e+01	1.532365e+02
3.270000e-06	6.730890e-06	1.283166e-09	3.626436e+01	1.535026e+02
3.280000e-06	6.750971e-06	1.285327e-09	3.637255e+01	1.537628e+02
3.290000e-06	6.770695e-06	1.287240e-09	3.647882e+01	1.540173e+02
3.300000e-06	6.790023e-06	1.289782e-09	3.658295e+01	1.542662e+02
3.310000e-06	6.808896e-06	1.292753e-09	3.668463e+01	1.545099e+02
3.320000e-06	6.827307e-06	1.295962e-09	3.678383e+01	1.547484e+02
3.330000e-06	6.845160e-06	1.297366e-09	3.688002e+01	1.549821e+02
3.340000e-06	6.862484e-06	1.298384e-09	3.697335e+01	1.552110e+02
3.350000e-06	6.879365e-06	1.301289e-09	3.706431e+01	1.554355e+02
3.360000e-06	6.895891e-06	1.304166e-09	3.715334e+01	1.556556e+02
3.370000e-06	6.911883e-06	1.305868e-09	3.723950e+01	1.558715e+02
3.380000e-06	6.927230e-06	1.307829e-09	3.732219e+01	1.560833e+02
3.390000e-06	6.941950e-06	1.310174e-09	3.740150e+01	1.562911e+02
3.400000e-06	6.956054e-06	1.312757e-09	3.747748e+01	1.564950e+02
3.410000e-06	6.969724e-06	1.316024e-09	3.755114e+01	1.566951e+02
3.420000e-06	6.982924e-06	1.319238e-09	3.762225e+01	1.568913e+02
3.430000e-06	6.995598e-06	1.321607e-09	3.769054e+01	1.570835e+02
3.440000e-06	7.007818e-06	1.324468e-09	3.775638e+01	1.572718e+02
3.450000e-06	7.019596e-06	1.329208e-09	3.781983e+01	1.574560e+02
3.460000e-06	7.030855e-06	1.333127e-09	3.788049e+01	1.576360e+02
3.470000e-06	7.041277e-06	1.334096e-09	3.793665e+01	1.578115e+02
3.480000e-06	7.050919e-06	1.333536e-09	3.798859e+01	1.579824e+02
3.490000e-06	7.059881e-06	1.334294e-09	3.803688e+01	1.581484e+02
3.500000e-06	7.068193e-06	1.338076e-09	3.808166e+01	1.583092e+02
3.510000e-06	7.076143e-06	1.342623e-09	3.812450e+01	1.584646e+02
3.520000e-06	7.083805e-06	1.345419e-09	3.816577e+01	1.586143e+02
3.530000e-06	7.091063e-06	1.347618e-09	3.820488e+01	1.587578e+02
3.540000e-06	7.097808e-06	1.350198e-09	3.824122e+01	1.588950e+02
3.550000e-06	7.103911e-06	1.352096e-09	3.827410e+01	1.590254e+02
3.560000e-06	7.109436e-06	1.353361e-09	3.830387e+01	1.591488e+02
3.570000e-06	7.114539e-06	1.354598e-09	3.833136e+01	1.592648e+02
3.580000e-06	7.119097e-06	1.356225e-09	3.835592e+01	1.593732e+02
3.590000e-06	7.123214e-06	1.359509e-09	3.837810e+01	1.594736e+02
3.600000e-06	7.127065e-06	1.363533e-09	3.839885e+01	1.595659e+02
3.610000e-06	7.130610e-06	1.365764e-09	3.841795e+01	1.596498e+02
3.620000e-06	7.133627e-06	1.366367e-09	3.843421e+01	1.597251e+02
3.630000e-06	7.135991e-06	1.367143e-09	3.844694e+01	1.597918e+02
3.640000e-06	7.137595e-06	1.368097e-09	3.845558e+01	1.598498e+02
3.650000e-06	7.138292e-06	1.368864e-09	3.845934e+01	1.598989e+02
3.660000e-06	7.138415e-06	1.370372e-09	3.846000e+01	1.599393e+02
3.670000e-06	7.138212e-06	1.371655e-09	3.845891e+01	1.599709e+02
3.680000e-06	7.137742e-06	1.371374e-09	3.845637e+01	1.599939e+02
3.690000e-06	7.136962e-06	1.371031e-09	3.845217e+01	1.600083e+02
3.700000e-06	7.135651e-06	1.372136e-09	3.844511e+01	1.600145e+02
3.710000e-06	7.133818e-06	1.372988e-09	3.843523e+01	1.600125e+02
3.720000e-06	7.131535e-06	1.373851e-09	3.842293e+01	1.600027e+02
3.730000e-06	7.128836e-06	1.379125e-09	3.840839e+01	1.599854e+02
3.740000e-06	7.125617e-06	1.378229e-09	3.839105e+01	1.599607e+02
3.750000e-06	7.121739e-06	1.357193e-09	3.837016e+01	1.599291e+02
3.760000e-06	7.117397e-06	1.365879e-09	3.834676e+01	1.598909e+02
3.770000e-06	7.112313e-06	1.429768e-09	3.831937e+01	1.598465e+02
3.780000e-06	7.106300e-06	1.416088e-09	3.828697e+01	1.597961e+02
3.790000e-06	7.099823e-06	1.324639e-09	3.825208e+01	1.597402e+02
3.800000e-06	7.093183e-06	1.330180e-09	3.821630e+01	1.596790e+02
3.810000e-06	7.086185e-06	1.434176e-09	3.817860e+01	1.596129e+02
3.820000e-06	7.078527e-06	1.434810e-09	3.813734e+01	1.595422e+02
3.830000e-06	7.070463e-06	1.307854e-09	3.809389e+01	1.594672e+02
3.840000e-06	7.062136e-06	1.315837e-09	3.804903e+01	1.593880e+02
3.850000e-06	7.053328e-06	1.469997e-09	3.800158e+01	1.593050e+02
3.860000e-06	7.043879e-06	1.452762e-09	3.795067e+01	1.592183e+02
3.870000e-06	7.033830e-06	1.275767e-09	3.789652e+01	1.591281e+02
3.880000e-06	7.023456e-06	1.299979e-09	3.784063e+01	1.590344e+02
3.890000e-06	7.012620e-06	1.480389e-09	3.778225e+01	1.589375e+02
3.900000e-06	7.001116e-06	1.438720e-09	3.772027e+01	1.588372e+02
3.910000e-06	6.989118e-06	1.277906e-09	3.765562e+01	1.587337e+02
3.920000e-06	6.976445e-06	1.357708e-09	3.758735e+01	1.586270e+02
3.930000e-06	6.962890e-06	1.492134e-09	3.751432e+01	1.585170e+02
3.940000e-06	6.948493e-06	1.375946e-09	3.743675e+01	1.584037e+02
3.950000e-06	6.933646e-06	1.279321e-09	3.735675e+01	1.582869e+02
3.960000e-06	6.918343e-06	1.417248e-09	3.727431e+01	1.581667e+02
3.970000e-06	6.902375e-06	1.456963e-09	3.718828e+01	1.580429e+02
3.980000e-06	6.886028e-06	1.315963e-09	3.710020e+01	1.579154e+02
3.990000e-06	6.869275e-06	1.346737e-09	3.700994e+01	1.577840e+02
4.000000e-06	6.852099e-06	1.469146e-09	3.691740e+01	1.576488e+02
4.010000e-06	6.834444e-06	1.371934e-09	3.682228e+01	1.575095e+02
4.020000e-06	6.816292e-06	1.285260e-09	3.672448e+01	1.573661e+02
4.030000e-06	6.797771e-06	1.419231e-09	3.662469e+01	1.572184e+02
4.040000e-06	6.778747e-06	1.450056e-09	3.652220e+01	1.570665e+02
4.050000e-06	6.759199e-06	1.314754e-09	3.641688e+01	1.569102e+02
4.060000e-06	6.739215e-06	1.345602e-09	3.630921e+01	1.567495e+02
4.070000e-06	6.718847e-06	1.444289e-09	3.619947e+01	1.565843e+02
4.080000e-06	6.698158e-06	1.361504e-09	3.608801e+01	1.564146e+02
4.090000e-06	6.676968e-06	1.315616e-09	3.597384e+01	1.562404e+02
4.100000e-06	6.655039e-06	1.409649e-09	3.585569e+01	1.560617e+02
4.110000e-06	6.632383e-06	1.392734e-09	3.573362e+01	1.558786e+02
4.120000e-06	6.609054e-06	1.323249e-09	3.560794e+01	1.556909e+02
4.130000e-06	6.585150e-06	1.382630e-09	3.547915e+01	1.554989e+02
4.140000e-06	6.560854e-06	1.403982e-09	3.534824e+01	1.553024e+02
4.150000e-06	6.536258e-06	1.332993e-09	3.521573e+01	1.551016e+02
4.160000e-06	6.511216e-06	1.352703e-09	3.508081e+01	1.548964e+02
4.170000e-06	6.485737e-06	1.395817e-09	3.494353e+01	1.546868e+02
4.180000e-06	6.459883e-06	1.353421e-09	3.480424e+01	1.544729e+02
4.190000e-06	6.433508e-06	1.348325e-09	3.466214e+01	1.542547e+02
4.200000e-06	6.406653e-06	1.380778e-09	3.451745e+01	1.540320e+02
4.210000e-06	6.379343e-06	1.352451e-09	3.437031e+01	1.538050e+02
4.220000e-06	6.351581e-06	1.339620e-09	3.422073e+01	1.535735e+02
4.230000e-06	6.323492e-06	1.367837e-09	3.406940e+01	1.533373e+02
4.240000e-06	6.295209e-06	1.355743e-09	3.391702e+01	1.530965e+02
4.250000e-06	6.266470e-06	1.342269e-09	3.376218e+01	1.528508e+02
4.260000e-06	6.237079e-06	1.360471e-09	3.360383e+01	1.526002e+02
4.270000e-06	6.207134e-06	1.353857e-09	3.344249e+01	1.523442e+02
4.280000e-06	6.176631e-06	1.342189e-09	3.327815e+01	1.520829e+02
4.290000e-06	6.145558e-06	1.350923e-09	3.311074e+01	1.518159e+02
4.300000e-06	6.113908e-06	1.342731e-09	3.294021e+01	1.515430e+02
4.310000e-06	6.081787e-06	1.335046e-09	3.276715e+01	1.512638e+02
4.320000e-06	6.049283e-06	1.345516e-09	3.259203e+01	1.509782e+02
4.330000e-06	6.016484e-06	1.339510e-09	3.241531e+01	1.506857e+02
4.340000e-06	5.983262e-06	1.328629e-09	3.223632e+01	1.503861e+02
4.350000e-06	5.949568e-06	1.333498e-09	3.205479e+01	1.500791e+02
4.360000e-06	5.915592e-06	1.329000e-09	3.187173e+01	1.497644e+02
4.370000e-06	5.881164e-06	1.322685e-09	3.168625e+01	1.494416e+02
4.380000e-06	5.846207e-06	1.328676e-09	3.149790e+01	1.491105e+02
4.390000e-06	5.810910e-06	1.324076e-09	3.130774e+01	1.487708e+02
4.400000e-06	5.775293e-06	1.315136e-09	3.111584e+01	1.484223e+02
4.410000e-06	5.739368e-06	1.320067e-09	3.092228e+01	1.480647e+02
4.420000e-06	5.703130e-06	1.321112e-09	3.072705e+01	1.476977e+02
4.430000e-06	5.666489e-06	1.312854e-09	3.052963e+01	1.473213e+02
4.440000e-06	5.629499e-06	1.309110e-09	3.033034e+01	1.469353e+02
4.450000e-06	5.592038e-06	1.308386e-09	3.012851e+01	1.465396e+02
4.460000e-06	5.553920e-06	1.305912e-09	2.992314e+01	1.461340e+02
4.470000e-06	5.515133e-06	1.304057e-09	2.971416e+01	1.457186e+02
4.480000e-06	5.475730e-06	1.301031e-09	2.950187e+01	1.452934e+02
4.490000e-06	5.435885e-06	1.296321e-09	2.928719e+01	1.448584e+02
4.500000e-06	5.395738e-06	1.292752e-09	2.907089e+01	1.444136e+02
4.510000e-06	5.355359e-06	1.290724e-09	2.885334e+01	1.439591e+02
4.520000e-06	5.314712e-06	1.289309e-09	2.863435e+01	1.434952e+02
4.530000e-06	5.273702e-06	1.286053e-09	2.841339e+01	1.430218e+02
4.540000e-06	5.232327e-06	1.280106e-09	2.819048e+01	1.425393e+02
4.550000e-06	5.190723e-06	1.276624e-09	2.796632e+01	1.420478e+02
4.560000e-06	5.148727e-06	1.275944e-09	2.774006e+01	1.415475e+02
4.570000e-06	5.106225e-06	1.271522e-09	2.751107e+01	1.410386e+02
4.580000e-06	5.063496e-06	1.263907e-09	2.728085e+01	1.405214e+02
4.590000e-06	5.020387e-06	1.257855e-09	2.704859e+01	1.399961e+02
4.600000e-06	4.976777e-06	1.254475e-09	2.681364e+01	1.394630e+02
4.610000e-06	4.932809e-06	1.252117e-09	2.657674e+01	1.389222e+02
4.620000e-06	4.888593e-06	1.249184e-09	2.633852e+01	1.383741e+02
4.630000e-06	4.844324e-06	1.245559e-09	2.610001e+01	1.378187e+02
4.640000e-06	4.799953e-06	1.241333e-09	2.586095e+01	1.372564e+02
4.650000e-06	4.755213e-06	1.236924e-09	2.561990e+01	1.366872e+02
4.660000e-06	4.710065e-06	1.231822e-09	2.537665e+01	1.361112e+02
4.670000e-06	4.664536e-06	1.224305e-09	2.513136e+01	1.355287e+02
4.680000e-06	4.618630e-06	1.215992e-09	2.488403e+01	1.349397e+02
4.690000e-06	4.572392e-06	1.210642e-09	2.463491e+01	1.343441e+02
4.700000e-06	4.525819e-06	1.209062e-09	2.438399e+01	1.337421e+02
4.710000e-06	4.478917e-06	1.207613e-09	2.413129e+01	1.331336e+02
4.720000e-06	4.431662e-06	1.202778e-09	2.387669e+01	1.325185e+02
4.730000e-06	4.384097e-06	1.194810e-09	2.362042e+01	1.318967e+02
4.740000e-06	4.336241e-06	1.188030e-09	2.336259e+01	1.312681e+02
4.750000e-06	4.288067e-06	1.184480e-09	2.310304e+01	1.306324e+02
4.760000e-06	4.239446e-06	1.180028e-09	2.284108e+01	1.299896e+02
4.770000e-06	4.190342e-06	1.172269e-09	2.257652e+01	1.293392e+02
4.780000e-06	4.140868e-06	1.165997e-09	2.230996e+01	1.286810e+02
4.790000e-06	4.091163e-06	1.162880e-09	2.204217e+01	1.280148e+02
4.800000e-06	4.041243e-06	1.159321e-09	2.177321e+01	1.273400e+02
4.810000e-06	3.990914e-06	1.153580e-09	2.150205e+01	1.266564e+02
4.820000e-06	3.940190e-06	1.146487e-09	2.122876e+01	1.259635e+02
4.830000e-06	3.889273e-06	1.140124e-09	2.095443e+01	1.252609e+02
4.840000e-06	3.838099e-06	1.134883e-09	2.067872e+01	1.245481e+02
4.850000e-06	3.786613e-06	1.129172e-09	2.040133e+01	1.238248e+02
4.860000e-06	3.734861e-06	1.122513e-09	2.012250e+01	1.230903e+02
4.870000e-06	3.682808e-06	1.115289e-09	1.984205e+01	1.223442e+02
4.880000e-06	3.630489e-06	1.108252e-09	1.956017e+01	1.215861e+02
4.890000e-06	3.577792e-06	1.102884e-09	1.927625e+01	1.208153e+02
4.900000e-06	3.524732e-06	1.097809e-09	1.899038e+01	1.200316e+02
4.910000e-06	3.471360e-06	1.091638e-09	1.870282e+01	1.192343e+02
4.920000e-06	3.417640e-06	1.083807e-09	1.841339e+01	1.184230e+02
4.930000e-06	3.363601e-06	1.075641e-09	1.812224e+01	1.175973e+02
4.940000e-06	3.309261e-06	1.069521e-09	1.782948e+01	1.167567e+02
4.950000e-06	3.254595e-06	1.063545e-09	1.753495e+01	1.159009e+02
4.960000e-06	3.199528e-06	1.055328e-09	1.723826e+01	1.150294e+02
4.970000e-06	3.144164e-06	1.046696e-09	1.693997e+01	1.141420e+02
4.980000e-06	3.088648e-06	1.039135e-09	1.664086e+01	1.132382e+02
4.990000e-06	3.032891e-06	1.031591e-09	1.634046e+01	1.123179e+02
5.000000e-06	2.976829e-06	1.023041e-09	1.603841e+01	1.113808e+02
5.010000e-06	2.920586e-06	1.013850e-09	1.573539e+01	1.104266e+02
5.020000e-06	2.864154e-06	1.004983e-09	1.543135e+01	1.094553e+02
5.030000e-06	2.807654e-06	9.970847e-10	1.512694e+01	1.084667e+02
5.040000e-06	2.751092e-06	9.904356e-10	1.482220e+01	1.074606e+02
5.050000e-06	2.694254e-06	9.835099e-10	1.451597e+01	1.064371e+02
5.060000e-06	2.637190e-06	9.744815e-10	1.420852e+01	1.053960e+02
5.070000e-06	2.580007e-06	9.642449e-10	1.390044e+01	1.043375e+02
5.080000e-06	2.522739e-06	9.549273e-10	1.359189e+01	1.032614e+02
5.090000e-06	2.465312e-06	9.458183e-10	1.328249e+01	1.021680e+02
5.100000e-06	2.407651e-06	9.353198e-10	1.297182e+01	1.010571e+02
5.110000e-06	2.349854e-06	9.242444e-10	1.266043e+01	9.992887e+01
5.120000e-06	2.291856e-06	9.135562e-10	1.234795e+01	9.878340e+01
5.130000e-06	2.233628e-06	9.030447e-10	1.203423e+01	9.762072e+01
5.140000e-06	2.175214e-06	8.926014e-10	1.171951e+01	9.644088e+01
5.150000e-06	2.116601e-06	8.821510e-10	1.140372e+01	9.524389e+01
5.160000e-06	2.057842e-06	8.713650e-10	1.108714e+01	9.402975e+01
5.170000e-06	1.998930e-06	8.598928e-10	1.076974e+01	9.279840e+01
5.180000e-06	1.939800e-06	8.488329e-10	1.045116e+01	9.154977e+01
5.190000e-06	1.880600e-06	8.376190e-10	1.013220e+01	9.028370e+01
5.200000e-06	1.821405e-06	8.246715e-10	9.813277e+00	8.899999e+01
5.210000e-06	1.762020e-06	8.111216e-10	9.493323e+00	8.769835e+01
5.220000e-06	1.702504e-06	7.995041e-10	9.172665e+00	8.637844e+01
5.230000e-06	1.642959e-06	7.889643e-10	8.851852e+00	8.503984e+01
5.240000e-06	1.583346e-06	7.767431e-10	8.530673e+00	8.368202e+01
5.250000e-06	1.523634e-06	7.636375e-10	8.208961e+00	8.230440e+01
5.260000e-06	1.463795e-06	7.506501e-10	7.886564e+00	8.090629e+01
5.270000e-06	1.403820e-06	7.377137e-10	7.563431e+00	7.948692e+01
5.280000e-06	1.343726e-06	7.245128e-10	7.239660e+00	7.804544e+01
5.290000e-06	1.283555e-06	7.098970e-10	6.915475e+00	7.658091e+01
5.300000e-06	1.223354e-06	6.944557e-10	6.591127e+00	7.509233e+01
5.310000e-06	1.163158e-06	6.795617e-10	6.266804e+00	7.357860e+01
5.320000e-06	1.102911e-06	6.654949e-10	5.942207e+00	7.203860e+01
5.330000e-06	1.042624e-06	6.522558e-10	5.617399e+00	7.047113e+01
5.340000e-06	9.823520e-07	6.391151e-10	5.292668e+00	6.887496e+01
5.350000e-06	9.219836e-07	6.246353e-10	4.967418e+00	6.724885e+01
5.360000e-06	8.614894e-07	6.085695e-10	4.641490e+00	6.559154e+01
5.370000e-06	8.008839e-07	5.925801e-10	4.314963e+00	6.390176e+01
5.380000e-06	7.402347e-07	5.764158e-10	3.988200e+00	6.217830e+01
5.390000e-06	6.795750e-07	5.590547e-10	3.661381e+00	6.041996e+01
5.400000e-06	6.188834e-07	5.416444e-10	3.334390e+00	5.862562e+01
5.410000e-06	5.581167e-07	5.248335e-10	3.006993e+00	5.679423e+01
5.420000e-06	4.972853e-07	5.085403e-10	2.679249e+00	5.492484e+01
5.430000e-06	4.364859e-07	4.918407e-10	2.351677e+00	5.301663e+01
5.440000e-06	3.756848e-07	4.737871e-10	2.024096e+00	5.106889e+01
5.450000e-06	3.149172e-07	4.542558e-10	1.696695e+00	4.908109e+01
5.460000e-06	2.541602e-07	4.344197e-10	1.369352e+00	4.705284e+01
5.470000e-06	1.933126e-07	4.156130e-10	1.041520e+00	4.498396e+01
5.480000e-06	1.324269e-07	3.974460e-10	7.134833e-01	4.287445e+01
5.490000e-06	7.159803e-08	3.785153e-10	3.857523e-01	4.072452e+01
5.500000e-06	1.080051e-08	3.579198e-10	5.819045e-02	3.853460e+01
5.510000e-06	-4.998306e-08	3.365489e-10	-2.692963e-01	3.630533e+01
5.520000e-06	-1.108617e-07	3.153238e-10	-5.972950e-01	3.403758e+01
5.530000e-06	-1.718539e-07	2.944368e-10	-9.259061e-01	3.173247e+01
5.540000e-06	-2.327318e-07	2.736640e-10	-1.253901e+00	2.939130e+01
5.550000e-06	-2.935408e-07	2.529876e-10	-1.581525e+00	2.701564e+01
5.560000e-06	-3.544664e-07	2.317194e-10	-1.909776e+00	2.460725e+01
5.570000e-06	-4.153314e-07	2.088848e-10	-2.237702e+00	2.216809e+01
5.580000e-06	-4.760156e-07	1.847033e-10	-2.564653e+00	1.970034e+01
5.590000e-06	-5.366885e-07	1.602860e-10	-2.891544e+00	1.720633e+01
5.600000e-06	-5.974468e-07	1.366231e-10	-3.218894e+00	1.468857e+01
5.610000e-06	-6.581546e-07	1.139893e-10	-3.545973e+00	1.214971e+01
5.620000e-06	-7.186748e-07	9.187780e-11	-3.872041e+00	9.592524e+00
5.630000e-06	-7.791149e-07	6.881310e-11	-4.197677e+00	7.019898e+00
5.640000e-06	-8.395612e-07	4.426705e-11	-4.523347e+00	4.434785e+00
5.650000e-06	-8.999255e-07	1.934274e-11	-4.848574e+00	1.840199e+00
5.660000e-06	-9.602438e-07	-5.066217e-12	-5.173554e+00	-7.608113e-01
5.670000e-06	-1.020523e-06	-2.820849e-11	-5.498322e+00	-3.365194e+00
5.680000e-06	-1.080741e-06	-5.021300e-11	-5.822761e+00	-5.969909e+00
5.690000e-06	-1.140958e-06	-7.280831e-11	-6.147200e+00	-8.571961e+00
5.700000e-06	-1.201083e-06	-9.585988e-11	-6.471134e+00	-1.116841e+01
5.710000e-06	-1.261191e-06	-1.190913e-10	-6.794981e+00	-1.375641e+01
5.720000e-06	-1.321304e-06	-1.422673e-10	-7.118857e+00	-1.633321e+01
5.730000e-06	-1.381245e-06	-1.649206e-10	-7.441805e+00	-1.889618e+01
5.740000e-06	-1.440994e-06	-1.887861e-10	-7.763719e+00	-2.144283e+01
5.750000e-06	-1.500697e-06	-2.130867e-10	-8.085380e+00	-2.397083e+01
5.760000e-06	-1.560446e-06	-2.361727e-10	-8.407296e+00	-2.647800e+01
5.770000e-06	-1.620149e-06	-2.591903e-10	-8.728957e+00	-2.896235e+01
5.780000e-06	-1.679722e-06	-2.831623e-10	-9.049923e+00	-3.142204e+01
5.790000e-06	-1.739199e-06	-3.076492e-10	-9.370371e+00	-3.385546e+01
5.800000e-06	-1.798524e-06	-3.318198e-10	-9.690000e+00	-3.626113e+01
5.810000e-06	-1.857647e-06	-3.541611e-10	-1.000854e+01	-3.863781e+01
5.820000e-06	-1.916717e-06	-3.749666e-10	-1.032680e+01	-4.098440e+01
5.830000e-06	-1.975754e-06	-3.971646e-10	-1.064487e+01	-4.329999e+01
5.840000e-06	-2.034562e-06	-4.203764e-10	-1.096171e+01	-4.558385e+01
5.850000e-06	-2.093113e-06	-4.419622e-10	-1.127717e+01	-4.783540e+01
5.860000e-06	-2.151570e-06	-4.616113e-10	-1.159212e+01	-5.005421e+01
5.870000e-06	-2.209914e-06	-4.807036e-10	-1.190647e+01	-5.223999e+01
5.880000e-06	-2.267979e-06	-4.999116e-10	-1.221930e+01	-5.439258e+01
5.890000e-06	-2.325830e-06	-5.189278e-10	-1.253099e+01	-5.651193e+01
5.900000e-06	-2.383603e-06	-5.385262e-10	-1.284226e+01	-5.859809e+01
5.910000e-06	-2.441249e-06	-5.590042e-10	-1.315284e+01	-6.065117e+01
5.920000e-06	-2.498633e-06	-5.793153e-10	-1.346201e+01	-6.267139e+01
5.930000e-06	-2.555709e-06	-6.000669e-10	-1.376952e+01	-6.465900e+01
5.940000e-06	-2.612652e-06	-6.206842e-10	-1.407632e+01	-6.661429e+01
5.950000e-06	-2.669538e-06	-6.396830e-10	-1.438281e+01	-6.853759e+01
5.960000e-06	-2.726332e-06	-6.568411e-10	-1.468880e+01	-7.042926e+01
5.970000e-06	-2.782972e-06	-6.735168e-10	-1.499396e+01	-7.228965e+01
5.980000e-06	-2.839382e-06	-6.907941e-10	-1.529788e+01	-7.411910e+01
5.990000e-06	-2.895584e-06	-7.078472e-10	-1.560068e+01	-7.591799e+01
6.000000e-06	-2.951638e-06	-7.240761e-10	-1.590269e+01	-7.768663e+01
6.010000e-06	-3.007613e-06	-7.391402e-10	-1.620427e+01	-7.942534e+01
6.020000e-06	-3.063490e-06	-7.536525e-10	-1.650532e+01	-8.113442e+01
6.030000e-06	-3.119097e-06	-7.693453e-10	-1.680492e+01	-8.281415e+01
6.040000e-06	-3.174315e-06	-7.855250e-10	-1.710242e+01	-8.446476e+01
6.050000e-06	-3.229206e-06	-8.002340e-10	-1.739816e+01	-8.608649e+01
6.060000e-06	-3.283745e-06	-8.143979e-10	-1.769200e+01	-8.767954e+01
6.070000e-06	-3.337964e-06	-8.289812e-10	-1.798412e+01	-8.924411e+01
6.080000e-06	-3.391719e-06	-8.440621e-10	-1.827374e+01	-9.078035e+01
6.090000e-06	-3.444909e-06	-8.590568e-10	-1.856031e+01	-9.228844e+01
6.100000e-06	-3.497775e-06	-8.730313e-10	-1.884514e+01	-9.376854e+01
6.110000e-06	-3.550480e-06	-8.855658e-10	-1.912910e+01	-9.522081e+01
6.120000e-06	-3.603023e-06	-8.981081e-10	-1.941219e+01	-9.664542e+01
6.130000e-06	-3.655261e-06	-9.116257e-10	-1.969363e+01	-9.804253e+01
6.140000e-06	-3.707237e-06	-9.243609e-10	-1.997367e+01	-9.941236e+01
6.150000e-06	-3.759054e-06	-9.358482e-10	-2.025284e+01	-1.007551e+02
6.160000e-06	-3.810689e-06	-9.479571e-10	-2.053104e+01	-1.020710e+02
6.170000e-06	-3.861924e-06	-9.611806e-10	-2.080708e+01	-1.033604e+02
6.180000e-06	-3.912786e-06	-9.739771e-10	-2.108112e+01	-1.046234e+02
6.190000e-06	-3.963334e-06	-9.851618e-10	-2.135346e+01	-1.058606e+02
6.200000e-06	-4.013544e-06	-9.948967e-10	-2.162397e+01	-1.070721e+02
6.210000e-06	-4.063515e-06	-1.004149e-09	-2.189321e+01	-1.082585e+02
6.220000e-06	-4.113096e-06	-1.013981e-09	-2.216033e+01	-1.094201e+02
6.230000e-06	-4.162170e-06	-1.024029e-09	-2.242474e+01	-1.105574e+02
6.240000e-06	-4.210814e-06	-1.033776e-09	-2.268682e+01	-1.116710e+02
6.250000e-06	-4.259127e-06	-1.043926e-09	-2.294711e+01	-1.127613e+02
6.260000e-06	-4.306994e-06	-1.053891e-09	-2.320501e+01	-1.138288e+02
6.270000e-06	-4.354357e-06	-1.063436e-09	-2.346019e+01	-1.148742e+02
6.280000e-06	-4.401348e-06	-1.073059e-09	-2.371336e+01	-1.158979e+02
6.290000e-06	-4.448111e-06	-1.081963e-09	-2.396532e+01	-1.169006e+02
6.300000e-06	-4.494741e-06	-1.091048e-09	-2.421654e+01	-1.178829e+02
6.310000e-06	-4.541136e-06	-1.101021e-09	-2.446651e+01	-1.188453e+02
6.320000e-06	-4.587208e-06	-1.110474e-09	-2.471473e+01	-1.197884e+02
6.330000e-06	-4.633034e-06	-1.119318e-09	-2.496163e+01	-1.207128e+02
6.340000e-06	-4.678496e-06	-1.127528e-09	-2.520657e+01	-1.216190e+02
6.350000e-06	-4.723551e-06	-1.135343e-09	-2.544931e+01	-1.225075e+02
6.360000e-06	-4.768331e-06	-1.142571e-09	-2.569058e+01	-1.233789e+02
6.370000e-06	-4.812828e-06	-1.149631e-09	-2.593032e+01	-1.242336e+02
6.380000e-06	-4.857130e-06	-1.156782e-09	-2.616900e+01	-1.250720e+02
6.390000e-06	-4.901202e-06	-1.162713e-09	-2.640646e+01	-1.258947e+02
6.400000e-06	-4.944934e-06	-1.168821e-09	-2.664207e+01	-1.267019e+02
6.410000e-06	-4.988393e-06	-1.176628e-09	-2.687622e+01	-1.274940e+02
6.420000e-06	-5.031509e-06	-1.184569e-09	-2.710852e+01	-1.282714e+02
6.430000e-06	-5.074347e-06	-1.190691e-09	-2.733931e+01	-1.290343e+02
6.440000e-06	-5.116912e-06	-1.195125e-09	-2.756865e+01	-1.297831e+02
6.450000e-06	-5.159050e-06	-1.199876e-09	-2.779568e+01	-1.305179e+02
6.460000e-06	-5.200770e-06	-1.206543e-09	-2.802045e+01	-1.312389e+02
6.470000e-06	-5.242034e-06	-1.213791e-09	-2.824277e+01	-1.319465e+02
6.480000e-06	-5.282842e-06	-1.219705e-09	-2.846264e+01	-1.326408e+02
6.490000e-06	-5.323344e-06	-1.225212e-09	-2.868085e+01	-1.333219e+02
6.500000e-06	-5.363568e-06	-1.230766e-09	-2.889757e+01	-1.339899e+02
6.510000e-06	-5.403521e-06	-1.236327e-09	-2.911282e+01	-1.346452e+02
6.520000e-06	-5.443251e-06	-1.241993e-09	-2.932688e+01	-1.352878e+02
6.530000e-06	-5.482584e-06	-1.246516e-09	-2.953880e+01	-1.359178e+02
6.540000e-06	-5.521423e-06	-1.250697e-09	-2.974805e+01	-1.365355e+02
6.550000e-06	-5.559749e-06	-1.256587e-09	-2.995454e+01	-1.371410e+02
6.560000e-06	-5.597535e-06	-1.262656e-09	-3.015812e+01	-1.377344e+02
6.570000e-06	-5.634853e-06	-1.267846e-09	-3.035918e+01	-1.383160e+02
6.580000e-06	-5.671627e-06	-1.272913e-09	-3.055731e+01	-1.388859e+02
6.590000e-06	-5.707932e-06	-1.277641e-09	-3.075292e+01	-1.394443e+02
6.600000e-06	-5.743959e-06	-1.281826e-09	-3.094702e+01	-1.399915e+02
6.610000e-06	-5.779662e-06	-1.285631e-09	-3.113938e+01	-1.405276e+02
6.620000e-06	-5.814983e-06	-1.288624e-09	-3.132968e+01	-1.410529e+02
6.630000e-06	-5.849929e-06	-1.290294e-09	-3.151796e+01	-1.415676e+02
6.640000e-06	-5.884493e-06	-1.293458e-09	-3.170418e+01	-1.420719e+02
6.650000e-06	-5.918658e-06	-1.298896e-09	-3.188826e+01	-1.425660e+02
6.660000e-06	-5.952379e-06	-1.302959e-09	-3.206994e+01	-1.430503e+02
6.670000e-06	-5.985558e-06	-1.305764e-09	-3.224869e+01	-1.435248e+02
6.680000e-06	-6.018298e-06	-1.308954e-09	-3.242509e+01	-1.439899e+02
6.690000e-06	-6.050746e-06	-1.311900e-09	-3.259991e+01	-1.444458e+02
6.700000e-06	-6.082888e-06	-1.315667e-09	-3.277308e+01	-1.448927e+02
6.710000e-06	-6.114684e-06	-1.320220e-09	-3.294439e+01	-1.453307e+02
6.720000e-06	-6.146096e-06	-1.323613e-09	-3.311363e+01	-1.457602e+02
6.730000e-06	-6.177040e-06	-1.325164e-09	-3.328035e+01	-1.461811e+02
6.740000e-06	-6.207259e-06	-1.327018e-09	-3.344316e+01	-1.465938e+02
6.750000e-06	-6.236722e-06	-1.330615e-09	-3.360190e+01	-1.469983e+02
6.760000e-06	-6.265641e-06	-1.333516e-09	-3.375771e+01	-1.473948e+02
6.770000e-06	-6.294179e-06	-1.335567e-09	-3.391147e+01	-1.477834e+02
6.780000e-06	-6.322451e-06	-1.337378e-09	-3.406379e+01	-1.481642e+02
6.790000e-06	-6.350346e-06	-1.339183e-09	-3.421408e+01	-1.485373e+02
6.800000e-06	-6.377783e-06	-1.340601e-09	-3.436190e+01	-1.489029e+02
6.810000e-06	-6.404786e-06	-1.341000e-09	-3.450739e+01	-1.492608e+02
6.820000e-06	-6.431407e-06	-1.341329e-09	-3.465082e+01	-1.496114e+02
6.830000e-06	-6.457544e-06	-1.343047e-09	-3.479164e+01	-1.499545e+02
6.840000e-06	-6.483156e-06	-1.346716e-09	-3.492963e+01	-1.502903e+02
6.850000e-06	-6.508300e-06	-1.349812e-09	-3.506510e+01	-1.506189e+02
6.860000e-06	-6.532990e-06	-1.351223e-09	-3.519812e+01	-1.509403e+02
6.870000e-06	-6.557297e-06	-1.352639e-09	-3.532908e+01	-1.512546e+02
6.880000e-06	-6.581296e-06	-1.354907e-09	-3.545838e+01	-1.515619e+02
6.890000e-06	-6.604980e-06	-1.356714e-09	-3.558599e+01	-1.518624e+02
6.900000e-06	-6.628072e-06	-1.357489e-09	-3.571040e+01	-1.521561e+02
6.910000e-06	-6.650359e-06	-1.358371e-09	-3.583048e+01	-1.524431e+02
6.920000e-06	-6.671956e-06	-1.359920e-09	-3.594683e+01	-1.527237e+02
6.930000e-06	-6.692969e-06	-1.361539e-09	-3.606005e+01	-1.529979e+02
6.940000e-06	-6.713480e-06	-1.362710e-09	-3.617056e+01	-1.532660e+02
6.950000e-06	-6.733707e-06	-1.363966e-09	-3.627954e+01	-1.535281e+02
6.960000e-06	-6.753629e-06	-1.365482e-09	-3.638687e+01	-1.537844e+02
6.970000e-06	-6.773132e-06	-1.366771e-09	-3.649195e+01	-1.540352e+02
6.980000e-06	-6.792121e-06	-1.367918e-09	-3.659425e+01	-1.542805e+02
6.990000e-06	-6.810517e-06	-1.368925e-09	-3.669337e+01	-1.545208e+02
7.000000e-06	-6.828410e-06	-1.369273e-09	-3.678977e+01	-1.547560e+02
7.010000e-06	-6.845908e-06	-1.368740e-09	-3.688404e+01	-1.549865e+02
7.020000e-06	-6.862949e-06	-1.368119e-09	-3.697586e+01	-1.552124e+02
7.030000e-06	-6.879461e-06	-1.368759e-09	-3.706482e+01	-1.554339e+02
7.040000e-06	-6.895640e-06	-1.370501e-09	-3.715199e+01	-1.556511e+02
7.050000e-06	-6.911605e-06	-1.372229e-09	-3.723800e+01	-1.558643e+02
7.060000e-06	-6.927075e-06	-1.373564e-09	-3.732135e+01	-1.560734e+02
7.070000e-06	-6.941752e-06	-1.374787e-09	-3.740043e+01	-1.562786e+02
7.080000e-06	-6.955574e-06	-1.375225e-09	-3.747490e+01	-1.564799e+02
7.090000e-06	-6.968693e-06	-1.374762e-09	-3.754558e+01	-1.566774e+02
7.100000e-06	-6.981223e-06	-1.374674e-09	-3.761309e+01	-1.568709e+02
7.110000e-06	-6.993064e-06	-1.375611e-09	-3.767689e+01	-1.570605e+02
7.120000e-06	-7.004398e-06	-1.376751e-09	-3.773795e+01	-1.572461e+02
7.130000e-06	-7.015334e-06	-1.377496e-09	-3.779687e+01	-1.574274e+02
7.140000e-06	-7.025819e-06	-1.378127e-09	-3.785336e+01	-1.576044e+02
7.150000e-06	-7.035873e-06	-1.378424e-09	-3.790753e+01	-1.577769e+02
7.160000e-06	-7.045455e-06	-1.378958e-09	-3.795916e+01	-1.579445e+02
7.170000e-06	-7.054586e-06	-1.379359e-09	-3.800835e+01	-1.581071e+02
7.180000e-06	-7.063328e-06	-1.379282e-09	-3.805545e+01	-1.582643e+02
7.190000e-06	-7.071764e-06	-1.379387e-09	-3.810090e+01	-1.584159e+02
7.200000e-06	-7.079852e-06	-1.380038e-09	-3.814448e+01	-1.585615e+02
7.210000e-06	-7.087327e-06	-1.381110e-09	-3.818475e+01	-1.587008e+02
7.220000e-06	-7.094112e-06	-1.380774e-09	-3.822131e+01	-1.588335e+02
7.230000e-06	-7.100170e-06	-1.379120e-09	-3.825394e+01	-1.589592e+02
7.240000e-06	-7.105507e-06	-1.378574e-09	-3.828270e+01	-1.590777e+02
7.250000e-06	-7.110347e-06	-1.379738e-09	-3.830878e+01	-1.591886e+02
7.260000e-06	-7.114728e-06	-1.380591e-09	-3.833238e+01	-1.592916e+02
7.270000e-06	-7.118684e-06	-1.379869e-09	-3.835370e+01	-1.593866e+02
7.280000e-06	-7.122161e-06	-1.379626e-09	-3.837243e+01	-1.594733e+02
7.290000e-06	-7.125086e-06	-1.380204e-09	-3.838819e+01	-1.595515e+02
7.300000e-06	-7.127590e-06	-1.379357e-09	-3.840168e+01	-1.596211e+02
7.310000e-06	-7.129613e-06	-1.377369e-09	-3.841258e+01	-1.596819e+02
7.320000e-06	-7.130948e-06	-1.377097e-09	-3.841977e+01	-1.597340e+02
7.330000e-06	-7.131878e-06	-1.377850e-09	-3.842478e+01	-1.597772e+02
7.340000e-06	-7.132561e-06	-1.377219e-09	-3.842846e+01	-1.598117e+02
