# Temperatura_=_20.0
# Concentracion g/m^3_=_7400.0
# C_Vs_to_Am_M_A/Vsm_=_116720831517.84952
# pendiente_HvsI_1/m_=_3716.3
# ordenada_HvsI_A/m_=_1297.0
# frecuencia_Hz_=_136113.74484670415

Tiempo_(s)	Campo_(V.s)	Magnetizacion_(V.s)	Campo_(kA/m)	Magnetizacion_(A/m)
0.000000e+00	-7.102050e-06	-1.343812e-09	-3.842962e+01	-1.552065e+02
1.000000e-08	-7.102289e-06	-1.344204e-09	-3.843091e+01	-1.551722e+02
2.000000e-08	-7.102194e-06	-1.344120e-09	-3.843040e+01	-1.551313e+02
3.000000e-08	-7.101590e-06	-1.343092e-09	-3.842713e+01	-1.550841e+02
4.000000e-08	-7.100153e-06	-1.341672e-09	-3.841935e+01	-1.550307e+02
5.000000e-08	-7.097854e-06	-1.340921e-09	-3.840691e+01	-1.549715e+02
6.000000e-08	-7.094886e-06	-1.340275e-09	-3.839085e+01	-1.549069e+02
7.000000e-08	-7.091396e-06	-1.340984e-09	-3.837197e+01	-1.548371e+02
8.000000e-08	-7.087548e-06	-1.345562e-09	-3.835115e+01	-1.547627e+02
9.000000e-08	-7.083122e-06	-1.335264e-09	-3.832720e+01	-1.546839e+02
1.000000e-07	-7.077746e-06	-1.295218e-09	-3.829811e+01	-1.546012e+02
1.100000e-07	-7.071682e-06	-1.289251e-09	-3.826529e+01	-1.545151e+02
1.200000e-07	-7.065514e-06	-1.368308e-09	-3.823192e+01	-1.544260e+02
1.300000e-07	-7.059269e-06	-1.396619e-09	-3.819813e+01	-1.543343e+02
1.400000e-07	-7.052379e-06	-1.294419e-09	-3.816085e+01	-1.542405e+02
1.500000e-07	-7.044884e-06	-1.250428e-09	-3.812029e+01	-1.541449e+02
1.600000e-07	-7.037155e-06	-1.367143e-09	-3.807847e+01	-1.540480e+02
1.700000e-07	-7.029106e-06	-1.405836e-09	-3.803491e+01	-1.539501e+02
1.800000e-07	-7.020480e-06	-1.251132e-09	-3.798824e+01	-1.538516e+02
1.900000e-07	-7.010997e-06	-1.210927e-09	-3.793692e+01	-1.537527e+02
2.000000e-07	-7.000792e-06	-1.387162e-09	-3.788170e+01	-1.536537e+02
2.100000e-07	-6.990293e-06	-1.425486e-09	-3.782490e+01	-1.535548e+02
2.200000e-07	-6.979240e-06	-1.243917e-09	-3.776508e+01	-1.534559e+02
2.300000e-07	-6.967373e-06	-1.215629e-09	-3.770087e+01	-1.533573e+02
2.400000e-07	-6.955013e-06	-1.370151e-09	-3.763399e+01	-1.532589e+02
2.500000e-07	-6.942209e-06	-1.359814e-09	-3.756471e+01	-1.531606e+02
2.600000e-07	-6.928568e-06	-1.231626e-09	-3.749090e+01	-1.530622e+02
2.700000e-07	-6.914168e-06	-1.280189e-09	-3.741297e+01	-1.529636e+02
2.800000e-07	-6.899473e-06	-1.368618e-09	-3.733346e+01	-1.528644e+02
2.900000e-07	-6.884145e-06	-1.287814e-09	-3.725052e+01	-1.527642e+02
3.000000e-07	-6.867890e-06	-1.245754e-09	-3.716257e+01	-1.526627e+02
3.100000e-07	-6.851185e-06	-1.330786e-09	-3.707217e+01	-1.525594e+02
3.200000e-07	-6.834317e-06	-1.304305e-09	-3.698090e+01	-1.524537e+02
3.300000e-07	-6.817001e-06	-1.219460e-09	-3.688720e+01	-1.523452e+02
3.400000e-07	-6.799134e-06	-1.307033e-09	-3.679052e+01	-1.522332e+02
3.500000e-07	-6.780691e-06	-1.370053e-09	-3.669072e+01	-1.521170e+02
3.600000e-07	-6.761590e-06	-1.241684e-09	-3.658737e+01	-1.519962e+02
3.700000e-07	-6.742073e-06	-1.208884e-09	-3.648176e+01	-1.518701e+02
3.800000e-07	-6.722356e-06	-1.334157e-09	-3.637507e+01	-1.517380e+02
3.900000e-07	-6.702389e-06	-1.314345e-09	-3.626703e+01	-1.515993e+02
4.000000e-07	-6.681814e-06	-1.213554e-09	-3.615569e+01	-1.514536e+02
4.100000e-07	-6.660658e-06	-1.275046e-09	-3.604122e+01	-1.513001e+02
4.200000e-07	-6.639207e-06	-1.330123e-09	-3.592515e+01	-1.511385e+02
4.300000e-07	-6.617353e-06	-1.250545e-09	-3.580690e+01	-1.509683e+02
4.400000e-07	-6.594930e-06	-1.244198e-09	-3.568556e+01	-1.507892e+02
4.500000e-07	-6.571968e-06	-1.300432e-09	-3.556131e+01	-1.506007e+02
4.600000e-07	-6.548557e-06	-1.252860e-09	-3.543463e+01	-1.504027e+02
4.700000e-07	-6.524868e-06	-1.227116e-09	-3.530645e+01	-1.501949e+02
4.800000e-07	-6.501009e-06	-1.294280e-09	-3.517735e+01	-1.499773e+02
4.900000e-07	-6.476743e-06	-1.280471e-09	-3.504605e+01	-1.497498e+02
5.000000e-07	-6.451668e-06	-1.218843e-09	-3.491036e+01	-1.495124e+02
5.100000e-07	-6.425652e-06	-1.251232e-09	-3.476959e+01	-1.492653e+02
5.200000e-07	-6.399018e-06	-1.273857e-09	-3.462547e+01	-1.490086e+02
5.300000e-07	-6.371931e-06	-1.229127e-09	-3.447890e+01	-1.487426e+02
5.400000e-07	-6.344381e-06	-1.231772e-09	-3.432982e+01	-1.484674e+02
5.500000e-07	-6.316509e-06	-1.256876e-09	-3.417901e+01	-1.481836e+02
5.600000e-07	-6.288328e-06	-1.232087e-09	-3.402652e+01	-1.478913e+02
5.700000e-07	-6.259721e-06	-1.224230e-09	-3.387173e+01	-1.475911e+02
5.800000e-07	-6.230662e-06	-1.242433e-09	-3.371449e+01	-1.472833e+02
5.900000e-07	-6.201176e-06	-1.226450e-09	-3.355493e+01	-1.469684e+02
6.000000e-07	-6.171368e-06	-1.212799e-09	-3.339364e+01	-1.466468e+02
6.100000e-07	-6.141133e-06	-1.226484e-09	-3.323004e+01	-1.463189e+02
6.200000e-07	-6.110203e-06	-1.223077e-09	-3.306267e+01	-1.459852e+02
6.300000e-07	-6.078890e-06	-1.211711e-09	-3.289324e+01	-1.456460e+02
6.400000e-07	-6.047432e-06	-1.213743e-09	-3.272301e+01	-1.453016e+02
6.500000e-07	-6.015748e-06	-1.207418e-09	-3.255157e+01	-1.449525e+02
6.600000e-07	-5.983719e-06	-1.199368e-09	-3.237826e+01	-1.445988e+02
6.700000e-07	-5.951186e-06	-1.203778e-09	-3.220223e+01	-1.442409e+02
6.800000e-07	-5.918137e-06	-1.200814e-09	-3.202339e+01	-1.438787e+02
6.900000e-07	-5.884374e-06	-1.191863e-09	-3.184070e+01	-1.435126e+02
7.000000e-07	-5.849922e-06	-1.189346e-09	-3.165428e+01	-1.431425e+02
7.100000e-07	-5.814866e-06	-1.183004e-09	-3.146459e+01	-1.427683e+02
7.200000e-07	-5.779335e-06	-1.175516e-09	-3.127233e+01	-1.423901e+02
7.300000e-07	-5.743587e-06	-1.175632e-09	-3.107889e+01	-1.420077e+02
7.400000e-07	-5.707639e-06	-1.171405e-09	-3.088438e+01	-1.416210e+02
7.500000e-07	-5.671341e-06	-1.164532e-09	-3.068797e+01	-1.412297e+02
7.600000e-07	-5.634620e-06	-1.165377e-09	-3.048927e+01	-1.408335e+02
7.700000e-07	-5.597469e-06	-1.163860e-09	-3.028824e+01	-1.404321e+02
7.800000e-07	-5.559913e-06	-1.154719e-09	-3.008502e+01	-1.400252e+02
7.900000e-07	-5.521897e-06	-1.147010e-09	-2.987931e+01	-1.396125e+02
8.000000e-07	-5.483375e-06	-1.141539e-09	-2.967087e+01	-1.391935e+02
8.100000e-07	-5.444462e-06	-1.136065e-09	-2.946031e+01	-1.387678e+02
8.200000e-07	-5.405217e-06	-1.132636e-09	-2.924795e+01	-1.383351e+02
8.300000e-07	-5.365747e-06	-1.128703e-09	-2.903438e+01	-1.378949e+02
8.400000e-07	-5.326065e-06	-1.122613e-09	-2.881965e+01	-1.374469e+02
8.500000e-07	-5.286143e-06	-1.117885e-09	-2.860364e+01	-1.369907e+02
8.600000e-07	-5.245956e-06	-1.115068e-09	-2.838618e+01	-1.365259e+02
8.700000e-07	-5.205218e-06	-1.110356e-09	-2.816575e+01	-1.360523e+02
8.800000e-07	-5.163912e-06	-1.103267e-09	-2.794224e+01	-1.355695e+02
8.900000e-07	-5.122045e-06	-1.095462e-09	-2.771569e+01	-1.350773e+02
9.000000e-07	-5.079417e-06	-1.089598e-09	-2.748503e+01	-1.345754e+02
9.100000e-07	-5.036188e-06	-1.086070e-09	-2.725111e+01	-1.340638e+02
9.200000e-07	-4.992701e-06	-1.081160e-09	-2.701580e+01	-1.335421e+02
9.300000e-07	-4.949088e-06	-1.074289e-09	-2.677981e+01	-1.330104e+02
9.400000e-07	-4.905267e-06	-1.069015e-09	-2.654269e+01	-1.324685e+02
9.500000e-07	-4.861125e-06	-1.065423e-09	-2.630384e+01	-1.319164e+02
9.600000e-07	-4.816633e-06	-1.061288e-09	-2.606309e+01	-1.313541e+02
9.700000e-07	-4.771826e-06	-1.055509e-09	-2.582064e+01	-1.307816e+02
9.800000e-07	-4.726657e-06	-1.048957e-09	-2.557622e+01	-1.301988e+02
9.900000e-07	-4.681181e-06	-1.042677e-09	-2.533015e+01	-1.296060e+02
1.000000e-06	-4.635520e-06	-1.037860e-09	-2.508307e+01	-1.290030e+02
1.010000e-06	-4.589528e-06	-1.034090e-09	-2.483421e+01	-1.283900e+02
1.020000e-06	-4.543131e-06	-1.029224e-09	-2.458315e+01	-1.277670e+02
1.030000e-06	-4.496358e-06	-1.023068e-09	-2.433006e+01	-1.271340e+02
1.040000e-06	-4.449239e-06	-1.017985e-09	-2.407510e+01	-1.264912e+02
1.050000e-06	-4.401859e-06	-1.014495e-09	-2.381872e+01	-1.258384e+02
1.060000e-06	-4.354289e-06	-1.010424e-09	-2.356132e+01	-1.251756e+02
1.070000e-06	-4.306533e-06	-1.005403e-09	-2.330291e+01	-1.245029e+02
1.080000e-06	-4.258569e-06	-9.995510e-10	-2.304337e+01	-1.238202e+02
1.090000e-06	-4.210260e-06	-9.931791e-10	-2.278197e+01	-1.231273e+02
1.100000e-06	-4.161472e-06	-9.869244e-10	-2.251798e+01	-1.224241e+02
1.110000e-06	-4.112254e-06	-9.808351e-10	-2.225165e+01	-1.217105e+02
1.120000e-06	-4.062609e-06	-9.742652e-10	-2.198302e+01	-1.209863e+02
1.130000e-06	-4.012414e-06	-9.675278e-10	-2.171141e+01	-1.202512e+02
1.140000e-06	-3.961650e-06	-9.617727e-10	-2.143672e+01	-1.195050e+02
1.150000e-06	-3.910561e-06	-9.570871e-10	-2.116028e+01	-1.187474e+02
1.160000e-06	-3.859230e-06	-9.515682e-10	-2.088253e+01	-1.179781e+02
1.170000e-06	-3.807656e-06	-9.444770e-10	-2.060346e+01	-1.171967e+02
1.180000e-06	-3.755739e-06	-9.376209e-10	-2.032253e+01	-1.164029e+02
1.190000e-06	-3.703371e-06	-9.317243e-10	-2.003916e+01	-1.155964e+02
1.200000e-06	-3.650704e-06	-9.253910e-10	-1.975418e+01	-1.147768e+02
1.210000e-06	-3.597852e-06	-9.183704e-10	-1.946819e+01	-1.139438e+02
1.220000e-06	-3.544816e-06	-9.109984e-10	-1.918121e+01	-1.130970e+02
1.230000e-06	-3.491590e-06	-9.032703e-10	-1.889320e+01	-1.122362e+02
1.240000e-06	-3.438152e-06	-8.959571e-10	-1.860404e+01	-1.113609e+02
1.250000e-06	-3.384466e-06	-8.896563e-10	-1.831355e+01	-1.104710e+02
1.260000e-06	-3.330584e-06	-8.826921e-10	-1.802199e+01	-1.095663e+02
1.270000e-06	-3.276405e-06	-8.738807e-10	-1.772883e+01	-1.086464e+02
1.280000e-06	-3.221931e-06	-8.651103e-10	-1.743406e+01	-1.077113e+02
1.290000e-06	-3.167199e-06	-8.575858e-10	-1.713791e+01	-1.067608e+02
1.300000e-06	-3.112179e-06	-8.494854e-10	-1.684019e+01	-1.057949e+02
1.310000e-06	-3.057013e-06	-8.400705e-10	-1.654168e+01	-1.048135e+02
1.320000e-06	-3.001716e-06	-8.310355e-10	-1.624246e+01	-1.038167e+02
1.330000e-06	-2.946245e-06	-8.230402e-10	-1.594231e+01	-1.028046e+02
1.340000e-06	-2.890633e-06	-8.148499e-10	-1.564139e+01	-1.017772e+02
1.350000e-06	-2.834939e-06	-8.057234e-10	-1.534002e+01	-1.007346e+02
1.360000e-06	-2.779142e-06	-7.961234e-10	-1.503810e+01	-9.967721e+01
1.370000e-06	-2.723149e-06	-7.871701e-10	-1.473512e+01	-9.860510e+01
1.380000e-06	-2.666947e-06	-7.790018e-10	-1.443101e+01	-9.751854e+01
1.390000e-06	-2.610703e-06	-7.702599e-10	-1.412667e+01	-9.641781e+01
1.400000e-06	-2.554387e-06	-7.604928e-10	-1.382194e+01	-9.530318e+01
1.410000e-06	-2.497692e-06	-7.503770e-10	-1.351516e+01	-9.417494e+01
1.420000e-06	-2.440600e-06	-7.413262e-10	-1.320623e+01	-9.303338e+01
1.430000e-06	-2.383247e-06	-7.326189e-10	-1.289589e+01	-9.187874e+01
1.440000e-06	-2.325622e-06	-7.228040e-10	-1.258408e+01	-9.071129e+01
1.450000e-06	-2.267792e-06	-7.117703e-10	-1.227116e+01	-8.953123e+01
1.460000e-06	-2.209789e-06	-7.004407e-10	-1.195730e+01	-8.833875e+01
1.470000e-06	-2.151468e-06	-6.896138e-10	-1.164172e+01	-8.713397e+01
1.480000e-06	-2.092913e-06	-6.789640e-10	-1.132488e+01	-8.591696e+01
1.490000e-06	-2.034096e-06	-6.682868e-10	-1.100661e+01	-8.468773e+01
1.500000e-06	-1.974888e-06	-6.570437e-10	-1.068624e+01	-8.344623e+01
1.510000e-06	-1.915564e-06	-6.453322e-10	-1.036523e+01	-8.219230e+01
1.520000e-06	-1.856307e-06	-6.348161e-10	-1.004459e+01	-8.092574e+01
1.530000e-06	-1.796993e-06	-6.254491e-10	-9.723639e+00	-7.964624e+01
1.540000e-06	-1.737556e-06	-6.146230e-10	-9.402019e+00	-7.835339e+01
1.550000e-06	-1.678034e-06	-6.023660e-10	-9.079941e+00	-7.704673e+01
1.560000e-06	-1.618400e-06	-5.908616e-10	-8.757257e+00	-7.572565e+01
1.570000e-06	-1.558721e-06	-5.803998e-10	-8.434331e+00	-7.438951e+01
1.580000e-06	-1.499066e-06	-5.700605e-10	-8.111536e+00	-7.303754e+01
1.590000e-06	-1.439375e-06	-5.588721e-10	-7.788544e+00	-7.166889e+01
1.600000e-06	-1.379506e-06	-5.470762e-10	-7.464590e+00	-7.028264e+01
1.610000e-06	-1.319467e-06	-5.355470e-10	-7.139716e+00	-6.887780e+01
1.620000e-06	-1.259357e-06	-5.245292e-10	-6.814457e+00	-6.745329e+01
1.630000e-06	-1.199146e-06	-5.130893e-10	-6.488650e+00	-6.600799e+01
1.640000e-06	-1.138882e-06	-5.003470e-10	-6.162561e+00	-6.454072e+01
1.650000e-06	-1.078569e-06	-4.874674e-10	-5.836203e+00	-6.305027e+01
1.660000e-06	-1.018231e-06	-4.763292e-10	-5.509710e+00	-6.153539e+01
1.670000e-06	-9.579104e-07	-4.659359e-10	-5.183310e+00	-5.999484e+01
1.680000e-06	-8.975323e-07	-4.537738e-10	-4.856601e+00	-5.842735e+01
1.690000e-06	-8.370982e-07	-4.400782e-10	-4.529589e+00	-5.683168e+01
1.700000e-06	-7.766476e-07	-4.269073e-10	-4.202486e+00	-5.520663e+01
1.710000e-06	-7.161030e-07	-4.146411e-10	-3.874876e+00	-5.355102e+01
1.720000e-06	-6.554393e-07	-4.022334e-10	-3.546621e+00	-5.186373e+01
1.730000e-06	-5.948134e-07	-3.892770e-10	-3.218571e+00	-5.014373e+01
1.740000e-06	-5.341813e-07	-3.756193e-10	-2.890487e+00	-4.839007e+01
1.750000e-06	-4.734080e-07	-3.616241e-10	-2.561639e+00	-4.660189e+01
1.760000e-06	-4.125606e-07	-3.468763e-10	-2.232390e+00	-4.477848e+01
1.770000e-06	-3.517311e-07	-3.314918e-10	-1.903238e+00	-4.291921e+01
1.780000e-06	-2.908765e-07	-3.165371e-10	-1.573950e+00	-4.102364e+01
1.790000e-06	-2.299540e-07	-3.017643e-10	-1.244295e+00	-3.909146e+01
1.800000e-06	-1.689819e-07	-2.858715e-10	-9.143713e-01	-3.712253e+01
1.810000e-06	-1.080866e-07	-2.694079e-10	-5.848633e-01	-3.511688e+01
1.820000e-06	-4.722093e-08	-2.539953e-10	-2.555153e-01	-3.307473e+01
1.830000e-06	1.367490e-08	-2.377535e-10	7.399569e-02	-3.099649e+01
1.840000e-06	7.457308e-08	-2.199775e-10	4.035194e-01	-2.888274e+01
1.850000e-06	1.355326e-07	-2.029669e-10	7.333751e-01	-2.673428e+01
1.860000e-06	1.965016e-07	-1.874215e-10	1.063282e+00	-2.455211e+01
1.870000e-06	2.573646e-07	-1.713683e-10	1.392615e+00	-2.233740e+01
1.880000e-06	3.182120e-07	-1.539868e-10	1.721864e+00	-2.009153e+01
1.890000e-06	3.790444e-07	-1.365113e-10	2.051032e+00	-1.781607e+01
1.900000e-06	4.398584e-07	-1.187111e-10	2.380100e+00	-1.551278e+01
1.910000e-06	5.007335e-07	-1.001973e-10	2.709499e+00	-1.318359e+01
1.920000e-06	5.615294e-07	-8.216000e-11	3.038469e+00	-1.083058e+01
1.930000e-06	6.222058e-07	-6.413691e-11	3.366793e+00	-8.456005e+00
1.940000e-06	6.828513e-07	-4.522824e-11	3.694949e+00	-6.062260e+00
1.950000e-06	7.434168e-07	-2.549169e-11	4.022673e+00	-3.651859e+00
1.960000e-06	8.038208e-07	-5.461984e-12	4.349523e+00	-1.227434e+00
1.970000e-06	8.641347e-07	1.359355e-11	4.675884e+00	1.208290e+00
1.980000e-06	9.244938e-07	3.166737e-11	5.002491e+00	3.652512e+00
1.990000e-06	9.848010e-07	5.003766e-11	5.328817e+00	6.102368e+00
2.000000e-06	1.044923e-06	6.930055e-11	5.654140e+00	8.554960e+00
2.010000e-06	1.105016e-06	8.882991e-11	5.979305e+00	1.100736e+01
2.020000e-06	1.165119e-06	1.093196e-10	6.304529e+00	1.345666e+01
2.030000e-06	1.225166e-06	1.301696e-10	6.629446e+00	1.589995e+01
2.040000e-06	1.285075e-06	1.498384e-10	6.953616e+00	1.833437e+01
2.050000e-06	1.344909e-06	1.689963e-10	7.277385e+00	2.075711e+01
2.060000e-06	1.404768e-06	1.877965e-10	7.601282e+00	2.316546e+01
2.070000e-06	1.464577e-06	2.061063e-10	7.924916e+00	2.555676e+01
2.080000e-06	1.524301e-06	2.240570e-10	8.248086e+00	2.792851e+01
2.090000e-06	1.583958e-06	2.420342e-10	8.570894e+00	3.027831e+01
2.100000e-06	1.643605e-06	2.603358e-10	8.893646e+00	3.260390e+01
2.110000e-06	1.703191e-06	2.786251e-10	9.216066e+00	3.490318e+01
2.120000e-06	1.762720e-06	2.966281e-10	9.538185e+00	3.717421e+01
2.130000e-06	1.822205e-06	3.144003e-10	9.860059e+00	3.941522e+01
2.140000e-06	1.881556e-06	3.312956e-10	1.018121e+01	4.162462e+01
2.150000e-06	1.940816e-06	3.470350e-10	1.050187e+01	4.380102e+01
2.160000e-06	1.999951e-06	3.633780e-10	1.082185e+01	4.594319e+01
2.170000e-06	2.058854e-06	3.806678e-10	1.114058e+01	4.805011e+01
2.180000e-06	2.117399e-06	3.976182e-10	1.145737e+01	5.012094e+01
2.190000e-06	2.175824e-06	4.137501e-10	1.177351e+01	5.215504e+01
2.200000e-06	2.234110e-06	4.292814e-10	1.208890e+01	5.415194e+01
2.210000e-06	2.291957e-06	4.454499e-10	1.240192e+01	5.611134e+01
2.220000e-06	2.349447e-06	4.616959e-10	1.271300e+01	5.803314e+01
2.230000e-06	2.406565e-06	4.760226e-10	1.302207e+01	5.991738e+01
2.240000e-06	2.463337e-06	4.904703e-10	1.332926e+01	6.176425e+01
2.250000e-06	2.519968e-06	5.060124e-10	1.363570e+01	6.357409e+01
2.260000e-06	2.576397e-06	5.195962e-10	1.394104e+01	6.534735e+01
2.270000e-06	2.632507e-06	5.314124e-10	1.424465e+01	6.708464e+01
2.280000e-06	2.688444e-06	5.442008e-10	1.454733e+01	6.878663e+01
2.290000e-06	2.744258e-06	5.569092e-10	1.484934e+01	7.045409e+01
2.300000e-06	2.799982e-06	5.696176e-10	1.515087e+01	7.208789e+01
2.310000e-06	2.855647e-06	5.841863e-10	1.545208e+01	7.368893e+01
2.320000e-06	2.911161e-06	5.993101e-10	1.575246e+01	7.525818e+01
2.330000e-06	2.966530e-06	6.139036e-10	1.605207e+01	7.679665e+01
2.340000e-06	3.021769e-06	6.268739e-10	1.635098e+01	7.830536e+01
2.350000e-06	3.076763e-06	6.379653e-10	1.664855e+01	7.978534e+01
2.360000e-06	3.131418e-06	6.475777e-10	1.694429e+01	8.123765e+01
2.370000e-06	3.185814e-06	6.563191e-10	1.723863e+01	8.266331e+01
2.380000e-06	3.240084e-06	6.658771e-10	1.753229e+01	8.406333e+01
2.390000e-06	3.294138e-06	6.776030e-10	1.782478e+01	8.543870e+01
2.400000e-06	3.348033e-06	6.909063e-10	1.811640e+01	8.679037e+01
2.410000e-06	3.401726e-06	7.041345e-10	1.840694e+01	8.811926e+01
2.420000e-06	3.455067e-06	7.161018e-10	1.869557e+01	8.942623e+01
2.430000e-06	3.508239e-06	7.266732e-10	1.898329e+01	9.071211e+01
2.440000e-06	3.561223e-06	7.366855e-10	1.926999e+01	9.197765e+01
2.450000e-06	3.613910e-06	7.460013e-10	1.955508e+01	9.322359e+01
2.460000e-06	3.666262e-06	7.544496e-10	1.983836e+01	9.445056e+01
2.470000e-06	3.718280e-06	7.627740e-10	2.011983e+01	9.565918e+01
2.480000e-06	3.770145e-06	7.716620e-10	2.040048e+01	9.685000e+01
2.490000e-06	3.821862e-06	7.805438e-10	2.068032e+01	9.802351e+01
2.500000e-06	3.873295e-06	7.893824e-10	2.095863e+01	9.918014e+01
2.510000e-06	3.924245e-06	7.988269e-10	2.123432e+01	1.003203e+02
2.520000e-06	3.974712e-06	8.078440e-10	2.150740e+01	1.014443e+02
2.530000e-06	4.024703e-06	8.161376e-10	2.177791e+01	1.025525e+02
2.540000e-06	4.074194e-06	8.248893e-10	2.204571e+01	1.036451e+02
2.550000e-06	4.123353e-06	8.330307e-10	2.231171e+01	1.047224e+02
2.560000e-06	4.171998e-06	8.400539e-10	2.257493e+01	1.057845e+02
2.570000e-06	4.220176e-06	8.471987e-10	2.283563e+01	1.068315e+02
2.580000e-06	4.268252e-06	8.553905e-10	2.309577e+01	1.078636e+02
2.590000e-06	4.316166e-06	8.645937e-10	2.335503e+01	1.088810e+02
2.600000e-06	4.363717e-06	8.740565e-10	2.361233e+01	1.098835e+02
2.610000e-06	4.410952e-06	8.830831e-10	2.386792e+01	1.108714e+02
2.620000e-06	4.457977e-06	8.909203e-10	2.412238e+01	1.118446e+02
2.630000e-06	4.504639e-06	8.978203e-10	2.437487e+01	1.128032e+02
2.640000e-06	4.550881e-06	9.046627e-10	2.462509e+01	1.137471e+02
2.650000e-06	4.596823e-06	9.117835e-10	2.487368e+01	1.146764e+02
2.660000e-06	4.642507e-06	9.189834e-10	2.512088e+01	1.155910e+02
2.670000e-06	4.687852e-06	9.255223e-10	2.536625e+01	1.164908e+02
2.680000e-06	4.732864e-06	9.323013e-10	2.560981e+01	1.173759e+02
2.690000e-06	4.777696e-06	9.398203e-10	2.585240e+01	1.182463e+02
2.700000e-06	4.822284e-06	9.469443e-10	2.609367e+01	1.191018e+02
2.710000e-06	4.866506e-06	9.545874e-10	2.633296e+01	1.199424e+02
2.720000e-06	4.910454e-06	9.630744e-10	2.657076e+01	1.207681e+02
2.730000e-06	4.954181e-06	9.712314e-10	2.680737e+01	1.215789e+02
2.740000e-06	4.997734e-06	9.788096e-10	2.704304e+01	1.223748e+02
2.750000e-06	5.041032e-06	9.854717e-10	2.727733e+01	1.231556e+02
2.760000e-06	5.083828e-06	9.917509e-10	2.750890e+01	1.239215e+02
2.770000e-06	5.126048e-06	9.980492e-10	2.773735e+01	1.246725e+02
2.780000e-06	5.167620e-06	1.004861e-09	2.796230e+01	1.254085e+02
2.790000e-06	5.208506e-06	1.012624e-09	2.818354e+01	1.261296e+02
2.800000e-06	5.248830e-06	1.020324e-09	2.840173e+01	1.268359e+02
2.810000e-06	5.288805e-06	1.028014e-09	2.861804e+01	1.275275e+02
2.820000e-06	5.328571e-06	1.035306e-09	2.883322e+01	1.282046e+02
2.830000e-06	5.368152e-06	1.041993e-09	2.904739e+01	1.288672e+02
2.840000e-06	5.407496e-06	1.047713e-09	2.926028e+01	1.295156e+02
2.850000e-06	5.446523e-06	1.051871e-09	2.947146e+01	1.301500e+02
2.860000e-06	5.485146e-06	1.054784e-09	2.968045e+01	1.307706e+02
2.870000e-06	5.523303e-06	1.057933e-09	2.988692e+01	1.313778e+02
2.880000e-06	5.560972e-06	1.063322e-09	3.009075e+01	1.319720e+02
2.890000e-06	5.598177e-06	1.070067e-09	3.029207e+01	1.325533e+02
2.900000e-06	5.634939e-06	1.076542e-09	3.049099e+01	1.331224e+02
2.910000e-06	5.671376e-06	1.082763e-09	3.068816e+01	1.336796e+02
2.920000e-06	5.707581e-06	1.089084e-09	3.088406e+01	1.342254e+02
2.930000e-06	5.743511e-06	1.095531e-09	3.107848e+01	1.347603e+02
2.940000e-06	5.779230e-06	1.100099e-09	3.127176e+01	1.352848e+02
2.950000e-06	5.814684e-06	1.101830e-09	3.146360e+01	1.357995e+02
2.960000e-06	5.849655e-06	1.104174e-09	3.165283e+01	1.363050e+02
2.970000e-06	5.884035e-06	1.109737e-09	3.183886e+01	1.368018e+02
2.980000e-06	5.917775e-06	1.116118e-09	3.202144e+01	1.372906e+02
2.990000e-06	5.950746e-06	1.120921e-09	3.219984e+01	1.377719e+02
3.000000e-06	5.983087e-06	1.125514e-09	3.237484e+01	1.382463e+02
3.010000e-06	6.015133e-06	1.130211e-09	3.254824e+01	1.387144e+02
3.020000e-06	6.046941e-06	1.135156e-09	3.272036e+01	1.391766e+02
3.030000e-06	6.078368e-06	1.140781e-09	3.289041e+01	1.396337e+02
3.040000e-06	6.109329e-06	1.146360e-09	3.305794e+01	1.400859e+02
3.050000e-06	6.139813e-06	1.151425e-09	3.322290e+01	1.405338e+02
3.060000e-06	6.169722e-06	1.156562e-09	3.338474e+01	1.409778e+02
3.070000e-06	6.199250e-06	1.161850e-09	3.354451e+01	1.414183e+02
3.080000e-06	6.228523e-06	1.165926e-09	3.370291e+01	1.418554e+02
3.090000e-06	6.257300e-06	1.169466e-09	3.385862e+01	1.422896e+02
3.100000e-06	6.285692e-06	1.174506e-09	3.401226e+01	1.427208e+02
3.110000e-06	6.313817e-06	1.180359e-09	3.416444e+01	1.431493e+02
3.120000e-06	6.341647e-06	1.183845e-09	3.431503e+01	1.435751e+02
3.130000e-06	6.369274e-06	1.186106e-09	3.446452e+01	1.439981e+02
3.140000e-06	6.396658e-06	1.189366e-09	3.461270e+01	1.444183e+02
3.150000e-06	6.423495e-06	1.192614e-09	3.475792e+01	1.448355e+02
3.160000e-06	6.449404e-06	1.196040e-09	3.489811e+01	1.452495e+02
3.170000e-06	6.474475e-06	1.200458e-09	3.503377e+01	1.456600e+02
3.180000e-06	6.498856e-06	1.204364e-09	3.516570e+01	1.460667e+02
3.190000e-06	6.522741e-06	1.207221e-09	3.529494e+01	1.464692e+02
3.200000e-06	6.546308e-06	1.210228e-09	3.542247e+01	1.468671e+02
3.210000e-06	6.569536e-06	1.213553e-09	3.554815e+01	1.472600e+02
3.220000e-06	6.592397e-06	1.216777e-09	3.567185e+01	1.476473e+02
3.230000e-06	6.614769e-06	1.220639e-09	3.579291e+01	1.480285e+02
3.240000e-06	6.636634e-06	1.225511e-09	3.591122e+01	1.484033e+02
3.250000e-06	6.658013e-06	1.229660e-09	3.602691e+01	1.487709e+02
3.260000e-06	6.678919e-06	1.232626e-09	3.614003e+01	1.491310e+02
3.270000e-06	6.699350e-06	1.236085e-09	3.625059e+01	1.494830e+02
3.280000e-06	6.719374e-06	1.240077e-09	3.635893e+01	1.498265e+02
3.290000e-06	6.739076e-06	1.243573e-09	3.646554e+01	1.501609e+02
3.300000e-06	6.758514e-06	1.247864e-09	3.657072e+01	1.504859e+02
3.310000e-06	6.777416e-06	1.252313e-09	3.667300e+01	1.508011e+02
3.320000e-06	6.795594e-06	1.255202e-09	3.677137e+01	1.511061e+02
3.330000e-06	6.813210e-06	1.257234e-09	3.686669e+01	1.514007e+02
3.340000e-06	6.830445e-06	1.259721e-09	3.695995e+01	1.516845e+02
3.350000e-06	6.847301e-06	1.263170e-09	3.705115e+01	1.519574e+02
3.360000e-06	6.863702e-06	1.266297e-09	3.713990e+01	1.522192e+02
3.370000e-06	6.879539e-06	1.269237e-09	3.722560e+01	1.524698e+02
3.380000e-06	6.894837e-06	1.272927e-09	3.730838e+01	1.527092e+02
3.390000e-06	6.909598e-06	1.276389e-09	3.738825e+01	1.529374e+02
3.400000e-06	6.923794e-06	1.279382e-09	3.746506e+01	1.531543e+02
3.410000e-06	6.937534e-06	1.282619e-09	3.753941e+01	1.533601e+02
3.420000e-06	6.950794e-06	1.285429e-09	3.761116e+01	1.535548e+02
3.430000e-06	6.963552e-06	1.286883e-09	3.768019e+01	1.537386e+02
3.440000e-06	6.975741e-06	1.289146e-09	3.774615e+01	1.539117e+02
3.450000e-06	6.987573e-06	1.292947e-09	3.781018e+01	1.540742e+02
3.460000e-06	6.999014e-06	1.296422e-09	3.787208e+01	1.542264e+02
3.470000e-06	7.009784e-06	1.299473e-09	3.793036e+01	1.543685e+02
3.480000e-06	7.019711e-06	1.302213e-09	3.798408e+01	1.545006e+02
3.490000e-06	7.028634e-06	1.303882e-09	3.803236e+01	1.546230e+02
3.500000e-06	7.036836e-06	1.305107e-09	3.807674e+01	1.547359e+02
3.510000e-06	7.044714e-06	1.306853e-09	3.811937e+01	1.548396e+02
3.520000e-06	7.052241e-06	1.309019e-09	3.816010e+01	1.549342e+02
3.530000e-06	7.059377e-06	1.310979e-09	3.819871e+01	1.550198e+02
3.540000e-06	7.066161e-06	1.312164e-09	3.823542e+01	1.550968e+02
3.550000e-06	7.072349e-06	1.314366e-09	3.826891e+01	1.551652e+02
3.560000e-06	7.077885e-06	1.317081e-09	3.829886e+01	1.552252e+02
3.570000e-06	7.083054e-06	1.318145e-09	3.832683e+01	1.552768e+02
3.580000e-06	7.087765e-06	1.318645e-09	3.835232e+01	1.553204e+02
3.590000e-06	7.091893e-06	1.319359e-09	3.837466e+01	1.553558e+02
3.600000e-06	7.095674e-06	1.320931e-09	3.839512e+01	1.553833e+02
3.610000e-06	7.099218e-06	1.322661e-09	3.841429e+01	1.554029e+02
3.620000e-06	7.102390e-06	1.323250e-09	3.843146e+01	1.554148e+02
3.630000e-06	7.104929e-06	1.323545e-09	3.844520e+01	1.554191e+02
3.640000e-06	7.106622e-06	1.323434e-09	3.845435e+01	1.554158e+02
3.650000e-06	7.107461e-06	1.323507e-09	3.845890e+01	1.554050e+02
3.660000e-06	7.107665e-06	1.324815e-09	3.846000e+01	1.553871e+02
3.670000e-06	7.107415e-06	1.325390e-09	3.845865e+01	1.553620e+02
3.680000e-06	7.106904e-06	1.324246e-09	3.845588e+01	1.553300e+02
3.690000e-06	7.106061e-06	1.324262e-09	3.845132e+01	1.552912e+02
3.700000e-06	7.104600e-06	1.326099e-09	3.844341e+01	1.552460e+02
3.710000e-06	7.102682e-06	1.326875e-09	3.843304e+01	1.551947e+02
3.720000e-06	7.100574e-06	1.326805e-09	3.842163e+01	1.551373e+02
3.730000e-06	7.098067e-06	1.326651e-09	3.840807e+01	1.550745e+02
3.740000e-06	7.094946e-06	1.319689e-09	3.839118e+01	1.550064e+02
3.750000e-06	7.091262e-06	1.309419e-09	3.837124e+01	1.549334e+02
3.760000e-06	7.086930e-06	1.336720e-09	3.834780e+01	1.548560e+02
3.770000e-06	7.081784e-06	1.392089e-09	3.831996e+01	1.547745e+02
3.780000e-06	7.075878e-06	1.350251e-09	3.828800e+01	1.546895e+02
3.790000e-06	7.069752e-06	1.240199e-09	3.825485e+01	1.546013e+02
3.800000e-06	7.063607e-06	1.276993e-09	3.822160e+01	1.545104e+02
3.810000e-06	7.056975e-06	1.406457e-09	3.818571e+01	1.544172e+02
3.820000e-06	7.049428e-06	1.371418e-09	3.814488e+01	1.543222e+02
3.830000e-06	7.041195e-06	1.225515e-09	3.810033e+01	1.542256e+02
3.840000e-06	7.032679e-06	1.275282e-09	3.805424e+01	1.541280e+02
3.850000e-06	7.023789e-06	1.455688e-09	3.800614e+01	1.540297e+02
3.860000e-06	7.014272e-06	1.386120e-09	3.795465e+01	1.539309e+02
3.870000e-06	7.004208e-06	1.166509e-09	3.790019e+01	1.538318e+02
3.880000e-06	6.993881e-06	1.240591e-09	3.784431e+01	1.537328e+02
3.890000e-06	6.983147e-06	1.474605e-09	3.778623e+01	1.536339e+02
3.900000e-06	6.971753e-06	1.389485e-09	3.772457e+01	1.535352e+02
3.910000e-06	6.959713e-06	1.178679e-09	3.765942e+01	1.534367e+02
3.920000e-06	6.947159e-06	1.299520e-09	3.759149e+01	1.533383e+02
3.930000e-06	6.933896e-06	1.470812e-09	3.751973e+01	1.532400e+02
3.940000e-06	6.919762e-06	1.300759e-09	3.744325e+01	1.531414e+02
3.950000e-06	6.905000e-06	1.173133e-09	3.736337e+01	1.530424e+02
3.960000e-06	6.889737e-06	1.371463e-09	3.728078e+01	1.529426e+02
3.970000e-06	6.873899e-06	1.437987e-09	3.719508e+01	1.528415e+02
3.980000e-06	6.857546e-06	1.243205e-09	3.710659e+01	1.527389e+02
3.990000e-06	6.840880e-06	1.265861e-09	3.701641e+01	1.526340e+02
4.000000e-06	6.823824e-06	1.436533e-09	3.692412e+01	1.525265e+02
4.010000e-06	6.806179e-06	1.319047e-09	3.682864e+01	1.524157e+02
4.020000e-06	6.788104e-06	1.191903e-09	3.673084e+01	1.523009e+02
4.030000e-06	6.769635e-06	1.373939e-09	3.663090e+01	1.521817e+02
4.040000e-06	6.750657e-06	1.435403e-09	3.652821e+01	1.520574e+02
4.050000e-06	6.731243e-06	1.239195e-09	3.642316e+01	1.519273e+02
4.060000e-06	6.711471e-06	1.261917e-09	3.631617e+01	1.517909e+02
4.070000e-06	6.691341e-06	1.424023e-09	3.620725e+01	1.516476e+02
4.080000e-06	6.670801e-06	1.320949e-09	3.609610e+01	1.514967e+02
4.090000e-06	6.649760e-06	1.222520e-09	3.598225e+01	1.513379e+02
4.100000e-06	6.628171e-06	1.362308e-09	3.586543e+01	1.511706e+02
4.110000e-06	6.605935e-06	1.375149e-09	3.574511e+01	1.509944e+02
4.120000e-06	6.582861e-06	1.251789e-09	3.562025e+01	1.508090e+02
4.130000e-06	6.559075e-06	1.314115e-09	3.549155e+01	1.506142e+02
4.140000e-06	6.534908e-06	1.377857e-09	3.536078e+01	1.504096e+02
4.150000e-06	6.510568e-06	1.271377e-09	3.522907e+01	1.501953e+02
4.160000e-06	6.485886e-06	1.272363e-09	3.509552e+01	1.499710e+02
4.170000e-06	6.460605e-06	1.366156e-09	3.495872e+01	1.497369e+02
4.180000e-06	6.434868e-06	1.315574e-09	3.481945e+01	1.494930e+02
4.190000e-06	6.408692e-06	1.270985e-09	3.467781e+01	1.492395e+02
4.200000e-06	6.381923e-06	1.331353e-09	3.453297e+01	1.489765e+02
4.210000e-06	6.354681e-06	1.315555e-09	3.438556e+01	1.487044e+02
4.220000e-06	6.327094e-06	1.271401e-09	3.423629e+01	1.484233e+02
4.230000e-06	6.299148e-06	1.311825e-09	3.408507e+01	1.481338e+02
4.240000e-06	6.270875e-06	1.316617e-09	3.393208e+01	1.478362e+02
4.250000e-06	6.242274e-06	1.281169e-09	3.377732e+01	1.475309e+02
4.260000e-06	6.213323e-06	1.302054e-09	3.362066e+01	1.472182e+02
4.270000e-06	6.183845e-06	1.310693e-09	3.346116e+01	1.468988e+02
4.280000e-06	6.153583e-06	1.283379e-09	3.329741e+01	1.465729e+02
4.290000e-06	6.122570e-06	1.288929e-09	3.312959e+01	1.462411e+02
4.300000e-06	6.090946e-06	1.293202e-09	3.295847e+01	1.459036e+02
4.310000e-06	6.058868e-06	1.280807e-09	3.278490e+01	1.455609e+02
4.320000e-06	6.026506e-06	1.290936e-09	3.260978e+01	1.452133e+02
4.330000e-06	5.993784e-06	1.289703e-09	3.243273e+01	1.448611e+02
4.340000e-06	5.960637e-06	1.271703e-09	3.225336e+01	1.445045e+02
4.350000e-06	5.927006e-06	1.277566e-09	3.207139e+01	1.441438e+02
4.360000e-06	5.892992e-06	1.279280e-09	3.188733e+01	1.437789e+02
4.370000e-06	5.858709e-06	1.267748e-09	3.170183e+01	1.434101e+02
4.380000e-06	5.823974e-06	1.273918e-09	3.151387e+01	1.430373e+02
4.390000e-06	5.788806e-06	1.272840e-09	3.132358e+01	1.426604e+02
4.400000e-06	5.753274e-06	1.257645e-09	3.113131e+01	1.422794e+02
4.410000e-06	5.717368e-06	1.261683e-09	3.093702e+01	1.418941e+02
4.420000e-06	5.681169e-06	1.264175e-09	3.074115e+01	1.415043e+02
4.430000e-06	5.644753e-06	1.249455e-09	3.054410e+01	1.411097e+02
4.440000e-06	5.608091e-06	1.247648e-09	3.034572e+01	1.407101e+02
4.450000e-06	5.571019e-06	1.255025e-09	3.014512e+01	1.403051e+02
4.460000e-06	5.533316e-06	1.251240e-09	2.994111e+01	1.398943e+02
4.470000e-06	5.494774e-06	1.245733e-09	2.973255e+01	1.394774e+02
4.480000e-06	5.455423e-06	1.242918e-09	2.951962e+01	1.390540e+02
4.490000e-06	5.415608e-06	1.237200e-09	2.930418e+01	1.386236e+02
4.500000e-06	5.375564e-06	1.232833e-09	2.908750e+01	1.381860e+02
4.510000e-06	5.335266e-06	1.231420e-09	2.886944e+01	1.377406e+02
4.520000e-06	5.294688e-06	1.229854e-09	2.864987e+01	1.372871e+02
4.530000e-06	5.253799e-06	1.226551e-09	2.842862e+01	1.368252e+02
4.540000e-06	5.212607e-06	1.222421e-09	2.820573e+01	1.363545e+02
4.550000e-06	5.171031e-06	1.219961e-09	2.798076e+01	1.358748e+02
4.560000e-06	5.129142e-06	1.218185e-09	2.775409e+01	1.353857e+02
4.570000e-06	5.086908e-06	1.212474e-09	2.752556e+01	1.348871e+02
4.580000e-06	5.044260e-06	1.205439e-09	2.729479e+01	1.343787e+02
4.590000e-06	5.001245e-06	1.201475e-09	2.706204e+01	1.338603e+02
4.600000e-06	4.957812e-06	1.198411e-09	2.682702e+01	1.333320e+02
4.610000e-06	4.914076e-06	1.194698e-09	2.659036e+01	1.327934e+02
4.620000e-06	4.870196e-06	1.192035e-09	2.635292e+01	1.322447e+02
4.630000e-06	4.826142e-06	1.190147e-09	2.611454e+01	1.316858e+02
4.640000e-06	4.781783e-06	1.186786e-09	2.587451e+01	1.311166e+02
4.650000e-06	4.737029e-06	1.181338e-09	2.563235e+01	1.305373e+02
4.660000e-06	4.691993e-06	1.174007e-09	2.538866e+01	1.299478e+02
4.670000e-06	4.646652e-06	1.165218e-09	2.514331e+01	1.293482e+02
4.680000e-06	4.600852e-06	1.157640e-09	2.489549e+01	1.287385e+02
4.690000e-06	4.554696e-06	1.152927e-09	2.464573e+01	1.281188e+02
4.700000e-06	4.508199e-06	1.150002e-09	2.439413e+01	1.274891e+02
4.710000e-06	4.461365e-06	1.146855e-09	2.414071e+01	1.268495e+02
4.720000e-06	4.414248e-06	1.141963e-09	2.388576e+01	1.262000e+02
4.730000e-06	4.366838e-06	1.135059e-09	2.362922e+01	1.255405e+02
4.740000e-06	4.319216e-06	1.127854e-09	2.337154e+01	1.248711e+02
4.750000e-06	4.271367e-06	1.122404e-09	2.311262e+01	1.241917e+02
4.760000e-06	4.223137e-06	1.117109e-09	2.285165e+01	1.235022e+02
4.770000e-06	4.174494e-06	1.110874e-09	2.258844e+01	1.228024e+02
4.780000e-06	4.125342e-06	1.105874e-09	2.232247e+01	1.220923e+02
4.790000e-06	4.075732e-06	1.101595e-09	2.205403e+01	1.213716e+02
4.800000e-06	4.025929e-06	1.095436e-09	2.178454e+01	1.206402e+02
4.810000e-06	3.975898e-06	1.088779e-09	2.151382e+01	1.198977e+02
4.820000e-06	3.925590e-06	1.083468e-09	2.124160e+01	1.191439e+02
4.830000e-06	3.874958e-06	1.078089e-09	2.096763e+01	1.183785e+02
4.840000e-06	3.823998e-06	1.072404e-09	2.069188e+01	1.176011e+02
4.850000e-06	3.772784e-06	1.066363e-09	2.041476e+01	1.168115e+02
4.860000e-06	3.721260e-06	1.058984e-09	2.013596e+01	1.160092e+02
4.870000e-06	3.669413e-06	1.051588e-09	1.985541e+01	1.151940e+02
4.880000e-06	3.617272e-06	1.044883e-09	1.957327e+01	1.143655e+02
4.890000e-06	3.564976e-06	1.038418e-09	1.929030e+01	1.135233e+02
4.900000e-06	3.512464e-06	1.031462e-09	1.900615e+01	1.126671e+02
4.910000e-06	3.459639e-06	1.023883e-09	1.872031e+01	1.117967e+02
4.920000e-06	3.406517e-06	1.015812e-09	1.843287e+01	1.109117e+02
4.930000e-06	3.353045e-06	1.008075e-09	1.814353e+01	1.100119e+02
4.940000e-06	3.299097e-06	1.001373e-09	1.785161e+01	1.090970e+02
4.950000e-06	3.244732e-06	9.934864e-10	1.755744e+01	1.081670e+02
4.960000e-06	3.190133e-06	9.838999e-10	1.726200e+01	1.072216e+02
4.970000e-06	3.135208e-06	9.750237e-10	1.696480e+01	1.062608e+02
4.980000e-06	3.079872e-06	9.675436e-10	1.666537e+01	1.052846e+02
4.990000e-06	3.024230e-06	9.597683e-10	1.636429e+01	1.042929e+02
5.000000e-06	2.968412e-06	9.508913e-10	1.606226e+01	1.032858e+02
5.010000e-06	2.912443e-06	9.412006e-10	1.575940e+01	1.022635e+02
5.020000e-06	2.856323e-06	9.313051e-10	1.545573e+01	1.012259e+02
5.030000e-06	2.799945e-06	9.223678e-10	1.515067e+01	1.001734e+02
5.040000e-06	2.743383e-06	9.143065e-10	1.484461e+01	9.910615e+01
5.050000e-06	2.686752e-06	9.057520e-10	1.453818e+01	9.802435e+01
5.060000e-06	2.629967e-06	8.963686e-10	1.423091e+01	9.692829e+01
5.070000e-06	2.572993e-06	8.859497e-10	1.392262e+01	9.581824e+01
5.080000e-06	2.515866e-06	8.747474e-10	1.361350e+01	9.469448e+01
5.090000e-06	2.458650e-06	8.636887e-10	1.330390e+01	9.355730e+01
5.100000e-06	2.401295e-06	8.527593e-10	1.299355e+01	9.240696e+01
5.110000e-06	2.343834e-06	8.421361e-10	1.268263e+01	9.124373e+01
5.120000e-06	2.286137e-06	8.318678e-10	1.237042e+01	9.006783e+01
5.130000e-06	2.228077e-06	8.215434e-10	1.205626e+01	8.887945e+01
5.140000e-06	2.169928e-06	8.105398e-10	1.174161e+01	8.767873e+01
5.150000e-06	2.111644e-06	7.988326e-10	1.142623e+01	8.646577e+01
5.160000e-06	2.053096e-06	7.870723e-10	1.110942e+01	8.524059e+01
5.170000e-06	1.994446e-06	7.751338e-10	1.079206e+01	8.400316e+01
5.180000e-06	1.935738e-06	7.635156e-10	1.047439e+01	8.275337e+01
5.190000e-06	1.876899e-06	7.530351e-10	1.015601e+01	8.149103e+01
5.200000e-06	1.817853e-06	7.419089e-10	9.836510e+00	8.021585e+01
5.210000e-06	1.758644e-06	7.296348e-10	9.516127e+00	7.892748e+01
5.220000e-06	1.699346e-06	7.179079e-10	9.195264e+00	7.762545e+01
5.230000e-06	1.639858e-06	7.065149e-10	8.873371e+00	7.630922e+01
5.240000e-06	1.580200e-06	6.941484e-10	8.550556e+00	7.497816e+01
5.250000e-06	1.520542e-06	6.809185e-10	8.227745e+00	7.363152e+01
5.260000e-06	1.460787e-06	6.680787e-10	7.904405e+00	7.226851e+01
5.270000e-06	1.400972e-06	6.556929e-10	7.580743e+00	7.088821e+01
5.280000e-06	1.341114e-06	6.428849e-10	7.256848e+00	6.948966e+01
5.290000e-06	1.281111e-06	6.290827e-10	6.932167e+00	6.807180e+01
5.300000e-06	1.221026e-06	6.142890e-10	6.607042e+00	6.663353e+01
5.310000e-06	1.160917e-06	5.998170e-10	6.281793e+00	6.517369e+01
5.320000e-06	1.100817e-06	5.867271e-10	5.956586e+00	6.369107e+01
5.330000e-06	1.040637e-06	5.745564e-10	5.630949e+00	6.218445e+01
5.340000e-06	9.803541e-07	5.626833e-10	5.304755e+00	6.065257e+01
5.350000e-06	9.200063e-07	5.498401e-10	4.978209e+00	5.909417e+01
5.360000e-06	8.596645e-07	5.353562e-10	4.651696e+00	5.750801e+01
5.370000e-06	7.993305e-07	5.204694e-10	4.325225e+00	5.589286e+01
5.380000e-06	7.389739e-07	5.057578e-10	3.998632e+00	5.424754e+01
5.390000e-06	6.786399e-07	4.904043e-10	3.672161e+00	5.257090e+01
5.400000e-06	6.182241e-07	4.742281e-10	3.345248e+00	5.086189e+01
5.410000e-06	5.576998e-07	4.583998e-10	3.017747e+00	4.911952e+01
5.420000e-06	4.971745e-07	4.435369e-10	2.690241e+00	4.734291e+01
5.430000e-06	4.367105e-07	4.281966e-10	2.363067e+00	4.553129e+01
5.440000e-06	3.762776e-07	4.117314e-10	2.036061e+00	4.368401e+01
5.450000e-06	3.157872e-07	3.940763e-10	1.708744e+00	4.180056e+01
5.460000e-06	2.551948e-07	3.755721e-10	1.380875e+00	3.988058e+01
5.470000e-06	1.945400e-07	3.578717e-10	1.052668e+00	3.792388e+01
5.480000e-06	1.339169e-07	3.405837e-10	7.246324e-01	3.593043e+01
5.490000e-06	7.336317e-08	3.218747e-10	3.969725e-01	3.390038e+01
5.500000e-06	1.283662e-08	3.016842e-10	6.945974e-02	3.183409e+01
5.510000e-06	-4.775678e-08	2.808703e-10	-2.584148e-01	2.973207e+01
5.520000e-06	-1.083193e-07	2.606067e-10	-5.861221e-01	2.759506e+01
5.530000e-06	-1.688002e-07	2.412101e-10	-9.133879e-01	2.542397e+01
5.540000e-06	-2.293235e-07	2.217275e-10	-1.240883e+00	2.321993e+01
5.550000e-06	-2.899353e-07	2.026360e-10	-1.568857e+00	2.098426e+01
5.560000e-06	-3.505566e-07	1.835780e-10	-1.896883e+00	1.871846e+01
5.570000e-06	-4.110397e-07	1.628565e-10	-2.224160e+00	1.642421e+01
5.580000e-06	-4.714010e-07	1.399435e-10	-2.550779e+00	1.410340e+01
5.590000e-06	-5.318875e-07	1.160392e-10	-2.878075e+00	1.175806e+01
5.600000e-06	-5.924484e-07	9.281034e-11	-3.205774e+00	9.390393e+00
5.610000e-06	-6.528492e-07	7.071291e-11	-3.532606e+00	7.002738e+00
5.620000e-06	-7.131223e-07	4.964338e-11	-3.858747e+00	4.597577e+00
5.630000e-06	-7.734238e-07	2.787029e-11	-4.185042e+00	2.177502e+00
5.640000e-06	-8.337946e-07	4.255376e-12	-4.511712e+00	-2.547898e-01
5.650000e-06	-8.941421e-07	-1.949452e-11	-4.838257e+00	-2.696520e+00
5.660000e-06	-9.543806e-07	-4.237785e-11	-5.164210e+00	-5.144845e+00
5.670000e-06	-1.014495e-06	-6.445421e-11	-5.489493e+00	-7.596875e+00
5.680000e-06	-1.074613e-06	-8.598437e-11	-5.814797e+00	-1.004969e+01
5.690000e-06	-1.134751e-06	-1.079182e-10	-6.140205e+00	-1.250038e+01
5.700000e-06	-1.194794e-06	-1.306035e-10	-6.465102e+00	-1.494601e+01
5.710000e-06	-1.254698e-06	-1.531001e-10	-6.789247e+00	-1.738373e+01
5.720000e-06	-1.314555e-06	-1.749289e-10	-7.113136e+00	-1.981070e+01
5.730000e-06	-1.374335e-06	-1.967201e-10	-7.436611e+00	-2.222416e+01
5.740000e-06	-1.434034e-06	-2.185900e-10	-7.759641e+00	-2.462146e+01
5.750000e-06	-1.493710e-06	-2.404126e-10	-8.082554e+00	-2.700003e+01
5.760000e-06	-1.553347e-06	-2.627841e-10	-8.405255e+00	-2.935743e+01
5.770000e-06	-1.612807e-06	-2.856006e-10	-8.726996e+00	-3.169136e+01
5.780000e-06	-1.671955e-06	-3.082578e-10	-9.047050e+00	-3.399965e+01
5.790000e-06	-1.731091e-06	-3.311019e-10	-9.367039e+00	-3.628033e+01
5.800000e-06	-1.790211e-06	-3.536816e-10	-9.686940e+00	-3.853156e+01
5.810000e-06	-1.849027e-06	-3.742063e-10	-1.000520e+01	-4.075169e+01
5.820000e-06	-1.907769e-06	-3.935472e-10	-1.032305e+01	-4.293926e+01
5.830000e-06	-1.966418e-06	-4.136839e-10	-1.064041e+01	-4.509298e+01
5.840000e-06	-2.024833e-06	-4.346954e-10	-1.095649e+01	-4.721178e+01
5.850000e-06	-2.083185e-06	-4.548689e-10	-1.127224e+01	-4.929475e+01
5.860000e-06	-2.141414e-06	-4.729181e-10	-1.158732e+01	-5.134118e+01
5.870000e-06	-2.199370e-06	-4.907542e-10	-1.190092e+01	-5.335055e+01
5.880000e-06	-2.257123e-06	-5.089636e-10	-1.221343e+01	-5.532250e+01
5.890000e-06	-2.314794e-06	-5.259572e-10	-1.252549e+01	-5.725686e+01
5.900000e-06	-2.372150e-06	-5.424799e-10	-1.283585e+01	-5.915363e+01
5.910000e-06	-2.429245e-06	-5.597049e-10	-1.314479e+01	-6.101295e+01
5.920000e-06	-2.486276e-06	-5.774184e-10	-1.345339e+01	-6.283511e+01
5.930000e-06	-2.543077e-06	-5.955903e-10	-1.376074e+01	-6.462054e+01
5.940000e-06	-2.599838e-06	-6.139342e-10	-1.406788e+01	-6.636977e+01
5.950000e-06	-2.656547e-06	-6.309335e-10	-1.437473e+01	-6.808347e+01
5.960000e-06	-2.713070e-06	-6.462605e-10	-1.468058e+01	-6.976238e+01
5.970000e-06	-2.769489e-06	-6.605810e-10	-1.498587e+01	-7.140732e+01
5.980000e-06	-2.825730e-06	-6.742188e-10	-1.529019e+01	-7.301920e+01
5.990000e-06	-2.881819e-06	-6.883190e-10	-1.559370e+01	-7.459897e+01
6.000000e-06	-2.937766e-06	-7.022292e-10	-1.589643e+01	-7.614761e+01
6.010000e-06	-2.993626e-06	-7.155318e-10	-1.619869e+01	-7.766615e+01
6.020000e-06	-3.049355e-06	-7.287939e-10	-1.650024e+01	-7.915562e+01
6.030000e-06	-3.104727e-06	-7.422469e-10	-1.679986e+01	-8.061706e+01
6.040000e-06	-3.159567e-06	-7.561011e-10	-1.709660e+01	-8.205152e+01
6.050000e-06	-3.213860e-06	-7.688339e-10	-1.739039e+01	-8.346000e+01
6.060000e-06	-3.267880e-06	-7.805620e-10	-1.768269e+01	-8.484350e+01
6.070000e-06	-3.321561e-06	-7.924731e-10	-1.797316e+01	-8.620299e+01
6.080000e-06	-3.374807e-06	-8.045710e-10	-1.826128e+01	-8.753940e+01
6.090000e-06	-3.427782e-06	-8.171801e-10	-1.854793e+01	-8.885361e+01
6.100000e-06	-3.480562e-06	-8.299967e-10	-1.883353e+01	-9.014646e+01
6.110000e-06	-3.533075e-06	-8.413670e-10	-1.911768e+01	-9.141873e+01
6.120000e-06	-3.585289e-06	-8.510763e-10	-1.940021e+01	-9.267115e+01
6.130000e-06	-3.637307e-06	-8.613447e-10	-1.968168e+01	-9.390440e+01
6.140000e-06	-3.689052e-06	-8.728000e-10	-1.996168e+01	-9.511910e+01
6.150000e-06	-3.740466e-06	-8.842719e-10	-2.023988e+01	-9.631582e+01
6.160000e-06	-3.791549e-06	-8.953690e-10	-2.051630e+01	-9.749507e+01
6.170000e-06	-3.842349e-06	-9.064552e-10	-2.079118e+01	-9.865731e+01
6.180000e-06	-3.892922e-06	-9.165725e-10	-2.106483e+01	-9.980295e+01
6.190000e-06	-3.943239e-06	-9.252266e-10	-2.133710e+01	-1.009323e+02
6.200000e-06	-3.993213e-06	-9.343045e-10	-2.160752e+01	-1.020458e+02
6.210000e-06	-4.042829e-06	-9.439388e-10	-2.187599e+01	-1.031436e+02
6.220000e-06	-4.091837e-06	-9.530568e-10	-2.214118e+01	-1.042260e+02
6.230000e-06	-4.140253e-06	-9.625611e-10	-2.240315e+01	-1.052931e+02
6.240000e-06	-4.188381e-06	-9.724161e-10	-2.266358e+01	-1.063452e+02
6.250000e-06	-4.236163e-06	-9.822724e-10	-2.292213e+01	-1.073823e+02
6.260000e-06	-4.283647e-06	-9.913721e-10	-2.317907e+01	-1.084046e+02
6.270000e-06	-4.330943e-06	-9.999818e-10	-2.343499e+01	-1.094121e+02
6.280000e-06	-4.378021e-06	-1.009690e-09	-2.368973e+01	-1.104049e+02
6.290000e-06	-4.424863e-06	-1.020937e-09	-2.394320e+01	-1.113830e+02
6.300000e-06	-4.471459e-06	-1.031262e-09	-2.419533e+01	-1.123465e+02
6.310000e-06	-4.517734e-06	-1.038677e-09	-2.444573e+01	-1.132953e+02
6.320000e-06	-4.563702e-06	-1.045116e-09	-2.469446e+01	-1.142295e+02
6.330000e-06	-4.609406e-06	-1.052647e-09	-2.494177e+01	-1.151490e+02
6.340000e-06	-4.654656e-06	-1.061851e-09	-2.518662e+01	-1.160538e+02
6.350000e-06	-4.699422e-06	-1.070134e-09	-2.542885e+01	-1.169439e+02
6.360000e-06	-4.743956e-06	-1.077173e-09	-2.566983e+01	-1.178191e+02
6.370000e-06	-4.788353e-06	-1.084446e-09	-2.591006e+01	-1.186796e+02
6.380000e-06	-4.832597e-06	-1.092138e-09	-2.614947e+01	-1.195252e+02
6.390000e-06	-4.876603e-06	-1.099737e-09	-2.638759e+01	-1.203560e+02
6.400000e-06	-4.920254e-06	-1.105347e-09	-2.662379e+01	-1.211718e+02
6.410000e-06	-4.963572e-06	-1.109979e-09	-2.685818e+01	-1.219726e+02
6.420000e-06	-5.006534e-06	-1.116301e-09	-2.709065e+01	-1.227585e+02
6.430000e-06	-5.049114e-06	-1.124114e-09	-2.732106e+01	-1.235295e+02
6.440000e-06	-5.091425e-06	-1.131689e-09	-2.755000e+01	-1.242854e+02
6.450000e-06	-5.133400e-06	-1.138375e-09	-2.777713e+01	-1.250264e+02
6.460000e-06	-5.174944e-06	-1.144911e-09	-2.800193e+01	-1.257525e+02
6.470000e-06	-5.216088e-06	-1.152194e-09	-2.822456e+01	-1.264638e+02
6.480000e-06	-5.256883e-06	-1.160089e-09	-2.844531e+01	-1.271603e+02
6.490000e-06	-5.297390e-06	-1.167119e-09	-2.866449e+01	-1.278422e+02
6.500000e-06	-5.337695e-06	-1.172007e-09	-2.888259e+01	-1.285096e+02
6.510000e-06	-5.377821e-06	-1.175496e-09	-2.909971e+01	-1.291628e+02
6.520000e-06	-5.417660e-06	-1.179719e-09	-2.931528e+01	-1.298018e+02
6.530000e-06	-5.457000e-06	-1.184722e-09	-2.952815e+01	-1.304271e+02
6.540000e-06	-5.495763e-06	-1.189143e-09	-2.973790e+01	-1.310387e+02
6.550000e-06	-5.533971e-06	-1.193991e-09	-2.994465e+01	-1.316372e+02
6.560000e-06	-5.571520e-06	-1.199868e-09	-3.014783e+01	-1.322228e+02
6.570000e-06	-5.608459e-06	-1.205395e-09	-3.034771e+01	-1.327960e+02
6.580000e-06	-5.644994e-06	-1.210658e-09	-3.054540e+01	-1.333571e+02
6.590000e-06	-5.681242e-06	-1.215284e-09	-3.074154e+01	-1.339066e+02
6.600000e-06	-5.717165e-06	-1.218274e-09	-3.093592e+01	-1.344451e+02
6.610000e-06	-5.752695e-06	-1.220243e-09	-3.112818e+01	-1.349731e+02
6.620000e-06	-5.787843e-06	-1.222908e-09	-3.131837e+01	-1.354910e+02
6.630000e-06	-5.822574e-06	-1.227331e-09	-3.150630e+01	-1.359996e+02
6.640000e-06	-5.856938e-06	-1.231335e-09	-3.169224e+01	-1.364992e+02
6.650000e-06	-5.891057e-06	-1.234110e-09	-3.187686e+01	-1.369907e+02
6.660000e-06	-5.924704e-06	-1.237833e-09	-3.205893e+01	-1.374744e+02
6.670000e-06	-5.957794e-06	-1.242713e-09	-3.223798e+01	-1.379511e+02
6.680000e-06	-5.990514e-06	-1.245979e-09	-3.241503e+01	-1.384212e+02
6.690000e-06	-6.022913e-06	-1.247054e-09	-3.259034e+01	-1.388854e+02
6.700000e-06	-6.055002e-06	-1.248659e-09	-3.276398e+01	-1.393441e+02
6.710000e-06	-6.086691e-06	-1.252293e-09	-3.293545e+01	-1.397979e+02
6.720000e-06	-6.117875e-06	-1.257333e-09	-3.310419e+01	-1.402473e+02
6.730000e-06	-6.148508e-06	-1.261805e-09	-3.326994e+01	-1.406926e+02
6.740000e-06	-6.178474e-06	-1.263675e-09	-3.343209e+01	-1.411342e+02
6.750000e-06	-6.207720e-06	-1.265624e-09	-3.359034e+01	-1.415724e+02
6.760000e-06	-6.236413e-06	-1.269904e-09	-3.374560e+01	-1.420076e+02
6.770000e-06	-6.264797e-06	-1.273832e-09	-3.389919e+01	-1.424398e+02
6.780000e-06	-6.293032e-06	-1.275917e-09	-3.405197e+01	-1.428692e+02
6.790000e-06	-6.320929e-06	-1.277114e-09	-3.420292e+01	-1.432959e+02
6.800000e-06	-6.348275e-06	-1.278438e-09	-3.435090e+01	-1.437199e+02
6.810000e-06	-6.375100e-06	-1.281411e-09	-3.449605e+01	-1.441411e+02
6.820000e-06	-6.401449e-06	-1.285190e-09	-3.463862e+01	-1.445594e+02
6.830000e-06	-6.427274e-06	-1.288022e-09	-3.477836e+01	-1.449745e+02
6.840000e-06	-6.452562e-06	-1.290725e-09	-3.491520e+01	-1.453862e+02
6.850000e-06	-6.477432e-06	-1.293460e-09	-3.504977e+01	-1.457942e+02
6.860000e-06	-6.501908e-06	-1.296240e-09	-3.518221e+01	-1.461982e+02
6.870000e-06	-6.526067e-06	-1.298496e-09	-3.531294e+01	-1.465977e+02
6.880000e-06	-6.550016e-06	-1.301080e-09	-3.544253e+01	-1.469923e+02
6.890000e-06	-6.573640e-06	-1.304520e-09	-3.557036e+01	-1.473816e+02
6.900000e-06	-6.596623e-06	-1.307122e-09	-3.569472e+01	-1.477649e+02
6.910000e-06	-6.618793e-06	-1.309703e-09	-3.581469e+01	-1.481419e+02
6.920000e-06	-6.640166e-06	-1.312517e-09	-3.593034e+01	-1.485120e+02
6.930000e-06	-6.660929e-06	-1.314278e-09	-3.604268e+01	-1.488747e+02
6.940000e-06	-6.681397e-06	-1.316337e-09	-3.615344e+01	-1.492295e+02
6.950000e-06	-6.701651e-06	-1.319693e-09	-3.626303e+01	-1.495758e+02
6.960000e-06	-6.721576e-06	-1.322976e-09	-3.637085e+01	-1.499134e+02
6.970000e-06	-6.741046e-06	-1.325924e-09	-3.647620e+01	-1.502416e+02
6.980000e-06	-6.759922e-06	-1.328235e-09	-3.657834e+01	-1.505601e+02
6.990000e-06	-6.778279e-06	-1.330045e-09	-3.667767e+01	-1.508686e+02
7.000000e-06	-6.796253e-06	-1.332219e-09	-3.677493e+01	-1.511667e+02
7.010000e-06	-6.813742e-06	-1.335072e-09	-3.686956e+01	-1.514541e+02
7.020000e-06	-6.830696e-06	-1.337723e-09	-3.696130e+01	-1.517307e+02
7.030000e-06	-6.847275e-06	-1.338821e-09	-3.705102e+01	-1.519963e+02
7.040000e-06	-6.863626e-06	-1.340243e-09	-3.713949e+01	-1.522507e+02
7.050000e-06	-6.879635e-06	-1.343040e-09	-3.722611e+01	-1.524938e+02
7.060000e-06	-6.895046e-06	-1.345441e-09	-3.730951e+01	-1.527258e+02
7.070000e-06	-6.909760e-06	-1.346490e-09	-3.738912e+01	-1.529464e+02
7.080000e-06	-6.923607e-06	-1.346222e-09	-3.746405e+01	-1.531559e+02
7.090000e-06	-6.936620e-06	-1.346552e-09	-3.753446e+01	-1.533543e+02
7.100000e-06	-6.949076e-06	-1.347970e-09	-3.760187e+01	-1.535418e+02
7.110000e-06	-6.961097e-06	-1.348868e-09	-3.766691e+01	-1.537185e+02
7.120000e-06	-6.972621e-06	-1.349394e-09	-3.772927e+01	-1.538845e+02
7.130000e-06	-6.983580e-06	-1.349917e-09	-3.778857e+01	-1.540402e+02
7.140000e-06	-6.994127e-06	-1.351092e-09	-3.784564e+01	-1.541856e+02
7.150000e-06	-7.004226e-06	-1.352806e-09	-3.790029e+01	-1.543210e+02
7.160000e-06	-7.013720e-06	-1.354894e-09	-3.795166e+01	-1.544467e+02
7.170000e-06	-7.022746e-06	-1.355430e-09	-3.800050e+01	-1.545628e+02
7.180000e-06	-7.031396e-06	-1.354317e-09	-3.804731e+01	-1.546696e+02
7.190000e-06	-7.039760e-06	-1.353174e-09	-3.809256e+01	-1.547672e+02
7.200000e-06	-7.047796e-06	-1.352448e-09	-3.813605e+01	-1.548558e+02
7.210000e-06	-7.055306e-06	-1.352306e-09	-3.817668e+01	-1.549357e+02
7.220000e-06	-7.062122e-06	-1.350875e-09	-3.821356e+01	-1.550069e+02
7.230000e-06	-7.068105e-06	-1.349407e-09	-3.824594e+01	-1.550697e+02
7.240000e-06	-7.073299e-06	-1.349733e-09	-3.827404e+01	-1.551242e+02
7.250000e-06	-7.077931e-06	-1.350975e-09	-3.829911e+01	-1.551704e+02
7.260000e-06	-7.082263e-06	-1.350712e-09	-3.832255e+01	-1.552086e+02
7.270000e-06	-7.086332e-06	-1.348309e-09	-3.834457e+01	-1.552387e+02
7.280000e-06	-7.089955e-06	-1.347848e-09	-3.836417e+01	-1.552610e+02
7.290000e-06	-7.093030e-06	-1.349582e-09	-3.838081e+01	-1.552755e+02
7.300000e-06	-7.095613e-06	-1.349811e-09	-3.839478e+01	-1.552823e+02
7.310000e-06	-7.097762e-06	-1.347732e-09	-3.840642e+01	-1.552815e+02
7.320000e-06	-7.099556e-06	-1.345136e-09	-3.841612e+01	-1.552733e+02
7.330000e-06	-7.100804e-06	-1.344015e-09	-3.842287e+01	-1.552577e+02
7.340000e-06	-7.101541e-06	-1.343865e-09	-3.842686e+01	-1.552350e+02
