# Temperatura_=_20.0
# Concentracion g/m^3_=_7400.0
# C_Vs_to_Am_M_A/Vsm_=_116720831517.84952
# pendiente_HvsI_1/m_=_3716.3
# ordenada_HvsI_A/m_=_1297.0
# frecuencia_Hz_=_136114.69753349543

Tiempo_(s)	Campo_(V.s)	Magnetizacion_(V.s)	Campo_(kA/m)	Magnetizacion_(A/m)
0.000000e+00	-7.146379e-06	-1.289754e-09	-3.842023e+01	-1.485112e+02
1.000000e-08	-7.146550e-06	-1.288992e-09	-3.842115e+01	-1.485083e+02
2.000000e-08	-7.146258e-06	-1.288846e-09	-3.841958e+01	-1.484965e+02
3.000000e-08	-7.145212e-06	-1.287049e-09	-3.841395e+01	-1.484759e+02
4.000000e-08	-7.143330e-06	-1.284705e-09	-3.840384e+01	-1.484468e+02
5.000000e-08	-7.140768e-06	-1.283732e-09	-3.839006e+01	-1.484093e+02
6.000000e-08	-7.137727e-06	-1.283461e-09	-3.837372e+01	-1.483637e+02
7.000000e-08	-7.134273e-06	-1.286893e-09	-3.835514e+01	-1.483103e+02
8.000000e-08	-7.130306e-06	-1.290975e-09	-3.833382e+01	-1.482494e+02
9.000000e-08	-7.125495e-06	-1.276165e-09	-3.830795e+01	-1.481814e+02
1.000000e-07	-7.119805e-06	-1.241128e-09	-3.827736e+01	-1.481066e+02
1.100000e-07	-7.113715e-06	-1.251543e-09	-3.824462e+01	-1.480254e+02
1.200000e-07	-7.107511e-06	-1.320825e-09	-3.821127e+01	-1.479381e+02
1.300000e-07	-7.101134e-06	-1.327820e-09	-3.817698e+01	-1.478451e+02
1.400000e-07	-7.094236e-06	-1.238186e-09	-3.813990e+01	-1.477468e+02
1.500000e-07	-7.086764e-06	-1.220481e-09	-3.809973e+01	-1.476435e+02
1.600000e-07	-7.078955e-06	-1.323285e-09	-3.805774e+01	-1.475356e+02
1.700000e-07	-7.070703e-06	-1.328795e-09	-3.801338e+01	-1.474234e+02
1.800000e-07	-7.061665e-06	-1.196598e-09	-3.796479e+01	-1.473072e+02
1.900000e-07	-7.051748e-06	-1.192131e-09	-3.791147e+01	-1.471872e+02
2.000000e-07	-7.041254e-06	-1.342075e-09	-3.785506e+01	-1.470638e+02
2.100000e-07	-7.030380e-06	-1.345596e-09	-3.779660e+01	-1.469370e+02
2.200000e-07	-7.018926e-06	-1.194455e-09	-3.773502e+01	-1.468071e+02
2.300000e-07	-7.006781e-06	-1.194485e-09	-3.766973e+01	-1.466742e+02
2.400000e-07	-6.994269e-06	-1.316672e-09	-3.760246e+01	-1.465383e+02
2.500000e-07	-6.981264e-06	-1.290443e-09	-3.753254e+01	-1.463996e+02
2.600000e-07	-6.967542e-06	-1.194095e-09	-3.745877e+01	-1.462580e+02
2.700000e-07	-6.952981e-06	-1.243266e-09	-3.738049e+01	-1.461134e+02
2.800000e-07	-6.937623e-06	-1.301554e-09	-3.729792e+01	-1.459659e+02
2.900000e-07	-6.921525e-06	-1.233425e-09	-3.721137e+01	-1.458154e+02
3.000000e-07	-6.904969e-06	-1.211123e-09	-3.712237e+01	-1.456616e+02
3.100000e-07	-6.888212e-06	-1.269405e-09	-3.703228e+01	-1.455045e+02
3.200000e-07	-6.870964e-06	-1.236391e-09	-3.693955e+01	-1.453440e+02
3.300000e-07	-6.853320e-06	-1.183603e-09	-3.684469e+01	-1.451797e+02
3.400000e-07	-6.835398e-06	-1.259843e-09	-3.674834e+01	-1.450115e+02
3.500000e-07	-6.816996e-06	-1.289252e-09	-3.664941e+01	-1.448393e+02
3.600000e-07	-6.798006e-06	-1.184628e-09	-3.654731e+01	-1.446628e+02
3.700000e-07	-6.778543e-06	-1.175393e-09	-3.644267e+01	-1.444818e+02
3.800000e-07	-6.758709e-06	-1.270680e-09	-3.633605e+01	-1.442961e+02
3.900000e-07	-6.738536e-06	-1.242674e-09	-3.622759e+01	-1.441055e+02
4.000000e-07	-6.717931e-06	-1.168902e-09	-3.611682e+01	-1.439098e+02
4.100000e-07	-6.696776e-06	-1.221102e-09	-3.600308e+01	-1.437090e+02
4.200000e-07	-6.675050e-06	-1.255878e-09	-3.588628e+01	-1.435027e+02
4.300000e-07	-6.652968e-06	-1.192960e-09	-3.576756e+01	-1.432909e+02
4.400000e-07	-6.630443e-06	-1.191618e-09	-3.564646e+01	-1.430736e+02
4.500000e-07	-6.607342e-06	-1.231230e-09	-3.552227e+01	-1.428505e+02
4.600000e-07	-6.583844e-06	-1.192660e-09	-3.539594e+01	-1.426217e+02
4.700000e-07	-6.560108e-06	-1.177554e-09	-3.526833e+01	-1.423871e+02
4.800000e-07	-6.535888e-06	-1.227184e-09	-3.513812e+01	-1.421466e+02
4.900000e-07	-6.511056e-06	-1.208806e-09	-3.500462e+01	-1.419002e+02
5.000000e-07	-6.485520e-06	-1.158900e-09	-3.486733e+01	-1.416480e+02
5.100000e-07	-6.459276e-06	-1.186228e-09	-3.472624e+01	-1.413899e+02
5.200000e-07	-6.432438e-06	-1.202794e-09	-3.458195e+01	-1.411260e+02
5.300000e-07	-6.405064e-06	-1.164909e-09	-3.443478e+01	-1.408562e+02
5.400000e-07	-6.377460e-06	-1.167402e-09	-3.428638e+01	-1.405806e+02
5.500000e-07	-6.349589e-06	-1.190501e-09	-3.413654e+01	-1.402993e+02
5.600000e-07	-6.321294e-06	-1.167736e-09	-3.398442e+01	-1.400121e+02
5.700000e-07	-6.292569e-06	-1.155814e-09	-3.382999e+01	-1.397191e+02
5.800000e-07	-6.263426e-06	-1.171269e-09	-3.367331e+01	-1.394204e+02
5.900000e-07	-6.233799e-06	-1.158838e-09	-3.351403e+01	-1.391158e+02
6.000000e-07	-6.203699e-06	-1.143602e-09	-3.335221e+01	-1.388053e+02
6.100000e-07	-6.173253e-06	-1.156305e-09	-3.318853e+01	-1.384889e+02
6.200000e-07	-6.142372e-06	-1.156415e-09	-3.302251e+01	-1.381664e+02
6.300000e-07	-6.111161e-06	-1.141710e-09	-3.285471e+01	-1.378377e+02
6.400000e-07	-6.079676e-06	-1.142480e-09	-3.268544e+01	-1.375027e+02
6.500000e-07	-6.047784e-06	-1.143020e-09	-3.251398e+01	-1.371612e+02
6.600000e-07	-6.015386e-06	-1.134009e-09	-3.233981e+01	-1.368131e+02
6.700000e-07	-5.982293e-06	-1.133055e-09	-3.216189e+01	-1.364580e+02
6.800000e-07	-5.948503e-06	-1.133578e-09	-3.198023e+01	-1.360959e+02
6.900000e-07	-5.914009e-06	-1.124636e-09	-3.179478e+01	-1.357264e+02
7.000000e-07	-5.879037e-06	-1.116991e-09	-3.160677e+01	-1.353492e+02
7.100000e-07	-5.843789e-06	-1.113523e-09	-3.141727e+01	-1.349641e+02
7.200000e-07	-5.808182e-06	-1.110224e-09	-3.122584e+01	-1.345708e+02
7.300000e-07	-5.772235e-06	-1.107404e-09	-3.103258e+01	-1.341690e+02
7.400000e-07	-5.736032e-06	-1.103794e-09	-3.083795e+01	-1.337584e+02
7.500000e-07	-5.699486e-06	-1.099173e-09	-3.064147e+01	-1.333387e+02
7.600000e-07	-5.662489e-06	-1.096576e-09	-3.044257e+01	-1.329096e+02
7.700000e-07	-5.625023e-06	-1.092774e-09	-3.024114e+01	-1.324710e+02
7.800000e-07	-5.587186e-06	-1.085172e-09	-3.003772e+01	-1.320224e+02
7.900000e-07	-5.548979e-06	-1.077742e-09	-2.983232e+01	-1.315636e+02
8.000000e-07	-5.510264e-06	-1.073711e-09	-2.962418e+01	-1.310946e+02
8.100000e-07	-5.471206e-06	-1.071416e-09	-2.941419e+01	-1.306150e+02
8.200000e-07	-5.431915e-06	-1.068862e-09	-2.920296e+01	-1.301247e+02
8.300000e-07	-5.392336e-06	-1.064282e-09	-2.899017e+01	-1.296236e+02
8.400000e-07	-5.352512e-06	-1.058187e-09	-2.877607e+01	-1.291116e+02
8.500000e-07	-5.312254e-06	-1.053087e-09	-2.855964e+01	-1.285887e+02
8.600000e-07	-5.271369e-06	-1.049274e-09	-2.833984e+01	-1.280548e+02
8.700000e-07	-5.229906e-06	-1.044565e-09	-2.811692e+01	-1.275098e+02
8.800000e-07	-5.187923e-06	-1.037482e-09	-2.789121e+01	-1.269540e+02
8.900000e-07	-5.145526e-06	-1.029434e-09	-2.766328e+01	-1.263873e+02
9.000000e-07	-5.102738e-06	-1.024007e-09	-2.743325e+01	-1.258099e+02
9.100000e-07	-5.059608e-06	-1.021110e-09	-2.720137e+01	-1.252218e+02
9.200000e-07	-5.016164e-06	-1.016221e-09	-2.696780e+01	-1.246233e+02
9.300000e-07	-4.972369e-06	-1.008799e-09	-2.673236e+01	-1.240146e+02
9.400000e-07	-4.928220e-06	-1.001756e-09	-2.649500e+01	-1.233957e+02
9.500000e-07	-4.883748e-06	-9.968212e-10	-2.625591e+01	-1.227670e+02
9.600000e-07	-4.838954e-06	-9.920278e-10	-2.601509e+01	-1.221286e+02
9.700000e-07	-4.793795e-06	-9.854261e-10	-2.577231e+01	-1.214808e+02
9.800000e-07	-4.748318e-06	-9.773701e-10	-2.552782e+01	-1.208237e+02
9.900000e-07	-4.702537e-06	-9.705152e-10	-2.528169e+01	-1.201577e+02
1.000000e-06	-4.656516e-06	-9.657210e-10	-2.503427e+01	-1.194828e+02
1.010000e-06	-4.610174e-06	-9.609783e-10	-2.478513e+01	-1.187994e+02
1.020000e-06	-4.563425e-06	-9.549257e-10	-2.453380e+01	-1.181075e+02
1.030000e-06	-4.516383e-06	-9.475015e-10	-2.428089e+01	-1.174073e+02
1.040000e-06	-4.469145e-06	-9.409407e-10	-2.402693e+01	-1.166989e+02
1.050000e-06	-4.421694e-06	-9.365926e-10	-2.377183e+01	-1.159824e+02
1.060000e-06	-4.373865e-06	-9.320995e-10	-2.351469e+01	-1.152578e+02
1.070000e-06	-4.325726e-06	-9.258088e-10	-2.325589e+01	-1.145252e+02
1.080000e-06	-4.277154e-06	-9.181166e-10	-2.299475e+01	-1.137846e+02
1.090000e-06	-4.227888e-06	-9.107445e-10	-2.272989e+01	-1.130358e+02
1.100000e-06	-4.178209e-06	-9.044198e-10	-2.246281e+01	-1.122788e+02
1.110000e-06	-4.128307e-06	-8.976250e-10	-2.219453e+01	-1.115135e+02
1.120000e-06	-4.078015e-06	-8.897037e-10	-2.192415e+01	-1.107396e+02
1.130000e-06	-4.027246e-06	-8.818874e-10	-2.165120e+01	-1.099569e+02
1.140000e-06	-3.976179e-06	-8.751861e-10	-2.137666e+01	-1.091653e+02
1.150000e-06	-3.924872e-06	-8.693030e-10	-2.110082e+01	-1.083644e+02
1.160000e-06	-3.873264e-06	-8.623436e-10	-2.082337e+01	-1.075539e+02
1.170000e-06	-3.821363e-06	-8.542286e-10	-2.054434e+01	-1.067334e+02
1.180000e-06	-3.769165e-06	-8.468713e-10	-2.026372e+01	-1.059027e+02
1.190000e-06	-3.716599e-06	-8.403495e-10	-1.998111e+01	-1.050613e+02
1.200000e-06	-3.663597e-06	-8.341240e-10	-1.969616e+01	-1.042089e+02
1.210000e-06	-3.610377e-06	-8.272939e-10	-1.941004e+01	-1.033449e+02
1.220000e-06	-3.557033e-06	-8.190361e-10	-1.912326e+01	-1.024692e+02
1.230000e-06	-3.503389e-06	-8.104229e-10	-1.883485e+01	-1.015812e+02
1.240000e-06	-3.449453e-06	-8.029381e-10	-1.854488e+01	-1.006805e+02
1.250000e-06	-3.395276e-06	-7.960112e-10	-1.825362e+01	-9.976682e+01
1.260000e-06	-3.340927e-06	-7.875267e-10	-1.796143e+01	-9.883972e+01
1.270000e-06	-3.286346e-06	-7.775611e-10	-1.766799e+01	-9.789888e+01
1.280000e-06	-3.231541e-06	-7.685710e-10	-1.737335e+01	-9.694396e+01
1.290000e-06	-3.176557e-06	-7.614537e-10	-1.707775e+01	-9.597468e+01
1.300000e-06	-3.121396e-06	-7.543770e-10	-1.678119e+01	-9.499076e+01
1.310000e-06	-3.066013e-06	-7.453431e-10	-1.648344e+01	-9.399198e+01
1.320000e-06	-3.010469e-06	-7.361054e-10	-1.618483e+01	-9.297815e+01
1.330000e-06	-2.954831e-06	-7.279814e-10	-1.588571e+01	-9.194910e+01
1.340000e-06	-2.899040e-06	-7.196424e-10	-1.558576e+01	-9.090471e+01
1.350000e-06	-2.843150e-06	-7.105477e-10	-1.528529e+01	-8.984492e+01
1.360000e-06	-2.786907e-06	-7.012497e-10	-1.498292e+01	-8.876967e+01
1.370000e-06	-2.730358e-06	-6.925874e-10	-1.467890e+01	-8.767896e+01
1.380000e-06	-2.673626e-06	-6.848473e-10	-1.437390e+01	-8.657282e+01
1.390000e-06	-2.616726e-06	-6.768427e-10	-1.406800e+01	-8.545132e+01
1.400000e-06	-2.559625e-06	-6.677289e-10	-1.376101e+01	-8.431454e+01
1.410000e-06	-2.502122e-06	-6.577224e-10	-1.345186e+01	-8.316261e+01
1.420000e-06	-2.444364e-06	-6.479081e-10	-1.314135e+01	-8.199566e+01
1.430000e-06	-2.386379e-06	-6.389904e-10	-1.282961e+01	-8.081386e+01
1.440000e-06	-2.328038e-06	-6.297231e-10	-1.251595e+01	-7.961737e+01
1.450000e-06	-2.269418e-06	-6.193316e-10	-1.220080e+01	-7.840637e+01
1.460000e-06	-2.210585e-06	-6.078180e-10	-1.188450e+01	-7.718104e+01
1.470000e-06	-2.151635e-06	-5.961806e-10	-1.156758e+01	-7.594154e+01
1.480000e-06	-2.092601e-06	-5.850608e-10	-1.125020e+01	-7.468804e+01
1.490000e-06	-2.033440e-06	-5.744788e-10	-1.093214e+01	-7.342068e+01
1.500000e-06	-1.974161e-06	-5.647016e-10	-1.061345e+01	-7.213959e+01
1.510000e-06	-1.914712e-06	-5.550745e-10	-1.029384e+01	-7.084484e+01
1.520000e-06	-1.855099e-06	-5.454625e-10	-9.973350e+00	-6.953652e+01
1.530000e-06	-1.795404e-06	-5.354624e-10	-9.652418e+00	-6.821463e+01
1.540000e-06	-1.735683e-06	-5.240176e-10	-9.331344e+00	-6.687915e+01
1.550000e-06	-1.675848e-06	-5.119108e-10	-9.009660e+00	-6.553003e+01
1.560000e-06	-1.615868e-06	-5.001650e-10	-8.687199e+00	-6.416714e+01
1.570000e-06	-1.555891e-06	-4.890402e-10	-8.364754e+00	-6.279033e+01
1.580000e-06	-1.495944e-06	-4.781549e-10	-8.042464e+00	-6.139937e+01
1.590000e-06	-1.435991e-06	-4.665470e-10	-7.720145e+00	-5.999401e+01
1.600000e-06	-1.375801e-06	-4.542632e-10	-7.396553e+00	-5.857392e+01
1.610000e-06	-1.315446e-06	-4.422645e-10	-7.072075e+00	-5.713876e+01
1.620000e-06	-1.255018e-06	-4.305901e-10	-6.747206e+00	-5.568810e+01
1.630000e-06	-1.194416e-06	-4.183833e-10	-6.421396e+00	-5.422150e+01
1.640000e-06	-1.133800e-06	-4.056113e-10	-6.095516e+00	-5.273848e+01
1.650000e-06	-1.073092e-06	-3.935609e-10	-5.769139e+00	-5.123853e+01
1.660000e-06	-1.012367e-06	-3.824013e-10	-5.442671e+00	-4.972111e+01
1.670000e-06	-9.515903e-07	-3.705073e-10	-5.115922e+00	-4.818568e+01
1.680000e-06	-8.906731e-07	-3.565806e-10	-4.788420e+00	-4.663168e+01
1.690000e-06	-8.296520e-07	-3.425462e-10	-4.460360e+00	-4.505856e+01
1.700000e-06	-7.685664e-07	-3.306031e-10	-4.131952e+00	-4.346579e+01
1.710000e-06	-7.074942e-07	-3.194602e-10	-3.803617e+00	-4.185286e+01
1.720000e-06	-6.463758e-07	-3.073290e-10	-3.475034e+00	-4.021928e+01
1.730000e-06	-5.851936e-07	-2.935819e-10	-3.146107e+00	-3.856463e+01
1.740000e-06	-5.240310e-07	-2.794327e-10	-2.817285e+00	-3.688853e+01
1.750000e-06	-4.628353e-07	-2.657607e-10	-2.488287e+00	-3.519067e+01
1.760000e-06	-4.015378e-07	-2.523084e-10	-2.158740e+00	-3.347082e+01
1.770000e-06	-3.402577e-07	-2.382008e-10	-1.829287e+00	-3.172883e+01
1.780000e-06	-2.789810e-07	-2.234139e-10	-1.499852e+00	-2.996464e+01
1.790000e-06	-2.176245e-07	-2.089294e-10	-1.169989e+00	-2.817830e+01
1.800000e-06	-1.562352e-07	-1.946212e-10	-8.399485e-01	-2.636997e+01
1.810000e-06	-9.492859e-08	-1.802904e-10	-5.103533e-01	-2.453993e+01
1.820000e-06	-3.367599e-08	-1.651937e-10	-1.810482e-01	-2.268857e+01
1.830000e-06	2.769566e-08	-1.489253e-10	1.488969e-01	-2.081641e+01
1.840000e-06	8.915744e-08	-1.327773e-10	4.793266e-01	-1.892408e+01
1.850000e-06	1.504525e-07	-1.177165e-10	8.088601e-01	-1.701237e+01
1.860000e-06	2.116263e-07	-1.035625e-10	1.137741e+00	-1.508216e+01
1.870000e-06	2.727609e-07	-8.892325e-11	1.466412e+00	-1.313448e+01
1.880000e-06	3.338952e-07	-7.274323e-11	1.795081e+00	-1.117046e+01
1.890000e-06	3.951426e-07	-5.685643e-11	2.124358e+00	-9.191346e+00
1.900000e-06	4.564056e-07	-4.202002e-11	2.453719e+00	-7.198505e+00
1.910000e-06	5.175265e-07	-2.652841e-11	2.782316e+00	-5.193390e+00
1.920000e-06	5.785623e-07	-1.101070e-11	3.110456e+00	-3.177548e+00
1.930000e-06	6.395978e-07	3.432446e-12	3.438594e+00	-1.152606e+00
1.940000e-06	7.006174e-07	1.817023e-11	3.766646e+00	8.797419e-01
1.950000e-06	7.614933e-07	3.431702e-11	4.093926e+00	2.917746e+00
1.960000e-06	8.222573e-07	5.118913e-11	4.420604e+00	4.959612e+00
1.970000e-06	8.830083e-07	6.704814e-11	4.747213e+00	7.003516e+00
1.980000e-06	9.437843e-07	8.161092e-11	5.073955e+00	9.047617e+00
1.990000e-06	1.004657e-06	9.592135e-11	5.401217e+00	1.109007e+01
2.000000e-06	1.065466e-06	1.105739e-10	5.728136e+00	1.312905e+01
2.010000e-06	1.126082e-06	1.263165e-10	6.054023e+00	1.516274e+01
2.020000e-06	1.186517e-06	1.428750e-10	6.378928e+00	1.718937e+01
2.030000e-06	1.246800e-06	1.591298e-10	6.703025e+00	1.920722e+01
2.040000e-06	1.307108e-06	1.748920e-10	7.027251e+00	2.121462e+01
2.050000e-06	1.367362e-06	1.902744e-10	7.351187e+00	2.320998e+01
2.060000e-06	1.427461e-06	2.056530e-10	7.674287e+00	2.519179e+01
2.070000e-06	1.487494e-06	2.204941e-10	7.997036e+00	2.715863e+01
2.080000e-06	1.547456e-06	2.341190e-10	8.319406e+00	2.910915e+01
2.090000e-06	1.607328e-06	2.477361e-10	8.641287e+00	3.104215e+01
2.100000e-06	1.667059e-06	2.630084e-10	8.962410e+00	3.295648e+01
2.110000e-06	1.726721e-06	2.789049e-10	9.283163e+00	3.485115e+01
2.120000e-06	1.786309e-06	2.936011e-10	9.603522e+00	3.672525e+01
2.130000e-06	1.845904e-06	3.068824e-10	9.923912e+00	3.857799e+01
2.140000e-06	1.905474e-06	3.192822e-10	1.024417e+01	4.040867e+01
2.150000e-06	1.964854e-06	3.330025e-10	1.056341e+01	4.221674e+01
2.160000e-06	2.024120e-06	3.479309e-10	1.088203e+01	4.400171e+01
2.170000e-06	2.083301e-06	3.620156e-10	1.120020e+01	4.576322e+01
2.180000e-06	2.142435e-06	3.753396e-10	1.151812e+01	4.750100e+01
2.190000e-06	2.201424e-06	3.887430e-10	1.183525e+01	4.921485e+01
2.200000e-06	2.260176e-06	4.021448e-10	1.215112e+01	5.090469e+01
2.210000e-06	2.318740e-06	4.158026e-10	1.246597e+01	5.257047e+01
2.220000e-06	2.376972e-06	4.293073e-10	1.277903e+01	5.421226e+01
2.230000e-06	2.434853e-06	4.421118e-10	1.309021e+01	5.583014e+01
2.240000e-06	2.492406e-06	4.552058e-10	1.339963e+01	5.742428e+01
2.250000e-06	2.549670e-06	4.690090e-10	1.370749e+01	5.899488e+01
2.260000e-06	2.606669e-06	4.816843e-10	1.401393e+01	6.054220e+01
2.270000e-06	2.663242e-06	4.923708e-10	1.431807e+01	6.206650e+01
2.280000e-06	2.719526e-06	5.028901e-10	1.462066e+01	6.356810e+01
2.290000e-06	2.775730e-06	5.138349e-10	1.492283e+01	6.504731e+01
2.300000e-06	2.831810e-06	5.260842e-10	1.522433e+01	6.650448e+01
2.310000e-06	2.887643e-06	5.397032e-10	1.552449e+01	6.793996e+01
2.320000e-06	2.943220e-06	5.535384e-10	1.582328e+01	6.935411e+01
2.330000e-06	2.998646e-06	5.668950e-10	1.612126e+01	7.074729e+01
2.340000e-06	3.053975e-06	5.787178e-10	1.641872e+01	7.211987e+01
2.350000e-06	3.109268e-06	5.888786e-10	1.671599e+01	7.347220e+01
2.360000e-06	3.164335e-06	5.976725e-10	1.701204e+01	7.480465e+01
2.370000e-06	3.219067e-06	6.057403e-10	1.730629e+01	7.611758e+01
2.380000e-06	3.273616e-06	6.145384e-10	1.759955e+01	7.741134e+01
2.390000e-06	3.328036e-06	6.262201e-10	1.789213e+01	7.868629e+01
2.400000e-06	3.382254e-06	6.396721e-10	1.818361e+01	7.994277e+01
2.410000e-06	3.436238e-06	6.522364e-10	1.847384e+01	8.118114e+01
2.420000e-06	3.489950e-06	6.633365e-10	1.876260e+01	8.240174e+01
2.430000e-06	3.543382e-06	6.728051e-10	1.904986e+01	8.360493e+01
2.440000e-06	3.596607e-06	6.823678e-10	1.933601e+01	8.479105e+01
2.450000e-06	3.649561e-06	6.922098e-10	1.962070e+01	8.596047e+01
2.460000e-06	3.702201e-06	7.007355e-10	1.990371e+01	8.711353e+01
2.470000e-06	3.754544e-06	7.087482e-10	2.018511e+01	8.825059e+01
2.480000e-06	3.806617e-06	7.176918e-10	2.046506e+01	8.937203e+01
2.490000e-06	3.858437e-06	7.273272e-10	2.074366e+01	9.047820e+01
2.500000e-06	3.909949e-06	7.369912e-10	2.102059e+01	9.156948e+01
2.510000e-06	3.961132e-06	7.465341e-10	2.129576e+01	9.264624e+01
2.520000e-06	4.011990e-06	7.554116e-10	2.156919e+01	9.370885e+01
2.530000e-06	4.062586e-06	7.635640e-10	2.184120e+01	9.475767e+01
2.540000e-06	4.112758e-06	7.716571e-10	2.211093e+01	9.579307e+01
2.550000e-06	4.162215e-06	7.791841e-10	2.237682e+01	9.681542e+01
2.560000e-06	4.211151e-06	7.850320e-10	2.263991e+01	9.782505e+01
2.570000e-06	4.259709e-06	7.907976e-10	2.290097e+01	9.882231e+01
2.580000e-06	4.307916e-06	7.991431e-10	2.316014e+01	9.980751e+01
2.590000e-06	4.355864e-06	8.095033e-10	2.341791e+01	1.007810e+02
2.600000e-06	4.403564e-06	8.191570e-10	2.367436e+01	1.017429e+02
2.610000e-06	4.451081e-06	8.268078e-10	2.392982e+01	1.026937e+02
2.620000e-06	4.498332e-06	8.333974e-10	2.418385e+01	1.036334e+02
2.630000e-06	4.545237e-06	8.406131e-10	2.443602e+01	1.045624e+02
2.640000e-06	4.591818e-06	8.485789e-10	2.468645e+01	1.054807e+02
2.650000e-06	4.638043e-06	8.552410e-10	2.493496e+01	1.063885e+02
2.660000e-06	4.683926e-06	8.599565e-10	2.518163e+01	1.072858e+02
2.670000e-06	4.729536e-06	8.650049e-10	2.542684e+01	1.081728e+02
2.680000e-06	4.774823e-06	8.725571e-10	2.567031e+01	1.090495e+02
2.690000e-06	4.819723e-06	8.808705e-10	2.591170e+01	1.099158e+02
2.700000e-06	4.864223e-06	8.875720e-10	2.615095e+01	1.107717e+02
2.710000e-06	4.908373e-06	8.939900e-10	2.638830e+01	1.116171e+02
2.720000e-06	4.952285e-06	9.014548e-10	2.662438e+01	1.124519e+02
2.730000e-06	4.995973e-06	9.103697e-10	2.685926e+01	1.132760e+02
2.740000e-06	5.039462e-06	9.187593e-10	2.709306e+01	1.140892e+02
2.750000e-06	5.082797e-06	9.242951e-10	2.732604e+01	1.148913e+02
2.760000e-06	5.125890e-06	9.286768e-10	2.755771e+01	1.156821e+02
2.770000e-06	5.168502e-06	9.344917e-10	2.778680e+01	1.164616e+02
2.780000e-06	5.210475e-06	9.423565e-10	2.801246e+01	1.172294e+02
2.790000e-06	5.251767e-06	9.502547e-10	2.823445e+01	1.179853e+02
2.800000e-06	5.292541e-06	9.567638e-10	2.845366e+01	1.187293e+02
2.810000e-06	5.332866e-06	9.621354e-10	2.867045e+01	1.194610e+02
2.820000e-06	5.372777e-06	9.680388e-10	2.888502e+01	1.201804e+02
2.830000e-06	5.412351e-06	9.752635e-10	2.909778e+01	1.208874e+02
2.840000e-06	5.451709e-06	9.815619e-10	2.930937e+01	1.215817e+02
2.850000e-06	5.490882e-06	9.862767e-10	2.951998e+01	1.222635e+02
2.860000e-06	5.529664e-06	9.905446e-10	2.972847e+01	1.229326e+02
2.870000e-06	5.568087e-06	9.958606e-10	2.993504e+01	1.235890e+02
2.880000e-06	5.606058e-06	1.002285e-09	3.013918e+01	1.242327e+02
2.890000e-06	5.643494e-06	1.008072e-09	3.034045e+01	1.248640e+02
2.900000e-06	5.680481e-06	1.013449e-09	3.053930e+01	1.254828e+02
2.910000e-06	5.717016e-06	1.019267e-09	3.073571e+01	1.260893e+02
2.920000e-06	5.753197e-06	1.026477e-09	3.093023e+01	1.266838e+02
2.930000e-06	5.789069e-06	1.034318e-09	3.112309e+01	1.272664e+02
2.940000e-06	5.824661e-06	1.038875e-09	3.131444e+01	1.278375e+02
2.950000e-06	5.860039e-06	1.041078e-09	3.150463e+01	1.283973e+02
2.960000e-06	5.895215e-06	1.045319e-09	3.169374e+01	1.289461e+02
2.970000e-06	5.929851e-06	1.051665e-09	3.187995e+01	1.294843e+02
2.980000e-06	5.963894e-06	1.058279e-09	3.206298e+01	1.300123e+02
2.990000e-06	5.997387e-06	1.063814e-09	3.224304e+01	1.305304e+02
3.000000e-06	6.030041e-06	1.067992e-09	3.241859e+01	1.310389e+02
3.010000e-06	6.062032e-06	1.072285e-09	3.259058e+01	1.315383e+02
3.020000e-06	6.093645e-06	1.078541e-09	3.276054e+01	1.320289e+02
3.030000e-06	6.124990e-06	1.085553e-09	3.292906e+01	1.325110e+02
3.040000e-06	6.156046e-06	1.090958e-09	3.309602e+01	1.329851e+02
3.050000e-06	6.186670e-06	1.096261e-09	3.326066e+01	1.334514e+02
3.060000e-06	6.216792e-06	1.102265e-09	3.342260e+01	1.339101e+02
3.070000e-06	6.246519e-06	1.106731e-09	3.358242e+01	1.343617e+02
3.080000e-06	6.275933e-06	1.110653e-09	3.374056e+01	1.348062e+02
3.090000e-06	6.304854e-06	1.115764e-09	3.389604e+01	1.352439e+02
3.100000e-06	6.333267e-06	1.120995e-09	3.404879e+01	1.356750e+02
3.110000e-06	6.361349e-06	1.126022e-09	3.419976e+01	1.360996e+02
3.120000e-06	6.389127e-06	1.130507e-09	3.434910e+01	1.365178e+02
3.130000e-06	6.416690e-06	1.134305e-09	3.449729e+01	1.369296e+02
3.140000e-06	6.444105e-06	1.137177e-09	3.464467e+01	1.373351e+02
3.150000e-06	6.471108e-06	1.140475e-09	3.478985e+01	1.377343e+02
3.160000e-06	6.497317e-06	1.144647e-09	3.493075e+01	1.381272e+02
3.170000e-06	6.522621e-06	1.149011e-09	3.506679e+01	1.385136e+02
3.180000e-06	6.547073e-06	1.154006e-09	3.519825e+01	1.388936e+02
3.190000e-06	6.570852e-06	1.158506e-09	3.532609e+01	1.392671e+02
3.200000e-06	6.594296e-06	1.161176e-09	3.545213e+01	1.396339e+02
3.210000e-06	6.617557e-06	1.163444e-09	3.557719e+01	1.399939e+02
3.220000e-06	6.640413e-06	1.167186e-09	3.570006e+01	1.403471e+02
3.230000e-06	6.662649e-06	1.170888e-09	3.581961e+01	1.406933e+02
3.240000e-06	6.684409e-06	1.173992e-09	3.593659e+01	1.410324e+02
3.250000e-06	6.705836e-06	1.177491e-09	3.605179e+01	1.413644e+02
3.260000e-06	6.726850e-06	1.181241e-09	3.616476e+01	1.416890e+02
3.270000e-06	6.747339e-06	1.184390e-09	3.627492e+01	1.420063e+02
3.280000e-06	6.767273e-06	1.186614e-09	3.638208e+01	1.423161e+02
3.290000e-06	6.786851e-06	1.189036e-09	3.648734e+01	1.426185e+02
3.300000e-06	6.806255e-06	1.192425e-09	3.659166e+01	1.429134e+02
3.310000e-06	6.825397e-06	1.195940e-09	3.669457e+01	1.432008e+02
3.320000e-06	6.843907e-06	1.198061e-09	3.679408e+01	1.434807e+02
3.330000e-06	6.861689e-06	1.198845e-09	3.688968e+01	1.437531e+02
3.340000e-06	6.878950e-06	1.200581e-09	3.698248e+01	1.440180e+02
3.350000e-06	6.895821e-06	1.203838e-09	3.707318e+01	1.442755e+02
3.360000e-06	6.912340e-06	1.205844e-09	3.716199e+01	1.445257e+02
3.370000e-06	6.928384e-06	1.207546e-09	3.724825e+01	1.447687e+02
3.380000e-06	6.943807e-06	1.210127e-09	3.733116e+01	1.450044e+02
3.390000e-06	6.958645e-06	1.212468e-09	3.741094e+01	1.452330e+02
3.400000e-06	6.972859e-06	1.215927e-09	3.748735e+01	1.454545e+02
3.410000e-06	6.986474e-06	1.220189e-09	3.756055e+01	1.456691e+02
3.420000e-06	6.999663e-06	1.222867e-09	3.763146e+01	1.458767e+02
3.430000e-06	7.012348e-06	1.224512e-09	3.769966e+01	1.460774e+02
3.440000e-06	7.024516e-06	1.227586e-09	3.776507e+01	1.462712e+02
3.450000e-06	7.036223e-06	1.231440e-09	3.782801e+01	1.464582e+02
3.460000e-06	7.047409e-06	1.234048e-09	3.788815e+01	1.466383e+02
3.470000e-06	7.057998e-06	1.234845e-09	3.794508e+01	1.468115e+02
3.480000e-06	7.067869e-06	1.234394e-09	3.799814e+01	1.469778e+02
3.490000e-06	7.076826e-06	1.236310e-09	3.804630e+01	1.471370e+02
3.500000e-06	7.084998e-06	1.240872e-09	3.809023e+01	1.472892e+02
3.510000e-06	7.092715e-06	1.244699e-09	3.813172e+01	1.474341e+02
3.520000e-06	7.100104e-06	1.246514e-09	3.817145e+01	1.475716e+02
3.530000e-06	7.107176e-06	1.246784e-09	3.820947e+01	1.477017e+02
3.540000e-06	7.113842e-06	1.247604e-09	3.824530e+01	1.478241e+02
3.550000e-06	7.119949e-06	1.249445e-09	3.827813e+01	1.479386e+02
3.560000e-06	7.125484e-06	1.250984e-09	3.830789e+01	1.480452e+02
3.570000e-06	7.130500e-06	1.251932e-09	3.833486e+01	1.481435e+02
3.580000e-06	7.134976e-06	1.253484e-09	3.835892e+01	1.482335e+02
3.590000e-06	7.139000e-06	1.256502e-09	3.838056e+01	1.483149e+02
3.600000e-06	7.142698e-06	1.259168e-09	3.840044e+01	1.483876e+02
3.610000e-06	7.146089e-06	1.260051e-09	3.841867e+01	1.484515e+02
3.620000e-06	7.149046e-06	1.260427e-09	3.843456e+01	1.485064e+02
3.630000e-06	7.151436e-06	1.260437e-09	3.844742e+01	1.485523e+02
3.640000e-06	7.153022e-06	1.261271e-09	3.845594e+01	1.485890e+02
3.650000e-06	7.153696e-06	1.263639e-09	3.845956e+01	1.486165e+02
3.660000e-06	7.153777e-06	1.265689e-09	3.846000e+01	1.486349e+02
3.670000e-06	7.153528e-06	1.266811e-09	3.845866e+01	1.486441e+02
3.680000e-06	7.152978e-06	1.267858e-09	3.845571e+01	1.486443e+02
3.690000e-06	7.152064e-06	1.269224e-09	3.845079e+01	1.486354e+02
3.700000e-06	7.150708e-06	1.271357e-09	3.844350e+01	1.486178e+02
3.710000e-06	7.148841e-06	1.273005e-09	3.843347e+01	1.485914e+02
3.720000e-06	7.146465e-06	1.273538e-09	3.842069e+01	1.485567e+02
3.730000e-06	7.143587e-06	1.272134e-09	3.840522e+01	1.485138e+02
3.740000e-06	7.140144e-06	1.262828e-09	3.838671e+01	1.484630e+02
3.750000e-06	7.136167e-06	1.259627e-09	3.836533e+01	1.484046e+02
3.760000e-06	7.131541e-06	1.296294e-09	3.834045e+01	1.483389e+02
3.770000e-06	7.126052e-06	1.330251e-09	3.831095e+01	1.482663e+02
3.780000e-06	7.120032e-06	1.278400e-09	3.827858e+01	1.481872e+02
3.790000e-06	7.113899e-06	1.195025e-09	3.824561e+01	1.481018e+02
3.800000e-06	7.107560e-06	1.246929e-09	3.821153e+01	1.480107e+02
3.810000e-06	7.100498e-06	1.349646e-09	3.817356e+01	1.479142e+02
3.820000e-06	7.092546e-06	1.292787e-09	3.813081e+01	1.478125e+02
3.830000e-06	7.084168e-06	1.181311e-09	3.808577e+01	1.477061e+02
3.840000e-06	7.075542e-06	1.257199e-09	3.803939e+01	1.475953e+02
3.850000e-06	7.066358e-06	1.393689e-09	3.799002e+01	1.474804e+02
3.860000e-06	7.056542e-06	1.295539e-09	3.793725e+01	1.473617e+02
3.870000e-06	7.046312e-06	1.128323e-09	3.788225e+01	1.472394e+02
3.880000e-06	7.035785e-06	1.229424e-09	3.782565e+01	1.471137e+02
3.890000e-06	7.024756e-06	1.402385e-09	3.776636e+01	1.469849e+02
3.900000e-06	7.013107e-06	1.296615e-09	3.770373e+01	1.468529e+02
3.910000e-06	7.000937e-06	1.150332e-09	3.763830e+01	1.467180e+02
3.920000e-06	6.988187e-06	1.274024e-09	3.756976e+01	1.465803e+02
3.930000e-06	6.974585e-06	1.382340e-09	3.749663e+01	1.464396e+02
3.940000e-06	6.960155e-06	1.229232e-09	3.741905e+01	1.462960e+02
3.950000e-06	6.945125e-06	1.160657e-09	3.733825e+01	1.461495e+02
3.960000e-06	6.929499e-06	1.322217e-09	3.725424e+01	1.460000e+02
3.970000e-06	6.913317e-06	1.342681e-09	3.716724e+01	1.458474e+02
3.980000e-06	6.896771e-06	1.196881e-09	3.707829e+01	1.456914e+02
3.990000e-06	6.879926e-06	1.236293e-09	3.698773e+01	1.455320e+02
4.000000e-06	6.862705e-06	1.347050e-09	3.689514e+01	1.453690e+02
4.010000e-06	6.844986e-06	1.238609e-09	3.679989e+01	1.452022e+02
4.020000e-06	6.826706e-06	1.168625e-09	3.670161e+01	1.450313e+02
4.030000e-06	6.807881e-06	1.316099e-09	3.660040e+01	1.448563e+02
4.040000e-06	6.788616e-06	1.335689e-09	3.649683e+01	1.446768e+02
4.050000e-06	6.768905e-06	1.187916e-09	3.639086e+01	1.444927e+02
4.060000e-06	6.748758e-06	1.221353e-09	3.628255e+01	1.443037e+02
4.070000e-06	6.728310e-06	1.332358e-09	3.617261e+01	1.441098e+02
4.080000e-06	6.707584e-06	1.245010e-09	3.606119e+01	1.439107e+02
4.090000e-06	6.686464e-06	1.184091e-09	3.594764e+01	1.437062e+02
4.100000e-06	6.664558e-06	1.290143e-09	3.582987e+01	1.434963e+02
4.110000e-06	6.641773e-06	1.288966e-09	3.570738e+01	1.432808e+02
4.120000e-06	6.618220e-06	1.199882e-09	3.558075e+01	1.430597e+02
4.130000e-06	6.594137e-06	1.251486e-09	3.545127e+01	1.428328e+02
4.140000e-06	6.569766e-06	1.292275e-09	3.532025e+01	1.426001e+02
4.150000e-06	6.545138e-06	1.210111e-09	3.518785e+01	1.423616e+02
4.160000e-06	6.520139e-06	1.214511e-09	3.505345e+01	1.421172e+02
4.170000e-06	6.494667e-06	1.286085e-09	3.491651e+01	1.418669e+02
4.180000e-06	6.468736e-06	1.245479e-09	3.477710e+01	1.416108e+02
4.190000e-06	6.442380e-06	1.207915e-09	3.463540e+01	1.413488e+02
4.200000e-06	6.415537e-06	1.254635e-09	3.449109e+01	1.410810e+02
4.210000e-06	6.388118e-06	1.244322e-09	3.434368e+01	1.408073e+02
4.220000e-06	6.360166e-06	1.205215e-09	3.419340e+01	1.405279e+02
4.230000e-06	6.331868e-06	1.237755e-09	3.404127e+01	1.402427e+02
4.240000e-06	6.303357e-06	1.248339e-09	3.388799e+01	1.399517e+02
4.250000e-06	6.274647e-06	1.213453e-09	3.373364e+01	1.396549e+02
4.260000e-06	6.245458e-06	1.225420e-09	3.357671e+01	1.393522e+02
4.270000e-06	6.215603e-06	1.243163e-09	3.341621e+01	1.390437e+02
4.280000e-06	6.184882e-06	1.218837e-09	3.325105e+01	1.387293e+02
4.290000e-06	6.153328e-06	1.213003e-09	3.308141e+01	1.384088e+02
4.300000e-06	6.121315e-06	1.225538e-09	3.290930e+01	1.380822e+02
4.310000e-06	6.089012e-06	1.218149e-09	3.273563e+01	1.377493e+02
4.320000e-06	6.056395e-06	1.214156e-09	3.256028e+01	1.374101e+02
4.330000e-06	6.023311e-06	1.217855e-09	3.238241e+01	1.370642e+02
4.340000e-06	5.989927e-06	1.209771e-09	3.220293e+01	1.367114e+02
4.350000e-06	5.956147e-06	1.204743e-09	3.202133e+01	1.363517e+02
4.360000e-06	5.921854e-06	1.207724e-09	3.183696e+01	1.359847e+02
4.370000e-06	5.887178e-06	1.206329e-09	3.165053e+01	1.356101e+02
4.380000e-06	5.852190e-06	1.203240e-09	3.146243e+01	1.352276e+02
4.390000e-06	5.816817e-06	1.198228e-09	3.127226e+01	1.348371e+02
4.400000e-06	5.780949e-06	1.192714e-09	3.107943e+01	1.344382e+02
4.410000e-06	5.744725e-06	1.194596e-09	3.088468e+01	1.340306e+02
4.420000e-06	5.708270e-06	1.194497e-09	3.068870e+01	1.336139e+02
4.430000e-06	5.671563e-06	1.186043e-09	3.049135e+01	1.331880e+02
4.440000e-06	5.634495e-06	1.183007e-09	3.029207e+01	1.327526e+02
4.450000e-06	5.596864e-06	1.185203e-09	3.008976e+01	1.323073e+02
4.460000e-06	5.558592e-06	1.182644e-09	2.988400e+01	1.318520e+02
4.470000e-06	5.519664e-06	1.177916e-09	2.967471e+01	1.313864e+02
4.480000e-06	5.480001e-06	1.174401e-09	2.946148e+01	1.309104e+02
4.490000e-06	5.439856e-06	1.169354e-09	2.924565e+01	1.304237e+02
4.500000e-06	5.399513e-06	1.164674e-09	2.902876e+01	1.299262e+02
4.510000e-06	5.358985e-06	1.163318e-09	2.881087e+01	1.294179e+02
4.520000e-06	5.318168e-06	1.162037e-09	2.859143e+01	1.288986e+02
4.530000e-06	5.276995e-06	1.157048e-09	2.837008e+01	1.283683e+02
4.540000e-06	5.235412e-06	1.151561e-09	2.814652e+01	1.278271e+02
4.550000e-06	5.193520e-06	1.148942e-09	2.792130e+01	1.272749e+02
4.560000e-06	5.151288e-06	1.146163e-09	2.769426e+01	1.267118e+02
4.570000e-06	5.108608e-06	1.140220e-09	2.746480e+01	1.261379e+02
4.580000e-06	5.065583e-06	1.133114e-09	2.723349e+01	1.255534e+02
4.590000e-06	5.022169e-06	1.127023e-09	2.700009e+01	1.249584e+02
4.600000e-06	4.978325e-06	1.122012e-09	2.676438e+01	1.243530e+02
4.610000e-06	4.934250e-06	1.117364e-09	2.652742e+01	1.237375e+02
4.620000e-06	4.889996e-06	1.113523e-09	2.628950e+01	1.231120e+02
4.630000e-06	4.845558e-06	1.109882e-09	2.605060e+01	1.224768e+02
4.640000e-06	4.800961e-06	1.103469e-09	2.581084e+01	1.218321e+02
4.650000e-06	4.755992e-06	1.095686e-09	2.556907e+01	1.211781e+02
4.660000e-06	4.710538e-06	1.089257e-09	2.532470e+01	1.205151e+02
4.670000e-06	4.664643e-06	1.083133e-09	2.507797e+01	1.198432e+02
4.680000e-06	4.618541e-06	1.075555e-09	2.483011e+01	1.191626e+02
4.690000e-06	4.572238e-06	1.069488e-09	2.458118e+01	1.184734e+02
4.700000e-06	4.525497e-06	1.065736e-09	2.432989e+01	1.177760e+02
4.710000e-06	4.478459e-06	1.061398e-09	2.407701e+01	1.170703e+02
4.720000e-06	4.431113e-06	1.056454e-09	2.382246e+01	1.163565e+02
4.730000e-06	4.383405e-06	1.048435e-09	2.356598e+01	1.156347e+02
4.740000e-06	4.335366e-06	1.038742e-09	2.330771e+01	1.149047e+02
4.750000e-06	4.286863e-06	1.032160e-09	2.304695e+01	1.141668e+02
4.760000e-06	4.238038e-06	1.026435e-09	2.278446e+01	1.134207e+02
4.770000e-06	4.188925e-06	1.020354e-09	2.252042e+01	1.126665e+02
4.780000e-06	4.139335e-06	1.015724e-09	2.225381e+01	1.119040e+02
4.790000e-06	4.089325e-06	1.011512e-09	2.198495e+01	1.111330e+02
4.800000e-06	4.039037e-06	1.005124e-09	2.171460e+01	1.103533e+02
4.810000e-06	3.988537e-06	9.981250e-10	2.144310e+01	1.095647e+02
4.820000e-06	3.937811e-06	9.903639e-10	2.117038e+01	1.087669e+02
4.830000e-06	3.886755e-06	9.817876e-10	2.089590e+01	1.079596e+02
4.840000e-06	3.835389e-06	9.750005e-10	2.061975e+01	1.071425e+02
4.850000e-06	3.783735e-06	9.697684e-10	2.034205e+01	1.063153e+02
4.860000e-06	3.731709e-06	9.647743e-10	2.006235e+01	1.054775e+02
4.870000e-06	3.679398e-06	9.586602e-10	1.978111e+01	1.046287e+02
4.880000e-06	3.626929e-06	9.513146e-10	1.949903e+01	1.037687e+02
4.890000e-06	3.574221e-06	9.435519e-10	1.921566e+01	1.028970e+02
4.900000e-06	3.521121e-06	9.358670e-10	1.893018e+01	1.020131e+02
4.910000e-06	3.467595e-06	9.282182e-10	1.864242e+01	1.011167e+02
4.920000e-06	3.413821e-06	9.210567e-10	1.835332e+01	1.002074e+02
4.930000e-06	3.359671e-06	9.141487e-10	1.806220e+01	9.928479e+01
4.940000e-06	3.304969e-06	9.063922e-10	1.776811e+01	9.834857e+01
4.950000e-06	3.250042e-06	8.977689e-10	1.747281e+01	9.739838e+01
4.960000e-06	3.194889e-06	8.886752e-10	1.717630e+01	9.643392e+01
4.970000e-06	3.139291e-06	8.790793e-10	1.687740e+01	9.545491e+01
4.980000e-06	3.083423e-06	8.699763e-10	1.657704e+01	9.446111e+01
4.990000e-06	3.027399e-06	8.621183e-10	1.627584e+01	9.345232e+01
5.000000e-06	2.971192e-06	8.542481e-10	1.597367e+01	9.242836e+01
5.010000e-06	2.914837e-06	8.452773e-10	1.567069e+01	9.138911e+01
5.020000e-06	2.858436e-06	8.353955e-10	1.536747e+01	9.033446e+01
5.030000e-06	2.801806e-06	8.253015e-10	1.506302e+01	8.926437e+01
5.040000e-06	2.744972e-06	8.157567e-10	1.475747e+01	8.817882e+01
5.050000e-06	2.688001e-06	8.075733e-10	1.445118e+01	8.707782e+01
5.060000e-06	2.630744e-06	8.005285e-10	1.414336e+01	8.596143e+01
5.070000e-06	2.573395e-06	7.921066e-10	1.383504e+01	8.482974e+01
5.080000e-06	2.515870e-06	7.818680e-10	1.352578e+01	8.368285e+01
5.090000e-06	2.458170e-06	7.708093e-10	1.321557e+01	8.252089e+01
5.100000e-06	2.400352e-06	7.594440e-10	1.290473e+01	8.134403e+01
5.110000e-06	2.342390e-06	7.484414e-10	1.259311e+01	8.015242e+01
5.120000e-06	2.284242e-06	7.374715e-10	1.228050e+01	7.894624e+01
5.130000e-06	2.225891e-06	7.264804e-10	1.196679e+01	7.772567e+01
5.140000e-06	2.167414e-06	7.157268e-10	1.165241e+01	7.649088e+01
5.150000e-06	2.108746e-06	7.045217e-10	1.133700e+01	7.524203e+01
5.160000e-06	2.049880e-06	6.920037e-10	1.102052e+01	7.397928e+01
5.170000e-06	1.990880e-06	6.790621e-10	1.070333e+01	7.270276e+01
5.180000e-06	1.931649e-06	6.670263e-10	1.038489e+01	7.141256e+01
5.190000e-06	1.872241e-06	6.563207e-10	1.006551e+01	7.010876e+01
5.200000e-06	1.812729e-06	6.456347e-10	9.745558e+00	6.879140e+01
5.210000e-06	1.753127e-06	6.336679e-10	9.425127e+00	6.746046e+01
5.220000e-06	1.693527e-06	6.209952e-10	9.104708e+00	6.611590e+01
5.230000e-06	1.633754e-06	6.081616e-10	8.783359e+00	6.475762e+01
5.240000e-06	1.573821e-06	5.953654e-10	8.461145e+00	6.338548e+01
5.250000e-06	1.513801e-06	5.824904e-10	8.138467e+00	6.199927e+01
5.260000e-06	1.453769e-06	5.703022e-10	7.815728e+00	6.059874e+01
5.270000e-06	1.393699e-06	5.583592e-10	7.492777e+00	5.918361e+01
5.280000e-06	1.333471e-06	5.446817e-10	7.168983e+00	5.775351e+01
5.290000e-06	1.273142e-06	5.298007e-10	6.844640e+00	5.630807e+01
5.300000e-06	1.212753e-06	5.146287e-10	6.519982e+00	5.484684e+01
5.310000e-06	1.152350e-06	4.997400e-10	6.195241e+00	5.336935e+01
5.320000e-06	1.092003e-06	4.859582e-10	5.870805e+00	5.187511e+01
5.330000e-06	1.031586e-06	4.736287e-10	5.545991e+00	5.036358e+01
5.340000e-06	9.710809e-07	4.615139e-10	5.220707e+00	4.883422e+01
5.350000e-06	9.106212e-07	4.481128e-10	4.895665e+00	4.728647e+01
5.360000e-06	8.501073e-07	4.331635e-10	4.570331e+00	4.571979e+01
5.370000e-06	7.894939e-07	4.178076e-10	4.244462e+00	4.413363e+01
5.380000e-06	7.288484e-07	4.031226e-10	3.918421e+00	4.252748e+01
5.390000e-06	6.681610e-07	3.885081e-10	3.592155e+00	4.090084e+01
5.400000e-06	6.073546e-07	3.735597e-10	3.265248e+00	3.925327e+01
5.410000e-06	5.465211e-07	3.589301e-10	2.938196e+00	3.758436e+01
5.420000e-06	4.857084e-07	3.442329e-10	2.611256e+00	3.589379e+01
5.430000e-06	4.248565e-07	3.290015e-10	2.284105e+00	3.418129e+01
5.440000e-06	3.639691e-07	3.124018e-10	1.956764e+00	3.244669e+01
5.450000e-06	3.030129e-07	2.945332e-10	1.629052e+00	3.068990e+01
5.460000e-06	2.419982e-07	2.774448e-10	1.301026e+00	2.891094e+01
5.470000e-06	1.809982e-07	2.614914e-10	9.730792e-01	2.710992e+01
5.480000e-06	1.201403e-07	2.459953e-10	6.458958e-01	2.528709e+01
5.490000e-06	5.942137e-08	2.298249e-10	3.194601e-01	2.344279e+01
5.500000e-06	-1.308255e-09	2.119572e-10	-7.033417e-03	2.157750e+01
5.510000e-06	-6.214992e-08	1.934807e-10	-3.341292e-01	1.969182e+01
5.520000e-06	-1.229931e-07	1.757377e-10	-6.612334e-01	1.778648e+01
5.530000e-06	-1.837131e-07	1.582708e-10	-9.876748e-01	1.586233e+01
5.540000e-06	-2.444315e-07	1.413041e-10	-1.314108e+00	1.392036e+01
5.550000e-06	-3.051318e-07	1.243672e-10	-1.640444e+00	1.196165e+01
5.560000e-06	-3.657476e-07	1.064478e-10	-1.966326e+00	9.987431e+00
5.570000e-06	-4.264291e-07	8.767066e-11	-2.292560e+00	7.999014e+00
5.580000e-06	-4.871468e-07	6.770681e-11	-2.618989e+00	5.997826e+00
5.590000e-06	-5.478125e-07	4.786717e-11	-2.945139e+00	3.985388e+00
5.600000e-06	-6.084433e-07	2.978623e-11	-3.271101e+00	1.963298e+00
5.610000e-06	-6.689751e-07	1.234406e-11	-3.596531e+00	-6.676926e-02
5.620000e-06	-7.294780e-07	-5.751566e-12	-3.921806e+00	-2.103081e+00
5.630000e-06	-7.900313e-07	-2.552709e-11	-4.247351e+00	-4.143857e+00
5.640000e-06	-8.505972e-07	-4.655158e-11	-4.572965e+00	-6.187281e+00
5.650000e-06	-9.110908e-07	-6.706618e-11	-4.898189e+00	-8.231518e+00
5.660000e-06	-9.715121e-07	-8.649398e-11	-5.223025e+00	-1.027472e+01
5.670000e-06	-1.031957e-06	-1.048770e-10	-5.547988e+00	-1.231506e+01
5.680000e-06	-1.092401e-06	-1.227532e-10	-5.872944e+00	-1.435071e+01
5.690000e-06	-1.152764e-06	-1.414233e-10	-6.197467e+00	-1.637988e+01
5.700000e-06	-1.213073e-06	-1.613580e-10	-6.521701e+00	-1.840084e+01
5.710000e-06	-1.273350e-06	-1.812372e-10	-6.845762e+00	-2.041190e+01
5.720000e-06	-1.333539e-06	-2.001145e-10	-7.169349e+00	-2.241144e+01
5.730000e-06	-1.393684e-06	-2.183779e-10	-7.492695e+00	-2.439793e+01
5.740000e-06	-1.453799e-06	-2.364317e-10	-7.815889e+00	-2.636990e+01
5.750000e-06	-1.513836e-06	-2.551186e-10	-8.138658e+00	-2.832600e+01
5.760000e-06	-1.573742e-06	-2.739556e-10	-8.460721e+00	-3.026496e+01
5.770000e-06	-1.633534e-06	-2.917849e-10	-8.782172e+00	-3.218563e+01
5.780000e-06	-1.693262e-06	-3.097291e-10	-9.103283e+00	-3.408696e+01
5.790000e-06	-1.752739e-06	-3.290466e-10	-9.423042e+00	-3.596801e+01
5.800000e-06	-1.811967e-06	-3.479699e-10	-9.741463e+00	-3.782794e+01
5.810000e-06	-1.871210e-06	-3.646715e-10	-1.005996e+01	-3.966604e+01
5.820000e-06	-1.930401e-06	-3.807883e-10	-1.037819e+01	-4.148170e+01
5.830000e-06	-1.989337e-06	-3.986625e-10	-1.069504e+01	-4.327441e+01
5.840000e-06	-2.048137e-06	-4.171476e-10	-1.101115e+01	-4.504377e+01
5.850000e-06	-2.106859e-06	-4.326241e-10	-1.132686e+01	-4.678948e+01
5.860000e-06	-2.165372e-06	-4.468361e-10	-1.164143e+01	-4.851132e+01
5.870000e-06	-2.223735e-06	-4.625957e-10	-1.195520e+01	-5.020917e+01
5.880000e-06	-2.281969e-06	-4.785683e-10	-1.226828e+01	-5.188296e+01
5.890000e-06	-2.340005e-06	-4.934702e-10	-1.258029e+01	-5.353273e+01
5.900000e-06	-2.397777e-06	-5.085130e-10	-1.289088e+01	-5.515856e+01
5.910000e-06	-2.455480e-06	-5.233350e-10	-1.320111e+01	-5.676059e+01
5.920000e-06	-2.513129e-06	-5.374821e-10	-1.351104e+01	-5.833901e+01
5.930000e-06	-2.570422e-06	-5.541587e-10	-1.381905e+01	-5.989406e+01
5.940000e-06	-2.627417e-06	-5.715273e-10	-1.412547e+01	-6.142599e+01
5.950000e-06	-2.684237e-06	-5.862340e-10	-1.443094e+01	-6.293512e+01
5.960000e-06	-2.740889e-06	-5.998986e-10	-1.473551e+01	-6.442175e+01
5.970000e-06	-2.797439e-06	-6.129068e-10	-1.503954e+01	-6.588623e+01
5.980000e-06	-2.853964e-06	-6.245713e-10	-1.534343e+01	-6.732889e+01
5.990000e-06	-2.910399e-06	-6.362293e-10	-1.564683e+01	-6.875011e+01
6.000000e-06	-2.966665e-06	-6.485419e-10	-1.594933e+01	-7.015023e+01
6.010000e-06	-3.022787e-06	-6.607318e-10	-1.625105e+01	-7.152963e+01
6.020000e-06	-3.078714e-06	-6.734348e-10	-1.655173e+01	-7.288867e+01
6.030000e-06	-3.134369e-06	-6.879198e-10	-1.685094e+01	-7.422770e+01
6.040000e-06	-3.189741e-06	-7.021499e-10	-1.714862e+01	-7.554709e+01
6.050000e-06	-3.244872e-06	-7.138992e-10	-1.744502e+01	-7.684720e+01
6.060000e-06	-3.299558e-06	-7.244512e-10	-1.773902e+01	-7.812838e+01
6.070000e-06	-3.353850e-06	-7.355864e-10	-1.803090e+01	-7.939097e+01
6.080000e-06	-3.407689e-06	-7.479397e-10	-1.832035e+01	-8.063533e+01
6.090000e-06	-3.460889e-06	-7.603225e-10	-1.860637e+01	-8.186182e+01
6.100000e-06	-3.513756e-06	-7.717763e-10	-1.889059e+01	-8.307077e+01
6.110000e-06	-3.566429e-06	-7.823037e-10	-1.917377e+01	-8.426254e+01
6.120000e-06	-3.618896e-06	-7.922705e-10	-1.945584e+01	-8.543748e+01
6.130000e-06	-3.671177e-06	-8.031806e-10	-1.973691e+01	-8.659594e+01
6.140000e-06	-3.723246e-06	-8.143147e-10	-2.001685e+01	-8.773830e+01
6.150000e-06	-3.775028e-06	-8.245994e-10	-2.029524e+01	-8.886490e+01
6.160000e-06	-3.826587e-06	-8.343346e-10	-2.057243e+01	-8.997611e+01
6.170000e-06	-3.877734e-06	-8.440614e-10	-2.084740e+01	-9.107231e+01
6.180000e-06	-3.928447e-06	-8.533184e-10	-2.112004e+01	-9.215387e+01
6.190000e-06	-3.979058e-06	-8.616832e-10	-2.139214e+01	-9.322114e+01
6.200000e-06	-4.029461e-06	-8.702458e-10	-2.166311e+01	-9.427451e+01
6.210000e-06	-4.079434e-06	-8.793151e-10	-2.193177e+01	-9.531435e+01
6.220000e-06	-4.129027e-06	-8.883552e-10	-2.219840e+01	-9.634100e+01
6.230000e-06	-4.178243e-06	-8.970102e-10	-2.246299e+01	-9.735483e+01
6.240000e-06	-4.226809e-06	-9.056588e-10	-2.272409e+01	-9.835617e+01
6.250000e-06	-4.274833e-06	-9.145124e-10	-2.298228e+01	-9.934535e+01
6.260000e-06	-4.322547e-06	-9.229546e-10	-2.323880e+01	-1.003227e+02
6.270000e-06	-4.369868e-06	-9.314024e-10	-2.349320e+01	-1.012884e+02
6.280000e-06	-4.416965e-06	-9.404552e-10	-2.374640e+01	-1.022429e+02
6.290000e-06	-4.463989e-06	-9.495462e-10	-2.399921e+01	-1.031863e+02
6.300000e-06	-4.510830e-06	-9.587362e-10	-2.425104e+01	-1.041188e+02
6.310000e-06	-4.557347e-06	-9.676111e-10	-2.450112e+01	-1.050407e+02
6.320000e-06	-4.603588e-06	-9.755771e-10	-2.474972e+01	-1.059519e+02
6.330000e-06	-4.649494e-06	-9.832417e-10	-2.499652e+01	-1.068528e+02
6.340000e-06	-4.694881e-06	-9.910833e-10	-2.524053e+01	-1.077432e+02
6.350000e-06	-4.739867e-06	-9.989079e-10	-2.548239e+01	-1.086233e+02
6.360000e-06	-4.784557e-06	-1.006128e-09	-2.572264e+01	-1.094931e+02
6.370000e-06	-4.829078e-06	-1.013460e-09	-2.596200e+01	-1.103524e+02
6.380000e-06	-4.873447e-06	-1.020422e-09	-2.620054e+01	-1.112013e+02
6.390000e-06	-4.917464e-06	-1.026477e-09	-2.643718e+01	-1.120397e+02
6.400000e-06	-4.961252e-06	-1.033034e-09	-2.667259e+01	-1.128673e+02
6.410000e-06	-5.004821e-06	-1.040967e-09	-2.690682e+01	-1.136842e+02
6.420000e-06	-5.048006e-06	-1.049799e-09	-2.713899e+01	-1.144900e+02
6.430000e-06	-5.090788e-06	-1.057352e-09	-2.736900e+01	-1.152846e+02
6.440000e-06	-5.133164e-06	-1.063338e-09	-2.759682e+01	-1.160679e+02
6.450000e-06	-5.175244e-06	-1.069393e-09	-2.782305e+01	-1.168396e+02
6.460000e-06	-5.217039e-06	-1.076732e-09	-2.804774e+01	-1.175995e+02
6.470000e-06	-5.258415e-06	-1.083905e-09	-2.827019e+01	-1.183474e+02
6.480000e-06	-5.299334e-06	-1.089730e-09	-2.849018e+01	-1.190833e+02
6.490000e-06	-5.339930e-06	-1.095323e-09	-2.870843e+01	-1.198068e+02
6.500000e-06	-5.380313e-06	-1.101867e-09	-2.892554e+01	-1.205179e+02
6.510000e-06	-5.420444e-06	-1.109169e-09	-2.914129e+01	-1.212165e+02
6.520000e-06	-5.460351e-06	-1.115299e-09	-2.935584e+01	-1.219025e+02
6.530000e-06	-5.499868e-06	-1.119536e-09	-2.956828e+01	-1.225757e+02
6.540000e-06	-5.538799e-06	-1.124028e-09	-2.977759e+01	-1.232364e+02
6.550000e-06	-5.577029e-06	-1.130300e-09	-2.998312e+01	-1.238843e+02
6.560000e-06	-5.614474e-06	-1.136513e-09	-3.018443e+01	-1.245197e+02
6.570000e-06	-5.651388e-06	-1.141108e-09	-3.038289e+01	-1.251427e+02
6.580000e-06	-5.687996e-06	-1.144793e-09	-3.057969e+01	-1.257533e+02
6.590000e-06	-5.724351e-06	-1.148693e-09	-3.077515e+01	-1.263517e+02
6.600000e-06	-5.760399e-06	-1.153847e-09	-3.096895e+01	-1.269383e+02
6.610000e-06	-5.796044e-06	-1.159047e-09	-3.116058e+01	-1.275132e+02
6.620000e-06	-5.831259e-06	-1.162563e-09	-3.134990e+01	-1.280767e+02
6.630000e-06	-5.866198e-06	-1.165846e-09	-3.153774e+01	-1.286291e+02
6.640000e-06	-5.900828e-06	-1.169737e-09	-3.172392e+01	-1.291708e+02
6.650000e-06	-5.935061e-06	-1.174524e-09	-3.190796e+01	-1.297022e+02
6.660000e-06	-5.968892e-06	-1.179379e-09	-3.208984e+01	-1.302235e+02
6.670000e-06	-6.002151e-06	-1.182115e-09	-3.226865e+01	-1.307352e+02
6.680000e-06	-6.034896e-06	-1.183962e-09	-3.244470e+01	-1.312376e+02
6.690000e-06	-6.067361e-06	-1.187791e-09	-3.261923e+01	-1.317310e+02
6.700000e-06	-6.099624e-06	-1.192387e-09	-3.279269e+01	-1.322160e+02
6.710000e-06	-6.131540e-06	-1.196914e-09	-3.296427e+01	-1.326927e+02
6.720000e-06	-6.162812e-06	-1.201363e-09	-3.313239e+01	-1.331615e+02
6.730000e-06	-6.193425e-06	-1.204363e-09	-3.329697e+01	-1.336227e+02
6.740000e-06	-6.223465e-06	-1.207190e-09	-3.345848e+01	-1.340767e+02
6.750000e-06	-6.252783e-06	-1.210989e-09	-3.361610e+01	-1.345235e+02
6.760000e-06	-6.281637e-06	-1.214662e-09	-3.377122e+01	-1.349635e+02
6.770000e-06	-6.310244e-06	-1.215568e-09	-3.392502e+01	-1.353967e+02
6.780000e-06	-6.338557e-06	-1.216423e-09	-3.407723e+01	-1.358235e+02
6.790000e-06	-6.366486e-06	-1.219882e-09	-3.422738e+01	-1.362438e+02
6.800000e-06	-6.393958e-06	-1.224447e-09	-3.437508e+01	-1.366577e+02
6.810000e-06	-6.420987e-06	-1.228648e-09	-3.452039e+01	-1.370653e+02
6.820000e-06	-6.447536e-06	-1.230812e-09	-3.466312e+01	-1.374666e+02
6.830000e-06	-6.473581e-06	-1.232319e-09	-3.480315e+01	-1.378616e+02
6.840000e-06	-6.499086e-06	-1.233687e-09	-3.494026e+01	-1.382502e+02
6.850000e-06	-6.524147e-06	-1.235182e-09	-3.507499e+01	-1.386324e+02
6.860000e-06	-6.548817e-06	-1.236973e-09	-3.520763e+01	-1.390080e+02
6.870000e-06	-6.573109e-06	-1.239330e-09	-3.533822e+01	-1.393770e+02
6.880000e-06	-6.597154e-06	-1.243637e-09	-3.546749e+01	-1.397393e+02
6.890000e-06	-6.620819e-06	-1.248951e-09	-3.559472e+01	-1.400948e+02
6.900000e-06	-6.643937e-06	-1.251655e-09	-3.571901e+01	-1.404434e+02
6.910000e-06	-6.666338e-06	-1.251521e-09	-3.583944e+01	-1.407848e+02
6.920000e-06	-6.687919e-06	-1.252429e-09	-3.595546e+01	-1.411192e+02
6.930000e-06	-6.708877e-06	-1.254850e-09	-3.606814e+01	-1.414462e+02
6.940000e-06	-6.729468e-06	-1.257143e-09	-3.617884e+01	-1.417660e+02
6.950000e-06	-6.749827e-06	-1.258977e-09	-3.628829e+01	-1.420783e+02
6.960000e-06	-6.769753e-06	-1.260579e-09	-3.639542e+01	-1.423832e+02
6.970000e-06	-6.789103e-06	-1.261860e-09	-3.649945e+01	-1.426806e+02
6.980000e-06	-6.807882e-06	-1.263124e-09	-3.660041e+01	-1.429705e+02
6.990000e-06	-6.826241e-06	-1.265258e-09	-3.669911e+01	-1.432528e+02
7.000000e-06	-6.844318e-06	-1.267893e-09	-3.679629e+01	-1.435277e+02
7.010000e-06	-6.861972e-06	-1.269816e-09	-3.689121e+01	-1.437951e+02
7.020000e-06	-6.879054e-06	-1.271317e-09	-3.698304e+01	-1.440551e+02
7.030000e-06	-6.895680e-06	-1.272737e-09	-3.707243e+01	-1.443078e+02
7.040000e-06	-6.912019e-06	-1.274040e-09	-3.716027e+01	-1.445531e+02
7.050000e-06	-6.928045e-06	-1.274883e-09	-3.724643e+01	-1.447912e+02
7.060000e-06	-6.943484e-06	-1.275414e-09	-3.732943e+01	-1.450222e+02
7.070000e-06	-6.957964e-06	-1.276163e-09	-3.740727e+01	-1.452460e+02
7.080000e-06	-6.971478e-06	-1.278049e-09	-3.747993e+01	-1.454629e+02
7.090000e-06	-6.984360e-06	-1.281066e-09	-3.754919e+01	-1.456728e+02
7.100000e-06	-6.996863e-06	-1.283204e-09	-3.761641e+01	-1.458758e+02
7.110000e-06	-7.008944e-06	-1.283768e-09	-3.768135e+01	-1.460719e+02
7.120000e-06	-7.020488e-06	-1.283917e-09	-3.774342e+01	-1.462612e+02
7.130000e-06	-7.031442e-06	-1.285282e-09	-3.780230e+01	-1.464436e+02
7.140000e-06	-7.041892e-06	-1.286658e-09	-3.785848e+01	-1.466191e+02
7.150000e-06	-7.051794e-06	-1.286724e-09	-3.791172e+01	-1.467877e+02
7.160000e-06	-7.061154e-06	-1.286153e-09	-3.796204e+01	-1.469493e+02
7.170000e-06	-7.070085e-06	-1.287096e-09	-3.801006e+01	-1.471038e+02
7.180000e-06	-7.078692e-06	-1.289639e-09	-3.805633e+01	-1.472511e+02
7.190000e-06	-7.086961e-06	-1.290946e-09	-3.810078e+01	-1.473911e+02
7.200000e-06	-7.094812e-06	-1.290585e-09	-3.814299e+01	-1.475237e+02
7.210000e-06	-7.102182e-06	-1.289326e-09	-3.818262e+01	-1.476487e+02
7.220000e-06	-7.108717e-06	-1.288498e-09	-3.821775e+01	-1.477658e+02
7.230000e-06	-7.114269e-06	-1.288853e-09	-3.824760e+01	-1.478751e+02
7.240000e-06	-7.119244e-06	-1.289502e-09	-3.827435e+01	-1.479761e+02
7.250000e-06	-7.123877e-06	-1.289192e-09	-3.829925e+01	-1.480689e+02
7.260000e-06	-7.128116e-06	-1.287545e-09	-3.832204e+01	-1.481532e+02
7.270000e-06	-7.131979e-06	-1.287496e-09	-3.834281e+01	-1.482288e+02
7.280000e-06	-7.135378e-06	-1.289956e-09	-3.836108e+01	-1.482957e+02
7.290000e-06	-7.138337e-06	-1.291053e-09	-3.837699e+01	-1.483536e+02
7.300000e-06	-7.140951e-06	-1.290116e-09	-3.839104e+01	-1.484025e+02
7.310000e-06	-7.142980e-06	-1.289411e-09	-3.840196e+01	-1.484422e+02
7.320000e-06	-7.144355e-06	-1.289898e-09	-3.840935e+01	-1.484728e+02
7.330000e-06	-7.145367e-06	-1.291462e-09	-3.841479e+01	-1.484943e+02
7.340000e-06	-7.146015e-06	-1.291617e-09	-3.841827e+01	-1.485065e+02
