# Temperatura_=_20.0
# Concentracion g/m^3_=_7400.0
# C_Vs_to_Am_M_A/Vsm_=_116720831517.84952
# pendiente_HvsI_1/m_=_3716.3
# ordenada_HvsI_A/m_=_1297.0
# frecuencia_Hz_=_136117.52757903418

Tiempo_(s)	Campo_(V.s)	Magnetizacion_(V.s)	Campo_(kA/m)	Magnetizacion_(A/m)
0.000000e+00	-7.104440e-06	-1.656728e-09	-3.842608e+01	-1.926854e+02
1.000000e-08	-7.104613e-06	-1.655658e-09	-3.842701e+01	-1.927490e+02
2.000000e-08	-7.104408e-06	-1.655743e-09	-3.842591e+01	-1.928049e+02
3.000000e-08	-7.103580e-06	-1.654846e-09	-3.842143e+01	-1.928533e+02
4.000000e-08	-7.102138e-06	-1.652194e-09	-3.841363e+01	-1.928938e+02
5.000000e-08	-7.099934e-06	-1.649907e-09	-3.840171e+01	-1.929265e+02
6.000000e-08	-7.097019e-06	-1.648871e-09	-3.838594e+01	-1.929512e+02
7.000000e-08	-7.093632e-06	-1.648763e-09	-3.836762e+01	-1.929678e+02
8.000000e-08	-7.089832e-06	-1.657987e-09	-3.834707e+01	-1.929761e+02
9.000000e-08	-7.085543e-06	-1.664504e-09	-3.832387e+01	-1.929760e+02
1.000000e-07	-7.080432e-06	-1.623937e-09	-3.829623e+01	-1.929673e+02
1.100000e-07	-7.074548e-06	-1.579557e-09	-3.826440e+01	-1.929499e+02
1.200000e-07	-7.068447e-06	-1.655649e-09	-3.823141e+01	-1.929237e+02
1.300000e-07	-7.062289e-06	-1.743739e-09	-3.819810e+01	-1.928886e+02
1.400000e-07	-7.055592e-06	-1.650298e-09	-3.816187e+01	-1.928443e+02
1.500000e-07	-7.048080e-06	-1.535629e-09	-3.812125e+01	-1.927910e+02
1.600000e-07	-7.040212e-06	-1.647854e-09	-3.807869e+01	-1.927285e+02
1.700000e-07	-7.032269e-06	-1.775978e-09	-3.803573e+01	-1.926567e+02
1.800000e-07	-7.023810e-06	-1.620223e-09	-3.798998e+01	-1.925757e+02
1.900000e-07	-7.014468e-06	-1.478498e-09	-3.793944e+01	-1.924856e+02
2.000000e-07	-7.004250e-06	-1.663070e-09	-3.788418e+01	-1.923863e+02
2.100000e-07	-6.993729e-06	-1.806389e-09	-3.782727e+01	-1.922780e+02
2.200000e-07	-6.982838e-06	-1.608330e-09	-3.776837e+01	-1.921608e+02
2.300000e-07	-6.971130e-06	-1.488582e-09	-3.770504e+01	-1.920349e+02
2.400000e-07	-6.958826e-06	-1.674037e-09	-3.763849e+01	-1.919004e+02
2.500000e-07	-6.946128e-06	-1.732520e-09	-3.756981e+01	-1.917576e+02
2.600000e-07	-6.932866e-06	-1.555536e-09	-3.749808e+01	-1.916067e+02
2.700000e-07	-6.918830e-06	-1.562087e-09	-3.742217e+01	-1.914479e+02
2.800000e-07	-6.904114e-06	-1.710933e-09	-3.734257e+01	-1.912816e+02
2.900000e-07	-6.888505e-06	-1.639611e-09	-3.725814e+01	-1.911080e+02
3.000000e-07	-6.872036e-06	-1.538670e-09	-3.716907e+01	-1.909273e+02
3.100000e-07	-6.855203e-06	-1.650301e-09	-3.707802e+01	-1.907399e+02
3.200000e-07	-6.838192e-06	-1.669471e-09	-3.698601e+01	-1.905460e+02
3.300000e-07	-6.820771e-06	-1.523247e-09	-3.689179e+01	-1.903458e+02
3.400000e-07	-6.802944e-06	-1.584918e-09	-3.679537e+01	-1.901395e+02
3.500000e-07	-6.784749e-06	-1.725382e-09	-3.669696e+01	-1.899274e+02
3.600000e-07	-6.766040e-06	-1.593741e-09	-3.659576e+01	-1.897096e+02
3.700000e-07	-6.746745e-06	-1.486155e-09	-3.649140e+01	-1.894863e+02
3.800000e-07	-6.727012e-06	-1.643237e-09	-3.638467e+01	-1.892575e+02
3.900000e-07	-6.707026e-06	-1.675060e-09	-3.627657e+01	-1.890233e+02
4.000000e-07	-6.686679e-06	-1.519909e-09	-3.616652e+01	-1.887837e+02
4.100000e-07	-6.665810e-06	-1.558543e-09	-3.605364e+01	-1.885388e+02
4.200000e-07	-6.644403e-06	-1.667889e-09	-3.593786e+01	-1.882885e+02
4.300000e-07	-6.622512e-06	-1.576300e-09	-3.581946e+01	-1.880327e+02
4.400000e-07	-6.600201e-06	-1.531477e-09	-3.569878e+01	-1.877713e+02
4.500000e-07	-6.577396e-06	-1.623366e-09	-3.557544e+01	-1.875043e+02
4.600000e-07	-6.554169e-06	-1.586410e-09	-3.544981e+01	-1.872314e+02
4.700000e-07	-6.530655e-06	-1.517194e-09	-3.532263e+01	-1.869525e+02
4.800000e-07	-6.506777e-06	-1.599043e-09	-3.519347e+01	-1.866674e+02
4.900000e-07	-6.482438e-06	-1.615069e-09	-3.506183e+01	-1.863761e+02
5.000000e-07	-6.457442e-06	-1.518974e-09	-3.492664e+01	-1.860784e+02
5.100000e-07	-6.431680e-06	-1.540317e-09	-3.478730e+01	-1.857740e+02
5.200000e-07	-6.405238e-06	-1.596254e-09	-3.464428e+01	-1.854630e+02
5.300000e-07	-6.378287e-06	-1.540881e-09	-3.449851e+01	-1.851451e+02
5.400000e-07	-6.350900e-06	-1.522593e-09	-3.435038e+01	-1.848204e+02
5.500000e-07	-6.323142e-06	-1.568137e-09	-3.420024e+01	-1.844888e+02
5.600000e-07	-6.295086e-06	-1.545581e-09	-3.404849e+01	-1.841502e+02
5.700000e-07	-6.266614e-06	-1.518089e-09	-3.389450e+01	-1.838048e+02
5.800000e-07	-6.237677e-06	-1.545410e-09	-3.373798e+01	-1.834525e+02
5.900000e-07	-6.208309e-06	-1.536655e-09	-3.357914e+01	-1.830934e+02
6.000000e-07	-6.178441e-06	-1.508319e-09	-3.341759e+01	-1.827277e+02
6.100000e-07	-6.148261e-06	-1.524764e-09	-3.325436e+01	-1.823555e+02
6.200000e-07	-6.117758e-06	-1.530068e-09	-3.308937e+01	-1.819769e+02
6.300000e-07	-6.086706e-06	-1.509964e-09	-3.292142e+01	-1.815922e+02
6.400000e-07	-6.055296e-06	-1.509052e-09	-3.275153e+01	-1.812014e+02
6.500000e-07	-6.023626e-06	-1.508065e-09	-3.258024e+01	-1.808048e+02
6.600000e-07	-5.991650e-06	-1.495989e-09	-3.240729e+01	-1.804025e+02
6.700000e-07	-5.959328e-06	-1.496430e-09	-3.223246e+01	-1.799946e+02
6.800000e-07	-5.926336e-06	-1.496040e-09	-3.205402e+01	-1.795813e+02
6.900000e-07	-5.892438e-06	-1.485158e-09	-3.187067e+01	-1.791627e+02
7.000000e-07	-5.857775e-06	-1.479213e-09	-3.168319e+01	-1.787388e+02
7.100000e-07	-5.822680e-06	-1.474346e-09	-3.149337e+01	-1.783095e+02
7.200000e-07	-5.787305e-06	-1.467026e-09	-3.130204e+01	-1.778749e+02
7.300000e-07	-5.751570e-06	-1.466338e-09	-3.110875e+01	-1.774348e+02
7.400000e-07	-5.715592e-06	-1.462939e-09	-3.091416e+01	-1.769889e+02
7.500000e-07	-5.679348e-06	-1.455357e-09	-3.071813e+01	-1.765371e+02
7.600000e-07	-5.642744e-06	-1.455126e-09	-3.052015e+01	-1.760789e+02
7.700000e-07	-5.605769e-06	-1.454197e-09	-3.032015e+01	-1.756141e+02
7.800000e-07	-5.568291e-06	-1.444797e-09	-3.011745e+01	-1.751421e+02
7.900000e-07	-5.530280e-06	-1.436144e-09	-2.991186e+01	-1.746624e+02
8.000000e-07	-5.491793e-06	-1.430609e-09	-2.970369e+01	-1.741746e+02
8.100000e-07	-5.452917e-06	-1.425601e-09	-2.949342e+01	-1.736778e+02
8.200000e-07	-5.413757e-06	-1.423581e-09	-2.928162e+01	-1.731716e+02
8.300000e-07	-5.374356e-06	-1.420641e-09	-2.906851e+01	-1.726552e+02
8.400000e-07	-5.334800e-06	-1.413412e-09	-2.885456e+01	-1.721279e+02
8.500000e-07	-5.295018e-06	-1.407238e-09	-2.863938e+01	-1.715892e+02
8.600000e-07	-5.254797e-06	-1.404363e-09	-2.842184e+01	-1.710382e+02
8.700000e-07	-5.214010e-06	-1.400255e-09	-2.820123e+01	-1.704745e+02
8.800000e-07	-5.172747e-06	-1.393308e-09	-2.797805e+01	-1.698973e+02
8.900000e-07	-5.131105e-06	-1.384293e-09	-2.775282e+01	-1.693062e+02
9.000000e-07	-5.088827e-06	-1.376778e-09	-2.752415e+01	-1.687006e+02
9.100000e-07	-5.045844e-06	-1.372173e-09	-2.729167e+01	-1.680802e+02
9.200000e-07	-5.002414e-06	-1.367629e-09	-2.705676e+01	-1.674447e+02
9.300000e-07	-4.958734e-06	-1.360583e-09	-2.682051e+01	-1.667938e+02
9.400000e-07	-4.914904e-06	-1.353248e-09	-2.658345e+01	-1.661274e+02
9.500000e-07	-4.870891e-06	-1.347700e-09	-2.634539e+01	-1.654455e+02
9.600000e-07	-4.826561e-06	-1.342617e-09	-2.610562e+01	-1.647482e+02
9.700000e-07	-4.781848e-06	-1.336436e-09	-2.586378e+01	-1.640356e+02
9.800000e-07	-4.736787e-06	-1.328428e-09	-2.562006e+01	-1.633081e+02
9.900000e-07	-4.691412e-06	-1.320393e-09	-2.537463e+01	-1.625660e+02
1.000000e-06	-4.645752e-06	-1.315044e-09	-2.512767e+01	-1.618097e+02
1.010000e-06	-4.599790e-06	-1.310849e-09	-2.487908e+01	-1.610399e+02
1.020000e-06	-4.553387e-06	-1.305180e-09	-2.462810e+01	-1.602571e+02
1.030000e-06	-4.506611e-06	-1.297985e-09	-2.437510e+01	-1.594619e+02
1.040000e-06	-4.459588e-06	-1.291027e-09	-2.412076e+01	-1.586550e+02
1.050000e-06	-4.412227e-06	-1.285487e-09	-2.386460e+01	-1.578370e+02
1.060000e-06	-4.364581e-06	-1.280046e-09	-2.360689e+01	-1.570088e+02
1.070000e-06	-4.316845e-06	-1.273621e-09	-2.334870e+01	-1.561709e+02
1.080000e-06	-4.268784e-06	-1.265648e-09	-2.308875e+01	-1.553239e+02
1.090000e-06	-4.220285e-06	-1.257519e-09	-2.282643e+01	-1.544685e+02
1.100000e-06	-4.171572e-06	-1.250409e-09	-2.256295e+01	-1.536051e+02
1.110000e-06	-4.122387e-06	-1.243395e-09	-2.229693e+01	-1.527341e+02
1.120000e-06	-4.072640e-06	-1.235697e-09	-2.202786e+01	-1.518559e+02
1.130000e-06	-4.022498e-06	-1.227714e-09	-2.175665e+01	-1.509706e+02
1.140000e-06	-3.971905e-06	-1.220704e-09	-2.148301e+01	-1.500784e+02
1.150000e-06	-3.920899e-06	-1.215087e-09	-2.120713e+01	-1.491791e+02
1.160000e-06	-3.869542e-06	-1.208815e-09	-2.092935e+01	-1.482728e+02
1.170000e-06	-3.817958e-06	-1.200381e-09	-2.065035e+01	-1.473590e+02
1.180000e-06	-3.766164e-06	-1.191593e-09	-2.037021e+01	-1.464374e+02
1.190000e-06	-3.714102e-06	-1.184493e-09	-2.008862e+01	-1.455074e+02
1.200000e-06	-3.661771e-06	-1.177930e-09	-1.980557e+01	-1.445685e+02
1.210000e-06	-3.609091e-06	-1.170046e-09	-1.952064e+01	-1.436199e+02
1.220000e-06	-3.555977e-06	-1.160833e-09	-1.923336e+01	-1.426608e+02
1.230000e-06	-3.502595e-06	-1.151542e-09	-1.894463e+01	-1.416904e+02
1.240000e-06	-3.449110e-06	-1.142423e-09	-1.865534e+01	-1.407077e+02
1.250000e-06	-3.395285e-06	-1.134440e-09	-1.836422e+01	-1.397119e+02
1.260000e-06	-3.341218e-06	-1.127115e-09	-1.807179e+01	-1.387019e+02
1.270000e-06	-3.286999e-06	-1.117794e-09	-1.777853e+01	-1.376768e+02
1.280000e-06	-3.232474e-06	-1.108325e-09	-1.748362e+01	-1.366359e+02
1.290000e-06	-3.177810e-06	-1.100661e-09	-1.718796e+01	-1.355781e+02
1.300000e-06	-3.122921e-06	-1.092307e-09	-1.689107e+01	-1.345028e+02
1.310000e-06	-3.067786e-06	-1.081536e-09	-1.659286e+01	-1.334092e+02
1.320000e-06	-3.012462e-06	-1.071008e-09	-1.629363e+01	-1.322968e+02
1.330000e-06	-2.956981e-06	-1.060713e-09	-1.599354e+01	-1.311650e+02
1.340000e-06	-2.901412e-06	-1.049458e-09	-1.569299e+01	-1.300137e+02
1.350000e-06	-2.845709e-06	-1.039966e-09	-1.539170e+01	-1.288424e+02
1.360000e-06	-2.789914e-06	-1.031678e-09	-1.508992e+01	-1.276512e+02
1.370000e-06	-2.733980e-06	-1.022563e-09	-1.478739e+01	-1.264400e+02
1.380000e-06	-2.677914e-06	-1.013640e-09	-1.448414e+01	-1.252090e+02
1.390000e-06	-2.621702e-06	-1.004386e-09	-1.418011e+01	-1.239585e+02
1.400000e-06	-2.565270e-06	-9.937256e-10	-1.387488e+01	-1.226889e+02
1.410000e-06	-2.508637e-06	-9.817609e-10	-1.356857e+01	-1.214004e+02
1.420000e-06	-2.451842e-06	-9.703736e-10	-1.326138e+01	-1.200938e+02
1.430000e-06	-2.394739e-06	-9.600918e-10	-1.295253e+01	-1.187694e+02
1.440000e-06	-2.337293e-06	-9.499010e-10	-1.264181e+01	-1.174279e+02
1.450000e-06	-2.279591e-06	-9.398164e-10	-1.232972e+01	-1.160698e+02
1.460000e-06	-2.221460e-06	-9.287889e-10	-1.201531e+01	-1.146956e+02
1.470000e-06	-2.162903e-06	-9.165447e-10	-1.169858e+01	-1.133057e+02
1.480000e-06	-2.104145e-06	-9.041221e-10	-1.138078e+01	-1.119005e+02
1.490000e-06	-2.045260e-06	-8.924788e-10	-1.106228e+01	-1.104801e+02
1.500000e-06	-1.986271e-06	-8.810709e-10	-1.074322e+01	-1.090448e+02
1.510000e-06	-1.927128e-06	-8.692093e-10	-1.042333e+01	-1.075943e+02
1.520000e-06	-1.867840e-06	-8.577111e-10	-1.010266e+01	-1.061283e+02
1.530000e-06	-1.808412e-06	-8.470576e-10	-9.781231e+00	-1.046464e+02
1.540000e-06	-1.748851e-06	-8.359007e-10	-9.459083e+00	-1.031479e+02
1.550000e-06	-1.689270e-06	-8.237397e-10	-9.136827e+00	-1.016318e+02
1.560000e-06	-1.629615e-06	-8.112518e-10	-8.814166e+00	-1.000968e+02
1.570000e-06	-1.569854e-06	-7.991282e-10	-8.490936e+00	-9.854154e+01
1.580000e-06	-1.510106e-06	-7.872534e-10	-8.167775e+00	-9.696438e+01
1.590000e-06	-1.450315e-06	-7.743102e-10	-7.844378e+00	-9.536342e+01
1.600000e-06	-1.390406e-06	-7.608444e-10	-7.520346e+00	-9.373657e+01
1.610000e-06	-1.330475e-06	-7.471726e-10	-7.196197e+00	-9.208153e+01
1.620000e-06	-1.270519e-06	-7.327738e-10	-6.871910e+00	-9.039589e+01
1.630000e-06	-1.210542e-06	-7.188802e-10	-6.547507e+00	-8.867706e+01
1.640000e-06	-1.150434e-06	-7.055765e-10	-6.222403e+00	-8.692240e+01
1.650000e-06	-1.090079e-06	-6.920040e-10	-5.895955e+00	-8.512919e+01
1.660000e-06	-1.029632e-06	-6.779056e-10	-5.569011e+00	-8.329469e+01
1.670000e-06	-9.692846e-07	-6.631978e-10	-5.242610e+00	-8.141620e+01
1.680000e-06	-9.090615e-07	-6.479602e-10	-4.916879e+00	-7.949108e+01
1.690000e-06	-8.487216e-07	-6.321169e-10	-4.590516e+00	-7.751679e+01
1.700000e-06	-7.881773e-07	-6.165614e-10	-4.263047e+00	-7.549099e+01
1.710000e-06	-7.274954e-07	-6.015545e-10	-3.934834e+00	-7.341151e+01
1.720000e-06	-6.667491e-07	-5.857868e-10	-3.606274e+00	-7.127642e+01
1.730000e-06	-6.059653e-07	-5.694627e-10	-3.277510e+00	-6.908409e+01
1.740000e-06	-5.452332e-07	-5.532555e-10	-2.949026e+00	-6.683321e+01
1.750000e-06	-4.845128e-07	-5.357592e-10	-2.620605e+00	-6.452280e+01
1.760000e-06	-4.236565e-07	-5.160370e-10	-2.291449e+00	-6.215229e+01
1.770000e-06	-3.627837e-07	-4.951812e-10	-1.962203e+00	-5.972149e+01
1.780000e-06	-3.018287e-07	-4.750335e-10	-1.632514e+00	-5.723062e+01
1.790000e-06	-2.408544e-07	-4.556068e-10	-1.302719e+00	-5.468035e+01
1.800000e-06	-1.799168e-07	-4.354406e-10	-9.731234e-01	-5.207176e+01
1.810000e-06	-1.189601e-07	-4.133618e-10	-6.434242e-01	-4.940638e+01
1.820000e-06	-5.807006e-08	-3.894872e-10	-3.140860e-01	-4.668616e+01
1.830000e-06	2.774871e-09	-3.653110e-10	1.500856e-02	-4.391346e+01
1.840000e-06	6.368246e-08	-3.410528e-10	3.444420e-01	-4.109102e+01
1.850000e-06	1.246414e-07	-3.161971e-10	6.741529e-01	-3.822196e+01
1.860000e-06	1.856337e-07	-2.910879e-10	1.004045e+00	-3.530974e+01
1.870000e-06	2.466531e-07	-2.662107e-10	1.334083e+00	-3.235811e+01
1.880000e-06	3.077175e-07	-2.402286e-10	1.664365e+00	-2.937109e+01
1.890000e-06	3.688119e-07	-2.134107e-10	1.994808e+00	-2.635292e+01
1.900000e-06	4.297787e-07	-1.866823e-10	2.324562e+00	-2.330801e+01
1.910000e-06	4.906339e-07	-1.590110e-10	2.653712e+00	-2.024092e+01
1.920000e-06	5.514030e-07	-1.324181e-10	2.982396e+00	-1.715630e+01
1.930000e-06	6.121288e-07	-1.070723e-10	3.310847e+00	-1.405880e+01
1.940000e-06	6.727719e-07	-8.081757e-11	3.638850e+00	-1.095310e+01
1.950000e-06	7.332839e-07	-5.262534e-11	3.966143e+00	-7.843815e+00
1.960000e-06	7.938549e-07	-2.376382e-11	4.293756e+00	-4.735459e+00
1.970000e-06	8.544915e-07	3.939738e-12	4.621724e+00	-1.632412e+00
1.980000e-06	9.149680e-07	2.999566e-11	4.948826e+00	1.461123e+00
1.990000e-06	9.753685e-07	5.459582e-11	5.275516e+00	4.541148e+00
2.000000e-06	1.035766e-06	7.958834e-11	5.602191e+00	7.603908e+00
2.010000e-06	1.096005e-06	1.056744e-10	5.928007e+00	1.064591e+01
2.020000e-06	1.156195e-06	1.315150e-10	6.253558e+00	1.366394e+01
2.030000e-06	1.216358e-06	1.563492e-10	6.578968e+00	1.665509e+01
2.040000e-06	1.276392e-06	1.808797e-10	6.903675e+00	1.961675e+01
2.050000e-06	1.336307e-06	2.053016e-10	7.227740e+00	2.254665e+01
2.060000e-06	1.396184e-06	2.298762e-10	7.551597e+00	2.544281e+01
2.070000e-06	1.456040e-06	2.536038e-10	7.875342e+00	2.830358e+01
2.080000e-06	1.515806e-06	2.752467e-10	8.198605e+00	3.112760e+01
2.090000e-06	1.575535e-06	2.966657e-10	8.521661e+00	3.391382e+01
2.100000e-06	1.635237e-06	3.191998e-10	8.844577e+00	3.666146e+01
2.110000e-06	1.694915e-06	3.421944e-10	9.167357e+00	3.937000e+01
2.120000e-06	1.754553e-06	3.637850e-10	9.489923e+00	4.203916e+01
2.130000e-06	1.814032e-06	3.836406e-10	9.811629e+00	4.466889e+01
2.140000e-06	1.873367e-06	4.034493e-10	1.013256e+01	4.725931e+01
2.150000e-06	1.932678e-06	4.234302e-10	1.045335e+01	4.981073e+01
2.160000e-06	1.991861e-06	4.439755e-10	1.077346e+01	5.232360e+01
2.170000e-06	2.050772e-06	4.641371e-10	1.109210e+01	5.479848e+01
2.180000e-06	2.109474e-06	4.831947e-10	1.140960e+01	5.723603e+01
2.190000e-06	2.168054e-06	5.022861e-10	1.172645e+01	5.963699e+01
2.200000e-06	2.226393e-06	5.212407e-10	1.204199e+01	6.200215e+01
2.210000e-06	2.284332e-06	5.393894e-10	1.235536e+01	6.433232e+01
2.220000e-06	2.341926e-06	5.567672e-10	1.266687e+01	6.662832e+01
2.230000e-06	2.399282e-06	5.738673e-10	1.297710e+01	6.889099e+01
2.240000e-06	2.456273e-06	5.919299e-10	1.328534e+01	7.112113e+01
2.250000e-06	2.512946e-06	6.106765e-10	1.359187e+01	7.331953e+01
2.260000e-06	2.569416e-06	6.279430e-10	1.389731e+01	7.548692e+01
2.270000e-06	2.625709e-06	6.431977e-10	1.420178e+01	7.762401e+01
2.280000e-06	2.681811e-06	6.579508e-10	1.450522e+01	7.973146e+01
2.290000e-06	2.737722e-06	6.734216e-10	1.480763e+01	8.180986e+01
2.300000e-06	2.793533e-06	6.892711e-10	1.510950e+01	8.385978e+01
2.310000e-06	2.849221e-06	7.056914e-10	1.541070e+01	8.588172e+01
2.320000e-06	2.904788e-06	7.225870e-10	1.571125e+01	8.787613e+01
2.330000e-06	2.960261e-06	7.390784e-10	1.601129e+01	8.984343e+01
2.340000e-06	3.015560e-06	7.548350e-10	1.631038e+01	9.178400e+01
2.350000e-06	3.070649e-06	7.692528e-10	1.660835e+01	9.369818e+01
2.360000e-06	3.125542e-06	7.818534e-10	1.690525e+01	9.558628e+01
2.370000e-06	3.180189e-06	7.931472e-10	1.720082e+01	9.744859e+01
2.380000e-06	3.234653e-06	8.053205e-10	1.749540e+01	9.928538e+01
2.390000e-06	3.288889e-06	8.200200e-10	1.778875e+01	1.010969e+02
2.400000e-06	3.342849e-06	8.357451e-10	1.808061e+01	1.028834e+02
2.410000e-06	3.396610e-06	8.504057e-10	1.837139e+01	1.046451e+02
2.420000e-06	3.450206e-06	8.644031e-10	1.866127e+01	1.063822e+02
2.430000e-06	3.503529e-06	8.782394e-10	1.894968e+01	1.080950e+02
2.440000e-06	3.556469e-06	8.917896e-10	1.923602e+01	1.097836e+02
2.450000e-06	3.609104e-06	9.048704e-10	1.952071e+01	1.114483e+02
2.460000e-06	3.661472e-06	9.166443e-10	1.980396e+01	1.130893e+02
2.470000e-06	3.713560e-06	9.280810e-10	2.008569e+01	1.147068e+02
2.480000e-06	3.765528e-06	9.403982e-10	2.036677e+01	1.163010e+02
2.490000e-06	3.817273e-06	9.532456e-10	2.064664e+01	1.178719e+02
2.500000e-06	3.868635e-06	9.660085e-10	2.092445e+01	1.194199e+02
2.510000e-06	3.919690e-06	9.783098e-10	2.120059e+01	1.209450e+02
2.520000e-06	3.970432e-06	9.901582e-10	2.147504e+01	1.224474e+02
2.530000e-06	4.020815e-06	1.001732e-09	2.174755e+01	1.239271e+02
2.540000e-06	4.070708e-06	1.013280e-09	2.201741e+01	1.253842e+02
2.550000e-06	4.120030e-06	1.024372e-09	2.228418e+01	1.268188e+02
2.560000e-06	4.168870e-06	1.035068e-09	2.254834e+01	1.282309e+02
2.570000e-06	4.217269e-06	1.045314e-09	2.281012e+01	1.296204e+02
2.580000e-06	4.265256e-06	1.055667e-09	2.306967e+01	1.309874e+02
2.590000e-06	4.312976e-06	1.067010e-09	2.332777e+01	1.323317e+02
2.600000e-06	4.360541e-06	1.078439e-09	2.358504e+01	1.336534e+02
2.610000e-06	4.407875e-06	1.089349e-09	2.384106e+01	1.349523e+02
2.620000e-06	4.454976e-06	1.099571e-09	2.409582e+01	1.362283e+02
2.630000e-06	4.501796e-06	1.109173e-09	2.434905e+01	1.374814e+02
2.640000e-06	4.548335e-06	1.118477e-09	2.460077e+01	1.387113e+02
2.650000e-06	4.594592e-06	1.127544e-09	2.485096e+01	1.399182e+02
2.660000e-06	4.640479e-06	1.136271e-09	2.509915e+01	1.411018e+02
2.670000e-06	4.685975e-06	1.144576e-09	2.534523e+01	1.422621e+02
2.680000e-06	4.731031e-06	1.153133e-09	2.558893e+01	1.433993e+02
2.690000e-06	4.775807e-06	1.162512e-09	2.583111e+01	1.445132e+02
2.700000e-06	4.820301e-06	1.171504e-09	2.607176e+01	1.456040e+02
2.710000e-06	4.864419e-06	1.179847e-09	2.631038e+01	1.466718e+02
2.720000e-06	4.908330e-06	1.188599e-09	2.654789e+01	1.477169e+02
2.730000e-06	4.952144e-06	1.197616e-09	2.678487e+01	1.487395e+02
2.740000e-06	4.995702e-06	1.206706e-09	2.702046e+01	1.497399e+02
2.750000e-06	5.038950e-06	1.215839e-09	2.725438e+01	1.507187e+02
2.760000e-06	5.081902e-06	1.224006e-09	2.748669e+01	1.516762e+02
2.770000e-06	5.124305e-06	1.230714e-09	2.771604e+01	1.526130e+02
2.780000e-06	5.166109e-06	1.237322e-09	2.794215e+01	1.535298e+02
2.790000e-06	5.207315e-06	1.245025e-09	2.816502e+01	1.544272e+02
2.800000e-06	5.247882e-06	1.253120e-09	2.838444e+01	1.553059e+02
2.810000e-06	5.288014e-06	1.260829e-09	2.860150e+01	1.561668e+02
2.820000e-06	5.327862e-06	1.268328e-09	2.881703e+01	1.570107e+02
2.830000e-06	5.367502e-06	1.275972e-09	2.903143e+01	1.578385e+02
2.840000e-06	5.406851e-06	1.283386e-09	2.924426e+01	1.586510e+02
2.850000e-06	5.445735e-06	1.290253e-09	2.945457e+01	1.594491e+02
2.860000e-06	5.484290e-06	1.295775e-09	2.966311e+01	1.602337e+02
2.870000e-06	5.522489e-06	1.300491e-09	2.986972e+01	1.610056e+02
2.880000e-06	5.560246e-06	1.306930e-09	3.007393e+01	1.617658e+02
2.890000e-06	5.597580e-06	1.314271e-09	3.027587e+01	1.625150e+02
2.900000e-06	5.634392e-06	1.320137e-09	3.047497e+01	1.632540e+02
2.910000e-06	5.670908e-06	1.325411e-09	3.067248e+01	1.639834e+02
2.920000e-06	5.707120e-06	1.331847e-09	3.086834e+01	1.647040e+02
2.930000e-06	5.743033e-06	1.338811e-09	3.106258e+01	1.654162e+02
2.940000e-06	5.778724e-06	1.345449e-09	3.125562e+01	1.661205e+02
2.950000e-06	5.814135e-06	1.350681e-09	3.144715e+01	1.668174e+02
2.960000e-06	5.849303e-06	1.355085e-09	3.163737e+01	1.675070e+02
2.970000e-06	5.883923e-06	1.361404e-09	3.182462e+01	1.681896e+02
2.980000e-06	5.917709e-06	1.369206e-09	3.200736e+01	1.688653e+02
2.990000e-06	5.950724e-06	1.375398e-09	3.218593e+01	1.695342e+02
3.000000e-06	5.983044e-06	1.380624e-09	3.236074e+01	1.701960e+02
3.010000e-06	6.014950e-06	1.386897e-09	3.253331e+01	1.708508e+02
3.020000e-06	6.046720e-06	1.393521e-09	3.270515e+01	1.714982e+02
3.030000e-06	6.078277e-06	1.400591e-09	3.287583e+01	1.721379e+02
3.040000e-06	6.109431e-06	1.407619e-09	3.304434e+01	1.727697e+02
3.050000e-06	6.140106e-06	1.414136e-09	3.321025e+01	1.733932e+02
3.060000e-06	6.170291e-06	1.420881e-09	3.337351e+01	1.740078e+02
3.070000e-06	6.200059e-06	1.426837e-09	3.353452e+01	1.746132e+02
3.080000e-06	6.229309e-06	1.431457e-09	3.369272e+01	1.752090e+02
3.090000e-06	6.258046e-06	1.436337e-09	3.384816e+01	1.757945e+02
3.100000e-06	6.286523e-06	1.442906e-09	3.400218e+01	1.763695e+02
3.110000e-06	6.314656e-06	1.449980e-09	3.415434e+01	1.769334e+02
3.120000e-06	6.342477e-06	1.455366e-09	3.430482e+01	1.774859e+02
3.130000e-06	6.370086e-06	1.459482e-09	3.445415e+01	1.780266e+02
3.140000e-06	6.397456e-06	1.464198e-09	3.460219e+01	1.785553e+02
3.150000e-06	6.424454e-06	1.468908e-09	3.474821e+01	1.790716e+02
3.160000e-06	6.450711e-06	1.473809e-09	3.489023e+01	1.795753e+02
3.170000e-06	6.475950e-06	1.479768e-09	3.502674e+01	1.800665e+02
3.180000e-06	6.500372e-06	1.486359e-09	3.515883e+01	1.805449e+02
3.190000e-06	6.524311e-06	1.492319e-09	3.528831e+01	1.810105e+02
3.200000e-06	6.547839e-06	1.496748e-09	3.541557e+01	1.814636e+02
3.210000e-06	6.571076e-06	1.501708e-09	3.554125e+01	1.819041e+02
3.220000e-06	6.593888e-06	1.506012e-09	3.566464e+01	1.823322e+02
3.230000e-06	6.616156e-06	1.509771e-09	3.578508e+01	1.827482e+02
3.240000e-06	6.637943e-06	1.514398e-09	3.590292e+01	1.831525e+02
3.250000e-06	6.659277e-06	1.519407e-09	3.601831e+01	1.835452e+02
3.260000e-06	6.680290e-06	1.524957e-09	3.613197e+01	1.839268e+02
3.270000e-06	6.700824e-06	1.530404e-09	3.624303e+01	1.842976e+02
3.280000e-06	6.720800e-06	1.535099e-09	3.635107e+01	1.846580e+02
3.290000e-06	6.740440e-06	1.539075e-09	3.645730e+01	1.850085e+02
3.300000e-06	6.759887e-06	1.542964e-09	3.656248e+01	1.853494e+02
3.310000e-06	6.779065e-06	1.546551e-09	3.666621e+01	1.856811e+02
3.320000e-06	6.797727e-06	1.549758e-09	3.676715e+01	1.860041e+02
3.330000e-06	6.815713e-06	1.552074e-09	3.686443e+01	1.863187e+02
3.340000e-06	6.833125e-06	1.553669e-09	3.695861e+01	1.866252e+02
3.350000e-06	6.850077e-06	1.556522e-09	3.705030e+01	1.869240e+02
3.360000e-06	6.866647e-06	1.561517e-09	3.713992e+01	1.872153e+02
3.370000e-06	6.882843e-06	1.566519e-09	3.722752e+01	1.874993e+02
3.380000e-06	6.898357e-06	1.569845e-09	3.731143e+01	1.877764e+02
3.390000e-06	6.912998e-06	1.572677e-09	3.739062e+01	1.880465e+02
3.400000e-06	6.927000e-06	1.576371e-09	3.746635e+01	1.883099e+02
3.410000e-06	6.940602e-06	1.580980e-09	3.753993e+01	1.885667e+02
3.420000e-06	6.953828e-06	1.584565e-09	3.761146e+01	1.888169e+02
3.430000e-06	6.966467e-06	1.587124e-09	3.767982e+01	1.890605e+02
3.440000e-06	6.978499e-06	1.589353e-09	3.774490e+01	1.892976e+02
3.450000e-06	6.990199e-06	1.592273e-09	3.780818e+01	1.895280e+02
3.460000e-06	7.001563e-06	1.596903e-09	3.786964e+01	1.897519e+02
3.470000e-06	7.012303e-06	1.600734e-09	3.792774e+01	1.899691e+02
3.480000e-06	7.022101e-06	1.602278e-09	3.798073e+01	1.901796e+02
3.490000e-06	7.030976e-06	1.603067e-09	3.802873e+01	1.903832e+02
3.500000e-06	7.039256e-06	1.605925e-09	3.807352e+01	1.905800e+02
3.510000e-06	7.047168e-06	1.610096e-09	3.811631e+01	1.907698e+02
3.520000e-06	7.054860e-06	1.612461e-09	3.815792e+01	1.909526e+02
3.530000e-06	7.062183e-06	1.612951e-09	3.819752e+01	1.911283e+02
3.540000e-06	7.069018e-06	1.614452e-09	3.823449e+01	1.912969e+02
3.550000e-06	7.075258e-06	1.618478e-09	3.826824e+01	1.914582e+02
3.560000e-06	7.080923e-06	1.622078e-09	3.829888e+01	1.916123e+02
3.570000e-06	7.086131e-06	1.623642e-09	3.832705e+01	1.917592e+02
3.580000e-06	7.090840e-06	1.624549e-09	3.835252e+01	1.918988e+02
3.590000e-06	7.095074e-06	1.626842e-09	3.837542e+01	1.920311e+02
3.600000e-06	7.098941e-06	1.630323e-09	3.839634e+01	1.921560e+02
3.610000e-06	7.102509e-06	1.633140e-09	3.841564e+01	1.922737e+02
3.620000e-06	7.105639e-06	1.635094e-09	3.843256e+01	1.923841e+02
3.630000e-06	7.108033e-06	1.636673e-09	3.844552e+01	1.924871e+02
3.640000e-06	7.109605e-06	1.638919e-09	3.845402e+01	1.925828e+02
3.650000e-06	7.110466e-06	1.641100e-09	3.845868e+01	1.926712e+02
3.660000e-06	7.110711e-06	1.643008e-09	3.846000e+01	1.927522e+02
3.670000e-06	7.110581e-06	1.645131e-09	3.845930e+01	1.928258e+02
3.680000e-06	7.110179e-06	1.646083e-09	3.845712e+01	1.928919e+02
3.690000e-06	7.109309e-06	1.646805e-09	3.845242e+01	1.929504e+02
3.700000e-06	7.107866e-06	1.648789e-09	3.844461e+01	1.930014e+02
3.710000e-06	7.106009e-06	1.650097e-09	3.843457e+01	1.930446e+02
3.720000e-06	7.103776e-06	1.651270e-09	3.842249e+01	1.930800e+02
3.730000e-06	7.101114e-06	1.654338e-09	3.840809e+01	1.931074e+02
3.740000e-06	7.098047e-06	1.652373e-09	3.839150e+01	1.931268e+02
3.750000e-06	7.094459e-06	1.633496e-09	3.837210e+01	1.931379e+02
3.760000e-06	7.090263e-06	1.639662e-09	3.834940e+01	1.931407e+02
3.770000e-06	7.085407e-06	1.723084e-09	3.832314e+01	1.931350e+02
3.780000e-06	7.079691e-06	1.730097e-09	3.829222e+01	1.931206e+02
3.790000e-06	7.073442e-06	1.578549e-09	3.825842e+01	1.930974e+02
3.800000e-06	7.067161e-06	1.553732e-09	3.822445e+01	1.930653e+02
3.810000e-06	7.060528e-06	1.730070e-09	3.818857e+01	1.930242e+02
3.820000e-06	7.053033e-06	1.767536e-09	3.814804e+01	1.929739e+02
3.830000e-06	7.044803e-06	1.567340e-09	3.810352e+01	1.929145e+02
3.840000e-06	7.036342e-06	1.532053e-09	3.805775e+01	1.928459e+02
3.850000e-06	7.027654e-06	1.785464e-09	3.801076e+01	1.927681e+02
3.860000e-06	7.018292e-06	1.817041e-09	3.796013e+01	1.926810e+02
3.870000e-06	7.008240e-06	1.513368e-09	3.790576e+01	1.925849e+02
3.880000e-06	6.997893e-06	1.481061e-09	3.784980e+01	1.924796e+02
3.890000e-06	6.987268e-06	1.807142e-09	3.779233e+01	1.923654e+02
3.900000e-06	6.975970e-06	1.815996e-09	3.773122e+01	1.922425e+02
3.910000e-06	6.964007e-06	1.499398e-09	3.766652e+01	1.921109e+02
3.920000e-06	6.951453e-06	1.549594e-09	3.759861e+01	1.919709e+02
3.930000e-06	6.938217e-06	1.841404e-09	3.752702e+01	1.918227e+02
3.940000e-06	6.924269e-06	1.707553e-09	3.745158e+01	1.916666e+02
3.950000e-06	6.909629e-06	1.453870e-09	3.737240e+01	1.915028e+02
3.960000e-06	6.894436e-06	1.657492e-09	3.729022e+01	1.913317e+02
3.970000e-06	6.878655e-06	1.839691e-09	3.720487e+01	1.911534e+02
3.980000e-06	6.862395e-06	1.591660e-09	3.711692e+01	1.909683e+02
3.990000e-06	6.845851e-06	1.521759e-09	3.702744e+01	1.907765e+02
4.000000e-06	6.828780e-06	1.784906e-09	3.693511e+01	1.905784e+02
4.010000e-06	6.811093e-06	1.716173e-09	3.683944e+01	1.903742e+02
4.020000e-06	6.793020e-06	1.469918e-09	3.674169e+01	1.901641e+02
4.030000e-06	6.774601e-06	1.650170e-09	3.664206e+01	1.899483e+02
4.040000e-06	6.755634e-06	1.826199e-09	3.653948e+01	1.897268e+02
4.050000e-06	6.736069e-06	1.581636e-09	3.643366e+01	1.894999e+02
4.060000e-06	6.716141e-06	1.520155e-09	3.632587e+01	1.892676e+02
4.070000e-06	6.695920e-06	1.765183e-09	3.621650e+01	1.890299e+02
4.080000e-06	6.675405e-06	1.694622e-09	3.610554e+01	1.887868e+02
4.090000e-06	6.654381e-06	1.502784e-09	3.599183e+01	1.885384e+02
4.100000e-06	6.632792e-06	1.662825e-09	3.587506e+01	1.882845e+02
4.110000e-06	6.610439e-06	1.746565e-09	3.575415e+01	1.880251e+02
4.120000e-06	6.587125e-06	1.562674e-09	3.562805e+01	1.877600e+02
4.130000e-06	6.563267e-06	1.596282e-09	3.549901e+01	1.874891e+02
4.140000e-06	6.539134e-06	1.730814e-09	3.536849e+01	1.872123e+02
4.150000e-06	6.514791e-06	1.606898e-09	3.523682e+01	1.869294e+02
4.160000e-06	6.490132e-06	1.556255e-09	3.510345e+01	1.866402e+02
4.170000e-06	6.464951e-06	1.695204e-09	3.496725e+01	1.863447e+02
4.180000e-06	6.439284e-06	1.657240e-09	3.482842e+01	1.860426e+02
4.190000e-06	6.413209e-06	1.562971e-09	3.468739e+01	1.857339e+02
4.200000e-06	6.386598e-06	1.643121e-09	3.454346e+01	1.854184e+02
4.210000e-06	6.359455e-06	1.654653e-09	3.439665e+01	1.850960e+02
4.220000e-06	6.331885e-06	1.573658e-09	3.424753e+01	1.847668e+02
4.230000e-06	6.303884e-06	1.613894e-09	3.409608e+01	1.844306e+02
4.240000e-06	6.275511e-06	1.648240e-09	3.394262e+01	1.840875e+02
4.250000e-06	6.246909e-06	1.592674e-09	3.378792e+01	1.837375e+02
4.260000e-06	6.217892e-06	1.602319e-09	3.363097e+01	1.833808e+02
4.270000e-06	6.188338e-06	1.632620e-09	3.347112e+01	1.830174e+02
4.280000e-06	6.158280e-06	1.597754e-09	3.330855e+01	1.826474e+02
4.290000e-06	6.127466e-06	1.591603e-09	3.314188e+01	1.822709e+02
4.300000e-06	6.095897e-06	1.609207e-09	3.297113e+01	1.818883e+02
4.310000e-06	6.063845e-06	1.595933e-09	3.279777e+01	1.814996e+02
4.320000e-06	6.031432e-06	1.596858e-09	3.262246e+01	1.811049e+02
4.330000e-06	5.998700e-06	1.600958e-09	3.244542e+01	1.807046e+02
4.340000e-06	5.965560e-06	1.583114e-09	3.226617e+01	1.802986e+02
4.350000e-06	5.932030e-06	1.584537e-09	3.208482e+01	1.798872e+02
4.360000e-06	5.898169e-06	1.588542e-09	3.190167e+01	1.794704e+02
4.370000e-06	5.863922e-06	1.575458e-09	3.171644e+01	1.790483e+02
4.380000e-06	5.829364e-06	1.579859e-09	3.152952e+01	1.786209e+02
4.390000e-06	5.794436e-06	1.581887e-09	3.134061e+01	1.781881e+02
4.400000e-06	5.759041e-06	1.564554e-09	3.114916e+01	1.777499e+02
4.410000e-06	5.723291e-06	1.566951e-09	3.095580e+01	1.773060e+02
4.420000e-06	5.687223e-06	1.574372e-09	3.076072e+01	1.768563e+02
4.430000e-06	5.650831e-06	1.559283e-09	3.056389e+01	1.764004e+02
4.440000e-06	5.614185e-06	1.552617e-09	3.036568e+01	1.759379e+02
4.450000e-06	5.577122e-06	1.559796e-09	3.016521e+01	1.754684e+02
4.460000e-06	5.539401e-06	1.556351e-09	2.996119e+01	1.749914e+02
4.470000e-06	5.500951e-06	1.548922e-09	2.975322e+01	1.745064e+02
4.480000e-06	5.461861e-06	1.545887e-09	2.954180e+01	1.740127e+02
4.490000e-06	5.422273e-06	1.540726e-09	2.932767e+01	1.735098e+02
4.500000e-06	5.382298e-06	1.536403e-09	2.911146e+01	1.729969e+02
4.510000e-06	5.342069e-06	1.535646e-09	2.889387e+01	1.724734e+02
4.520000e-06	5.301582e-06	1.533542e-09	2.867489e+01	1.719387e+02
4.530000e-06	5.260786e-06	1.527786e-09	2.845423e+01	1.713919e+02
4.540000e-06	5.219608e-06	1.521855e-09	2.823151e+01	1.708326e+02
4.550000e-06	5.178147e-06	1.519682e-09	2.800726e+01	1.702600e+02
4.560000e-06	5.136337e-06	1.518877e-09	2.778112e+01	1.696736e+02
4.570000e-06	5.094100e-06	1.513647e-09	2.755267e+01	1.690730e+02
4.580000e-06	5.051530e-06	1.505425e-09	2.732242e+01	1.684576e+02
4.590000e-06	5.008512e-06	1.499719e-09	2.708975e+01	1.678273e+02
4.600000e-06	4.965068e-06	1.497638e-09	2.685477e+01	1.671816e+02
4.610000e-06	4.921309e-06	1.494272e-09	2.661809e+01	1.665204e+02
4.620000e-06	4.877310e-06	1.488638e-09	2.638011e+01	1.658437e+02
4.630000e-06	4.833050e-06	1.484633e-09	2.614072e+01	1.651516e+02
4.640000e-06	4.788609e-06	1.481461e-09	2.590035e+01	1.644442e+02
4.650000e-06	4.743965e-06	1.475983e-09	2.565888e+01	1.637216e+02
4.660000e-06	4.699013e-06	1.468421e-09	2.541575e+01	1.629844e+02
4.670000e-06	4.653762e-06	1.459244e-09	2.517100e+01	1.622329e+02
4.680000e-06	4.608121e-06	1.449488e-09	2.492414e+01	1.614676e+02
4.690000e-06	4.562007e-06	1.442904e-09	2.467472e+01	1.606891e+02
4.700000e-06	4.515468e-06	1.439556e-09	2.442300e+01	1.598980e+02
4.710000e-06	4.468688e-06	1.434838e-09	2.416998e+01	1.590950e+02
4.720000e-06	4.421756e-06	1.426459e-09	2.391613e+01	1.582807e+02
4.730000e-06	4.374601e-06	1.416198e-09	2.366109e+01	1.574559e+02
4.740000e-06	4.326987e-06	1.406959e-09	2.340355e+01	1.566212e+02
4.750000e-06	4.279005e-06	1.400404e-09	2.314403e+01	1.557773e+02
4.760000e-06	4.230753e-06	1.394039e-09	2.288305e+01	1.549247e+02
4.770000e-06	4.182022e-06	1.385249e-09	2.261948e+01	1.540639e+02
4.780000e-06	4.132911e-06	1.377072e-09	2.235385e+01	1.531955e+02
4.790000e-06	4.083465e-06	1.372330e-09	2.208640e+01	1.523197e+02
4.800000e-06	4.033706e-06	1.367813e-09	2.181728e+01	1.514368e+02
4.810000e-06	3.983694e-06	1.360532e-09	2.154677e+01	1.505470e+02
4.820000e-06	3.933386e-06	1.351998e-09	2.127467e+01	1.496501e+02
4.830000e-06	3.882803e-06	1.343990e-09	2.100108e+01	1.487462e+02
4.840000e-06	3.831916e-06	1.336232e-09	2.072584e+01	1.478350e+02
4.850000e-06	3.780755e-06	1.328460e-09	2.044913e+01	1.469161e+02
4.860000e-06	3.729238e-06	1.319686e-09	2.017048e+01	1.459891e+02
4.870000e-06	3.677341e-06	1.310059e-09	1.988979e+01	1.450533e+02
4.880000e-06	3.625290e-06	1.301440e-09	1.960825e+01	1.441081e+02
4.890000e-06	3.573113e-06	1.295331e-09	1.932605e+01	1.431526e+02
4.900000e-06	3.520607e-06	1.289195e-09	1.904206e+01	1.421861e+02
4.910000e-06	3.467880e-06	1.280727e-09	1.875687e+01	1.412077e+02
4.920000e-06	3.414990e-06	1.270874e-09	1.847080e+01	1.402164e+02
4.930000e-06	3.361684e-06	1.261846e-09	1.818248e+01	1.392113e+02
4.940000e-06	3.307836e-06	1.254051e-09	1.789123e+01	1.381915e+02
4.950000e-06	3.253462e-06	1.245089e-09	1.759714e+01	1.371560e+02
4.960000e-06	3.198713e-06	1.234402e-09	1.730101e+01	1.361040e+02
4.970000e-06	3.143587e-06	1.223210e-09	1.700285e+01	1.350346e+02
4.980000e-06	3.088196e-06	1.213411e-09	1.670326e+01	1.339473e+02
4.990000e-06	3.032579e-06	1.205396e-09	1.640244e+01	1.328412e+02
5.000000e-06	2.976632e-06	1.196129e-09	1.609983e+01	1.317161e+02
5.010000e-06	2.920541e-06	1.184043e-09	1.579645e+01	1.305713e+02
5.020000e-06	2.864367e-06	1.171919e-09	1.549262e+01	1.294068e+02
5.030000e-06	2.808046e-06	1.161673e-09	1.518800e+01	1.282223e+02
5.040000e-06	2.751646e-06	1.152505e-09	1.488294e+01	1.270178e+02
5.050000e-06	2.695140e-06	1.142429e-09	1.457732e+01	1.257935e+02
5.060000e-06	2.638459e-06	1.130918e-09	1.427074e+01	1.245495e+02
5.070000e-06	2.581555e-06	1.119436e-09	1.396296e+01	1.232862e+02
5.080000e-06	2.524580e-06	1.109208e-09	1.365480e+01	1.220041e+02
5.090000e-06	2.467440e-06	1.098845e-09	1.334575e+01	1.207035e+02
5.100000e-06	2.409946e-06	1.086676e-09	1.303477e+01	1.193850e+02
5.110000e-06	2.352206e-06	1.073505e-09	1.272248e+01	1.180492e+02
5.120000e-06	2.294321e-06	1.061423e-09	1.240939e+01	1.166967e+02
5.130000e-06	2.236359e-06	1.051105e-09	1.209589e+01	1.153278e+02
5.140000e-06	2.178231e-06	1.040583e-09	1.178149e+01	1.139432e+02
5.150000e-06	2.119923e-06	1.027435e-09	1.146612e+01	1.125431e+02
5.160000e-06	2.061518e-06	1.012755e-09	1.115022e+01	1.111279e+02
5.170000e-06	2.003040e-06	9.982327e-10	1.083393e+01	1.096976e+02
5.180000e-06	1.944405e-06	9.850077e-10	1.051678e+01	1.082522e+02
5.190000e-06	1.885589e-06	9.727256e-10	1.019866e+01	1.067915e+02
5.200000e-06	1.826638e-06	9.589139e-10	9.879812e+00	1.053151e+02
5.210000e-06	1.767502e-06	9.437041e-10	9.559964e+00	1.038223e+02
5.220000e-06	1.708168e-06	9.296892e-10	9.239041e+00	1.023122e+02
5.230000e-06	1.648747e-06	9.171740e-10	8.917647e+00	1.007837e+02
5.240000e-06	1.589222e-06	9.024999e-10	8.595694e+00	9.923543e+01
5.250000e-06	1.529517e-06	8.858644e-10	8.272764e+00	9.766584e+01
5.260000e-06	1.469728e-06	8.706115e-10	7.949377e+00	9.607311e+01
5.270000e-06	1.409909e-06	8.572434e-10	7.625832e+00	9.445519e+01
5.280000e-06	1.350013e-06	8.436953e-10	7.301873e+00	9.280987e+01
5.290000e-06	1.290061e-06	8.272969e-10	6.977604e+00	9.113477e+01
5.300000e-06	1.230058e-06	8.089827e-10	6.653066e+00	8.942736e+01
5.310000e-06	1.169961e-06	7.917280e-10	6.328015e+00	8.768501e+01
5.320000e-06	1.109815e-06	7.754723e-10	6.002705e+00	8.590502e+01
5.330000e-06	1.049654e-06	7.590079e-10	5.677309e+00	8.408465e+01
5.340000e-06	9.894610e-07	7.423550e-10	5.351739e+00	8.222118e+01
5.350000e-06	9.292133e-07	7.249353e-10	5.025875e+00	8.031195e+01
5.360000e-06	8.688834e-07	7.061635e-10	4.699566e+00	7.835439e+01
5.370000e-06	8.085629e-07	6.871901e-10	4.373308e+00	7.634608e+01
5.380000e-06	7.482971e-07	6.679621e-10	4.047346e+00	7.428477e+01
5.390000e-06	6.880021e-07	6.478037e-10	3.721226e+00	7.216848e+01
5.400000e-06	6.275923e-07	6.267785e-10	3.394485e+00	6.999546e+01
5.410000e-06	5.671466e-07	6.059804e-10	3.067550e+00	6.776428e+01
5.420000e-06	5.066931e-07	5.861673e-10	2.740572e+00	6.547387e+01
5.430000e-06	4.462450e-07	5.662245e-10	2.413624e+00	6.312350e+01
5.440000e-06	3.858370e-07	5.452652e-10	2.086892e+00	6.071285e+01
5.450000e-06	3.253742e-07	5.233579e-10	1.759865e+00	5.824201e+01
5.460000e-06	2.649430e-07	5.010367e-10	1.433008e+00	5.571150e+01
5.470000e-06	2.046264e-07	4.778368e-10	1.106771e+00	5.312227e+01
5.480000e-06	1.443523e-07	4.531972e-10	7.807642e-01	5.047569e+01
5.490000e-06	8.398708e-08	4.274721e-10	4.542644e-01	4.777357e+01
5.500000e-06	2.353207e-08	4.018649e-10	1.272789e-01	4.501814e+01
5.510000e-06	-3.691681e-08	3.764255e-10	-1.996735e-01	4.221201e+01
5.520000e-06	-9.740629e-08	3.513415e-10	-5.268454e-01	3.935819e+01
5.530000e-06	-1.580166e-07	3.272348e-10	-8.546710e-01	3.646002e+01
5.540000e-06	-2.186508e-07	3.031307e-10	-1.182626e+00	3.352116e+01
5.550000e-06	-2.791452e-07	2.783590e-10	-1.509824e+00	3.054553e+01
5.560000e-06	-3.395923e-07	2.523745e-10	-1.836767e+00	2.753732e+01
5.570000e-06	-4.001834e-07	2.247757e-10	-2.164489e+00	2.450089e+01
5.580000e-06	-4.607890e-07	1.967367e-10	-2.492289e+00	2.144075e+01
5.590000e-06	-5.212173e-07	1.689632e-10	-2.819130e+00	1.836151e+01
5.600000e-06	-5.815675e-07	1.423441e-10	-3.145549e+00	1.526785e+01
5.610000e-06	-6.418969e-07	1.169138e-10	-3.471854e+00	1.216443e+01
5.620000e-06	-7.022026e-07	9.126578e-11	-3.798032e+00	9.055898e+00
5.630000e-06	-7.624732e-07	6.462818e-11	-4.124021e+00	5.946802e+00
5.640000e-06	-8.227110e-07	3.686215e-11	-4.449831e+00	2.841572e+00
5.650000e-06	-8.829820e-07	8.697827e-12	-4.775821e+00	-2.555253e-01
5.660000e-06	-9.432543e-07	-1.917014e-11	-5.101819e+00	-3.340420e+00
5.670000e-06	-1.003474e-06	-4.608172e-11	-5.427533e+00	-6.409274e+00
5.680000e-06	-1.063664e-06	-7.181517e-11	-5.753083e+00	-9.458501e+00
5.690000e-06	-1.123796e-06	-9.698867e-11	-6.078323e+00	-1.248480e+01
5.700000e-06	-1.183864e-06	-1.226902e-10	-6.403215e+00	-1.548515e+01
5.710000e-06	-1.243955e-06	-1.489163e-10	-6.728231e+00	-1.845685e+01
5.720000e-06	-1.304049e-06	-1.745540e-10	-7.053265e+00	-2.139750e+01
5.730000e-06	-1.364067e-06	-1.993199e-10	-7.377888e+00	-2.430505e+01
5.740000e-06	-1.423996e-06	-2.235879e-10	-7.702028e+00	-2.717771e+01
5.750000e-06	-1.483804e-06	-2.482775e-10	-8.025514e+00	-3.001405e+01
5.760000e-06	-1.543466e-06	-2.742285e-10	-8.348211e+00	-3.281291e+01
5.770000e-06	-1.602960e-06	-3.003106e-10	-8.669995e+00	-3.557342e+01
5.780000e-06	-1.662256e-06	-3.255666e-10	-8.990713e+00	-3.829497e+01
5.790000e-06	-1.721477e-06	-3.500283e-10	-9.311026e+00	-4.097721e+01
5.800000e-06	-1.780627e-06	-3.744178e-10	-9.630949e+00	-4.362001e+01
5.810000e-06	-1.839598e-06	-3.983342e-10	-9.949911e+00	-4.622345e+01
5.820000e-06	-1.898439e-06	-4.212768e-10	-1.026817e+01	-4.878776e+01
5.830000e-06	-1.957235e-06	-4.450494e-10	-1.058618e+01	-5.131336e+01
5.840000e-06	-2.015917e-06	-4.699441e-10	-1.090358e+01	-5.380077e+01
5.850000e-06	-2.074380e-06	-4.943334e-10	-1.121979e+01	-5.625062e+01
5.860000e-06	-2.132658e-06	-5.171847e-10	-1.153500e+01	-5.866363e+01
5.870000e-06	-2.190670e-06	-5.386142e-10	-1.184877e+01	-6.104057e+01
5.880000e-06	-2.248434e-06	-5.594817e-10	-1.216120e+01	-6.338225e+01
5.890000e-06	-2.306120e-06	-5.799816e-10	-1.247321e+01	-6.568948e+01
5.900000e-06	-2.363688e-06	-6.007994e-10	-1.278458e+01	-6.796311e+01
5.910000e-06	-2.421037e-06	-6.220623e-10	-1.309476e+01	-7.020394e+01
5.920000e-06	-2.478087e-06	-6.426623e-10	-1.340334e+01	-7.241277e+01
5.930000e-06	-2.534997e-06	-6.635028e-10	-1.371114e+01	-7.459036e+01
5.940000e-06	-2.591824e-06	-6.848178e-10	-1.401851e+01	-7.673741e+01
5.950000e-06	-2.648481e-06	-7.052188e-10	-1.432495e+01	-7.885461e+01
5.960000e-06	-2.705029e-06	-7.247711e-10	-1.463080e+01	-8.094256e+01
5.970000e-06	-2.761426e-06	-7.443051e-10	-1.493584e+01	-8.300186e+01
5.980000e-06	-2.817661e-06	-7.633401e-10	-1.524000e+01	-8.503300e+01
5.990000e-06	-2.873762e-06	-7.813843e-10	-1.554344e+01	-8.703648e+01
6.000000e-06	-2.929816e-06	-7.994038e-10	-1.584662e+01	-8.901271e+01
6.010000e-06	-2.985788e-06	-8.176270e-10	-1.614935e+01	-9.096209e+01
6.020000e-06	-3.041520e-06	-8.348470e-10	-1.645080e+01	-9.288496e+01
6.030000e-06	-3.097063e-06	-8.524762e-10	-1.675121e+01	-9.478166e+01
6.040000e-06	-3.152297e-06	-8.714692e-10	-1.704996e+01	-9.665247e+01
6.050000e-06	-3.207017e-06	-8.896898e-10	-1.734593e+01	-9.849767e+01
6.060000e-06	-3.261296e-06	-9.068191e-10	-1.763951e+01	-1.003175e+02
6.070000e-06	-3.315072e-06	-9.228678e-10	-1.793037e+01	-1.021123e+02
6.080000e-06	-3.368358e-06	-9.385247e-10	-1.821858e+01	-1.038821e+02
6.090000e-06	-3.421427e-06	-9.556996e-10	-1.850562e+01	-1.056274e+02
6.100000e-06	-3.474225e-06	-9.736946e-10	-1.879118e+01	-1.073482e+02
6.110000e-06	-3.526724e-06	-9.898924e-10	-1.907514e+01	-1.090448e+02
6.120000e-06	-3.579081e-06	-1.005200e-09	-1.935832e+01	-1.107174e+02
6.130000e-06	-3.631123e-06	-1.021645e-09	-1.963981e+01	-1.123662e+02
6.140000e-06	-3.682843e-06	-1.038106e-09	-1.991955e+01	-1.139914e+02
6.150000e-06	-3.734370e-06	-1.054048e-09	-2.019824e+01	-1.155933e+02
6.160000e-06	-3.785612e-06	-1.068829e-09	-2.047540e+01	-1.171719e+02
6.170000e-06	-3.836499e-06	-1.082892e-09	-2.075063e+01	-1.187274e+02
6.180000e-06	-3.887048e-06	-1.097407e-09	-2.102404e+01	-1.202601e+02
6.190000e-06	-3.937264e-06	-1.111419e-09	-2.129565e+01	-1.217700e+02
6.200000e-06	-3.987296e-06	-1.125078e-09	-2.156625e+01	-1.232572e+02
6.210000e-06	-4.037129e-06	-1.138429e-09	-2.183579e+01	-1.247217e+02
6.220000e-06	-4.086554e-06	-1.151025e-09	-2.210312e+01	-1.261638e+02
6.230000e-06	-4.135496e-06	-1.163284e-09	-2.236783e+01	-1.275833e+02
6.240000e-06	-4.183789e-06	-1.175872e-09	-2.262903e+01	-1.289803e+02
6.250000e-06	-4.231694e-06	-1.189332e-09	-2.288814e+01	-1.303547e+02
6.260000e-06	-4.279317e-06	-1.201915e-09	-2.314572e+01	-1.317065e+02
6.270000e-06	-4.326487e-06	-1.212748e-09	-2.340085e+01	-1.330357e+02
6.280000e-06	-4.373401e-06	-1.223774e-09	-2.365460e+01	-1.343422e+02
6.290000e-06	-4.420163e-06	-1.236099e-09	-2.390752e+01	-1.356257e+02
6.300000e-06	-4.466797e-06	-1.248428e-09	-2.415975e+01	-1.368864e+02
6.310000e-06	-4.513169e-06	-1.259715e-09	-2.441056e+01	-1.381240e+02
6.320000e-06	-4.559129e-06	-1.270695e-09	-2.465915e+01	-1.393385e+02
6.330000e-06	-4.604704e-06	-1.282781e-09	-2.490566e+01	-1.405298e+02
6.340000e-06	-4.649947e-06	-1.295578e-09	-2.515036e+01	-1.416978e+02
6.350000e-06	-4.694933e-06	-1.306574e-09	-2.539368e+01	-1.428426e+02
6.360000e-06	-4.739677e-06	-1.315643e-09	-2.563569e+01	-1.439642e+02
6.370000e-06	-4.784197e-06	-1.324400e-09	-2.587649e+01	-1.450626e+02
6.380000e-06	-4.828514e-06	-1.334264e-09	-2.611619e+01	-1.461380e+02
6.390000e-06	-4.872549e-06	-1.344599e-09	-2.635436e+01	-1.471906e+02
6.400000e-06	-4.916307e-06	-1.353069e-09	-2.659103e+01	-1.482206e+02
6.410000e-06	-4.959674e-06	-1.360312e-09	-2.682560e+01	-1.492283e+02
6.420000e-06	-5.002621e-06	-1.369711e-09	-2.705788e+01	-1.502142e+02
6.430000e-06	-5.045209e-06	-1.380311e-09	-2.728823e+01	-1.511787e+02
6.440000e-06	-5.087510e-06	-1.389176e-09	-2.751703e+01	-1.521222e+02
6.450000e-06	-5.129502e-06	-1.396106e-09	-2.774415e+01	-1.530456e+02
6.460000e-06	-5.171078e-06	-1.402762e-09	-2.796903e+01	-1.539493e+02
6.470000e-06	-5.212320e-06	-1.410981e-09	-2.819209e+01	-1.548341e+02
6.480000e-06	-5.253132e-06	-1.419404e-09	-2.841284e+01	-1.557008e+02
6.490000e-06	-5.293590e-06	-1.426542e-09	-2.863166e+01	-1.565502e+02
6.500000e-06	-5.333830e-06	-1.433524e-09	-2.884931e+01	-1.573832e+02
6.510000e-06	-5.373809e-06	-1.440695e-09	-2.906555e+01	-1.582006e+02
6.520000e-06	-5.413591e-06	-1.447458e-09	-2.928071e+01	-1.590033e+02
6.530000e-06	-5.453036e-06	-1.452876e-09	-2.949406e+01	-1.597923e+02
6.540000e-06	-5.491915e-06	-1.457034e-09	-2.970435e+01	-1.605683e+02
6.550000e-06	-5.530127e-06	-1.463206e-09	-2.991103e+01	-1.613322e+02
6.560000e-06	-5.567648e-06	-1.471208e-09	-3.011397e+01	-1.620850e+02
6.570000e-06	-5.604549e-06	-1.478654e-09	-3.031356e+01	-1.628272e+02
6.580000e-06	-5.641030e-06	-1.484813e-09	-3.051087e+01	-1.635597e+02
6.590000e-06	-5.677317e-06	-1.490254e-09	-3.070714e+01	-1.642831e+02
6.600000e-06	-5.713421e-06	-1.496109e-09	-3.090242e+01	-1.649980e+02
6.610000e-06	-5.749215e-06	-1.501747e-09	-3.109602e+01	-1.657048e+02
6.620000e-06	-5.784614e-06	-1.506613e-09	-3.128748e+01	-1.664040e+02
6.630000e-06	-5.819623e-06	-1.510951e-09	-3.147684e+01	-1.670960e+02
6.640000e-06	-5.854251e-06	-1.515538e-09	-3.166413e+01	-1.677809e+02
6.650000e-06	-5.888386e-06	-1.520926e-09	-3.184876e+01	-1.684588e+02
6.660000e-06	-5.922005e-06	-1.526457e-09	-3.203059e+01	-1.691299e+02
6.670000e-06	-5.955176e-06	-1.531599e-09	-3.221001e+01	-1.697940e+02
6.680000e-06	-5.987969e-06	-1.536205e-09	-3.238738e+01	-1.704511e+02
6.690000e-06	-6.020428e-06	-1.540392e-09	-3.256294e+01	-1.711009e+02
6.700000e-06	-6.052577e-06	-1.545912e-09	-3.273682e+01	-1.717432e+02
6.710000e-06	-6.084564e-06	-1.552878e-09	-3.290983e+01	-1.723776e+02
6.720000e-06	-6.116117e-06	-1.558731e-09	-3.308050e+01	-1.730038e+02
6.730000e-06	-6.146772e-06	-1.562775e-09	-3.324630e+01	-1.736214e+02
6.740000e-06	-6.176662e-06	-1.566340e-09	-3.340797e+01	-1.742299e+02
6.750000e-06	-6.206022e-06	-1.570506e-09	-3.356677e+01	-1.748288e+02
6.760000e-06	-6.234855e-06	-1.574814e-09	-3.372272e+01	-1.754177e+02
6.770000e-06	-6.263280e-06	-1.578390e-09	-3.387647e+01	-1.759962e+02
6.780000e-06	-6.291492e-06	-1.581793e-09	-3.402905e+01	-1.765638e+02
6.790000e-06	-6.319528e-06	-1.584989e-09	-3.418069e+01	-1.771201e+02
6.800000e-06	-6.347055e-06	-1.588643e-09	-3.432958e+01	-1.776647e+02
6.810000e-06	-6.373933e-06	-1.593890e-09	-3.447496e+01	-1.781973e+02
6.820000e-06	-6.400356e-06	-1.598179e-09	-3.461787e+01	-1.787177e+02
6.830000e-06	-6.426425e-06	-1.601775e-09	-3.475887e+01	-1.792256e+02
6.840000e-06	-6.452081e-06	-1.606473e-09	-3.489764e+01	-1.797209e+02
6.850000e-06	-6.477099e-06	-1.610388e-09	-3.503296e+01	-1.802035e+02
6.860000e-06	-6.501582e-06	-1.612655e-09	-3.516538e+01	-1.806733e+02
6.870000e-06	-6.525810e-06	-1.614292e-09	-3.529642e+01	-1.811305e+02
6.880000e-06	-6.549821e-06	-1.617369e-09	-3.542629e+01	-1.815751e+02
6.890000e-06	-6.573506e-06	-1.622378e-09	-3.555439e+01	-1.820073e+02
6.900000e-06	-6.596555e-06	-1.626497e-09	-3.567906e+01	-1.824273e+02
6.910000e-06	-6.618960e-06	-1.628116e-09	-3.580025e+01	-1.828353e+02
6.920000e-06	-6.640729e-06	-1.628567e-09	-3.591799e+01	-1.832318e+02
6.930000e-06	-6.661720e-06	-1.629528e-09	-3.603152e+01	-1.836169e+02
6.940000e-06	-6.682198e-06	-1.631052e-09	-3.614228e+01	-1.839912e+02
6.950000e-06	-6.702442e-06	-1.632852e-09	-3.625178e+01	-1.843550e+02
6.960000e-06	-6.722392e-06	-1.634684e-09	-3.635968e+01	-1.847087e+02
6.970000e-06	-6.741857e-06	-1.637176e-09	-3.646496e+01	-1.850527e+02
6.980000e-06	-6.760751e-06	-1.639984e-09	-3.656716e+01	-1.853874e+02
6.990000e-06	-6.779198e-06	-1.641276e-09	-3.666693e+01	-1.857132e+02
7.000000e-06	-6.797228e-06	-1.642151e-09	-3.676445e+01	-1.860305e+02
7.010000e-06	-6.814751e-06	-1.644093e-09	-3.685923e+01	-1.863396e+02
7.020000e-06	-6.831816e-06	-1.646138e-09	-3.695153e+01	-1.866409e+02
7.030000e-06	-6.848315e-06	-1.647984e-09	-3.704077e+01	-1.869345e+02
7.040000e-06	-6.864444e-06	-1.650013e-09	-3.712801e+01	-1.872209e+02
7.050000e-06	-6.880463e-06	-1.651164e-09	-3.721465e+01	-1.875002e+02
7.060000e-06	-6.896016e-06	-1.652050e-09	-3.729877e+01	-1.877725e+02
7.070000e-06	-6.910736e-06	-1.653374e-09	-3.737838e+01	-1.880381e+02
7.080000e-06	-6.924714e-06	-1.655654e-09	-3.745399e+01	-1.882970e+02
7.090000e-06	-6.937942e-06	-1.658598e-09	-3.752554e+01	-1.885493e+02
7.100000e-06	-6.950402e-06	-1.660716e-09	-3.759293e+01	-1.887951e+02
7.110000e-06	-6.962406e-06	-1.661555e-09	-3.765786e+01	-1.890343e+02
7.120000e-06	-6.974002e-06	-1.660921e-09	-3.772058e+01	-1.892669e+02
7.130000e-06	-6.984997e-06	-1.660005e-09	-3.778004e+01	-1.894929e+02
7.140000e-06	-6.995498e-06	-1.659752e-09	-3.783684e+01	-1.897123e+02
7.150000e-06	-7.005678e-06	-1.659507e-09	-3.789190e+01	-1.899250e+02
7.160000e-06	-7.015404e-06	-1.660315e-09	-3.794451e+01	-1.901308e+02
7.170000e-06	-7.024513e-06	-1.662517e-09	-3.799378e+01	-1.903298e+02
7.180000e-06	-7.033131e-06	-1.664104e-09	-3.804039e+01	-1.905219e+02
7.190000e-06	-7.041425e-06	-1.663283e-09	-3.808525e+01	-1.907070e+02
7.200000e-06	-7.049470e-06	-1.661899e-09	-3.812876e+01	-1.908850e+02
7.210000e-06	-7.057157e-06	-1.661745e-09	-3.817034e+01	-1.910559e+02
7.220000e-06	-7.064111e-06	-1.661129e-09	-3.820795e+01	-1.912196e+02
7.230000e-06	-7.070258e-06	-1.660513e-09	-3.824120e+01	-1.913760e+02
7.240000e-06	-7.075661e-06	-1.660396e-09	-3.827042e+01	-1.915252e+02
7.250000e-06	-7.080393e-06	-1.659823e-09	-3.829602e+01	-1.916672e+02
7.260000e-06	-7.084709e-06	-1.658787e-09	-3.831936e+01	-1.918018e+02
7.270000e-06	-7.088803e-06	-1.657705e-09	-3.834150e+01	-1.919292e+02
7.280000e-06	-7.092476e-06	-1.657172e-09	-3.836137e+01	-1.920493e+02
7.290000e-06	-7.095537e-06	-1.657470e-09	-3.837793e+01	-1.921620e+02
7.300000e-06	-7.098169e-06	-1.657725e-09	-3.839216e+01	-1.922674e+02
7.310000e-06	-7.100440e-06	-1.657102e-09	-3.840444e+01	-1.923655e+02
7.320000e-06	-7.102272e-06	-1.656495e-09	-3.841436e+01	-1.924563e+02
7.330000e-06	-7.103511e-06	-1.657621e-09	-3.842106e+01	-1.925397e+02
7.340000e-06	-7.104134e-06	-1.658259e-09	-3.842442e+01	-1.926157e+02
