# Temperatura_=_20.0
# Concentracion g/m^3_=_7400.0
# C_Vs_to_Am_M_A/Vsm_=_116720831517.84952
# pendiente_HvsI_1/m_=_3716.3
# ordenada_HvsI_A/m_=_1297.0
# frecuencia_Hz_=_136118.30058548323

Tiempo_(s)	Campo_(V.s)	Magnetizacion_(V.s)	Campo_(kA/m)	Magnetizacion_(A/m)
0.000000e+00	-7.151637e-06	-1.680550e-09	-3.842166e+01	-1.943900e+02
1.000000e-08	-7.151716e-06	-1.680396e-09	-3.842208e+01	-1.944252e+02
2.000000e-08	-7.151424e-06	-1.679613e-09	-3.842051e+01	-1.944505e+02
3.000000e-08	-7.150460e-06	-1.677729e-09	-3.841533e+01	-1.944659e+02
4.000000e-08	-7.148710e-06	-1.676696e-09	-3.840593e+01	-1.944716e+02
5.000000e-08	-7.146244e-06	-1.676680e-09	-3.839268e+01	-1.944678e+02
6.000000e-08	-7.143146e-06	-1.677341e-09	-3.837604e+01	-1.944548e+02
7.000000e-08	-7.139623e-06	-1.684070e-09	-3.835711e+01	-1.944328e+02
8.000000e-08	-7.135722e-06	-1.688905e-09	-3.833615e+01	-1.944021e+02
9.000000e-08	-7.131064e-06	-1.657518e-09	-3.831112e+01	-1.943630e+02
1.000000e-07	-7.125560e-06	-1.609027e-09	-3.828156e+01	-1.943160e+02
1.100000e-07	-7.119656e-06	-1.653418e-09	-3.824984e+01	-1.942614e+02
1.200000e-07	-7.113695e-06	-1.740533e-09	-3.821781e+01	-1.941996e+02
1.300000e-07	-7.107356e-06	-1.702367e-09	-3.818376e+01	-1.941311e+02
1.400000e-07	-7.100178e-06	-1.593704e-09	-3.814519e+01	-1.940561e+02
1.500000e-07	-7.092477e-06	-1.636451e-09	-3.810382e+01	-1.939752e+02
1.600000e-07	-7.084790e-06	-1.759759e-09	-3.806252e+01	-1.938886e+02
1.700000e-07	-7.076678e-06	-1.682337e-09	-3.801894e+01	-1.937967e+02
1.800000e-07	-7.067781e-06	-1.537265e-09	-3.797114e+01	-1.936998e+02
1.900000e-07	-7.058113e-06	-1.624374e-09	-3.791920e+01	-1.935982e+02
2.000000e-07	-7.047955e-06	-1.778047e-09	-3.786463e+01	-1.934921e+02
2.100000e-07	-7.037347e-06	-1.684295e-09	-3.780764e+01	-1.933816e+02
2.200000e-07	-7.025967e-06	-1.550088e-09	-3.774650e+01	-1.932670e+02
2.300000e-07	-7.013865e-06	-1.639761e-09	-3.768148e+01	-1.931482e+02
2.400000e-07	-7.001276e-06	-1.724557e-09	-3.761385e+01	-1.930253e+02
2.500000e-07	-6.988129e-06	-1.624423e-09	-3.754322e+01	-1.928983e+02
2.600000e-07	-6.974272e-06	-1.589015e-09	-3.746877e+01	-1.927670e+02
2.700000e-07	-6.959872e-06	-1.685481e-09	-3.739141e+01	-1.926312e+02
2.800000e-07	-6.944722e-06	-1.667041e-09	-3.731002e+01	-1.924908e+02
2.900000e-07	-6.928763e-06	-1.588852e-09	-3.722428e+01	-1.923455e+02
3.000000e-07	-6.912215e-06	-1.641505e-09	-3.713538e+01	-1.921950e+02
3.100000e-07	-6.895373e-06	-1.672366e-09	-3.704489e+01	-1.920390e+02
3.200000e-07	-6.878182e-06	-1.578392e-09	-3.695253e+01	-1.918771e+02
3.300000e-07	-6.860557e-06	-1.598458e-09	-3.685785e+01	-1.917089e+02
3.400000e-07	-6.842531e-06	-1.707076e-09	-3.676100e+01	-1.915340e+02
3.500000e-07	-6.823979e-06	-1.643498e-09	-3.666133e+01	-1.913520e+02
3.600000e-07	-6.804823e-06	-1.543635e-09	-3.655842e+01	-1.911625e+02
3.700000e-07	-6.785228e-06	-1.623467e-09	-3.645315e+01	-1.909651e+02
3.800000e-07	-6.765345e-06	-1.671383e-09	-3.634633e+01	-1.907593e+02
3.900000e-07	-6.745043e-06	-1.579295e-09	-3.623726e+01	-1.905448e+02
4.000000e-07	-6.724204e-06	-1.579923e-09	-3.612530e+01	-1.903213e+02
4.100000e-07	-6.702921e-06	-1.655576e-09	-3.601096e+01	-1.900885e+02
4.200000e-07	-6.681250e-06	-1.613300e-09	-3.589453e+01	-1.898461e+02
4.300000e-07	-6.659215e-06	-1.571300e-09	-3.577615e+01	-1.895939e+02
4.400000e-07	-6.636630e-06	-1.620871e-09	-3.565482e+01	-1.893318e+02
4.500000e-07	-6.613469e-06	-1.604484e-09	-3.553038e+01	-1.890596e+02
4.600000e-07	-6.590010e-06	-1.553964e-09	-3.540435e+01	-1.887774e+02
4.700000e-07	-6.566273e-06	-1.602042e-09	-3.527683e+01	-1.884851e+02
4.800000e-07	-6.542104e-06	-1.625688e-09	-3.514698e+01	-1.881828e+02
4.900000e-07	-6.517313e-06	-1.562009e-09	-3.501379e+01	-1.878707e+02
5.000000e-07	-6.491864e-06	-1.560990e-09	-3.487707e+01	-1.875490e+02
5.100000e-07	-6.465615e-06	-1.601321e-09	-3.473605e+01	-1.872178e+02
5.200000e-07	-6.438629e-06	-1.570223e-09	-3.459107e+01	-1.868775e+02
5.300000e-07	-6.411216e-06	-1.548267e-09	-3.444379e+01	-1.865284e+02
5.400000e-07	-6.383564e-06	-1.577940e-09	-3.429524e+01	-1.861708e+02
5.500000e-07	-6.355626e-06	-1.568327e-09	-3.414514e+01	-1.858050e+02
5.600000e-07	-6.327226e-06	-1.542990e-09	-3.399257e+01	-1.854316e+02
5.700000e-07	-6.298326e-06	-1.558015e-09	-3.383730e+01	-1.850508e+02
5.800000e-07	-6.268962e-06	-1.556551e-09	-3.367955e+01	-1.846632e+02
5.900000e-07	-6.239229e-06	-1.531164e-09	-3.351981e+01	-1.842689e+02
6.000000e-07	-6.209142e-06	-1.537863e-09	-3.335817e+01	-1.838684e+02
6.100000e-07	-6.178577e-06	-1.547809e-09	-3.319396e+01	-1.834621e+02
6.200000e-07	-6.147627e-06	-1.530896e-09	-3.302768e+01	-1.830501e+02
6.300000e-07	-6.116320e-06	-1.523399e-09	-3.285949e+01	-1.826329e+02
6.400000e-07	-6.084657e-06	-1.527758e-09	-3.268938e+01	-1.822104e+02
6.500000e-07	-6.052699e-06	-1.519511e-09	-3.251769e+01	-1.817830e+02
6.600000e-07	-6.020358e-06	-1.513672e-09	-3.234394e+01	-1.813506e+02
6.700000e-07	-5.987460e-06	-1.516175e-09	-3.216720e+01	-1.809133e+02
6.800000e-07	-5.953820e-06	-1.510122e-09	-3.198647e+01	-1.804710e+02
6.900000e-07	-5.919389e-06	-1.499580e-09	-3.180149e+01	-1.800236e+02
7.000000e-07	-5.884339e-06	-1.494766e-09	-3.161319e+01	-1.795709e+02
7.100000e-07	-5.848878e-06	-1.489479e-09	-3.142267e+01	-1.791127e+02
7.200000e-07	-5.813166e-06	-1.482883e-09	-3.123082e+01	-1.786487e+02
7.300000e-07	-5.777266e-06	-1.479044e-09	-3.103794e+01	-1.781784e+02
7.400000e-07	-5.741025e-06	-1.475742e-09	-3.084324e+01	-1.777015e+02
7.500000e-07	-5.704419e-06	-1.471051e-09	-3.064658e+01	-1.772175e+02
7.600000e-07	-5.667417e-06	-1.466773e-09	-3.044779e+01	-1.767260e+02
7.700000e-07	-5.629910e-06	-1.461231e-09	-3.024629e+01	-1.762263e+02
7.800000e-07	-5.592043e-06	-1.452934e-09	-3.004285e+01	-1.757180e+02
7.900000e-07	-5.553711e-06	-1.445787e-09	-2.983691e+01	-1.752006e+02
8.000000e-07	-5.514737e-06	-1.441142e-09	-2.962753e+01	-1.746734e+02
8.100000e-07	-5.475404e-06	-1.436896e-09	-2.941621e+01	-1.741359e+02
8.200000e-07	-5.435921e-06	-1.431383e-09	-2.920409e+01	-1.735878e+02
8.300000e-07	-5.396254e-06	-1.425446e-09	-2.899099e+01	-1.730284e+02
8.400000e-07	-5.356330e-06	-1.419470e-09	-2.877650e+01	-1.724573e+02
8.500000e-07	-5.315994e-06	-1.414278e-09	-2.855979e+01	-1.718742e+02
8.600000e-07	-5.275146e-06	-1.408836e-09	-2.834034e+01	-1.712788e+02
8.700000e-07	-5.233805e-06	-1.402829e-09	-2.811824e+01	-1.706707e+02
8.800000e-07	-5.191977e-06	-1.395618e-09	-2.789352e+01	-1.700497e+02
8.900000e-07	-5.149562e-06	-1.387518e-09	-2.766565e+01	-1.694159e+02
9.000000e-07	-5.106518e-06	-1.380631e-09	-2.743440e+01	-1.687690e+02
9.100000e-07	-5.063011e-06	-1.375046e-09	-2.720066e+01	-1.681090e+02
9.200000e-07	-5.019213e-06	-1.369063e-09	-2.696536e+01	-1.674362e+02
9.300000e-07	-4.975248e-06	-1.363046e-09	-2.672916e+01	-1.667506e+02
9.400000e-07	-4.931113e-06	-1.356912e-09	-2.649205e+01	-1.660523e+02
9.500000e-07	-4.886645e-06	-1.350137e-09	-2.625315e+01	-1.653418e+02
9.600000e-07	-4.841752e-06	-1.342427e-09	-2.601196e+01	-1.646193e+02
9.700000e-07	-4.796494e-06	-1.334835e-09	-2.576882e+01	-1.638851e+02
9.800000e-07	-4.750870e-06	-1.327444e-09	-2.552371e+01	-1.631396e+02
9.900000e-07	-4.704970e-06	-1.320292e-09	-2.527711e+01	-1.623832e+02
1.000000e-06	-4.658780e-06	-1.314082e-09	-2.502896e+01	-1.616164e+02
1.010000e-06	-4.612248e-06	-1.308682e-09	-2.477897e+01	-1.608395e+02
1.020000e-06	-4.565438e-06	-1.303090e-09	-2.452749e+01	-1.600529e+02
1.030000e-06	-4.518301e-06	-1.296039e-09	-2.427424e+01	-1.592570e+02
1.040000e-06	-4.470893e-06	-1.289737e-09	-2.401955e+01	-1.584522e+02
1.050000e-06	-4.423296e-06	-1.284518e-09	-2.376384e+01	-1.576386e+02
1.060000e-06	-4.375366e-06	-1.278435e-09	-2.350634e+01	-1.568166e+02
1.070000e-06	-4.327074e-06	-1.271685e-09	-2.324689e+01	-1.559863e+02
1.080000e-06	-4.278509e-06	-1.264676e-09	-2.298598e+01	-1.551478e+02
1.090000e-06	-4.229583e-06	-1.256856e-09	-2.272313e+01	-1.543010e+02
1.100000e-06	-4.180035e-06	-1.249198e-09	-2.245693e+01	-1.534461e+02
1.110000e-06	-4.129830e-06	-1.242010e-09	-2.218721e+01	-1.525827e+02
1.120000e-06	-4.079224e-06	-1.235147e-09	-2.191533e+01	-1.517107e+02
1.130000e-06	-4.028294e-06	-1.228654e-09	-2.164172e+01	-1.508297e+02
1.140000e-06	-3.977060e-06	-1.222500e-09	-2.136647e+01	-1.499394e+02
1.150000e-06	-3.925593e-06	-1.216100e-09	-2.108997e+01	-1.490393e+02
1.160000e-06	-3.873868e-06	-1.208434e-09	-2.081208e+01	-1.481289e+02
1.170000e-06	-3.821826e-06	-1.199753e-09	-2.053248e+01	-1.472075e+02
1.180000e-06	-3.769326e-06	-1.191300e-09	-2.025043e+01	-1.462746e+02
1.190000e-06	-3.716568e-06	-1.183241e-09	-1.996699e+01	-1.453295e+02
1.200000e-06	-3.663671e-06	-1.175310e-09	-1.968281e+01	-1.443714e+02
1.210000e-06	-3.610521e-06	-1.167194e-09	-1.939726e+01	-1.433997e+02
1.220000e-06	-3.557202e-06	-1.158355e-09	-1.911081e+01	-1.424137e+02
1.230000e-06	-3.503573e-06	-1.148201e-09	-1.882269e+01	-1.414126e+02
1.240000e-06	-3.449537e-06	-1.139072e-09	-1.853239e+01	-1.403959e+02
1.250000e-06	-3.395289e-06	-1.131792e-09	-1.824094e+01	-1.393629e+02
1.260000e-06	-3.340898e-06	-1.122637e-09	-1.794874e+01	-1.383130e+02
1.270000e-06	-3.286248e-06	-1.112291e-09	-1.765513e+01	-1.372457e+02
1.280000e-06	-3.231397e-06	-1.103576e-09	-1.736045e+01	-1.361607e+02
1.290000e-06	-3.176304e-06	-1.095490e-09	-1.706446e+01	-1.350575e+02
1.300000e-06	-3.120925e-06	-1.086001e-09	-1.676694e+01	-1.339360e+02
1.310000e-06	-3.065382e-06	-1.075808e-09	-1.646855e+01	-1.327960e+02
1.320000e-06	-3.009779e-06	-1.066254e-09	-1.616982e+01	-1.316374e+02
1.330000e-06	-2.954074e-06	-1.055808e-09	-1.587055e+01	-1.304603e+02
1.340000e-06	-2.898207e-06	-1.045222e-09	-1.557041e+01	-1.292648e+02
1.350000e-06	-2.842213e-06	-1.036019e-09	-1.526958e+01	-1.280511e+02
1.360000e-06	-2.786140e-06	-1.026336e-09	-1.496834e+01	-1.268196e+02
1.370000e-06	-2.729914e-06	-1.016361e-09	-1.466626e+01	-1.255706e+02
1.380000e-06	-2.673463e-06	-1.006120e-09	-1.436299e+01	-1.243045e+02
1.390000e-06	-2.616757e-06	-9.952244e-10	-1.405834e+01	-1.230218e+02
1.400000e-06	-2.559687e-06	-9.841607e-10	-1.375173e+01	-1.217231e+02
1.410000e-06	-2.502336e-06	-9.734409e-10	-1.344362e+01	-1.204087e+02
1.420000e-06	-2.444785e-06	-9.632155e-10	-1.313443e+01	-1.190792e+02
1.430000e-06	-2.386879e-06	-9.519675e-10	-1.282334e+01	-1.177351e+02
1.440000e-06	-2.328689e-06	-9.397009e-10	-1.251071e+01	-1.163768e+02
1.450000e-06	-2.270233e-06	-9.279260e-10	-1.219666e+01	-1.150045e+02
1.460000e-06	-2.211443e-06	-9.160365e-10	-1.188082e+01	-1.136186e+02
1.470000e-06	-2.152509e-06	-9.039804e-10	-1.156420e+01	-1.122191e+02
1.480000e-06	-2.093429e-06	-8.923263e-10	-1.124680e+01	-1.108060e+02
1.490000e-06	-2.034152e-06	-8.806833e-10	-1.092833e+01	-1.093792e+02
1.500000e-06	-1.974719e-06	-8.689890e-10	-1.060904e+01	-1.079383e+02
1.510000e-06	-1.915173e-06	-8.571743e-10	-1.028913e+01	-1.064828e+02
1.520000e-06	-1.855550e-06	-8.463164e-10	-9.968808e+00	-1.050120e+02
1.530000e-06	-1.795791e-06	-8.351649e-10	-9.647755e+00	-1.035250e+02
1.540000e-06	-1.736012e-06	-8.222926e-10	-9.326598e+00	-1.020207e+02
1.550000e-06	-1.676326e-06	-8.095429e-10	-9.005939e+00	-1.004978e+02
1.560000e-06	-1.616539e-06	-7.972317e-10	-8.684741e+00	-9.895475e+01
1.570000e-06	-1.556478e-06	-7.847242e-10	-8.362063e+00	-9.738995e+01
1.580000e-06	-1.496274e-06	-7.715634e-10	-8.038624e+00	-9.580150e+01
1.590000e-06	-1.436123e-06	-7.576413e-10	-7.715465e+00	-9.418736e+01
1.600000e-06	-1.375943e-06	-7.431995e-10	-7.392153e+00	-9.254538e+01
1.610000e-06	-1.315713e-06	-7.293091e-10	-7.068574e+00	-9.087325e+01
1.620000e-06	-1.255385e-06	-7.169357e-10	-6.744463e+00	-8.916858e+01
1.630000e-06	-1.194830e-06	-7.047715e-10	-6.419140e+00	-8.742890e+01
1.640000e-06	-1.134043e-06	-6.923065e-10	-6.092567e+00	-8.565172e+01
1.650000e-06	-1.073199e-06	-6.792553e-10	-5.765684e+00	-8.383452e+01
1.660000e-06	-1.012419e-06	-6.645517e-10	-5.439147e+00	-8.197482e+01
1.670000e-06	-9.515510e-07	-6.482622e-10	-5.112139e+00	-8.007020e+01
1.680000e-06	-8.906112e-07	-6.307235e-10	-4.784744e+00	-7.811834e+01
1.690000e-06	-8.296910e-07	-6.136940e-10	-4.457455e+00	-7.611704e+01
1.700000e-06	-7.686798e-07	-5.990297e-10	-4.129677e+00	-7.406428e+01
1.710000e-06	-7.075733e-07	-5.851686e-10	-3.801387e+00	-7.195825e+01
1.720000e-06	-6.463652e-07	-5.704990e-10	-3.472550e+00	-6.979737e+01
1.730000e-06	-5.850897e-07	-5.545116e-10	-3.143352e+00	-6.758031e+01
1.740000e-06	-5.238534e-07	-5.367795e-10	-2.814364e+00	-6.530605e+01
1.750000e-06	-4.625855e-07	-5.174728e-10	-2.485207e+00	-6.297389e+01
1.760000e-06	-4.012651e-07	-4.971229e-10	-2.155768e+00	-6.058346e+01
1.770000e-06	-3.399747e-07	-4.766018e-10	-1.826490e+00	-5.813474e+01
1.780000e-06	-2.786976e-07	-4.570131e-10	-1.497283e+00	-5.562811e+01
1.790000e-06	-2.172934e-07	-4.376339e-10	-1.167393e+00	-5.306428e+01
1.800000e-06	-1.558374e-07	-4.170778e-10	-8.372254e-01	-5.044439e+01
1.810000e-06	-9.446675e-08	-3.951164e-10	-5.075158e-01	-4.776993e+01
1.820000e-06	-3.310423e-08	-3.711484e-10	-1.778501e-01	-4.504276e+01
1.830000e-06	2.824820e-08	-3.460594e-10	1.517614e-01	-4.226514e+01
1.840000e-06	8.955979e-08	-3.215215e-10	4.811535e-01	-3.943965e+01
1.850000e-06	1.508403e-07	-2.977451e-10	8.103788e-01	-3.656920e+01
1.860000e-06	2.121338e-07	-2.742148e-10	1.139674e+00	-3.365702e+01
1.870000e-06	2.734489e-07	-2.493835e-10	1.469084e+00	-3.070663e+01
1.880000e-06	3.348083e-07	-2.214242e-10	1.798733e+00	-2.772178e+01
1.890000e-06	3.962315e-07	-1.928242e-10	2.128725e+00	-2.470645e+01
1.900000e-06	4.575998e-07	-1.660227e-10	2.458422e+00	-2.166479e+01
1.910000e-06	5.188979e-07	-1.403808e-10	2.787742e+00	-1.860112e+01
1.920000e-06	5.801243e-07	-1.159789e-10	3.116676e+00	-1.551984e+01
1.930000e-06	6.412418e-07	-9.194666e-11	3.445025e+00	-1.242541e+01
1.940000e-06	7.022939e-07	-6.666483e-11	3.773023e+00	-9.322357e+00
1.950000e-06	7.632652e-07	-3.968574e-11	4.100587e+00	-6.215150e+00
1.960000e-06	8.241934e-07	-1.128346e-11	4.427919e+00	-3.108226e+00
1.970000e-06	8.851653e-07	1.701785e-11	4.755487e+00	-5.929046e-03
1.980000e-06	9.460790e-07	4.365674e-11	5.082741e+00	3.087525e+00
1.990000e-06	1.006773e-06	6.892761e-11	5.408815e+00	6.168080e+00
2.000000e-06	1.067347e-06	9.346832e-11	5.734246e+00	9.231868e+00
2.010000e-06	1.127928e-06	1.180298e-10	6.059710e+00	1.227524e+01
2.020000e-06	1.188406e-06	1.431009e-10	6.384628e+00	1.529480e+01
2.030000e-06	1.248832e-06	1.688114e-10	6.709258e+00	1.828739e+01
2.040000e-06	1.309202e-06	1.941214e-10	7.033595e+00	2.125015e+01
2.050000e-06	1.369436e-06	2.182646e-10	7.357198e+00	2.418052e+01
2.060000e-06	1.429593e-06	2.423982e-10	7.680388e+00	2.707622e+01
2.070000e-06	1.489701e-06	2.660675e-10	8.003314e+00	2.993529e+01
2.080000e-06	1.549657e-06	2.889841e-10	8.325421e+00	3.275609e+01
2.090000e-06	1.609389e-06	3.119975e-10	8.646328e+00	3.553725e+01
2.100000e-06	1.669037e-06	3.348913e-10	8.966783e+00	3.827773e+01
2.110000e-06	1.728742e-06	3.568076e-10	9.287542e+00	4.097677e+01
2.120000e-06	1.788443e-06	3.777175e-10	9.608283e+00	4.363388e+01
2.130000e-06	1.848024e-06	3.976637e-10	9.928375e+00	4.624884e+01
2.140000e-06	1.907581e-06	4.168582e-10	1.024834e+01	4.882167e+01
2.150000e-06	1.967184e-06	4.372079e-10	1.056856e+01	5.135262e+01
2.160000e-06	2.026673e-06	4.583142e-10	1.088815e+01	5.384211e+01
2.170000e-06	2.086036e-06	4.785322e-10	1.120708e+01	5.629079e+01
2.180000e-06	2.145264e-06	4.981851e-10	1.152528e+01	5.869943e+01
2.190000e-06	2.204387e-06	5.177106e-10	1.184291e+01	6.106894e+01
2.200000e-06	2.263384e-06	5.361912e-10	1.215987e+01	6.340034e+01
2.210000e-06	2.322074e-06	5.538467e-10	1.247517e+01	6.569473e+01
2.220000e-06	2.380516e-06	5.711307e-10	1.278915e+01	6.795328e+01
2.230000e-06	2.438668e-06	5.885088e-10	1.310157e+01	7.017719e+01
2.240000e-06	2.496275e-06	6.071565e-10	1.341106e+01	7.236767e+01
2.250000e-06	2.553412e-06	6.251928e-10	1.371802e+01	7.452596e+01
2.260000e-06	2.610205e-06	6.411604e-10	1.402314e+01	7.665324e+01
2.270000e-06	2.666788e-06	6.557967e-10	1.432713e+01	7.875070e+01
2.280000e-06	2.723236e-06	6.700547e-10	1.463039e+01	8.081943e+01
2.290000e-06	2.779443e-06	6.845932e-10	1.493236e+01	8.286051e+01
2.300000e-06	2.835411e-06	6.999395e-10	1.523304e+01	8.487491e+01
2.310000e-06	2.891200e-06	7.164595e-10	1.553276e+01	8.686355e+01
2.320000e-06	2.946882e-06	7.336626e-10	1.583191e+01	8.882725e+01
2.330000e-06	3.002429e-06	7.502229e-10	1.613034e+01	9.076676e+01
2.340000e-06	3.057878e-06	7.651803e-10	1.642823e+01	9.268272e+01
2.350000e-06	3.113255e-06	7.780973e-10	1.672574e+01	9.457569e+01
2.360000e-06	3.168439e-06	7.899219e-10	1.702221e+01	9.644616e+01
2.370000e-06	3.223399e-06	8.016724e-10	1.731748e+01	9.829450e+01
2.380000e-06	3.278092e-06	8.149527e-10	1.761132e+01	1.001210e+02
2.390000e-06	3.332621e-06	8.309776e-10	1.790427e+01	1.019260e+02
2.400000e-06	3.387074e-06	8.472692e-10	1.819681e+01	1.037095e+02
2.410000e-06	3.441173e-06	8.625794e-10	1.848745e+01	1.054718e+02
2.420000e-06	3.494862e-06	8.771146e-10	1.877589e+01	1.072127e+02
2.430000e-06	3.548387e-06	8.906988e-10	1.906345e+01	1.089324e+02
2.440000e-06	3.601720e-06	9.041053e-10	1.934998e+01	1.106307e+02
2.450000e-06	3.654673e-06	9.173193e-10	1.963447e+01	1.123077e+02
2.460000e-06	3.707369e-06	9.301016e-10	1.991757e+01	1.139631e+02
2.470000e-06	3.759860e-06	9.425928e-10	2.019958e+01	1.155968e+02
2.480000e-06	3.812028e-06	9.549523e-10	2.047985e+01	1.172088e+02
2.490000e-06	3.863792e-06	9.675475e-10	2.075794e+01	1.187987e+02
2.500000e-06	3.915270e-06	9.806147e-10	2.103450e+01	1.203666e+02
2.510000e-06	3.966610e-06	9.933013e-10	2.131032e+01	1.219121e+02
2.520000e-06	4.017610e-06	1.004526e-09	2.158432e+01	1.234351e+02
2.530000e-06	4.068069e-06	1.015928e-09	2.185541e+01	1.249355e+02
2.540000e-06	4.118088e-06	1.027645e-09	2.212413e+01	1.264130e+02
2.550000e-06	4.167587e-06	1.038622e-09	2.239006e+01	1.278677e+02
2.560000e-06	4.216469e-06	1.049052e-09	2.265267e+01	1.292993e+02
2.570000e-06	4.265081e-06	1.059362e-09	2.291384e+01	1.307078e+02
2.580000e-06	4.313432e-06	1.070299e-09	2.317360e+01	1.320929e+02
2.590000e-06	4.361320e-06	1.082041e-09	2.343087e+01	1.334548e+02
2.600000e-06	4.408971e-06	1.093745e-09	2.368688e+01	1.347933e+02
2.610000e-06	4.456442e-06	1.104383e-09	2.394191e+01	1.361084e+02
2.620000e-06	4.503606e-06	1.113866e-09	2.419530e+01	1.374000e+02
2.630000e-06	4.550488e-06	1.123105e-09	2.444717e+01	1.386682e+02
2.640000e-06	4.597116e-06	1.133157e-09	2.469767e+01	1.399130e+02
2.650000e-06	4.643529e-06	1.143445e-09	2.494702e+01	1.411345e+02
2.660000e-06	4.689592e-06	1.152260e-09	2.519449e+01	1.423327e+02
2.670000e-06	4.735222e-06	1.159726e-09	2.543964e+01	1.435078e+02
2.680000e-06	4.780564e-06	1.168166e-09	2.568324e+01	1.446598e+02
2.690000e-06	4.825522e-06	1.177800e-09	2.592477e+01	1.457890e+02
2.700000e-06	4.870058e-06	1.186630e-09	2.616404e+01	1.468955e+02
2.710000e-06	4.914275e-06	1.195325e-09	2.640159e+01	1.479796e+02
2.720000e-06	4.958221e-06	1.205324e-09	2.663768e+01	1.490414e+02
2.730000e-06	5.001993e-06	1.215054e-09	2.687284e+01	1.500814e+02
2.740000e-06	5.045556e-06	1.223448e-09	2.710688e+01	1.510998e+02
2.750000e-06	5.088840e-06	1.231609e-09	2.733942e+01	1.520969e+02
2.760000e-06	5.131759e-06	1.240213e-09	2.757000e+01	1.530733e+02
2.770000e-06	5.174221e-06	1.248758e-09	2.779813e+01	1.540292e+02
2.780000e-06	5.216079e-06	1.257723e-09	2.802301e+01	1.549653e+02
2.790000e-06	5.257361e-06	1.267198e-09	2.824479e+01	1.558819e+02
2.800000e-06	5.298166e-06	1.275146e-09	2.846402e+01	1.567797e+02
2.810000e-06	5.338437e-06	1.281574e-09	2.868037e+01	1.576592e+02
2.820000e-06	5.378313e-06	1.287850e-09	2.889460e+01	1.585210e+02
2.830000e-06	5.417975e-06	1.295096e-09	2.910768e+01	1.593658e+02
2.840000e-06	5.457391e-06	1.303262e-09	2.931944e+01	1.601942e+02
2.850000e-06	5.496577e-06	1.310858e-09	2.952996e+01	1.610069e+02
2.860000e-06	5.535337e-06	1.317666e-09	2.973820e+01	1.618045e+02
2.870000e-06	5.573587e-06	1.324728e-09	2.994369e+01	1.625879e+02
2.880000e-06	5.611500e-06	1.332086e-09	3.014738e+01	1.633577e+02
2.890000e-06	5.649022e-06	1.338302e-09	3.034897e+01	1.641146e+02
2.900000e-06	5.686108e-06	1.343289e-09	3.054820e+01	1.648593e+02
2.910000e-06	5.722774e-06	1.348993e-09	3.074519e+01	1.655924e+02
2.920000e-06	5.759086e-06	1.356314e-09	3.094028e+01	1.663147e+02
2.930000e-06	5.795094e-06	1.364173e-09	3.113372e+01	1.670268e+02
2.940000e-06	5.830817e-06	1.370217e-09	3.132564e+01	1.677292e+02
2.950000e-06	5.866218e-06	1.374183e-09	3.151583e+01	1.684226e+02
2.960000e-06	5.901244e-06	1.378639e-09	3.170401e+01	1.691074e+02
2.970000e-06	5.935847e-06	1.384554e-09	3.188991e+01	1.697840e+02
2.980000e-06	5.969890e-06	1.390175e-09	3.207280e+01	1.704529e+02
2.990000e-06	6.003119e-06	1.395316e-09	3.225132e+01	1.711144e+02
3.000000e-06	6.035623e-06	1.401559e-09	3.242595e+01	1.717688e+02
3.010000e-06	6.067733e-06	1.408297e-09	3.259846e+01	1.724162e+02
3.020000e-06	6.099568e-06	1.414841e-09	3.276949e+01	1.730569e+02
3.030000e-06	6.131203e-06	1.421304e-09	3.293945e+01	1.736908e+02
3.040000e-06	6.162452e-06	1.426747e-09	3.310733e+01	1.743180e+02
3.050000e-06	6.193150e-06	1.432852e-09	3.327225e+01	1.749384e+02
3.060000e-06	6.223432e-06	1.441094e-09	3.343494e+01	1.755519e+02
3.070000e-06	6.253312e-06	1.448354e-09	3.359547e+01	1.761582e+02
3.080000e-06	6.282727e-06	1.453244e-09	3.375350e+01	1.767573e+02
3.090000e-06	6.311661e-06	1.458059e-09	3.390894e+01	1.773487e+02
3.100000e-06	6.340116e-06	1.463487e-09	3.406182e+01	1.779321e+02
3.110000e-06	6.368152e-06	1.468074e-09	3.421244e+01	1.785072e+02
3.120000e-06	6.396008e-06	1.472616e-09	3.436209e+01	1.790736e+02
3.130000e-06	6.423710e-06	1.478263e-09	3.451092e+01	1.796309e+02
3.140000e-06	6.451069e-06	1.483410e-09	3.465790e+01	1.801787e+02
3.150000e-06	6.477889e-06	1.487719e-09	3.480199e+01	1.807165e+02
3.160000e-06	6.503999e-06	1.492224e-09	3.494226e+01	1.812440e+02
3.170000e-06	6.529219e-06	1.496897e-09	3.507776e+01	1.817607e+02
3.180000e-06	6.553676e-06	1.501476e-09	3.520915e+01	1.822663e+02
3.190000e-06	6.577698e-06	1.505931e-09	3.533821e+01	1.827604e+02
3.200000e-06	6.601393e-06	1.510645e-09	3.546551e+01	1.832428e+02
3.210000e-06	6.624663e-06	1.515623e-09	3.559053e+01	1.837131e+02
3.220000e-06	6.647412e-06	1.520428e-09	3.571274e+01	1.841712e+02
3.230000e-06	6.669695e-06	1.524597e-09	3.583246e+01	1.846169e+02
3.240000e-06	6.691503e-06	1.528167e-09	3.594961e+01	1.850501e+02
3.250000e-06	6.712882e-06	1.531607e-09	3.606447e+01	1.854707e+02
3.260000e-06	6.733803e-06	1.536315e-09	3.617687e+01	1.858788e+02
3.270000e-06	6.754218e-06	1.541970e-09	3.628655e+01	1.862744e+02
3.280000e-06	6.774232e-06	1.546610e-09	3.639407e+01	1.866576e+02
3.290000e-06	6.794005e-06	1.550482e-09	3.650030e+01	1.870286e+02
3.300000e-06	6.813479e-06	1.553676e-09	3.660492e+01	1.873877e+02
3.310000e-06	6.832482e-06	1.556458e-09	3.670702e+01	1.877350e+02
3.320000e-06	6.850931e-06	1.559964e-09	3.680613e+01	1.880710e+02
3.330000e-06	6.868764e-06	1.563727e-09	3.690194e+01	1.883960e+02
3.340000e-06	6.886023e-06	1.567858e-09	3.699466e+01	1.887102e+02
3.350000e-06	6.902874e-06	1.572292e-09	3.708519e+01	1.890143e+02
3.360000e-06	6.919422e-06	1.575378e-09	3.717409e+01	1.893084e+02
3.370000e-06	6.935421e-06	1.578068e-09	3.726005e+01	1.895932e+02
3.380000e-06	6.950784e-06	1.581491e-09	3.734259e+01	1.898689e+02
3.390000e-06	6.965545e-06	1.585213e-09	3.742189e+01	1.901359e+02
3.400000e-06	6.979604e-06	1.589490e-09	3.749742e+01	1.903948e+02
3.410000e-06	6.993136e-06	1.594163e-09	3.757012e+01	1.906457e+02
3.420000e-06	7.006250e-06	1.597428e-09	3.764057e+01	1.908891e+02
3.430000e-06	7.018777e-06	1.598660e-09	3.770787e+01	1.911252e+02
3.440000e-06	7.030849e-06	1.600143e-09	3.777273e+01	1.913544e+02
3.450000e-06	7.042564e-06	1.603623e-09	3.783567e+01	1.915767e+02
3.460000e-06	7.053745e-06	1.607845e-09	3.789574e+01	1.917924e+02
3.470000e-06	7.064229e-06	1.611162e-09	3.795206e+01	1.920016e+02
3.480000e-06	7.073750e-06	1.613080e-09	3.800321e+01	1.922043e+02
3.490000e-06	7.082517e-06	1.614438e-09	3.805031e+01	1.924006e+02
3.500000e-06	7.090808e-06	1.616923e-09	3.809485e+01	1.925904e+02
3.510000e-06	7.098649e-06	1.619693e-09	3.813698e+01	1.927736e+02
3.520000e-06	7.106168e-06	1.622048e-09	3.817738e+01	1.929501e+02
3.530000e-06	7.113330e-06	1.624626e-09	3.821585e+01	1.931197e+02
3.540000e-06	7.119873e-06	1.627938e-09	3.825100e+01	1.932823e+02
3.550000e-06	7.125834e-06	1.631444e-09	3.828303e+01	1.934375e+02
3.560000e-06	7.131331e-06	1.634309e-09	3.831256e+01	1.935851e+02
3.570000e-06	7.136250e-06	1.635964e-09	3.833899e+01	1.937249e+02
3.580000e-06	7.140573e-06	1.636500e-09	3.836222e+01	1.938566e+02
3.590000e-06	7.144570e-06	1.637888e-09	3.838369e+01	1.939799e+02
3.600000e-06	7.148386e-06	1.640637e-09	3.840419e+01	1.940944e+02
3.610000e-06	7.151850e-06	1.642883e-09	3.842280e+01	1.942000e+02
3.620000e-06	7.154737e-06	1.644422e-09	3.843831e+01	1.942964e+02
3.630000e-06	7.156827e-06	1.645455e-09	3.844954e+01	1.943834e+02
3.640000e-06	7.158133e-06	1.645073e-09	3.845656e+01	1.944607e+02
3.650000e-06	7.158710e-06	1.645134e-09	3.845965e+01	1.945282e+02
3.660000e-06	7.158775e-06	1.646955e-09	3.846000e+01	1.945859e+02
3.670000e-06	7.158556e-06	1.648745e-09	3.845883e+01	1.946336e+02
3.680000e-06	7.157956e-06	1.649100e-09	3.845560e+01	1.946714e+02
3.690000e-06	7.156913e-06	1.649238e-09	3.845000e+01	1.946991e+02
3.700000e-06	7.155381e-06	1.650403e-09	3.844177e+01	1.947171e+02
3.710000e-06	7.153372e-06	1.651833e-09	3.843098e+01	1.947253e+02
3.720000e-06	7.150946e-06	1.652752e-09	3.841794e+01	1.947239e+02
3.730000e-06	7.148088e-06	1.650268e-09	3.840259e+01	1.947132e+02
3.740000e-06	7.144779e-06	1.635617e-09	3.838481e+01	1.946935e+02
3.750000e-06	7.141029e-06	1.636998e-09	3.836466e+01	1.946650e+02
3.760000e-06	7.136660e-06	1.700918e-09	3.834119e+01	1.946280e+02
3.770000e-06	7.131152e-06	1.728257e-09	3.831160e+01	1.945830e+02
3.780000e-06	7.124787e-06	1.617832e-09	3.827741e+01	1.945304e+02
3.790000e-06	7.118271e-06	1.554642e-09	3.824240e+01	1.944704e+02
3.800000e-06	7.111646e-06	1.667308e-09	3.820680e+01	1.944035e+02
3.810000e-06	7.104439e-06	1.747444e-09	3.816809e+01	1.943302e+02
3.820000e-06	7.096498e-06	1.621046e-09	3.812543e+01	1.942508e+02
3.830000e-06	7.088198e-06	1.536277e-09	3.808083e+01	1.941656e+02
3.840000e-06	7.079712e-06	1.706116e-09	3.803524e+01	1.940751e+02
3.850000e-06	7.070626e-06	1.798718e-09	3.798643e+01	1.939795e+02
3.860000e-06	7.060844e-06	1.593280e-09	3.793388e+01	1.938791e+02
3.870000e-06	7.050700e-06	1.481961e-09	3.787938e+01	1.937741e+02
3.880000e-06	7.040247e-06	1.695440e-09	3.782322e+01	1.936648e+02
3.890000e-06	7.029160e-06	1.792068e-09	3.776366e+01	1.935513e+02
3.900000e-06	7.017349e-06	1.587476e-09	3.770020e+01	1.934336e+02
3.910000e-06	7.005111e-06	1.542299e-09	3.763445e+01	1.933118e+02
3.920000e-06	6.992447e-06	1.747565e-09	3.756642e+01	1.931859e+02
3.930000e-06	6.978935e-06	1.728829e-09	3.749382e+01	1.930557e+02
3.940000e-06	6.964392e-06	1.531041e-09	3.741569e+01	1.929211e+02
3.950000e-06	6.949137e-06	1.607991e-09	3.733374e+01	1.927819e+02
3.960000e-06	6.933339e-06	1.774588e-09	3.724886e+01	1.926380e+02
3.970000e-06	6.917151e-06	1.656859e-09	3.716189e+01	1.924889e+02
3.980000e-06	6.900735e-06	1.560759e-09	3.707370e+01	1.923343e+02
3.990000e-06	6.883993e-06	1.714739e-09	3.698376e+01	1.921740e+02
4.000000e-06	6.866611e-06	1.719193e-09	3.689037e+01	1.920075e+02
4.010000e-06	6.848722e-06	1.546589e-09	3.679426e+01	1.918344e+02
4.020000e-06	6.830490e-06	1.618945e-09	3.669631e+01	1.916542e+02
4.030000e-06	6.811714e-06	1.768741e-09	3.659544e+01	1.914667e+02
4.040000e-06	6.792373e-06	1.648979e-09	3.649154e+01	1.912713e+02
4.050000e-06	6.772572e-06	1.568286e-09	3.638515e+01	1.910677e+02
4.060000e-06	6.752464e-06	1.707990e-09	3.627713e+01	1.908555e+02
4.070000e-06	6.732190e-06	1.700890e-09	3.616821e+01	1.906343e+02
4.080000e-06	6.711525e-06	1.570136e-09	3.605718e+01	1.904039e+02
4.090000e-06	6.690293e-06	1.641264e-09	3.594312e+01	1.901640e+02
4.100000e-06	6.668224e-06	1.715859e-09	3.582455e+01	1.899143e+02
4.110000e-06	6.645258e-06	1.617046e-09	3.570117e+01	1.896548e+02
4.120000e-06	6.621697e-06	1.614486e-09	3.557459e+01	1.893852e+02
4.130000e-06	6.597701e-06	1.696122e-09	3.544567e+01	1.891055e+02
4.140000e-06	6.573425e-06	1.631115e-09	3.531525e+01	1.888158e+02
4.150000e-06	6.548835e-06	1.585852e-09	3.518314e+01	1.885161e+02
4.160000e-06	6.523784e-06	1.669611e-09	3.504856e+01	1.882065e+02
4.170000e-06	6.498181e-06	1.664054e-09	3.491101e+01	1.878872e+02
4.180000e-06	6.472150e-06	1.599411e-09	3.477116e+01	1.875584e+02
4.190000e-06	6.445666e-06	1.638068e-09	3.462888e+01	1.872204e+02
4.200000e-06	6.418644e-06	1.654408e-09	3.448370e+01	1.868735e+02
4.210000e-06	6.391059e-06	1.600126e-09	3.433550e+01	1.865180e+02
4.220000e-06	6.363073e-06	1.613701e-09	3.418515e+01	1.861544e+02
4.230000e-06	6.334911e-06	1.643650e-09	3.403385e+01	1.857829e+02
4.240000e-06	6.306530e-06	1.610436e-09	3.388138e+01	1.854040e+02
4.250000e-06	6.277721e-06	1.605097e-09	3.372660e+01	1.850180e+02
4.260000e-06	6.248237e-06	1.630540e-09	3.356820e+01	1.846254e+02
4.270000e-06	6.217866e-06	1.611763e-09	3.340504e+01	1.842265e+02
4.280000e-06	6.186751e-06	1.593850e-09	3.323787e+01	1.838217e+02
4.290000e-06	6.155181e-06	1.606880e-09	3.306827e+01	1.834112e+02
4.300000e-06	6.123220e-06	1.606553e-09	3.289656e+01	1.829953e+02
4.310000e-06	6.090898e-06	1.596989e-09	3.272291e+01	1.825742e+02
4.320000e-06	6.058222e-06	1.598367e-09	3.254736e+01	1.821480e+02
4.330000e-06	6.025127e-06	1.595765e-09	3.236956e+01	1.817169e+02
4.340000e-06	5.991673e-06	1.589255e-09	3.218983e+01	1.812809e+02
4.350000e-06	5.957926e-06	1.588294e-09	3.200853e+01	1.808399e+02
4.360000e-06	5.923780e-06	1.589832e-09	3.182508e+01	1.803939e+02
4.370000e-06	5.889073e-06	1.589004e-09	3.163862e+01	1.799426e+02
4.380000e-06	5.853772e-06	1.583289e-09	3.144897e+01	1.794859e+02
4.390000e-06	5.818075e-06	1.577307e-09	3.125719e+01	1.790234e+02
4.400000e-06	5.782074e-06	1.576766e-09	3.106378e+01	1.785548e+02
4.410000e-06	5.745905e-06	1.574066e-09	3.086946e+01	1.780796e+02
4.420000e-06	5.709637e-06	1.566290e-09	3.067461e+01	1.775975e+02
4.430000e-06	5.673100e-06	1.561404e-09	3.047832e+01	1.771080e+02
4.440000e-06	5.636165e-06	1.560895e-09	3.027989e+01	1.766104e+02
4.450000e-06	5.598620e-06	1.560544e-09	3.007818e+01	1.761044e+02
4.460000e-06	5.560162e-06	1.556251e-09	2.987157e+01	1.755894e+02
4.470000e-06	5.520910e-06	1.548930e-09	2.966069e+01	1.750647e+02
4.480000e-06	5.481220e-06	1.544123e-09	2.944746e+01	1.745300e+02
4.490000e-06	5.441261e-06	1.542629e-09	2.923278e+01	1.739846e+02
4.500000e-06	5.401009e-06	1.540192e-09	2.901653e+01	1.734281e+02
4.510000e-06	5.360415e-06	1.536210e-09	2.879844e+01	1.728600e+02
4.520000e-06	5.319467e-06	1.531037e-09	2.857845e+01	1.722800e+02
4.530000e-06	5.278202e-06	1.524678e-09	2.835676e+01	1.716878e+02
4.540000e-06	5.236639e-06	1.520432e-09	2.813347e+01	1.710829e+02
4.550000e-06	5.194758e-06	1.518341e-09	2.790846e+01	1.704653e+02
4.560000e-06	5.152525e-06	1.513226e-09	2.768157e+01	1.698347e+02
4.570000e-06	5.109927e-06	1.505542e-09	2.745271e+01	1.691911e+02
4.580000e-06	5.066863e-06	1.499270e-09	2.722136e+01	1.685345e+02
4.590000e-06	5.023427e-06	1.495701e-09	2.698800e+01	1.678649e+02
4.600000e-06	4.979680e-06	1.491156e-09	2.675297e+01	1.671825e+02
4.610000e-06	4.935694e-06	1.484688e-09	2.651666e+01	1.664875e+02
4.620000e-06	4.891572e-06	1.480448e-09	2.627962e+01	1.657801e+02
4.630000e-06	4.847203e-06	1.478623e-09	2.604125e+01	1.650606e+02
4.640000e-06	4.802502e-06	1.475303e-09	2.580110e+01	1.643293e+02
4.650000e-06	4.757546e-06	1.468414e-09	2.555957e+01	1.635866e+02
4.660000e-06	4.712216e-06	1.458773e-09	2.531604e+01	1.628330e+02
4.670000e-06	4.666382e-06	1.449682e-09	2.506980e+01	1.620688e+02
4.680000e-06	4.620137e-06	1.442596e-09	2.482135e+01	1.612945e+02
4.690000e-06	4.573591e-06	1.437322e-09	2.457129e+01	1.605103e+02
4.700000e-06	4.526776e-06	1.432773e-09	2.431978e+01	1.597168e+02
4.710000e-06	4.479669e-06	1.426962e-09	2.406670e+01	1.589142e+02
4.720000e-06	4.432437e-06	1.419446e-09	2.381295e+01	1.581029e+02
4.730000e-06	4.384789e-06	1.410691e-09	2.355696e+01	1.572830e+02
4.740000e-06	4.336652e-06	1.403040e-09	2.329835e+01	1.564548e+02
4.750000e-06	4.288227e-06	1.396347e-09	2.303819e+01	1.556184e+02
4.760000e-06	4.239281e-06	1.388959e-09	2.277523e+01	1.547738e+02
4.770000e-06	4.189883e-06	1.383024e-09	2.250984e+01	1.539209e+02
4.780000e-06	4.140170e-06	1.379211e-09	2.224276e+01	1.530597e+02
4.790000e-06	4.090155e-06	1.373287e-09	2.197406e+01	1.521900e+02
4.800000e-06	4.039966e-06	1.365101e-09	2.170443e+01	1.513113e+02
4.810000e-06	3.989584e-06	1.357050e-09	2.143375e+01	1.504235e+02
4.820000e-06	3.938931e-06	1.350255e-09	2.116162e+01	1.495259e+02
4.830000e-06	3.887806e-06	1.343676e-09	2.088696e+01	1.486182e+02
4.840000e-06	3.836286e-06	1.335826e-09	2.061017e+01	1.476997e+02
4.850000e-06	3.784554e-06	1.326269e-09	2.033225e+01	1.467698e+02
4.860000e-06	3.732637e-06	1.317034e-09	2.005332e+01	1.458278e+02
4.870000e-06	3.680460e-06	1.309046e-09	1.977301e+01	1.448731e+02
4.880000e-06	3.627884e-06	1.301153e-09	1.949054e+01	1.439049e+02
4.890000e-06	3.575018e-06	1.293027e-09	1.920653e+01	1.429226e+02
4.900000e-06	3.521771e-06	1.284135e-09	1.892046e+01	1.419254e+02
4.910000e-06	3.468128e-06	1.275876e-09	1.863227e+01	1.409127e+02
4.920000e-06	3.414223e-06	1.267989e-09	1.834267e+01	1.398839e+02
4.930000e-06	3.359877e-06	1.258835e-09	1.805070e+01	1.388383e+02
4.940000e-06	3.305052e-06	1.248624e-09	1.775615e+01	1.377755e+02
4.950000e-06	3.249784e-06	1.237786e-09	1.745923e+01	1.366950e+02
4.960000e-06	3.194156e-06	1.227443e-09	1.716037e+01	1.355965e+02
4.970000e-06	3.138439e-06	1.218802e-09	1.686104e+01	1.344796e+02
4.980000e-06	3.082610e-06	1.210056e-09	1.656110e+01	1.333443e+02
4.990000e-06	3.026657e-06	1.199834e-09	1.626050e+01	1.321904e+02
5.000000e-06	2.970573e-06	1.187886e-09	1.595919e+01	1.310180e+02
5.010000e-06	2.914176e-06	1.175403e-09	1.565620e+01	1.298271e+02
5.020000e-06	2.857545e-06	1.164508e-09	1.535195e+01	1.286180e+02
5.030000e-06	2.800792e-06	1.154669e-09	1.504705e+01	1.273910e+02
5.040000e-06	2.743928e-06	1.144379e-09	1.474155e+01	1.261464e+02
5.050000e-06	2.686978e-06	1.134169e-09	1.443559e+01	1.248846e+02
5.060000e-06	2.629858e-06	1.123232e-09	1.412872e+01	1.236061e+02
5.070000e-06	2.572502e-06	1.111198e-09	1.382058e+01	1.223113e+02
5.080000e-06	2.514980e-06	1.098924e-09	1.351155e+01	1.210009e+02
5.090000e-06	2.457243e-06	1.086605e-09	1.320136e+01	1.196752e+02
5.100000e-06	2.399297e-06	1.074548e-09	1.289005e+01	1.183348e+02
5.110000e-06	2.341255e-06	1.063196e-09	1.257822e+01	1.169800e+02
5.120000e-06	2.283082e-06	1.051773e-09	1.226569e+01	1.156113e+02
5.130000e-06	2.224718e-06	1.039718e-09	1.195213e+01	1.142288e+02
5.140000e-06	2.166149e-06	1.027309e-09	1.163748e+01	1.128328e+02
5.150000e-06	2.107448e-06	1.014214e-09	1.132211e+01	1.114231e+02
5.160000e-06	2.048589e-06	9.998945e-10	1.100589e+01	1.099998e+02
5.170000e-06	1.989486e-06	9.859792e-10	1.068837e+01	1.085626e+02
5.180000e-06	1.930119e-06	9.745908e-10	1.036943e+01	1.071108e+02
5.190000e-06	1.870612e-06	9.630067e-10	1.004973e+01	1.056440e+02
5.200000e-06	1.811048e-06	9.484457e-10	9.729725e+00	1.041612e+02
5.210000e-06	1.751392e-06	9.318720e-10	9.409226e+00	1.026614e+02
5.220000e-06	1.691670e-06	9.157576e-10	9.088373e+00	1.011433e+02
5.230000e-06	1.631852e-06	9.008753e-10	8.767007e+00	9.960550e+01
5.240000e-06	1.571935e-06	8.871789e-10	8.445106e+00	9.804637e+01
5.250000e-06	1.511935e-06	8.743095e-10	8.122764e+00	9.646408e+01
5.260000e-06	1.451839e-06	8.604151e-10	7.799902e+00	9.485662e+01
5.270000e-06	1.391680e-06	8.454048e-10	7.476699e+00	9.322187e+01
5.280000e-06	1.331506e-06	8.301595e-10	7.153422e+00	9.155755e+01
5.290000e-06	1.271313e-06	8.134044e-10	6.830038e+00	8.986130e+01
5.300000e-06	1.211065e-06	7.946163e-10	6.506359e+00	8.813067e+01
5.310000e-06	1.150710e-06	7.753941e-10	6.182108e+00	8.636316e+01
5.320000e-06	1.090351e-06	7.581784e-10	5.857832e+00	8.455625e+01
5.330000e-06	1.029994e-06	7.443137e-10	5.533567e+00	8.270747e+01
5.340000e-06	9.696120e-07	7.307195e-10	5.209171e+00	8.081436e+01
5.350000e-06	9.092315e-07	7.131880e-10	4.884780e+00	7.887457e+01
5.360000e-06	8.487110e-07	6.930016e-10	4.559639e+00	7.688589e+01
5.370000e-06	7.881255e-07	6.732433e-10	4.234147e+00	7.484623e+01
5.380000e-06	7.276329e-07	6.540752e-10	3.909155e+00	7.275374e+01
5.390000e-06	6.671669e-07	6.339410e-10	3.584306e+00	7.060676e+01
5.400000e-06	6.065452e-07	6.129299e-10	3.258620e+00	6.840391e+01
5.410000e-06	5.457678e-07	5.930154e-10	2.932098e+00	6.614409e+01
5.420000e-06	4.849421e-07	5.742614e-10	2.605317e+00	6.382651e+01
5.430000e-06	4.239998e-07	5.550893e-10	2.277908e+00	6.145072e+01
5.440000e-06	3.630844e-07	5.335859e-10	1.950645e+00	5.901662e+01
5.450000e-06	3.022622e-07	5.098466e-10	1.623882e+00	5.652446e+01
5.460000e-06	2.413836e-07	4.859132e-10	1.296816e+00	5.397491e+01
5.470000e-06	1.804306e-07	4.628117e-10	9.693505e-01	5.136896e+01
5.480000e-06	1.194743e-07	4.395915e-10	6.418670e-01	4.870804e+01
5.490000e-06	5.861677e-08	4.152360e-10	3.149143e-01	4.599391e+01
5.500000e-06	-2.266313e-09	3.892155e-10	-1.217560e-02	4.322873e+01
5.510000e-06	-6.316847e-08	3.627959e-10	-3.393681e-01	4.041500e+01
5.520000e-06	-1.239360e-07	3.383305e-10	-6.658371e-01	3.755556e+01
5.530000e-06	-1.848115e-07	3.143137e-10	-9.928862e-01	3.465356e+01
5.540000e-06	-2.458814e-07	2.894342e-10	-1.320980e+00	3.171243e+01
5.550000e-06	-3.068645e-07	2.641099e-10	-1.648608e+00	2.873589e+01
5.560000e-06	-3.677637e-07	2.381508e-10	-1.975784e+00	2.572786e+01
5.570000e-06	-4.286016e-07	2.121013e-10	-2.302631e+00	2.269244e+01
5.580000e-06	-4.893409e-07	1.852878e-10	-2.628949e+00	1.963392e+01
5.590000e-06	-5.499328e-07	1.577119e-10	-2.954474e+00	1.655668e+01
5.600000e-06	-6.105035e-07	1.307994e-10	-3.279886e+00	1.346518e+01
5.610000e-06	-6.712632e-07	1.043222e-10	-3.606313e+00	1.036392e+01
5.620000e-06	-7.319583e-07	7.843582e-11	-3.932393e+00	7.257386e+00
5.630000e-06	-7.924707e-07	5.184485e-11	-4.257491e+00	4.150038e+00
5.640000e-06	-8.530029e-07	2.330377e-11	-4.582696e+00	1.046241e+00
5.650000e-06	-9.135059e-07	-5.180422e-12	-4.907744e+00	-2.049752e+00
5.660000e-06	-9.738792e-07	-3.199655e-11	-5.232096e+00	-5.133844e+00
5.670000e-06	-1.034154e-06	-5.728147e-11	-5.555918e+00	-8.202117e+00
5.680000e-06	-1.094422e-06	-8.206171e-11	-5.879703e+00	-1.125087e+01
5.690000e-06	-1.154732e-06	-1.085620e-10	-6.203712e+00	-1.427662e+01
5.700000e-06	-1.214976e-06	-1.359603e-10	-6.527372e+00	-1.727617e+01
5.710000e-06	-1.275114e-06	-1.618462e-10	-6.850458e+00	-2.024659e+01
5.720000e-06	-1.335220e-06	-1.869958e-10	-7.173372e+00	-2.318522e+01
5.730000e-06	-1.395350e-06	-2.113305e-10	-7.496420e+00	-2.608973e+01
5.740000e-06	-1.455398e-06	-2.348878e-10	-7.819023e+00	-2.895807e+01
5.750000e-06	-1.515338e-06	-2.595532e-10	-8.141046e+00	-3.178851e+01
5.760000e-06	-1.575212e-06	-2.849886e-10	-8.462713e+00	-3.457963e+01
5.770000e-06	-1.634915e-06	-3.097170e-10	-8.783464e+00	-3.733031e+01
5.780000e-06	-1.694445e-06	-3.346637e-10	-9.103285e+00	-4.003971e+01
5.790000e-06	-1.754018e-06	-3.608738e-10	-9.423337e+00	-4.270727e+01
5.800000e-06	-1.813660e-06	-3.866423e-10	-9.743757e+00	-4.533272e+01
5.810000e-06	-1.873140e-06	-4.102158e-10	-1.006331e+01	-4.791601e+01
5.820000e-06	-1.932340e-06	-4.326750e-10	-1.038136e+01	-5.045734e+01
5.830000e-06	-1.991312e-06	-4.559112e-10	-1.069818e+01	-5.295709e+01
5.840000e-06	-2.050214e-06	-4.800319e-10	-1.101463e+01	-5.541584e+01
5.850000e-06	-2.109025e-06	-5.025919e-10	-1.133059e+01	-5.783435e+01
5.860000e-06	-2.167611e-06	-5.230672e-10	-1.164534e+01	-6.021349e+01
5.870000e-06	-2.226003e-06	-5.441932e-10	-1.195904e+01	-6.255426e+01
5.880000e-06	-2.284292e-06	-5.665086e-10	-1.227220e+01	-6.485774e+01
5.890000e-06	-2.342385e-06	-5.887229e-10	-1.258429e+01	-6.712508e+01
5.900000e-06	-2.400263e-06	-6.102191e-10	-1.289524e+01	-6.935747e+01
5.910000e-06	-2.458004e-06	-6.309392e-10	-1.320545e+01	-7.155614e+01
5.920000e-06	-2.515603e-06	-6.513309e-10	-1.351489e+01	-7.372231e+01
5.930000e-06	-2.572964e-06	-6.721858e-10	-1.382306e+01	-7.585717e+01
5.940000e-06	-2.629956e-06	-6.932282e-10	-1.412925e+01	-7.796192e+01
5.950000e-06	-2.686757e-06	-7.133296e-10	-1.443441e+01	-8.003767e+01
5.960000e-06	-2.743399e-06	-7.325980e-10	-1.473871e+01	-8.208551e+01
5.970000e-06	-2.799849e-06	-7.517021e-10	-1.504199e+01	-8.410644e+01
5.980000e-06	-2.856166e-06	-7.705876e-10	-1.534454e+01	-8.610138e+01
5.990000e-06	-2.912375e-06	-7.888650e-10	-1.564652e+01	-8.807118e+01
6.000000e-06	-2.968482e-06	-8.060129e-10	-1.594796e+01	-9.001662e+01
6.010000e-06	-3.024405e-06	-8.221288e-10	-1.624840e+01	-9.193835e+01
6.020000e-06	-3.080249e-06	-8.385260e-10	-1.654841e+01	-9.383696e+01
6.030000e-06	-3.136001e-06	-8.562763e-10	-1.684794e+01	-9.571296e+01
6.040000e-06	-3.191466e-06	-8.742158e-10	-1.714592e+01	-9.756674e+01
6.050000e-06	-3.246454e-06	-8.909235e-10	-1.744134e+01	-9.939865e+01
6.060000e-06	-3.301078e-06	-9.070522e-10	-1.773480e+01	-1.012089e+02
6.070000e-06	-3.355364e-06	-9.236845e-10	-1.802645e+01	-1.029977e+02
6.080000e-06	-3.409155e-06	-9.411355e-10	-1.831544e+01	-1.047652e+02
6.090000e-06	-3.462568e-06	-9.589208e-10	-1.860240e+01	-1.065115e+02
6.100000e-06	-3.515605e-06	-9.752043e-10	-1.888733e+01	-1.082364e+02
6.110000e-06	-3.568298e-06	-9.893626e-10	-1.917042e+01	-1.099400e+02
6.120000e-06	-3.620768e-06	-1.003360e-09	-1.945231e+01	-1.116223e+02
6.130000e-06	-3.673016e-06	-1.018077e-09	-1.973301e+01	-1.132830e+02
6.140000e-06	-3.725024e-06	-1.033656e-09	-2.001242e+01	-1.149221e+02
6.150000e-06	-3.776812e-06	-1.049894e-09	-2.029065e+01	-1.165395e+02
6.160000e-06	-3.828331e-06	-1.065299e-09	-2.056743e+01	-1.181349e+02
6.170000e-06	-3.879548e-06	-1.080571e-09	-2.084259e+01	-1.197082e+02
6.180000e-06	-3.930539e-06	-1.096390e-09	-2.111654e+01	-1.212592e+02
6.190000e-06	-3.981294e-06	-1.110485e-09	-2.138921e+01	-1.227878e+02
6.200000e-06	-4.031682e-06	-1.121916e-09	-2.165992e+01	-1.242938e+02
6.210000e-06	-4.081639e-06	-1.133190e-09	-2.192831e+01	-1.257771e+02
6.220000e-06	-4.131246e-06	-1.145794e-09	-2.219482e+01	-1.272374e+02
6.230000e-06	-4.180416e-06	-1.158345e-09	-2.245898e+01	-1.286747e+02
6.240000e-06	-4.229118e-06	-1.171458e-09	-2.272063e+01	-1.300889e+02
6.250000e-06	-4.277361e-06	-1.185637e-09	-2.297981e+01	-1.314799e+02
6.260000e-06	-4.325125e-06	-1.200047e-09	-2.323642e+01	-1.328475e+02
6.270000e-06	-4.372606e-06	-1.214200e-09	-2.349151e+01	-1.341918e+02
6.280000e-06	-4.419826e-06	-1.227220e-09	-2.374520e+01	-1.355127e+02
6.290000e-06	-4.466702e-06	-1.238339e-09	-2.399703e+01	-1.368101e+02
6.300000e-06	-4.513324e-06	-1.247262e-09	-2.424751e+01	-1.380841e+02
6.310000e-06	-4.559814e-06	-1.255961e-09	-2.449727e+01	-1.393347e+02
6.320000e-06	-4.606025e-06	-1.266698e-09	-2.474554e+01	-1.405620e+02
6.330000e-06	-4.651823e-06	-1.278615e-09	-2.499159e+01	-1.417659e+02
6.340000e-06	-4.697400e-06	-1.290996e-09	-2.523644e+01	-1.429467e+02
6.350000e-06	-4.742670e-06	-1.303523e-09	-2.547965e+01	-1.441044e+02
6.360000e-06	-4.787424e-06	-1.314706e-09	-2.572009e+01	-1.452392e+02
6.370000e-06	-4.831826e-06	-1.324731e-09	-2.595864e+01	-1.463513e+02
6.380000e-06	-4.876026e-06	-1.334501e-09	-2.619610e+01	-1.474409e+02
6.390000e-06	-4.920052e-06	-1.343097e-09	-2.643262e+01	-1.485083e+02
6.400000e-06	-4.963878e-06	-1.349718e-09	-2.666808e+01	-1.495536e+02
6.410000e-06	-5.007467e-06	-1.357182e-09	-2.690226e+01	-1.505773e+02
6.420000e-06	-5.050695e-06	-1.367447e-09	-2.713449e+01	-1.515797e+02
6.430000e-06	-5.093535e-06	-1.377567e-09	-2.736465e+01	-1.525611e+02
6.440000e-06	-5.136071e-06	-1.384925e-09	-2.759317e+01	-1.535221e+02
6.450000e-06	-5.178247e-06	-1.391688e-09	-2.781976e+01	-1.544630e+02
6.460000e-06	-5.219985e-06	-1.400959e-09	-2.804399e+01	-1.553844e+02
6.470000e-06	-5.261305e-06	-1.411245e-09	-2.826598e+01	-1.562867e+02
6.480000e-06	-5.302240e-06	-1.419415e-09	-2.848590e+01	-1.571707e+02
6.490000e-06	-5.342807e-06	-1.425786e-09	-2.870385e+01	-1.580368e+02
6.500000e-06	-5.383150e-06	-1.431800e-09	-2.892058e+01	-1.588857e+02
6.510000e-06	-5.423274e-06	-1.438250e-09	-2.913615e+01	-1.597181e+02
6.520000e-06	-5.463154e-06	-1.444796e-09	-2.935040e+01	-1.605346e+02
6.530000e-06	-5.502723e-06	-1.451065e-09	-2.956298e+01	-1.613359e+02
6.540000e-06	-5.541810e-06	-1.457934e-09	-2.977297e+01	-1.621227e+02
6.550000e-06	-5.580238e-06	-1.465496e-09	-2.997943e+01	-1.628958e+02
6.560000e-06	-5.617910e-06	-1.473770e-09	-3.018182e+01	-1.636558e+02
6.570000e-06	-5.654962e-06	-1.481242e-09	-3.038088e+01	-1.644034e+02
6.580000e-06	-5.691561e-06	-1.486536e-09	-3.057750e+01	-1.651393e+02
6.590000e-06	-5.727882e-06	-1.491472e-09	-3.077263e+01	-1.658642e+02
6.600000e-06	-5.763983e-06	-1.496856e-09	-3.096658e+01	-1.665787e+02
6.610000e-06	-5.799806e-06	-1.502071e-09	-3.115904e+01	-1.672835e+02
6.620000e-06	-5.835281e-06	-1.507111e-09	-3.134963e+01	-1.679790e+02
6.630000e-06	-5.870305e-06	-1.511388e-09	-3.153779e+01	-1.686658e+02
6.640000e-06	-5.904848e-06	-1.515923e-09	-3.172337e+01	-1.693444e+02
6.650000e-06	-5.938947e-06	-1.521802e-09	-3.190656e+01	-1.700151e+02
6.660000e-06	-5.972766e-06	-1.528139e-09	-3.208825e+01	-1.706784e+02
6.670000e-06	-6.006170e-06	-1.533045e-09	-3.226772e+01	-1.713345e+02
6.680000e-06	-6.038999e-06	-1.536453e-09	-3.244409e+01	-1.719836e+02
6.690000e-06	-6.071485e-06	-1.541010e-09	-3.261862e+01	-1.726259e+02
6.700000e-06	-6.103718e-06	-1.546910e-09	-3.279179e+01	-1.732614e+02
6.710000e-06	-6.135661e-06	-1.552230e-09	-3.296340e+01	-1.738902e+02
6.720000e-06	-6.167240e-06	-1.556528e-09	-3.313305e+01	-1.745123e+02
6.730000e-06	-6.198234e-06	-1.560634e-09	-3.329957e+01	-1.751274e+02
6.740000e-06	-6.228509e-06	-1.565761e-09	-3.346221e+01	-1.757355e+02
6.750000e-06	-6.257983e-06	-1.571863e-09	-3.362056e+01	-1.763364e+02
6.760000e-06	-6.286791e-06	-1.577170e-09	-3.377533e+01	-1.769296e+02
6.770000e-06	-6.315238e-06	-1.580465e-09	-3.392816e+01	-1.775150e+02
6.780000e-06	-6.343364e-06	-1.583153e-09	-3.407926e+01	-1.780922e+02
6.790000e-06	-6.371164e-06	-1.585911e-09	-3.422862e+01	-1.786608e+02
6.800000e-06	-6.398581e-06	-1.589069e-09	-3.437592e+01	-1.792203e+02
6.810000e-06	-6.425585e-06	-1.592705e-09	-3.452099e+01	-1.797705e+02
6.820000e-06	-6.452226e-06	-1.596744e-09	-3.466412e+01	-1.803107e+02
6.830000e-06	-6.478387e-06	-1.602215e-09	-3.480467e+01	-1.808408e+02
6.840000e-06	-6.503972e-06	-1.607339e-09	-3.494212e+01	-1.813602e+02
6.850000e-06	-6.529001e-06	-1.610595e-09	-3.507659e+01	-1.818685e+02
6.860000e-06	-6.553503e-06	-1.613116e-09	-3.520822e+01	-1.823655e+02
6.870000e-06	-6.577666e-06	-1.616258e-09	-3.533804e+01	-1.828508e+02
6.880000e-06	-6.601633e-06	-1.620740e-09	-3.546680e+01	-1.833241e+02
6.890000e-06	-6.625334e-06	-1.624593e-09	-3.559413e+01	-1.837852e+02
6.900000e-06	-6.648559e-06	-1.627146e-09	-3.571890e+01	-1.842340e+02
6.910000e-06	-6.671035e-06	-1.629311e-09	-3.583965e+01	-1.846702e+02
6.920000e-06	-6.692736e-06	-1.631276e-09	-3.595624e+01	-1.850939e+02
6.930000e-06	-6.713738e-06	-1.634614e-09	-3.606907e+01	-1.855051e+02
6.940000e-06	-6.734207e-06	-1.638636e-09	-3.617904e+01	-1.859037e+02
6.950000e-06	-6.754355e-06	-1.642511e-09	-3.628728e+01	-1.862899e+02
6.960000e-06	-6.774233e-06	-1.646244e-09	-3.639408e+01	-1.866639e+02
6.970000e-06	-6.793682e-06	-1.649109e-09	-3.649856e+01	-1.870259e+02
6.980000e-06	-6.812521e-06	-1.651846e-09	-3.659978e+01	-1.873761e+02
6.990000e-06	-6.830928e-06	-1.654842e-09	-3.669867e+01	-1.877148e+02
7.000000e-06	-6.848969e-06	-1.656795e-09	-3.679559e+01	-1.880424e+02
7.010000e-06	-6.866555e-06	-1.658675e-09	-3.689007e+01	-1.883593e+02
7.020000e-06	-6.883629e-06	-1.661541e-09	-3.698180e+01	-1.886658e+02
7.030000e-06	-6.900193e-06	-1.665486e-09	-3.707079e+01	-1.889623e+02
7.040000e-06	-6.916411e-06	-1.668969e-09	-3.715792e+01	-1.892493e+02
7.050000e-06	-6.932318e-06	-1.670367e-09	-3.724338e+01	-1.895272e+02
7.060000e-06	-6.947808e-06	-1.671259e-09	-3.732660e+01	-1.897963e+02
7.070000e-06	-6.962496e-06	-1.672345e-09	-3.740551e+01	-1.900571e+02
7.080000e-06	-6.976285e-06	-1.673343e-09	-3.747959e+01	-1.903099e+02
7.090000e-06	-6.989293e-06	-1.675221e-09	-3.754947e+01	-1.905551e+02
7.100000e-06	-7.001635e-06	-1.677010e-09	-3.761578e+01	-1.907930e+02
7.110000e-06	-7.013561e-06	-1.677075e-09	-3.767985e+01	-1.910238e+02
7.120000e-06	-7.025047e-06	-1.677811e-09	-3.774156e+01	-1.912477e+02
7.130000e-06	-7.035988e-06	-1.680273e-09	-3.780034e+01	-1.914650e+02
7.140000e-06	-7.046359e-06	-1.681378e-09	-3.785605e+01	-1.916758e+02
7.150000e-06	-7.056298e-06	-1.680453e-09	-3.790945e+01	-1.918801e+02
7.160000e-06	-7.065859e-06	-1.680090e-09	-3.796082e+01	-1.920779e+02
7.170000e-06	-7.074847e-06	-1.681608e-09	-3.800910e+01	-1.922693e+02
7.180000e-06	-7.083350e-06	-1.683539e-09	-3.805479e+01	-1.924541e+02
7.190000e-06	-7.091665e-06	-1.684619e-09	-3.809946e+01	-1.926322e+02
7.200000e-06	-7.099633e-06	-1.685216e-09	-3.814227e+01	-1.928035e+02
7.210000e-06	-7.107062e-06	-1.684849e-09	-3.818218e+01	-1.929678e+02
7.220000e-06	-7.113749e-06	-1.684132e-09	-3.821810e+01	-1.931248e+02
7.230000e-06	-7.119560e-06	-1.683925e-09	-3.824932e+01	-1.932743e+02
7.240000e-06	-7.124686e-06	-1.683797e-09	-3.827686e+01	-1.934160e+02
7.250000e-06	-7.129298e-06	-1.683684e-09	-3.830164e+01	-1.935497e+02
7.260000e-06	-7.133560e-06	-1.682997e-09	-3.832454e+01	-1.936750e+02
7.270000e-06	-7.137481e-06	-1.682577e-09	-3.834560e+01	-1.937917e+02
7.280000e-06	-7.140912e-06	-1.683512e-09	-3.836404e+01	-1.938995e+02
7.290000e-06	-7.143868e-06	-1.683844e-09	-3.837992e+01	-1.939982e+02
7.300000e-06	-7.146359e-06	-1.682457e-09	-3.839330e+01	-1.940875e+02
7.310000e-06	-7.148421e-06	-1.680944e-09	-3.840438e+01	-1.941672e+02
7.320000e-06	-7.150017e-06	-1.681021e-09	-3.841295e+01	-1.942371e+02
7.330000e-06	-7.150965e-06	-1.682619e-09	-3.841804e+01	-1.942972e+02
7.340000e-06	-7.151412e-06	-1.682238e-09	-3.842045e+01	-1.943473e+02
