# Temperatura_=_20.0
# Concentracion g/m^3_=_7400.0
# C_Vs_to_Am_M_A/Vsm_=_116720831517.84952
# pendiente_HvsI_1/m_=_3716.3
# ordenada_HvsI_A/m_=_1297.0
# frecuencia_Hz_=_136111.80432244623

Tiempo_(s)	Campo_(V.s)	Magnetizacion_(V.s)	Campo_(kA/m)	Magnetizacion_(A/m)
0.000000e+00	-7.124221e-06	-1.363179e-09	-3.841881e+01	-1.576202e+02
1.000000e-08	-7.124223e-06	-1.362997e-09	-3.841882e+01	-1.576173e+02
2.000000e-08	-7.123887e-06	-1.364552e-09	-3.841701e+01	-1.576078e+02
3.000000e-08	-7.123066e-06	-1.364827e-09	-3.841258e+01	-1.575919e+02
4.000000e-08	-7.121563e-06	-1.363838e-09	-3.840447e+01	-1.575701e+02
5.000000e-08	-7.119342e-06	-1.362799e-09	-3.839250e+01	-1.575427e+02
6.000000e-08	-7.116472e-06	-1.362558e-09	-3.837702e+01	-1.575101e+02
7.000000e-08	-7.113087e-06	-1.362126e-09	-3.835877e+01	-1.574728e+02
8.000000e-08	-7.109213e-06	-1.360752e-09	-3.833788e+01	-1.574312e+02
9.000000e-08	-7.104742e-06	-1.361158e-09	-3.831376e+01	-1.573859e+02
1.000000e-07	-7.099523e-06	-1.351993e-09	-3.828562e+01	-1.573371e+02
1.100000e-07	-7.093745e-06	-1.330067e-09	-3.825446e+01	-1.572854e+02
1.200000e-07	-7.087748e-06	-1.347725e-09	-3.822212e+01	-1.572312e+02
1.300000e-07	-7.081486e-06	-1.393921e-09	-3.818835e+01	-1.571748e+02
1.400000e-07	-7.074780e-06	-1.378583e-09	-3.815219e+01	-1.571167e+02
1.500000e-07	-7.067532e-06	-1.311010e-09	-3.811310e+01	-1.570571e+02
1.600000e-07	-7.059892e-06	-1.325178e-09	-3.807190e+01	-1.569965e+02
1.700000e-07	-7.051877e-06	-1.405766e-09	-3.802868e+01	-1.569349e+02
1.800000e-07	-7.043186e-06	-1.373999e-09	-3.798181e+01	-1.568727e+02
1.900000e-07	-7.033848e-06	-1.277787e-09	-3.793145e+01	-1.568100e+02
2.000000e-07	-7.023969e-06	-1.317004e-09	-3.787818e+01	-1.567469e+02
2.100000e-07	-7.013477e-06	-1.424543e-09	-3.782160e+01	-1.566834e+02
2.200000e-07	-7.002159e-06	-1.371796e-09	-3.776056e+01	-1.566195e+02
2.300000e-07	-6.990286e-06	-1.266358e-09	-3.769654e+01	-1.565551e+02
2.400000e-07	-6.978092e-06	-1.320852e-09	-3.763078e+01	-1.564900e+02
2.500000e-07	-6.965277e-06	-1.402131e-09	-3.756167e+01	-1.564242e+02
2.600000e-07	-6.951825e-06	-1.335343e-09	-3.748913e+01	-1.563572e+02
2.700000e-07	-6.937786e-06	-1.284859e-09	-3.741342e+01	-1.562888e+02
2.800000e-07	-6.923127e-06	-1.357509e-09	-3.733437e+01	-1.562187e+02
2.900000e-07	-6.907726e-06	-1.367668e-09	-3.725131e+01	-1.561465e+02
3.000000e-07	-6.891691e-06	-1.296829e-09	-3.716485e+01	-1.560716e+02
3.100000e-07	-6.875165e-06	-1.317880e-09	-3.707572e+01	-1.559936e+02
3.200000e-07	-6.858204e-06	-1.368268e-09	-3.698426e+01	-1.559120e+02
3.300000e-07	-6.840802e-06	-1.305509e-09	-3.689041e+01	-1.558264e+02
3.400000e-07	-6.822937e-06	-1.285719e-09	-3.679407e+01	-1.557361e+02
3.500000e-07	-6.804494e-06	-1.370721e-09	-3.669462e+01	-1.556407e+02
3.600000e-07	-6.785550e-06	-1.353458e-09	-3.659246e+01	-1.555396e+02
3.700000e-07	-6.766201e-06	-1.261493e-09	-3.648811e+01	-1.554323e+02
3.800000e-07	-6.746412e-06	-1.305094e-09	-3.638140e+01	-1.553184e+02
3.900000e-07	-6.726371e-06	-1.369021e-09	-3.627332e+01	-1.551974e+02
4.000000e-07	-6.705907e-06	-1.299656e-09	-3.616296e+01	-1.550689e+02
4.100000e-07	-6.684853e-06	-1.271898e-09	-3.604943e+01	-1.549325e+02
4.200000e-07	-6.663400e-06	-1.342887e-09	-3.593374e+01	-1.547879e+02
4.300000e-07	-6.641541e-06	-1.327223e-09	-3.581586e+01	-1.546348e+02
4.400000e-07	-6.619161e-06	-1.272701e-09	-3.569517e+01	-1.544730e+02
4.500000e-07	-6.596393e-06	-1.313055e-09	-3.557239e+01	-1.543025e+02
4.600000e-07	-6.573227e-06	-1.325954e-09	-3.544746e+01	-1.541230e+02
4.700000e-07	-6.549615e-06	-1.271491e-09	-3.532013e+01	-1.539346e+02
4.800000e-07	-6.525645e-06	-1.290849e-09	-3.519087e+01	-1.537373e+02
4.900000e-07	-6.501220e-06	-1.328654e-09	-3.505915e+01	-1.535313e+02
5.000000e-07	-6.476192e-06	-1.281010e-09	-3.492418e+01	-1.533166e+02
5.100000e-07	-6.450533e-06	-1.263490e-09	-3.478581e+01	-1.530936e+02
5.200000e-07	-6.424143e-06	-1.303980e-09	-3.464350e+01	-1.528623e+02
5.300000e-07	-6.397128e-06	-1.287606e-09	-3.449781e+01	-1.526233e+02
5.400000e-07	-6.369664e-06	-1.258377e-09	-3.434971e+01	-1.523767e+02
5.500000e-07	-6.341840e-06	-1.285240e-09	-3.419966e+01	-1.521230e+02
5.600000e-07	-6.313693e-06	-1.286793e-09	-3.404787e+01	-1.518626e+02
5.700000e-07	-6.285175e-06	-1.258417e-09	-3.389408e+01	-1.515958e+02
5.800000e-07	-6.256264e-06	-1.269909e-09	-3.373817e+01	-1.513231e+02
5.900000e-07	-6.226869e-06	-1.277599e-09	-3.357965e+01	-1.510448e+02
6.000000e-07	-6.196876e-06	-1.253185e-09	-3.341791e+01	-1.507614e+02
6.100000e-07	-6.166483e-06	-1.253786e-09	-3.325401e+01	-1.504732e+02
6.200000e-07	-6.135818e-06	-1.265662e-09	-3.308865e+01	-1.501806e+02
6.300000e-07	-6.104686e-06	-1.252458e-09	-3.292076e+01	-1.498838e+02
6.400000e-07	-6.073203e-06	-1.247684e-09	-3.275098e+01	-1.495832e+02
6.500000e-07	-6.041491e-06	-1.255417e-09	-3.257997e+01	-1.492788e+02
6.600000e-07	-6.009368e-06	-1.246522e-09	-3.240674e+01	-1.489710e+02
6.700000e-07	-5.976761e-06	-1.239000e-09	-3.223090e+01	-1.486598e+02
6.800000e-07	-5.943610e-06	-1.242779e-09	-3.205213e+01	-1.483451e+02
6.900000e-07	-5.909621e-06	-1.238021e-09	-3.186883e+01	-1.480271e+02
7.000000e-07	-5.874845e-06	-1.230228e-09	-3.168129e+01	-1.477057e+02
7.100000e-07	-5.839674e-06	-1.228217e-09	-3.149163e+01	-1.473806e+02
7.200000e-07	-5.804180e-06	-1.223598e-09	-3.130022e+01	-1.470518e+02
7.300000e-07	-5.768416e-06	-1.219787e-09	-3.110735e+01	-1.467189e+02
7.400000e-07	-5.732418e-06	-1.219261e-09	-3.091323e+01	-1.463816e+02
7.500000e-07	-5.696015e-06	-1.215113e-09	-3.071692e+01	-1.460397e+02
7.600000e-07	-5.659122e-06	-1.210038e-09	-3.051797e+01	-1.456927e+02
7.700000e-07	-5.621764e-06	-1.207412e-09	-3.031650e+01	-1.453402e+02
7.800000e-07	-5.584127e-06	-1.203565e-09	-3.011354e+01	-1.449819e+02
7.900000e-07	-5.546182e-06	-1.197790e-09	-2.990892e+01	-1.446171e+02
8.000000e-07	-5.507646e-06	-1.191916e-09	-2.970110e+01	-1.442456e+02
8.100000e-07	-5.468707e-06	-1.185975e-09	-2.949111e+01	-1.438667e+02
8.200000e-07	-5.429492e-06	-1.181787e-09	-2.927964e+01	-1.434801e+02
8.300000e-07	-5.389906e-06	-1.179262e-09	-2.906617e+01	-1.430853e+02
8.400000e-07	-5.350120e-06	-1.176399e-09	-2.885161e+01	-1.426820e+02
8.500000e-07	-5.310170e-06	-1.171782e-09	-2.863617e+01	-1.422696e+02
8.600000e-07	-5.269848e-06	-1.166333e-09	-2.841872e+01	-1.418479e+02
8.700000e-07	-5.229026e-06	-1.161313e-09	-2.819858e+01	-1.414166e+02
8.800000e-07	-5.187730e-06	-1.156967e-09	-2.797589e+01	-1.409754e+02
8.900000e-07	-5.145895e-06	-1.151305e-09	-2.775029e+01	-1.405241e+02
9.000000e-07	-5.103414e-06	-1.144224e-09	-2.752120e+01	-1.400624e+02
9.100000e-07	-5.060310e-06	-1.139340e-09	-2.728875e+01	-1.395904e+02
9.200000e-07	-5.016733e-06	-1.136699e-09	-2.705375e+01	-1.391080e+02
9.300000e-07	-4.972911e-06	-1.131844e-09	-2.681743e+01	-1.386150e+02
9.400000e-07	-4.928937e-06	-1.124916e-09	-2.658030e+01	-1.381117e+02
9.500000e-07	-4.884691e-06	-1.118594e-09	-2.634169e+01	-1.375979e+02
9.600000e-07	-4.840081e-06	-1.113920e-09	-2.610112e+01	-1.370739e+02
9.700000e-07	-4.795207e-06	-1.110032e-09	-2.585913e+01	-1.365399e+02
9.800000e-07	-4.750008e-06	-1.105807e-09	-2.561538e+01	-1.359959e+02
9.900000e-07	-4.704348e-06	-1.101085e-09	-2.536915e+01	-1.354422e+02
1.000000e-06	-4.658314e-06	-1.096164e-09	-2.512090e+01	-1.348790e+02
1.010000e-06	-4.612140e-06	-1.090891e-09	-2.487190e+01	-1.343065e+02
1.020000e-06	-4.565680e-06	-1.085734e-09	-2.462136e+01	-1.337249e+02
1.030000e-06	-4.518646e-06	-1.080878e-09	-2.436772e+01	-1.331344e+02
1.040000e-06	-4.471294e-06	-1.075278e-09	-2.411236e+01	-1.325352e+02
1.050000e-06	-4.423739e-06	-1.070744e-09	-2.385591e+01	-1.319275e+02
1.060000e-06	-4.376022e-06	-1.066596e-09	-2.359859e+01	-1.313114e+02
1.070000e-06	-4.328208e-06	-1.061499e-09	-2.334074e+01	-1.306869e+02
1.080000e-06	-4.280170e-06	-1.054789e-09	-2.308169e+01	-1.300541e+02
1.090000e-06	-4.231778e-06	-1.047124e-09	-2.282072e+01	-1.294130e+02
1.100000e-06	-4.182772e-06	-1.041671e-09	-2.255645e+01	-1.287635e+02
1.110000e-06	-4.133090e-06	-1.038704e-09	-2.228853e+01	-1.281055e+02
1.120000e-06	-4.082972e-06	-1.035226e-09	-2.201826e+01	-1.274388e+02
1.130000e-06	-4.032508e-06	-1.029312e-09	-2.174612e+01	-1.267633e+02
1.140000e-06	-3.981704e-06	-1.021335e-09	-2.147215e+01	-1.260786e+02
1.150000e-06	-3.930598e-06	-1.014201e-09	-2.119655e+01	-1.253843e+02
1.160000e-06	-3.879169e-06	-1.008234e-09	-2.091921e+01	-1.246802e+02
1.170000e-06	-3.827391e-06	-1.002499e-09	-2.063999e+01	-1.239657e+02
1.180000e-06	-3.775381e-06	-9.970746e-10	-2.035951e+01	-1.232405e+02
1.190000e-06	-3.723100e-06	-9.914950e-10	-2.007757e+01	-1.225040e+02
1.200000e-06	-3.670454e-06	-9.855044e-10	-1.979367e+01	-1.217557e+02
1.210000e-06	-3.617386e-06	-9.787475e-10	-1.950749e+01	-1.209952e+02
1.220000e-06	-3.564026e-06	-9.708361e-10	-1.921973e+01	-1.202217e+02
1.230000e-06	-3.510590e-06	-9.625051e-10	-1.893157e+01	-1.194349e+02
1.240000e-06	-3.456874e-06	-9.557108e-10	-1.864189e+01	-1.186343e+02
1.250000e-06	-3.402867e-06	-9.504562e-10	-1.835065e+01	-1.178192e+02
1.260000e-06	-3.348742e-06	-9.450667e-10	-1.805877e+01	-1.169893e+02
1.270000e-06	-3.294210e-06	-9.374457e-10	-1.776470e+01	-1.161442e+02
1.280000e-06	-3.239260e-06	-9.287797e-10	-1.746837e+01	-1.152833e+02
1.290000e-06	-3.184286e-06	-9.204422e-10	-1.717191e+01	-1.144065e+02
1.300000e-06	-3.129302e-06	-9.116788e-10	-1.687539e+01	-1.135134e+02
1.310000e-06	-3.074113e-06	-9.027998e-10	-1.657778e+01	-1.126037e+02
1.320000e-06	-3.018681e-06	-8.949632e-10	-1.627885e+01	-1.116775e+02
1.330000e-06	-2.963050e-06	-8.878033e-10	-1.597885e+01	-1.107344e+02
1.340000e-06	-2.907322e-06	-8.802758e-10	-1.567832e+01	-1.097746e+02
1.350000e-06	-2.851490e-06	-8.719349e-10	-1.537724e+01	-1.087979e+02
1.360000e-06	-2.795522e-06	-8.627331e-10	-1.507542e+01	-1.078046e+02
1.370000e-06	-2.739417e-06	-8.540925e-10	-1.477286e+01	-1.067948e+02
1.380000e-06	-2.683071e-06	-8.467077e-10	-1.446900e+01	-1.057686e+02
1.390000e-06	-2.626535e-06	-8.389234e-10	-1.416413e+01	-1.047262e+02
1.400000e-06	-2.569884e-06	-8.301704e-10	-1.385862e+01	-1.036680e+02
1.410000e-06	-2.512942e-06	-8.205498e-10	-1.355155e+01	-1.025941e+02
1.420000e-06	-2.455580e-06	-8.108136e-10	-1.324221e+01	-1.015050e+02
1.430000e-06	-2.397947e-06	-8.022396e-10	-1.293141e+01	-1.004008e+02
1.440000e-06	-2.340139e-06	-7.935560e-10	-1.261967e+01	-9.928186e+01
1.450000e-06	-2.282038e-06	-7.833809e-10	-1.230635e+01	-9.814844e+01
1.460000e-06	-2.223485e-06	-7.724976e-10	-1.199059e+01	-9.700073e+01
1.470000e-06	-2.164684e-06	-7.622531e-10	-1.167350e+01	-9.583891e+01
1.480000e-06	-2.105785e-06	-7.527529e-10	-1.135588e+01	-9.466308e+01
1.490000e-06	-2.046729e-06	-7.431957e-10	-1.103740e+01	-9.347329e+01
1.500000e-06	-1.987541e-06	-7.333703e-10	-1.071822e+01	-9.226947e+01
1.510000e-06	-1.928172e-06	-7.227121e-10	-1.039806e+01	-9.105149e+01
1.520000e-06	-1.868638e-06	-7.121506e-10	-1.007701e+01	-8.981911e+01
1.530000e-06	-1.809085e-06	-7.036571e-10	-9.755857e+00	-8.857199e+01
1.540000e-06	-1.749479e-06	-6.946200e-10	-9.434419e+00	-8.730966e+01
1.550000e-06	-1.689781e-06	-6.827930e-10	-9.112488e+00	-8.603156e+01
1.560000e-06	-1.629993e-06	-6.708262e-10	-8.790069e+00	-8.473698e+01
1.570000e-06	-1.570163e-06	-6.612308e-10	-8.467421e+00	-8.342513e+01
1.580000e-06	-1.510318e-06	-6.522253e-10	-8.144698e+00	-8.209509e+01
1.590000e-06	-1.450400e-06	-6.405536e-10	-7.821576e+00	-8.074582e+01
1.600000e-06	-1.390396e-06	-6.277655e-10	-7.497995e+00	-7.937619e+01
1.610000e-06	-1.330168e-06	-6.167353e-10	-7.173201e+00	-7.798497e+01
1.620000e-06	-1.269825e-06	-6.063712e-10	-6.847787e+00	-7.657086e+01
1.630000e-06	-1.209488e-06	-5.951765e-10	-6.522407e+00	-7.513246e+01
1.640000e-06	-1.149136e-06	-5.826758e-10	-6.196951e+00	-7.366834e+01
1.650000e-06	-1.088819e-06	-5.693439e-10	-5.871677e+00	-7.217701e+01
1.660000e-06	-1.028443e-06	-5.567984e-10	-5.546088e+00	-7.065697e+01
1.670000e-06	-9.679718e-07	-5.459923e-10	-5.219985e+00	-6.910668e+01
1.680000e-06	-9.074007e-07	-5.344795e-10	-4.893343e+00	-6.752464e+01
1.690000e-06	-8.466934e-07	-5.205351e-10	-4.565966e+00	-6.590937e+01
1.700000e-06	-7.858794e-07	-5.066839e-10	-4.238014e+00	-6.425945e+01
1.710000e-06	-7.250023e-07	-4.943547e-10	-3.909722e+00	-6.257349e+01
1.720000e-06	-6.642010e-07	-4.820466e-10	-3.581839e+00	-6.085024e+01
1.730000e-06	-6.034615e-07	-4.682811e-10	-3.254289e+00	-5.908852e+01
1.740000e-06	-5.425883e-07	-4.531148e-10	-2.926018e+00	-5.728729e+01
1.750000e-06	-4.815355e-07	-4.379273e-10	-2.596778e+00	-5.544565e+01
1.760000e-06	-4.204924e-07	-4.234763e-10	-2.267591e+00	-5.356286e+01
1.770000e-06	-3.594192e-07	-4.086659e-10	-1.938241e+00	-5.163835e+01
1.780000e-06	-2.982769e-07	-3.926739e-10	-1.608519e+00	-4.967175e+01
1.790000e-06	-2.371513e-07	-3.757375e-10	-1.278886e+00	-4.766287e+01
1.800000e-06	-1.760418e-07	-3.589466e-10	-9.493412e-01	-4.561173e+01
1.810000e-06	-1.149849e-07	-3.427131e-10	-6.200792e-01	-4.351859e+01
1.820000e-06	-5.390927e-08	-3.265092e-10	-2.907167e-01	-4.138391e+01
1.830000e-06	7.227456e-09	-3.090248e-10	3.897552e-02	-3.920835e+01
1.840000e-06	6.836880e-08	-2.896572e-10	3.686926e-01	-3.699285e+01
1.850000e-06	1.295223e-07	-2.712447e-10	6.984754e-01	-3.473852e+01
1.860000e-06	1.906750e-07	-2.549377e-10	1.028254e+00	-3.244670e+01
1.870000e-06	2.518091e-07	-2.380612e-10	1.357932e+00	-3.011896e+01
1.880000e-06	3.129691e-07	-2.189129e-10	1.687750e+00	-2.775705e+01
1.890000e-06	3.741015e-07	-1.988390e-10	2.017418e+00	-2.536293e+01
1.900000e-06	4.352141e-07	-1.799593e-10	2.346981e+00	-2.293871e+01
1.910000e-06	4.962461e-07	-1.611805e-10	2.676108e+00	-2.048669e+01
1.920000e-06	5.572195e-07	-1.417980e-10	3.004919e+00	-1.800931e+01
1.930000e-06	6.181379e-07	-1.220724e-10	3.333434e+00	-1.550914e+01
1.940000e-06	6.789497e-07	-1.016810e-10	3.661374e+00	-1.298885e+01
1.950000e-06	7.396507e-07	-8.167547e-11	3.988716e+00	-1.045123e+01
1.960000e-06	8.002499e-07	-6.223088e-11	4.315510e+00	-7.899110e+00
1.970000e-06	8.609247e-07	-4.208563e-11	4.642711e+00	-5.335402e+00
1.980000e-06	9.216174e-07	-2.153823e-11	4.970009e+00	-2.763032e+00
1.990000e-06	9.821947e-07	-1.054743e-12	5.296685e+00	-1.849395e-01
2.000000e-06	1.042765e-06	1.979187e-11	5.623319e+00	2.395943e+00
2.010000e-06	1.103252e-06	4.043119e-11	5.949510e+00	4.976713e+00
2.020000e-06	1.163603e-06	6.137943e-11	6.274968e+00	7.554517e+00
2.030000e-06	1.223934e-06	8.237643e-11	6.600310e+00	1.012657e+01
2.040000e-06	1.284184e-06	1.021010e-10	6.925225e+00	1.269016e+01
2.050000e-06	1.344265e-06	1.211378e-10	7.249221e+00	1.524269e+01
2.060000e-06	1.404195e-06	1.406363e-10	7.572405e+00	1.778165e+01
2.070000e-06	1.464082e-06	1.610679e-10	7.895359e+00	2.030470e+01
2.080000e-06	1.523969e-06	1.819156e-10	8.218312e+00	2.280958e+01
2.090000e-06	1.583789e-06	2.014901e-10	8.540904e+00	2.529422e+01
2.100000e-06	1.643523e-06	2.197923e-10	8.863030e+00	2.775667e+01
2.110000e-06	1.703213e-06	2.391104e-10	9.184921e+00	3.019517e+01
2.120000e-06	1.762829e-06	2.592743e-10	9.506415e+00	3.260810e+01
2.130000e-06	1.822280e-06	2.786704e-10	9.827016e+00	3.499400e+01
2.140000e-06	1.881577e-06	2.965112e-10	1.014679e+01	3.735159e+01
2.150000e-06	1.940819e-06	3.129566e-10	1.046626e+01	3.967973e+01
2.160000e-06	2.000049e-06	3.300957e-10	1.078567e+01	4.197747e+01
2.170000e-06	2.059211e-06	3.483893e-10	1.110471e+01	4.424398e+01
2.180000e-06	2.118257e-06	3.657440e-10	1.142313e+01	4.647861e+01
2.190000e-06	2.177053e-06	3.823092e-10	1.174020e+01	4.868083e+01
2.200000e-06	2.235538e-06	3.993241e-10	1.205559e+01	5.085024e+01
2.210000e-06	2.293751e-06	4.167558e-10	1.236952e+01	5.298658e+01
2.220000e-06	2.351586e-06	4.337396e-10	1.268141e+01	5.508969e+01
2.230000e-06	2.409069e-06	4.488635e-10	1.299139e+01	5.715954e+01
2.240000e-06	2.466309e-06	4.638598e-10	1.330007e+01	5.919616e+01
2.250000e-06	2.523290e-06	4.800129e-10	1.360735e+01	6.119967e+01
2.260000e-06	2.580025e-06	4.961298e-10	1.391331e+01	6.317029e+01
2.270000e-06	2.636520e-06	5.118048e-10	1.421797e+01	6.510827e+01
2.280000e-06	2.692787e-06	5.266187e-10	1.452140e+01	6.701392e+01
2.290000e-06	2.748923e-06	5.402820e-10	1.482413e+01	6.888760e+01
2.300000e-06	2.804889e-06	5.540755e-10	1.512593e+01	7.072969e+01
2.310000e-06	2.860668e-06	5.694662e-10	1.542673e+01	7.254058e+01
2.320000e-06	2.916327e-06	5.857253e-10	1.572688e+01	7.432071e+01
2.330000e-06	2.971798e-06	6.017194e-10	1.602603e+01	7.607050e+01
2.340000e-06	3.027216e-06	6.163400e-10	1.632488e+01	7.779037e+01
2.350000e-06	3.082476e-06	6.294934e-10	1.662288e+01	7.948074e+01
2.360000e-06	3.137408e-06	6.409505e-10	1.691911e+01	8.114203e+01
2.370000e-06	3.192142e-06	6.506337e-10	1.721427e+01	8.277462e+01
2.380000e-06	3.246628e-06	6.605405e-10	1.750810e+01	8.437890e+01
2.390000e-06	3.300964e-06	6.731528e-10	1.780112e+01	8.595522e+01
2.400000e-06	3.355177e-06	6.884749e-10	1.809348e+01	8.750392e+01
2.410000e-06	3.409087e-06	7.035701e-10	1.838420e+01	8.902532e+01
2.420000e-06	3.462615e-06	7.168910e-10	1.867285e+01	9.051971e+01
2.430000e-06	3.515896e-06	7.288282e-10	1.896018e+01	9.198739e+01
2.440000e-06	3.569090e-06	7.401261e-10	1.924704e+01	9.342859e+01
2.450000e-06	3.622089e-06	7.509219e-10	1.953285e+01	9.484358e+01
2.460000e-06	3.674733e-06	7.611491e-10	1.981674e+01	9.623258e+01
2.470000e-06	3.726982e-06	7.714479e-10	2.009851e+01	9.759582e+01
2.480000e-06	3.778946e-06	7.814977e-10	2.037873e+01	9.893352e+01
2.490000e-06	3.830612e-06	7.919328e-10	2.065735e+01	1.002459e+02
2.500000e-06	3.881939e-06	8.029974e-10	2.093414e+01	1.015331e+02
2.510000e-06	3.932956e-06	8.127987e-10	2.120926e+01	1.027955e+02
2.520000e-06	3.983567e-06	8.217049e-10	2.148219e+01	1.040332e+02
2.530000e-06	4.033799e-06	8.313553e-10	2.175308e+01	1.052464e+02
2.540000e-06	4.083564e-06	8.416167e-10	2.202145e+01	1.064355e+02
2.550000e-06	4.132774e-06	8.507503e-10	2.228682e+01	1.076006e+02
2.560000e-06	4.181546e-06	8.587667e-10	2.254984e+01	1.087421e+02
2.570000e-06	4.229977e-06	8.662141e-10	2.281101e+01	1.098603e+02
2.580000e-06	4.278153e-06	8.741210e-10	2.307081e+01	1.109554e+02
2.590000e-06	4.326038e-06	8.832463e-10	2.332904e+01	1.120279e+02
2.600000e-06	4.373663e-06	8.924573e-10	2.358587e+01	1.130781e+02
2.610000e-06	4.421089e-06	9.013054e-10	2.384162e+01	1.141063e+02
2.620000e-06	4.468284e-06	9.098946e-10	2.409613e+01	1.151130e+02
2.630000e-06	4.515180e-06	9.181521e-10	2.434903e+01	1.160986e+02
2.640000e-06	4.561658e-06	9.260376e-10	2.459967e+01	1.170635e+02
2.650000e-06	4.607835e-06	9.326323e-10	2.484869e+01	1.180082e+02
2.660000e-06	4.653728e-06	9.383152e-10	2.509617e+01	1.189332e+02
2.670000e-06	4.699241e-06	9.442678e-10	2.534161e+01	1.198389e+02
2.680000e-06	4.744393e-06	9.507254e-10	2.558510e+01	1.207259e+02
2.690000e-06	4.789309e-06	9.581429e-10	2.582732e+01	1.215946e+02
2.700000e-06	4.834081e-06	9.652959e-10	2.606876e+01	1.224455e+02
2.710000e-06	4.878522e-06	9.722145e-10	2.630842e+01	1.232792e+02
2.720000e-06	4.922639e-06	9.802781e-10	2.654633e+01	1.240961e+02
2.730000e-06	4.966450e-06	9.884120e-10	2.678259e+01	1.248968e+02
2.740000e-06	5.009930e-06	9.958341e-10	2.701706e+01	1.256816e+02
2.750000e-06	5.053070e-06	1.002640e-09	2.724971e+01	1.264512e+02
2.760000e-06	5.095869e-06	1.008445e-09	2.748051e+01	1.272059e+02
2.770000e-06	5.138222e-06	1.013920e-09	2.770891e+01	1.279461e+02
2.780000e-06	5.179958e-06	1.020684e-09	2.793397e+01	1.286724e+02
2.790000e-06	5.221077e-06	1.028498e-09	2.815572e+01	1.293851e+02
2.800000e-06	5.261572e-06	1.035207e-09	2.837409e+01	1.300846e+02
2.810000e-06	5.301679e-06	1.041211e-09	2.859038e+01	1.307713e+02
2.820000e-06	5.341646e-06	1.047693e-09	2.880591e+01	1.314455e+02
2.830000e-06	5.381370e-06	1.053785e-09	2.902013e+01	1.321075e+02
2.840000e-06	5.420824e-06	1.058668e-09	2.923290e+01	1.327576e+02
2.850000e-06	5.460027e-06	1.063242e-09	2.944431e+01	1.333962e+02
2.860000e-06	5.498827e-06	1.067250e-09	2.965354e+01	1.340234e+02
2.870000e-06	5.537161e-06	1.070946e-09	2.986026e+01	1.346395e+02
2.880000e-06	5.575089e-06	1.076749e-09	3.006480e+01	1.352447e+02
2.890000e-06	5.612485e-06	1.083514e-09	3.026647e+01	1.358392e+02
2.900000e-06	5.649395e-06	1.088829e-09	3.046551e+01	1.364232e+02
2.910000e-06	5.686050e-06	1.093866e-09	3.066318e+01	1.369968e+02
2.920000e-06	5.722385e-06	1.100159e-09	3.085912e+01	1.375602e+02
2.930000e-06	5.758387e-06	1.107480e-09	3.105327e+01	1.381135e+02
2.940000e-06	5.794179e-06	1.113726e-09	3.124629e+01	1.386569e+02
2.950000e-06	5.829733e-06	1.118043e-09	3.143802e+01	1.391904e+02
2.960000e-06	5.864814e-06	1.121884e-09	3.162720e+01	1.397142e+02
2.970000e-06	5.899335e-06	1.126791e-09	3.181336e+01	1.402284e+02
2.980000e-06	5.933268e-06	1.132141e-09	3.199635e+01	1.407331e+02
2.990000e-06	5.966403e-06	1.136339e-09	3.217504e+01	1.412283e+02
3.000000e-06	5.998908e-06	1.140922e-09	3.235033e+01	1.417142e+02
3.010000e-06	6.031067e-06	1.146238e-09	3.252375e+01	1.421909e+02
3.020000e-06	6.062887e-06	1.151205e-09	3.269535e+01	1.426585e+02
3.030000e-06	6.094461e-06	1.156874e-09	3.286562e+01	1.431170e+02
3.040000e-06	6.125655e-06	1.162344e-09	3.303384e+01	1.435666e+02
3.050000e-06	6.156274e-06	1.166418e-09	3.319896e+01	1.440074e+02
3.060000e-06	6.186414e-06	1.172185e-09	3.336149e+01	1.444395e+02
3.070000e-06	6.216199e-06	1.178989e-09	3.352212e+01	1.448630e+02
3.080000e-06	6.245595e-06	1.183222e-09	3.368064e+01	1.452780e+02
3.090000e-06	6.274626e-06	1.186672e-09	3.383719e+01	1.456847e+02
3.100000e-06	6.303323e-06	1.191231e-09	3.399195e+01	1.460832e+02
3.110000e-06	6.331584e-06	1.195189e-09	3.414435e+01	1.464735e+02
3.120000e-06	6.359483e-06	1.199008e-09	3.429480e+01	1.468560e+02
3.130000e-06	6.387190e-06	1.204067e-09	3.444422e+01	1.472306e+02
3.140000e-06	6.414571e-06	1.208377e-09	3.459188e+01	1.475975e+02
3.150000e-06	6.441354e-06	1.211328e-09	3.473631e+01	1.479569e+02
3.160000e-06	6.467390e-06	1.215289e-09	3.487671e+01	1.483089e+02
3.170000e-06	6.492747e-06	1.219993e-09	3.501346e+01	1.486536e+02
3.180000e-06	6.517471e-06	1.223798e-09	3.514678e+01	1.489912e+02
3.190000e-06	6.541547e-06	1.226500e-09	3.527662e+01	1.493219e+02
3.200000e-06	6.565256e-06	1.228464e-09	3.540448e+01	1.496458e+02
3.210000e-06	6.588666e-06	1.231778e-09	3.553072e+01	1.499629e+02
3.220000e-06	6.611560e-06	1.236117e-09	3.565418e+01	1.502736e+02
3.230000e-06	6.633918e-06	1.239263e-09	3.577475e+01	1.505778e+02
3.240000e-06	6.655834e-06	1.241514e-09	3.589294e+01	1.508756e+02
3.250000e-06	6.677351e-06	1.244389e-09	3.600897e+01	1.511674e+02
3.260000e-06	6.698414e-06	1.248765e-09	3.612256e+01	1.514530e+02
3.270000e-06	6.719007e-06	1.253538e-09	3.623361e+01	1.517327e+02
3.280000e-06	6.739152e-06	1.256693e-09	3.634225e+01	1.520065e+02
3.290000e-06	6.759020e-06	1.258354e-09	3.644939e+01	1.522745e+02
3.300000e-06	6.778652e-06	1.260339e-09	3.655526e+01	1.525367e+02
3.310000e-06	6.797803e-06	1.263947e-09	3.665853e+01	1.527934e+02
3.320000e-06	6.816338e-06	1.268176e-09	3.675849e+01	1.530443e+02
3.330000e-06	6.834307e-06	1.270995e-09	3.685539e+01	1.532898e+02
3.340000e-06	6.851860e-06	1.272965e-09	3.695005e+01	1.535296e+02
3.350000e-06	6.868985e-06	1.275905e-09	3.704240e+01	1.537639e+02
3.360000e-06	6.885606e-06	1.279230e-09	3.713203e+01	1.539926e+02
3.370000e-06	6.901795e-06	1.281885e-09	3.721933e+01	1.542157e+02
3.380000e-06	6.917501e-06	1.284696e-09	3.730403e+01	1.544332e+02
3.390000e-06	6.932529e-06	1.287803e-09	3.738507e+01	1.546450e+02
3.400000e-06	6.946946e-06	1.290953e-09	3.746282e+01	1.548510e+02
3.410000e-06	6.960806e-06	1.295646e-09	3.753756e+01	1.550512e+02
3.420000e-06	6.974091e-06	1.299652e-09	3.760920e+01	1.552453e+02
3.430000e-06	6.986837e-06	1.301443e-09	3.767794e+01	1.554335e+02
3.440000e-06	6.999100e-06	1.303485e-09	3.774407e+01	1.556154e+02
3.450000e-06	7.010886e-06	1.306737e-09	3.780762e+01	1.557909e+02
3.460000e-06	7.022188e-06	1.311292e-09	3.786858e+01	1.559599e+02
3.470000e-06	7.032891e-06	1.314126e-09	3.792630e+01	1.561223e+02
3.480000e-06	7.042760e-06	1.314133e-09	3.797952e+01	1.562778e+02
3.490000e-06	7.051857e-06	1.313823e-09	3.802857e+01	1.564264e+02
3.500000e-06	7.060323e-06	1.315537e-09	3.807423e+01	1.565677e+02
3.510000e-06	7.068344e-06	1.318583e-09	3.811748e+01	1.567017e+02
3.520000e-06	7.075993e-06	1.321091e-09	3.815873e+01	1.568282e+02
3.530000e-06	7.083226e-06	1.323227e-09	3.819773e+01	1.569470e+02
3.540000e-06	7.089971e-06	1.325706e-09	3.823411e+01	1.570580e+02
3.550000e-06	7.096155e-06	1.328832e-09	3.826746e+01	1.571610e+02
3.560000e-06	7.101806e-06	1.331964e-09	3.829793e+01	1.572560e+02
3.570000e-06	7.106884e-06	1.333753e-09	3.832531e+01	1.573428e+02
3.580000e-06	7.111514e-06	1.334336e-09	3.835028e+01	1.574214e+02
3.590000e-06	7.115809e-06	1.336515e-09	3.837344e+01	1.574917e+02
3.600000e-06	7.119755e-06	1.339315e-09	3.839473e+01	1.575538e+02
3.610000e-06	7.123340e-06	1.340649e-09	3.841406e+01	1.576075e+02
3.620000e-06	7.126484e-06	1.340828e-09	3.843101e+01	1.576531e+02
3.630000e-06	7.129003e-06	1.340851e-09	3.844459e+01	1.576905e+02
3.640000e-06	7.130720e-06	1.342129e-09	3.845386e+01	1.577200e+02
3.650000e-06	7.131635e-06	1.343426e-09	3.845879e+01	1.577416e+02
3.660000e-06	7.131859e-06	1.345192e-09	3.846000e+01	1.577555e+02
3.670000e-06	7.131641e-06	1.347489e-09	3.845882e+01	1.577621e+02
3.680000e-06	7.131173e-06	1.347794e-09	3.845630e+01	1.577616e+02
3.690000e-06	7.130278e-06	1.346835e-09	3.845147e+01	1.577543e+02
3.700000e-06	7.128925e-06	1.346036e-09	3.844418e+01	1.577405e+02
3.710000e-06	7.127214e-06	1.345717e-09	3.843495e+01	1.577206e+02
3.720000e-06	7.124990e-06	1.346297e-09	3.842296e+01	1.576949e+02
3.730000e-06	7.122218e-06	1.347932e-09	3.840801e+01	1.576640e+02
3.740000e-06	7.119006e-06	1.348920e-09	3.839069e+01	1.576283e+02
3.750000e-06	7.115366e-06	1.345400e-09	3.837106e+01	1.575881e+02
3.760000e-06	7.111129e-06	1.343610e-09	3.834821e+01	1.575439e+02
3.770000e-06	7.106076e-06	1.365460e-09	3.832096e+01	1.574963e+02
3.780000e-06	7.100377e-06	1.390815e-09	3.829023e+01	1.574455e+02
3.790000e-06	7.094276e-06	1.337553e-09	3.825732e+01	1.573921e+02
3.800000e-06	7.087852e-06	1.289233e-09	3.822268e+01	1.573364e+02
3.810000e-06	7.081015e-06	1.351470e-09	3.818581e+01	1.572788e+02
3.820000e-06	7.073551e-06	1.412165e-09	3.814556e+01	1.572197e+02
3.830000e-06	7.065536e-06	1.345521e-09	3.810234e+01	1.571594e+02
3.840000e-06	7.057106e-06	1.275666e-09	3.805688e+01	1.570981e+02
3.850000e-06	7.048220e-06	1.363339e-09	3.800896e+01	1.570361e+02
3.860000e-06	7.038810e-06	1.442605e-09	3.795821e+01	1.569736e+02
3.870000e-06	7.028930e-06	1.332117e-09	3.790493e+01	1.569106e+02
3.880000e-06	7.018598e-06	1.236122e-09	3.784922e+01	1.568472e+02
3.890000e-06	7.007804e-06	1.363212e-09	3.779101e+01	1.567834e+02
3.900000e-06	6.996506e-06	1.457203e-09	3.773008e+01	1.567192e+02
3.910000e-06	6.984633e-06	1.324239e-09	3.766605e+01	1.566544e+02
3.920000e-06	6.972148e-06	1.254060e-09	3.759872e+01	1.565888e+02
3.930000e-06	6.958929e-06	1.401015e-09	3.752744e+01	1.565223e+02
3.940000e-06	6.944951e-06	1.430259e-09	3.745206e+01	1.564544e+02
3.950000e-06	6.930115e-06	1.275714e-09	3.737205e+01	1.563849e+02
3.960000e-06	6.914521e-06	1.292050e-09	3.728796e+01	1.563134e+02
3.970000e-06	6.898510e-06	1.440656e-09	3.720162e+01	1.562395e+02
3.980000e-06	6.882174e-06	1.383323e-09	3.711352e+01	1.561626e+02
3.990000e-06	6.865396e-06	1.266853e-09	3.702304e+01	1.560823e+02
4.000000e-06	6.848210e-06	1.371569e-09	3.693037e+01	1.559980e+02
4.010000e-06	6.830602e-06	1.431194e-09	3.683541e+01	1.559094e+02
4.020000e-06	6.812533e-06	1.291802e-09	3.673797e+01	1.558157e+02
4.030000e-06	6.794025e-06	1.297047e-09	3.663816e+01	1.557166e+02
4.040000e-06	6.774968e-06	1.442488e-09	3.653539e+01	1.556114e+02
4.050000e-06	6.755462e-06	1.380506e-09	3.643020e+01	1.554998e+02
4.060000e-06	6.735622e-06	1.268106e-09	3.632321e+01	1.553812e+02
4.070000e-06	6.715448e-06	1.375110e-09	3.621442e+01	1.552552e+02
4.080000e-06	6.694957e-06	1.424638e-09	3.610391e+01	1.551215e+02
4.090000e-06	6.673953e-06	1.297939e-09	3.599064e+01	1.549797e+02
4.100000e-06	6.652154e-06	1.318622e-09	3.587309e+01	1.548294e+02
4.110000e-06	6.629592e-06	1.421713e-09	3.575142e+01	1.546706e+02
4.120000e-06	6.606430e-06	1.348529e-09	3.562651e+01	1.545030e+02
4.130000e-06	6.582714e-06	1.302326e-09	3.549862e+01	1.543265e+02
4.140000e-06	6.558610e-06	1.394193e-09	3.536864e+01	1.541411e+02
4.150000e-06	6.534156e-06	1.371821e-09	3.523676e+01	1.539468e+02
4.160000e-06	6.509289e-06	1.294663e-09	3.510267e+01	1.537436e+02
4.170000e-06	6.483987e-06	1.359234e-09	3.496622e+01	1.535318e+02
4.180000e-06	6.458166e-06	1.387514e-09	3.482697e+01	1.533115e+02
4.190000e-06	6.431899e-06	1.313552e-09	3.468532e+01	1.530830e+02
4.200000e-06	6.405230e-06	1.333424e-09	3.454150e+01	1.528465e+02
4.210000e-06	6.378097e-06	1.375465e-09	3.439519e+01	1.526024e+02
4.220000e-06	6.350474e-06	1.322185e-09	3.424622e+01	1.523510e+02
4.230000e-06	6.322499e-06	1.319015e-09	3.409536e+01	1.520928e+02
4.240000e-06	6.294196e-06	1.364913e-09	3.394273e+01	1.518281e+02
4.250000e-06	6.265647e-06	1.335548e-09	3.378878e+01	1.515573e+02
4.260000e-06	6.236676e-06	1.316923e-09	3.363254e+01	1.512808e+02
4.270000e-06	6.207042e-06	1.351230e-09	3.347274e+01	1.509991e+02
4.280000e-06	6.176615e-06	1.337939e-09	3.330865e+01	1.507125e+02
4.290000e-06	6.145397e-06	1.314230e-09	3.314030e+01	1.504213e+02
4.300000e-06	6.113729e-06	1.333236e-09	3.296952e+01	1.501259e+02
4.310000e-06	6.081721e-06	1.331947e-09	3.279691e+01	1.498265e+02
4.320000e-06	6.049387e-06	1.316394e-09	3.262255e+01	1.495234e+02
4.330000e-06	6.016627e-06	1.326427e-09	3.244588e+01	1.492167e+02
4.340000e-06	5.983330e-06	1.324913e-09	3.226632e+01	1.489066e+02
4.350000e-06	5.949635e-06	1.312033e-09	3.208461e+01	1.485931e+02
4.360000e-06	5.915668e-06	1.316789e-09	3.190144e+01	1.482762e+02
4.370000e-06	5.881303e-06	1.317629e-09	3.171612e+01	1.479560e+02
4.380000e-06	5.846522e-06	1.310723e-09	3.152856e+01	1.476321e+02
4.390000e-06	5.811397e-06	1.312029e-09	3.133914e+01	1.473045e+02
4.400000e-06	5.775822e-06	1.309068e-09	3.114729e+01	1.469730e+02
4.410000e-06	5.739914e-06	1.303718e-09	3.095365e+01	1.466373e+02
4.420000e-06	5.703770e-06	1.306430e-09	3.075874e+01	1.462970e+02
4.430000e-06	5.667321e-06	1.303216e-09	3.056218e+01	1.459517e+02
4.440000e-06	5.630509e-06	1.295191e-09	3.036366e+01	1.456011e+02
4.450000e-06	5.593182e-06	1.295976e-09	3.016237e+01	1.452448e+02
4.460000e-06	5.555157e-06	1.297527e-09	2.995731e+01	1.448822e+02
4.470000e-06	5.516348e-06	1.292812e-09	2.974803e+01	1.445130e+02
4.480000e-06	5.476927e-06	1.288905e-09	2.953544e+01	1.441366e+02
4.490000e-06	5.437105e-06	1.286233e-09	2.932069e+01	1.437526e+02
4.500000e-06	5.397060e-06	1.282759e-09	2.910474e+01	1.433606e+02
4.510000e-06	5.356794e-06	1.280892e-09	2.888760e+01	1.429602e+02
4.520000e-06	5.316222e-06	1.280243e-09	2.866881e+01	1.425508e+02
4.530000e-06	5.275335e-06	1.278194e-09	2.844832e+01	1.421323e+02
4.540000e-06	5.234003e-06	1.275109e-09	2.822542e+01	1.417042e+02
4.550000e-06	5.192236e-06	1.272604e-09	2.800019e+01	1.412664e+02
4.560000e-06	5.150135e-06	1.270573e-09	2.777315e+01	1.408184e+02
4.570000e-06	5.107756e-06	1.266416e-09	2.754461e+01	1.403602e+02
4.580000e-06	5.065004e-06	1.259741e-09	2.731406e+01	1.398917e+02
4.590000e-06	5.021807e-06	1.253102e-09	2.708112e+01	1.394127e+02
4.600000e-06	4.978268e-06	1.249860e-09	2.684632e+01	1.389233e+02
4.610000e-06	4.934427e-06	1.248408e-09	2.660990e+01	1.384234e+02
4.620000e-06	4.890361e-06	1.245736e-09	2.637226e+01	1.379131e+02
4.630000e-06	4.846139e-06	1.242795e-09	2.613379e+01	1.373925e+02
4.640000e-06	4.801714e-06	1.239879e-09	2.589422e+01	1.368618e+02
4.650000e-06	4.756972e-06	1.235647e-09	2.565294e+01	1.363211e+02
4.660000e-06	4.711816e-06	1.229954e-09	2.540943e+01	1.357706e+02
4.670000e-06	4.666274e-06	1.223445e-09	2.516383e+01	1.352106e+02
4.680000e-06	4.620411e-06	1.217219e-09	2.491650e+01	1.346411e+02
4.690000e-06	4.574069e-06	1.212441e-09	2.466660e+01	1.340626e+02
4.700000e-06	4.527401e-06	1.208967e-09	2.441493e+01	1.334750e+02
4.710000e-06	4.480590e-06	1.206440e-09	2.416249e+01	1.328787e+02
4.720000e-06	4.433458e-06	1.203034e-09	2.390832e+01	1.322739e+02
4.730000e-06	4.385973e-06	1.196389e-09	2.365225e+01	1.316605e+02
4.740000e-06	4.338084e-06	1.188914e-09	2.339400e+01	1.310388e+02
4.750000e-06	4.289762e-06	1.184227e-09	2.313341e+01	1.304088e+02
4.760000e-06	4.241158e-06	1.179792e-09	2.287131e+01	1.297704e+02
4.770000e-06	4.192254e-06	1.173973e-09	2.260758e+01	1.291238e+02
4.780000e-06	4.142921e-06	1.169077e-09	2.234154e+01	1.284686e+02
4.790000e-06	4.093232e-06	1.165025e-09	2.207358e+01	1.278049e+02
4.800000e-06	4.043206e-06	1.160056e-09	2.180381e+01	1.271323e+02
4.810000e-06	3.992849e-06	1.154601e-09	2.153225e+01	1.264507e+02
4.820000e-06	3.942301e-06	1.148767e-09	2.125966e+01	1.257597e+02
4.830000e-06	3.891482e-06	1.142772e-09	2.098561e+01	1.250589e+02
4.840000e-06	3.840349e-06	1.136890e-09	2.070986e+01	1.243479e+02
4.850000e-06	3.788937e-06	1.130668e-09	2.043261e+01	1.236263e+02
4.860000e-06	3.737177e-06	1.124043e-09	2.015349e+01	1.228937e+02
4.870000e-06	3.685232e-06	1.118341e-09	1.987336e+01	1.221494e+02
4.880000e-06	3.633164e-06	1.113304e-09	1.959257e+01	1.213929e+02
4.890000e-06	3.580731e-06	1.107254e-09	1.930982e+01	1.206239e+02
4.900000e-06	3.527866e-06	1.101055e-09	1.902473e+01	1.198416e+02
4.910000e-06	3.474719e-06	1.095027e-09	1.873813e+01	1.190456e+02
4.920000e-06	3.421353e-06	1.087968e-09	1.845034e+01	1.182354e+02
4.930000e-06	3.367512e-06	1.080184e-09	1.815999e+01	1.174105e+02
4.940000e-06	3.313041e-06	1.072964e-09	1.786625e+01	1.165705e+02
4.950000e-06	3.258205e-06	1.066447e-09	1.757053e+01	1.157149e+02
4.960000e-06	3.203139e-06	1.058975e-09	1.727358e+01	1.148434e+02
4.970000e-06	3.147838e-06	1.050735e-09	1.697535e+01	1.139558e+02
4.980000e-06	3.092317e-06	1.043430e-09	1.667595e+01	1.130517e+02
4.990000e-06	3.036617e-06	1.036326e-09	1.637558e+01	1.121310e+02
5.000000e-06	2.980680e-06	1.028270e-09	1.607392e+01	1.111935e+02
5.010000e-06	2.924505e-06	1.018696e-09	1.577099e+01	1.102393e+02
5.020000e-06	2.868262e-06	1.008786e-09	1.546768e+01	1.092682e+02
5.030000e-06	2.811930e-06	1.000283e-09	1.516391e+01	1.082805e+02
5.040000e-06	2.755392e-06	9.926657e-10	1.485901e+01	1.072761e+02
5.050000e-06	2.698642e-06	9.851897e-10	1.455298e+01	1.062554e+02
5.060000e-06	2.641771e-06	9.780458e-10	1.424629e+01	1.052184e+02
5.070000e-06	2.584713e-06	9.698597e-10	1.393859e+01	1.041654e+02
5.080000e-06	2.527389e-06	9.604957e-10	1.362946e+01	1.030967e+02
5.090000e-06	2.470031e-06	9.504652e-10	1.332014e+01	1.020126e+02
5.100000e-06	2.412590e-06	9.400593e-10	1.301038e+01	1.009134e+02
5.110000e-06	2.354921e-06	9.294611e-10	1.269939e+01	9.979939e+01
5.120000e-06	2.297075e-06	9.185647e-10	1.238744e+01	9.867077e+01
5.130000e-06	2.239055e-06	9.085155e-10	1.207456e+01	9.752780e+01
5.140000e-06	2.180787e-06	8.995274e-10	1.176034e+01	9.637068e+01
5.150000e-06	2.122302e-06	8.893031e-10	1.144495e+01	9.519951e+01
5.160000e-06	2.063833e-06	8.777232e-10	1.112964e+01	9.401438e+01
5.170000e-06	2.005131e-06	8.657825e-10	1.081307e+01	9.281525e+01
5.180000e-06	1.946044e-06	8.538365e-10	1.049444e+01	9.160201e+01
5.190000e-06	1.886868e-06	8.427122e-10	1.017532e+01	9.037447e+01
5.200000e-06	1.827574e-06	8.315731e-10	9.855563e+00	8.913231e+01
5.210000e-06	1.768133e-06	8.192060e-10	9.535015e+00	8.787511e+01
5.220000e-06	1.708659e-06	8.062823e-10	9.214288e+00	8.660234e+01
5.230000e-06	1.649153e-06	7.951835e-10	8.893390e+00	8.531334e+01
5.240000e-06	1.589543e-06	7.845781e-10	8.571936e+00	8.400735e+01
5.250000e-06	1.529841e-06	7.719361e-10	8.249979e+00	8.268348e+01
5.260000e-06	1.470066e-06	7.597193e-10	7.927629e+00	8.134074e+01
5.270000e-06	1.410178e-06	7.484641e-10	7.604669e+00	7.997803e+01
5.280000e-06	1.350229e-06	7.356777e-10	7.281386e+00	7.859416e+01
5.290000e-06	1.290217e-06	7.211470e-10	6.957758e+00	7.718783e+01
5.300000e-06	1.230118e-06	7.058594e-10	6.633661e+00	7.575769e+01
5.310000e-06	1.169987e-06	6.914527e-10	6.309393e+00	7.430231e+01
5.320000e-06	1.109812e-06	6.784816e-10	5.984885e+00	7.282022e+01
5.330000e-06	1.049599e-06	6.661533e-10	5.660175e+00	7.130992e+01
5.340000e-06	9.893759e-07	6.542467e-10	5.335411e+00	6.976988e+01
5.350000e-06	9.290754e-07	6.413933e-10	5.010228e+00	6.819859e+01
5.360000e-06	8.687215e-07	6.266063e-10	4.684757e+00	6.659457e+01
5.370000e-06	8.083549e-07	6.110672e-10	4.359218e+00	6.495635e+01
5.380000e-06	7.480081e-07	5.952442e-10	4.033786e+00	6.328256e+01
5.390000e-06	6.875976e-07	5.793041e-10	3.708010e+00	6.157188e+01
5.400000e-06	6.271165e-07	5.628509e-10	3.381853e+00	5.982310e+01
5.410000e-06	5.667106e-07	5.464404e-10	3.056102e+00	5.803515e+01
5.420000e-06	5.062507e-07	5.310298e-10	2.730060e+00	5.620708e+01
5.430000e-06	4.455877e-07	5.158905e-10	2.402922e+00	5.433808e+01
5.440000e-06	3.848772e-07	4.992542e-10	2.075528e+00	5.242753e+01
5.450000e-06	3.241217e-07	4.806873e-10	1.747892e+00	5.047499e+01
5.460000e-06	2.633561e-07	4.615409e-10	1.420201e+00	4.848021e+01
5.470000e-06	2.026765e-07	4.419521e-10	1.092974e+00	4.644315e+01
5.480000e-06	1.420086e-07	4.218862e-10	7.658103e-01	4.436397e+01
5.490000e-06	8.139161e-08	4.017698e-10	4.389208e-01	4.224307e+01
5.500000e-06	2.070398e-08	3.815342e-10	1.116504e-01	4.008106e+01
5.510000e-06	-4.003246e-08	3.609611e-10	-2.158832e-01	3.787876e+01
5.520000e-06	-1.007427e-07	3.406547e-10	-5.432756e-01	3.563723e+01
5.530000e-06	-1.615289e-07	3.211182e-10	-8.710773e-01	3.335775e+01
5.540000e-06	-2.224213e-07	3.009756e-10	-1.199452e+00	3.104180e+01
5.550000e-06	-2.833352e-07	2.796321e-10	-1.527943e+00	2.869108e+01
5.560000e-06	-3.441238e-07	2.578570e-10	-1.855757e+00	2.630747e+01
5.570000e-06	-4.048211e-07	2.356149e-10	-2.183080e+00	2.389304e+01
5.580000e-06	-4.654891e-07	2.123978e-10	-2.510244e+00	2.145002e+01
5.590000e-06	-5.261815e-07	1.884837e-10	-2.837541e+00	1.898082e+01
5.600000e-06	-5.868702e-07	1.653032e-10	-3.164817e+00	1.648795e+01
5.610000e-06	-6.474729e-07	1.425925e-10	-3.491629e+00	1.397407e+01
5.620000e-06	-7.079629e-07	1.196558e-10	-3.817834e+00	1.144191e+01
5.630000e-06	-7.682850e-07	9.667565e-11	-4.143133e+00	8.894310e+00
5.640000e-06	-8.285457e-07	7.294719e-11	-4.468101e+00	6.334145e+00
5.650000e-06	-8.888981e-07	4.847603e-11	-4.793563e+00	3.764338e+00
5.660000e-06	-9.492410e-07	2.418064e-11	-5.118975e+00	1.187829e+00
5.670000e-06	-1.009453e-06	8.881819e-13	-5.443678e+00	-1.392445e+00
5.680000e-06	-1.069594e-06	-2.149564e-11	-5.768003e+00	-3.973570e+00
5.690000e-06	-1.129666e-06	-4.405165e-11	-6.091951e+00	-6.552673e+00
5.700000e-06	-1.189725e-06	-6.770552e-11	-6.415836e+00	-9.126944e+00
5.710000e-06	-1.249840e-06	-9.186383e-11	-6.740015e+00	-1.169365e+01
5.720000e-06	-1.309889e-06	-1.143982e-10	-7.063843e+00	-1.425014e+01
5.730000e-06	-1.369854e-06	-1.359096e-10	-7.387214e+00	-1.679390e+01
5.740000e-06	-1.429742e-06	-1.582329e-10	-7.710176e+00	-1.932250e+01
5.750000e-06	-1.489604e-06	-1.815811e-10	-8.032993e+00	-2.183367e+01
5.760000e-06	-1.549403e-06	-2.059587e-10	-8.355470e+00	-2.432528e+01
5.770000e-06	-1.609117e-06	-2.298049e-10	-8.677489e+00	-2.679533e+01
5.780000e-06	-1.668795e-06	-2.534788e-10	-8.999317e+00	-2.924200e+01
5.790000e-06	-1.728258e-06	-2.782533e-10	-9.319983e+00	-3.166362e+01
5.800000e-06	-1.787525e-06	-3.032489e-10	-9.639594e+00	-3.405868e+01
5.810000e-06	-1.846666e-06	-3.267928e-10	-9.958521e+00	-3.642583e+01
5.820000e-06	-1.905614e-06	-3.475115e-10	-1.027641e+01	-3.876390e+01
5.830000e-06	-1.964429e-06	-3.673976e-10	-1.059358e+01	-4.107187e+01
5.840000e-06	-2.023139e-06	-3.893651e-10	-1.091019e+01	-4.334887e+01
5.850000e-06	-2.081659e-06	-4.115359e-10	-1.122577e+01	-4.559419e+01
5.860000e-06	-2.140041e-06	-4.314205e-10	-1.154061e+01	-4.780726e+01
5.870000e-06	-2.198319e-06	-4.505404e-10	-1.185488e+01	-4.998764e+01
5.880000e-06	-2.256289e-06	-4.702500e-10	-1.216750e+01	-5.213502e+01
5.890000e-06	-2.314092e-06	-4.894839e-10	-1.247921e+01	-5.424922e+01
5.900000e-06	-2.371805e-06	-5.086534e-10	-1.279044e+01	-5.633015e+01
5.910000e-06	-2.429203e-06	-5.282957e-10	-1.309997e+01	-5.837783e+01
5.920000e-06	-2.486411e-06	-5.472401e-10	-1.340848e+01	-6.039236e+01
5.930000e-06	-2.543532e-06	-5.668247e-10	-1.371651e+01	-6.237392e+01
5.940000e-06	-2.600434e-06	-5.873718e-10	-1.402337e+01	-6.432274e+01
5.950000e-06	-2.657173e-06	-6.065658e-10	-1.432935e+01	-6.623913e+01
5.960000e-06	-2.713808e-06	-6.232433e-10	-1.463476e+01	-6.812342e+01
5.970000e-06	-2.770332e-06	-6.385328e-10	-1.493958e+01	-6.997599e+01
5.980000e-06	-2.826744e-06	-6.546345e-10	-1.524379e+01	-7.179723e+01
5.990000e-06	-2.883037e-06	-6.719261e-10	-1.554736e+01	-7.358757e+01
6.000000e-06	-2.939146e-06	-6.893816e-10	-1.584994e+01	-7.534742e+01
6.010000e-06	-2.995074e-06	-7.056506e-10	-1.615155e+01	-7.707721e+01
6.020000e-06	-3.050790e-06	-7.201086e-10	-1.645200e+01	-7.877737e+01
6.030000e-06	-3.106139e-06	-7.345126e-10	-1.675049e+01	-8.044830e+01
6.040000e-06	-3.161136e-06	-7.496385e-10	-1.704707e+01	-8.209041e+01
6.050000e-06	-3.215909e-06	-7.645902e-10	-1.734244e+01	-8.370409e+01
6.060000e-06	-3.270468e-06	-7.789713e-10	-1.763667e+01	-8.528968e+01
6.070000e-06	-3.324559e-06	-7.928741e-10	-1.792836e+01	-8.684755e+01
6.080000e-06	-3.378164e-06	-8.075338e-10	-1.821744e+01	-8.837802e+01
6.090000e-06	-3.431481e-06	-8.234503e-10	-1.850496e+01	-8.988138e+01
6.100000e-06	-3.484589e-06	-8.387372e-10	-1.879135e+01	-9.135793e+01
6.110000e-06	-3.537348e-06	-8.508903e-10	-1.907586e+01	-9.280792e+01
6.120000e-06	-3.589767e-06	-8.615627e-10	-1.935855e+01	-9.423162e+01
6.130000e-06	-3.641964e-06	-8.739560e-10	-1.964003e+01	-9.562926e+01
6.140000e-06	-3.693868e-06	-8.875387e-10	-1.991993e+01	-9.700106e+01
6.150000e-06	-3.745485e-06	-9.012610e-10	-2.019829e+01	-9.834724e+01
6.160000e-06	-3.796933e-06	-9.146479e-10	-2.047573e+01	-9.966803e+01
6.170000e-06	-3.848124e-06	-9.270397e-10	-2.075179e+01	-1.009636e+02
6.180000e-06	-3.898928e-06	-9.374056e-10	-2.102576e+01	-1.022342e+02
6.190000e-06	-3.949467e-06	-9.470615e-10	-2.129830e+01	-1.034801e+02
6.200000e-06	-3.999867e-06	-9.579103e-10	-2.157009e+01	-1.047015e+02
6.210000e-06	-4.049806e-06	-9.682513e-10	-2.183940e+01	-1.058986e+02
6.220000e-06	-4.099254e-06	-9.779835e-10	-2.210606e+01	-1.070717e+02
6.230000e-06	-4.148436e-06	-9.883597e-10	-2.237129e+01	-1.082210e+02
6.240000e-06	-4.197159e-06	-9.988167e-10	-2.263403e+01	-1.093469e+02
6.250000e-06	-4.245411e-06	-1.008751e-09	-2.289424e+01	-1.104497e+02
6.260000e-06	-4.293316e-06	-1.017981e-09	-2.315258e+01	-1.115297e+02
6.270000e-06	-4.340762e-06	-1.026799e-09	-2.340844e+01	-1.125872e+02
6.280000e-06	-4.388009e-06	-1.036451e-09	-2.366323e+01	-1.136227e+02
6.290000e-06	-4.435086e-06	-1.047771e-09	-2.391710e+01	-1.146365e+02
6.300000e-06	-4.481719e-06	-1.058807e-09	-2.416858e+01	-1.156291e+02
6.310000e-06	-4.528026e-06	-1.067618e-09	-2.441830e+01	-1.166009e+02
6.320000e-06	-4.574006e-06	-1.075337e-09	-2.466625e+01	-1.175523e+02
6.330000e-06	-4.619634e-06	-1.082930e-09	-2.491232e+01	-1.184838e+02
6.340000e-06	-4.664908e-06	-1.091365e-09	-2.515646e+01	-1.193959e+02
6.350000e-06	-4.709931e-06	-1.100279e-09	-2.539926e+01	-1.202890e+02
6.360000e-06	-4.754624e-06	-1.107915e-09	-2.564028e+01	-1.211638e+02
6.370000e-06	-4.799044e-06	-1.115013e-09	-2.587982e+01	-1.220206e+02
6.380000e-06	-4.843335e-06	-1.122908e-09	-2.611867e+01	-1.228599e+02
6.390000e-06	-4.887411e-06	-1.130483e-09	-2.635636e+01	-1.236824e+02
6.400000e-06	-4.931280e-06	-1.136032e-09	-2.659293e+01	-1.244884e+02
6.410000e-06	-4.974874e-06	-1.141289e-09	-2.682802e+01	-1.252785e+02
6.420000e-06	-5.018019e-06	-1.148823e-09	-2.706068e+01	-1.260531e+02
6.430000e-06	-5.060763e-06	-1.157598e-09	-2.729119e+01	-1.268126e+02
6.440000e-06	-5.103176e-06	-1.165221e-09	-2.751991e+01	-1.275577e+02
6.450000e-06	-5.145310e-06	-1.171407e-09	-2.774713e+01	-1.282886e+02
6.460000e-06	-5.187104e-06	-1.177266e-09	-2.797251e+01	-1.290057e+02
6.470000e-06	-5.228420e-06	-1.184034e-09	-2.819532e+01	-1.297096e+02
6.480000e-06	-5.269280e-06	-1.191201e-09	-2.841566e+01	-1.304005e+02
6.490000e-06	-5.309787e-06	-1.197525e-09	-2.863410e+01	-1.310788e+02
6.500000e-06	-5.350130e-06	-1.203029e-09	-2.885166e+01	-1.317448e+02
6.510000e-06	-5.390261e-06	-1.208165e-09	-2.906808e+01	-1.323989e+02
6.520000e-06	-5.430181e-06	-1.213696e-09	-2.928336e+01	-1.330413e+02
6.530000e-06	-5.469707e-06	-1.218356e-09	-2.949651e+01	-1.336722e+02
6.540000e-06	-5.508694e-06	-1.221786e-09	-2.970675e+01	-1.342920e+02
6.550000e-06	-5.547244e-06	-1.225921e-09	-2.991464e+01	-1.349008e+02
6.560000e-06	-5.585181e-06	-1.231545e-09	-3.011922e+01	-1.354989e+02
6.570000e-06	-5.622473e-06	-1.237600e-09	-3.032033e+01	-1.360863e+02
6.580000e-06	-5.659209e-06	-1.242665e-09	-3.051843e+01	-1.366634e+02
6.590000e-06	-5.695521e-06	-1.246840e-09	-3.071425e+01	-1.372302e+02
6.600000e-06	-5.731573e-06	-1.250433e-09	-3.090867e+01	-1.377868e+02
6.610000e-06	-5.767356e-06	-1.253976e-09	-3.110164e+01	-1.383335e+02
6.620000e-06	-5.802771e-06	-1.258147e-09	-3.129262e+01	-1.388703e+02
6.630000e-06	-5.837719e-06	-1.262951e-09	-3.148108e+01	-1.393974e+02
6.640000e-06	-5.872295e-06	-1.266468e-09	-3.166754e+01	-1.399147e+02
6.650000e-06	-5.906510e-06	-1.269737e-09	-3.185205e+01	-1.404226e+02
6.660000e-06	-5.940178e-06	-1.273909e-09	-3.203361e+01	-1.409209e+02
6.670000e-06	-5.973258e-06	-1.276853e-09	-3.221200e+01	-1.414099e+02
6.680000e-06	-6.006048e-06	-1.279342e-09	-3.238884e+01	-1.418897e+02
6.690000e-06	-6.038597e-06	-1.282446e-09	-3.256436e+01	-1.423603e+02
6.700000e-06	-6.070875e-06	-1.286124e-09	-3.273843e+01	-1.428218e+02
6.710000e-06	-6.102851e-06	-1.290038e-09	-3.291086e+01	-1.432744e+02
6.720000e-06	-6.134304e-06	-1.293159e-09	-3.308048e+01	-1.437181e+02
6.730000e-06	-6.165177e-06	-1.294999e-09	-3.324697e+01	-1.441531e+02
6.740000e-06	-6.195394e-06	-1.295982e-09	-3.340992e+01	-1.445794e+02
6.750000e-06	-6.224829e-06	-1.298542e-09	-3.356866e+01	-1.449973e+02
6.760000e-06	-6.253691e-06	-1.303221e-09	-3.372430e+01	-1.454067e+02
6.770000e-06	-6.282232e-06	-1.306299e-09	-3.387821e+01	-1.458079e+02
6.780000e-06	-6.310436e-06	-1.307256e-09	-3.403031e+01	-1.462009e+02
6.790000e-06	-6.338325e-06	-1.308167e-09	-3.418070e+01	-1.465860e+02
6.800000e-06	-6.365928e-06	-1.309154e-09	-3.432956e+01	-1.469632e+02
6.810000e-06	-6.393119e-06	-1.311432e-09	-3.447619e+01	-1.473326e+02
6.820000e-06	-6.419685e-06	-1.314275e-09	-3.461946e+01	-1.476945e+02
6.830000e-06	-6.445699e-06	-1.316486e-09	-3.475974e+01	-1.480490e+02
6.840000e-06	-6.471314e-06	-1.319547e-09	-3.489787e+01	-1.483961e+02
6.850000e-06	-6.496562e-06	-1.321931e-09	-3.503403e+01	-1.487361e+02
6.860000e-06	-6.521303e-06	-1.322499e-09	-3.516745e+01	-1.490691e+02
6.870000e-06	-6.545695e-06	-1.322765e-09	-3.529899e+01	-1.493952e+02
6.880000e-06	-6.569893e-06	-1.323906e-09	-3.542948e+01	-1.497146e+02
6.890000e-06	-6.593639e-06	-1.327294e-09	-3.555754e+01	-1.500273e+02
6.900000e-06	-6.616801e-06	-1.331167e-09	-3.568244e+01	-1.503337e+02
6.910000e-06	-6.639218e-06	-1.332687e-09	-3.580333e+01	-1.506336e+02
6.920000e-06	-6.660811e-06	-1.333562e-09	-3.591977e+01	-1.509274e+02
6.930000e-06	-6.681735e-06	-1.335201e-09	-3.603261e+01	-1.512150e+02
6.940000e-06	-6.702242e-06	-1.336679e-09	-3.614320e+01	-1.514967e+02
6.950000e-06	-6.722457e-06	-1.338380e-09	-3.625221e+01	-1.517724e+02
6.960000e-06	-6.742235e-06	-1.341077e-09	-3.635887e+01	-1.520424e+02
6.970000e-06	-6.761521e-06	-1.343147e-09	-3.646288e+01	-1.523065e+02
6.980000e-06	-6.780328e-06	-1.344344e-09	-3.656429e+01	-1.525650e+02
6.990000e-06	-6.798780e-06	-1.346133e-09	-3.666380e+01	-1.528179e+02
7.000000e-06	-6.816804e-06	-1.347194e-09	-3.676100e+01	-1.530651e+02
7.010000e-06	-6.834223e-06	-1.347834e-09	-3.685493e+01	-1.533068e+02
7.020000e-06	-6.851111e-06	-1.349509e-09	-3.694601e+01	-1.535430e+02
7.030000e-06	-6.867609e-06	-1.351793e-09	-3.703498e+01	-1.537735e+02
7.040000e-06	-6.883888e-06	-1.353368e-09	-3.712276e+01	-1.539985e+02
7.050000e-06	-6.899900e-06	-1.353952e-09	-3.720911e+01	-1.542179e+02
7.060000e-06	-6.915447e-06	-1.354717e-09	-3.729295e+01	-1.544316e+02
7.070000e-06	-6.930377e-06	-1.355674e-09	-3.737347e+01	-1.546395e+02
7.080000e-06	-6.944412e-06	-1.356694e-09	-3.744915e+01	-1.548416e+02
7.090000e-06	-6.957561e-06	-1.358429e-09	-3.752006e+01	-1.550378e+02
7.100000e-06	-6.970286e-06	-1.360909e-09	-3.758868e+01	-1.552280e+02
7.110000e-06	-6.982525e-06	-1.363258e-09	-3.765468e+01	-1.554120e+02
7.120000e-06	-6.994158e-06	-1.364486e-09	-3.771742e+01	-1.555896e+02
7.130000e-06	-7.005291e-06	-1.365060e-09	-3.777745e+01	-1.557609e+02
7.140000e-06	-7.015789e-06	-1.365302e-09	-3.783406e+01	-1.559255e+02
7.150000e-06	-7.025802e-06	-1.364725e-09	-3.788806e+01	-1.560833e+02
7.160000e-06	-7.035463e-06	-1.364978e-09	-3.794016e+01	-1.562342e+02
7.170000e-06	-7.044637e-06	-1.366593e-09	-3.798964e+01	-1.563779e+02
7.180000e-06	-7.053248e-06	-1.367752e-09	-3.803607e+01	-1.565144e+02
7.190000e-06	-7.061544e-06	-1.367797e-09	-3.808081e+01	-1.566434e+02
7.200000e-06	-7.069644e-06	-1.367931e-09	-3.812449e+01	-1.567648e+02
7.210000e-06	-7.077249e-06	-1.368228e-09	-3.816550e+01	-1.568784e+02
7.220000e-06	-7.084195e-06	-1.367607e-09	-3.820296e+01	-1.569841e+02
7.230000e-06	-7.090468e-06	-1.367034e-09	-3.823679e+01	-1.570818e+02
7.240000e-06	-7.095953e-06	-1.366844e-09	-3.826637e+01	-1.571713e+02
7.250000e-06	-7.100732e-06	-1.366874e-09	-3.829214e+01	-1.572526e+02
7.260000e-06	-7.105088e-06	-1.367851e-09	-3.831563e+01	-1.573257e+02
7.270000e-06	-7.109054e-06	-1.367988e-09	-3.833702e+01	-1.573905e+02
7.280000e-06	-7.112727e-06	-1.367356e-09	-3.835682e+01	-1.574470e+02
7.290000e-06	-7.115964e-06	-1.366597e-09	-3.837428e+01	-1.574953e+02
7.300000e-06	-7.118534e-06	-1.365480e-09	-3.838814e+01	-1.575354e+02
7.310000e-06	-7.120568e-06	-1.365676e-09	-3.839911e+01	-1.575675e+02
7.320000e-06	-7.122045e-06	-1.366263e-09	-3.840708e+01	-1.575917e+02
7.330000e-06	-7.123108e-06	-1.366525e-09	-3.841281e+01	-1.576082e+02
7.340000e-06	-7.123867e-06	-1.365542e-09	-3.841690e+01	-1.576172e+02
