# Temperatura_=_20.0
# Concentracion g/m^3_=_7400.0
# C_Vs_to_Am_M_A/Vsm_=_116720831517.84952
# pendiente_HvsI_1/m_=_3716.3
# ordenada_HvsI_A/m_=_1297.0
# frecuencia_Hz_=_136114.0298741028

Tiempo_(s)	Campo_(V.s)	Magnetizacion_(V.s)	Campo_(kA/m)	Magnetizacion_(A/m)
0.000000e+00	-7.133993e-06	-1.632054e-09	-3.842059e+01	-1.893154e+02
1.000000e-08	-7.134108e-06	-1.631876e-09	-3.842120e+01	-1.893579e+02
2.000000e-08	-7.133763e-06	-1.631501e-09	-3.841934e+01	-1.893920e+02
3.000000e-08	-7.132624e-06	-1.630262e-09	-3.841321e+01	-1.894175e+02
4.000000e-08	-7.130749e-06	-1.629600e-09	-3.840311e+01	-1.894342e+02
5.000000e-08	-7.128211e-06	-1.629109e-09	-3.838944e+01	-1.894419e+02
6.000000e-08	-7.125002e-06	-1.627316e-09	-3.837216e+01	-1.894404e+02
7.000000e-08	-7.121380e-06	-1.628468e-09	-3.835266e+01	-1.894294e+02
8.000000e-08	-7.117363e-06	-1.640224e-09	-3.833102e+01	-1.894090e+02
9.000000e-08	-7.112749e-06	-1.633955e-09	-3.830617e+01	-1.893789e+02
1.000000e-07	-7.107388e-06	-1.579671e-09	-3.827730e+01	-1.893392e+02
1.100000e-07	-7.101473e-06	-1.572011e-09	-3.824544e+01	-1.892899e+02
1.200000e-07	-7.095342e-06	-1.668195e-09	-3.821243e+01	-1.892311e+02
1.300000e-07	-7.088934e-06	-1.699758e-09	-3.817792e+01	-1.891628e+02
1.400000e-07	-7.081886e-06	-1.575629e-09	-3.813996e+01	-1.890851e+02
1.500000e-07	-7.074315e-06	-1.532395e-09	-3.809918e+01	-1.889984e+02
1.600000e-07	-7.066495e-06	-1.681344e-09	-3.805707e+01	-1.889029e+02
1.700000e-07	-7.058171e-06	-1.710362e-09	-3.801224e+01	-1.887989e+02
1.800000e-07	-7.049193e-06	-1.522175e-09	-3.796389e+01	-1.886866e+02
1.900000e-07	-7.039484e-06	-1.496022e-09	-3.791160e+01	-1.885666e+02
2.000000e-07	-7.029223e-06	-1.707391e-09	-3.785634e+01	-1.884392e+02
2.100000e-07	-7.018580e-06	-1.721995e-09	-3.779902e+01	-1.883048e+02
2.200000e-07	-7.007205e-06	-1.515660e-09	-3.773776e+01	-1.881639e+02
2.300000e-07	-6.995111e-06	-1.520129e-09	-3.767262e+01	-1.880168e+02
2.400000e-07	-6.982606e-06	-1.690152e-09	-3.760528e+01	-1.878640e+02
2.500000e-07	-6.969595e-06	-1.639542e-09	-3.753521e+01	-1.877060e+02
2.600000e-07	-6.955752e-06	-1.509204e-09	-3.746065e+01	-1.875430e+02
2.700000e-07	-6.941350e-06	-1.597442e-09	-3.738309e+01	-1.873755e+02
2.800000e-07	-6.926432e-06	-1.670920e-09	-3.730275e+01	-1.872037e+02
2.900000e-07	-6.910629e-06	-1.558382e-09	-3.721764e+01	-1.870279e+02
3.000000e-07	-6.894158e-06	-1.543573e-09	-3.712894e+01	-1.868482e+02
3.100000e-07	-6.877424e-06	-1.647666e-09	-3.703881e+01	-1.866648e+02
3.200000e-07	-6.860237e-06	-1.579748e-09	-3.694625e+01	-1.864778e+02
3.300000e-07	-6.842477e-06	-1.496085e-09	-3.685060e+01	-1.862872e+02
3.400000e-07	-6.824294e-06	-1.622653e-09	-3.675268e+01	-1.860929e+02
3.500000e-07	-6.805626e-06	-1.663585e-09	-3.665214e+01	-1.858947e+02
3.600000e-07	-6.786485e-06	-1.503401e-09	-3.654906e+01	-1.856926e+02
3.700000e-07	-6.766937e-06	-1.506516e-09	-3.644378e+01	-1.854862e+02
3.800000e-07	-6.747060e-06	-1.643768e-09	-3.633673e+01	-1.852752e+02
3.900000e-07	-6.726789e-06	-1.579885e-09	-3.622756e+01	-1.850594e+02
4.000000e-07	-6.706031e-06	-1.485211e-09	-3.611576e+01	-1.848383e+02
4.100000e-07	-6.684699e-06	-1.581356e-09	-3.600088e+01	-1.846115e+02
4.200000e-07	-6.662982e-06	-1.610680e-09	-3.588392e+01	-1.843787e+02
4.300000e-07	-6.640910e-06	-1.512895e-09	-3.576505e+01	-1.841393e+02
4.400000e-07	-6.618252e-06	-1.538654e-09	-3.564303e+01	-1.838930e+02
4.500000e-07	-6.595089e-06	-1.591668e-09	-3.551828e+01	-1.836394e+02
4.600000e-07	-6.571650e-06	-1.517578e-09	-3.539205e+01	-1.833781e+02
4.700000e-07	-6.548027e-06	-1.510977e-09	-3.526482e+01	-1.831087e+02
4.800000e-07	-6.524116e-06	-1.589723e-09	-3.513605e+01	-1.828310e+02
4.900000e-07	-6.499556e-06	-1.546911e-09	-3.500378e+01	-1.825448e+02
5.000000e-07	-6.474144e-06	-1.485803e-09	-3.486693e+01	-1.822498e+02
5.100000e-07	-6.447984e-06	-1.540495e-09	-3.472604e+01	-1.819459e+02
5.200000e-07	-6.421167e-06	-1.550675e-09	-3.458161e+01	-1.816331e+02
5.300000e-07	-6.393985e-06	-1.493829e-09	-3.443522e+01	-1.813115e+02
5.400000e-07	-6.366447e-06	-1.512821e-09	-3.428691e+01	-1.809811e+02
5.500000e-07	-6.338451e-06	-1.538921e-09	-3.413614e+01	-1.806421e+02
5.600000e-07	-6.310038e-06	-1.500038e-09	-3.398312e+01	-1.802948e+02
5.700000e-07	-6.281221e-06	-1.496296e-09	-3.382793e+01	-1.799394e+02
5.800000e-07	-6.251922e-06	-1.520396e-09	-3.367013e+01	-1.795762e+02
5.900000e-07	-6.222175e-06	-1.495062e-09	-3.350993e+01	-1.792058e+02
6.000000e-07	-6.192167e-06	-1.479747e-09	-3.334832e+01	-1.788284e+02
6.100000e-07	-6.161728e-06	-1.501885e-09	-3.318439e+01	-1.784446e+02
6.200000e-07	-6.130751e-06	-1.496006e-09	-3.301756e+01	-1.780548e+02
6.300000e-07	-6.099434e-06	-1.476298e-09	-3.284890e+01	-1.776594e+02
6.400000e-07	-6.067824e-06	-1.480326e-09	-3.267866e+01	-1.772589e+02
6.500000e-07	-6.035901e-06	-1.477815e-09	-3.250674e+01	-1.768538e+02
6.600000e-07	-6.003575e-06	-1.465409e-09	-3.233264e+01	-1.764443e+02
6.700000e-07	-5.970702e-06	-1.467020e-09	-3.215561e+01	-1.760309e+02
6.800000e-07	-5.937114e-06	-1.467357e-09	-3.197471e+01	-1.756137e+02
6.900000e-07	-5.902771e-06	-1.456657e-09	-3.178976e+01	-1.751929e+02
7.000000e-07	-5.867838e-06	-1.450758e-09	-3.160162e+01	-1.747686e+02
7.100000e-07	-5.832458e-06	-1.448809e-09	-3.141108e+01	-1.743409e+02
7.200000e-07	-5.796824e-06	-1.444154e-09	-3.121917e+01	-1.739097e+02
7.300000e-07	-5.761007e-06	-1.440445e-09	-3.102628e+01	-1.734747e+02
7.400000e-07	-5.724980e-06	-1.436909e-09	-3.083225e+01	-1.730358e+02
7.500000e-07	-5.688513e-06	-1.433213e-09	-3.063586e+01	-1.725925e+02
7.600000e-07	-5.651513e-06	-1.432054e-09	-3.043659e+01	-1.721444e+02
7.700000e-07	-5.614093e-06	-1.428328e-09	-3.023506e+01	-1.716910e+02
7.800000e-07	-5.576191e-06	-1.418627e-09	-3.003094e+01	-1.712316e+02
7.900000e-07	-5.537919e-06	-1.409336e-09	-2.982483e+01	-1.707656e+02
8.000000e-07	-5.499235e-06	-1.404310e-09	-2.961649e+01	-1.702922e+02
8.100000e-07	-5.460077e-06	-1.402383e-09	-2.940560e+01	-1.698107e+02
8.200000e-07	-5.420654e-06	-1.399906e-09	-2.919328e+01	-1.693203e+02
8.300000e-07	-5.381092e-06	-1.394405e-09	-2.898022e+01	-1.688202e+02
8.400000e-07	-5.341355e-06	-1.386849e-09	-2.876622e+01	-1.683096e+02
8.500000e-07	-5.301182e-06	-1.381203e-09	-2.854986e+01	-1.677877e+02
8.600000e-07	-5.260522e-06	-1.377625e-09	-2.833089e+01	-1.672538e+02
8.700000e-07	-5.219333e-06	-1.372774e-09	-2.810906e+01	-1.667072e+02
8.800000e-07	-5.177591e-06	-1.365424e-09	-2.788426e+01	-1.661473e+02
8.900000e-07	-5.135327e-06	-1.357730e-09	-2.765664e+01	-1.655736e+02
9.000000e-07	-5.092493e-06	-1.352727e-09	-2.742596e+01	-1.649855e+02
9.100000e-07	-5.049268e-06	-1.349063e-09	-2.719316e+01	-1.643828e+02
9.200000e-07	-5.005785e-06	-1.343114e-09	-2.695898e+01	-1.637653e+02
9.300000e-07	-4.962075e-06	-1.335411e-09	-2.672358e+01	-1.631326e+02
9.400000e-07	-4.918036e-06	-1.328499e-09	-2.648640e+01	-1.624849e+02
9.500000e-07	-4.873575e-06	-1.323855e-09	-2.624695e+01	-1.618222e+02
9.600000e-07	-4.828749e-06	-1.319583e-09	-2.600554e+01	-1.611447e+02
9.700000e-07	-4.783599e-06	-1.313306e-09	-2.576239e+01	-1.604526e+02
9.800000e-07	-4.738175e-06	-1.305821e-09	-2.551775e+01	-1.597463e+02
9.900000e-07	-4.692529e-06	-1.299147e-09	-2.527192e+01	-1.590263e+02
1.000000e-06	-4.646492e-06	-1.294496e-09	-2.502399e+01	-1.582931e+02
1.010000e-06	-4.600095e-06	-1.289425e-09	-2.477411e+01	-1.575473e+02
1.020000e-06	-4.553439e-06	-1.282181e-09	-2.452284e+01	-1.567895e+02
1.030000e-06	-4.506418e-06	-1.274549e-09	-2.426961e+01	-1.560202e+02
1.040000e-06	-4.459084e-06	-1.268855e-09	-2.401469e+01	-1.552402e+02
1.050000e-06	-4.411505e-06	-1.263950e-09	-2.375845e+01	-1.544500e+02
1.060000e-06	-4.363804e-06	-1.257930e-09	-2.350155e+01	-1.536504e+02
1.070000e-06	-4.315909e-06	-1.251142e-09	-2.324361e+01	-1.528417e+02
1.080000e-06	-4.267670e-06	-1.243532e-09	-2.298381e+01	-1.520246e+02
1.090000e-06	-4.218892e-06	-1.236383e-09	-2.272112e+01	-1.511993e+02
1.100000e-06	-4.169561e-06	-1.230233e-09	-2.245544e+01	-1.503663e+02
1.110000e-06	-4.119894e-06	-1.222964e-09	-2.218796e+01	-1.495258e+02
1.120000e-06	-4.069740e-06	-1.214701e-09	-2.191785e+01	-1.486778e+02
1.130000e-06	-4.019129e-06	-1.206817e-09	-2.164528e+01	-1.478225e+02
1.140000e-06	-3.968122e-06	-1.200482e-09	-2.137058e+01	-1.469596e+02
1.150000e-06	-3.916719e-06	-1.194920e-09	-2.109375e+01	-1.460890e+02
1.160000e-06	-3.865055e-06	-1.187619e-09	-2.081550e+01	-1.452102e+02
1.170000e-06	-3.813175e-06	-1.178769e-09	-2.053610e+01	-1.443230e+02
1.180000e-06	-3.761016e-06	-1.170300e-09	-2.025519e+01	-1.434266e+02
1.190000e-06	-3.708488e-06	-1.162729e-09	-1.997230e+01	-1.425205e+02
1.200000e-06	-3.655682e-06	-1.155513e-09	-1.968792e+01	-1.416040e+02
1.210000e-06	-3.602575e-06	-1.147856e-09	-1.940190e+01	-1.406762e+02
1.220000e-06	-3.549256e-06	-1.139554e-09	-1.911475e+01	-1.397363e+02
1.230000e-06	-3.495760e-06	-1.130689e-09	-1.882664e+01	-1.387834e+02
1.240000e-06	-3.442015e-06	-1.122780e-09	-1.853719e+01	-1.378168e+02
1.250000e-06	-3.388006e-06	-1.115944e-09	-1.824633e+01	-1.368354e+02
1.260000e-06	-3.333705e-06	-1.106758e-09	-1.795389e+01	-1.358385e+02
1.270000e-06	-3.279152e-06	-1.095595e-09	-1.766009e+01	-1.348252e+02
1.280000e-06	-3.224261e-06	-1.086085e-09	-1.736447e+01	-1.337949e+02
1.290000e-06	-3.169218e-06	-1.077896e-09	-1.706803e+01	-1.327467e+02
1.300000e-06	-3.114083e-06	-1.068878e-09	-1.677110e+01	-1.316801e+02
1.310000e-06	-3.058774e-06	-1.059239e-09	-1.647323e+01	-1.305947e+02
1.320000e-06	-3.003299e-06	-1.050018e-09	-1.617446e+01	-1.294900e+02
1.330000e-06	-2.947651e-06	-1.040852e-09	-1.587477e+01	-1.283658e+02
1.340000e-06	-2.891930e-06	-1.031287e-09	-1.557468e+01	-1.272219e+02
1.350000e-06	-2.836113e-06	-1.022217e-09	-1.527407e+01	-1.260583e+02
1.360000e-06	-2.780141e-06	-1.013033e-09	-1.497263e+01	-1.248750e+02
1.370000e-06	-2.724003e-06	-1.003193e-09	-1.467029e+01	-1.236722e+02
1.380000e-06	-2.667564e-06	-9.936855e-10	-1.436634e+01	-1.224501e+02
1.390000e-06	-2.610796e-06	-9.846684e-10	-1.406061e+01	-1.212092e+02
1.400000e-06	-2.553831e-06	-9.750848e-10	-1.375382e+01	-1.199499e+02
1.410000e-06	-2.496659e-06	-9.650874e-10	-1.344592e+01	-1.186725e+02
1.420000e-06	-2.439200e-06	-9.549272e-10	-1.313647e+01	-1.173777e+02
1.430000e-06	-2.381428e-06	-9.441255e-10	-1.282534e+01	-1.160659e+02
1.440000e-06	-2.323509e-06	-9.328051e-10	-1.251341e+01	-1.147376e+02
1.450000e-06	-2.265218e-06	-9.206888e-10	-1.219948e+01	-1.133933e+02
1.460000e-06	-2.206536e-06	-9.086443e-10	-1.188344e+01	-1.120333e+02
1.470000e-06	-2.147695e-06	-8.976577e-10	-1.156655e+01	-1.106580e+02
1.480000e-06	-2.088699e-06	-8.869185e-10	-1.124883e+01	-1.092675e+02
1.490000e-06	-2.029486e-06	-8.758255e-10	-1.092993e+01	-1.078619e+02
1.500000e-06	-1.970129e-06	-8.645742e-10	-1.061026e+01	-1.064411e+02
1.510000e-06	-1.910828e-06	-8.528639e-10	-1.029089e+01	-1.050048e+02
1.520000e-06	-1.851421e-06	-8.410146e-10	-9.970946e+00	-1.035527e+02
1.530000e-06	-1.791827e-06	-8.294272e-10	-9.649999e+00	-1.020841e+02
1.540000e-06	-1.732194e-06	-8.177626e-10	-9.328841e+00	-1.005982e+02
1.550000e-06	-1.672528e-06	-8.056479e-10	-9.007508e+00	-9.909386e+01
1.560000e-06	-1.612798e-06	-7.931864e-10	-8.685831e+00	-9.756995e+01
1.570000e-06	-1.552989e-06	-7.809982e-10	-8.363721e+00	-9.602501e+01
1.580000e-06	-1.493024e-06	-7.684728e-10	-8.040778e+00	-9.445742e+01
1.590000e-06	-1.432998e-06	-7.551664e-10	-7.717506e+00	-9.286539e+01
1.600000e-06	-1.372945e-06	-7.421383e-10	-7.394086e+00	-9.124697e+01
1.610000e-06	-1.312841e-06	-7.289749e-10	-7.070390e+00	-8.960006e+01
1.620000e-06	-1.252635e-06	-7.150875e-10	-6.746149e+00	-8.792246e+01
1.630000e-06	-1.192317e-06	-7.011019e-10	-6.421303e+00	-8.621188e+01
1.640000e-06	-1.131840e-06	-6.867538e-10	-6.095600e+00	-8.446597e+01
1.650000e-06	-1.071320e-06	-6.723670e-10	-5.769663e+00	-8.268236e+01
1.660000e-06	-1.010856e-06	-6.587515e-10	-5.444030e+00	-8.085869e+01
1.670000e-06	-9.502522e-07	-6.448130e-10	-5.117645e+00	-7.899266e+01
1.680000e-06	-8.894907e-07	-6.292703e-10	-4.790410e+00	-7.708202e+01
1.690000e-06	-8.286818e-07	-6.134604e-10	-4.462920e+00	-7.512468e+01
1.700000e-06	-7.678017e-07	-5.988705e-10	-4.135046e+00	-7.311866e+01
1.710000e-06	-7.069146e-07	-5.837982e-10	-3.807135e+00	-7.106221e+01
1.720000e-06	-6.460349e-07	-5.678610e-10	-3.479263e+00	-6.895376e+01
1.730000e-06	-5.850611e-07	-5.521347e-10	-3.150885e+00	-6.679204e+01
1.740000e-06	-5.240865e-07	-5.360437e-10	-2.822502e+00	-6.457601e+01
1.750000e-06	-4.630053e-07	-5.185324e-10	-2.493545e+00	-6.230495e+01
1.760000e-06	-4.017742e-07	-4.991990e-10	-2.163781e+00	-5.997848e+01
1.770000e-06	-3.406480e-07	-4.791948e-10	-1.834582e+00	-5.759654e+01
1.780000e-06	-2.795088e-07	-4.596541e-10	-1.505313e+00	-5.515942e+01
1.790000e-06	-2.182387e-07	-4.406949e-10	-1.175339e+00	-5.266778e+01
1.800000e-06	-1.569984e-07	-4.203829e-10	-8.455249e-01	-5.012263e+01
1.810000e-06	-9.573779e-08	-3.986392e-10	-5.156021e-01	-4.752535e+01
1.820000e-06	-3.440224e-08	-3.770343e-10	-1.852755e-01	-4.487767e+01
1.830000e-06	2.692670e-08	-3.544534e-10	1.450155e-01	-4.218166e+01
1.840000e-06	8.825990e-08	-3.310968e-10	4.753294e-01	-3.943972e+01
1.850000e-06	1.495629e-07	-3.069272e-10	8.054806e-01	-3.665456e+01
1.860000e-06	2.107387e-07	-2.817913e-10	1.134947e+00	-3.382918e+01
1.870000e-06	2.719189e-07	-2.567235e-10	1.464437e+00	-3.096683e+01
1.880000e-06	3.331129e-07	-2.315439e-10	1.794001e+00	-2.807101e+01
1.890000e-06	3.942914e-07	-2.073529e-10	2.123482e+00	-2.514538e+01
1.900000e-06	4.555596e-07	-1.822739e-10	2.453446e+00	-2.219382e+01
1.910000e-06	5.167811e-07	-1.559510e-10	2.783158e+00	-1.922029e+01
1.920000e-06	5.778233e-07	-1.306632e-10	3.111905e+00	-1.622889e+01
1.930000e-06	6.388164e-07	-1.056579e-10	3.440387e+00	-1.322373e+01
1.940000e-06	6.998303e-07	-7.972026e-11	3.768982e+00	-1.020898e+01
1.950000e-06	7.607504e-07	-5.183592e-11	4.097071e+00	-7.188786e+00
1.960000e-06	8.216011e-07	-2.346033e-11	4.424786e+00	-4.167238e+00
1.970000e-06	8.822560e-07	2.415281e-12	4.751447e+00	-1.148350e+00
1.980000e-06	9.428441e-07	2.589321e-11	5.077748e+00	1.863978e+00
1.990000e-06	1.003516e-06	4.962678e-11	5.404500e+00	4.865989e+00
2.000000e-06	1.064100e-06	7.446201e-11	5.730780e+00	7.854093e+00
2.010000e-06	1.124556e-06	9.921273e-11	6.056371e+00	1.082489e+01
2.020000e-06	1.184953e-06	1.241987e-10	6.381641e+00	1.377521e+01
2.030000e-06	1.245286e-06	1.487200e-10	6.706569e+00	1.670208e+01
2.040000e-06	1.305456e-06	1.718635e-10	7.030619e+00	1.960281e+01
2.050000e-06	1.365502e-06	1.956492e-10	7.354000e+00	2.247493e+01
2.060000e-06	1.425460e-06	2.197740e-10	7.676908e+00	2.531625e+01
2.070000e-06	1.485330e-06	2.427683e-10	7.999340e+00	2.812485e+01
2.080000e-06	1.545168e-06	2.647845e-10	8.321603e+00	3.089907e+01
2.090000e-06	1.604937e-06	2.866829e-10	8.643495e+00	3.363752e+01
2.100000e-06	1.664575e-06	3.092917e-10	8.964680e+00	3.633905e+01
2.110000e-06	1.724108e-06	3.320271e-10	9.285294e+00	3.900280e+01
2.120000e-06	1.783646e-06	3.535336e-10	9.605944e+00	4.162811e+01
2.130000e-06	1.843239e-06	3.738960e-10	9.926883e+00	4.421458e+01
2.140000e-06	1.902733e-06	3.937536e-10	1.024729e+01	4.676202e+01
2.150000e-06	1.962131e-06	4.140295e-10	1.056718e+01	4.927043e+01
2.160000e-06	2.021369e-06	4.343004e-10	1.088621e+01	5.174000e+01
2.170000e-06	2.080364e-06	4.522976e-10	1.120394e+01	5.417108e+01
2.180000e-06	2.139240e-06	4.697741e-10	1.152102e+01	5.656419e+01
2.190000e-06	2.198032e-06	4.891175e-10	1.183765e+01	5.891994e+01
2.200000e-06	2.256587e-06	5.084539e-10	1.215300e+01	6.123908e+01
2.210000e-06	2.314991e-06	5.266344e-10	1.246753e+01	6.352244e+01
2.220000e-06	2.373133e-06	5.432767e-10	1.278066e+01	6.577093e+01
2.230000e-06	2.430877e-06	5.593187e-10	1.309165e+01	6.798548e+01
2.240000e-06	2.488188e-06	5.768816e-10	1.340030e+01	7.016710e+01
2.250000e-06	2.545122e-06	5.953008e-10	1.370692e+01	7.231680e+01
2.260000e-06	2.601896e-06	6.127452e-10	1.401268e+01	7.443559e+01
2.270000e-06	2.658441e-06	6.285563e-10	1.431721e+01	7.652448e+01
2.280000e-06	2.714724e-06	6.437298e-10	1.462032e+01	7.858444e+01
2.290000e-06	2.770793e-06	6.592214e-10	1.492229e+01	8.061644e+01
2.300000e-06	2.826735e-06	6.752711e-10	1.522356e+01	8.262136e+01
2.310000e-06	2.882600e-06	6.915701e-10	1.552443e+01	8.460007e+01
2.320000e-06	2.938247e-06	7.078676e-10	1.582412e+01	8.655334e+01
2.330000e-06	2.993687e-06	7.243267e-10	1.612269e+01	8.848191e+01
2.340000e-06	3.048949e-06	7.402638e-10	1.642032e+01	9.038641e+01
2.350000e-06	3.104040e-06	7.541733e-10	1.671701e+01	9.226742e+01
2.360000e-06	3.159056e-06	7.659218e-10	1.701330e+01	9.412544e+01
2.370000e-06	3.213788e-06	7.773670e-10	1.730807e+01	9.596088e+01
2.380000e-06	3.268249e-06	7.901286e-10	1.760137e+01	9.777407e+01
2.390000e-06	3.322627e-06	8.049330e-10	1.789422e+01	9.956528e+01
2.400000e-06	3.376875e-06	8.206669e-10	1.818638e+01	1.013347e+02
2.410000e-06	3.430943e-06	8.357756e-10	1.847757e+01	1.030824e+02
2.420000e-06	3.484634e-06	8.502059e-10	1.876672e+01	1.048084e+02
2.430000e-06	3.538007e-06	8.639078e-10	1.905417e+01	1.065128e+02
2.440000e-06	3.591104e-06	8.770774e-10	1.934013e+01	1.081955e+02
2.450000e-06	3.643925e-06	8.895647e-10	1.962460e+01	1.098562e+02
2.460000e-06	3.696646e-06	9.008716e-10	1.990853e+01	1.114949e+02
2.470000e-06	3.749071e-06	9.119660e-10	2.019087e+01	1.131113e+02
2.480000e-06	3.801176e-06	9.243367e-10	2.047148e+01	1.147052e+02
2.490000e-06	3.853015e-06	9.371485e-10	2.075066e+01	1.162762e+02
2.500000e-06	3.904447e-06	9.499101e-10	2.102765e+01	1.178242e+02
2.510000e-06	3.955443e-06	9.629662e-10	2.130230e+01	1.193488e+02
2.520000e-06	4.006124e-06	9.751820e-10	2.157524e+01	1.208497e+02
2.530000e-06	4.056522e-06	9.868336e-10	2.184666e+01	1.223267e+02
2.540000e-06	4.106509e-06	9.981143e-10	2.211587e+01	1.237794e+02
2.550000e-06	4.155951e-06	1.008636e-09	2.238214e+01	1.252076e+02
2.560000e-06	4.204817e-06	1.018951e-09	2.264532e+01	1.266111e+02
2.570000e-06	4.253293e-06	1.029706e-09	2.290638e+01	1.279897e+02
2.580000e-06	4.301519e-06	1.040934e-09	2.316611e+01	1.293433e+02
2.590000e-06	4.349463e-06	1.052343e-09	2.342432e+01	1.306717e+02
2.600000e-06	4.397081e-06	1.064098e-09	2.368077e+01	1.319748e+02
2.610000e-06	4.444466e-06	1.075455e-09	2.393596e+01	1.332528e+02
2.620000e-06	4.491578e-06	1.085185e-09	2.418969e+01	1.345056e+02
2.630000e-06	4.538360e-06	1.094126e-09	2.444163e+01	1.357333e+02
2.640000e-06	4.584894e-06	1.103509e-09	2.469225e+01	1.369361e+02
2.650000e-06	4.631095e-06	1.112780e-09	2.494107e+01	1.381143e+02
2.660000e-06	4.676884e-06	1.121039e-09	2.518766e+01	1.392681e+02
2.670000e-06	4.722369e-06	1.128343e-09	2.543263e+01	1.403979e+02
2.680000e-06	4.767563e-06	1.136237e-09	2.567602e+01	1.415041e+02
2.690000e-06	4.812389e-06	1.145609e-09	2.591744e+01	1.425871e+02
2.700000e-06	4.856847e-06	1.154735e-09	2.615687e+01	1.436474e+02
2.710000e-06	4.900908e-06	1.163320e-09	2.639416e+01	1.446856e+02
2.720000e-06	4.944714e-06	1.172215e-09	2.663008e+01	1.457022e+02
2.730000e-06	4.988358e-06	1.181209e-09	2.686513e+01	1.466979e+02
2.740000e-06	5.031743e-06	1.190307e-09	2.709878e+01	1.476732e+02
2.750000e-06	5.074868e-06	1.198871e-09	2.733103e+01	1.486288e+02
2.760000e-06	5.117616e-06	1.206475e-09	2.756125e+01	1.495654e+02
2.770000e-06	5.159862e-06	1.213615e-09	2.778877e+01	1.504837e+02
2.780000e-06	5.201678e-06	1.220662e-09	2.801398e+01	1.513843e+02
2.790000e-06	5.242979e-06	1.227732e-09	2.823641e+01	1.522679e+02
2.800000e-06	5.283633e-06	1.234980e-09	2.845535e+01	1.531351e+02
2.810000e-06	5.323802e-06	1.242220e-09	2.867168e+01	1.539866e+02
2.820000e-06	5.363692e-06	1.249162e-09	2.888651e+01	1.548230e+02
2.830000e-06	5.403330e-06	1.256633e-09	2.909999e+01	1.556448e+02
2.840000e-06	5.442636e-06	1.264300e-09	2.931167e+01	1.564526e+02
2.850000e-06	5.481643e-06	1.270945e-09	2.952174e+01	1.572469e+02
2.860000e-06	5.520381e-06	1.275818e-09	2.973037e+01	1.580281e+02
2.870000e-06	5.558717e-06	1.280099e-09	2.993683e+01	1.587967e+02
2.880000e-06	5.596583e-06	1.286558e-09	3.014076e+01	1.595531e+02
2.890000e-06	5.634002e-06	1.294641e-09	3.034229e+01	1.602977e+02
2.900000e-06	5.670952e-06	1.302085e-09	3.054128e+01	1.610306e+02
2.910000e-06	5.707412e-06	1.308611e-09	3.073764e+01	1.617523e+02
2.920000e-06	5.743577e-06	1.315776e-09	3.093241e+01	1.624628e+02
2.930000e-06	5.779531e-06	1.324291e-09	3.112604e+01	1.631625e+02
2.940000e-06	5.815234e-06	1.331433e-09	3.131832e+01	1.638515e+02
2.950000e-06	5.850619e-06	1.335571e-09	3.150889e+01	1.645299e+02
2.960000e-06	5.885730e-06	1.339625e-09	3.169798e+01	1.651979e+02
2.970000e-06	5.920333e-06	1.345397e-09	3.188434e+01	1.658554e+02
2.980000e-06	5.954124e-06	1.351661e-09	3.206632e+01	1.665027e+02
2.990000e-06	5.987208e-06	1.357683e-09	3.224450e+01	1.671398e+02
3.000000e-06	6.019636e-06	1.363409e-09	3.241914e+01	1.677667e+02
3.010000e-06	6.051615e-06	1.368412e-09	3.259136e+01	1.683834e+02
3.020000e-06	6.083328e-06	1.373812e-09	3.276216e+01	1.689902e+02
3.030000e-06	6.114805e-06	1.380674e-09	3.293168e+01	1.695870e+02
3.040000e-06	6.145898e-06	1.387532e-09	3.309914e+01	1.701738e+02
3.050000e-06	6.176529e-06	1.394336e-09	3.326410e+01	1.707508e+02
3.060000e-06	6.206893e-06	1.401167e-09	3.342763e+01	1.713181e+02
3.070000e-06	6.236794e-06	1.406453e-09	3.358866e+01	1.718757e+02
3.080000e-06	6.266088e-06	1.410988e-09	3.374643e+01	1.724237e+02
3.090000e-06	6.294962e-06	1.416291e-09	3.390193e+01	1.729623e+02
3.100000e-06	6.323363e-06	1.422056e-09	3.405488e+01	1.734915e+02
3.110000e-06	6.351401e-06	1.427762e-09	3.420589e+01	1.740116e+02
3.120000e-06	6.379225e-06	1.433362e-09	3.435573e+01	1.745226e+02
3.130000e-06	6.406710e-06	1.438848e-09	3.450375e+01	1.750246e+02
3.140000e-06	6.433793e-06	1.443793e-09	3.464961e+01	1.755179e+02
3.150000e-06	6.460318e-06	1.448617e-09	3.479246e+01	1.760025e+02
3.160000e-06	6.486096e-06	1.453594e-09	3.493129e+01	1.764785e+02
3.170000e-06	6.511091e-06	1.458639e-09	3.506590e+01	1.769461e+02
3.180000e-06	6.535409e-06	1.464234e-09	3.519687e+01	1.774054e+02
3.190000e-06	6.559246e-06	1.468956e-09	3.532524e+01	1.778564e+02
3.200000e-06	6.582799e-06	1.472175e-09	3.545209e+01	1.782992e+02
3.210000e-06	6.606040e-06	1.474507e-09	3.557726e+01	1.787339e+02
3.220000e-06	6.628912e-06	1.477265e-09	3.570044e+01	1.791605e+02
3.230000e-06	6.651373e-06	1.482434e-09	3.582140e+01	1.795790e+02
3.240000e-06	6.673377e-06	1.489114e-09	3.593990e+01	1.799894e+02
3.250000e-06	6.694868e-06	1.495285e-09	3.605565e+01	1.803917e+02
3.260000e-06	6.715800e-06	1.500967e-09	3.616838e+01	1.807857e+02
3.270000e-06	6.736195e-06	1.506204e-09	3.627821e+01	1.811714e+02
3.280000e-06	6.756162e-06	1.510109e-09	3.638575e+01	1.815488e+02
3.290000e-06	6.775833e-06	1.513379e-09	3.649169e+01	1.819177e+02
3.300000e-06	6.795146e-06	1.516502e-09	3.659570e+01	1.822781e+02
3.310000e-06	6.814147e-06	1.520432e-09	3.669803e+01	1.826297e+02
3.320000e-06	6.832745e-06	1.524507e-09	3.679819e+01	1.829724e+02
3.330000e-06	6.850755e-06	1.526951e-09	3.689519e+01	1.833062e+02
3.340000e-06	6.868186e-06	1.529959e-09	3.698906e+01	1.836309e+02
3.350000e-06	6.885162e-06	1.534700e-09	3.708049e+01	1.839464e+02
3.360000e-06	6.901634e-06	1.539629e-09	3.716920e+01	1.842526e+02
3.370000e-06	6.917671e-06	1.543431e-09	3.725556e+01	1.845494e+02
3.380000e-06	6.933115e-06	1.546801e-09	3.733874e+01	1.848368e+02
3.390000e-06	6.947645e-06	1.550542e-09	3.741700e+01	1.851147e+02
3.400000e-06	6.961678e-06	1.554771e-09	3.749257e+01	1.853831e+02
3.410000e-06	6.975393e-06	1.558757e-09	3.756643e+01	1.856420e+02
3.420000e-06	6.988574e-06	1.561351e-09	3.763742e+01	1.858916e+02
3.430000e-06	7.001086e-06	1.563389e-09	3.770480e+01	1.861317e+02
3.440000e-06	7.013007e-06	1.565830e-09	3.776900e+01	1.863626e+02
3.450000e-06	7.024473e-06	1.569489e-09	3.783076e+01	1.865843e+02
3.460000e-06	7.035431e-06	1.574342e-09	3.788977e+01	1.867970e+02
3.470000e-06	7.045724e-06	1.577671e-09	3.794521e+01	1.870009e+02
3.480000e-06	7.055246e-06	1.579344e-09	3.799649e+01	1.871962e+02
3.490000e-06	7.064116e-06	1.581303e-09	3.804425e+01	1.873830e+02
3.500000e-06	7.072387e-06	1.583740e-09	3.808880e+01	1.875615e+02
3.510000e-06	7.080172e-06	1.586427e-09	3.813073e+01	1.877319e+02
3.520000e-06	7.087605e-06	1.588183e-09	3.817076e+01	1.878945e+02
3.530000e-06	7.094730e-06	1.588995e-09	3.820913e+01	1.880495e+02
3.540000e-06	7.101426e-06	1.590816e-09	3.824519e+01	1.881969e+02
3.550000e-06	7.107463e-06	1.593820e-09	3.827770e+01	1.883370e+02
3.560000e-06	7.112976e-06	1.596870e-09	3.830740e+01	1.884699e+02
3.570000e-06	7.118086e-06	1.599554e-09	3.833492e+01	1.885956e+02
3.580000e-06	7.122701e-06	1.601553e-09	3.835977e+01	1.887144e+02
3.590000e-06	7.126791e-06	1.603384e-09	3.838180e+01	1.888262e+02
3.600000e-06	7.130444e-06	1.605687e-09	3.840147e+01	1.889310e+02
3.610000e-06	7.133849e-06	1.607240e-09	3.841981e+01	1.890288e+02
3.620000e-06	7.136798e-06	1.606974e-09	3.843569e+01	1.891196e+02
3.630000e-06	7.139086e-06	1.607200e-09	3.844801e+01	1.892032e+02
3.640000e-06	7.140644e-06	1.609233e-09	3.845640e+01	1.892795e+02
3.650000e-06	7.141287e-06	1.611354e-09	3.845986e+01	1.893484e+02
3.660000e-06	7.141312e-06	1.613422e-09	3.846000e+01	1.894096e+02
3.670000e-06	7.141040e-06	1.615866e-09	3.845854e+01	1.894629e+02
3.680000e-06	7.140438e-06	1.616389e-09	3.845530e+01	1.895082e+02
3.690000e-06	7.139413e-06	1.615792e-09	3.844977e+01	1.895452e+02
3.700000e-06	7.137913e-06	1.616589e-09	3.844170e+01	1.895737e+02
3.710000e-06	7.135926e-06	1.617570e-09	3.843100e+01	1.895934e+02
3.720000e-06	7.133468e-06	1.618920e-09	3.841775e+01	1.896041e+02
3.730000e-06	7.130575e-06	1.622124e-09	3.840218e+01	1.896057e+02
3.740000e-06	7.127167e-06	1.615222e-09	3.838382e+01	1.895980e+02
3.750000e-06	7.123265e-06	1.597329e-09	3.836281e+01	1.895807e+02
3.760000e-06	7.118802e-06	1.629963e-09	3.833877e+01	1.895540e+02
3.770000e-06	7.113585e-06	1.705556e-09	3.831067e+01	1.895175e+02
3.780000e-06	7.107620e-06	1.648846e-09	3.827855e+01	1.894715e+02
3.790000e-06	7.101271e-06	1.520246e-09	3.824436e+01	1.894158e+02
3.800000e-06	7.094742e-06	1.574698e-09	3.820919e+01	1.893507e+02
3.810000e-06	7.087556e-06	1.726674e-09	3.817049e+01	1.892762e+02
3.820000e-06	7.079637e-06	1.668614e-09	3.812785e+01	1.891925e+02
3.830000e-06	7.071374e-06	1.491685e-09	3.808334e+01	1.891000e+02
3.840000e-06	7.062847e-06	1.574745e-09	3.803742e+01	1.889988e+02
3.850000e-06	7.053777e-06	1.787570e-09	3.798857e+01	1.888893e+02
3.860000e-06	7.043924e-06	1.679423e-09	3.793551e+01	1.887719e+02
3.870000e-06	7.033689e-06	1.428909e-09	3.788039e+01	1.886469e+02
3.880000e-06	7.023258e-06	1.550911e-09	3.782421e+01	1.885148e+02
3.890000e-06	7.012370e-06	1.802651e-09	3.776558e+01	1.883761e+02
3.900000e-06	7.000833e-06	1.663013e-09	3.770344e+01	1.882310e+02
3.910000e-06	6.988672e-06	1.446350e-09	3.763795e+01	1.880802e+02
3.920000e-06	6.975949e-06	1.628151e-09	3.756943e+01	1.879239e+02
3.930000e-06	6.962548e-06	1.788909e-09	3.749726e+01	1.877626e+02
3.940000e-06	6.948368e-06	1.563980e-09	3.742089e+01	1.875966e+02
3.950000e-06	6.933439e-06	1.470128e-09	3.734048e+01	1.874262e+02
3.960000e-06	6.918016e-06	1.713779e-09	3.725743e+01	1.872517e+02
3.970000e-06	6.902086e-06	1.726586e-09	3.717163e+01	1.870734e+02
3.980000e-06	6.885615e-06	1.501278e-09	3.708293e+01	1.868913e+02
3.990000e-06	6.868827e-06	1.588014e-09	3.699252e+01	1.867055e+02
4.000000e-06	6.851641e-06	1.757231e-09	3.689996e+01	1.865162e+02
4.010000e-06	6.833881e-06	1.574137e-09	3.680431e+01	1.863231e+02
4.020000e-06	6.815602e-06	1.476822e-09	3.670587e+01	1.861263e+02
4.030000e-06	6.796888e-06	1.706084e-09	3.660508e+01	1.859256e+02
4.040000e-06	6.777612e-06	1.713508e-09	3.650127e+01	1.857207e+02
4.050000e-06	6.757828e-06	1.498105e-09	3.639472e+01	1.855113e+02
4.060000e-06	6.737792e-06	1.584870e-09	3.628682e+01	1.852972e+02
4.070000e-06	6.717442e-06	1.733357e-09	3.617722e+01	1.850779e+02
4.080000e-06	6.696654e-06	1.574857e-09	3.606526e+01	1.848531e+02
4.090000e-06	6.675357e-06	1.518155e-09	3.595057e+01	1.846224e+02
4.100000e-06	6.653399e-06	1.684324e-09	3.583231e+01	1.843853e+02
4.110000e-06	6.630512e-06	1.642301e-09	3.570905e+01	1.841414e+02
4.120000e-06	6.606911e-06	1.521805e-09	3.558195e+01	1.838903e+02
4.130000e-06	6.582938e-06	1.626713e-09	3.545284e+01	1.836316e+02
4.140000e-06	6.558565e-06	1.659484e-09	3.532158e+01	1.833650e+02
4.150000e-06	6.533938e-06	1.533742e-09	3.518895e+01	1.830902e+02
4.160000e-06	6.508964e-06	1.574818e-09	3.505445e+01	1.828069e+02
4.170000e-06	6.483417e-06	1.661753e-09	3.491686e+01	1.825148e+02
4.180000e-06	6.457420e-06	1.578588e-09	3.477686e+01	1.822140e+02
4.190000e-06	6.430950e-06	1.554943e-09	3.463430e+01	1.819043e+02
4.200000e-06	6.403918e-06	1.626601e-09	3.448871e+01	1.815856e+02
4.210000e-06	6.376439e-06	1.585902e-09	3.434073e+01	1.812582e+02
4.220000e-06	6.348540e-06	1.545608e-09	3.419048e+01	1.809221e+02
4.230000e-06	6.320266e-06	1.602006e-09	3.403820e+01	1.805775e+02
4.240000e-06	6.291776e-06	1.597336e-09	3.388477e+01	1.802248e+02
4.250000e-06	6.263042e-06	1.554260e-09	3.373002e+01	1.798643e+02
4.260000e-06	6.233882e-06	1.581263e-09	3.357298e+01	1.794962e+02
4.270000e-06	6.204193e-06	1.590331e-09	3.341309e+01	1.791212e+02
4.280000e-06	6.173786e-06	1.557702e-09	3.324932e+01	1.787395e+02
4.290000e-06	6.142514e-06	1.561115e-09	3.308091e+01	1.783517e+02
4.300000e-06	6.110609e-06	1.570237e-09	3.290908e+01	1.779581e+02
4.310000e-06	6.078332e-06	1.558592e-09	3.273525e+01	1.775594e+02
4.320000e-06	6.045727e-06	1.559645e-09	3.255966e+01	1.771558e+02
4.330000e-06	6.012704e-06	1.559193e-09	3.238181e+01	1.767478e+02
4.340000e-06	5.979291e-06	1.547632e-09	3.220186e+01	1.763357e+02
4.350000e-06	5.945511e-06	1.545256e-09	3.201994e+01	1.759197e+02
4.360000e-06	5.911293e-06	1.545187e-09	3.183566e+01	1.755002e+02
4.370000e-06	5.876732e-06	1.543410e-09	3.164952e+01	1.750771e+02
4.380000e-06	5.841730e-06	1.544574e-09	3.146102e+01	1.746506e+02
4.390000e-06	5.806199e-06	1.537048e-09	3.126966e+01	1.742206e+02
4.400000e-06	5.770309e-06	1.529083e-09	3.107637e+01	1.737870e+02
4.410000e-06	5.734174e-06	1.532852e-09	3.088177e+01	1.733494e+02
4.420000e-06	5.697884e-06	1.530076e-09	3.068633e+01	1.729077e+02
4.430000e-06	5.661402e-06	1.519511e-09	3.048985e+01	1.724613e+02
4.440000e-06	5.624561e-06	1.518839e-09	3.029144e+01	1.720098e+02
4.450000e-06	5.587021e-06	1.522348e-09	3.008926e+01	1.715525e+02
4.460000e-06	5.548812e-06	1.519360e-09	2.988349e+01	1.710888e+02
4.470000e-06	5.509959e-06	1.514456e-09	2.967425e+01	1.706180e+02
4.480000e-06	5.470392e-06	1.510294e-09	2.946115e+01	1.701393e+02
4.490000e-06	5.430454e-06	1.504562e-09	2.924606e+01	1.696520e+02
4.500000e-06	5.390230e-06	1.499255e-09	2.902943e+01	1.691553e+02
4.510000e-06	5.349649e-06	1.498312e-09	2.881088e+01	1.686483e+02
4.520000e-06	5.308794e-06	1.497013e-09	2.859086e+01	1.681303e+02
4.530000e-06	5.267645e-06	1.490559e-09	2.836924e+01	1.676005e+02
4.540000e-06	5.226198e-06	1.484725e-09	2.814603e+01	1.670583e+02
4.550000e-06	5.184435e-06	1.484000e-09	2.792111e+01	1.665029e+02
4.560000e-06	5.142217e-06	1.482950e-09	2.769374e+01	1.659339e+02
4.570000e-06	5.099677e-06	1.477112e-09	2.746464e+01	1.653507e+02
4.580000e-06	5.056704e-06	1.469211e-09	2.723321e+01	1.647530e+02
4.590000e-06	5.013238e-06	1.463718e-09	2.699912e+01	1.641404e+02
4.600000e-06	4.969556e-06	1.460671e-09	2.676387e+01	1.635129e+02
4.610000e-06	4.925645e-06	1.456858e-09	2.652738e+01	1.628702e+02
4.620000e-06	4.881466e-06	1.451943e-09	2.628946e+01	1.622126e+02
4.630000e-06	4.837019e-06	1.447025e-09	2.605008e+01	1.615400e+02
4.640000e-06	4.792242e-06	1.441892e-09	2.580893e+01	1.608528e+02
4.650000e-06	4.747147e-06	1.437312e-09	2.556607e+01	1.601512e+02
4.660000e-06	4.701684e-06	1.432107e-09	2.532123e+01	1.594358e+02
4.670000e-06	4.655907e-06	1.423878e-09	2.507469e+01	1.587070e+02
4.680000e-06	4.609859e-06	1.414977e-09	2.482669e+01	1.579654e+02
4.690000e-06	4.563386e-06	1.409418e-09	2.457641e+01	1.572115e+02
4.700000e-06	4.516571e-06	1.406389e-09	2.432429e+01	1.564460e+02
4.710000e-06	4.469668e-06	1.402110e-09	2.407169e+01	1.556696e+02
4.720000e-06	4.422541e-06	1.394451e-09	2.381788e+01	1.548828e+02
4.730000e-06	4.375052e-06	1.384916e-09	2.356213e+01	1.540862e+02
4.740000e-06	4.327238e-06	1.377360e-09	2.330462e+01	1.532806e+02
4.750000e-06	4.278939e-06	1.371776e-09	2.304450e+01	1.524662e+02
4.760000e-06	4.230150e-06	1.365350e-09	2.278175e+01	1.516437e+02
4.770000e-06	4.181033e-06	1.357759e-09	2.251723e+01	1.508133e+02
4.780000e-06	4.131520e-06	1.352385e-09	2.225057e+01	1.499753e+02
4.790000e-06	4.081652e-06	1.348564e-09	2.198200e+01	1.491299e+02
4.800000e-06	4.031534e-06	1.341943e-09	2.171209e+01	1.482770e+02
4.810000e-06	3.981264e-06	1.333063e-09	2.144136e+01	1.474167e+02
4.820000e-06	3.930710e-06	1.324089e-09	2.116910e+01	1.465487e+02
4.830000e-06	3.879737e-06	1.315767e-09	2.089457e+01	1.456728e+02
4.840000e-06	3.828400e-06	1.309361e-09	2.061810e+01	1.447885e+02
4.850000e-06	3.776788e-06	1.303530e-09	2.034014e+01	1.438953e+02
4.860000e-06	3.724956e-06	1.296060e-09	2.006099e+01	1.429926e+02
4.870000e-06	3.672822e-06	1.287029e-09	1.978022e+01	1.420796e+02
4.880000e-06	3.620413e-06	1.278784e-09	1.949797e+01	1.411557e+02
4.890000e-06	3.567730e-06	1.272599e-09	1.921424e+01	1.402200e+02
4.900000e-06	3.514836e-06	1.266416e-09	1.892938e+01	1.392716e+02
4.910000e-06	3.461517e-06	1.257890e-09	1.864223e+01	1.383097e+02
4.920000e-06	3.407750e-06	1.247586e-09	1.835266e+01	1.373334e+02
4.930000e-06	3.353632e-06	1.238180e-09	1.806120e+01	1.363418e+02
4.940000e-06	3.299107e-06	1.230110e-09	1.776756e+01	1.353341e+02
4.950000e-06	3.244225e-06	1.221385e-09	1.747199e+01	1.343095e+02
4.960000e-06	3.188997e-06	1.211379e-09	1.717455e+01	1.332674e+02
4.970000e-06	3.133627e-06	1.201454e-09	1.687635e+01	1.322071e+02
4.980000e-06	3.077969e-06	1.192634e-09	1.657660e+01	1.311281e+02
4.990000e-06	3.021998e-06	1.184291e-09	1.627517e+01	1.300299e+02
5.000000e-06	2.965933e-06	1.174224e-09	1.597323e+01	1.289123e+02
5.010000e-06	2.909712e-06	1.162206e-09	1.567044e+01	1.277750e+02
5.020000e-06	2.853350e-06	1.150540e-09	1.536690e+01	1.266179e+02
5.030000e-06	2.796842e-06	1.140531e-09	1.506257e+01	1.254412e+02
5.040000e-06	2.740093e-06	1.131993e-09	1.475695e+01	1.242449e+02
5.050000e-06	2.683027e-06	1.123454e-09	1.444962e+01	1.230293e+02
5.060000e-06	2.625883e-06	1.112936e-09	1.414186e+01	1.217947e+02
5.070000e-06	2.568776e-06	1.100931e-09	1.383431e+01	1.205415e+02
5.080000e-06	2.511514e-06	1.088634e-09	1.352592e+01	1.192702e+02
5.090000e-06	2.453997e-06	1.076510e-09	1.321616e+01	1.179811e+02
5.100000e-06	2.396310e-06	1.064689e-09	1.290548e+01	1.166750e+02
5.110000e-06	2.338483e-06	1.052903e-09	1.259405e+01	1.153522e+02
5.120000e-06	2.280472e-06	1.041064e-09	1.228163e+01	1.140132e+02
5.130000e-06	2.222228e-06	1.029391e-09	1.196795e+01	1.126584e+02
5.140000e-06	2.163866e-06	1.017300e-09	1.165364e+01	1.112882e+02
5.150000e-06	2.105379e-06	1.004407e-09	1.133866e+01	1.099028e+02
5.160000e-06	2.046630e-06	9.904178e-10	1.102226e+01	1.085023e+02
5.170000e-06	1.987588e-06	9.758117e-10	1.070429e+01	1.070866e+02
5.180000e-06	1.928446e-06	9.626691e-10	1.038577e+01	1.056556e+02
5.190000e-06	1.869233e-06	9.506295e-10	1.006688e+01	1.042089e+02
5.200000e-06	1.809872e-06	9.368301e-10	9.747184e+00	1.027459e+02
5.210000e-06	1.750419e-06	9.212709e-10	9.426994e+00	1.012659e+02
5.220000e-06	1.690849e-06	9.072723e-10	9.106180e+00	9.976790e+01
5.230000e-06	1.631174e-06	8.944788e-10	8.784793e+00	9.825072e+01
5.240000e-06	1.571306e-06	8.801125e-10	8.462370e+00	9.671300e+01
5.250000e-06	1.511356e-06	8.650771e-10	8.139508e+00	9.515320e+01
5.260000e-06	1.451383e-06	8.507417e-10	7.816518e+00	9.356957e+01
5.270000e-06	1.391373e-06	8.361750e-10	7.493331e+00	9.196021e+01
5.280000e-06	1.331289e-06	8.205069e-10	7.169741e+00	9.032308e+01
5.290000e-06	1.271055e-06	8.036889e-10	6.845352e+00	8.865601e+01
5.300000e-06	1.210786e-06	7.863193e-10	6.520768e+00	8.695672e+01
5.310000e-06	1.150591e-06	7.695159e-10	6.196583e+00	8.522290e+01
5.320000e-06	1.090385e-06	7.539477e-10	5.872337e+00	8.345216e+01
5.330000e-06	1.030166e-06	7.390344e-10	5.548025e+00	8.164215e+01
5.340000e-06	9.699033e-07	7.230941e-10	5.223477e+00	7.979054e+01
5.350000e-06	9.094601e-07	7.048633e-10	4.897956e+00	7.789506e+01
5.360000e-06	8.489030e-07	6.856884e-10	4.571823e+00	7.595355e+01
5.370000e-06	7.883988e-07	6.669073e-10	4.245973e+00	7.396401e+01
5.380000e-06	7.279458e-07	6.483471e-10	3.920399e+00	7.192460e+01
5.390000e-06	6.674537e-07	6.289473e-10	3.594615e+00	6.983369e+01
5.400000e-06	6.068314e-07	6.086562e-10	3.268130e+00	6.768990e+01
5.410000e-06	5.461884e-07	5.889976e-10	2.941533e+00	6.549211e+01
5.420000e-06	4.855788e-07	5.700665e-10	2.615116e+00	6.323950e+01
5.430000e-06	4.248727e-07	5.506113e-10	2.288179e+00	6.093157e+01
5.440000e-06	3.640555e-07	5.293460e-10	1.960644e+00	5.856815e+01
5.450000e-06	3.032610e-07	5.065021e-10	1.633232e+00	5.614941e+01
5.460000e-06	2.425391e-07	4.836796e-10	1.306210e+00	5.367589e+01
5.470000e-06	1.817544e-07	4.620091e-10	9.788501e-01	5.114849e+01
5.480000e-06	1.209777e-07	4.405439e-10	6.515335e-01	4.856845e+01
5.490000e-06	6.017243e-08	4.173930e-10	3.240625e-01	4.593740e+01
5.500000e-06	-7.275700e-10	3.922832e-10	-3.918375e-03	4.325730e+01
5.510000e-06	-6.160990e-08	3.665607e-10	-3.318041e-01	4.053043e+01
5.520000e-06	-1.224972e-07	3.421347e-10	-6.597166e-01	3.775940e+01
5.530000e-06	-1.834170e-07	3.182969e-10	-9.878044e-01	3.494712e+01
5.540000e-06	-2.441931e-07	2.941370e-10	-1.315118e+00	3.209677e+01
5.550000e-06	-3.049290e-07	2.697533e-10	-1.642215e+00	2.921174e+01
5.560000e-06	-3.657494e-07	2.450082e-10	-1.969767e+00	2.629568e+01
5.570000e-06	-4.265769e-07	2.196420e-10	-2.297358e+00	2.335237e+01
5.580000e-06	-4.873487e-07	1.924287e-10	-2.624648e+00	2.038576e+01
5.590000e-06	-5.480454e-07	1.647983e-10	-2.951534e+00	1.739990e+01
5.600000e-06	-6.086926e-07	1.380209e-10	-3.278154e+00	1.439891e+01
5.610000e-06	-6.692951e-07	1.121925e-10	-3.604532e+00	1.138694e+01
5.620000e-06	-7.298572e-07	8.742875e-11	-3.930693e+00	8.368147e+00
5.630000e-06	-7.903564e-07	6.173127e-11	-4.256516e+00	5.346644e+00
5.640000e-06	-8.508374e-07	3.409877e-11	-4.582240e+00	2.326475e+00
5.650000e-06	-9.113502e-07	6.348233e-12	-4.908136e+00	-6.884204e-01
5.660000e-06	-9.718461e-07	-1.969736e-11	-5.233940e+00	-3.694233e+00
5.670000e-06	-1.032205e-06	-4.422036e-11	-5.559006e+00	-6.687315e+00
5.680000e-06	-1.092468e-06	-6.836625e-11	-5.883558e+00	-9.664204e+00
5.690000e-06	-1.152773e-06	-9.327132e-11	-6.208336e+00	-1.262164e+01
5.700000e-06	-1.213047e-06	-1.187916e-10	-6.532942e+00	-1.555660e+01
5.710000e-06	-1.273221e-06	-1.439572e-10	-6.857016e+00	-1.846628e+01
5.720000e-06	-1.333383e-06	-1.688411e-10	-7.181019e+00	-2.134815e+01
5.730000e-06	-1.393441e-06	-1.931128e-10	-7.504466e+00	-2.419992e+01
5.740000e-06	-1.453435e-06	-2.171927e-10	-7.827567e+00	-2.701958e+01
5.750000e-06	-1.513347e-06	-2.424205e-10	-8.150228e+00	-2.980538e+01
5.760000e-06	-1.573062e-06	-2.676054e-10	-8.471829e+00	-3.255585e+01
5.770000e-06	-1.632680e-06	-2.917953e-10	-8.792907e+00	-3.526975e+01
5.780000e-06	-1.692297e-06	-3.165095e-10	-9.113976e+00	-3.794613e+01
5.790000e-06	-1.751802e-06	-3.428507e-10	-9.434446e+00	-4.058427e+01
5.800000e-06	-1.811143e-06	-3.685594e-10	-9.754026e+00	-4.318367e+01
5.810000e-06	-1.870304e-06	-3.913750e-10	-1.007264e+01	-4.574408e+01
5.820000e-06	-1.929288e-06	-4.135736e-10	-1.039031e+01	-4.826545e+01
5.830000e-06	-1.988188e-06	-4.372712e-10	-1.070752e+01	-5.074788e+01
5.840000e-06	-2.046976e-06	-4.610091e-10	-1.102412e+01	-5.319170e+01
5.850000e-06	-2.105540e-06	-4.830637e-10	-1.133952e+01	-5.559736e+01
5.860000e-06	-2.163950e-06	-5.037153e-10	-1.165410e+01	-5.796544e+01
5.870000e-06	-2.222184e-06	-5.249034e-10	-1.196772e+01	-6.029666e+01
5.880000e-06	-2.280215e-06	-5.473414e-10	-1.228025e+01	-6.259180e+01
5.890000e-06	-2.338148e-06	-5.693383e-10	-1.259225e+01	-6.485176e+01
5.900000e-06	-2.395941e-06	-5.903746e-10	-1.290350e+01	-6.707747e+01
5.910000e-06	-2.453506e-06	-6.106251e-10	-1.321352e+01	-6.926992e+01
5.920000e-06	-2.510826e-06	-6.305673e-10	-1.352222e+01	-7.143010e+01
5.930000e-06	-2.567977e-06	-6.510876e-10	-1.383001e+01	-7.355903e+01
5.940000e-06	-2.624965e-06	-6.721756e-10	-1.413692e+01	-7.565773e+01
5.950000e-06	-2.681751e-06	-6.929001e-10	-1.444274e+01	-7.772718e+01
5.960000e-06	-2.738392e-06	-7.124160e-10	-1.474779e+01	-7.976835e+01
5.970000e-06	-2.794969e-06	-7.310740e-10	-1.505249e+01	-8.178216e+01
5.980000e-06	-2.851425e-06	-7.494433e-10	-1.535654e+01	-8.376947e+01
5.990000e-06	-2.907744e-06	-7.670491e-10	-1.565985e+01	-8.573109e+01
6.000000e-06	-2.963908e-06	-7.838681e-10	-1.596232e+01	-8.766778e+01
6.010000e-06	-3.019860e-06	-8.004157e-10	-1.626365e+01	-8.958019e+01
6.020000e-06	-3.075538e-06	-8.165640e-10	-1.656351e+01	-9.146893e+01
6.030000e-06	-3.130979e-06	-8.335180e-10	-1.686209e+01	-9.333451e+01
6.040000e-06	-3.186208e-06	-8.516650e-10	-1.715953e+01	-9.517739e+01
6.050000e-06	-3.241166e-06	-8.693276e-10	-1.745551e+01	-9.699792e+01
6.060000e-06	-3.295639e-06	-8.857543e-10	-1.774888e+01	-9.879639e+01
6.070000e-06	-3.349541e-06	-9.017316e-10	-1.803917e+01	-1.005730e+02
6.080000e-06	-3.403098e-06	-9.187083e-10	-1.832760e+01	-1.023279e+02
6.090000e-06	-3.456279e-06	-9.375044e-10	-1.861402e+01	-1.040611e+02
6.100000e-06	-3.509143e-06	-9.553310e-10	-1.889872e+01	-1.057727e+02
6.110000e-06	-3.561812e-06	-9.705353e-10	-1.918237e+01	-1.074625e+02
6.120000e-06	-3.614208e-06	-9.855094e-10	-1.946455e+01	-1.091306e+02
6.130000e-06	-3.666372e-06	-1.000880e-09	-1.974548e+01	-1.107766e+02
6.140000e-06	-3.718369e-06	-1.016335e-09	-2.002552e+01	-1.124004e+02
6.150000e-06	-3.770034e-06	-1.031972e-09	-2.030376e+01	-1.140017e+02
6.160000e-06	-3.821371e-06	-1.047437e-09	-2.058024e+01	-1.155804e+02
6.170000e-06	-3.872476e-06	-1.062516e-09	-2.085547e+01	-1.171361e+02
6.180000e-06	-3.923356e-06	-1.077079e-09	-2.112949e+01	-1.186684e+02
6.190000e-06	-3.973997e-06	-1.090412e-09	-2.140222e+01	-1.201773e+02
6.200000e-06	-4.024238e-06	-1.102669e-09	-2.167280e+01	-1.216622e+02
6.210000e-06	-4.074072e-06	-1.114973e-09	-2.194118e+01	-1.231230e+02
6.220000e-06	-4.123411e-06	-1.127593e-09	-2.220690e+01	-1.245593e+02
6.230000e-06	-4.172336e-06	-1.140227e-09	-2.247039e+01	-1.259711e+02
6.240000e-06	-4.220922e-06	-1.153205e-09	-2.273205e+01	-1.273579e+02
6.250000e-06	-4.268972e-06	-1.166191e-09	-2.299082e+01	-1.287198e+02
6.260000e-06	-4.316559e-06	-1.178080e-09	-2.324711e+01	-1.300565e+02
6.270000e-06	-4.363941e-06	-1.189740e-09	-2.350229e+01	-1.313681e+02
6.280000e-06	-4.411009e-06	-1.202106e-09	-2.375578e+01	-1.326544e+02
6.290000e-06	-4.457691e-06	-1.214331e-09	-2.400719e+01	-1.339155e+02
6.300000e-06	-4.504200e-06	-1.225630e-09	-2.425766e+01	-1.351515e+02
6.310000e-06	-4.550534e-06	-1.235957e-09	-2.450720e+01	-1.363626e+02
6.320000e-06	-4.596611e-06	-1.245931e-09	-2.475535e+01	-1.375489e+02
6.330000e-06	-4.642361e-06	-1.256078e-09	-2.500174e+01	-1.387108e+02
6.340000e-06	-4.687764e-06	-1.266663e-09	-2.524626e+01	-1.398485e+02
6.350000e-06	-4.732796e-06	-1.276962e-09	-2.548878e+01	-1.409624e+02
6.360000e-06	-4.777504e-06	-1.286606e-09	-2.572956e+01	-1.420531e+02
6.370000e-06	-4.821957e-06	-1.296265e-09	-2.596896e+01	-1.431208e+02
6.380000e-06	-4.866216e-06	-1.305621e-09	-2.620732e+01	-1.441663e+02
6.390000e-06	-4.910343e-06	-1.314384e-09	-2.644497e+01	-1.451900e+02
6.400000e-06	-4.954224e-06	-1.322011e-09	-2.668129e+01	-1.461925e+02
6.410000e-06	-4.997679e-06	-1.329819e-09	-2.691533e+01	-1.471745e+02
6.420000e-06	-5.040686e-06	-1.339219e-09	-2.714694e+01	-1.481365e+02
6.430000e-06	-5.083447e-06	-1.348404e-09	-2.737723e+01	-1.490794e+02
6.440000e-06	-5.125917e-06	-1.357083e-09	-2.760596e+01	-1.500037e+02
6.450000e-06	-5.167997e-06	-1.365032e-09	-2.783258e+01	-1.509100e+02
6.460000e-06	-5.209625e-06	-1.372963e-09	-2.805678e+01	-1.517992e+02
6.470000e-06	-5.250861e-06	-1.381953e-09	-2.827885e+01	-1.526718e+02
6.480000e-06	-5.291799e-06	-1.390575e-09	-2.849933e+01	-1.535284e+02
6.490000e-06	-5.332473e-06	-1.398049e-09	-2.871838e+01	-1.543697e+02
6.500000e-06	-5.372893e-06	-1.404626e-09	-2.893607e+01	-1.551962e+02
6.510000e-06	-5.412897e-06	-1.411780e-09	-2.915151e+01	-1.560086e+02
6.520000e-06	-5.452534e-06	-1.418361e-09	-2.936498e+01	-1.568073e+02
6.530000e-06	-5.491797e-06	-1.422818e-09	-2.957643e+01	-1.575928e+02
6.540000e-06	-5.530470e-06	-1.427763e-09	-2.978470e+01	-1.583655e+02
6.550000e-06	-5.568525e-06	-1.435152e-09	-2.998965e+01	-1.591259e+02
6.560000e-06	-5.606098e-06	-1.442905e-09	-3.019201e+01	-1.598743e+02
6.570000e-06	-5.643135e-06	-1.449916e-09	-3.039147e+01	-1.606110e+02
6.580000e-06	-5.679652e-06	-1.456876e-09	-3.058813e+01	-1.613364e+02
6.590000e-06	-5.715760e-06	-1.463213e-09	-3.078260e+01	-1.620506e+02
6.600000e-06	-5.751670e-06	-1.468804e-09	-3.097599e+01	-1.627538e+02
6.610000e-06	-5.787389e-06	-1.474074e-09	-3.116836e+01	-1.634463e+02
6.620000e-06	-5.822678e-06	-1.479843e-09	-3.135841e+01	-1.641282e+02
6.630000e-06	-5.857513e-06	-1.485276e-09	-3.154602e+01	-1.647996e+02
6.640000e-06	-5.892020e-06	-1.490240e-09	-3.173186e+01	-1.654605e+02
6.650000e-06	-5.926095e-06	-1.495536e-09	-3.191537e+01	-1.661112e+02
6.660000e-06	-5.959683e-06	-1.500535e-09	-3.209626e+01	-1.667516e+02
6.670000e-06	-5.992892e-06	-1.505268e-09	-3.227511e+01	-1.673818e+02
6.680000e-06	-6.025634e-06	-1.509231e-09	-3.245144e+01	-1.680019e+02
6.690000e-06	-6.058045e-06	-1.513775e-09	-3.262599e+01	-1.686120e+02
6.700000e-06	-6.090195e-06	-1.519773e-09	-3.279914e+01	-1.692120e+02
6.710000e-06	-6.122020e-06	-1.525198e-09	-3.297054e+01	-1.698021e+02
6.720000e-06	-6.153267e-06	-1.529816e-09	-3.313882e+01	-1.703824e+02
6.730000e-06	-6.183746e-06	-1.533358e-09	-3.330296e+01	-1.709528e+02
6.740000e-06	-6.213536e-06	-1.536094e-09	-3.346340e+01	-1.715136e+02
6.750000e-06	-6.242660e-06	-1.539475e-09	-3.362025e+01	-1.720647e+02
6.760000e-06	-6.271348e-06	-1.543336e-09	-3.377475e+01	-1.726064e+02
6.770000e-06	-6.299946e-06	-1.547013e-09	-3.392877e+01	-1.731387e+02
6.780000e-06	-6.328299e-06	-1.550110e-09	-3.408147e+01	-1.736618e+02
6.790000e-06	-6.356156e-06	-1.552596e-09	-3.423149e+01	-1.741757e+02
6.800000e-06	-6.383538e-06	-1.555397e-09	-3.437896e+01	-1.746807e+02
6.810000e-06	-6.410460e-06	-1.558688e-09	-3.452395e+01	-1.751768e+02
6.820000e-06	-6.436943e-06	-1.561373e-09	-3.466658e+01	-1.756642e+02
6.830000e-06	-6.462929e-06	-1.564810e-09	-3.480653e+01	-1.761431e+02
6.840000e-06	-6.488284e-06	-1.569423e-09	-3.494307e+01	-1.766134e+02
6.850000e-06	-6.513238e-06	-1.572396e-09	-3.507747e+01	-1.770754e+02
6.860000e-06	-6.537930e-06	-1.573663e-09	-3.521045e+01	-1.775291e+02
6.870000e-06	-6.562206e-06	-1.576116e-09	-3.534119e+01	-1.779746e+02
6.880000e-06	-6.586244e-06	-1.580402e-09	-3.547064e+01	-1.784120e+02
6.890000e-06	-6.609936e-06	-1.584917e-09	-3.559824e+01	-1.788412e+02
6.900000e-06	-6.632898e-06	-1.588002e-09	-3.572190e+01	-1.792624e+02
6.910000e-06	-6.655044e-06	-1.589285e-09	-3.584117e+01	-1.796755e+02
6.920000e-06	-6.676417e-06	-1.590571e-09	-3.595628e+01	-1.800804e+02
6.930000e-06	-6.697226e-06	-1.592502e-09	-3.606835e+01	-1.804771e+02
6.940000e-06	-6.717692e-06	-1.595180e-09	-3.617857e+01	-1.808656e+02
6.950000e-06	-6.737788e-06	-1.598589e-09	-3.628679e+01	-1.812457e+02
6.960000e-06	-6.757615e-06	-1.601313e-09	-3.639357e+01	-1.816174e+02
6.970000e-06	-6.777034e-06	-1.603577e-09	-3.649816e+01	-1.819806e+02
6.980000e-06	-6.795864e-06	-1.605400e-09	-3.659957e+01	-1.823351e+02
6.990000e-06	-6.814302e-06	-1.606511e-09	-3.669887e+01	-1.826807e+02
7.000000e-06	-6.832271e-06	-1.607400e-09	-3.679564e+01	-1.830175e+02
7.010000e-06	-6.849720e-06	-1.608358e-09	-3.688961e+01	-1.833452e+02
7.020000e-06	-6.866796e-06	-1.610535e-09	-3.698158e+01	-1.836637e+02
7.030000e-06	-6.883393e-06	-1.613946e-09	-3.707096e+01	-1.839730e+02
7.040000e-06	-6.899671e-06	-1.616869e-09	-3.715863e+01	-1.842729e+02
7.050000e-06	-6.915667e-06	-1.618041e-09	-3.724478e+01	-1.845634e+02
7.060000e-06	-6.930918e-06	-1.618325e-09	-3.732691e+01	-1.848444e+02
7.070000e-06	-6.945349e-06	-1.619236e-09	-3.740463e+01	-1.851159e+02
7.080000e-06	-6.959140e-06	-1.622169e-09	-3.747890e+01	-1.853780e+02
7.090000e-06	-6.972232e-06	-1.625979e-09	-3.754941e+01	-1.856306e+02
7.100000e-06	-6.984697e-06	-1.626976e-09	-3.761654e+01	-1.858738e+02
7.110000e-06	-6.996698e-06	-1.625937e-09	-3.768117e+01	-1.861077e+02
7.120000e-06	-7.008089e-06	-1.626512e-09	-3.774252e+01	-1.863324e+02
7.130000e-06	-7.018980e-06	-1.628891e-09	-3.780118e+01	-1.865481e+02
7.140000e-06	-7.029479e-06	-1.630560e-09	-3.785772e+01	-1.867549e+02
7.150000e-06	-7.039402e-06	-1.629839e-09	-3.791116e+01	-1.869529e+02
7.160000e-06	-7.048738e-06	-1.628393e-09	-3.796144e+01	-1.871425e+02
7.170000e-06	-7.057680e-06	-1.629050e-09	-3.800960e+01	-1.873237e+02
7.180000e-06	-7.066292e-06	-1.630462e-09	-3.805598e+01	-1.874967e+02
7.190000e-06	-7.074537e-06	-1.630971e-09	-3.810038e+01	-1.876619e+02
7.200000e-06	-7.082364e-06	-1.631366e-09	-3.814253e+01	-1.878193e+02
7.210000e-06	-7.089595e-06	-1.630941e-09	-3.818148e+01	-1.879692e+02
7.220000e-06	-7.096083e-06	-1.630798e-09	-3.821642e+01	-1.881116e+02
7.230000e-06	-7.101798e-06	-1.631795e-09	-3.824720e+01	-1.882469e+02
7.240000e-06	-7.106881e-06	-1.631928e-09	-3.827457e+01	-1.883750e+02
7.250000e-06	-7.111479e-06	-1.631550e-09	-3.829933e+01	-1.884960e+02
7.260000e-06	-7.115734e-06	-1.631038e-09	-3.832225e+01	-1.886101e+02
7.270000e-06	-7.119638e-06	-1.631257e-09	-3.834327e+01	-1.887172e+02
7.280000e-06	-7.123128e-06	-1.632714e-09	-3.836207e+01	-1.888173e+02
7.290000e-06	-7.126123e-06	-1.633347e-09	-3.837820e+01	-1.889104e+02
7.300000e-06	-7.128542e-06	-1.632284e-09	-3.839123e+01	-1.889963e+02
7.310000e-06	-7.130560e-06	-1.630413e-09	-3.840210e+01	-1.890750e+02
7.320000e-06	-7.132094e-06	-1.630651e-09	-3.841036e+01	-1.891464e+02
7.330000e-06	-7.133022e-06	-1.633461e-09	-3.841535e+01	-1.892101e+02
7.340000e-06	-7.133611e-06	-1.633817e-09	-3.841853e+01	-1.892660e+02
