# Temperatura_=_20.0
# Concentracion g/m^3_=_7400.0
# C_Vs_to_Am_M_A/Vsm_=_116720831517.84952
# pendiente_HvsI_1/m_=_3716.3
# ordenada_HvsI_A/m_=_1297.0
# frecuencia_Hz_=_136116.00560475618

Tiempo_(s)	Campo_(V.s)	Magnetizacion_(V.s)	Campo_(kA/m)	Magnetizacion_(A/m)
0.000000e+00	-7.131187e-06	-1.393240e-09	-3.842616e+01	-1.607074e+02
1.000000e-08	-7.131413e-06	-1.392317e-09	-3.842738e+01	-1.606877e+02
2.000000e-08	-7.131359e-06	-1.390812e-09	-3.842709e+01	-1.606602e+02
3.000000e-08	-7.130878e-06	-1.389596e-09	-3.842450e+01	-1.606254e+02
4.000000e-08	-7.129842e-06	-1.388493e-09	-3.841892e+01	-1.605838e+02
5.000000e-08	-7.128016e-06	-1.387099e-09	-3.840907e+01	-1.605357e+02
6.000000e-08	-7.125293e-06	-1.385812e-09	-3.839440e+01	-1.604818e+02
7.000000e-08	-7.122019e-06	-1.383654e-09	-3.837676e+01	-1.604225e+02
8.000000e-08	-7.118311e-06	-1.382668e-09	-3.835678e+01	-1.603585e+02
9.000000e-08	-7.114130e-06	-1.391057e-09	-3.833425e+01	-1.602904e+02
1.000000e-07	-7.109291e-06	-1.399443e-09	-3.830818e+01	-1.602187e+02
1.100000e-07	-7.103805e-06	-1.370870e-09	-3.827862e+01	-1.601442e+02
1.200000e-07	-7.097976e-06	-1.343268e-09	-3.824721e+01	-1.600673e+02
1.300000e-07	-7.091897e-06	-1.381871e-09	-3.821445e+01	-1.599887e+02
1.400000e-07	-7.085326e-06	-1.432966e-09	-3.817904e+01	-1.599090e+02
1.500000e-07	-7.078160e-06	-1.382902e-09	-3.814043e+01	-1.598286e+02
1.600000e-07	-7.070607e-06	-1.310562e-09	-3.809973e+01	-1.597481e+02
1.700000e-07	-7.062723e-06	-1.370929e-09	-3.805725e+01	-1.596678e+02
1.800000e-07	-7.054297e-06	-1.444003e-09	-3.801184e+01	-1.595881e+02
1.900000e-07	-7.045268e-06	-1.362381e-09	-3.796319e+01	-1.595093e+02
2.000000e-07	-7.035616e-06	-1.273851e-09	-3.791118e+01	-1.594315e+02
2.100000e-07	-7.025358e-06	-1.368423e-09	-3.785591e+01	-1.593550e+02
2.200000e-07	-7.014415e-06	-1.452290e-09	-3.779694e+01	-1.592797e+02
2.300000e-07	-7.002900e-06	-1.350644e-09	-3.773489e+01	-1.592055e+02
2.400000e-07	-6.990931e-06	-1.278980e-09	-3.767039e+01	-1.591323e+02
2.500000e-07	-6.978375e-06	-1.374435e-09	-3.760274e+01	-1.590599e+02
2.600000e-07	-6.965136e-06	-1.410111e-09	-3.753140e+01	-1.589880e+02
2.700000e-07	-6.951264e-06	-1.316167e-09	-3.745665e+01	-1.589161e+02
2.800000e-07	-6.936853e-06	-1.313158e-09	-3.737900e+01	-1.588438e+02
2.900000e-07	-6.921785e-06	-1.386635e-09	-3.729781e+01	-1.587706e+02
3.000000e-07	-6.905946e-06	-1.353925e-09	-3.721246e+01	-1.586959e+02
3.100000e-07	-6.889556e-06	-1.304035e-09	-3.712414e+01	-1.586191e+02
3.200000e-07	-6.872764e-06	-1.359697e-09	-3.703366e+01	-1.585395e+02
3.300000e-07	-6.855481e-06	-1.364117e-09	-3.694053e+01	-1.584565e+02
3.400000e-07	-6.837859e-06	-1.287634e-09	-3.684557e+01	-1.583693e+02
3.500000e-07	-6.819821e-06	-1.320300e-09	-3.674838e+01	-1.582773e+02
3.600000e-07	-6.801190e-06	-1.393515e-09	-3.664798e+01	-1.581799e+02
3.700000e-07	-6.782113e-06	-1.326232e-09	-3.654519e+01	-1.580763e+02
3.800000e-07	-6.762687e-06	-1.268745e-09	-3.644051e+01	-1.579660e+02
3.900000e-07	-6.742808e-06	-1.345683e-09	-3.633339e+01	-1.578484e+02
4.000000e-07	-6.722527e-06	-1.363560e-09	-3.622411e+01	-1.577231e+02
4.100000e-07	-6.701820e-06	-1.287953e-09	-3.611253e+01	-1.575895e+02
4.200000e-07	-6.680668e-06	-1.304539e-09	-3.599855e+01	-1.574473e+02
4.300000e-07	-6.659050e-06	-1.354581e-09	-3.588207e+01	-1.572962e+02
4.400000e-07	-6.636944e-06	-1.311476e-09	-3.576295e+01	-1.571360e+02
4.500000e-07	-6.614355e-06	-1.292860e-09	-3.564123e+01	-1.569665e+02
4.600000e-07	-6.591337e-06	-1.335066e-09	-3.551720e+01	-1.567876e+02
4.700000e-07	-6.567929e-06	-1.312203e-09	-3.539106e+01	-1.565994e+02
4.800000e-07	-6.544150e-06	-1.279398e-09	-3.526293e+01	-1.564019e+02
4.900000e-07	-6.519879e-06	-1.320519e-09	-3.513215e+01	-1.561953e+02
5.000000e-07	-6.495039e-06	-1.326850e-09	-3.499830e+01	-1.559796e+02
5.100000e-07	-6.469579e-06	-1.281048e-09	-3.486111e+01	-1.557552e+02
5.200000e-07	-6.443499e-06	-1.291743e-09	-3.472058e+01	-1.555224e+02
5.300000e-07	-6.416814e-06	-1.314277e-09	-3.457679e+01	-1.552815e+02
5.400000e-07	-6.389511e-06	-1.285244e-09	-3.442966e+01	-1.550328e+02
5.500000e-07	-6.361831e-06	-1.278956e-09	-3.428051e+01	-1.547766e+02
5.600000e-07	-6.333804e-06	-1.299865e-09	-3.412949e+01	-1.545134e+02
5.700000e-07	-6.305376e-06	-1.283901e-09	-3.397631e+01	-1.542434e+02
5.800000e-07	-6.276509e-06	-1.271394e-09	-3.382076e+01	-1.539671e+02
5.900000e-07	-6.247265e-06	-1.287712e-09	-3.366318e+01	-1.536847e+02
6.000000e-07	-6.217748e-06	-1.279685e-09	-3.350413e+01	-1.533965e+02
6.100000e-07	-6.187874e-06	-1.262571e-09	-3.334315e+01	-1.531027e+02
6.200000e-07	-6.157431e-06	-1.271925e-09	-3.317911e+01	-1.528036e+02
6.300000e-07	-6.126467e-06	-1.273890e-09	-3.301226e+01	-1.524992e+02
6.400000e-07	-6.095062e-06	-1.261354e-09	-3.284303e+01	-1.521897e+02
6.500000e-07	-6.063250e-06	-1.262730e-09	-3.267162e+01	-1.518751e+02
6.600000e-07	-6.031155e-06	-1.263070e-09	-3.249868e+01	-1.515555e+02
6.700000e-07	-5.998770e-06	-1.252645e-09	-3.232417e+01	-1.512306e+02
6.800000e-07	-5.965807e-06	-1.250340e-09	-3.214655e+01	-1.509004e+02
6.900000e-07	-5.932130e-06	-1.251134e-09	-3.196508e+01	-1.505648e+02
7.000000e-07	-5.897859e-06	-1.244116e-09	-3.178042e+01	-1.502235e+02
7.100000e-07	-5.862974e-06	-1.239378e-09	-3.159244e+01	-1.498763e+02
7.200000e-07	-5.827638e-06	-1.237002e-09	-3.140203e+01	-1.495230e+02
7.300000e-07	-5.792029e-06	-1.232453e-09	-3.121015e+01	-1.491631e+02
7.400000e-07	-5.756165e-06	-1.229887e-09	-3.101690e+01	-1.487965e+02
7.500000e-07	-5.720033e-06	-1.228142e-09	-3.082221e+01	-1.484227e+02
7.600000e-07	-5.683493e-06	-1.222109e-09	-3.062531e+01	-1.480416e+02
7.700000e-07	-5.646494e-06	-1.217629e-09	-3.042594e+01	-1.476528e+02
7.800000e-07	-5.609105e-06	-1.215424e-09	-3.022447e+01	-1.472560e+02
7.900000e-07	-5.571229e-06	-1.209557e-09	-3.002038e+01	-1.468510e+02
8.000000e-07	-5.532882e-06	-1.202261e-09	-2.981375e+01	-1.464376e+02
8.100000e-07	-5.494024e-06	-1.196855e-09	-2.960437e+01	-1.460156e+02
8.200000e-07	-5.454693e-06	-1.192920e-09	-2.939243e+01	-1.455849e+02
8.300000e-07	-5.415113e-06	-1.189336e-09	-2.917915e+01	-1.451454e+02
8.400000e-07	-5.375354e-06	-1.184913e-09	-2.896491e+01	-1.446971e+02
8.500000e-07	-5.335356e-06	-1.178404e-09	-2.874939e+01	-1.442399e+02
8.600000e-07	-5.295131e-06	-1.171445e-09	-2.853264e+01	-1.437740e+02
8.700000e-07	-5.254467e-06	-1.165852e-09	-2.831352e+01	-1.432995e+02
8.800000e-07	-5.213231e-06	-1.161702e-09	-2.809132e+01	-1.428164e+02
8.900000e-07	-5.171479e-06	-1.156601e-09	-2.786634e+01	-1.423251e+02
9.000000e-07	-5.129321e-06	-1.150090e-09	-2.763918e+01	-1.418258e+02
9.100000e-07	-5.086645e-06	-1.144510e-09	-2.740922e+01	-1.413186e+02
9.200000e-07	-5.043324e-06	-1.140350e-09	-2.717578e+01	-1.408040e+02
9.300000e-07	-4.999673e-06	-1.135266e-09	-2.694057e+01	-1.402820e+02
9.400000e-07	-4.955810e-06	-1.128511e-09	-2.670422e+01	-1.397532e+02
9.500000e-07	-4.911654e-06	-1.121886e-09	-2.646628e+01	-1.392176e+02
9.600000e-07	-4.867214e-06	-1.117500e-09	-2.622682e+01	-1.386757e+02
9.700000e-07	-4.822472e-06	-1.114295e-09	-2.598573e+01	-1.381275e+02
9.800000e-07	-4.777381e-06	-1.110031e-09	-2.574275e+01	-1.375734e+02
9.900000e-07	-4.732003e-06	-1.104144e-09	-2.549824e+01	-1.370135e+02
1.000000e-06	-4.686394e-06	-1.097928e-09	-2.525247e+01	-1.364478e+02
1.010000e-06	-4.640480e-06	-1.092380e-09	-2.500507e+01	-1.358765e+02
1.020000e-06	-4.594168e-06	-1.087657e-09	-2.475552e+01	-1.352996e+02
1.030000e-06	-4.547439e-06	-1.082671e-09	-2.450372e+01	-1.347169e+02
1.040000e-06	-4.500383e-06	-1.077146e-09	-2.425016e+01	-1.341284e+02
1.050000e-06	-4.453064e-06	-1.072331e-09	-2.399519e+01	-1.335339e+02
1.060000e-06	-4.405610e-06	-1.067216e-09	-2.373948e+01	-1.329330e+02
1.070000e-06	-4.358001e-06	-1.061804e-09	-2.348294e+01	-1.323254e+02
1.080000e-06	-4.309943e-06	-1.057056e-09	-2.322398e+01	-1.317107e+02
1.090000e-06	-4.261386e-06	-1.052142e-09	-2.296234e+01	-1.310885e+02
1.100000e-06	-4.212427e-06	-1.047630e-09	-2.269852e+01	-1.304582e+02
1.110000e-06	-4.163106e-06	-1.043478e-09	-2.243275e+01	-1.298193e+02
1.120000e-06	-4.113294e-06	-1.037887e-09	-2.216435e+01	-1.291710e+02
1.130000e-06	-4.063052e-06	-1.031175e-09	-2.189362e+01	-1.285129e+02
1.140000e-06	-4.012517e-06	-1.024540e-09	-2.162131e+01	-1.278442e+02
1.150000e-06	-3.961542e-06	-1.018993e-09	-2.134664e+01	-1.271642e+02
1.160000e-06	-3.910079e-06	-1.014476e-09	-2.106933e+01	-1.264722e+02
1.170000e-06	-3.858300e-06	-1.008767e-09	-2.079032e+01	-1.257675e+02
1.180000e-06	-3.806284e-06	-1.002043e-09	-2.051003e+01	-1.250495e+02
1.190000e-06	-3.754045e-06	-9.958429e-10	-2.022854e+01	-1.243175e+02
1.200000e-06	-3.701545e-06	-9.894917e-10	-1.994565e+01	-1.235709e+02
1.210000e-06	-3.648692e-06	-9.828996e-10	-1.966085e+01	-1.228091e+02
1.220000e-06	-3.595619e-06	-9.761044e-10	-1.937487e+01	-1.220316e+02
1.230000e-06	-3.542366e-06	-9.698242e-10	-1.908792e+01	-1.212380e+02
1.240000e-06	-3.488890e-06	-9.635110e-10	-1.879976e+01	-1.204277e+02
1.250000e-06	-3.435114e-06	-9.573074e-10	-1.851000e+01	-1.196005e+02
1.260000e-06	-3.381072e-06	-9.513040e-10	-1.821879e+01	-1.187562e+02
1.270000e-06	-3.326941e-06	-9.433080e-10	-1.792711e+01	-1.178944e+02
1.280000e-06	-3.272425e-06	-9.345464e-10	-1.763335e+01	-1.170152e+02
1.290000e-06	-3.217534e-06	-9.273884e-10	-1.733757e+01	-1.161185e+02
1.300000e-06	-3.162588e-06	-9.210257e-10	-1.704150e+01	-1.152043e+02
1.310000e-06	-3.107495e-06	-9.131891e-10	-1.674463e+01	-1.142727e+02
1.320000e-06	-3.052223e-06	-9.044056e-10	-1.644680e+01	-1.133239e+02
1.330000e-06	-2.996767e-06	-8.966676e-10	-1.614798e+01	-1.123581e+02
1.340000e-06	-2.941094e-06	-8.890065e-10	-1.584799e+01	-1.113756e+02
1.350000e-06	-2.885247e-06	-8.804039e-10	-1.554706e+01	-1.103767e+02
1.360000e-06	-2.829304e-06	-8.718467e-10	-1.524561e+01	-1.093618e+02
1.370000e-06	-2.773292e-06	-8.635582e-10	-1.494379e+01	-1.083313e+02
1.380000e-06	-2.717155e-06	-8.561345e-10	-1.464130e+01	-1.072856e+02
1.390000e-06	-2.660864e-06	-8.486411e-10	-1.433798e+01	-1.062250e+02
1.400000e-06	-2.604452e-06	-8.399241e-10	-1.403400e+01	-1.051500e+02
1.410000e-06	-2.547849e-06	-8.301387e-10	-1.372900e+01	-1.040610e+02
1.420000e-06	-2.490910e-06	-8.202753e-10	-1.342219e+01	-1.029584e+02
1.430000e-06	-2.433642e-06	-8.115475e-10	-1.311360e+01	-1.018424e+02
1.440000e-06	-2.376101e-06	-8.031945e-10	-1.280354e+01	-1.007134e+02
1.450000e-06	-2.318320e-06	-7.939482e-10	-1.249219e+01	-9.957148e+01
1.460000e-06	-2.260170e-06	-7.835105e-10	-1.217885e+01	-9.841693e+01
1.470000e-06	-2.201496e-06	-7.725760e-10	-1.186269e+01	-9.724976e+01
1.480000e-06	-2.142559e-06	-7.622030e-10	-1.154511e+01	-9.606997e+01
1.490000e-06	-2.083531e-06	-7.516436e-10	-1.122704e+01	-9.487745e+01
1.500000e-06	-2.024256e-06	-7.408452e-10	-1.090764e+01	-9.367202e+01
1.510000e-06	-1.964767e-06	-7.308005e-10	-1.058708e+01	-9.245335e+01
1.520000e-06	-1.905255e-06	-7.205335e-10	-1.026640e+01	-9.122104e+01
1.530000e-06	-1.845728e-06	-7.110094e-10	-9.945642e+00	-8.997458e+01
1.540000e-06	-1.786216e-06	-7.016245e-10	-9.624965e+00	-8.871334e+01
1.550000e-06	-1.726649e-06	-6.904411e-10	-9.303991e+00	-8.743658e+01
1.560000e-06	-1.666876e-06	-6.790616e-10	-8.981907e+00	-8.614345e+01
1.570000e-06	-1.607034e-06	-6.684314e-10	-8.659449e+00	-8.483300e+01
1.580000e-06	-1.547210e-06	-6.585368e-10	-8.337091e+00	-8.350419e+01
1.590000e-06	-1.487327e-06	-6.479800e-10	-8.014414e+00	-8.215587e+01
1.600000e-06	-1.427377e-06	-6.359024e-10	-7.691372e+00	-8.078679e+01
1.610000e-06	-1.367387e-06	-6.242133e-10	-7.368117e+00	-7.939567e+01
1.620000e-06	-1.307242e-06	-6.129231e-10	-7.044027e+00	-7.798110e+01
1.630000e-06	-1.247006e-06	-6.009612e-10	-6.719448e+00	-7.654165e+01
1.640000e-06	-1.186680e-06	-5.884434e-10	-6.394384e+00	-7.507584e+01
1.650000e-06	-1.126215e-06	-5.756811e-10	-6.068573e+00	-7.358214e+01
1.660000e-06	-1.065764e-06	-5.633398e-10	-5.742834e+00	-7.205902e+01
1.670000e-06	-1.005337e-06	-5.520424e-10	-5.417227e+00	-7.050493e+01
1.680000e-06	-9.448307e-07	-5.403186e-10	-5.091189e+00	-6.891835e+01
1.690000e-06	-8.842039e-07	-5.260502e-10	-4.764503e+00	-6.729777e+01
1.700000e-06	-8.235777e-07	-5.113706e-10	-4.437821e+00	-6.564173e+01
1.710000e-06	-7.629250e-07	-4.992011e-10	-4.110996e+00	-6.394883e+01
1.720000e-06	-7.021557e-07	-4.872446e-10	-3.783542e+00	-6.221777e+01
1.730000e-06	-6.412068e-07	-4.737536e-10	-3.455121e+00	-6.044732e+01
1.740000e-06	-5.801601e-07	-4.596291e-10	-3.126173e+00	-5.863637e+01
1.750000e-06	-5.190877e-07	-4.452440e-10	-2.797087e+00	-5.678394e+01
1.760000e-06	-4.579084e-07	-4.303628e-10	-2.467424e+00	-5.488921e+01
1.770000e-06	-3.966608e-07	-4.147494e-10	-2.137393e+00	-5.295151e+01
1.780000e-06	-3.354188e-07	-3.985480e-10	-1.807393e+00	-5.097034e+01
1.790000e-06	-2.742893e-07	-3.819390e-10	-1.477999e+00	-4.894539e+01
1.800000e-06	-2.132978e-07	-3.651113e-10	-1.149348e+00	-4.687655e+01
1.810000e-06	-1.522327e-07	-3.485103e-10	-8.203008e-01	-4.476394e+01
1.820000e-06	-9.107407e-08	-3.318421e-10	-4.907496e-01	-4.260786e+01
1.830000e-06	-2.989845e-08	-3.137029e-10	-1.611068e-01	-4.040887e+01
1.840000e-06	3.134122e-08	-2.947642e-10	1.688811e-01	-3.816773e+01
1.850000e-06	9.257436e-08	-2.761721e-10	4.988338e-01	-3.588546e+01
1.860000e-06	1.537850e-07	-2.581391e-10	8.286652e-01	-3.356328e+01
1.870000e-06	2.149830e-07	-2.408521e-10	1.158429e+00	-3.120266e+01
1.880000e-06	2.761890e-07	-2.230593e-10	1.488235e+00	-2.880529e+01
1.890000e-06	3.373553e-07	-2.035564e-10	1.817828e+00	-2.637306e+01
1.900000e-06	3.985143e-07	-1.834867e-10	2.147381e+00	-2.390810e+01
1.910000e-06	4.596333e-07	-1.634705e-10	2.476718e+00	-2.141270e+01
1.920000e-06	5.206818e-07	-1.438754e-10	2.805676e+00	-1.888936e+01
1.930000e-06	5.817834e-07	-1.247072e-10	3.134920e+00	-1.634073e+01
1.940000e-06	6.427816e-07	-1.046763e-10	3.463607e+00	-1.376961e+01
1.950000e-06	7.036348e-07	-8.502318e-11	3.791513e+00	-1.117894e+01
1.960000e-06	7.644926e-07	-6.557963e-11	4.119442e+00	-8.571760e+00
1.970000e-06	8.253023e-07	-4.465464e-11	4.447114e+00	-5.951190e+00
1.980000e-06	8.859619e-07	-2.308572e-11	4.773976e+00	-3.320420e+00
1.990000e-06	9.465516e-07	-2.218844e-12	5.100462e+00	-6.826784e-01
2.000000e-06	1.007100e-06	1.912870e-11	5.426725e+00	1.958796e+00
2.010000e-06	1.067505e-06	4.133983e-11	5.752217e+00	4.600772e+00
2.020000e-06	1.127892e-06	6.214694e-11	6.077607e+00	7.240054e+00
2.030000e-06	1.188299e-06	8.254371e-11	6.403110e+00	9.873504e+00
2.040000e-06	1.248616e-06	1.028275e-10	6.728124e+00	1.249807e+01
2.050000e-06	1.308764e-06	1.220553e-10	7.052229e+00	1.511079e+01
2.060000e-06	1.368788e-06	1.420668e-10	7.375667e+00	1.770884e+01
2.070000e-06	1.428784e-06	1.632629e-10	7.698955e+00	2.028953e+01
2.080000e-06	1.488725e-06	1.845570e-10	8.021944e+00	2.285033e+01
2.090000e-06	1.548569e-06	2.051300e-10	8.344410e+00	2.538889e+01
2.100000e-06	1.608331e-06	2.248972e-10	8.666438e+00	2.790303e+01
2.110000e-06	1.668080e-06	2.441853e-10	8.988391e+00	3.039078e+01
2.120000e-06	1.727801e-06	2.632886e-10	9.310197e+00	3.285036e+01
2.130000e-06	1.787443e-06	2.829070e-10	9.631579e+00	3.528020e+01
2.140000e-06	1.847050e-06	3.021767e-10	9.952765e+00	3.767895e+01
2.150000e-06	1.906576e-06	3.203562e-10	1.027352e+01	4.004545e+01
2.160000e-06	1.965977e-06	3.383483e-10	1.059360e+01	4.237877e+01
2.170000e-06	2.025352e-06	3.565800e-10	1.091354e+01	4.467814e+01
2.180000e-06	2.084559e-06	3.745621e-10	1.123258e+01	4.694302e+01
2.190000e-06	2.143540e-06	3.918076e-10	1.155039e+01	4.917304e+01
2.200000e-06	2.202239e-06	4.089590e-10	1.186669e+01	5.136798e+01
2.210000e-06	2.260700e-06	4.260935e-10	1.218171e+01	5.352780e+01
2.220000e-06	2.318896e-06	4.431305e-10	1.249529e+01	5.565260e+01
2.230000e-06	2.376637e-06	4.599435e-10	1.280643e+01	5.774259e+01
2.240000e-06	2.434011e-06	4.759137e-10	1.311559e+01	5.979810e+01
2.250000e-06	2.491105e-06	4.919535e-10	1.342323e+01	6.181955e+01
2.260000e-06	2.547961e-06	5.084502e-10	1.372960e+01	6.380745e+01
2.270000e-06	2.604582e-06	5.242779e-10	1.403470e+01	6.576235e+01
2.280000e-06	2.660968e-06	5.391731e-10	1.433853e+01	6.768484e+01
2.290000e-06	2.717103e-06	5.535800e-10	1.464102e+01	6.957556e+01
2.300000e-06	2.773071e-06	5.686247e-10	1.494260e+01	7.143514e+01
2.310000e-06	2.828986e-06	5.842940e-10	1.524390e+01	7.326423e+01
2.320000e-06	2.884842e-06	5.994239e-10	1.554488e+01	7.506344e+01
2.330000e-06	2.940542e-06	6.155507e-10	1.584501e+01	7.683339e+01
2.340000e-06	2.996152e-06	6.316315e-10	1.614466e+01	7.857464e+01
2.350000e-06	3.051617e-06	6.451117e-10	1.644354e+01	8.028773e+01
2.360000e-06	3.106842e-06	6.572207e-10	1.674111e+01	8.197315e+01
2.370000e-06	3.161879e-06	6.683788e-10	1.703768e+01	8.363135e+01
2.380000e-06	3.216711e-06	6.783316e-10	1.733314e+01	8.526271e+01
2.390000e-06	3.271320e-06	6.894188e-10	1.762740e+01	8.686760e+01
2.400000e-06	3.325570e-06	7.036178e-10	1.791972e+01	8.844630e+01
2.410000e-06	3.379570e-06	7.184373e-10	1.821070e+01	8.999908e+01
2.420000e-06	3.433391e-06	7.319400e-10	1.850071e+01	9.152616e+01
2.430000e-06	3.486994e-06	7.445975e-10	1.878955e+01	9.302772e+01
2.440000e-06	3.540436e-06	7.562437e-10	1.907752e+01	9.450393e+01
2.450000e-06	3.593722e-06	7.667568e-10	1.936465e+01	9.595491e+01
2.460000e-06	3.646598e-06	7.773548e-10	1.964957e+01	9.738080e+01
2.470000e-06	3.698980e-06	7.881554e-10	1.993183e+01	9.878170e+01
2.480000e-06	3.751159e-06	7.981801e-10	2.021299e+01	1.001577e+02
2.490000e-06	3.803093e-06	8.086173e-10	2.049284e+01	1.015090e+02
2.500000e-06	3.854787e-06	8.197988e-10	2.077139e+01	1.028357e+02
2.510000e-06	3.906199e-06	8.306074e-10	2.104842e+01	1.041380e+02
2.520000e-06	3.957225e-06	8.402239e-10	2.132338e+01	1.054160e+02
2.530000e-06	4.007839e-06	8.491564e-10	2.159610e+01	1.066699e+02
2.540000e-06	4.057955e-06	8.581672e-10	2.186615e+01	1.079000e+02
2.550000e-06	4.107543e-06	8.667277e-10	2.213336e+01	1.091065e+02
2.560000e-06	4.156680e-06	8.743000e-10	2.239813e+01	1.102898e+02
2.570000e-06	4.205413e-06	8.815759e-10	2.266073e+01	1.114501e+02
2.580000e-06	4.253738e-06	8.903092e-10	2.292113e+01	1.125879e+02
2.590000e-06	4.301763e-06	9.005509e-10	2.317991e+01	1.137035e+02
2.600000e-06	4.349613e-06	9.106649e-10	2.343774e+01	1.147973e+02
2.610000e-06	4.397357e-06	9.197100e-10	2.369501e+01	1.158697e+02
2.620000e-06	4.444922e-06	9.281051e-10	2.395131e+01	1.169213e+02
2.630000e-06	4.492141e-06	9.360655e-10	2.420575e+01	1.179524e+02
2.640000e-06	4.538988e-06	9.437087e-10	2.445818e+01	1.189634e+02
2.650000e-06	4.585474e-06	9.512524e-10	2.470867e+01	1.199549e+02
2.660000e-06	4.631620e-06	9.584016e-10	2.495733e+01	1.209272e+02
2.670000e-06	4.677455e-06	9.649788e-10	2.520431e+01	1.218807e+02
2.680000e-06	4.722968e-06	9.714285e-10	2.544956e+01	1.228159e+02
2.690000e-06	4.768151e-06	9.786539e-10	2.569302e+01	1.237331e+02
2.700000e-06	4.812908e-06	9.859063e-10	2.593419e+01	1.246327e+02
2.710000e-06	4.857354e-06	9.920491e-10	2.617369e+01	1.255149e+02
2.720000e-06	4.901569e-06	9.989653e-10	2.641194e+01	1.263799e+02
2.730000e-06	4.945533e-06	1.008192e-09	2.664884e+01	1.272281e+02
2.740000e-06	4.989276e-06	1.017138e-09	2.688455e+01	1.280596e+02
2.750000e-06	5.032831e-06	1.023943e-09	2.711924e+01	1.288745e+02
2.760000e-06	5.076059e-06	1.029737e-09	2.735217e+01	1.296729e+02
2.770000e-06	5.118817e-06	1.035290e-09	2.758257e+01	1.304550e+02
2.780000e-06	5.161002e-06	1.041394e-09	2.780988e+01	1.312209e+02
2.790000e-06	5.202371e-06	1.049138e-09	2.803280e+01	1.319704e+02
2.800000e-06	5.243035e-06	1.057437e-09	2.825192e+01	1.327037e+02
2.810000e-06	5.283370e-06	1.064818e-09	2.846926e+01	1.334208e+02
2.820000e-06	5.323474e-06	1.071633e-09	2.868536e+01	1.341217e+02
2.830000e-06	5.363363e-06	1.078660e-09	2.890030e+01	1.348065e+02
2.840000e-06	5.403000e-06	1.084333e-09	2.911389e+01	1.354751e+02
2.850000e-06	5.442398e-06	1.088750e-09	2.932618e+01	1.361276e+02
2.860000e-06	5.481419e-06	1.093320e-09	2.953644e+01	1.367642e+02
2.870000e-06	5.519889e-06	1.097439e-09	2.974373e+01	1.373849e+02
2.880000e-06	5.557930e-06	1.102592e-09	2.994872e+01	1.379900e+02
2.890000e-06	5.595611e-06	1.108920e-09	3.015176e+01	1.385796e+02
2.900000e-06	5.632982e-06	1.113930e-09	3.035313e+01	1.391540e+02
2.910000e-06	5.670000e-06	1.118219e-09	3.055261e+01	1.397136e+02
2.920000e-06	5.706561e-06	1.123644e-09	3.074961e+01	1.402588e+02
2.930000e-06	5.742700e-06	1.130179e-09	3.094435e+01	1.407899e+02
2.940000e-06	5.778570e-06	1.137138e-09	3.113763e+01	1.413074e+02
2.950000e-06	5.814264e-06	1.142032e-09	3.132997e+01	1.418120e+02
2.960000e-06	5.849786e-06	1.144598e-09	3.152137e+01	1.423041e+02
2.970000e-06	5.884977e-06	1.147587e-09	3.171100e+01	1.427845e+02
2.980000e-06	5.919510e-06	1.152259e-09	3.189708e+01	1.432538e+02
2.990000e-06	5.953192e-06	1.157812e-09	3.207857e+01	1.437126e+02
3.000000e-06	5.986114e-06	1.163607e-09	3.225597e+01	1.441617e+02
3.010000e-06	6.018433e-06	1.169115e-09	3.243012e+01	1.446019e+02
3.020000e-06	6.050376e-06	1.173611e-09	3.260225e+01	1.450338e+02
3.030000e-06	6.082103e-06	1.178036e-09	3.277321e+01	1.454582e+02
3.040000e-06	6.113503e-06	1.182816e-09	3.294240e+01	1.458758e+02
3.050000e-06	6.144449e-06	1.187185e-09	3.310916e+01	1.462873e+02
3.060000e-06	6.175036e-06	1.192121e-09	3.327398e+01	1.466933e+02
3.070000e-06	6.205252e-06	1.198052e-09	3.343679e+01	1.470945e+02
3.080000e-06	6.234939e-06	1.203390e-09	3.359676e+01	1.474913e+02
3.090000e-06	6.264136e-06	1.207792e-09	3.375409e+01	1.478843e+02
3.100000e-06	6.292951e-06	1.212742e-09	3.390936e+01	1.482738e+02
3.110000e-06	6.321411e-06	1.218252e-09	3.406271e+01	1.486603e+02
3.120000e-06	6.349565e-06	1.222607e-09	3.421441e+01	1.490441e+02
3.130000e-06	6.377377e-06	1.226775e-09	3.436428e+01	1.494252e+02
3.140000e-06	6.404865e-06	1.231560e-09	3.451240e+01	1.498039e+02
3.150000e-06	6.431978e-06	1.235615e-09	3.465850e+01	1.501802e+02
3.160000e-06	6.458421e-06	1.238818e-09	3.480098e+01	1.505541e+02
3.170000e-06	6.484065e-06	1.241803e-09	3.493917e+01	1.509255e+02
3.180000e-06	6.508962e-06	1.245233e-09	3.507332e+01	1.512941e+02
3.190000e-06	6.533252e-06	1.248854e-09	3.520421e+01	1.516599e+02
3.200000e-06	6.557197e-06	1.252044e-09	3.533324e+01	1.520225e+02
3.210000e-06	6.580826e-06	1.255093e-09	3.546056e+01	1.523815e+02
3.220000e-06	6.603942e-06	1.257737e-09	3.558512e+01	1.527368e+02
3.230000e-06	6.626628e-06	1.261044e-09	3.570736e+01	1.530877e+02
3.240000e-06	6.648966e-06	1.265766e-09	3.582773e+01	1.534340e+02
3.250000e-06	6.670782e-06	1.269791e-09	3.594528e+01	1.537752e+02
3.260000e-06	6.692161e-06	1.272091e-09	3.606048e+01	1.541109e+02
3.270000e-06	6.713104e-06	1.274651e-09	3.617333e+01	1.544406e+02
3.280000e-06	6.733539e-06	1.277507e-09	3.628345e+01	1.547640e+02
3.290000e-06	6.753643e-06	1.280645e-09	3.639178e+01	1.550806e+02
3.300000e-06	6.773455e-06	1.284400e-09	3.649853e+01	1.553901e+02
3.310000e-06	6.792910e-06	1.287563e-09	3.660337e+01	1.556922e+02
3.320000e-06	6.811898e-06	1.290253e-09	3.670568e+01	1.559865e+02
3.330000e-06	6.830283e-06	1.292533e-09	3.680475e+01	1.562728e+02
3.340000e-06	6.848040e-06	1.294902e-09	3.690043e+01	1.565508e+02
3.350000e-06	6.865241e-06	1.297650e-09	3.699312e+01	1.568204e+02
3.360000e-06	6.882060e-06	1.300856e-09	3.708375e+01	1.570814e+02
3.370000e-06	6.898560e-06	1.303425e-09	3.717266e+01	1.573338e+02
3.380000e-06	6.914520e-06	1.306305e-09	3.725866e+01	1.575774e+02
3.390000e-06	6.929790e-06	1.309955e-09	3.734094e+01	1.578121e+02
3.400000e-06	6.944414e-06	1.312957e-09	3.741974e+01	1.580381e+02
3.410000e-06	6.958474e-06	1.316475e-09	3.749551e+01	1.582552e+02
3.420000e-06	6.971996e-06	1.319393e-09	3.756837e+01	1.584636e+02
3.430000e-06	6.985043e-06	1.321336e-09	3.763867e+01	1.586632e+02
3.440000e-06	6.997614e-06	1.324329e-09	3.770641e+01	1.588541e+02
3.450000e-06	7.009725e-06	1.328346e-09	3.777167e+01	1.590364e+02
3.460000e-06	7.021420e-06	1.332086e-09	3.783469e+01	1.592101e+02
3.470000e-06	7.032481e-06	1.334211e-09	3.789429e+01	1.593752e+02
3.480000e-06	7.042789e-06	1.335142e-09	3.794983e+01	1.595319e+02
3.490000e-06	7.052334e-06	1.336095e-09	3.800127e+01	1.596800e+02
3.500000e-06	7.061151e-06	1.338037e-09	3.804878e+01	1.598196e+02
3.510000e-06	7.069408e-06	1.340972e-09	3.809327e+01	1.599508e+02
3.520000e-06	7.077184e-06	1.343845e-09	3.813517e+01	1.600734e+02
3.530000e-06	7.084562e-06	1.345773e-09	3.817492e+01	1.601875e+02
3.540000e-06	7.091591e-06	1.346798e-09	3.821280e+01	1.602930e+02
3.550000e-06	7.098042e-06	1.348052e-09	3.824756e+01	1.603898e+02
3.560000e-06	7.103951e-06	1.350418e-09	3.827940e+01	1.604779e+02
3.570000e-06	7.109472e-06	1.353381e-09	3.830915e+01	1.605572e+02
3.580000e-06	7.114494e-06	1.356017e-09	3.833621e+01	1.606276e+02
3.590000e-06	7.118991e-06	1.359293e-09	3.836045e+01	1.606891e+02
3.600000e-06	7.123082e-06	1.362597e-09	3.838249e+01	1.607416e+02
3.610000e-06	7.126865e-06	1.364965e-09	3.840287e+01	1.607852e+02
3.620000e-06	7.130247e-06	1.366290e-09	3.842109e+01	1.608197e+02
3.630000e-06	7.133103e-06	1.367150e-09	3.843649e+01	1.608453e+02
3.640000e-06	7.135285e-06	1.368408e-09	3.844824e+01	1.608620e+02
3.650000e-06	7.136663e-06	1.369082e-09	3.845567e+01	1.608700e+02
3.660000e-06	7.137292e-06	1.369359e-09	3.845906e+01	1.608693e+02
3.670000e-06	7.137467e-06	1.369449e-09	3.846000e+01	1.608603e+02
3.680000e-06	7.137353e-06	1.369107e-09	3.845939e+01	1.608431e+02
3.690000e-06	7.136794e-06	1.368656e-09	3.845638e+01	1.608182e+02
3.700000e-06	7.135757e-06	1.369216e-09	3.845079e+01	1.607858e+02
3.710000e-06	7.134233e-06	1.371067e-09	3.844257e+01	1.607464e+02
3.720000e-06	7.132273e-06	1.372812e-09	3.843201e+01	1.607004e+02
3.730000e-06	7.129822e-06	1.373982e-09	3.841880e+01	1.606483e+02
3.740000e-06	7.126746e-06	1.377287e-09	3.840223e+01	1.605908e+02
3.750000e-06	7.123260e-06	1.373238e-09	3.838345e+01	1.605283e+02
3.760000e-06	7.119391e-06	1.352708e-09	3.836260e+01	1.604614e+02
3.770000e-06	7.114821e-06	1.357092e-09	3.833798e+01	1.603909e+02
3.780000e-06	7.109366e-06	1.408149e-09	3.830858e+01	1.603172e+02
3.790000e-06	7.103347e-06	1.416847e-09	3.827615e+01	1.602410e+02
3.800000e-06	7.096999e-06	1.336836e-09	3.824194e+01	1.601629e+02
3.810000e-06	7.090175e-06	1.313004e-09	3.820517e+01	1.600835e+02
3.820000e-06	7.082881e-06	1.410268e-09	3.816586e+01	1.600033e+02
3.830000e-06	7.075221e-06	1.437053e-09	3.812459e+01	1.599227e+02
3.840000e-06	7.067192e-06	1.321682e-09	3.808133e+01	1.598423e+02
3.850000e-06	7.058677e-06	1.293640e-09	3.803544e+01	1.597624e+02
3.860000e-06	7.049576e-06	1.432857e-09	3.798641e+01	1.596832e+02
3.870000e-06	7.039941e-06	1.464523e-09	3.793448e+01	1.596051e+02
3.880000e-06	7.029762e-06	1.298340e-09	3.787964e+01	1.595282e+02
3.890000e-06	7.019076e-06	1.266704e-09	3.782205e+01	1.594524e+02
3.900000e-06	7.007971e-06	1.440636e-09	3.776222e+01	1.593778e+02
3.910000e-06	6.996410e-06	1.455993e-09	3.769992e+01	1.593043e+02
3.920000e-06	6.984242e-06	1.286363e-09	3.763435e+01	1.592317e+02
3.930000e-06	6.971380e-06	1.307953e-09	3.756504e+01	1.591596e+02
3.940000e-06	6.957644e-06	1.470325e-09	3.749103e+01	1.590878e+02
3.950000e-06	6.943114e-06	1.410614e-09	3.741274e+01	1.590157e+02
3.960000e-06	6.928112e-06	1.274836e-09	3.733190e+01	1.589428e+02
3.970000e-06	6.912669e-06	1.371852e-09	3.724869e+01	1.588687e+02
3.980000e-06	6.896780e-06	1.469123e-09	3.716307e+01	1.587926e+02
3.990000e-06	6.880405e-06	1.347149e-09	3.707483e+01	1.587140e+02
4.000000e-06	6.863547e-06	1.312634e-09	3.698399e+01	1.586322e+02
4.010000e-06	6.846203e-06	1.448992e-09	3.689054e+01	1.585465e+02
4.020000e-06	6.828374e-06	1.414412e-09	3.679446e+01	1.584562e+02
4.030000e-06	6.810058e-06	1.287825e-09	3.669577e+01	1.583606e+02
4.040000e-06	6.791287e-06	1.376800e-09	3.659462e+01	1.582591e+02
4.050000e-06	6.772076e-06	1.466059e-09	3.649110e+01	1.581511e+02
4.060000e-06	6.752441e-06	1.347858e-09	3.638530e+01	1.580360e+02
4.070000e-06	6.732401e-06	1.316259e-09	3.627732e+01	1.579133e+02
4.080000e-06	6.712011e-06	1.436238e-09	3.616745e+01	1.577825e+02
4.090000e-06	6.691277e-06	1.404044e-09	3.605572e+01	1.576432e+02
4.100000e-06	6.669939e-06	1.312606e-09	3.594074e+01	1.574951e+02
4.110000e-06	6.647813e-06	1.385809e-09	3.582151e+01	1.573379e+02
4.120000e-06	6.624930e-06	1.423901e-09	3.569821e+01	1.571715e+02
4.130000e-06	6.601382e-06	1.340750e-09	3.557132e+01	1.569958e+02
4.140000e-06	6.577447e-06	1.360666e-09	3.544235e+01	1.568107e+02
4.150000e-06	6.553271e-06	1.420367e-09	3.531208e+01	1.566162e+02
4.160000e-06	6.528779e-06	1.358400e-09	3.518011e+01	1.564126e+02
4.170000e-06	6.503774e-06	1.333576e-09	3.504537e+01	1.561999e+02
4.180000e-06	6.478242e-06	1.396511e-09	3.490779e+01	1.559784e+02
4.190000e-06	6.452264e-06	1.377900e-09	3.476781e+01	1.557484e+02
4.200000e-06	6.425905e-06	1.338058e-09	3.462577e+01	1.555101e+02
4.210000e-06	6.399048e-06	1.378245e-09	3.448105e+01	1.552639e+02
4.220000e-06	6.371580e-06	1.379299e-09	3.433305e+01	1.550102e+02
4.230000e-06	6.343788e-06	1.339238e-09	3.418329e+01	1.547493e+02
4.240000e-06	6.315759e-06	1.362518e-09	3.403225e+01	1.544815e+02
4.250000e-06	6.287435e-06	1.377810e-09	3.387963e+01	1.542072e+02
4.260000e-06	6.258584e-06	1.344979e-09	3.372417e+01	1.539268e+02
4.270000e-06	6.228943e-06	1.351014e-09	3.356445e+01	1.536405e+02
4.280000e-06	6.198600e-06	1.370153e-09	3.340095e+01	1.533485e+02
4.290000e-06	6.167765e-06	1.349907e-09	3.323480e+01	1.530511e+02
4.300000e-06	6.136518e-06	1.342952e-09	3.306642e+01	1.527485e+02
4.310000e-06	6.104876e-06	1.354854e-09	3.289592e+01	1.524407e+02
4.320000e-06	6.072726e-06	1.345435e-09	3.272268e+01	1.521278e+02
4.330000e-06	6.040075e-06	1.340184e-09	3.254674e+01	1.518098e+02
4.340000e-06	6.007089e-06	1.347424e-09	3.236900e+01	1.514867e+02
4.350000e-06	5.973741e-06	1.340236e-09	3.218930e+01	1.511583e+02
4.360000e-06	5.939906e-06	1.332123e-09	3.200698e+01	1.508245e+02
4.370000e-06	5.905690e-06	1.334027e-09	3.182261e+01	1.504851e+02
4.380000e-06	5.871190e-06	1.330928e-09	3.163671e+01	1.501399e+02
4.390000e-06	5.836414e-06	1.328054e-09	3.144932e+01	1.497886e+02
4.400000e-06	5.801218e-06	1.328968e-09	3.125967e+01	1.494310e+02
4.410000e-06	5.765517e-06	1.324407e-09	3.106730e+01	1.490666e+02
4.420000e-06	5.729542e-06	1.322143e-09	3.087344e+01	1.486953e+02
4.430000e-06	5.693219e-06	1.324619e-09	3.067772e+01	1.483166e+02
4.440000e-06	5.656478e-06	1.319293e-09	3.047974e+01	1.479304e+02
4.450000e-06	5.619356e-06	1.312709e-09	3.027971e+01	1.475363e+02
4.460000e-06	5.581700e-06	1.314153e-09	3.007680e+01	1.471340e+02
4.470000e-06	5.543277e-06	1.313924e-09	2.986976e+01	1.467235e+02
4.480000e-06	5.504142e-06	1.308270e-09	2.965889e+01	1.463043e+02
4.490000e-06	5.464676e-06	1.303531e-09	2.944622e+01	1.458765e+02
4.500000e-06	5.424890e-06	1.299464e-09	2.923184e+01	1.454399e+02
4.510000e-06	5.384709e-06	1.295030e-09	2.901533e+01	1.449945e+02
4.520000e-06	5.344253e-06	1.293113e-09	2.879733e+01	1.445403e+02
4.530000e-06	5.303549e-06	1.292238e-09	2.857800e+01	1.440773e+02
4.540000e-06	5.262453e-06	1.289173e-09	2.835655e+01	1.436056e+02
4.550000e-06	5.220857e-06	1.284724e-09	2.813241e+01	1.431254e+02
4.560000e-06	5.178893e-06	1.280922e-09	2.790629e+01	1.426368e+02
4.570000e-06	5.136692e-06	1.277299e-09	2.767889e+01	1.421401e+02
4.580000e-06	5.094130e-06	1.271851e-09	2.744955e+01	1.416355e+02
4.590000e-06	5.051099e-06	1.264537e-09	2.721768e+01	1.411233e+02
4.600000e-06	5.007785e-06	1.259454e-09	2.698428e+01	1.406037e+02
4.610000e-06	4.964148e-06	1.257800e-09	2.674914e+01	1.400771e+02
4.620000e-06	4.920234e-06	1.256015e-09	2.651252e+01	1.395438e+02
4.630000e-06	4.876207e-06	1.253957e-09	2.627528e+01	1.390039e+02
4.640000e-06	4.831914e-06	1.251312e-09	2.603661e+01	1.384578e+02
4.650000e-06	4.787277e-06	1.245518e-09	2.579608e+01	1.379056e+02
4.660000e-06	4.742382e-06	1.239323e-09	2.555417e+01	1.373476e+02
4.670000e-06	4.697049e-06	1.233892e-09	2.530989e+01	1.367838e+02
4.680000e-06	4.651292e-06	1.227332e-09	2.506333e+01	1.362144e+02
4.690000e-06	4.605208e-06	1.220662e-09	2.481501e+01	1.356394e+02
4.700000e-06	4.558814e-06	1.216202e-09	2.456502e+01	1.350586e+02
4.710000e-06	4.512110e-06	1.213095e-09	2.431335e+01	1.344721e+02
4.720000e-06	4.465058e-06	1.209970e-09	2.405982e+01	1.338795e+02
4.730000e-06	4.417719e-06	1.205974e-09	2.380473e+01	1.332808e+02
4.740000e-06	4.370040e-06	1.199571e-09	2.354781e+01	1.326754e+02
4.750000e-06	4.322038e-06	1.193866e-09	2.328916e+01	1.320632e+02
4.760000e-06	4.273559e-06	1.190938e-09	2.302793e+01	1.314435e+02
4.770000e-06	4.224573e-06	1.186390e-09	2.276397e+01	1.308159e+02
4.780000e-06	4.175292e-06	1.179676e-09	2.249842e+01	1.301799e+02
4.790000e-06	4.125734e-06	1.174786e-09	2.223138e+01	1.295349e+02
4.800000e-06	4.075994e-06	1.170921e-09	2.196336e+01	1.288801e+02
4.810000e-06	4.026011e-06	1.166184e-09	2.169403e+01	1.282150e+02
4.820000e-06	3.975588e-06	1.161399e-09	2.142232e+01	1.275388e+02
4.830000e-06	3.924869e-06	1.156732e-09	2.114903e+01	1.268509e+02
4.840000e-06	3.873973e-06	1.151508e-09	2.087477e+01	1.261505e+02
4.850000e-06	3.822770e-06	1.144953e-09	2.059887e+01	1.254370e+02
4.860000e-06	3.771156e-06	1.137437e-09	2.032075e+01	1.247097e+02
4.870000e-06	3.719291e-06	1.130560e-09	2.004127e+01	1.239681e+02
4.880000e-06	3.667202e-06	1.124087e-09	1.976060e+01	1.232114e+02
4.890000e-06	3.614883e-06	1.118480e-09	1.947867e+01	1.224392e+02
4.900000e-06	3.562302e-06	1.113284e-09	1.919534e+01	1.216509e+02
4.910000e-06	3.509361e-06	1.107834e-09	1.891007e+01	1.208462e+02
4.920000e-06	3.456024e-06	1.101503e-09	1.862267e+01	1.200247e+02
4.930000e-06	3.402293e-06	1.093108e-09	1.833314e+01	1.191861e+02
4.940000e-06	3.348124e-06	1.084758e-09	1.804125e+01	1.183301e+02
4.950000e-06	3.293480e-06	1.077696e-09	1.774680e+01	1.174568e+02
4.960000e-06	3.238510e-06	1.070038e-09	1.745060e+01	1.165659e+02
4.970000e-06	3.183308e-06	1.061394e-09	1.715315e+01	1.156575e+02
4.980000e-06	3.127875e-06	1.053177e-09	1.685445e+01	1.147316e+02
4.990000e-06	3.072228e-06	1.046132e-09	1.655460e+01	1.137885e+02
5.000000e-06	3.016437e-06	1.038893e-09	1.625397e+01	1.128284e+02
5.010000e-06	2.960430e-06	1.030480e-09	1.595218e+01	1.118514e+02
5.020000e-06	2.904197e-06	1.020903e-09	1.564917e+01	1.108579e+02
5.030000e-06	2.847811e-06	1.011260e-09	1.534533e+01	1.098483e+02
5.040000e-06	2.791301e-06	1.002781e-09	1.504083e+01	1.088229e+02
5.050000e-06	2.734756e-06	9.943321e-10	1.473614e+01	1.077822e+02
5.060000e-06	2.677941e-06	9.854025e-10	1.443000e+01	1.067265e+02
5.070000e-06	2.620700e-06	9.755467e-10	1.412155e+01	1.056563e+02
5.080000e-06	2.563263e-06	9.654721e-10	1.381206e+01	1.045719e+02
5.090000e-06	2.505865e-06	9.560877e-10	1.350277e+01	1.034738e+02
5.100000e-06	2.448366e-06	9.463863e-10	1.319294e+01	1.023622e+02
5.110000e-06	2.390646e-06	9.352727e-10	1.288192e+01	1.012375e+02
5.120000e-06	2.332800e-06	9.235999e-10	1.257022e+01	1.000998e+02
5.130000e-06	2.274776e-06	9.127322e-10	1.225755e+01	9.894947e+01
5.140000e-06	2.216520e-06	9.026064e-10	1.194364e+01	9.778649e+01
5.150000e-06	2.157911e-06	8.919792e-10	1.162783e+01	9.661090e+01
5.160000e-06	2.099080e-06	8.807372e-10	1.131082e+01	9.542264e+01
5.170000e-06	2.040249e-06	8.686763e-10	1.099381e+01	9.422152e+01
5.180000e-06	1.981354e-06	8.565601e-10	1.067646e+01	9.300729e+01
5.190000e-06	1.922239e-06	8.460570e-10	1.035792e+01	9.177957e+01
5.200000e-06	1.862955e-06	8.350368e-10	1.003847e+01	9.053788e+01
5.210000e-06	1.803592e-06	8.227059e-10	9.718594e+00	8.928163e+01
5.220000e-06	1.744123e-06	8.105048e-10	9.398146e+00	8.801012e+01
5.230000e-06	1.684547e-06	7.991585e-10	9.077127e+00	8.672254e+01
5.240000e-06	1.624960e-06	7.886526e-10	8.756042e+00	8.541796e+01
5.250000e-06	1.565258e-06	7.773593e-10	8.434337e+00	8.409538e+01
5.260000e-06	1.505410e-06	7.642609e-10	8.111849e+00	8.275368e+01
5.270000e-06	1.445521e-06	7.511625e-10	7.789143e+00	8.139166e+01
5.280000e-06	1.385631e-06	7.390444e-10	7.466425e+00	8.000802e+01
5.290000e-06	1.325682e-06	7.266624e-10	7.143393e+00	7.860141e+01
5.300000e-06	1.265643e-06	7.128385e-10	6.819875e+00	7.717041e+01
5.310000e-06	1.205576e-06	6.976105e-10	6.496207e+00	7.571354e+01
5.320000e-06	1.145434e-06	6.825806e-10	6.172134e+00	7.422930e+01
5.330000e-06	1.085233e-06	6.687119e-10	5.847741e+00	7.271614e+01
5.340000e-06	1.025027e-06	6.559301e-10	5.523325e+00	7.117254e+01
5.350000e-06	9.647784e-07	6.427253e-10	5.198676e+00	6.959694e+01
5.360000e-06	9.045146e-07	6.272185e-10	4.873946e+00	6.798784e+01
5.370000e-06	8.442739e-07	6.110951e-10	4.549342e+00	6.634377e+01
5.380000e-06	7.839435e-07	5.963075e-10	4.224253e+00	6.466330e+01
5.390000e-06	7.234859e-07	5.813140e-10	3.898479e+00	6.294509e+01
5.400000e-06	6.628829e-07	5.644980e-10	3.571922e+00	6.118788e+01
5.410000e-06	6.022693e-07	5.469882e-10	3.245308e+00	5.939053e+01
5.420000e-06	5.416843e-07	5.304517e-10	2.918847e+00	5.755202e+01
5.430000e-06	4.809903e-07	5.139073e-10	2.591800e+00	5.567146e+01
5.440000e-06	4.202171e-07	4.974189e-10	2.264326e+00	5.374814e+01
5.450000e-06	3.594220e-07	4.802327e-10	1.936733e+00	5.178149e+01
5.460000e-06	2.986638e-07	4.610655e-10	1.609340e+00	4.977114e+01
5.470000e-06	2.379227e-07	4.415282e-10	1.282039e+00	4.771692e+01
5.480000e-06	1.771664e-07	4.231076e-10	9.546551e-01	4.561886e+01
5.490000e-06	1.164134e-07	4.047560e-10	6.272899e-01	4.347721e+01
5.500000e-06	5.569984e-08	3.852159e-10	3.001367e-01	4.129244e+01
5.510000e-06	-5.021266e-09	3.646650e-10	-2.705692e-02	3.906524e+01
5.520000e-06	-6.583721e-08	3.432171e-10	-3.547616e-01	3.679654e+01
5.530000e-06	-1.267755e-07	3.219620e-10	-6.831256e-01	3.448750e+01
5.540000e-06	-1.877540e-07	3.011859e-10	-1.011706e+00	3.213950e+01
5.550000e-06	-2.486397e-07	2.800616e-10	-1.339786e+00	2.975417e+01
5.560000e-06	-3.093930e-07	2.580498e-10	-1.667154e+00	2.733332e+01
5.570000e-06	-3.700479e-07	2.356786e-10	-1.993990e+00	2.487901e+01
5.580000e-06	-4.307418e-07	2.130866e-10	-2.321038e+00	2.239348e+01
5.590000e-06	-4.915127e-07	1.890629e-10	-2.648499e+00	1.987915e+01
5.600000e-06	-5.522076e-07	1.647423e-10	-2.975552e+00	1.733864e+01
5.610000e-06	-6.128592e-07	1.412224e-10	-3.302371e+00	1.477469e+01
5.620000e-06	-6.734936e-07	1.182155e-10	-3.629098e+00	1.219019e+01
5.630000e-06	-7.339535e-07	9.574203e-11	-3.954884e+00	9.588156e+00
5.640000e-06	-7.942717e-07	7.191627e-11	-4.279906e+00	6.971685e+00
5.650000e-06	-8.545015e-07	4.666368e-11	-4.604452e+00	4.343946e+00
5.660000e-06	-9.147941e-07	2.170111e-11	-4.929337e+00	1.708157e+00
5.670000e-06	-9.752247e-07	-2.320080e-12	-5.254965e+00	-9.324455e-01
5.680000e-06	-1.035509e-06	-2.559109e-11	-5.579807e+00	-3.574623e+00
5.690000e-06	-1.095652e-06	-4.834341e-11	-5.903885e+00	-6.215167e+00
5.700000e-06	-1.155787e-06	-7.152041e-11	-6.227919e+00	-8.850918e+00
5.710000e-06	-1.215898e-06	-9.548150e-11	-6.551825e+00	-1.147879e+01
5.720000e-06	-1.275939e-06	-1.190752e-10	-6.875355e+00	-1.409579e+01
5.730000e-06	-1.335913e-06	-1.422361e-10	-7.198525e+00	-1.669905e+01
5.740000e-06	-1.395841e-06	-1.652320e-10	-7.521441e+00	-1.928583e+01
5.750000e-06	-1.455732e-06	-1.880960e-10	-7.844162e+00	-2.185354e+01
5.760000e-06	-1.515604e-06	-2.115621e-10	-8.166780e+00	-2.439978e+01
5.770000e-06	-1.575321e-06	-2.354466e-10	-8.488562e+00	-2.692230e+01
5.780000e-06	-1.634956e-06	-2.591283e-10	-8.809905e+00	-2.941906e+01
5.790000e-06	-1.694508e-06	-2.832294e-10	-9.130799e+00	-3.188823e+01
5.800000e-06	-1.753865e-06	-3.076533e-10	-9.450645e+00	-3.432816e+01
5.810000e-06	-1.813083e-06	-3.311853e-10	-9.769739e+00	-3.673742e+01
5.820000e-06	-1.872169e-06	-3.528479e-10	-1.008812e+01	-3.911480e+01
5.830000e-06	-1.931093e-06	-3.739016e-10	-1.040563e+01	-4.145928e+01
5.840000e-06	-1.989916e-06	-3.966027e-10	-1.072260e+01	-4.377005e+01
5.850000e-06	-2.048644e-06	-4.196942e-10	-1.103905e+01	-4.604649e+01
5.860000e-06	-2.107253e-06	-4.403101e-10	-1.135486e+01	-4.828817e+01
5.870000e-06	-2.165691e-06	-4.596182e-10	-1.166975e+01	-5.049483e+01
5.880000e-06	-2.223900e-06	-4.796582e-10	-1.198341e+01	-5.266637e+01
5.890000e-06	-2.281901e-06	-4.995448e-10	-1.229595e+01	-5.480283e+01
5.900000e-06	-2.339725e-06	-5.191916e-10	-1.260753e+01	-5.690440e+01
5.910000e-06	-2.397333e-06	-5.386571e-10	-1.291795e+01	-5.897138e+01
5.920000e-06	-2.454849e-06	-5.574386e-10	-1.322787e+01	-6.100414e+01
5.930000e-06	-2.512258e-06	-5.761549e-10	-1.353722e+01	-6.300318e+01
5.940000e-06	-2.569435e-06	-5.955596e-10	-1.384531e+01	-6.496902e+01
5.950000e-06	-2.626326e-06	-6.153309e-10	-1.415187e+01	-6.690226e+01
5.960000e-06	-2.682951e-06	-6.336840e-10	-1.445699e+01	-6.880352e+01
5.970000e-06	-2.739557e-06	-6.508629e-10	-1.476201e+01	-7.067342e+01
5.980000e-06	-2.796097e-06	-6.683788e-10	-1.506668e+01	-7.251261e+01
5.990000e-06	-2.852440e-06	-6.861951e-10	-1.537028e+01	-7.432173e+01
6.000000e-06	-2.908596e-06	-7.029174e-10	-1.567287e+01	-7.610138e+01
6.010000e-06	-2.964623e-06	-7.177845e-10	-1.597477e+01	-7.785214e+01
6.020000e-06	-3.020461e-06	-7.314562e-10	-1.627565e+01	-7.957458e+01
6.030000e-06	-3.076166e-06	-7.456218e-10	-1.657582e+01	-8.126918e+01
6.040000e-06	-3.131816e-06	-7.615043e-10	-1.687568e+01	-8.293641e+01
6.050000e-06	-3.187181e-06	-7.772809e-10	-1.717402e+01	-8.457669e+01
6.060000e-06	-3.242006e-06	-7.922056e-10	-1.746944e+01	-8.619038e+01
6.070000e-06	-3.296383e-06	-8.070527e-10	-1.776245e+01	-8.777779e+01
6.080000e-06	-3.350573e-06	-8.213006e-10	-1.805445e+01	-8.933920e+01
6.090000e-06	-3.404422e-06	-8.357844e-10	-1.834461e+01	-9.087483e+01
6.100000e-06	-3.457780e-06	-8.513338e-10	-1.863213e+01	-9.238490e+01
6.110000e-06	-3.510695e-06	-8.656920e-10	-1.891726e+01	-9.386955e+01
6.120000e-06	-3.563306e-06	-8.783816e-10	-1.920075e+01	-9.532894e+01
6.130000e-06	-3.615724e-06	-8.915804e-10	-1.948321e+01	-9.676319e+01
6.140000e-06	-3.667843e-06	-9.045598e-10	-1.976405e+01	-9.817242e+01
6.150000e-06	-3.719734e-06	-9.170248e-10	-2.004366e+01	-9.955675e+01
6.160000e-06	-3.771386e-06	-9.304311e-10	-2.032199e+01	-1.009163e+02
6.170000e-06	-3.822718e-06	-9.435122e-10	-2.059859e+01	-1.022512e+02
6.180000e-06	-3.873760e-06	-9.560712e-10	-2.087363e+01	-1.035616e+02
6.190000e-06	-3.924539e-06	-9.683432e-10	-2.114725e+01	-1.048476e+02
6.200000e-06	-3.974960e-06	-9.789641e-10	-2.141894e+01	-1.061096e+02
6.210000e-06	-4.025050e-06	-9.876649e-10	-2.168885e+01	-1.073476e+02
6.220000e-06	-4.074848e-06	-9.964241e-10	-2.195718e+01	-1.085619e+02
6.230000e-06	-4.124258e-06	-1.006241e-09	-2.222342e+01	-1.097529e+02
6.240000e-06	-4.173255e-06	-1.015472e-09	-2.248744e+01	-1.109209e+02
6.250000e-06	-4.221753e-06	-1.025065e-09	-2.274877e+01	-1.120662e+02
6.260000e-06	-4.269898e-06	-1.036629e-09	-2.300820e+01	-1.131891e+02
6.270000e-06	-4.317571e-06	-1.048472e-09	-2.326509e+01	-1.142901e+02
6.280000e-06	-4.364804e-06	-1.059460e-09	-2.351960e+01	-1.153697e+02
6.290000e-06	-4.411835e-06	-1.069900e-09	-2.377303e+01	-1.164282e+02
6.300000e-06	-4.458552e-06	-1.079217e-09	-2.402476e+01	-1.174660e+02
6.310000e-06	-4.505088e-06	-1.087758e-09	-2.427551e+01	-1.184837e+02
6.320000e-06	-4.551460e-06	-1.095917e-09	-2.452539e+01	-1.194817e+02
6.330000e-06	-4.597581e-06	-1.103983e-09	-2.477391e+01	-1.204603e+02
6.340000e-06	-4.643353e-06	-1.112507e-09	-2.502055e+01	-1.214201e+02
6.350000e-06	-4.688722e-06	-1.122058e-09	-2.526502e+01	-1.223614e+02
6.360000e-06	-4.733823e-06	-1.131590e-09	-2.550805e+01	-1.232846e+02
6.370000e-06	-4.778578e-06	-1.139956e-09	-2.574920e+01	-1.241900e+02
6.380000e-06	-4.822970e-06	-1.147665e-09	-2.598841e+01	-1.250779e+02
6.390000e-06	-4.867127e-06	-1.154633e-09	-2.622635e+01	-1.259487e+02
6.400000e-06	-4.911080e-06	-1.160797e-09	-2.646319e+01	-1.268025e+02
6.410000e-06	-4.954817e-06	-1.166855e-09	-2.669886e+01	-1.276395e+02
6.420000e-06	-4.998214e-06	-1.174441e-09	-2.693271e+01	-1.284599e+02
6.430000e-06	-5.041242e-06	-1.182720e-09	-2.716457e+01	-1.292639e+02
6.440000e-06	-5.083899e-06	-1.190162e-09	-2.739442e+01	-1.300514e+02
6.450000e-06	-5.126119e-06	-1.197178e-09	-2.762192e+01	-1.308227e+02
6.460000e-06	-5.168056e-06	-1.204299e-09	-2.784790e+01	-1.315777e+02
6.470000e-06	-5.209634e-06	-1.212660e-09	-2.807194e+01	-1.323164e+02
6.480000e-06	-5.250720e-06	-1.221382e-09	-2.829333e+01	-1.330389e+02
6.490000e-06	-5.291366e-06	-1.227335e-09	-2.851235e+01	-1.337452e+02
6.500000e-06	-5.331728e-06	-1.231349e-09	-2.872984e+01	-1.344353e+02
6.510000e-06	-5.371982e-06	-1.236481e-09	-2.894674e+01	-1.351093e+02
6.520000e-06	-5.411978e-06	-1.242043e-09	-2.916226e+01	-1.357672e+02
6.530000e-06	-5.451640e-06	-1.246677e-09	-2.937598e+01	-1.364091e+02
6.540000e-06	-5.490936e-06	-1.251414e-09	-2.958772e+01	-1.370351e+02
6.550000e-06	-5.529678e-06	-1.257450e-09	-2.979649e+01	-1.376454e+02
6.560000e-06	-5.567781e-06	-1.264193e-09	-3.000180e+01	-1.382402e+02
6.570000e-06	-5.605287e-06	-1.270427e-09	-3.020390e+01	-1.388197e+02
6.580000e-06	-5.642267e-06	-1.275678e-09	-3.040317e+01	-1.393842e+02
6.590000e-06	-5.678803e-06	-1.278958e-09	-3.060004e+01	-1.399341e+02
6.600000e-06	-5.715029e-06	-1.281720e-09	-3.079524e+01	-1.404698e+02
6.610000e-06	-5.750991e-06	-1.286050e-09	-3.098902e+01	-1.409919e+02
6.620000e-06	-5.786695e-06	-1.290332e-09	-3.118141e+01	-1.415007e+02
6.630000e-06	-5.822074e-06	-1.293927e-09	-3.137205e+01	-1.419969e+02
6.640000e-06	-5.857013e-06	-1.297035e-09	-3.156032e+01	-1.424812e+02
6.650000e-06	-5.891438e-06	-1.299988e-09	-3.174582e+01	-1.429541e+02
6.660000e-06	-5.925482e-06	-1.303926e-09	-3.192926e+01	-1.434163e+02
6.670000e-06	-5.959065e-06	-1.308092e-09	-3.211022e+01	-1.438686e+02
6.680000e-06	-5.992190e-06	-1.310970e-09	-3.228871e+01	-1.443117e+02
6.690000e-06	-6.024965e-06	-1.312471e-09	-3.246532e+01	-1.447463e+02
6.700000e-06	-6.057328e-06	-1.313863e-09	-3.263971e+01	-1.451731e+02
6.710000e-06	-6.089383e-06	-1.315848e-09	-3.281243e+01	-1.455929e+02
6.720000e-06	-6.121089e-06	-1.318604e-09	-3.298328e+01	-1.460064e+02
6.730000e-06	-6.152324e-06	-1.321441e-09	-3.315159e+01	-1.464142e+02
6.740000e-06	-6.182951e-06	-1.323407e-09	-3.331662e+01	-1.468169e+02
6.750000e-06	-6.212854e-06	-1.326131e-09	-3.347776e+01	-1.472151e+02
6.760000e-06	-6.242118e-06	-1.330692e-09	-3.363544e+01	-1.476093e+02
6.770000e-06	-6.270952e-06	-1.335040e-09	-3.379082e+01	-1.480000e+02
6.780000e-06	-6.299357e-06	-1.336482e-09	-3.394387e+01	-1.483875e+02
6.790000e-06	-6.327395e-06	-1.335803e-09	-3.409495e+01	-1.487721e+02
6.800000e-06	-6.355109e-06	-1.335811e-09	-3.424429e+01	-1.491542e+02
6.810000e-06	-6.382421e-06	-1.337360e-09	-3.439146e+01	-1.495337e+02
6.820000e-06	-6.409259e-06	-1.339670e-09	-3.453608e+01	-1.499108e+02
6.830000e-06	-6.435611e-06	-1.342520e-09	-3.467807e+01	-1.502855e+02
6.840000e-06	-6.461578e-06	-1.345183e-09	-3.481800e+01	-1.506577e+02
6.850000e-06	-6.487235e-06	-1.346392e-09	-3.495625e+01	-1.510273e+02
6.860000e-06	-6.512382e-06	-1.347829e-09	-3.509175e+01	-1.513941e+02
6.870000e-06	-6.536895e-06	-1.349669e-09	-3.522384e+01	-1.517578e+02
6.880000e-06	-6.561035e-06	-1.350721e-09	-3.535392e+01	-1.521181e+02
6.890000e-06	-6.584894e-06	-1.353355e-09	-3.548248e+01	-1.524746e+02
6.900000e-06	-6.608362e-06	-1.356704e-09	-3.560893e+01	-1.528270e+02
6.910000e-06	-6.631284e-06	-1.358229e-09	-3.573245e+01	-1.531750e+02
6.920000e-06	-6.653554e-06	-1.359438e-09	-3.585245e+01	-1.535179e+02
6.930000e-06	-6.675147e-06	-1.360938e-09	-3.596881e+01	-1.538555e+02
6.940000e-06	-6.696084e-06	-1.362768e-09	-3.608163e+01	-1.541872e+02
6.950000e-06	-6.716549e-06	-1.364555e-09	-3.619190e+01	-1.545128e+02
6.960000e-06	-6.736683e-06	-1.366979e-09	-3.630039e+01	-1.548317e+02
6.970000e-06	-6.756447e-06	-1.370067e-09	-3.640689e+01	-1.551437e+02
6.980000e-06	-6.775736e-06	-1.372666e-09	-3.651083e+01	-1.554482e+02
6.990000e-06	-6.794471e-06	-1.374278e-09	-3.661178e+01	-1.557452e+02
7.000000e-06	-6.812735e-06	-1.374800e-09	-3.671019e+01	-1.560342e+02
7.010000e-06	-6.830555e-06	-1.375422e-09	-3.680621e+01	-1.563150e+02
7.020000e-06	-6.847840e-06	-1.377336e-09	-3.689935e+01	-1.565874e+02
7.030000e-06	-6.864647e-06	-1.379492e-09	-3.698992e+01	-1.568514e+02
7.040000e-06	-6.881155e-06	-1.381423e-09	-3.707887e+01	-1.571066e+02
7.050000e-06	-6.897387e-06	-1.383540e-09	-3.716634e+01	-1.573531e+02
7.060000e-06	-6.913193e-06	-1.385045e-09	-3.725151e+01	-1.575909e+02
7.070000e-06	-6.928539e-06	-1.386565e-09	-3.733420e+01	-1.578198e+02
7.080000e-06	-6.943380e-06	-1.387274e-09	-3.741417e+01	-1.580399e+02
7.090000e-06	-6.957299e-06	-1.387696e-09	-3.748917e+01	-1.582512e+02
7.100000e-06	-6.970345e-06	-1.389275e-09	-3.755947e+01	-1.584537e+02
7.110000e-06	-6.982787e-06	-1.391546e-09	-3.762651e+01	-1.586475e+02
7.120000e-06	-6.994668e-06	-1.393753e-09	-3.769053e+01	-1.588327e+02
7.130000e-06	-7.006113e-06	-1.394815e-09	-3.775221e+01	-1.590092e+02
7.140000e-06	-7.017033e-06	-1.396046e-09	-3.781105e+01	-1.591772e+02
7.150000e-06	-7.027359e-06	-1.397153e-09	-3.786669e+01	-1.593367e+02
7.160000e-06	-7.037242e-06	-1.396962e-09	-3.791994e+01	-1.594877e+02
7.170000e-06	-7.046638e-06	-1.397650e-09	-3.797057e+01	-1.596302e+02
7.180000e-06	-7.055547e-06	-1.399758e-09	-3.801858e+01	-1.597642e+02
7.190000e-06	-7.064147e-06	-1.401556e-09	-3.806492e+01	-1.598897e+02
7.200000e-06	-7.072399e-06	-1.402043e-09	-3.810939e+01	-1.600066e+02
7.210000e-06	-7.080114e-06	-1.401959e-09	-3.815096e+01	-1.601150e+02
7.220000e-06	-7.087213e-06	-1.400178e-09	-3.818921e+01	-1.602147e+02
7.230000e-06	-7.093752e-06	-1.397171e-09	-3.822444e+01	-1.603057e+02
7.240000e-06	-7.099652e-06	-1.396290e-09	-3.825624e+01	-1.603880e+02
7.250000e-06	-7.104846e-06	-1.397150e-09	-3.828423e+01	-1.604614e+02
7.260000e-06	-7.109418e-06	-1.398237e-09	-3.830886e+01	-1.605259e+02
7.270000e-06	-7.113510e-06	-1.398103e-09	-3.833091e+01	-1.605814e+02
7.280000e-06	-7.117250e-06	-1.396840e-09	-3.835106e+01	-1.606279e+02
7.290000e-06	-7.120693e-06	-1.395613e-09	-3.836962e+01	-1.606655e+02
7.300000e-06	-7.123708e-06	-1.394259e-09	-3.838586e+01	-1.606941e+02
7.310000e-06	-7.126238e-06	-1.392659e-09	-3.839949e+01	-1.607137e+02
7.320000e-06	-7.128337e-06	-1.391519e-09	-3.841080e+01	-1.607246e+02
7.330000e-06	-7.129871e-06	-1.391959e-09	-3.841907e+01	-1.607268e+02
7.340000e-06	-7.130725e-06	-1.393035e-09	-3.842367e+01	-1.607206e+02
