# Temperatura_=_20.0
# Concentracion g/m^3_=_7400.0
# C_Vs_to_Am_M_A/Vsm_=_116720831517.84952
# pendiente_HvsI_1/m_=_3716.3
# ordenada_HvsI_A/m_=_1297.0
# frecuencia_Hz_=_136118.02396507864

Tiempo_(s)	Campo_(V.s)	Magnetizacion_(V.s)	Campo_(kA/m)	Magnetizacion_(A/m)
0.000000e+00	-7.108289e-06	-1.215815e-09	-3.842140e+01	-1.405934e+02
1.000000e-08	-7.108421e-06	-1.215377e-09	-3.842211e+01	-1.405982e+02
2.000000e-08	-7.108092e-06	-1.215652e-09	-3.842033e+01	-1.405954e+02
3.000000e-08	-7.107102e-06	-1.216167e-09	-3.841498e+01	-1.405850e+02
4.000000e-08	-7.105336e-06	-1.216295e-09	-3.840544e+01	-1.405667e+02
5.000000e-08	-7.102821e-06	-1.215151e-09	-3.839184e+01	-1.405406e+02
6.000000e-08	-7.099775e-06	-1.213758e-09	-3.837538e+01	-1.405066e+02
7.000000e-08	-7.096363e-06	-1.214455e-09	-3.835694e+01	-1.404648e+02
8.000000e-08	-7.092465e-06	-1.213971e-09	-3.833587e+01	-1.404151e+02
9.000000e-08	-7.087924e-06	-1.211474e-09	-3.831132e+01	-1.403576e+02
1.000000e-07	-7.082551e-06	-1.201182e-09	-3.828228e+01	-1.402926e+02
1.100000e-07	-7.076583e-06	-1.186454e-09	-3.825003e+01	-1.402201e+02
1.200000e-07	-7.070444e-06	-1.199237e-09	-3.821684e+01	-1.401404e+02
1.300000e-07	-7.064059e-06	-1.242647e-09	-3.818233e+01	-1.400537e+02
1.400000e-07	-7.057251e-06	-1.230466e-09	-3.814553e+01	-1.399604e+02
1.500000e-07	-7.049893e-06	-1.165110e-09	-3.810576e+01	-1.398608e+02
1.600000e-07	-7.042133e-06	-1.174262e-09	-3.806381e+01	-1.397552e+02
1.700000e-07	-7.034094e-06	-1.246395e-09	-3.802037e+01	-1.396440e+02
1.800000e-07	-7.025606e-06	-1.225668e-09	-3.797448e+01	-1.395277e+02
1.900000e-07	-7.016280e-06	-1.129664e-09	-3.792408e+01	-1.394066e+02
2.000000e-07	-7.006199e-06	-1.160590e-09	-3.786959e+01	-1.392811e+02
2.100000e-07	-6.995563e-06	-1.271511e-09	-3.781210e+01	-1.391517e+02
2.200000e-07	-6.984421e-06	-1.231679e-09	-3.775187e+01	-1.390187e+02
2.300000e-07	-6.972785e-06	-1.116805e-09	-3.768898e+01	-1.388826e+02
2.400000e-07	-6.960567e-06	-1.157991e-09	-3.762294e+01	-1.387435e+02
2.500000e-07	-6.947666e-06	-1.250180e-09	-3.755321e+01	-1.386020e+02
2.600000e-07	-6.934246e-06	-1.193361e-09	-3.748067e+01	-1.384582e+02
2.700000e-07	-6.920403e-06	-1.127467e-09	-3.740585e+01	-1.383124e+02
2.800000e-07	-6.905905e-06	-1.194790e-09	-3.732748e+01	-1.381648e+02
2.900000e-07	-6.890581e-06	-1.225103e-09	-3.724465e+01	-1.380155e+02
3.000000e-07	-6.874543e-06	-1.148775e-09	-3.715797e+01	-1.378646e+02
3.100000e-07	-6.858064e-06	-1.149478e-09	-3.706889e+01	-1.377122e+02
3.200000e-07	-6.841167e-06	-1.209962e-09	-3.697757e+01	-1.375582e+02
3.300000e-07	-6.823874e-06	-1.164792e-09	-3.688409e+01	-1.374025e+02
3.400000e-07	-6.806068e-06	-1.125947e-09	-3.678785e+01	-1.372452e+02
3.500000e-07	-6.787714e-06	-1.200610e-09	-3.668864e+01	-1.370860e+02
3.600000e-07	-6.768953e-06	-1.204482e-09	-3.658724e+01	-1.369247e+02
3.700000e-07	-6.749703e-06	-1.108711e-09	-3.648319e+01	-1.367610e+02
3.800000e-07	-6.729941e-06	-1.131006e-09	-3.637637e+01	-1.365949e+02
3.900000e-07	-6.709930e-06	-1.209465e-09	-3.626821e+01	-1.364259e+02
4.000000e-07	-6.689597e-06	-1.154056e-09	-3.615831e+01	-1.362537e+02
4.100000e-07	-6.668815e-06	-1.105455e-09	-3.604597e+01	-1.360781e+02
4.200000e-07	-6.647442e-06	-1.173791e-09	-3.593045e+01	-1.358987e+02
4.300000e-07	-6.625531e-06	-1.179405e-09	-3.581202e+01	-1.357153e+02
4.400000e-07	-6.603101e-06	-1.113737e-09	-3.569078e+01	-1.355274e+02
4.500000e-07	-6.580129e-06	-1.137169e-09	-3.556662e+01	-1.353349e+02
4.600000e-07	-6.556801e-06	-1.166372e-09	-3.544052e+01	-1.351375e+02
4.700000e-07	-6.533160e-06	-1.117290e-09	-3.531274e+01	-1.349349e+02
4.800000e-07	-6.509094e-06	-1.119066e-09	-3.518266e+01	-1.347270e+02
4.900000e-07	-6.484597e-06	-1.160796e-09	-3.505025e+01	-1.345135e+02
5.000000e-07	-6.459681e-06	-1.124931e-09	-3.491558e+01	-1.342943e+02
5.100000e-07	-6.434075e-06	-1.097607e-09	-3.477717e+01	-1.340692e+02
5.200000e-07	-6.407710e-06	-1.134437e-09	-3.463467e+01	-1.338384e+02
5.300000e-07	-6.380732e-06	-1.129022e-09	-3.448884e+01	-1.336016e+02
5.400000e-07	-6.353337e-06	-1.097283e-09	-3.434077e+01	-1.333589e+02
5.500000e-07	-6.325627e-06	-1.115868e-09	-3.419099e+01	-1.331103e+02
5.600000e-07	-6.297478e-06	-1.122095e-09	-3.403884e+01	-1.328559e+02
5.700000e-07	-6.268861e-06	-1.097480e-09	-3.388416e+01	-1.325957e+02
5.800000e-07	-6.239856e-06	-1.103394e-09	-3.372739e+01	-1.323300e+02
5.900000e-07	-6.210418e-06	-1.109543e-09	-3.356827e+01	-1.320586e+02
6.000000e-07	-6.180628e-06	-1.090285e-09	-3.340725e+01	-1.317819e+02
6.100000e-07	-6.150440e-06	-1.091935e-09	-3.324408e+01	-1.314999e+02
6.200000e-07	-6.119734e-06	-1.099998e-09	-3.307811e+01	-1.312127e+02
6.300000e-07	-6.088581e-06	-1.085904e-09	-3.290972e+01	-1.309204e+02
6.400000e-07	-6.057145e-06	-1.082337e-09	-3.273980e+01	-1.306231e+02
6.500000e-07	-6.025495e-06	-1.086653e-09	-3.256873e+01	-1.303209e+02
6.600000e-07	-5.993487e-06	-1.076868e-09	-3.239572e+01	-1.300138e+02
6.700000e-07	-5.960836e-06	-1.074361e-09	-3.221924e+01	-1.297017e+02
6.800000e-07	-5.927494e-06	-1.078746e-09	-3.203902e+01	-1.293848e+02
6.900000e-07	-5.893633e-06	-1.069112e-09	-3.185600e+01	-1.290628e+02
7.000000e-07	-5.859293e-06	-1.062945e-09	-3.167038e+01	-1.287357e+02
7.100000e-07	-5.824373e-06	-1.065032e-09	-3.148163e+01	-1.284033e+02
7.200000e-07	-5.788970e-06	-1.058656e-09	-3.129027e+01	-1.280655e+02
7.300000e-07	-5.753315e-06	-1.054250e-09	-3.109756e+01	-1.277220e+02
7.400000e-07	-5.717451e-06	-1.057065e-09	-3.090371e+01	-1.273725e+02
7.500000e-07	-5.681277e-06	-1.052262e-09	-3.070818e+01	-1.270167e+02
7.600000e-07	-5.644774e-06	-1.046330e-09	-3.051087e+01	-1.266544e+02
7.700000e-07	-5.607882e-06	-1.046115e-09	-3.031147e+01	-1.262850e+02
7.800000e-07	-5.570461e-06	-1.041159e-09	-3.010920e+01	-1.259084e+02
7.900000e-07	-5.532520e-06	-1.032739e-09	-2.990413e+01	-1.255240e+02
8.000000e-07	-5.494182e-06	-1.028216e-09	-2.969690e+01	-1.251314e+02
8.100000e-07	-5.455397e-06	-1.023028e-09	-2.948726e+01	-1.247303e+02
8.200000e-07	-5.416136e-06	-1.017235e-09	-2.927505e+01	-1.243203e+02
8.300000e-07	-5.376702e-06	-1.013803e-09	-2.906190e+01	-1.239010e+02
8.400000e-07	-5.337131e-06	-1.009979e-09	-2.884802e+01	-1.234719e+02
8.500000e-07	-5.297129e-06	-1.004868e-09	-2.863180e+01	-1.230328e+02
8.600000e-07	-5.256665e-06	-1.000606e-09	-2.841309e+01	-1.225834e+02
8.700000e-07	-5.215905e-06	-9.968793e-10	-2.819277e+01	-1.221233e+02
8.800000e-07	-5.174743e-06	-9.922414e-10	-2.797029e+01	-1.216522e+02
8.900000e-07	-5.133102e-06	-9.859173e-10	-2.774521e+01	-1.211701e+02
9.000000e-07	-5.090863e-06	-9.790100e-10	-2.751690e+01	-1.206767e+02
9.100000e-07	-5.048012e-06	-9.743794e-10	-2.728528e+01	-1.201719e+02
9.200000e-07	-5.004723e-06	-9.708883e-10	-2.705130e+01	-1.196556e+02
9.300000e-07	-4.961063e-06	-9.671463e-10	-2.681531e+01	-1.191278e+02
9.400000e-07	-4.917197e-06	-9.623917e-10	-2.657821e+01	-1.185884e+02
9.500000e-07	-4.873139e-06	-9.578444e-10	-2.634007e+01	-1.180376e+02
9.600000e-07	-4.828647e-06	-9.533923e-10	-2.609958e+01	-1.174753e+02
9.700000e-07	-4.783764e-06	-9.476097e-10	-2.585698e+01	-1.169018e+02
9.800000e-07	-4.738447e-06	-9.417148e-10	-2.561204e+01	-1.163172e+02
9.900000e-07	-4.692741e-06	-9.365996e-10	-2.536499e+01	-1.157215e+02
1.000000e-06	-4.646864e-06	-9.313697e-10	-2.511702e+01	-1.151150e+02
1.010000e-06	-4.600636e-06	-9.263469e-10	-2.486715e+01	-1.144978e+02
1.020000e-06	-4.553968e-06	-9.216522e-10	-2.461490e+01	-1.138702e+02
1.030000e-06	-4.507058e-06	-9.164533e-10	-2.436135e+01	-1.132324e+02
1.040000e-06	-4.459923e-06	-9.110938e-10	-2.410657e+01	-1.125844e+02
1.050000e-06	-4.412499e-06	-9.066394e-10	-2.385024e+01	-1.119265e+02
1.060000e-06	-4.364906e-06	-9.026801e-10	-2.359299e+01	-1.112587e+02
1.070000e-06	-4.317087e-06	-8.989764e-10	-2.333452e+01	-1.105813e+02
1.080000e-06	-4.268892e-06	-8.937492e-10	-2.307402e+01	-1.098943e+02
1.090000e-06	-4.220334e-06	-8.865936e-10	-2.281156e+01	-1.091978e+02
1.100000e-06	-4.171313e-06	-8.796608e-10	-2.254659e+01	-1.084917e+02
1.110000e-06	-4.121816e-06	-8.738297e-10	-2.227905e+01	-1.077761e+02
1.120000e-06	-4.071881e-06	-8.683236e-10	-2.200915e+01	-1.070509e+02
1.130000e-06	-4.021467e-06	-8.615229e-10	-2.173665e+01	-1.063161e+02
1.140000e-06	-3.970580e-06	-8.541040e-10	-2.146160e+01	-1.055714e+02
1.150000e-06	-3.919409e-06	-8.478847e-10	-2.118501e+01	-1.048169e+02
1.160000e-06	-3.867997e-06	-8.422294e-10	-2.090712e+01	-1.040522e+02
1.170000e-06	-3.816277e-06	-8.358568e-10	-2.062757e+01	-1.032772e+02
1.180000e-06	-3.764376e-06	-8.289995e-10	-2.034703e+01	-1.024917e+02
1.190000e-06	-3.712188e-06	-8.215281e-10	-2.006495e+01	-1.016954e+02
1.200000e-06	-3.659628e-06	-8.140331e-10	-1.978085e+01	-1.008880e+02
1.210000e-06	-3.606830e-06	-8.074684e-10	-1.949547e+01	-1.000694e+02
1.220000e-06	-3.553822e-06	-8.006435e-10	-1.920896e+01	-9.923920e+01
1.230000e-06	-3.500515e-06	-7.921644e-10	-1.892082e+01	-9.839718e+01
1.240000e-06	-3.446936e-06	-7.836874e-10	-1.863122e+01	-9.754311e+01
1.250000e-06	-3.393238e-06	-7.777143e-10	-1.834097e+01	-9.667674e+01
1.260000e-06	-3.339374e-06	-7.729548e-10	-1.804983e+01	-9.579787e+01
1.270000e-06	-3.285168e-06	-7.653360e-10	-1.775684e+01	-9.490632e+01
1.280000e-06	-3.230724e-06	-7.563191e-10	-1.746256e+01	-9.400192e+01
1.290000e-06	-3.176125e-06	-7.487168e-10	-1.716745e+01	-9.308455e+01
1.300000e-06	-3.121354e-06	-7.415347e-10	-1.687140e+01	-9.215411e+01
1.310000e-06	-3.066171e-06	-7.335907e-10	-1.657313e+01	-9.121055e+01
1.320000e-06	-3.010750e-06	-7.252586e-10	-1.627357e+01	-9.025385e+01
1.330000e-06	-2.955336e-06	-7.168590e-10	-1.597405e+01	-8.928400e+01
1.340000e-06	-2.899821e-06	-7.086827e-10	-1.567398e+01	-8.830106e+01
1.350000e-06	-2.844201e-06	-7.013105e-10	-1.537335e+01	-8.730511e+01
1.360000e-06	-2.788347e-06	-6.942558e-10	-1.507145e+01	-8.629623e+01
1.370000e-06	-2.732265e-06	-6.863422e-10	-1.476832e+01	-8.527456e+01
1.380000e-06	-2.676179e-06	-6.770169e-10	-1.446516e+01	-8.424024e+01
1.390000e-06	-2.620012e-06	-6.677701e-10	-1.416157e+01	-8.319344e+01
1.400000e-06	-2.563623e-06	-6.600343e-10	-1.385678e+01	-8.213432e+01
1.410000e-06	-2.507016e-06	-6.520886e-10	-1.355081e+01	-8.106307e+01
1.420000e-06	-2.450237e-06	-6.431513e-10	-1.324391e+01	-7.997984e+01
1.430000e-06	-2.393177e-06	-6.339165e-10	-1.293549e+01	-7.888482e+01
1.440000e-06	-2.335629e-06	-6.243916e-10	-1.262443e+01	-7.777814e+01
1.450000e-06	-2.277720e-06	-6.149927e-10	-1.231143e+01	-7.665995e+01
1.460000e-06	-2.219537e-06	-6.054309e-10	-1.199694e+01	-7.553034e+01
1.470000e-06	-2.161075e-06	-5.950962e-10	-1.168095e+01	-7.438939e+01
1.480000e-06	-2.102533e-06	-5.838926e-10	-1.136452e+01	-7.323714e+01
1.490000e-06	-2.043891e-06	-5.735661e-10	-1.104755e+01	-7.207360e+01
1.500000e-06	-1.984837e-06	-5.646286e-10	-1.072835e+01	-7.089873e+01
1.510000e-06	-1.925453e-06	-5.552038e-10	-1.040737e+01	-6.971243e+01
1.520000e-06	-1.866096e-06	-5.452251e-10	-1.008654e+01	-6.851459e+01
1.530000e-06	-1.806745e-06	-5.358306e-10	-9.765735e+00	-6.730502e+01
1.540000e-06	-1.747259e-06	-5.262329e-10	-9.444205e+00	-6.608351e+01
1.550000e-06	-1.687678e-06	-5.159497e-10	-9.122160e+00	-6.484978e+01
1.560000e-06	-1.628014e-06	-5.053518e-10	-8.799670e+00	-6.360352e+01
1.570000e-06	-1.568329e-06	-4.949938e-10	-8.477063e+00	-6.234437e+01
1.580000e-06	-1.508582e-06	-4.846928e-10	-8.154121e+00	-6.107194e+01
1.590000e-06	-1.448716e-06	-4.732063e-10	-7.830532e+00	-5.978581e+01
1.600000e-06	-1.388805e-06	-4.614494e-10	-7.506706e+00	-5.848552e+01
1.610000e-06	-1.328920e-06	-4.507973e-10	-7.183019e+00	-5.717060e+01
1.620000e-06	-1.268989e-06	-4.400095e-10	-6.859084e+00	-5.584053e+01
1.630000e-06	-1.208913e-06	-4.284351e-10	-6.534361e+00	-5.449483e+01
1.640000e-06	-1.148742e-06	-4.172867e-10	-6.209129e+00	-5.313296e+01
1.650000e-06	-1.088564e-06	-4.067997e-10	-5.883856e+00	-5.175443e+01
1.660000e-06	-1.028346e-06	-3.967227e-10	-5.558367e+00	-5.035873e+01
1.670000e-06	-9.679856e-07	-3.861255e-10	-5.232112e+00	-4.894536e+01
1.680000e-06	-9.074444e-07	-3.742275e-10	-4.904877e+00	-4.751387e+01
1.690000e-06	-8.468134e-07	-3.615215e-10	-4.577157e+00	-4.606381e+01
1.700000e-06	-7.861439e-07	-3.494801e-10	-4.249229e+00	-4.459479e+01
1.710000e-06	-7.254593e-07	-3.388579e-10	-3.921219e+00	-4.310645e+01
1.720000e-06	-6.647124e-07	-3.281980e-10	-3.592873e+00	-4.159847e+01
1.730000e-06	-6.038478e-07	-3.166803e-10	-3.263891e+00	-4.007058e+01
1.740000e-06	-5.430228e-07	-3.045447e-10	-2.935122e+00	-3.852260e+01
1.750000e-06	-4.821825e-07	-2.922201e-10	-2.606271e+00	-3.695436e+01
1.760000e-06	-4.212658e-07	-2.797650e-10	-2.277006e+00	-3.536580e+01
1.770000e-06	-3.603116e-07	-2.666008e-10	-1.947540e+00	-3.375691e+01
1.780000e-06	-2.992994e-07	-2.527922e-10	-1.617759e+00	-3.212774e+01
1.790000e-06	-2.382953e-07	-2.388462e-10	-1.288023e+00	-3.047844e+01
1.800000e-06	-1.772734e-07	-2.250390e-10	-9.581901e-01	-2.880920e+01
1.810000e-06	-1.162281e-07	-2.114407e-10	-6.282306e-01	-2.712033e+01
1.820000e-06	-5.521729e-08	-1.977252e-10	-2.984580e-01	-2.541216e+01
1.830000e-06	5.714388e-09	-1.833005e-10	3.088715e-02	-2.368516e+01
1.840000e-06	6.666894e-08	-1.684776e-10	3.603559e-01	-2.193982e+01
1.850000e-06	1.277157e-07	-1.539071e-10	6.903232e-01	-2.017675e+01
1.860000e-06	1.886903e-07	-1.400331e-10	1.019900e+00	-1.839659e+01
1.870000e-06	2.495676e-07	-1.266123e-10	1.348952e+00	-1.660010e+01
1.880000e-06	3.105422e-07	-1.119197e-10	1.678529e+00	-1.478807e+01
1.890000e-06	3.715892e-07	-9.627752e-11	2.008497e+00	-1.296138e+01
1.900000e-06	4.325255e-07	-8.185344e-11	2.337867e+00	-1.112097e+01
1.910000e-06	4.934304e-07	-6.770116e-11	2.667068e+00	-9.267843e+00
1.920000e-06	5.543686e-07	-5.320211e-11	2.996448e+00	-7.403058e+00
1.930000e-06	6.151868e-07	-3.917781e-11	3.325180e+00	-5.527731e+00
1.940000e-06	6.759242e-07	-2.439019e-11	3.653475e+00	-3.643030e+00
1.950000e-06	7.366347e-07	-8.666844e-12	3.981624e+00	-1.750168e+00
1.960000e-06	7.972116e-07	6.869319e-12	4.309052e+00	1.495975e-01
1.970000e-06	8.577102e-07	2.217850e-11	4.636056e+00	2.054973e+00
1.980000e-06	9.181603e-07	3.672855e-11	4.962798e+00	3.964632e+00
1.990000e-06	9.784279e-07	5.065011e-11	5.288554e+00	5.877221e+00
2.000000e-06	1.038689e-06	6.505805e-11	5.614275e+00	7.791366e+00
2.010000e-06	1.099024e-06	7.959501e-11	5.940396e+00	9.705676e+00
2.020000e-06	1.159245e-06	9.441742e-11	6.265900e+00	1.161875e+01
2.030000e-06	1.219376e-06	1.095105e-10	6.590914e+00	1.352919e+01
2.040000e-06	1.279434e-06	1.243302e-10	6.915536e+00	1.543559e+01
2.050000e-06	1.339381e-06	1.390843e-10	7.239559e+00	1.733656e+01
2.060000e-06	1.399221e-06	1.535440e-10	7.563003e+00	1.923073e+01
2.070000e-06	1.459027e-06	1.680096e-10	7.886264e+00	2.111674e+01
2.080000e-06	1.518820e-06	1.822004e-10	8.209458e+00	2.299327e+01
2.090000e-06	1.578511e-06	1.958331e-10	8.532097e+00	2.485904e+01
2.100000e-06	1.638130e-06	2.092807e-10	8.854343e+00	2.671281e+01
2.110000e-06	1.697654e-06	2.237547e-10	9.176084e+00	2.855336e+01
2.120000e-06	1.757121e-06	2.385723e-10	9.497513e+00	3.037956e+01
2.130000e-06	1.816609e-06	2.517958e-10	9.819052e+00	3.219033e+01
2.140000e-06	1.876088e-06	2.645407e-10	1.014054e+01	3.398464e+01
2.150000e-06	1.935479e-06	2.781366e-10	1.046156e+01	3.576155e+01
2.160000e-06	1.994662e-06	2.926043e-10	1.078145e+01	3.752018e+01
2.170000e-06	2.053746e-06	3.068460e-10	1.110081e+01	3.925972e+01
2.180000e-06	2.112708e-06	3.204612e-10	1.141951e+01	4.097945e+01
2.190000e-06	2.171319e-06	3.336644e-10	1.173632e+01	4.267873e+01
2.200000e-06	2.229615e-06	3.466445e-10	1.205141e+01	4.435700e+01
2.210000e-06	2.287557e-06	3.596110e-10	1.236460e+01	4.601379e+01
2.220000e-06	2.345126e-06	3.716703e-10	1.267577e+01	4.764871e+01
2.230000e-06	2.402533e-06	3.831930e-10	1.298606e+01	4.926143e+01
2.240000e-06	2.459696e-06	3.957486e-10	1.329503e+01	5.085174e+01
2.250000e-06	2.516515e-06	4.096695e-10	1.360215e+01	5.241948e+01
2.260000e-06	2.573053e-06	4.238592e-10	1.390775e+01	5.396457e+01
2.270000e-06	2.629310e-06	4.370237e-10	1.421183e+01	5.548702e+01
2.280000e-06	2.685425e-06	4.485514e-10	1.451514e+01	5.698687e+01
2.290000e-06	2.741388e-06	4.589162e-10	1.481762e+01	5.846427e+01
2.300000e-06	2.797179e-06	4.702699e-10	1.511918e+01	5.991940e+01
2.310000e-06	2.852914e-06	4.832341e-10	1.542044e+01	6.135248e+01
2.320000e-06	2.908566e-06	4.961874e-10	1.572125e+01	6.276380e+01
2.330000e-06	2.964026e-06	5.085074e-10	1.602102e+01	6.415368e+01
2.340000e-06	3.019229e-06	5.198321e-10	1.631940e+01	6.552248e+01
2.350000e-06	3.074302e-06	5.304958e-10	1.661707e+01	6.687058e+01
2.360000e-06	3.129197e-06	5.400844e-10	1.691379e+01	6.819839e+01
2.370000e-06	3.183814e-06	5.482109e-10	1.720901e+01	6.950633e+01
2.380000e-06	3.238191e-06	5.561274e-10	1.750292e+01	7.079482e+01
2.390000e-06	3.292366e-06	5.657434e-10	1.779575e+01	7.206432e+01
2.400000e-06	3.346371e-06	5.779946e-10	1.808765e+01	7.331525e+01
2.410000e-06	3.400115e-06	5.902894e-10	1.837815e+01	7.454805e+01
2.420000e-06	3.453598e-06	6.010559e-10	1.866723e+01	7.576314e+01
2.430000e-06	3.506913e-06	6.111927e-10	1.895541e+01	7.696095e+01
2.440000e-06	3.559978e-06	6.213716e-10	1.924223e+01	7.814186e+01
2.450000e-06	3.612721e-06	6.310643e-10	1.952732e+01	7.930627e+01
2.460000e-06	3.665246e-06	6.399425e-10	1.981122e+01	8.045454e+01
2.470000e-06	3.717517e-06	6.482367e-10	2.009376e+01	8.158702e+01
2.480000e-06	3.769399e-06	6.560663e-10	2.037418e+01	8.270404e+01
2.490000e-06	3.820994e-06	6.647642e-10	2.065306e+01	8.380590e+01
2.500000e-06	3.872401e-06	6.742151e-10	2.093093e+01	8.489288e+01
2.510000e-06	3.923530e-06	6.827113e-10	2.120729e+01	8.596527e+01
2.520000e-06	3.974202e-06	6.904570e-10	2.148118e+01	8.702332e+01
2.530000e-06	4.024308e-06	6.987211e-10	2.175200e+01	8.806724e+01
2.540000e-06	4.073886e-06	7.079347e-10	2.201998e+01	8.909728e+01
2.550000e-06	4.123135e-06	7.164190e-10	2.228618e+01	9.011362e+01
2.560000e-06	4.172066e-06	7.234021e-10	2.255066e+01	9.111648e+01
2.570000e-06	4.220518e-06	7.299656e-10	2.281255e+01	9.210602e+01
2.580000e-06	4.268653e-06	7.377668e-10	2.307273e+01	9.308243e+01
2.590000e-06	4.316515e-06	7.470522e-10	2.333143e+01	9.404587e+01
2.600000e-06	4.364167e-06	7.563468e-10	2.358900e+01	9.499650e+01
2.610000e-06	4.411692e-06	7.644284e-10	2.384588e+01	9.593449e+01
2.620000e-06	4.458941e-06	7.712231e-10	2.410126e+01	9.685999e+01
2.630000e-06	4.505810e-06	7.780122e-10	2.435460e+01	9.777314e+01
2.640000e-06	4.552311e-06	7.851219e-10	2.460594e+01	9.867410e+01
2.650000e-06	4.598473e-06	7.921289e-10	2.485546e+01	9.956300e+01
2.660000e-06	4.644221e-06	7.987082e-10	2.510273e+01	1.004400e+02
2.670000e-06	4.689592e-06	8.045811e-10	2.534797e+01	1.013052e+02
2.680000e-06	4.734719e-06	8.107101e-10	2.559189e+01	1.021588e+02
2.690000e-06	4.779561e-06	8.180839e-10	2.583427e+01	1.030008e+02
2.700000e-06	4.824005e-06	8.250066e-10	2.607449e+01	1.038315e+02
2.710000e-06	4.868168e-06	8.310078e-10	2.631320e+01	1.046509e+02
2.720000e-06	4.912097e-06	8.380473e-10	2.655065e+01	1.054592e+02
2.730000e-06	4.955791e-06	8.462722e-10	2.678682e+01	1.062564e+02
2.740000e-06	4.999341e-06	8.541565e-10	2.702221e+01	1.070426e+02
2.750000e-06	5.042736e-06	8.610304e-10	2.725677e+01	1.078180e+02
2.760000e-06	5.085734e-06	8.670163e-10	2.748918e+01	1.085825e+02
2.770000e-06	5.128078e-06	8.725583e-10	2.771805e+01	1.093363e+02
2.780000e-06	5.169783e-06	8.793017e-10	2.794347e+01	1.100794e+02
2.790000e-06	5.210943e-06	8.874606e-10	2.816595e+01	1.108119e+02
2.800000e-06	5.251480e-06	8.946425e-10	2.838506e+01	1.115338e+02
2.810000e-06	5.291508e-06	9.004267e-10	2.860142e+01	1.122452e+02
2.820000e-06	5.331294e-06	9.061869e-10	2.881647e+01	1.129459e+02
2.830000e-06	5.370819e-06	9.126726e-10	2.903011e+01	1.136362e+02
2.840000e-06	5.409965e-06	9.188542e-10	2.924170e+01	1.143159e+02
2.850000e-06	5.448738e-06	9.233093e-10	2.945127e+01	1.149851e+02
2.860000e-06	5.487286e-06	9.270156e-10	2.965963e+01	1.156438e+02
2.870000e-06	5.525480e-06	9.315604e-10	2.986607e+01	1.162920e+02
2.880000e-06	5.563272e-06	9.378574e-10	3.007035e+01	1.169297e+02
2.890000e-06	5.600695e-06	9.445389e-10	3.027262e+01	1.175570e+02
2.900000e-06	5.637711e-06	9.501101e-10	3.047270e+01	1.181739e+02
2.910000e-06	5.674327e-06	9.552676e-10	3.067062e+01	1.187804e+02
2.920000e-06	5.710481e-06	9.615902e-10	3.086603e+01	1.193766e+02
2.930000e-06	5.746319e-06	9.695168e-10	3.105974e+01	1.199625e+02
2.940000e-06	5.781974e-06	9.768170e-10	3.125246e+01	1.205382e+02
2.950000e-06	5.817408e-06	9.810824e-10	3.144399e+01	1.211039e+02
2.960000e-06	5.852529e-06	9.837964e-10	3.163382e+01	1.216597e+02
2.970000e-06	5.886987e-06	9.885433e-10	3.182008e+01	1.222056e+02
2.980000e-06	5.920720e-06	9.943317e-10	3.200241e+01	1.227419e+02
2.990000e-06	5.953860e-06	9.994633e-10	3.218153e+01	1.232687e+02
3.000000e-06	5.986300e-06	1.004997e-09	3.235687e+01	1.237861e+02
3.010000e-06	6.018288e-06	1.010327e-09	3.252978e+01	1.242945e+02
3.020000e-06	6.050061e-06	1.015117e-09	3.270152e+01	1.247939e+02
3.030000e-06	6.081615e-06	1.020880e-09	3.287207e+01	1.252846e+02
3.040000e-06	6.112797e-06	1.027285e-09	3.304061e+01	1.257667e+02
3.050000e-06	6.143408e-06	1.032981e-09	3.320607e+01	1.262406e+02
3.060000e-06	6.173587e-06	1.038455e-09	3.336919e+01	1.267064e+02
3.070000e-06	6.203438e-06	1.043824e-09	3.353054e+01	1.271643e+02
3.080000e-06	6.232877e-06	1.048450e-09	3.368966e+01	1.276145e+02
3.090000e-06	6.261856e-06	1.053103e-09	3.384630e+01	1.280572e+02
3.100000e-06	6.290402e-06	1.058588e-09	3.400059e+01	1.284926e+02
3.110000e-06	6.318573e-06	1.063854e-09	3.415286e+01	1.289207e+02
3.120000e-06	6.346416e-06	1.068258e-09	3.430336e+01	1.293418e+02
3.130000e-06	6.373960e-06	1.072267e-09	3.445224e+01	1.297559e+02
3.140000e-06	6.401172e-06	1.075888e-09	3.459932e+01	1.301630e+02
3.150000e-06	6.427895e-06	1.078747e-09	3.474377e+01	1.305633e+02
3.160000e-06	6.453934e-06	1.081696e-09	3.488451e+01	1.309568e+02
3.170000e-06	6.479157e-06	1.086099e-09	3.502085e+01	1.313433e+02
3.180000e-06	6.503710e-06	1.090747e-09	3.515356e+01	1.317230e+02
3.190000e-06	6.527825e-06	1.094787e-09	3.528390e+01	1.320956e+02
3.200000e-06	6.551539e-06	1.097593e-09	3.541208e+01	1.324612e+02
3.210000e-06	6.574826e-06	1.100235e-09	3.553795e+01	1.328195e+02
3.220000e-06	6.597684e-06	1.104339e-09	3.566150e+01	1.331705e+02
3.230000e-06	6.620166e-06	1.109569e-09	3.578302e+01	1.335140e+02
3.240000e-06	6.642187e-06	1.114664e-09	3.590204e+01	1.338499e+02
3.250000e-06	6.663740e-06	1.118166e-09	3.601854e+01	1.341779e+02
3.260000e-06	6.684841e-06	1.121267e-09	3.613260e+01	1.344979e+02
3.270000e-06	6.705407e-06	1.125313e-09	3.624376e+01	1.348097e+02
3.280000e-06	6.725480e-06	1.128375e-09	3.635226e+01	1.351131e+02
3.290000e-06	6.745228e-06	1.130072e-09	3.645900e+01	1.354080e+02
3.300000e-06	6.764835e-06	1.132556e-09	3.656498e+01	1.356942e+02
3.310000e-06	6.784013e-06	1.136498e-09	3.666864e+01	1.359716e+02
3.320000e-06	6.802474e-06	1.140893e-09	3.676842e+01	1.362400e+02
3.330000e-06	6.820414e-06	1.143788e-09	3.686539e+01	1.364995e+02
3.340000e-06	6.837786e-06	1.145090e-09	3.695929e+01	1.367499e+02
3.350000e-06	6.854585e-06	1.146371e-09	3.705009e+01	1.369912e+02
3.360000e-06	6.870954e-06	1.147764e-09	3.713857e+01	1.372235e+02
3.370000e-06	6.886892e-06	1.149083e-09	3.722471e+01	1.374467e+02
3.380000e-06	6.902389e-06	1.151293e-09	3.730848e+01	1.376610e+02
3.390000e-06	6.917220e-06	1.154417e-09	3.738864e+01	1.378664e+02
3.400000e-06	6.931389e-06	1.158447e-09	3.746523e+01	1.380631e+02
3.410000e-06	6.945076e-06	1.163579e-09	3.753921e+01	1.382513e+02
3.420000e-06	6.958271e-06	1.168028e-09	3.761053e+01	1.384311e+02
3.430000e-06	6.970918e-06	1.169887e-09	3.767889e+01	1.386027e+02
3.440000e-06	6.983068e-06	1.171157e-09	3.774456e+01	1.387664e+02
3.450000e-06	6.994799e-06	1.174091e-09	3.780797e+01	1.389224e+02
3.460000e-06	7.006161e-06	1.177048e-09	3.786938e+01	1.390709e+02
3.470000e-06	7.016902e-06	1.178677e-09	3.792744e+01	1.392121e+02
3.480000e-06	7.026710e-06	1.179567e-09	3.798045e+01	1.393464e+02
3.490000e-06	7.035652e-06	1.180476e-09	3.802879e+01	1.394738e+02
3.500000e-06	7.043874e-06	1.182384e-09	3.807323e+01	1.395947e+02
3.510000e-06	7.051683e-06	1.185493e-09	3.811543e+01	1.397092e+02
3.520000e-06	7.059285e-06	1.187670e-09	3.815653e+01	1.398175e+02
3.530000e-06	7.066578e-06	1.188207e-09	3.819595e+01	1.399198e+02
3.540000e-06	7.073378e-06	1.189842e-09	3.823270e+01	1.400160e+02
3.550000e-06	7.079552e-06	1.192403e-09	3.826607e+01	1.401064e+02
3.560000e-06	7.085139e-06	1.194185e-09	3.829627e+01	1.401909e+02
3.570000e-06	7.090226e-06	1.195572e-09	3.832377e+01	1.402695e+02
3.580000e-06	7.094882e-06	1.197737e-09	3.834893e+01	1.403423e+02
3.590000e-06	7.099120e-06	1.200567e-09	3.837184e+01	1.404092e+02
3.600000e-06	7.102963e-06	1.202898e-09	3.839261e+01	1.404701e+02
3.610000e-06	7.106445e-06	1.204540e-09	3.841143e+01	1.405249e+02
3.620000e-06	7.109576e-06	1.204874e-09	3.842836e+01	1.405734e+02
3.630000e-06	7.112198e-06	1.204277e-09	3.844253e+01	1.406155e+02
3.640000e-06	7.114054e-06	1.204728e-09	3.845256e+01	1.406509e+02
3.650000e-06	7.115082e-06	1.206689e-09	3.845812e+01	1.406796e+02
3.660000e-06	7.115430e-06	1.208138e-09	3.846000e+01	1.407014e+02
3.670000e-06	7.115358e-06	1.208326e-09	3.845961e+01	1.407159e+02
3.680000e-06	7.114942e-06	1.208508e-09	3.845736e+01	1.407232e+02
3.690000e-06	7.114090e-06	1.208706e-09	3.845275e+01	1.407230e+02
3.700000e-06	7.112673e-06	1.210089e-09	3.844510e+01	1.407151e+02
3.710000e-06	7.110742e-06	1.211542e-09	3.843466e+01	1.406995e+02
3.720000e-06	7.108399e-06	1.211466e-09	3.842200e+01	1.406760e+02
3.730000e-06	7.105689e-06	1.211504e-09	3.840735e+01	1.406447e+02
3.740000e-06	7.102555e-06	1.210076e-09	3.839040e+01	1.406054e+02
3.750000e-06	7.098889e-06	1.208065e-09	3.837059e+01	1.405583e+02
3.760000e-06	7.094631e-06	1.210790e-09	3.834758e+01	1.405035e+02
3.770000e-06	7.089674e-06	1.226636e-09	3.832078e+01	1.404409e+02
3.780000e-06	7.084154e-06	1.246509e-09	3.829095e+01	1.403709e+02
3.790000e-06	7.078310e-06	1.198814e-09	3.825936e+01	1.402936e+02
3.800000e-06	7.072086e-06	1.151961e-09	3.822571e+01	1.402092e+02
3.810000e-06	7.065331e-06	1.212446e-09	3.818920e+01	1.401181e+02
3.820000e-06	7.057980e-06	1.266754e-09	3.814947e+01	1.400206e+02
3.830000e-06	7.049976e-06	1.203348e-09	3.810621e+01	1.399169e+02
3.840000e-06	7.041551e-06	1.140826e-09	3.806067e+01	1.398076e+02
3.850000e-06	7.032653e-06	1.219230e-09	3.801258e+01	1.396929e+02
3.860000e-06	7.023109e-06	1.295772e-09	3.796099e+01	1.395734e+02
3.870000e-06	7.013135e-06	1.192277e-09	3.790708e+01	1.394494e+02
3.880000e-06	7.002817e-06	1.095983e-09	3.785131e+01	1.393212e+02
3.890000e-06	6.992097e-06	1.215184e-09	3.779336e+01	1.391894e+02
3.900000e-06	6.980841e-06	1.318405e-09	3.773252e+01	1.390543e+02
3.910000e-06	6.968896e-06	1.192737e-09	3.766796e+01	1.389162e+02
3.920000e-06	6.956397e-06	1.105116e-09	3.760040e+01	1.387754e+02
3.930000e-06	6.943149e-06	1.241156e-09	3.752880e+01	1.386324e+02
3.940000e-06	6.929156e-06	1.289066e-09	3.745316e+01	1.384872e+02
3.950000e-06	6.914597e-06	1.136745e-09	3.737446e+01	1.383402e+02
3.960000e-06	6.899356e-06	1.126034e-09	3.729209e+01	1.381915e+02
3.970000e-06	6.883585e-06	1.277836e-09	3.720684e+01	1.380411e+02
3.980000e-06	6.867369e-06	1.242648e-09	3.711919e+01	1.378892e+02
3.990000e-06	6.850619e-06	1.109498e-09	3.702865e+01	1.377357e+02
4.000000e-06	6.833385e-06	1.193389e-09	3.693550e+01	1.375807e+02
4.010000e-06	6.815766e-06	1.280180e-09	3.684027e+01	1.374239e+02
4.020000e-06	6.797681e-06	1.153215e-09	3.674252e+01	1.372654e+02
4.030000e-06	6.779141e-06	1.125103e-09	3.664230e+01	1.371048e+02
4.040000e-06	6.760077e-06	1.273108e-09	3.653926e+01	1.369420e+02
4.050000e-06	6.740460e-06	1.241213e-09	3.643323e+01	1.367767e+02
4.060000e-06	6.720501e-06	1.107399e-09	3.632535e+01	1.366087e+02
4.070000e-06	6.700310e-06	1.191690e-09	3.621621e+01	1.364376e+02
4.080000e-06	6.679765e-06	1.271631e-09	3.610516e+01	1.362632e+02
4.090000e-06	6.658896e-06	1.153535e-09	3.599236e+01	1.360851e+02
4.100000e-06	6.637301e-06	1.141479e-09	3.587564e+01	1.359031e+02
4.110000e-06	6.614725e-06	1.255357e-09	3.575361e+01	1.357167e+02
4.120000e-06	6.591478e-06	1.203665e-09	3.562796e+01	1.355258e+02
4.130000e-06	6.567751e-06	1.130146e-09	3.549971e+01	1.353301e+02
4.140000e-06	6.543646e-06	1.214088e-09	3.536942e+01	1.351293e+02
4.150000e-06	6.519234e-06	1.222870e-09	3.523747e+01	1.349231e+02
4.160000e-06	6.494465e-06	1.139880e-09	3.510358e+01	1.347115e+02
4.170000e-06	6.469210e-06	1.184291e-09	3.496708e+01	1.344942e+02
4.180000e-06	6.443436e-06	1.228876e-09	3.482777e+01	1.342712e+02
4.190000e-06	6.417122e-06	1.161891e-09	3.468553e+01	1.340422e+02
4.200000e-06	6.390291e-06	1.164826e-09	3.454051e+01	1.338074e+02
4.210000e-06	6.363000e-06	1.211824e-09	3.439300e+01	1.335667e+02
4.220000e-06	6.335336e-06	1.171303e-09	3.424347e+01	1.333201e+02
4.230000e-06	6.307326e-06	1.158651e-09	3.409207e+01	1.330676e+02
4.240000e-06	6.278987e-06	1.197516e-09	3.393890e+01	1.328094e+02
4.250000e-06	6.250383e-06	1.174529e-09	3.378429e+01	1.325455e+02
4.260000e-06	6.221319e-06	1.157419e-09	3.362719e+01	1.322760e+02
4.270000e-06	6.191586e-06	1.186685e-09	3.346648e+01	1.320011e+02
4.280000e-06	6.161117e-06	1.173472e-09	3.330179e+01	1.317208e+02
4.290000e-06	6.130106e-06	1.155394e-09	3.313417e+01	1.314354e+02
4.300000e-06	6.098573e-06	1.173896e-09	3.296373e+01	1.311448e+02
4.310000e-06	6.066491e-06	1.163205e-09	3.279032e+01	1.308491e+02
4.320000e-06	6.034112e-06	1.147757e-09	3.261531e+01	1.305486e+02
4.330000e-06	6.001362e-06	1.163307e-09	3.243829e+01	1.302431e+02
4.340000e-06	5.968219e-06	1.156180e-09	3.225915e+01	1.299327e+02
4.350000e-06	5.934718e-06	1.143570e-09	3.207807e+01	1.296174e+02
4.360000e-06	5.900829e-06	1.158170e-09	3.189489e+01	1.292971e+02
4.370000e-06	5.866503e-06	1.152800e-09	3.170935e+01	1.289718e+02
4.380000e-06	5.831728e-06	1.137774e-09	3.152139e+01	1.286412e+02
4.390000e-06	5.796622e-06	1.145652e-09	3.133164e+01	1.283052e+02
4.400000e-06	5.761199e-06	1.141274e-09	3.114017e+01	1.279636e+02
4.410000e-06	5.725390e-06	1.128259e-09	3.094662e+01	1.276162e+02
4.420000e-06	5.689211e-06	1.136611e-09	3.075106e+01	1.272625e+02
4.430000e-06	5.652787e-06	1.137816e-09	3.055419e+01	1.269024e+02
4.440000e-06	5.616076e-06	1.125426e-09	3.035576e+01	1.265355e+02
4.450000e-06	5.578835e-06	1.126541e-09	3.015446e+01	1.261613e+02
4.460000e-06	5.540990e-06	1.128687e-09	2.994991e+01	1.257795e+02
4.470000e-06	5.502556e-06	1.120491e-09	2.974217e+01	1.253897e+02
4.480000e-06	5.463398e-06	1.117440e-09	2.953051e+01	1.249916e+02
4.490000e-06	5.423709e-06	1.117460e-09	2.931599e+01	1.245846e+02
4.500000e-06	5.383733e-06	1.113339e-09	2.909991e+01	1.241684e+02
4.510000e-06	5.343467e-06	1.110032e-09	2.888226e+01	1.237426e+02
4.520000e-06	5.302904e-06	1.107708e-09	2.866301e+01	1.233069e+02
4.530000e-06	5.262147e-06	1.104297e-09	2.844272e+01	1.228610e+02
4.540000e-06	5.221138e-06	1.100085e-09	2.822106e+01	1.224044e+02
4.550000e-06	5.179643e-06	1.096620e-09	2.799677e+01	1.219371e+02
4.560000e-06	5.137733e-06	1.095622e-09	2.777024e+01	1.214587e+02
4.570000e-06	5.095522e-06	1.093765e-09	2.754208e+01	1.209691e+02
4.580000e-06	5.052950e-06	1.087646e-09	2.731197e+01	1.204681e+02
4.590000e-06	5.009931e-06	1.080526e-09	2.707945e+01	1.199556e+02
4.600000e-06	4.966545e-06	1.076097e-09	2.684494e+01	1.194317e+02
4.610000e-06	4.922853e-06	1.072414e-09	2.660878e+01	1.188961e+02
4.620000e-06	4.878848e-06	1.069236e-09	2.637093e+01	1.183492e+02
4.630000e-06	4.834608e-06	1.067818e-09	2.613180e+01	1.177907e+02
4.640000e-06	4.790093e-06	1.064521e-09	2.589119e+01	1.172210e+02
4.650000e-06	4.745333e-06	1.058235e-09	2.564926e+01	1.166400e+02
4.660000e-06	4.700372e-06	1.051151e-09	2.540623e+01	1.160480e+02
4.670000e-06	4.654957e-06	1.044104e-09	2.516076e+01	1.154451e+02
4.680000e-06	4.609014e-06	1.037099e-09	2.491243e+01	1.148315e+02
4.690000e-06	4.562796e-06	1.031786e-09	2.466262e+01	1.142074e+02
4.700000e-06	4.516413e-06	1.027706e-09	2.441191e+01	1.135729e+02
4.710000e-06	4.469627e-06	1.023983e-09	2.415902e+01	1.129283e+02
4.720000e-06	4.422332e-06	1.020194e-09	2.390339e+01	1.122737e+02
4.730000e-06	4.374656e-06	1.013205e-09	2.364569e+01	1.116092e+02
4.740000e-06	4.326827e-06	1.004417e-09	2.338717e+01	1.109350e+02
4.750000e-06	4.278762e-06	9.994565e-10	2.312737e+01	1.102512e+02
4.760000e-06	4.230167e-06	9.955978e-10	2.286471e+01	1.095578e+02
4.770000e-06	4.181243e-06	9.890464e-10	2.260027e+01	1.088550e+02
4.780000e-06	4.132140e-06	9.827024e-10	2.233485e+01	1.081425e+02
4.790000e-06	4.082613e-06	9.771513e-10	2.206716e+01	1.074206e+02
4.800000e-06	4.032791e-06	9.708713e-10	2.179786e+01	1.066890e+02
4.810000e-06	3.982721e-06	9.648732e-10	2.152722e+01	1.059476e+02
4.820000e-06	3.932289e-06	9.590291e-10	2.125463e+01	1.051964e+02
4.830000e-06	3.881628e-06	9.524695e-10	2.098080e+01	1.044351e+02
4.840000e-06	3.830656e-06	9.458005e-10	2.070529e+01	1.036636e+02
4.850000e-06	3.779419e-06	9.390909e-10	2.042835e+01	1.028816e+02
4.860000e-06	3.727931e-06	9.323507e-10	2.015004e+01	1.020890e+02
4.870000e-06	3.676159e-06	9.255950e-10	1.987021e+01	1.012853e+02
4.880000e-06	3.624071e-06	9.182185e-10	1.958866e+01	1.004705e+02
4.890000e-06	3.571685e-06	9.102682e-10	1.930551e+01	9.964420e+01
4.900000e-06	3.519044e-06	9.030268e-10	1.902098e+01	9.880616e+01
4.910000e-06	3.466131e-06	8.971630e-10	1.873497e+01	9.795614e+01
4.920000e-06	3.412923e-06	8.902765e-10	1.844738e+01	9.709390e+01
4.930000e-06	3.359333e-06	8.817459e-10	1.815771e+01	9.621923e+01
4.940000e-06	3.305405e-06	8.738425e-10	1.786622e+01	9.533194e+01
4.950000e-06	3.251089e-06	8.664843e-10	1.757264e+01	9.443184e+01
4.960000e-06	3.196368e-06	8.588876e-10	1.727686e+01	9.351882e+01
4.970000e-06	3.141373e-06	8.500928e-10	1.697961e+01	9.259276e+01
4.980000e-06	3.086125e-06	8.410408e-10	1.668098e+01	9.165359e+01
4.990000e-06	3.030502e-06	8.323542e-10	1.638033e+01	9.070127e+01
5.000000e-06	2.974637e-06	8.231494e-10	1.607837e+01	8.973582e+01
5.010000e-06	2.918678e-06	8.137867e-10	1.577590e+01	8.875724e+01
5.020000e-06	2.862510e-06	8.044250e-10	1.547231e+01	8.776563e+01
5.030000e-06	2.806135e-06	7.962818e-10	1.516759e+01	8.676105e+01
5.040000e-06	2.749692e-06	7.898725e-10	1.486251e+01	8.574364e+01
5.050000e-06	2.693139e-06	7.825369e-10	1.455683e+01	8.471353e+01
5.060000e-06	2.636411e-06	7.734733e-10	1.425021e+01	8.367088e+01
5.070000e-06	2.579607e-06	7.631520e-10	1.394318e+01	8.261586e+01
5.080000e-06	2.522691e-06	7.521332e-10	1.363553e+01	8.154864e+01
5.090000e-06	2.465605e-06	7.419281e-10	1.332698e+01	8.046940e+01
5.100000e-06	2.408178e-06	7.333768e-10	1.301657e+01	7.937830e+01
5.110000e-06	2.350380e-06	7.244341e-10	1.270417e+01	7.827550e+01
5.120000e-06	2.292432e-06	7.139337e-10	1.239095e+01	7.716114e+01
5.130000e-06	2.234479e-06	7.035344e-10	1.207771e+01	7.603534e+01
5.140000e-06	2.176393e-06	6.932018e-10	1.176374e+01	7.489817e+01
5.150000e-06	2.118090e-06	6.822843e-10	1.144861e+01	7.374970e+01
5.160000e-06	2.059689e-06	6.711064e-10	1.113294e+01	7.258994e+01
5.170000e-06	2.001131e-06	6.603989e-10	1.081642e+01	7.141886e+01
5.180000e-06	1.942408e-06	6.510179e-10	1.049902e+01	7.023639e+01
5.190000e-06	1.883584e-06	6.420456e-10	1.018106e+01	6.904243e+01
5.200000e-06	1.824641e-06	6.310973e-10	9.862464e+00	6.783680e+01
5.210000e-06	1.765479e-06	6.183090e-10	9.542689e+00	6.661931e+01
5.220000e-06	1.706064e-06	6.059056e-10	9.221541e+00	6.538969e+01
5.230000e-06	1.646599e-06	5.953366e-10	8.900120e+00	6.414765e+01
5.240000e-06	1.587182e-06	5.852858e-10	8.578965e+00	6.289285e+01
5.250000e-06	1.527614e-06	5.743535e-10	8.256989e+00	6.162491e+01
5.260000e-06	1.467792e-06	5.630588e-10	7.933645e+00	6.034340e+01
5.270000e-06	1.407896e-06	5.509985e-10	7.609896e+00	5.904790e+01
5.280000e-06	1.348019e-06	5.376911e-10	7.286253e+00	5.773791e+01
5.290000e-06	1.287963e-06	5.241874e-10	6.961641e+00	5.641296e+01
5.300000e-06	1.227741e-06	5.106784e-10	6.636128e+00	5.507254e+01
5.310000e-06	1.167542e-06	4.975140e-10	6.310746e+00	5.371613e+01
5.320000e-06	1.107376e-06	4.857296e-10	5.985536e+00	5.234322e+01
5.330000e-06	1.047165e-06	4.752472e-10	5.660088e+00	5.095330e+01
5.340000e-06	9.869012e-07	4.649520e-10	5.334354e+00	4.954588e+01
5.350000e-06	9.266353e-07	4.522343e-10	5.008607e+00	4.812049e+01
5.360000e-06	8.663736e-07	4.365704e-10	4.682883e+00	4.667668e+01
5.370000e-06	8.060560e-07	4.217628e-10	4.356857e+00	4.521404e+01
5.380000e-06	7.456782e-07	4.095659e-10	4.030506e+00	4.373218e+01
5.390000e-06	6.852909e-07	3.976193e-10	3.704103e+00	4.223079e+01
5.400000e-06	6.249021e-07	3.838536e-10	3.377692e+00	4.070957e+01
5.410000e-06	5.645237e-07	3.692346e-10	3.051338e+00	3.916832e+01
5.420000e-06	5.040710e-07	3.553316e-10	2.724581e+00	3.760685e+01
5.430000e-06	4.434668e-07	3.410787e-10	2.397006e+00	3.602508e+01
5.440000e-06	3.828468e-07	3.260644e-10	2.069346e+00	3.442297e+01
5.450000e-06	3.222971e-07	3.099348e-10	1.742066e+00	3.280056e+01
5.460000e-06	2.617733e-07	2.935280e-10	1.414925e+00	3.115796e+01
5.470000e-06	2.012960e-07	2.790515e-10	1.088036e+00	2.949535e+01
5.480000e-06	1.408225e-07	2.656106e-10	7.611674e-01	2.781300e+01
5.490000e-06	8.029968e-08	2.515110e-10	4.340322e-01	2.611123e+01
5.500000e-06	1.974346e-08	2.359964e-10	1.067164e-01	2.439046e+01
5.510000e-06	-4.091951e-08	2.191171e-10	-2.211763e-01	2.265118e+01
5.520000e-06	-1.015933e-07	2.022134e-10	-5.491274e-01	2.089396e+01
5.530000e-06	-1.621601e-07	1.859631e-10	-8.765005e-01	1.911943e+01
5.540000e-06	-2.227481e-07	1.695590e-10	-1.203988e+00	1.732831e+01
5.550000e-06	-2.833285e-07	1.529933e-10	-1.531434e+00	1.552137e+01
5.560000e-06	-3.438953e-07	1.369137e-10	-1.858807e+00	1.369948e+01
5.570000e-06	-4.044616e-07	1.209559e-10	-2.186177e+00	1.186354e+01
5.580000e-06	-4.649277e-07	1.039453e-10	-2.513006e+00	1.001455e+01
5.590000e-06	-5.253573e-07	8.531597e-11	-2.839637e+00	8.153539e+00
5.600000e-06	-5.857793e-07	6.634195e-11	-3.166228e+00	6.281609e+00
5.610000e-06	-6.461527e-07	4.892793e-11	-3.492555e+00	4.399910e+00
5.620000e-06	-7.065061e-07	3.276926e-11	-3.818775e+00	2.509640e+00
5.630000e-06	-7.668363e-07	1.549543e-11	-4.144869e+00	6.120441e-01
5.640000e-06	-8.271879e-07	-2.991104e-12	-4.471079e+00	-1.291597e+00
5.650000e-06	-8.875990e-07	-2.227648e-11	-4.797610e+00	-3.199968e+00
5.660000e-06	-9.478959e-07	-4.161860e-11	-5.123524e+00	-5.111722e+00
5.670000e-06	-1.008078e-06	-5.921624e-11	-5.448816e+00	-7.025492e+00
5.680000e-06	-1.068288e-06	-7.555998e-11	-5.774260e+00	-8.939893e+00
5.690000e-06	-1.128455e-06	-9.174417e-11	-6.099473e+00	-1.085353e+01
5.700000e-06	-1.188445e-06	-1.088774e-10	-6.423727e+00	-1.276499e+01
5.710000e-06	-1.248300e-06	-1.258611e-10	-6.747252e+00	-1.467288e+01
5.720000e-06	-1.308145e-06	-1.430064e-10	-7.070724e+00	-1.657580e+01
5.730000e-06	-1.367947e-06	-1.621124e-10	-7.393967e+00	-1.847238e+01
5.740000e-06	-1.427653e-06	-1.815415e-10	-7.716683e+00	-2.036125e+01
5.750000e-06	-1.487313e-06	-1.998349e-10	-8.039158e+00	-2.224108e+01
5.760000e-06	-1.546893e-06	-2.166844e-10	-8.361198e+00	-2.411057e+01
5.770000e-06	-1.606437e-06	-2.325460e-10	-8.683042e+00	-2.596846e+01
5.780000e-06	-1.665891e-06	-2.495314e-10	-9.004399e+00	-2.781353e+01
5.790000e-06	-1.725139e-06	-2.682977e-10	-9.324641e+00	-2.964463e+01
5.800000e-06	-1.784233e-06	-2.867930e-10	-9.644054e+00	-3.146065e+01
5.810000e-06	-1.843285e-06	-3.038888e-10	-9.963242e+00	-3.326055e+01
5.820000e-06	-1.902300e-06	-3.204791e-10	-1.028223e+01	-3.504335e+01
5.830000e-06	-1.961134e-06	-3.381685e-10	-1.060023e+01	-3.680815e+01
5.840000e-06	-2.019785e-06	-3.560831e-10	-1.091725e+01	-3.855413e+01
5.850000e-06	-2.078295e-06	-3.719989e-10	-1.123351e+01	-4.028053e+01
5.860000e-06	-2.136641e-06	-3.857349e-10	-1.154887e+01	-4.198668e+01
5.870000e-06	-2.194750e-06	-3.998707e-10	-1.186296e+01	-4.367201e+01
5.880000e-06	-2.252610e-06	-4.156555e-10	-1.217571e+01	-4.533600e+01
5.890000e-06	-2.310260e-06	-4.308019e-10	-1.248731e+01	-4.697823e+01
5.900000e-06	-2.367697e-06	-4.448931e-10	-1.279777e+01	-4.859837e+01
5.910000e-06	-2.424931e-06	-4.593238e-10	-1.310713e+01	-5.019616e+01
5.920000e-06	-2.481951e-06	-4.746451e-10	-1.341533e+01	-5.177142e+01
5.930000e-06	-2.538781e-06	-4.911527e-10	-1.372250e+01	-5.332406e+01
5.940000e-06	-2.595525e-06	-5.079688e-10	-1.402921e+01	-5.485404e+01
5.950000e-06	-2.652169e-06	-5.229721e-10	-1.433538e+01	-5.636141e+01
5.960000e-06	-2.708633e-06	-5.364448e-10	-1.464058e+01	-5.784627e+01
5.970000e-06	-2.764988e-06	-5.497007e-10	-1.494519e+01	-5.930878e+01
5.980000e-06	-2.821319e-06	-5.624235e-10	-1.524966e+01	-6.074917e+01
5.990000e-06	-2.877483e-06	-5.746465e-10	-1.555324e+01	-6.216770e+01
6.000000e-06	-2.933435e-06	-5.865836e-10	-1.585567e+01	-6.356468e+01
6.010000e-06	-2.989276e-06	-5.989990e-10	-1.615750e+01	-6.494046e+01
6.020000e-06	-3.044984e-06	-6.112885e-10	-1.645861e+01	-6.629540e+01
6.030000e-06	-3.100352e-06	-6.230789e-10	-1.675788e+01	-6.762992e+01
6.040000e-06	-3.155254e-06	-6.349976e-10	-1.705464e+01	-6.894442e+01
6.050000e-06	-3.209807e-06	-6.462819e-10	-1.734950e+01	-7.023934e+01
6.060000e-06	-3.263953e-06	-6.573206e-10	-1.764217e+01	-7.151511e+01
6.070000e-06	-3.317653e-06	-6.689656e-10	-1.793243e+01	-7.277217e+01
6.080000e-06	-3.371052e-06	-6.814731e-10	-1.822106e+01	-7.401096e+01
6.090000e-06	-3.424149e-06	-6.936418e-10	-1.850805e+01	-7.523190e+01
6.100000e-06	-3.476901e-06	-7.048546e-10	-1.879319e+01	-7.643541e+01
6.110000e-06	-3.529401e-06	-7.157623e-10	-1.907696e+01	-7.762190e+01
6.120000e-06	-3.581703e-06	-7.265524e-10	-1.935966e+01	-7.879176e+01
6.130000e-06	-3.633808e-06	-7.373599e-10	-1.964130e+01	-7.994536e+01
6.140000e-06	-3.685706e-06	-7.484828e-10	-1.992181e+01	-8.108306e+01
6.150000e-06	-3.737327e-06	-7.600803e-10	-2.020083e+01	-8.220518e+01
6.160000e-06	-3.788567e-06	-7.713330e-10	-2.047779e+01	-8.331205e+01
6.170000e-06	-3.839398e-06	-7.815476e-10	-2.075254e+01	-8.440395e+01
6.180000e-06	-3.890082e-06	-7.908879e-10	-2.102649e+01	-8.548117e+01
6.190000e-06	-3.940590e-06	-7.990237e-10	-2.129950e+01	-8.654396e+01
6.200000e-06	-3.990700e-06	-8.062030e-10	-2.157035e+01	-8.759256e+01
6.210000e-06	-4.040509e-06	-8.143963e-10	-2.183958e+01	-8.862719e+01
6.220000e-06	-4.089994e-06	-8.243584e-10	-2.210705e+01	-8.964807e+01
6.230000e-06	-4.139136e-06	-8.342284e-10	-2.237267e+01	-9.065538e+01
6.240000e-06	-4.187706e-06	-8.422856e-10	-2.263520e+01	-9.164933e+01
6.250000e-06	-4.235705e-06	-8.500516e-10	-2.289464e+01	-9.263009e+01
6.260000e-06	-4.283410e-06	-8.588976e-10	-2.315249e+01	-9.359783e+01
6.270000e-06	-4.330895e-06	-8.676732e-10	-2.340916e+01	-9.455270e+01
6.280000e-06	-4.378135e-06	-8.766925e-10	-2.366450e+01	-9.549488e+01
6.290000e-06	-4.424996e-06	-8.865346e-10	-2.391779e+01	-9.642452e+01
6.300000e-06	-4.471603e-06	-8.956857e-10	-2.416971e+01	-9.734176e+01
6.310000e-06	-4.518019e-06	-9.037000e-10	-2.442059e+01	-9.824675e+01
6.320000e-06	-4.564148e-06	-9.116204e-10	-2.466992e+01	-9.913964e+01
6.330000e-06	-4.609848e-06	-9.195634e-10	-2.491694e+01	-1.000206e+02
6.340000e-06	-4.655104e-06	-9.272291e-10	-2.516156e+01	-1.008897e+02
6.350000e-06	-4.699973e-06	-9.350322e-10	-2.540408e+01	-1.017471e+02
6.360000e-06	-4.744621e-06	-9.419972e-10	-2.564541e+01	-1.025930e+02
6.370000e-06	-4.789110e-06	-9.481298e-10	-2.588588e+01	-1.034275e+02
6.380000e-06	-4.833402e-06	-9.550991e-10	-2.612529e+01	-1.042506e+02
6.390000e-06	-4.877566e-06	-9.625604e-10	-2.636400e+01	-1.050625e+02
6.400000e-06	-4.921424e-06	-9.695204e-10	-2.660106e+01	-1.058634e+02
6.410000e-06	-4.964832e-06	-9.765556e-10	-2.683568e+01	-1.066533e+02
6.420000e-06	-5.007801e-06	-9.845346e-10	-2.706794e+01	-1.074322e+02
6.430000e-06	-5.050414e-06	-9.923247e-10	-2.729827e+01	-1.082004e+02
6.440000e-06	-5.092760e-06	-9.986644e-10	-2.752715e+01	-1.089577e+02
6.450000e-06	-5.134803e-06	-1.003974e-09	-2.775440e+01	-1.097044e+02
6.460000e-06	-5.176405e-06	-1.009231e-09	-2.797927e+01	-1.104404e+02
6.470000e-06	-5.217563e-06	-1.015433e-09	-2.820173e+01	-1.111658e+02
6.480000e-06	-5.258382e-06	-1.023111e-09	-2.842237e+01	-1.118807e+02
6.490000e-06	-5.298889e-06	-1.030133e-09	-2.864131e+01	-1.125850e+02
6.500000e-06	-5.339070e-06	-1.034995e-09	-2.885850e+01	-1.132787e+02
6.510000e-06	-5.379071e-06	-1.039998e-09	-2.907471e+01	-1.139619e+02
6.520000e-06	-5.418831e-06	-1.045733e-09	-2.928962e+01	-1.146346e+02
6.530000e-06	-5.458178e-06	-1.050046e-09	-2.950230e+01	-1.152968e+02
6.540000e-06	-5.497032e-06	-1.054286e-09	-2.971231e+01	-1.159485e+02
6.550000e-06	-5.535235e-06	-1.060167e-09	-2.991880e+01	-1.165897e+02
6.560000e-06	-5.572776e-06	-1.066841e-09	-3.012172e+01	-1.172205e+02
6.570000e-06	-5.609783e-06	-1.073825e-09	-3.032174e+01	-1.178408e+02
6.580000e-06	-5.646342e-06	-1.079544e-09	-3.051935e+01	-1.184507e+02
6.590000e-06	-5.682587e-06	-1.083986e-09	-3.071526e+01	-1.190503e+02
6.600000e-06	-5.718582e-06	-1.088716e-09	-3.090982e+01	-1.196396e+02
6.610000e-06	-5.754232e-06	-1.092792e-09	-3.110251e+01	-1.202188e+02
6.620000e-06	-5.789484e-06	-1.097283e-09	-3.129305e+01	-1.207878e+02
6.630000e-06	-5.824287e-06	-1.102082e-09	-3.148117e+01	-1.213468e+02
6.640000e-06	-5.858658e-06	-1.105092e-09	-3.166695e+01	-1.218960e+02
6.650000e-06	-5.892674e-06	-1.108285e-09	-3.185081e+01	-1.224355e+02
6.660000e-06	-5.926289e-06	-1.112190e-09	-3.203251e+01	-1.229654e+02
6.670000e-06	-5.959467e-06	-1.115654e-09	-3.221184e+01	-1.234859e+02
6.680000e-06	-5.992236e-06	-1.118951e-09	-3.238896e+01	-1.239973e+02
6.690000e-06	-6.024654e-06	-1.121795e-09	-3.256419e+01	-1.244996e+02
6.700000e-06	-6.056868e-06	-1.125264e-09	-3.273831e+01	-1.249932e+02
6.710000e-06	-6.088698e-06	-1.129672e-09	-3.291035e+01	-1.254782e+02
6.720000e-06	-6.120006e-06	-1.133574e-09	-3.307958e+01	-1.259548e+02
6.730000e-06	-6.150756e-06	-1.136639e-09	-3.324579e+01	-1.264232e+02
6.740000e-06	-6.180751e-06	-1.138847e-09	-3.340791e+01	-1.268837e+02
6.750000e-06	-6.209961e-06	-1.141816e-09	-3.356580e+01	-1.273365e+02
6.760000e-06	-6.238667e-06	-1.146568e-09	-3.372096e+01	-1.277817e+02
6.770000e-06	-6.267124e-06	-1.150823e-09	-3.387477e+01	-1.282194e+02
6.780000e-06	-6.295378e-06	-1.153071e-09	-3.402749e+01	-1.286500e+02
6.790000e-06	-6.323304e-06	-1.154420e-09	-3.417844e+01	-1.290734e+02
6.800000e-06	-6.350756e-06	-1.155914e-09	-3.432682e+01	-1.294898e+02
6.810000e-06	-6.377716e-06	-1.158030e-09	-3.447254e+01	-1.298992e+02
6.820000e-06	-6.404195e-06	-1.159514e-09	-3.461566e+01	-1.303018e+02
6.830000e-06	-6.430238e-06	-1.160580e-09	-3.475643e+01	-1.306975e+02
6.840000e-06	-6.455796e-06	-1.162617e-09	-3.489457e+01	-1.310863e+02
6.850000e-06	-6.480857e-06	-1.165304e-09	-3.503003e+01	-1.314683e+02
6.860000e-06	-6.505586e-06	-1.168538e-09	-3.516370e+01	-1.318432e+02
6.870000e-06	-6.529948e-06	-1.171290e-09	-3.529538e+01	-1.322112e+02
6.880000e-06	-6.553930e-06	-1.173725e-09	-3.542500e+01	-1.325719e+02
6.890000e-06	-6.577583e-06	-1.177960e-09	-3.555285e+01	-1.329254e+02
6.900000e-06	-6.600687e-06	-1.182124e-09	-3.567773e+01	-1.332714e+02
6.910000e-06	-6.623087e-06	-1.183672e-09	-3.579881e+01	-1.336098e+02
6.920000e-06	-6.644751e-06	-1.184256e-09	-3.591590e+01	-1.339405e+02
6.930000e-06	-6.665793e-06	-1.184353e-09	-3.602964e+01	-1.342631e+02
6.940000e-06	-6.686364e-06	-1.185077e-09	-3.614083e+01	-1.345777e+02
6.950000e-06	-6.706587e-06	-1.187282e-09	-3.625014e+01	-1.348839e+02
6.960000e-06	-6.726518e-06	-1.189503e-09	-3.635787e+01	-1.351816e+02
6.970000e-06	-6.745974e-06	-1.191732e-09	-3.646303e+01	-1.354707e+02
6.980000e-06	-6.764911e-06	-1.194080e-09	-3.656539e+01	-1.357510e+02
6.990000e-06	-6.783389e-06	-1.196376e-09	-3.666526e+01	-1.360225e+02
7.000000e-06	-6.801359e-06	-1.198656e-09	-3.676240e+01	-1.362849e+02
7.010000e-06	-6.818843e-06	-1.200396e-09	-3.685690e+01	-1.365384e+02
7.020000e-06	-6.835903e-06	-1.201222e-09	-3.694911e+01	-1.367827e+02
7.030000e-06	-6.852578e-06	-1.201836e-09	-3.703924e+01	-1.370180e+02
7.040000e-06	-6.868925e-06	-1.203116e-09	-3.712760e+01	-1.372442e+02
7.050000e-06	-6.884932e-06	-1.204804e-09	-3.721412e+01	-1.374614e+02
7.060000e-06	-6.900431e-06	-1.206502e-09	-3.729789e+01	-1.376698e+02
7.070000e-06	-6.915186e-06	-1.208250e-09	-3.737765e+01	-1.378694e+02
7.080000e-06	-6.929068e-06	-1.210596e-09	-3.745268e+01	-1.380604e+02
7.090000e-06	-6.942130e-06	-1.214358e-09	-3.752329e+01	-1.382429e+02
7.100000e-06	-6.954680e-06	-1.217334e-09	-3.759112e+01	-1.384173e+02
7.110000e-06	-6.966783e-06	-1.217705e-09	-3.765654e+01	-1.385836e+02
7.120000e-06	-6.978355e-06	-1.217108e-09	-3.771909e+01	-1.387421e+02
7.130000e-06	-6.989499e-06	-1.216921e-09	-3.777932e+01	-1.388930e+02
7.140000e-06	-7.000104e-06	-1.217434e-09	-3.783664e+01	-1.390366e+02
7.150000e-06	-7.010190e-06	-1.217373e-09	-3.789116e+01	-1.391732e+02
7.160000e-06	-7.019861e-06	-1.216832e-09	-3.794343e+01	-1.393029e+02
7.170000e-06	-7.029073e-06	-1.217106e-09	-3.799322e+01	-1.394259e+02
7.180000e-06	-7.037774e-06	-1.218292e-09	-3.804025e+01	-1.395425e+02
7.190000e-06	-7.046082e-06	-1.219433e-09	-3.808516e+01	-1.396529e+02
7.200000e-06	-7.054050e-06	-1.219605e-09	-3.812823e+01	-1.397571e+02
7.210000e-06	-7.061502e-06	-1.218531e-09	-3.816851e+01	-1.398553e+02
7.220000e-06	-7.068268e-06	-1.216705e-09	-3.820508e+01	-1.399476e+02
7.230000e-06	-7.074371e-06	-1.216305e-09	-3.823807e+01	-1.400341e+02
7.240000e-06	-7.079747e-06	-1.216824e-09	-3.826713e+01	-1.401147e+02
7.250000e-06	-7.084462e-06	-1.216479e-09	-3.829261e+01	-1.401894e+02
7.260000e-06	-7.088790e-06	-1.215603e-09	-3.831601e+01	-1.402583e+02
7.270000e-06	-7.092742e-06	-1.215661e-09	-3.833737e+01	-1.403212e+02
7.280000e-06	-7.096311e-06	-1.216711e-09	-3.835666e+01	-1.403780e+02
7.290000e-06	-7.099512e-06	-1.217604e-09	-3.837396e+01	-1.404286e+02
7.300000e-06	-7.102257e-06	-1.217860e-09	-3.838880e+01	-1.404728e+02
7.310000e-06	-7.104573e-06	-1.217246e-09	-3.840132e+01	-1.405105e+02
7.320000e-06	-7.106382e-06	-1.216516e-09	-3.841109e+01	-1.405415e+02
7.330000e-06	-7.107422e-06	-1.216527e-09	-3.841672e+01	-1.405655e+02
7.340000e-06	-7.107943e-06	-1.216489e-09	-3.841953e+01	-1.405825e+02
