# Temperatura_=_20.0
# Concentracion g/m^3_=_7400.0
# C_Vs_to_Am_M_A/Vsm_=_116720831517.84952
# pendiente_HvsI_1/m_=_3716.3
# ordenada_HvsI_A/m_=_1297.0
# frecuencia_Hz_=_136118.36878893076

Tiempo_(s)	Campo_(V.s)	Magnetizacion_(V.s)	Campo_(kA/m)	Magnetizacion_(A/m)
0.000000e+00	-7.116390e-06	-1.269655e-09	-3.843083e+01	-1.478243e+02
1.000000e-08	-7.116706e-06	-1.269006e-09	-3.843254e+01	-1.478070e+02
2.000000e-08	-7.116657e-06	-1.270247e-09	-3.843228e+01	-1.477820e+02
3.000000e-08	-7.116052e-06	-1.270327e-09	-3.842901e+01	-1.477495e+02
4.000000e-08	-7.114607e-06	-1.268648e-09	-3.842121e+01	-1.477096e+02
5.000000e-08	-7.112320e-06	-1.266899e-09	-3.840886e+01	-1.476625e+02
6.000000e-08	-7.109441e-06	-1.266469e-09	-3.839331e+01	-1.476084e+02
7.000000e-08	-7.106049e-06	-1.265495e-09	-3.837499e+01	-1.475473e+02
8.000000e-08	-7.102281e-06	-1.268820e-09	-3.835464e+01	-1.474796e+02
9.000000e-08	-7.098064e-06	-1.275184e-09	-3.833187e+01	-1.474053e+02
1.000000e-07	-7.093134e-06	-1.252307e-09	-3.830525e+01	-1.473247e+02
1.100000e-07	-7.087432e-06	-1.210242e-09	-3.827445e+01	-1.472380e+02
1.200000e-07	-7.081399e-06	-1.251463e-09	-3.824187e+01	-1.471455e+02
1.300000e-07	-7.075270e-06	-1.333601e-09	-3.820878e+01	-1.470472e+02
1.400000e-07	-7.068658e-06	-1.285712e-09	-3.817307e+01	-1.469436e+02
1.500000e-07	-7.061381e-06	-1.173188e-09	-3.813377e+01	-1.468347e+02
1.600000e-07	-7.053751e-06	-1.225989e-09	-3.809257e+01	-1.467209e+02
1.700000e-07	-7.045892e-06	-1.354795e-09	-3.805013e+01	-1.466023e+02
1.800000e-07	-7.037386e-06	-1.268541e-09	-3.800419e+01	-1.464792e+02
1.900000e-07	-7.028097e-06	-1.116865e-09	-3.795402e+01	-1.463518e+02
2.000000e-07	-7.018020e-06	-1.222917e-09	-3.789961e+01	-1.462202e+02
2.100000e-07	-7.007483e-06	-1.383759e-09	-3.784270e+01	-1.460848e+02
2.200000e-07	-6.996545e-06	-1.261275e-09	-3.778364e+01	-1.459456e+02
2.300000e-07	-6.984791e-06	-1.113605e-09	-3.772016e+01	-1.458027e+02
2.400000e-07	-6.972446e-06	-1.235027e-09	-3.765349e+01	-1.456564e+02
2.500000e-07	-6.959771e-06	-1.336547e-09	-3.758504e+01	-1.455068e+02
2.600000e-07	-6.946476e-06	-1.206729e-09	-3.751324e+01	-1.453538e+02
2.700000e-07	-6.932370e-06	-1.158301e-09	-3.743707e+01	-1.451976e+02
2.800000e-07	-6.917734e-06	-1.282608e-09	-3.735803e+01	-1.450383e+02
2.900000e-07	-6.902470e-06	-1.268520e-09	-3.727560e+01	-1.448757e+02
3.000000e-07	-6.886409e-06	-1.163264e-09	-3.718886e+01	-1.447100e+02
3.100000e-07	-6.869809e-06	-1.222427e-09	-3.709922e+01	-1.445411e+02
3.200000e-07	-6.852901e-06	-1.275898e-09	-3.700791e+01	-1.443688e+02
3.300000e-07	-6.835686e-06	-1.166375e-09	-3.691494e+01	-1.441931e+02
3.400000e-07	-6.817984e-06	-1.169961e-09	-3.681935e+01	-1.440140e+02
3.500000e-07	-6.799673e-06	-1.297328e-09	-3.672046e+01	-1.438312e+02
3.600000e-07	-6.780851e-06	-1.233710e-09	-3.661882e+01	-1.436446e+02
3.700000e-07	-6.761606e-06	-1.112407e-09	-3.651489e+01	-1.434540e+02
3.800000e-07	-6.742016e-06	-1.210293e-09	-3.640909e+01	-1.432594e+02
3.900000e-07	-6.722056e-06	-1.280760e-09	-3.630130e+01	-1.430604e+02
4.000000e-07	-6.701552e-06	-1.162115e-09	-3.619058e+01	-1.428569e+02
4.100000e-07	-6.680654e-06	-1.147136e-09	-3.607772e+01	-1.426487e+02
4.200000e-07	-6.659359e-06	-1.247844e-09	-3.596272e+01	-1.424357e+02
4.300000e-07	-6.637479e-06	-1.206146e-09	-3.584456e+01	-1.422176e+02
4.400000e-07	-6.615151e-06	-1.144506e-09	-3.572398e+01	-1.419942e+02
4.500000e-07	-6.592434e-06	-1.208619e-09	-3.560130e+01	-1.417654e+02
4.600000e-07	-6.569302e-06	-1.207824e-09	-3.547638e+01	-1.415309e+02
4.700000e-07	-6.545834e-06	-1.142248e-09	-3.534965e+01	-1.412908e+02
4.800000e-07	-6.522025e-06	-1.186316e-09	-3.522107e+01	-1.410448e+02
4.900000e-07	-6.497684e-06	-1.219895e-09	-3.508962e+01	-1.407928e+02
5.000000e-07	-6.472718e-06	-1.148308e-09	-3.495480e+01	-1.405347e+02
5.100000e-07	-6.446972e-06	-1.141462e-09	-3.481576e+01	-1.402704e+02
5.200000e-07	-6.420397e-06	-1.193570e-09	-3.467225e+01	-1.399999e+02
5.300000e-07	-6.393253e-06	-1.166165e-09	-3.452566e+01	-1.397231e+02
5.400000e-07	-6.365755e-06	-1.136701e-09	-3.437716e+01	-1.394399e+02
5.500000e-07	-6.338033e-06	-1.165870e-09	-3.422745e+01	-1.391504e+02
5.600000e-07	-6.309972e-06	-1.159982e-09	-3.407592e+01	-1.388546e+02
5.700000e-07	-6.281439e-06	-1.135226e-09	-3.392183e+01	-1.385524e+02
5.800000e-07	-6.252520e-06	-1.150907e-09	-3.376565e+01	-1.382438e+02
5.900000e-07	-6.223233e-06	-1.152002e-09	-3.360750e+01	-1.379289e+02
6.000000e-07	-6.193554e-06	-1.130193e-09	-3.344722e+01	-1.376076e+02
6.100000e-07	-6.163336e-06	-1.136760e-09	-3.328403e+01	-1.372800e+02
6.200000e-07	-6.132566e-06	-1.143970e-09	-3.311786e+01	-1.369461e+02
6.300000e-07	-6.101411e-06	-1.130855e-09	-3.294962e+01	-1.366058e+02
6.400000e-07	-6.070007e-06	-1.127242e-09	-3.278003e+01	-1.362591e+02
6.500000e-07	-6.038403e-06	-1.127690e-09	-3.260935e+01	-1.359060e+02
6.600000e-07	-6.006502e-06	-1.120632e-09	-3.243708e+01	-1.355465e+02
6.700000e-07	-5.974119e-06	-1.120825e-09	-3.226220e+01	-1.351804e+02
6.800000e-07	-5.941086e-06	-1.120308e-09	-3.208381e+01	-1.348078e+02
6.900000e-07	-5.907357e-06	-1.111281e-09	-3.190166e+01	-1.344284e+02
7.000000e-07	-5.872854e-06	-1.106938e-09	-3.171533e+01	-1.340422e+02
7.100000e-07	-5.837742e-06	-1.104045e-09	-3.152572e+01	-1.336489e+02
7.200000e-07	-5.802362e-06	-1.097691e-09	-3.133465e+01	-1.332485e+02
7.300000e-07	-5.766732e-06	-1.096577e-09	-3.114224e+01	-1.328408e+02
7.400000e-07	-5.730847e-06	-1.094437e-09	-3.094845e+01	-1.324254e+02
7.500000e-07	-5.694658e-06	-1.086314e-09	-3.075302e+01	-1.320024e+02
7.600000e-07	-5.657971e-06	-1.083288e-09	-3.055489e+01	-1.315713e+02
7.700000e-07	-5.620856e-06	-1.083046e-09	-3.035446e+01	-1.311319e+02
7.800000e-07	-5.583455e-06	-1.075969e-09	-3.015249e+01	-1.306841e+02
7.900000e-07	-5.545572e-06	-1.068283e-09	-2.994791e+01	-1.302276e+02
8.000000e-07	-5.507171e-06	-1.063880e-09	-2.974053e+01	-1.297622e+02
8.100000e-07	-5.468355e-06	-1.058572e-09	-2.953091e+01	-1.292875e+02
8.200000e-07	-5.429123e-06	-1.053928e-09	-2.931904e+01	-1.288035e+02
8.300000e-07	-5.389698e-06	-1.050005e-09	-2.910613e+01	-1.283100e+02
8.400000e-07	-5.350097e-06	-1.044258e-09	-2.889228e+01	-1.278066e+02
8.500000e-07	-5.310155e-06	-1.037949e-09	-2.867657e+01	-1.272934e+02
8.600000e-07	-5.269760e-06	-1.034408e-09	-2.845843e+01	-1.267702e+02
8.700000e-07	-5.228972e-06	-1.031222e-09	-2.823816e+01	-1.262369e+02
8.800000e-07	-5.187851e-06	-1.025632e-09	-2.801609e+01	-1.256934e+02
8.900000e-07	-5.146162e-06	-1.017655e-09	-2.779096e+01	-1.251397e+02
9.000000e-07	-5.103700e-06	-1.009405e-09	-2.756165e+01	-1.245758e+02
9.100000e-07	-5.060609e-06	-1.003632e-09	-2.732894e+01	-1.240019e+02
9.200000e-07	-5.017181e-06	-1.000054e-09	-2.709442e+01	-1.234178e+02
9.300000e-07	-4.973571e-06	-9.951147e-10	-2.685891e+01	-1.228238e+02
9.400000e-07	-4.929707e-06	-9.885631e-10	-2.662203e+01	-1.222200e+02
9.500000e-07	-4.885532e-06	-9.827608e-10	-2.638347e+01	-1.216064e+02
9.600000e-07	-4.841056e-06	-9.775635e-10	-2.614329e+01	-1.209835e+02
9.700000e-07	-4.796253e-06	-9.713866e-10	-2.590134e+01	-1.203512e+02
9.800000e-07	-4.751094e-06	-9.643007e-10	-2.565746e+01	-1.197098e+02
9.900000e-07	-4.705494e-06	-9.575995e-10	-2.541121e+01	-1.190595e+02
1.000000e-06	-4.659617e-06	-9.524597e-10	-2.516346e+01	-1.184006e+02
1.010000e-06	-4.613614e-06	-9.486140e-10	-2.491502e+01	-1.177332e+02
1.020000e-06	-4.567320e-06	-9.440070e-10	-2.466502e+01	-1.170575e+02
1.030000e-06	-4.520529e-06	-9.371701e-10	-2.441234e+01	-1.163737e+02
1.040000e-06	-4.473437e-06	-9.289968e-10	-2.415803e+01	-1.156819e+02
1.050000e-06	-4.426058e-06	-9.228470e-10	-2.390216e+01	-1.149822e+02
1.060000e-06	-4.378388e-06	-9.188174e-10	-2.364473e+01	-1.142747e+02
1.070000e-06	-4.330628e-06	-9.148687e-10	-2.338681e+01	-1.135594e+02
1.080000e-06	-4.282591e-06	-9.101039e-10	-2.312739e+01	-1.128363e+02
1.090000e-06	-4.234156e-06	-9.038527e-10	-2.286583e+01	-1.121053e+02
1.100000e-06	-4.185346e-06	-8.964127e-10	-2.260224e+01	-1.113663e+02
1.110000e-06	-4.136040e-06	-8.893841e-10	-2.233597e+01	-1.106191e+02
1.120000e-06	-4.086159e-06	-8.826469e-10	-2.206660e+01	-1.098635e+02
1.130000e-06	-4.035731e-06	-8.757011e-10	-2.179427e+01	-1.090992e+02
1.140000e-06	-3.984850e-06	-8.694686e-10	-2.151950e+01	-1.083259e+02
1.150000e-06	-3.933577e-06	-8.647988e-10	-2.124261e+01	-1.075431e+02
1.160000e-06	-3.882080e-06	-8.597259e-10	-2.096450e+01	-1.067505e+02
1.170000e-06	-3.830439e-06	-8.528327e-10	-2.068562e+01	-1.059476e+02
1.180000e-06	-3.778492e-06	-8.454371e-10	-2.040509e+01	-1.051340e+02
1.190000e-06	-3.726302e-06	-8.382822e-10	-2.012325e+01	-1.043090e+02
1.200000e-06	-3.673815e-06	-8.313474e-10	-1.983981e+01	-1.034721e+02
1.210000e-06	-3.620953e-06	-8.246437e-10	-1.955433e+01	-1.026229e+02
1.220000e-06	-3.567840e-06	-8.172807e-10	-1.926751e+01	-1.017607e+02
1.230000e-06	-3.514517e-06	-8.092635e-10	-1.897954e+01	-1.008851e+02
1.240000e-06	-3.461017e-06	-8.012473e-10	-1.869063e+01	-9.999545e+01
1.250000e-06	-3.407310e-06	-7.946173e-10	-1.840059e+01	-9.909130e+01
1.260000e-06	-3.353408e-06	-7.885643e-10	-1.810950e+01	-9.817219e+01
1.270000e-06	-3.299169e-06	-7.803978e-10	-1.781659e+01	-9.723770e+01
1.280000e-06	-3.244522e-06	-7.718531e-10	-1.752148e+01	-9.628744e+01
1.290000e-06	-3.189692e-06	-7.646801e-10	-1.722538e+01	-9.532112e+01
1.300000e-06	-3.134695e-06	-7.574966e-10	-1.692838e+01	-9.433845e+01
1.310000e-06	-3.079468e-06	-7.481573e-10	-1.663013e+01	-9.333927e+01
1.320000e-06	-3.024067e-06	-7.377924e-10	-1.633095e+01	-9.232343e+01
1.330000e-06	-2.968612e-06	-7.284388e-10	-1.603148e+01	-9.129088e+01
1.340000e-06	-2.913048e-06	-7.199102e-10	-1.573141e+01	-9.024165e+01
1.350000e-06	-2.857311e-06	-7.119620e-10	-1.543041e+01	-8.917580e+01
1.360000e-06	-2.801527e-06	-7.040595e-10	-1.512916e+01	-8.809350e+01
1.370000e-06	-2.745623e-06	-6.956715e-10	-1.482727e+01	-8.699496e+01
1.380000e-06	-2.689490e-06	-6.866818e-10	-1.452413e+01	-8.588045e+01
1.390000e-06	-2.633134e-06	-6.770327e-10	-1.421978e+01	-8.475029e+01
1.400000e-06	-2.576557e-06	-6.674834e-10	-1.391425e+01	-8.360485e+01
1.410000e-06	-2.519757e-06	-6.572145e-10	-1.360751e+01	-8.244453e+01
1.420000e-06	-2.462668e-06	-6.471745e-10	-1.329921e+01	-8.126977e+01
1.430000e-06	-2.405325e-06	-6.388384e-10	-1.298954e+01	-8.008101e+01
1.440000e-06	-2.347741e-06	-6.301192e-10	-1.267857e+01	-7.887871e+01
1.450000e-06	-2.289849e-06	-6.198701e-10	-1.236594e+01	-7.766330e+01
1.460000e-06	-2.231563e-06	-6.086892e-10	-1.205117e+01	-7.643522e+01
1.470000e-06	-2.172909e-06	-5.974736e-10	-1.173442e+01	-7.519487e+01
1.480000e-06	-2.113977e-06	-5.868140e-10	-1.141617e+01	-7.394262e+01
1.490000e-06	-2.054830e-06	-5.763395e-10	-1.109676e+01	-7.267878e+01
1.500000e-06	-1.995519e-06	-5.655521e-10	-1.077646e+01	-7.140361e+01
1.510000e-06	-1.936157e-06	-5.540051e-10	-1.045588e+01	-7.011731e+01
1.520000e-06	-1.876822e-06	-5.425963e-10	-1.013545e+01	-6.881999e+01
1.530000e-06	-1.817408e-06	-5.329500e-10	-9.814599e+00	-6.751169e+01
1.540000e-06	-1.757906e-06	-5.233805e-10	-9.493267e+00	-6.619239e+01
1.550000e-06	-1.698351e-06	-5.122596e-10	-9.171649e+00	-6.486194e+01
1.560000e-06	-1.638706e-06	-5.007969e-10	-8.849549e+00	-6.352013e+01
1.570000e-06	-1.579037e-06	-4.903138e-10	-8.527317e+00	-6.216665e+01
1.580000e-06	-1.519291e-06	-4.800692e-10	-8.204670e+00	-6.080112e+01
1.590000e-06	-1.459439e-06	-4.684032e-10	-7.881450e+00	-5.942306e+01
1.600000e-06	-1.399469e-06	-4.560677e-10	-7.557591e+00	-5.803193e+01
1.610000e-06	-1.339369e-06	-4.442836e-10	-7.233033e+00	-5.662710e+01
1.620000e-06	-1.279229e-06	-4.329081e-10	-6.908254e+00	-5.520789e+01
1.630000e-06	-1.219116e-06	-4.214052e-10	-6.583624e+00	-5.377357e+01
1.640000e-06	-1.158949e-06	-4.091388e-10	-6.258705e+00	-5.232337e+01
1.650000e-06	-1.098655e-06	-3.962445e-10	-5.933099e+00	-5.085648e+01
1.660000e-06	-1.038256e-06	-3.833664e-10	-5.606920e+00	-4.937209e+01
1.670000e-06	-9.777674e-07	-3.716499e-10	-5.280264e+00	-4.786938e+01
1.680000e-06	-9.172177e-07	-3.605018e-10	-4.953276e+00	-4.634753e+01
1.690000e-06	-8.566805e-07	-3.476535e-10	-4.626355e+00	-4.480577e+01
1.700000e-06	-7.961359e-07	-3.345513e-10	-4.299394e+00	-4.324335e+01
1.710000e-06	-7.354462e-07	-3.231639e-10	-3.971650e+00	-4.165958e+01
1.720000e-06	-6.746953e-07	-3.115047e-10	-3.643576e+00	-4.005384e+01
1.730000e-06	-6.139154e-07	-2.988679e-10	-3.315344e+00	-3.842560e+01
1.740000e-06	-5.530153e-07	-2.863421e-10	-2.986464e+00	-3.677440e+01
1.750000e-06	-4.919706e-07	-2.734293e-10	-2.656802e+00	-3.509990e+01
1.760000e-06	-4.308677e-07	-2.595217e-10	-2.326826e+00	-3.340188e+01
1.770000e-06	-3.697868e-07	-2.453152e-10	-1.996970e+00	-3.168021e+01
1.780000e-06	-3.087771e-07	-2.316187e-10	-1.667497e+00	-2.993493e+01
1.790000e-06	-2.478043e-07	-2.179073e-10	-1.338225e+00	-2.816618e+01
1.800000e-06	-1.868538e-07	-2.032951e-10	-1.009072e+00	-2.637425e+01
1.810000e-06	-1.259355e-07	-1.883480e-10	-6.800931e-01	-2.455957e+01
1.820000e-06	-6.497859e-08	-1.740624e-10	-3.509057e-01	-2.272272e+01
1.830000e-06	-3.990323e-09	-1.593087e-10	-2.154905e-02	-2.086439e+01
1.840000e-06	5.697673e-08	-1.436542e-10	3.076930e-01	-1.898542e+01
1.850000e-06	1.179738e-07	-1.282848e-10	6.370973e-01	-1.708679e+01
1.860000e-06	1.789890e-07	-1.135205e-10	9.665992e-01	-1.516959e+01
1.870000e-06	2.399559e-07	-9.914330e-11	1.295840e+00	-1.323502e+01
1.880000e-06	3.009784e-07	-8.447700e-11	1.625382e+00	-1.128441e+01
1.890000e-06	3.620547e-07	-6.889664e-11	1.955214e+00	-9.319159e+00
1.900000e-06	4.231272e-07	-5.333315e-11	2.285025e+00	-7.340776e+00
1.910000e-06	4.841687e-07	-3.811968e-11	2.614670e+00	-5.350832e+00
1.920000e-06	5.451468e-07	-2.327123e-11	2.943971e+00	-3.350964e+00
1.930000e-06	6.060790e-07	-8.997397e-12	3.273025e+00	-1.342862e+00
1.940000e-06	6.668192e-07	5.855409e-12	3.601042e+00	6.717517e-01
1.950000e-06	7.273465e-07	2.214632e-11	3.927909e+00	2.691125e+00
1.960000e-06	7.878270e-07	3.905641e-11	4.254524e+00	4.713495e+00
1.970000e-06	8.483943e-07	5.551290e-11	4.581607e+00	6.737100e+00
1.980000e-06	9.090330e-07	7.107068e-11	4.909076e+00	8.760186e+00
1.990000e-06	9.695235e-07	8.612295e-11	5.235745e+00	1.078102e+01
2.000000e-06	1.029917e-06	1.016623e-10	5.561887e+00	1.279792e+01
2.010000e-06	1.090191e-06	1.171762e-10	5.887390e+00	1.480921e+01
2.020000e-06	1.150336e-06	1.328189e-10	6.212192e+00	1.681330e+01
2.030000e-06	1.210469e-06	1.489058e-10	6.536930e+00	1.880865e+01
2.040000e-06	1.270566e-06	1.646486e-10	6.861474e+00	2.079376e+01
2.050000e-06	1.330642e-06	1.802075e-10	7.185900e+00	2.276724e+01
2.060000e-06	1.390593e-06	1.954055e-10	7.509659e+00	2.472776e+01
2.070000e-06	1.450380e-06	2.098509e-10	7.832528e+00	2.667404e+01
2.080000e-06	1.510019e-06	2.239581e-10	8.154595e+00	2.860494e+01
2.090000e-06	1.569612e-06	2.374710e-10	8.476417e+00	3.051935e+01
2.100000e-06	1.629224e-06	2.508569e-10	8.798344e+00	3.241628e+01
2.110000e-06	1.688813e-06	2.652449e-10	9.120141e+00	3.429481e+01
2.120000e-06	1.748399e-06	2.798958e-10	9.441928e+00	3.615410e+01
2.130000e-06	1.807937e-06	2.946190e-10	9.763450e+00	3.799340e+01
2.140000e-06	1.867396e-06	3.085760e-10	1.008455e+01	3.981203e+01
2.150000e-06	1.926807e-06	3.212744e-10	1.040539e+01	4.160942e+01
2.160000e-06	1.986065e-06	3.346187e-10	1.072540e+01	4.338503e+01
2.170000e-06	2.045093e-06	3.484796e-10	1.104417e+01	4.513843e+01
2.180000e-06	2.104066e-06	3.617903e-10	1.136265e+01	4.686925e+01
2.190000e-06	2.163014e-06	3.751057e-10	1.168098e+01	4.857717e+01
2.200000e-06	2.221815e-06	3.893063e-10	1.199853e+01	5.026196e+01
2.210000e-06	2.280254e-06	4.034272e-10	1.231412e+01	5.192342e+01
2.220000e-06	2.338197e-06	4.163035e-10	1.262703e+01	5.356144e+01
2.230000e-06	2.395713e-06	4.282022e-10	1.293763e+01	5.517594e+01
2.240000e-06	2.452847e-06	4.407569e-10	1.324618e+01	5.676690e+01
2.250000e-06	2.509612e-06	4.545443e-10	1.355273e+01	5.833434e+01
2.260000e-06	2.566048e-06	4.679157e-10	1.385750e+01	5.987835e+01
2.270000e-06	2.622304e-06	4.798531e-10	1.416130e+01	6.139903e+01
2.280000e-06	2.678442e-06	4.911402e-10	1.446446e+01	6.289654e+01
2.290000e-06	2.734500e-06	5.026511e-10	1.476719e+01	6.437108e+01
2.300000e-06	2.790418e-06	5.142535e-10	1.506917e+01	6.582287e+01
2.310000e-06	2.846135e-06	5.266135e-10	1.537006e+01	6.725219e+01
2.320000e-06	2.901748e-06	5.396983e-10	1.567039e+01	6.865933e+01
2.330000e-06	2.957266e-06	5.530596e-10	1.597021e+01	7.004462e+01
2.340000e-06	3.012583e-06	5.657706e-10	1.626894e+01	7.140842e+01
2.350000e-06	3.067790e-06	5.769305e-10	1.656707e+01	7.275112e+01
2.360000e-06	3.122861e-06	5.863199e-10	1.686447e+01	7.407312e+01
2.370000e-06	3.177563e-06	5.941142e-10	1.715988e+01	7.537487e+01
2.380000e-06	3.231940e-06	6.018165e-10	1.745353e+01	7.665681e+01
2.390000e-06	3.286166e-06	6.112227e-10	1.774637e+01	7.791942e+01
2.400000e-06	3.340204e-06	6.237656e-10	1.803819e+01	7.916318e+01
2.410000e-06	3.394045e-06	6.370151e-10	1.832896e+01	8.038859e+01
2.420000e-06	3.447714e-06	6.481249e-10	1.861878e+01	8.159617e+01
2.430000e-06	3.501161e-06	6.573132e-10	1.890742e+01	8.278641e+01
2.440000e-06	3.554413e-06	6.659774e-10	1.919500e+01	8.395986e+01
2.450000e-06	3.607439e-06	6.754826e-10	1.948135e+01	8.511701e+01
2.460000e-06	3.660140e-06	6.847486e-10	1.976596e+01	8.625838e+01
2.470000e-06	3.712425e-06	6.930189e-10	2.004831e+01	8.738448e+01
2.480000e-06	3.764431e-06	7.009788e-10	2.032916e+01	8.849579e+01
2.490000e-06	3.816140e-06	7.096306e-10	2.060841e+01	8.959280e+01
2.500000e-06	3.867490e-06	7.191702e-10	2.088571e+01	9.067596e+01
2.510000e-06	3.918613e-06	7.284578e-10	2.116179e+01	9.174571e+01
2.520000e-06	3.969428e-06	7.363707e-10	2.143621e+01	9.280245e+01
2.530000e-06	4.019788e-06	7.442248e-10	2.170817e+01	9.384657e+01
2.540000e-06	4.069752e-06	7.527989e-10	2.197799e+01	9.487842e+01
2.550000e-06	4.119436e-06	7.608933e-10	2.224630e+01	9.589831e+01
2.560000e-06	4.168521e-06	7.679983e-10	2.251138e+01	9.690652e+01
2.570000e-06	4.216905e-06	7.741664e-10	2.277267e+01	9.790330e+01
2.580000e-06	4.264890e-06	7.807714e-10	2.303180e+01	9.888884e+01
2.590000e-06	4.312653e-06	7.891329e-10	2.328974e+01	9.986332e+01
2.600000e-06	4.360287e-06	7.989952e-10	2.354698e+01	1.008269e+02
2.610000e-06	4.407672e-06	8.084315e-10	2.380287e+01	1.017796e+02
2.620000e-06	4.454857e-06	8.158787e-10	2.405769e+01	1.027215e+02
2.630000e-06	4.501805e-06	8.221194e-10	2.431122e+01	1.036526e+02
2.640000e-06	4.548326e-06	8.286502e-10	2.456245e+01	1.045729e+02
2.650000e-06	4.594454e-06	8.355195e-10	2.481155e+01	1.054824e+02
2.660000e-06	4.640243e-06	8.419140e-10	2.505883e+01	1.063809e+02
2.670000e-06	4.685688e-06	8.475190e-10	2.530425e+01	1.072685e+02
2.680000e-06	4.730844e-06	8.542674e-10	2.554811e+01	1.081449e+02
2.690000e-06	4.775779e-06	8.625746e-10	2.579077e+01	1.090100e+02
2.700000e-06	4.820430e-06	8.703676e-10	2.603190e+01	1.098637e+02
2.710000e-06	4.864748e-06	8.771260e-10	2.627123e+01	1.107058e+02
2.720000e-06	4.908833e-06	8.839587e-10	2.650931e+01	1.115361e+02
2.730000e-06	4.952651e-06	8.914453e-10	2.674594e+01	1.123546e+02
2.740000e-06	4.996211e-06	8.989097e-10	2.698118e+01	1.131609e+02
2.750000e-06	5.039556e-06	9.060436e-10	2.721525e+01	1.139551e+02
2.760000e-06	5.082607e-06	9.127088e-10	2.744774e+01	1.147370e+02
2.770000e-06	5.125240e-06	9.192229e-10	2.767797e+01	1.155063e+02
2.780000e-06	5.167396e-06	9.267929e-10	2.790563e+01	1.162632e+02
2.790000e-06	5.208714e-06	9.352673e-10	2.812876e+01	1.170074e+02
2.800000e-06	5.249196e-06	9.428883e-10	2.834738e+01	1.177389e+02
2.810000e-06	5.289338e-06	9.492302e-10	2.856416e+01	1.184578e+02
2.820000e-06	5.329184e-06	9.548479e-10	2.877934e+01	1.191641e+02
2.830000e-06	5.368742e-06	9.596705e-10	2.899297e+01	1.198577e+02
2.840000e-06	5.408088e-06	9.646595e-10	2.920545e+01	1.205389e+02
2.850000e-06	5.447140e-06	9.706992e-10	2.941634e+01	1.212076e+02
2.860000e-06	5.485833e-06	9.767054e-10	2.962529e+01	1.218641e+02
2.870000e-06	5.524083e-06	9.822868e-10	2.983186e+01	1.225086e+02
2.880000e-06	5.561936e-06	9.884978e-10	3.003627e+01	1.231412e+02
2.890000e-06	5.599482e-06	9.948428e-10	3.023903e+01	1.237622e+02
2.900000e-06	5.636552e-06	1.000113e-09	3.043923e+01	1.243719e+02
2.910000e-06	5.673178e-06	1.004662e-09	3.063702e+01	1.249705e+02
2.920000e-06	5.709413e-06	1.009849e-09	3.083270e+01	1.255585e+02
2.930000e-06	5.745288e-06	1.016609e-09	3.102644e+01	1.261360e+02
2.940000e-06	5.780942e-06	1.023641e-09	3.121898e+01	1.267035e+02
2.950000e-06	5.816412e-06	1.028670e-09	3.141053e+01	1.272614e+02
2.960000e-06	5.851569e-06	1.032867e-09	3.160039e+01	1.278099e+02
2.970000e-06	5.886285e-06	1.038438e-09	3.178787e+01	1.283495e+02
2.980000e-06	5.920339e-06	1.044725e-09	3.197177e+01	1.288805e+02
2.990000e-06	5.953614e-06	1.050172e-09	3.215146e+01	1.294032e+02
3.000000e-06	5.986274e-06	1.055116e-09	3.232784e+01	1.299181e+02
3.010000e-06	6.018401e-06	1.059832e-09	3.250134e+01	1.304254e+02
3.020000e-06	6.050127e-06	1.064109e-09	3.267266e+01	1.309256e+02
3.030000e-06	6.081598e-06	1.069552e-09	3.284262e+01	1.314187e+02
3.040000e-06	6.112802e-06	1.075417e-09	3.301113e+01	1.319053e+02
3.050000e-06	6.143620e-06	1.080363e-09	3.317756e+01	1.323854e+02
3.060000e-06	6.173960e-06	1.086579e-09	3.334141e+01	1.328594e+02
3.070000e-06	6.203817e-06	1.092700e-09	3.350264e+01	1.333274e+02
3.080000e-06	6.233264e-06	1.096209e-09	3.366167e+01	1.337896e+02
3.090000e-06	6.262288e-06	1.099856e-09	3.381840e+01	1.342461e+02
3.100000e-06	6.290943e-06	1.105193e-09	3.397315e+01	1.346970e+02
3.110000e-06	6.319243e-06	1.110798e-09	3.412598e+01	1.351424e+02
3.120000e-06	6.347135e-06	1.115498e-09	3.427661e+01	1.355823e+02
3.130000e-06	6.374729e-06	1.119810e-09	3.442562e+01	1.360167e+02
3.140000e-06	6.402059e-06	1.124044e-09	3.457322e+01	1.364456e+02
3.150000e-06	6.428915e-06	1.128037e-09	3.471825e+01	1.368690e+02
3.160000e-06	6.455127e-06	1.132637e-09	3.485980e+01	1.372867e+02
3.170000e-06	6.480637e-06	1.137660e-09	3.499756e+01	1.376986e+02
3.180000e-06	6.505460e-06	1.142917e-09	3.513161e+01	1.381046e+02
3.190000e-06	6.529638e-06	1.147534e-09	3.526218e+01	1.385046e+02
3.200000e-06	6.553320e-06	1.150756e-09	3.539008e+01	1.388984e+02
3.210000e-06	6.576718e-06	1.153694e-09	3.551643e+01	1.392858e+02
3.220000e-06	6.599639e-06	1.157211e-09	3.564021e+01	1.396665e+02
3.230000e-06	6.622023e-06	1.161041e-09	3.576109e+01	1.400405e+02
3.240000e-06	6.643986e-06	1.165067e-09	3.587970e+01	1.404075e+02
3.250000e-06	6.665463e-06	1.168986e-09	3.599568e+01	1.407672e+02
3.260000e-06	6.686431e-06	1.172199e-09	3.610891e+01	1.411195e+02
3.270000e-06	6.706912e-06	1.175880e-09	3.621952e+01	1.414641e+02
3.280000e-06	6.726926e-06	1.179794e-09	3.632760e+01	1.418008e+02
3.290000e-06	6.746644e-06	1.182573e-09	3.643408e+01	1.421295e+02
3.300000e-06	6.766095e-06	1.185214e-09	3.653913e+01	1.424499e+02
3.310000e-06	6.785260e-06	1.188234e-09	3.664263e+01	1.427619e+02
3.320000e-06	6.804077e-06	1.191642e-09	3.674424e+01	1.430653e+02
3.330000e-06	6.822373e-06	1.194519e-09	3.684305e+01	1.433599e+02
3.340000e-06	6.840043e-06	1.196233e-09	3.693847e+01	1.436456e+02
3.350000e-06	6.857015e-06	1.198066e-09	3.703013e+01	1.439223e+02
3.360000e-06	6.873467e-06	1.200554e-09	3.711897e+01	1.441899e+02
3.370000e-06	6.889588e-06	1.202826e-09	3.720603e+01	1.444483e+02
3.380000e-06	6.905248e-06	1.205006e-09	3.729060e+01	1.446974e+02
3.390000e-06	6.920266e-06	1.208261e-09	3.737170e+01	1.449371e+02
3.400000e-06	6.934672e-06	1.212436e-09	3.744950e+01	1.451675e+02
3.410000e-06	6.948561e-06	1.217015e-09	3.752451e+01	1.453884e+02
3.420000e-06	6.961948e-06	1.221094e-09	3.759680e+01	1.456000e+02
3.430000e-06	6.974767e-06	1.223570e-09	3.766603e+01	1.458022e+02
3.440000e-06	6.986947e-06	1.225006e-09	3.773180e+01	1.459950e+02
3.450000e-06	6.998632e-06	1.226918e-09	3.779490e+01	1.461784e+02
3.460000e-06	7.009941e-06	1.230556e-09	3.785598e+01	1.463525e+02
3.470000e-06	7.020785e-06	1.234756e-09	3.791454e+01	1.465174e+02
3.480000e-06	7.030944e-06	1.237095e-09	3.796940e+01	1.466730e+02
3.490000e-06	7.040245e-06	1.238993e-09	3.801963e+01	1.468195e+02
3.500000e-06	7.048800e-06	1.241455e-09	3.806583e+01	1.469569e+02
3.510000e-06	7.056797e-06	1.244054e-09	3.810901e+01	1.470852e+02
3.520000e-06	7.064412e-06	1.246328e-09	3.815014e+01	1.472045e+02
3.530000e-06	7.071721e-06	1.247478e-09	3.818961e+01	1.473150e+02
3.540000e-06	7.078709e-06	1.248508e-09	3.822735e+01	1.474166e+02
3.550000e-06	7.085213e-06	1.250881e-09	3.826247e+01	1.475095e+02
3.560000e-06	7.091105e-06	1.253733e-09	3.829429e+01	1.475936e+02
3.570000e-06	7.096373e-06	1.256438e-09	3.832274e+01	1.476691e+02
3.580000e-06	7.101099e-06	1.258663e-09	3.834826e+01	1.477361e+02
3.590000e-06	7.105308e-06	1.259930e-09	3.837099e+01	1.477945e+02
3.600000e-06	7.109124e-06	1.261127e-09	3.839160e+01	1.478445e+02
3.610000e-06	7.112681e-06	1.262527e-09	3.841081e+01	1.478862e+02
3.620000e-06	7.115815e-06	1.263434e-09	3.842773e+01	1.479195e+02
3.630000e-06	7.118440e-06	1.264294e-09	3.844191e+01	1.479446e+02
3.640000e-06	7.120369e-06	1.266408e-09	3.845232e+01	1.479615e+02
3.650000e-06	7.121410e-06	1.268255e-09	3.845795e+01	1.479704e+02
3.660000e-06	7.121790e-06	1.269545e-09	3.846000e+01	1.479713e+02
3.670000e-06	7.121735e-06	1.270910e-09	3.845970e+01	1.479643e+02
3.680000e-06	7.121356e-06	1.271218e-09	3.845765e+01	1.479495e+02
3.690000e-06	7.120531e-06	1.270758e-09	3.845320e+01	1.479271e+02
3.700000e-06	7.119144e-06	1.270852e-09	3.844571e+01	1.478971e+02
3.710000e-06	7.117388e-06	1.271525e-09	3.843622e+01	1.478597e+02
3.720000e-06	7.115134e-06	1.271170e-09	3.842405e+01	1.478149e+02
3.730000e-06	7.112423e-06	1.271885e-09	3.840941e+01	1.477631e+02
3.740000e-06	7.109237e-06	1.271942e-09	3.839221e+01	1.477043e+02
3.750000e-06	7.105606e-06	1.257540e-09	3.837260e+01	1.476388e+02
3.760000e-06	7.101540e-06	1.250571e-09	3.835064e+01	1.475667e+02
3.770000e-06	7.096696e-06	1.306399e-09	3.832448e+01	1.474881e+02
3.780000e-06	7.090893e-06	1.339727e-09	3.829314e+01	1.474035e+02
3.790000e-06	7.084635e-06	1.232681e-09	3.825935e+01	1.473128e+02
3.800000e-06	7.078440e-06	1.173130e-09	3.822589e+01	1.472164e+02
3.810000e-06	7.071972e-06	1.298318e-09	3.819097e+01	1.471145e+02
3.820000e-06	7.064691e-06	1.372459e-09	3.815164e+01	1.470074e+02
3.830000e-06	7.056604e-06	1.228248e-09	3.810797e+01	1.468952e+02
3.840000e-06	7.048159e-06	1.141792e-09	3.806237e+01	1.467781e+02
3.850000e-06	7.039404e-06	1.326464e-09	3.801509e+01	1.466565e+02
3.860000e-06	7.030045e-06	1.423071e-09	3.796454e+01	1.465305e+02
3.870000e-06	7.020092e-06	1.198470e-09	3.791080e+01	1.464003e+02
3.880000e-06	7.009796e-06	1.092934e-09	3.785519e+01	1.462661e+02
3.890000e-06	6.999150e-06	1.344435e-09	3.779770e+01	1.461281e+02
3.900000e-06	6.987908e-06	1.437256e-09	3.773699e+01	1.459865e+02
3.910000e-06	6.976088e-06	1.180655e-09	3.767316e+01	1.458413e+02
3.920000e-06	6.963817e-06	1.129939e-09	3.760689e+01	1.456927e+02
3.930000e-06	6.950877e-06	1.382258e-09	3.753701e+01	1.455409e+02
3.940000e-06	6.937092e-06	1.357903e-09	3.746257e+01	1.453857e+02
3.950000e-06	6.922718e-06	1.111307e-09	3.738494e+01	1.452274e+02
3.960000e-06	6.907907e-06	1.202179e-09	3.730496e+01	1.450660e+02
3.970000e-06	6.892300e-06	1.409306e-09	3.722068e+01	1.449013e+02
3.980000e-06	6.876069e-06	1.259816e-09	3.713302e+01	1.447334e+02
3.990000e-06	6.859542e-06	1.127031e-09	3.704377e+01	1.445622e+02
4.000000e-06	6.842441e-06	1.322655e-09	3.695142e+01	1.443877e+02
4.010000e-06	6.824716e-06	1.350413e-09	3.685570e+01	1.442097e+02
4.020000e-06	6.806683e-06	1.131761e-09	3.675832e+01	1.440281e+02
4.030000e-06	6.788360e-06	1.203747e-09	3.665937e+01	1.438428e+02
4.040000e-06	6.769470e-06	1.397321e-09	3.655735e+01	1.436536e+02
4.050000e-06	6.749929e-06	1.248767e-09	3.645182e+01	1.434603e+02
4.060000e-06	6.729984e-06	1.127196e-09	3.634412e+01	1.432628e+02
4.070000e-06	6.709769e-06	1.310896e-09	3.623495e+01	1.430608e+02
4.080000e-06	6.689292e-06	1.328525e-09	3.612437e+01	1.428542e+02
4.090000e-06	6.668468e-06	1.151663e-09	3.601191e+01	1.426428e+02
4.100000e-06	6.647134e-06	1.225665e-09	3.589670e+01	1.424264e+02
4.110000e-06	6.624905e-06	1.341614e-09	3.577666e+01	1.422048e+02
4.120000e-06	6.601760e-06	1.216191e-09	3.565166e+01	1.419778e+02
4.130000e-06	6.578110e-06	1.189429e-09	3.552395e+01	1.417452e+02
4.140000e-06	6.554085e-06	1.310780e-09	3.539420e+01	1.415070e+02
4.150000e-06	6.529726e-06	1.252340e-09	3.526266e+01	1.412629e+02
4.160000e-06	6.504952e-06	1.176498e-09	3.512887e+01	1.410129e+02
4.170000e-06	6.479749e-06	1.274386e-09	3.499276e+01	1.407569e+02
4.180000e-06	6.454158e-06	1.283539e-09	3.485457e+01	1.404946e+02
4.190000e-06	6.428070e-06	1.195975e-09	3.471368e+01	1.402262e+02
4.200000e-06	6.401480e-06	1.234842e-09	3.457009e+01	1.399515e+02
4.210000e-06	6.374394e-06	1.269736e-09	3.442382e+01	1.396704e+02
4.220000e-06	6.346826e-06	1.209815e-09	3.427494e+01	1.393831e+02
4.230000e-06	6.318937e-06	1.220356e-09	3.412433e+01	1.390893e+02
4.240000e-06	6.290773e-06	1.258703e-09	3.397223e+01	1.387892e+02
4.250000e-06	6.262331e-06	1.222180e-09	3.381864e+01	1.384828e+02
4.260000e-06	6.233542e-06	1.214034e-09	3.366317e+01	1.381699e+02
4.270000e-06	6.204135e-06	1.241779e-09	3.350436e+01	1.378508e+02
4.280000e-06	6.173921e-06	1.223164e-09	3.334120e+01	1.375253e+02
4.290000e-06	6.142873e-06	1.210202e-09	3.317352e+01	1.371934e+02
4.300000e-06	6.111189e-06	1.223051e-09	3.300242e+01	1.368552e+02
4.310000e-06	6.079193e-06	1.216010e-09	3.282964e+01	1.365107e+02
4.320000e-06	6.046966e-06	1.211865e-09	3.265560e+01	1.361598e+02
4.330000e-06	6.014456e-06	1.215472e-09	3.248003e+01	1.358024e+02
4.340000e-06	5.981470e-06	1.202997e-09	3.230190e+01	1.354385e+02
4.350000e-06	5.947866e-06	1.199987e-09	3.212043e+01	1.350680e+02
4.360000e-06	5.913797e-06	1.205334e-09	3.193644e+01	1.346909e+02
4.370000e-06	5.879421e-06	1.197838e-09	3.175080e+01	1.343069e+02
4.380000e-06	5.844720e-06	1.196872e-09	3.156340e+01	1.339161e+02
4.390000e-06	5.809606e-06	1.198974e-09	3.137378e+01	1.335181e+02
4.400000e-06	5.774109e-06	1.186538e-09	3.118208e+01	1.331128e+02
4.410000e-06	5.738291e-06	1.183609e-09	3.098865e+01	1.327000e+02
4.420000e-06	5.702168e-06	1.189473e-09	3.079357e+01	1.322795e+02
4.430000e-06	5.665810e-06	1.179580e-09	3.059723e+01	1.318511e+02
4.440000e-06	5.629210e-06	1.170945e-09	3.039958e+01	1.314145e+02
4.450000e-06	5.592190e-06	1.175199e-09	3.019966e+01	1.309695e+02
4.460000e-06	5.554476e-06	1.174913e-09	2.999599e+01	1.305160e+02
4.470000e-06	5.516005e-06	1.168768e-09	2.978823e+01	1.300535e+02
4.480000e-06	5.476822e-06	1.164743e-09	2.957663e+01	1.295819e+02
4.490000e-06	5.437069e-06	1.161063e-09	2.936195e+01	1.291011e+02
4.500000e-06	5.397023e-06	1.157393e-09	2.914569e+01	1.286107e+02
4.510000e-06	5.356757e-06	1.154013e-09	2.892824e+01	1.281106e+02
4.520000e-06	5.316290e-06	1.150669e-09	2.870971e+01	1.276007e+02
4.530000e-06	5.275568e-06	1.146404e-09	2.848979e+01	1.270808e+02
4.540000e-06	5.234481e-06	1.140783e-09	2.826791e+01	1.265509e+02
4.550000e-06	5.192918e-06	1.137425e-09	2.804346e+01	1.260108e+02
4.560000e-06	5.150944e-06	1.137033e-09	2.781679e+01	1.254605e+02
4.570000e-06	5.108716e-06	1.132568e-09	2.758874e+01	1.249000e+02
4.580000e-06	5.066203e-06	1.124471e-09	2.735915e+01	1.243294e+02
4.590000e-06	5.023291e-06	1.118165e-09	2.712741e+01	1.237487e+02
4.600000e-06	4.979817e-06	1.114255e-09	2.689264e+01	1.231579e+02
4.610000e-06	4.935897e-06	1.109958e-09	2.665546e+01	1.225573e+02
4.620000e-06	4.891794e-06	1.105125e-09	2.641729e+01	1.219470e+02
4.630000e-06	4.847592e-06	1.102117e-09	2.617858e+01	1.213272e+02
4.640000e-06	4.803247e-06	1.099274e-09	2.593911e+01	1.206980e+02
4.650000e-06	4.758597e-06	1.093980e-09	2.569798e+01	1.200596e+02
4.660000e-06	4.713543e-06	1.087113e-09	2.545468e+01	1.194123e+02
4.670000e-06	4.668142e-06	1.079318e-09	2.520950e+01	1.187562e+02
4.680000e-06	4.622456e-06	1.071170e-09	2.496278e+01	1.180916e+02
4.690000e-06	4.576449e-06	1.064816e-09	2.471432e+01	1.174186e+02
4.700000e-06	4.530088e-06	1.060645e-09	2.446396e+01	1.167375e+02
4.710000e-06	4.483264e-06	1.057072e-09	2.421110e+01	1.160483e+02
4.720000e-06	4.436137e-06	1.051963e-09	2.395659e+01	1.153512e+02
4.730000e-06	4.388726e-06	1.044285e-09	2.370056e+01	1.146463e+02
4.740000e-06	4.341080e-06	1.035381e-09	2.344326e+01	1.139336e+02
4.750000e-06	4.293332e-06	1.028846e-09	2.318540e+01	1.132131e+02
4.760000e-06	4.245227e-06	1.023266e-09	2.292561e+01	1.124847e+02
4.770000e-06	4.196524e-06	1.015932e-09	2.266261e+01	1.117484e+02
4.780000e-06	4.147295e-06	1.009574e-09	2.239675e+01	1.110039e+02
4.790000e-06	4.097711e-06	1.005852e-09	2.212898e+01	1.102512e+02
4.800000e-06	4.047861e-06	1.001520e-09	2.185977e+01	1.094898e+02
4.810000e-06	3.997806e-06	9.944779e-10	2.158946e+01	1.087195e+02
4.820000e-06	3.947512e-06	9.867714e-10	2.131786e+01	1.079399e+02
4.830000e-06	3.897008e-06	9.799847e-10	2.104512e+01	1.071507e+02
4.840000e-06	3.846163e-06	9.732028e-10	2.077054e+01	1.063512e+02
4.850000e-06	3.794833e-06	9.663057e-10	2.049334e+01	1.055412e+02
4.860000e-06	3.743149e-06	9.593360e-10	2.021423e+01	1.047201e+02
4.870000e-06	3.691307e-06	9.523177e-10	1.993427e+01	1.038872e+02
4.880000e-06	3.639183e-06	9.448824e-10	1.965278e+01	1.030422e+02
4.890000e-06	3.586789e-06	9.382197e-10	1.936984e+01	1.021844e+02
4.900000e-06	3.534221e-06	9.324866e-10	1.908595e+01	1.013133e+02
4.910000e-06	3.481382e-06	9.254752e-10	1.880060e+01	1.004283e+02
4.920000e-06	3.428173e-06	9.172122e-10	1.851326e+01	9.952905e+01
4.930000e-06	3.374608e-06	9.087019e-10	1.822399e+01	9.861497e+01
4.940000e-06	3.320658e-06	9.006036e-10	1.793264e+01	9.768564e+01
4.950000e-06	3.266175e-06	8.931457e-10	1.763842e+01	9.674066e+01
4.960000e-06	3.211410e-06	8.849178e-10	1.734267e+01	9.577972e+01
4.970000e-06	3.156353e-06	8.752565e-10	1.704534e+01	9.480251e+01
4.980000e-06	3.100809e-06	8.657236e-10	1.674538e+01	9.380884e+01
4.990000e-06	3.044971e-06	8.574241e-10	1.644384e+01	9.279855e+01
5.000000e-06	2.988983e-06	8.489962e-10	1.614149e+01	9.177157e+01
5.010000e-06	2.932876e-06	8.385752e-10	1.583849e+01	9.072788e+01
5.020000e-06	2.876587e-06	8.274051e-10	1.553451e+01	8.966755e+01
5.030000e-06	2.820169e-06	8.171266e-10	1.522983e+01	8.859070e+01
5.040000e-06	2.763639e-06	8.085775e-10	1.492455e+01	8.749754e+01
5.050000e-06	2.707026e-06	8.007552e-10	1.461883e+01	8.638830e+01
5.060000e-06	2.650260e-06	7.918572e-10	1.431227e+01	8.526331e+01
5.070000e-06	2.593297e-06	7.813776e-10	1.400465e+01	8.412291e+01
5.080000e-06	2.536093e-06	7.704283e-10	1.369573e+01	8.296750e+01
5.090000e-06	2.478686e-06	7.598430e-10	1.338572e+01	8.179750e+01
5.100000e-06	2.421172e-06	7.489730e-10	1.307512e+01	8.061335e+01
5.110000e-06	2.363461e-06	7.374580e-10	1.276346e+01	7.941549e+01
5.120000e-06	2.305596e-06	7.259888e-10	1.245097e+01	7.820440e+01
5.130000e-06	2.247630e-06	7.147730e-10	1.213794e+01	7.698048e+01
5.140000e-06	2.189504e-06	7.040354e-10	1.182404e+01	7.574417e+01
5.150000e-06	2.131150e-06	6.932081e-10	1.150891e+01	7.449584e+01
5.160000e-06	2.072574e-06	6.813589e-10	1.119258e+01	7.323582e+01
5.170000e-06	2.013892e-06	6.681879e-10	1.087568e+01	7.196439e+01
5.180000e-06	1.955099e-06	6.552094e-10	1.055818e+01	7.068177e+01
5.190000e-06	1.896070e-06	6.436853e-10	1.023940e+01	6.938811e+01
5.200000e-06	1.836951e-06	6.322092e-10	9.920139e+00	6.808346e+01
5.210000e-06	1.777787e-06	6.205410e-10	9.600633e+00	6.676783e+01
5.220000e-06	1.718522e-06	6.087065e-10	9.280581e+00	6.544110e+01
5.230000e-06	1.659110e-06	5.970737e-10	8.959739e+00	6.410310e+01
5.240000e-06	1.599482e-06	5.852124e-10	8.637727e+00	6.275354e+01
5.250000e-06	1.539702e-06	5.721860e-10	8.314897e+00	6.139206e+01
5.260000e-06	1.479836e-06	5.585904e-10	7.991601e+00	6.001823e+01
5.270000e-06	1.419839e-06	5.452315e-10	7.667597e+00	5.863151e+01
5.280000e-06	1.359757e-06	5.318503e-10	7.343130e+00	5.723131e+01
5.290000e-06	1.299636e-06	5.173638e-10	7.018461e+00	5.581696e+01
5.300000e-06	1.239458e-06	5.022924e-10	6.693479e+00	5.438775e+01
5.310000e-06	1.179269e-06	4.885752e-10	6.368438e+00	5.294293e+01
5.320000e-06	1.119040e-06	4.751550e-10	6.043182e+00	5.148168e+01
5.330000e-06	1.058777e-06	4.617538e-10	5.717740e+00	5.000321e+01
5.340000e-06	9.984913e-07	4.499626e-10	5.392180e+00	4.850668e+01
5.350000e-06	9.381938e-07	4.376577e-10	5.066554e+00	4.699129e+01
5.360000e-06	8.779082e-07	4.230432e-10	4.740992e+00	4.545624e+01
5.370000e-06	8.176097e-07	4.085544e-10	4.415360e+00	4.390077e+01
5.380000e-06	7.572784e-07	3.950696e-10	4.089551e+00	4.232418e+01
5.390000e-06	6.969203e-07	3.806980e-10	3.763598e+00	4.072582e+01
5.400000e-06	6.365141e-07	3.651950e-10	3.437385e+00	3.910513e+01
5.410000e-06	5.760260e-07	3.497657e-10	3.110729e+00	3.746162e+01
5.420000e-06	5.154678e-07	3.348950e-10	2.783695e+00	3.579491e+01
5.430000e-06	4.548815e-07	3.197764e-10	2.456509e+00	3.410473e+01
5.440000e-06	3.943232e-07	3.044885e-10	2.129475e+00	3.239094e+01
5.450000e-06	3.337436e-07	2.883804e-10	1.802325e+00	3.065351e+01
5.460000e-06	2.731381e-07	2.708883e-10	1.475035e+00	2.889255e+01
5.470000e-06	2.125220e-07	2.539000e-10	1.147688e+00	2.710829e+01
5.480000e-06	1.519504e-07	2.388234e-10	8.205820e-01	2.530114e+01
5.490000e-06	9.138194e-08	2.237226e-10	4.934924e-01	2.347159e+01
5.500000e-06	3.077351e-08	2.070168e-10	1.661870e-01	2.162032e+01
5.510000e-06	-2.978483e-08	1.887555e-10	-1.608478e-01	1.974812e+01
5.520000e-06	-9.037002e-08	1.701592e-10	-4.880277e-01	1.785592e+01
5.530000e-06	-1.508794e-07	1.527560e-10	-8.147981e-01	1.594477e+01
5.540000e-06	-2.113391e-07	1.360851e-10	-1.141300e+00	1.401584e+01
5.550000e-06	-2.718828e-07	1.199651e-10	-1.468256e+00	1.207041e+01
5.560000e-06	-3.323724e-07	1.028168e-10	-1.794920e+00	1.010987e+01
5.570000e-06	-3.928241e-07	8.438285e-11	-2.121379e+00	8.135685e+00
5.580000e-06	-4.533108e-07	6.603107e-11	-2.448027e+00	6.149406e+00
5.590000e-06	-5.137629e-07	4.687405e-11	-2.774488e+00	4.152651e+00
5.600000e-06	-5.741593e-07	2.771254e-11	-3.100648e+00	2.147093e+00
5.610000e-06	-6.346339e-07	9.192963e-12	-3.427231e+00	1.344469e-01
5.620000e-06	-6.950892e-07	-9.340616e-12	-3.753709e+00	-1.883545e+00
5.630000e-06	-7.554424e-07	-2.796571e-11	-4.079636e+00	-3.905122e+00
5.640000e-06	-8.157898e-07	-4.743875e-11	-4.405532e+00	-5.928521e+00
5.650000e-06	-8.761028e-07	-6.712761e-11	-4.731242e+00	-7.951983e+00
5.660000e-06	-9.363873e-07	-8.631599e-11	-5.056798e+00	-9.973771e+00
5.670000e-06	-9.966678e-07	-1.053593e-10	-5.382332e+00	-1.199218e+01
5.680000e-06	-1.056874e-06	-1.233269e-10	-5.707465e+00	-1.400553e+01
5.690000e-06	-1.117032e-06	-1.412493e-10	-6.032340e+00	-1.601220e+01
5.700000e-06	-1.177209e-06	-1.607231e-10	-6.357316e+00	-1.801064e+01
5.710000e-06	-1.237379e-06	-1.801518e-10	-6.682253e+00	-1.999934e+01
5.720000e-06	-1.297370e-06	-1.987380e-10	-7.006221e+00	-2.197686e+01
5.730000e-06	-1.357265e-06	-2.167130e-10	-7.329673e+00	-2.394184e+01
5.740000e-06	-1.417134e-06	-2.335951e-10	-7.652987e+00	-2.589302e+01
5.750000e-06	-1.476847e-06	-2.508368e-10	-7.975459e+00	-2.782918e+01
5.760000e-06	-1.536507e-06	-2.701500e-10	-8.297638e+00	-2.974921e+01
5.770000e-06	-1.596138e-06	-2.901163e-10	-8.619667e+00	-3.165209e+01
5.780000e-06	-1.655709e-06	-3.092192e-10	-8.941371e+00	-3.353686e+01
5.790000e-06	-1.715169e-06	-3.274274e-10	-9.262473e+00	-3.540265e+01
5.800000e-06	-1.774422e-06	-3.450179e-10	-9.582461e+00	-3.724870e+01
5.810000e-06	-1.833493e-06	-3.616118e-10	-9.901462e+00	-3.907431e+01
5.820000e-06	-1.892443e-06	-3.776252e-10	-1.021981e+01	-4.087885e+01
5.830000e-06	-1.951163e-06	-3.946100e-10	-1.053692e+01	-4.266178e+01
5.840000e-06	-2.009681e-06	-4.123015e-10	-1.085294e+01	-4.442264e+01
5.850000e-06	-2.068122e-06	-4.292811e-10	-1.116853e+01	-4.616103e+01
5.860000e-06	-2.126427e-06	-4.453337e-10	-1.148340e+01	-4.787663e+01
5.870000e-06	-2.184596e-06	-4.609379e-10	-1.179753e+01	-4.956916e+01
5.880000e-06	-2.242587e-06	-4.763149e-10	-1.211070e+01	-5.123842e+01
5.890000e-06	-2.300356e-06	-4.911530e-10	-1.242268e+01	-5.288428e+01
5.900000e-06	-2.357965e-06	-5.056292e-10	-1.273378e+01	-5.450663e+01
5.910000e-06	-2.415341e-06	-5.202699e-10	-1.304363e+01	-5.610545e+01
5.920000e-06	-2.472530e-06	-5.347394e-10	-1.335247e+01	-5.768073e+01
5.930000e-06	-2.529626e-06	-5.492746e-10	-1.366081e+01	-5.923255e+01
5.940000e-06	-2.586544e-06	-5.645072e-10	-1.396819e+01	-6.076100e+01
5.950000e-06	-2.643289e-06	-5.803436e-10	-1.427463e+01	-6.226622e+01
5.960000e-06	-2.699843e-06	-5.955396e-10	-1.458004e+01	-6.374841e+01
5.970000e-06	-2.756250e-06	-6.090420e-10	-1.488465e+01	-6.520776e+01
5.980000e-06	-2.812588e-06	-6.214335e-10	-1.518890e+01	-6.664455e+01
5.990000e-06	-2.868850e-06	-6.335857e-10	-1.549273e+01	-6.805906e+01
6.000000e-06	-2.925028e-06	-6.460273e-10	-1.579611e+01	-6.945160e+01
6.010000e-06	-2.980913e-06	-6.589160e-10	-1.609791e+01	-7.082253e+01
6.020000e-06	-3.036620e-06	-6.701830e-10	-1.639874e+01	-7.217223e+01
6.030000e-06	-3.092265e-06	-6.802643e-10	-1.669924e+01	-7.350110e+01
6.040000e-06	-3.147589e-06	-6.918831e-10	-1.699801e+01	-7.480956e+01
6.050000e-06	-3.202483e-06	-7.046287e-10	-1.729446e+01	-7.609806e+01
6.060000e-06	-3.257030e-06	-7.166991e-10	-1.758903e+01	-7.736707e+01
6.070000e-06	-3.311234e-06	-7.275272e-10	-1.788175e+01	-7.861707e+01
6.080000e-06	-3.364969e-06	-7.384999e-10	-1.817193e+01	-7.984855e+01
6.090000e-06	-3.418248e-06	-7.503861e-10	-1.845966e+01	-8.106202e+01
6.100000e-06	-3.471104e-06	-7.629217e-10	-1.874510e+01	-8.225800e+01
6.110000e-06	-3.523684e-06	-7.744908e-10	-1.902905e+01	-8.343699e+01
6.120000e-06	-3.576127e-06	-7.839208e-10	-1.931226e+01	-8.459953e+01
6.130000e-06	-3.628411e-06	-7.930533e-10	-1.959461e+01	-8.574611e+01
6.140000e-06	-3.680425e-06	-8.028694e-10	-1.987550e+01	-8.687726e+01
6.150000e-06	-3.732017e-06	-8.138038e-10	-2.015412e+01	-8.799345e+01
6.160000e-06	-3.783299e-06	-8.250423e-10	-2.043105e+01	-8.909519e+01
6.170000e-06	-3.834289e-06	-8.354086e-10	-2.070642e+01	-9.018293e+01
6.180000e-06	-3.884951e-06	-8.446602e-10	-2.098001e+01	-9.125711e+01
6.190000e-06	-3.935362e-06	-8.525628e-10	-2.125224e+01	-9.231815e+01
6.200000e-06	-3.985539e-06	-8.610378e-10	-2.152322e+01	-9.336645e+01
6.210000e-06	-4.035572e-06	-8.695573e-10	-2.179341e+01	-9.440236e+01
6.220000e-06	-4.085284e-06	-8.776115e-10	-2.206187e+01	-9.542622e+01
6.230000e-06	-4.134426e-06	-8.859942e-10	-2.232725e+01	-9.643830e+01
6.240000e-06	-4.183170e-06	-8.947881e-10	-2.259049e+01	-9.743887e+01
6.250000e-06	-4.231568e-06	-9.043915e-10	-2.285185e+01	-9.842815e+01
6.260000e-06	-4.279397e-06	-9.136746e-10	-2.311015e+01	-9.940632e+01
6.270000e-06	-4.326722e-06	-9.212901e-10	-2.336572e+01	-1.003735e+02
6.280000e-06	-4.373721e-06	-9.285701e-10	-2.361953e+01	-1.013298e+02
6.290000e-06	-4.420581e-06	-9.379618e-10	-2.387259e+01	-1.022753e+02
6.300000e-06	-4.467293e-06	-9.482833e-10	-2.412485e+01	-1.032100e+02
6.310000e-06	-4.513729e-06	-9.575993e-10	-2.437561e+01	-1.041340e+02
6.320000e-06	-4.559858e-06	-9.654029e-10	-2.462472e+01	-1.050471e+02
6.330000e-06	-4.605620e-06	-9.736728e-10	-2.487185e+01	-1.059493e+02
6.340000e-06	-4.651045e-06	-9.826357e-10	-2.511716e+01	-1.068405e+02
6.350000e-06	-4.696093e-06	-9.907246e-10	-2.536044e+01	-1.077207e+02
6.360000e-06	-4.740816e-06	-9.981911e-10	-2.560196e+01	-1.085896e+02
6.370000e-06	-4.785303e-06	-1.004522e-09	-2.584220e+01	-1.094471e+02
6.380000e-06	-4.829565e-06	-1.011303e-09	-2.608123e+01	-1.102931e+02
6.390000e-06	-4.873608e-06	-1.019463e-09	-2.631908e+01	-1.111274e+02
6.400000e-06	-4.917410e-06	-1.026959e-09	-2.655562e+01	-1.119498e+02
6.410000e-06	-4.960948e-06	-1.033332e-09	-2.679074e+01	-1.127602e+02
6.420000e-06	-5.004098e-06	-1.040538e-09	-2.702377e+01	-1.135585e+02
6.430000e-06	-5.046838e-06	-1.048504e-09	-2.725458e+01	-1.143445e+02
6.440000e-06	-5.089228e-06	-1.056046e-09	-2.748350e+01	-1.151180e+02
6.450000e-06	-5.131296e-06	-1.063122e-09	-2.771068e+01	-1.158791e+02
6.460000e-06	-5.173013e-06	-1.069526e-09	-2.793596e+01	-1.166275e+02
6.470000e-06	-5.214273e-06	-1.075897e-09	-2.815878e+01	-1.173633e+02
6.480000e-06	-5.255165e-06	-1.082645e-09	-2.837961e+01	-1.180864e+02
6.490000e-06	-5.295794e-06	-1.088920e-09	-2.859902e+01	-1.187969e+02
6.500000e-06	-5.336118e-06	-1.094572e-09	-2.881679e+01	-1.194948e+02
6.510000e-06	-5.376229e-06	-1.100383e-09	-2.903340e+01	-1.201801e+02
6.520000e-06	-5.416199e-06	-1.106453e-09	-2.924925e+01	-1.208529e+02
6.530000e-06	-5.455728e-06	-1.111953e-09	-2.946272e+01	-1.215135e+02
6.540000e-06	-5.494657e-06	-1.116506e-09	-2.967295e+01	-1.221620e+02
6.550000e-06	-5.533063e-06	-1.121009e-09	-2.988035e+01	-1.227985e+02
6.560000e-06	-5.570852e-06	-1.126288e-09	-3.008443e+01	-1.234234e+02
6.570000e-06	-5.607972e-06	-1.131654e-09	-3.028488e+01	-1.240368e+02
6.580000e-06	-5.644595e-06	-1.137034e-09	-3.048266e+01	-1.246391e+02
6.590000e-06	-5.680923e-06	-1.142562e-09	-3.067885e+01	-1.252306e+02
6.600000e-06	-5.717043e-06	-1.147448e-09	-3.087391e+01	-1.258116e+02
6.610000e-06	-5.752826e-06	-1.150678e-09	-3.106714e+01	-1.263824e+02
6.620000e-06	-5.788173e-06	-1.153361e-09	-3.125803e+01	-1.269434e+02
6.630000e-06	-5.823157e-06	-1.157480e-09	-3.144696e+01	-1.274950e+02
6.640000e-06	-5.857721e-06	-1.161950e-09	-3.163361e+01	-1.280376e+02
6.650000e-06	-5.891979e-06	-1.165745e-09	-3.181862e+01	-1.285714e+02
6.660000e-06	-5.925742e-06	-1.168936e-09	-3.200094e+01	-1.290968e+02
6.670000e-06	-5.958897e-06	-1.172160e-09	-3.218000e+01	-1.296143e+02
6.680000e-06	-5.991792e-06	-1.175838e-09	-3.235764e+01	-1.301242e+02
6.690000e-06	-6.024300e-06	-1.179146e-09	-3.253319e+01	-1.306267e+02
6.700000e-06	-6.056427e-06	-1.182228e-09	-3.270669e+01	-1.311221e+02
6.710000e-06	-6.088381e-06	-1.185446e-09	-3.287925e+01	-1.316109e+02
6.720000e-06	-6.119944e-06	-1.189195e-09	-3.304970e+01	-1.320931e+02
6.730000e-06	-6.150877e-06	-1.193719e-09	-3.321675e+01	-1.325692e+02
6.740000e-06	-6.181044e-06	-1.197382e-09	-3.337966e+01	-1.330391e+02
6.750000e-06	-6.210560e-06	-1.200321e-09	-3.353906e+01	-1.335033e+02
6.760000e-06	-6.239601e-06	-1.203792e-09	-3.369589e+01	-1.339617e+02
6.770000e-06	-6.268182e-06	-1.207346e-09	-3.385024e+01	-1.344144e+02
6.780000e-06	-6.296415e-06	-1.209216e-09	-3.400270e+01	-1.348617e+02
6.790000e-06	-6.324475e-06	-1.210128e-09	-3.415423e+01	-1.353034e+02
6.800000e-06	-6.352103e-06	-1.211484e-09	-3.430344e+01	-1.357397e+02
6.810000e-06	-6.379081e-06	-1.213611e-09	-3.444913e+01	-1.361704e+02
6.820000e-06	-6.405629e-06	-1.216334e-09	-3.459249e+01	-1.365956e+02
6.830000e-06	-6.431798e-06	-1.218936e-09	-3.473381e+01	-1.370152e+02
6.840000e-06	-6.457537e-06	-1.221574e-09	-3.487281e+01	-1.374291e+02
6.850000e-06	-6.482693e-06	-1.223273e-09	-3.500866e+01	-1.378371e+02
6.860000e-06	-6.507295e-06	-1.224791e-09	-3.514152e+01	-1.382392e+02
6.870000e-06	-6.531639e-06	-1.227275e-09	-3.527299e+01	-1.386350e+02
6.880000e-06	-6.555828e-06	-1.230259e-09	-3.540362e+01	-1.390246e+02
6.890000e-06	-6.579766e-06	-1.233462e-09	-3.553289e+01	-1.394076e+02
6.900000e-06	-6.603157e-06	-1.235683e-09	-3.565921e+01	-1.397839e+02
6.910000e-06	-6.625804e-06	-1.236402e-09	-3.578151e+01	-1.401532e+02
6.920000e-06	-6.647555e-06	-1.236799e-09	-3.589897e+01	-1.405154e+02
6.930000e-06	-6.668512e-06	-1.237314e-09	-3.601215e+01	-1.408701e+02
6.940000e-06	-6.689062e-06	-1.239421e-09	-3.612312e+01	-1.412174e+02
6.950000e-06	-6.709353e-06	-1.242709e-09	-3.623270e+01	-1.415568e+02
6.960000e-06	-6.729384e-06	-1.245920e-09	-3.634088e+01	-1.418882e+02
6.970000e-06	-6.749007e-06	-1.249964e-09	-3.644685e+01	-1.422114e+02
6.980000e-06	-6.768065e-06	-1.253103e-09	-3.654977e+01	-1.425262e+02
6.990000e-06	-6.786666e-06	-1.253186e-09	-3.665022e+01	-1.428325e+02
7.000000e-06	-6.804914e-06	-1.252423e-09	-3.674876e+01	-1.431300e+02
7.010000e-06	-6.822634e-06	-1.253576e-09	-3.684446e+01	-1.434187e+02
7.020000e-06	-6.839858e-06	-1.256103e-09	-3.693747e+01	-1.436985e+02
7.030000e-06	-6.856690e-06	-1.258257e-09	-3.702837e+01	-1.439691e+02
7.040000e-06	-6.873150e-06	-1.260898e-09	-3.711726e+01	-1.442305e+02
7.050000e-06	-6.889300e-06	-1.263850e-09	-3.720448e+01	-1.444827e+02
7.060000e-06	-6.905097e-06	-1.265801e-09	-3.728978e+01	-1.447256e+02
7.070000e-06	-6.920084e-06	-1.267644e-09	-3.737072e+01	-1.449591e+02
7.080000e-06	-6.934038e-06	-1.269062e-09	-3.744607e+01	-1.451832e+02
7.090000e-06	-6.947294e-06	-1.269784e-09	-3.751766e+01	-1.453980e+02
7.100000e-06	-6.960016e-06	-1.270269e-09	-3.758636e+01	-1.456033e+02
7.110000e-06	-6.972322e-06	-1.271091e-09	-3.765282e+01	-1.457992e+02
7.120000e-06	-6.984037e-06	-1.272565e-09	-3.771609e+01	-1.459858e+02
7.130000e-06	-6.995093e-06	-1.273878e-09	-3.777579e+01	-1.461630e+02
7.140000e-06	-7.005690e-06	-1.275174e-09	-3.783302e+01	-1.463309e+02
7.150000e-06	-7.015924e-06	-1.275426e-09	-3.788829e+01	-1.464896e+02
7.160000e-06	-7.025647e-06	-1.275839e-09	-3.794079e+01	-1.466392e+02
7.170000e-06	-7.034784e-06	-1.277870e-09	-3.799013e+01	-1.467796e+02
7.180000e-06	-7.043539e-06	-1.278402e-09	-3.803742e+01	-1.469109e+02
7.190000e-06	-7.051946e-06	-1.277809e-09	-3.808281e+01	-1.470333e+02
7.200000e-06	-7.060063e-06	-1.277924e-09	-3.812665e+01	-1.471467e+02
7.210000e-06	-7.067886e-06	-1.278075e-09	-3.816890e+01	-1.472513e+02
7.220000e-06	-7.075083e-06	-1.277088e-09	-3.820776e+01	-1.473470e+02
7.230000e-06	-7.081351e-06	-1.275407e-09	-3.824161e+01	-1.474341e+02
7.240000e-06	-7.086785e-06	-1.275079e-09	-3.827096e+01	-1.475125e+02
7.250000e-06	-7.091633e-06	-1.275896e-09	-3.829714e+01	-1.475823e+02
7.260000e-06	-7.096081e-06	-1.275731e-09	-3.832116e+01	-1.476436e+02
7.270000e-06	-7.100213e-06	-1.274866e-09	-3.834347e+01	-1.476964e+02
7.280000e-06	-7.103857e-06	-1.274307e-09	-3.836316e+01	-1.477408e+02
7.290000e-06	-7.106939e-06	-1.273330e-09	-3.837980e+01	-1.477769e+02
7.300000e-06	-7.109687e-06	-1.273019e-09	-3.839464e+01	-1.478048e+02
7.310000e-06	-7.112071e-06	-1.273009e-09	-3.840751e+01	-1.478244e+02
7.320000e-06	-7.113948e-06	-1.272288e-09	-3.841765e+01	-1.478360e+02
7.330000e-06	-7.115189e-06	-1.272273e-09	-3.842435e+01	-1.478396e+02
7.340000e-06	-7.115900e-06	-1.271724e-09	-3.842819e+01	-1.478352e+02
