# Temperatura_=_20.0
# Concentracion g/m^3_=_7400.0
# C_Vs_to_Am_M_A/Vsm_=_116720831517.84952
# pendiente_HvsI_1/m_=_3716.3
# ordenada_HvsI_A/m_=_1297.0
# frecuencia_Hz_=_136115.9886115405

Tiempo_(s)	Campo_(V.s)	Magnetizacion_(V.s)	Campo_(kA/m)	Magnetizacion_(A/m)
0.000000e+00	-7.146533e-06	-1.282359e-09	-3.842446e+01	-1.484925e+02
1.000000e-08	-7.146872e-06	-1.281607e-09	-3.842628e+01	-1.485257e+02
2.000000e-08	-7.146765e-06	-1.282547e-09	-3.842571e+01	-1.485513e+02
3.000000e-08	-7.146030e-06	-1.282568e-09	-3.842175e+01	-1.485691e+02
4.000000e-08	-7.144575e-06	-1.282085e-09	-3.841393e+01	-1.485790e+02
5.000000e-08	-7.142503e-06	-1.281645e-09	-3.840279e+01	-1.485806e+02
6.000000e-08	-7.139798e-06	-1.280577e-09	-3.838824e+01	-1.485738e+02
7.000000e-08	-7.136514e-06	-1.279822e-09	-3.837059e+01	-1.485584e+02
8.000000e-08	-7.132822e-06	-1.280418e-09	-3.835074e+01	-1.485344e+02
9.000000e-08	-7.128531e-06	-1.287364e-09	-3.832767e+01	-1.485015e+02
1.000000e-07	-7.123499e-06	-1.283321e-09	-3.830061e+01	-1.484598e+02
1.100000e-07	-7.117830e-06	-1.248838e-09	-3.827013e+01	-1.484093e+02
1.200000e-07	-7.111909e-06	-1.249407e-09	-3.823829e+01	-1.483498e+02
1.300000e-07	-7.105717e-06	-1.315646e-09	-3.820500e+01	-1.482816e+02
1.400000e-07	-7.098956e-06	-1.322607e-09	-3.816865e+01	-1.482046e+02
1.500000e-07	-7.091724e-06	-1.229937e-09	-3.812977e+01	-1.481189e+02
1.600000e-07	-7.084214e-06	-1.217702e-09	-3.808939e+01	-1.480248e+02
1.700000e-07	-7.076315e-06	-1.328908e-09	-3.804692e+01	-1.479224e+02
1.800000e-07	-7.067869e-06	-1.329102e-09	-3.800151e+01	-1.478119e+02
1.900000e-07	-7.058579e-06	-1.191696e-09	-3.795156e+01	-1.476935e+02
2.000000e-07	-7.048441e-06	-1.200083e-09	-3.789705e+01	-1.475676e+02
2.100000e-07	-7.037728e-06	-1.353567e-09	-3.783945e+01	-1.474342e+02
2.200000e-07	-7.026541e-06	-1.328225e-09	-3.777930e+01	-1.472939e+02
2.300000e-07	-7.014810e-06	-1.173222e-09	-3.771623e+01	-1.471467e+02
2.400000e-07	-7.002534e-06	-1.209511e-09	-3.765022e+01	-1.469930e+02
2.500000e-07	-6.989606e-06	-1.338384e-09	-3.758072e+01	-1.468332e+02
2.600000e-07	-6.975947e-06	-1.274199e-09	-3.750728e+01	-1.466674e+02
2.700000e-07	-6.961728e-06	-1.178078e-09	-3.743082e+01	-1.464959e+02
2.800000e-07	-6.946937e-06	-1.260988e-09	-3.735130e+01	-1.463189e+02
2.900000e-07	-6.931402e-06	-1.306084e-09	-3.726777e+01	-1.461368e+02
3.000000e-07	-6.915278e-06	-1.207816e-09	-3.718108e+01	-1.459497e+02
3.100000e-07	-6.898802e-06	-1.207084e-09	-3.709249e+01	-1.457578e+02
3.200000e-07	-6.881838e-06	-1.291495e-09	-3.700128e+01	-1.455613e+02
3.300000e-07	-6.864455e-06	-1.228281e-09	-3.690782e+01	-1.453603e+02
3.400000e-07	-6.846605e-06	-1.167178e-09	-3.681185e+01	-1.451550e+02
3.500000e-07	-6.828290e-06	-1.271169e-09	-3.671337e+01	-1.449455e+02
3.600000e-07	-6.809528e-06	-1.288469e-09	-3.661250e+01	-1.447318e+02
3.700000e-07	-6.790336e-06	-1.157914e-09	-3.650931e+01	-1.445140e+02
3.800000e-07	-6.770715e-06	-1.178215e-09	-3.640381e+01	-1.442922e+02
3.900000e-07	-6.750698e-06	-1.287947e-09	-3.629619e+01	-1.440665e+02
4.000000e-07	-6.730278e-06	-1.221010e-09	-3.618640e+01	-1.438367e+02
4.100000e-07	-6.709397e-06	-1.149297e-09	-3.607413e+01	-1.436031e+02
4.200000e-07	-6.687993e-06	-1.235805e-09	-3.595905e+01	-1.433655e+02
4.300000e-07	-6.666054e-06	-1.247790e-09	-3.584109e+01	-1.431240e+02
4.400000e-07	-6.643654e-06	-1.161208e-09	-3.572065e+01	-1.428786e+02
4.500000e-07	-6.620784e-06	-1.191357e-09	-3.559769e+01	-1.426293e+02
4.600000e-07	-6.597628e-06	-1.233873e-09	-3.547319e+01	-1.423760e+02
4.700000e-07	-6.574213e-06	-1.165832e-09	-3.534729e+01	-1.421189e+02
4.800000e-07	-6.550280e-06	-1.162900e-09	-3.521861e+01	-1.418578e+02
4.900000e-07	-6.525821e-06	-1.226500e-09	-3.508710e+01	-1.415928e+02
5.000000e-07	-6.500748e-06	-1.185580e-09	-3.495229e+01	-1.413240e+02
5.100000e-07	-6.474952e-06	-1.139749e-09	-3.481360e+01	-1.410512e+02
5.200000e-07	-6.448406e-06	-1.187505e-09	-3.467087e+01	-1.407745e+02
5.300000e-07	-6.421268e-06	-1.189727e-09	-3.452495e+01	-1.404940e+02
5.400000e-07	-6.393805e-06	-1.142233e-09	-3.437730e+01	-1.402095e+02
5.500000e-07	-6.366037e-06	-1.160970e-09	-3.422800e+01	-1.399210e+02
5.600000e-07	-6.337840e-06	-1.180075e-09	-3.407639e+01	-1.396285e+02
5.700000e-07	-6.309205e-06	-1.147835e-09	-3.392243e+01	-1.393319e+02
5.800000e-07	-6.280306e-06	-1.147311e-09	-3.376705e+01	-1.390311e+02
5.900000e-07	-6.250950e-06	-1.164841e-09	-3.360921e+01	-1.387261e+02
6.000000e-07	-6.221051e-06	-1.143992e-09	-3.344846e+01	-1.384166e+02
6.100000e-07	-6.190651e-06	-1.133895e-09	-3.328501e+01	-1.381025e+02
6.200000e-07	-6.159861e-06	-1.147464e-09	-3.311946e+01	-1.377835e+02
6.300000e-07	-6.128883e-06	-1.140795e-09	-3.295290e+01	-1.374594e+02
6.400000e-07	-6.097612e-06	-1.130539e-09	-3.278477e+01	-1.371299e+02
6.500000e-07	-6.065980e-06	-1.133798e-09	-3.261469e+01	-1.367946e+02
6.600000e-07	-6.034003e-06	-1.129004e-09	-3.244277e+01	-1.364533e+02
6.700000e-07	-6.001258e-06	-1.121100e-09	-3.226671e+01	-1.361054e+02
6.800000e-07	-5.967717e-06	-1.120501e-09	-3.208637e+01	-1.357505e+02
6.900000e-07	-5.933722e-06	-1.116613e-09	-3.190359e+01	-1.353882e+02
7.000000e-07	-5.899115e-06	-1.110910e-09	-3.171752e+01	-1.350180e+02
7.100000e-07	-5.863976e-06	-1.107319e-09	-3.152859e+01	-1.346393e+02
7.200000e-07	-5.828550e-06	-1.102027e-09	-3.133812e+01	-1.342516e+02
7.300000e-07	-5.792798e-06	-1.099923e-09	-3.114589e+01	-1.338543e+02
7.400000e-07	-5.756671e-06	-1.098806e-09	-3.095165e+01	-1.334469e+02
7.500000e-07	-5.720255e-06	-1.091956e-09	-3.075585e+01	-1.330289e+02
7.600000e-07	-5.683510e-06	-1.087927e-09	-3.055828e+01	-1.325997e+02
7.700000e-07	-5.646402e-06	-1.088547e-09	-3.035877e+01	-1.321589e+02
7.800000e-07	-5.608954e-06	-1.083986e-09	-3.015742e+01	-1.317059e+02
7.900000e-07	-5.571099e-06	-1.075817e-09	-2.995389e+01	-1.312404e+02
8.000000e-07	-5.532715e-06	-1.069428e-09	-2.974751e+01	-1.307620e+02
8.100000e-07	-5.493757e-06	-1.063072e-09	-2.953805e+01	-1.302703e+02
8.200000e-07	-5.454414e-06	-1.058698e-09	-2.932652e+01	-1.297651e+02
8.300000e-07	-5.414879e-06	-1.056408e-09	-2.911395e+01	-1.292462e+02
8.400000e-07	-5.375067e-06	-1.051978e-09	-2.889989e+01	-1.287135e+02
8.500000e-07	-5.334836e-06	-1.045627e-09	-2.868359e+01	-1.281669e+02
8.600000e-07	-5.294170e-06	-1.040812e-09	-2.846494e+01	-1.276065e+02
8.700000e-07	-5.253066e-06	-1.036385e-09	-2.824394e+01	-1.270323e+02
8.800000e-07	-5.211487e-06	-1.030709e-09	-2.802038e+01	-1.264446e+02
8.900000e-07	-5.169398e-06	-1.023414e-09	-2.779408e+01	-1.258437e+02
9.000000e-07	-5.126725e-06	-1.015403e-09	-2.756464e+01	-1.252297e+02
9.100000e-07	-5.083610e-06	-1.009808e-09	-2.733283e+01	-1.246032e+02
9.200000e-07	-5.040237e-06	-1.005804e-09	-2.709963e+01	-1.239645e+02
9.300000e-07	-4.996546e-06	-1.000116e-09	-2.686471e+01	-1.233142e+02
9.400000e-07	-4.952538e-06	-9.931212e-10	-2.662810e+01	-1.226528e+02
9.500000e-07	-4.908189e-06	-9.865113e-10	-2.638965e+01	-1.219809e+02
9.600000e-07	-4.863480e-06	-9.808861e-10	-2.614927e+01	-1.212991e+02
9.700000e-07	-4.818464e-06	-9.757999e-10	-2.590723e+01	-1.206079e+02
9.800000e-07	-4.773119e-06	-9.701255e-10	-2.566342e+01	-1.199079e+02
9.900000e-07	-4.727478e-06	-9.636750e-10	-2.541803e+01	-1.191998e+02
1.000000e-06	-4.681503e-06	-9.570481e-10	-2.517084e+01	-1.184840e+02
1.010000e-06	-4.635172e-06	-9.508949e-10	-2.492173e+01	-1.177611e+02
1.020000e-06	-4.588520e-06	-9.452391e-10	-2.467090e+01	-1.170315e+02
1.030000e-06	-4.541461e-06	-9.393301e-10	-2.441788e+01	-1.162958e+02
1.040000e-06	-4.494047e-06	-9.324496e-10	-2.416295e+01	-1.155540e+02
1.050000e-06	-4.446419e-06	-9.265790e-10	-2.390687e+01	-1.148067e+02
1.060000e-06	-4.398667e-06	-9.217628e-10	-2.365013e+01	-1.140539e+02
1.070000e-06	-4.350779e-06	-9.165010e-10	-2.339265e+01	-1.132958e+02
1.080000e-06	-4.302559e-06	-9.101483e-10	-2.313338e+01	-1.125323e+02
1.090000e-06	-4.253870e-06	-9.028486e-10	-2.287160e+01	-1.117634e+02
1.100000e-06	-4.204701e-06	-8.958454e-10	-2.260723e+01	-1.109889e+02
1.110000e-06	-4.155022e-06	-8.897330e-10	-2.234013e+01	-1.102087e+02
1.120000e-06	-4.104772e-06	-8.834701e-10	-2.206995e+01	-1.094223e+02
1.130000e-06	-4.054222e-06	-8.763154e-10	-2.179816e+01	-1.086293e+02
1.140000e-06	-4.003456e-06	-8.689560e-10	-2.152521e+01	-1.078294e+02
1.150000e-06	-3.952170e-06	-8.623274e-10	-2.124947e+01	-1.070219e+02
1.160000e-06	-3.900560e-06	-8.557673e-10	-2.097197e+01	-1.062063e+02
1.170000e-06	-3.848792e-06	-8.479092e-10	-2.069364e+01	-1.053819e+02
1.180000e-06	-3.796813e-06	-8.397168e-10	-2.041416e+01	-1.045482e+02
1.190000e-06	-3.744548e-06	-8.329021e-10	-2.013315e+01	-1.037044e+02
1.200000e-06	-3.691810e-06	-8.261197e-10	-1.984960e+01	-1.028499e+02
1.210000e-06	-3.638698e-06	-8.185494e-10	-1.956403e+01	-1.019839e+02
1.220000e-06	-3.585440e-06	-8.107296e-10	-1.927768e+01	-1.011059e+02
1.230000e-06	-3.531986e-06	-8.028945e-10	-1.899028e+01	-1.002153e+02
1.240000e-06	-3.478310e-06	-7.948181e-10	-1.870168e+01	-9.931135e+01
1.250000e-06	-3.424452e-06	-7.877668e-10	-1.841210e+01	-9.839363e+01
1.260000e-06	-3.370325e-06	-7.814435e-10	-1.812108e+01	-9.746166e+01
1.270000e-06	-3.315919e-06	-7.729679e-10	-1.782856e+01	-9.651501e+01
1.280000e-06	-3.261227e-06	-7.637357e-10	-1.753450e+01	-9.555335e+01
1.290000e-06	-3.206251e-06	-7.556017e-10	-1.723891e+01	-9.457642e+01
1.300000e-06	-3.151067e-06	-7.479855e-10	-1.694221e+01	-9.358402e+01
1.310000e-06	-3.095811e-06	-7.396550e-10	-1.664511e+01	-9.257604e+01
1.320000e-06	-3.040465e-06	-7.311676e-10	-1.634754e+01	-9.155245e+01
1.330000e-06	-2.984916e-06	-7.222904e-10	-1.604887e+01	-9.051328e+01
1.340000e-06	-2.929221e-06	-7.127178e-10	-1.574942e+01	-8.945866e+01
1.350000e-06	-2.873416e-06	-7.041827e-10	-1.544937e+01	-8.838874e+01
1.360000e-06	-2.817384e-06	-6.966532e-10	-1.514811e+01	-8.730375e+01
1.370000e-06	-2.761188e-06	-6.888869e-10	-1.484596e+01	-8.620399e+01
1.380000e-06	-2.704805e-06	-6.809803e-10	-1.454281e+01	-8.508975e+01
1.390000e-06	-2.648143e-06	-6.725123e-10	-1.423816e+01	-8.396140e+01
1.400000e-06	-2.591271e-06	-6.631686e-10	-1.393238e+01	-8.281928e+01
1.410000e-06	-2.534072e-06	-6.530734e-10	-1.362484e+01	-8.166378e+01
1.420000e-06	-2.476547e-06	-6.432230e-10	-1.331554e+01	-8.049526e+01
1.430000e-06	-2.418831e-06	-6.338396e-10	-1.300523e+01	-7.931408e+01
1.440000e-06	-2.360703e-06	-6.236730e-10	-1.269269e+01	-7.812056e+01
1.450000e-06	-2.302257e-06	-6.128039e-10	-1.237845e+01	-7.691500e+01
1.460000e-06	-2.243691e-06	-6.017264e-10	-1.206356e+01	-7.569764e+01
1.470000e-06	-2.184804e-06	-5.907177e-10	-1.174694e+01	-7.446869e+01
1.480000e-06	-2.125780e-06	-5.803401e-10	-1.142959e+01	-7.322827e+01
1.490000e-06	-2.066621e-06	-5.701606e-10	-1.111151e+01	-7.197646e+01
1.500000e-06	-2.007253e-06	-5.596368e-10	-1.079231e+01	-7.071325e+01
1.510000e-06	-1.947819e-06	-5.487417e-10	-1.047275e+01	-6.943858e+01
1.520000e-06	-1.888353e-06	-5.382661e-10	-1.015303e+01	-6.815230e+01
1.530000e-06	-1.828821e-06	-5.285177e-10	-9.832945e+00	-6.685418e+01
1.540000e-06	-1.769220e-06	-5.184881e-10	-9.512487e+00	-6.554394e+01
1.550000e-06	-1.709566e-06	-5.075037e-10	-9.191750e+00	-6.422121e+01
1.560000e-06	-1.649789e-06	-4.960763e-10	-8.870351e+00	-6.288557e+01
1.570000e-06	-1.589909e-06	-4.855955e-10	-8.548397e+00	-6.153653e+01
1.580000e-06	-1.529924e-06	-4.752785e-10	-8.225876e+00	-6.017356e+01
1.590000e-06	-1.469791e-06	-4.634937e-10	-7.902565e+00	-5.879608e+01
1.600000e-06	-1.409585e-06	-4.511051e-10	-7.578853e+00	-5.740348e+01
1.610000e-06	-1.349346e-06	-4.394205e-10	-7.254972e+00	-5.599513e+01
1.620000e-06	-1.289029e-06	-4.275327e-10	-6.930669e+00	-5.457037e+01
1.630000e-06	-1.228514e-06	-4.159429e-10	-6.605301e+00	-5.312857e+01
1.640000e-06	-1.167877e-06	-4.041721e-10	-6.279272e+00	-5.166907e+01
1.650000e-06	-1.107211e-06	-3.921568e-10	-5.953095e+00	-5.019127e+01
1.660000e-06	-1.046537e-06	-3.809446e-10	-5.626869e+00	-4.869455e+01
1.670000e-06	-9.858161e-07	-3.698825e-10	-5.300395e+00	-4.717839e+01
1.680000e-06	-9.250307e-07	-3.576897e-10	-4.973573e+00	-4.564226e+01
1.690000e-06	-8.641218e-07	-3.433552e-10	-4.646087e+00	-4.408573e+01
1.700000e-06	-8.031041e-07	-3.295649e-10	-4.318016e+00	-4.250842e+01
1.710000e-06	-7.421004e-07	-3.179013e-10	-3.990020e+00	-4.091003e+01
1.720000e-06	-6.810189e-07	-3.060496e-10	-3.661605e+00	-3.929033e+01
1.730000e-06	-6.198085e-07	-2.935006e-10	-3.332498e+00	-3.764917e+01
1.740000e-06	-5.585767e-07	-2.802329e-10	-3.003276e+00	-3.598651e+01
1.750000e-06	-4.973814e-07	-2.657279e-10	-2.674249e+00	-3.430239e+01
1.760000e-06	-4.361206e-07	-2.513930e-10	-2.344871e+00	-3.259692e+01
1.770000e-06	-3.747530e-07	-2.376513e-10	-2.014918e+00	-3.087035e+01
1.780000e-06	-3.134030e-07	-2.237655e-10	-1.685060e+00	-2.912298e+01
1.790000e-06	-2.521281e-07	-2.095513e-10	-1.355606e+00	-2.735523e+01
1.800000e-06	-1.908424e-07	-1.948626e-10	-1.026094e+00	-2.556758e+01
1.810000e-06	-1.295618e-07	-1.797227e-10	-6.966093e-01	-2.376063e+01
1.820000e-06	-6.834970e-08	-1.649302e-10	-3.674929e-01	-2.193504e+01
1.830000e-06	-7.143420e-09	-1.494160e-10	-3.840772e-02	-2.009155e+01
1.840000e-06	5.416092e-08	-1.328982e-10	2.912047e-01	-1.823099e+01
1.850000e-06	1.154119e-07	-1.174703e-10	6.205302e-01	-1.635424e+01
1.860000e-06	1.766822e-07	-1.036411e-10	9.499598e-01	-1.446225e+01
1.870000e-06	2.380504e-07	-9.047349e-11	1.279916e+00	-1.255605e+01
1.880000e-06	2.993613e-07	-7.550686e-11	1.609563e+00	-1.063668e+01
1.890000e-06	3.606540e-07	-5.870274e-11	1.939113e+00	-8.705272e+00
1.900000e-06	4.219302e-07	-4.332834e-11	2.268574e+00	-6.762977e+00
1.910000e-06	4.831639e-07	-2.915327e-11	2.597807e+00	-4.810990e+00
1.920000e-06	5.444263e-07	-1.479952e-11	2.927194e+00	-2.850541e+00
1.930000e-06	6.057008e-07	-5.090208e-13	3.256645e+00	-8.828869e-01
1.940000e-06	6.668183e-07	1.487495e-11	3.585253e+00	1.090691e+00
1.950000e-06	7.278280e-07	3.171118e-11	3.913281e+00	3.068891e+00
1.960000e-06	7.887433e-07	4.791535e-11	4.240802e+00	5.050396e+00
1.970000e-06	8.495787e-07	6.298047e-11	4.567893e+00	7.033876e+00
1.980000e-06	9.104270e-07	7.711283e-11	4.895054e+00	9.017995e+00
1.990000e-06	9.711184e-07	9.133869e-11	5.221371e+00	1.100141e+01
2.000000e-06	1.031679e-06	1.066396e-10	5.546987e+00	1.298278e+01
2.010000e-06	1.092227e-06	1.219193e-10	5.872531e+00	1.496077e+01
2.020000e-06	1.152668e-06	1.376502e-10	6.197503e+00	1.693403e+01
2.030000e-06	1.213027e-06	1.539910e-10	6.522031e+00	1.890126e+01
2.040000e-06	1.273347e-06	1.694403e-10	6.846351e+00	2.086114e+01
2.050000e-06	1.333492e-06	1.836083e-10	7.169729e+00	2.281238e+01
2.060000e-06	1.393535e-06	1.976217e-10	7.492561e+00	2.475371e+01
2.070000e-06	1.453532e-06	2.121714e-10	7.815143e+00	2.668389e+01
2.080000e-06	1.513374e-06	2.271213e-10	8.136891e+00	2.860172e+01
2.090000e-06	1.573206e-06	2.418739e-10	8.458589e+00	3.050601e+01
2.100000e-06	1.633043e-06	2.561740e-10	8.780313e+00	3.239564e+01
2.110000e-06	1.692812e-06	2.709247e-10	9.101667e+00	3.426951e+01
2.120000e-06	1.752467e-06	2.854195e-10	9.422415e+00	3.612658e+01
2.130000e-06	1.811988e-06	2.993245e-10	9.742439e+00	3.796588e+01
2.140000e-06	1.871461e-06	3.131224e-10	1.006220e+01	3.978646e+01
2.150000e-06	1.930851e-06	3.260938e-10	1.038153e+01	4.158748e+01
2.160000e-06	1.990173e-06	3.399612e-10	1.070048e+01	4.336813e+01
2.170000e-06	2.049430e-06	3.546242e-10	1.101908e+01	4.512769e+01
2.180000e-06	2.108551e-06	3.680861e-10	1.133696e+01	4.686551e+01
2.190000e-06	2.167597e-06	3.809414e-10	1.165442e+01	4.858103e+01
2.200000e-06	2.226439e-06	3.940238e-10	1.197080e+01	5.027375e+01
2.210000e-06	2.284946e-06	4.078030e-10	1.228537e+01	5.194326e+01
2.220000e-06	2.343260e-06	4.219480e-10	1.259890e+01	5.358925e+01
2.230000e-06	2.401358e-06	4.347827e-10	1.291128e+01	5.521146e+01
2.240000e-06	2.459066e-06	4.468924e-10	1.322155e+01	5.680974e+01
2.250000e-06	2.516550e-06	4.601119e-10	1.353062e+01	5.838402e+01
2.260000e-06	2.573663e-06	4.737361e-10	1.383770e+01	5.993429e+01
2.270000e-06	2.630300e-06	4.861240e-10	1.414222e+01	6.146065e+01
2.280000e-06	2.686801e-06	4.976309e-10	1.444601e+01	6.296323e+01
2.290000e-06	2.743132e-06	5.090390e-10	1.474888e+01	6.444228e+01
2.300000e-06	2.799255e-06	5.202992e-10	1.505064e+01	6.589807e+01
2.310000e-06	2.855168e-06	5.327586e-10	1.535126e+01	6.733095e+01
2.320000e-06	2.910873e-06	5.463285e-10	1.565077e+01	6.874132e+01
2.330000e-06	2.966436e-06	5.596683e-10	1.594951e+01	7.012963e+01
2.340000e-06	3.021915e-06	5.714380e-10	1.624780e+01	7.149637e+01
2.350000e-06	3.077279e-06	5.812828e-10	1.654547e+01	7.284205e+01
2.360000e-06	3.132522e-06	5.903734e-10	1.684250e+01	7.416721e+01
2.370000e-06	3.187544e-06	5.991941e-10	1.713833e+01	7.547242e+01
2.380000e-06	3.242302e-06	6.075490e-10	1.743275e+01	7.675825e+01
2.390000e-06	3.296866e-06	6.173280e-10	1.772612e+01	7.802528e+01
2.400000e-06	3.351205e-06	6.299698e-10	1.801828e+01	7.927409e+01
2.410000e-06	3.405285e-06	6.426385e-10	1.830905e+01	8.050524e+01
2.420000e-06	3.459140e-06	6.535395e-10	1.859861e+01	8.171929e+01
2.430000e-06	3.512786e-06	6.633883e-10	1.888705e+01	8.291679e+01
2.440000e-06	3.566225e-06	6.732467e-10	1.917437e+01	8.409824e+01
2.450000e-06	3.619371e-06	6.837177e-10	1.946012e+01	8.526414e+01
2.460000e-06	3.672166e-06	6.938316e-10	1.974398e+01	8.641496e+01
2.470000e-06	3.724647e-06	7.029652e-10	2.002615e+01	8.755113e+01
2.480000e-06	3.776813e-06	7.116436e-10	2.030663e+01	8.867305e+01
2.490000e-06	3.828754e-06	7.207675e-10	2.058590e+01	8.978110e+01
2.500000e-06	3.880369e-06	7.302851e-10	2.086341e+01	9.087562e+01
2.510000e-06	3.931714e-06	7.396966e-10	2.113948e+01	9.195692e+01
2.520000e-06	3.982818e-06	7.487429e-10	2.141425e+01	9.302528e+01
2.530000e-06	4.033616e-06	7.574772e-10	2.168737e+01	9.408096e+01
2.540000e-06	4.083981e-06	7.662744e-10	2.195817e+01	9.512418e+01
2.550000e-06	4.133833e-06	7.746251e-10	2.222620e+01	9.615516e+01
2.560000e-06	4.183219e-06	7.820730e-10	2.249173e+01	9.717408e+01
2.570000e-06	4.232059e-06	7.881816e-10	2.275433e+01	9.818110e+01
2.580000e-06	4.280502e-06	7.953670e-10	2.301479e+01	9.917639e+01
2.590000e-06	4.328743e-06	8.050108e-10	2.327417e+01	1.001601e+02
2.600000e-06	4.376693e-06	8.149797e-10	2.353198e+01	1.011323e+02
2.610000e-06	4.424314e-06	8.231054e-10	2.378802e+01	1.020932e+02
2.620000e-06	4.471687e-06	8.290501e-10	2.404273e+01	1.030429e+02
2.630000e-06	4.518837e-06	8.352531e-10	2.429624e+01	1.039815e+02
2.640000e-06	4.565707e-06	8.426027e-10	2.454824e+01	1.049091e+02
2.650000e-06	4.612156e-06	8.501619e-10	2.479798e+01	1.058258e+02
2.660000e-06	4.658197e-06	8.576732e-10	2.504553e+01	1.067318e+02
2.670000e-06	4.703851e-06	8.638916e-10	2.529099e+01	1.076271e+02
2.680000e-06	4.749291e-06	8.692058e-10	2.553531e+01	1.085118e+02
2.690000e-06	4.794528e-06	8.759063e-10	2.577853e+01	1.093861e+02
2.700000e-06	4.839379e-06	8.824417e-10	2.601968e+01	1.102500e+02
2.710000e-06	4.883896e-06	8.878450e-10	2.625903e+01	1.111036e+02
2.720000e-06	4.928065e-06	8.943883e-10	2.649652e+01	1.119470e+02
2.730000e-06	4.971933e-06	9.025168e-10	2.673238e+01	1.127803e+02
2.740000e-06	5.015479e-06	9.111120e-10	2.696651e+01	1.136035e+02
2.750000e-06	5.058783e-06	9.186143e-10	2.719934e+01	1.144167e+02
2.760000e-06	5.101977e-06	9.236630e-10	2.743158e+01	1.152199e+02
2.770000e-06	5.144833e-06	9.273653e-10	2.766200e+01	1.160131e+02
2.780000e-06	5.187056e-06	9.332179e-10	2.788902e+01	1.167963e+02
2.790000e-06	5.228626e-06	9.417919e-10	2.811253e+01	1.175694e+02
2.800000e-06	5.269615e-06	9.498329e-10	2.833291e+01	1.183325e+02
2.810000e-06	5.309990e-06	9.563685e-10	2.854999e+01	1.190854e+02
2.820000e-06	5.349941e-06	9.622981e-10	2.876480e+01	1.198281e+02
2.830000e-06	5.389649e-06	9.684433e-10	2.897829e+01	1.205604e+02
2.840000e-06	5.429148e-06	9.748857e-10	2.919066e+01	1.212823e+02
2.850000e-06	5.468412e-06	9.808531e-10	2.940178e+01	1.219935e+02
2.860000e-06	5.507463e-06	9.855094e-10	2.961174e+01	1.226941e+02
2.870000e-06	5.546108e-06	9.898173e-10	2.981952e+01	1.233837e+02
2.880000e-06	5.584231e-06	9.957802e-10	3.002450e+01	1.240622e+02
2.890000e-06	5.622028e-06	1.002673e-09	3.022772e+01	1.247295e+02
2.900000e-06	5.659430e-06	1.008240e-09	3.042881e+01	1.253854e+02
2.910000e-06	5.696354e-06	1.012362e-09	3.062734e+01	1.260298e+02
2.920000e-06	5.732873e-06	1.017842e-09	3.082369e+01	1.266625e+02
2.930000e-06	5.768986e-06	1.025549e-09	3.101786e+01	1.272833e+02
2.940000e-06	5.804813e-06	1.032510e-09	3.121049e+01	1.278922e+02
2.950000e-06	5.840396e-06	1.036092e-09	3.140181e+01	1.284891e+02
2.960000e-06	5.875642e-06	1.038144e-09	3.159131e+01	1.290739e+02
2.970000e-06	5.910370e-06	1.042765e-09	3.177803e+01	1.296465e+02
2.980000e-06	5.944511e-06	1.049629e-09	3.196160e+01	1.302071e+02
2.990000e-06	5.978144e-06	1.056169e-09	3.214243e+01	1.307555e+02
3.000000e-06	6.011126e-06	1.062025e-09	3.231976e+01	1.312919e+02
3.010000e-06	6.043500e-06	1.067479e-09	3.249383e+01	1.318163e+02
3.020000e-06	6.075398e-06	1.072335e-09	3.266533e+01	1.323289e+02
3.030000e-06	6.106969e-06	1.077759e-09	3.283508e+01	1.328298e+02
3.040000e-06	6.138258e-06	1.083849e-09	3.300331e+01	1.333193e+02
3.050000e-06	6.169106e-06	1.087890e-09	3.316917e+01	1.337976e+02
3.060000e-06	6.199555e-06	1.092715e-09	3.333288e+01	1.342649e+02
3.070000e-06	6.229625e-06	1.099753e-09	3.349456e+01	1.347214e+02
3.080000e-06	6.259290e-06	1.104680e-09	3.365406e+01	1.351676e+02
3.090000e-06	6.288534e-06	1.107745e-09	3.381129e+01	1.356036e+02
3.100000e-06	6.317215e-06	1.111721e-09	3.396550e+01	1.360299e+02
3.110000e-06	6.345357e-06	1.116411e-09	3.411681e+01	1.364467e+02
3.120000e-06	6.373207e-06	1.120252e-09	3.426655e+01	1.368544e+02
3.130000e-06	6.400888e-06	1.124711e-09	3.441538e+01	1.372533e+02
3.140000e-06	6.428265e-06	1.129582e-09	3.456258e+01	1.376437e+02
3.150000e-06	6.455183e-06	1.132751e-09	3.470730e+01	1.380260e+02
3.160000e-06	6.481582e-06	1.136443e-09	3.484925e+01	1.384003e+02
3.170000e-06	6.507320e-06	1.142045e-09	3.498763e+01	1.387670e+02
3.180000e-06	6.532304e-06	1.146816e-09	3.512196e+01	1.391262e+02
3.190000e-06	6.556502e-06	1.149996e-09	3.525206e+01	1.394783e+02
3.200000e-06	6.580197e-06	1.152034e-09	3.537946e+01	1.398234e+02
3.210000e-06	6.603579e-06	1.153949e-09	3.550518e+01	1.401616e+02
3.220000e-06	6.626495e-06	1.157709e-09	3.562839e+01	1.404931e+02
3.230000e-06	6.648971e-06	1.162199e-09	3.574924e+01	1.408179e+02
3.240000e-06	6.671023e-06	1.166113e-09	3.586780e+01	1.411362e+02
3.250000e-06	6.692722e-06	1.170100e-09	3.598447e+01	1.414479e+02
3.260000e-06	6.713999e-06	1.174350e-09	3.609887e+01	1.417531e+02
3.270000e-06	6.734755e-06	1.178427e-09	3.621047e+01	1.420518e+02
3.280000e-06	6.755039e-06	1.181173e-09	3.631953e+01	1.423439e+02
3.290000e-06	6.774927e-06	1.183320e-09	3.642646e+01	1.426294e+02
3.300000e-06	6.794488e-06	1.186077e-09	3.653163e+01	1.429083e+02
3.310000e-06	6.813744e-06	1.188842e-09	3.663516e+01	1.431804e+02
3.320000e-06	6.832613e-06	1.191424e-09	3.673662e+01	1.434457e+02
3.330000e-06	6.850896e-06	1.193222e-09	3.683492e+01	1.437041e+02
3.340000e-06	6.868567e-06	1.194254e-09	3.692993e+01	1.439556e+02
3.350000e-06	6.885648e-06	1.196112e-09	3.702177e+01	1.442002e+02
3.360000e-06	6.902258e-06	1.198994e-09	3.711107e+01	1.444377e+02
3.370000e-06	6.918555e-06	1.201535e-09	3.719870e+01	1.446681e+02
3.380000e-06	6.934293e-06	1.203950e-09	3.728332e+01	1.448915e+02
3.390000e-06	6.949441e-06	1.206212e-09	3.736476e+01	1.451079e+02
3.400000e-06	6.964095e-06	1.208792e-09	3.744355e+01	1.453172e+02
3.410000e-06	6.978082e-06	1.213317e-09	3.751875e+01	1.455195e+02
3.420000e-06	6.991567e-06	1.217907e-09	3.759126e+01	1.457149e+02
3.430000e-06	7.004608e-06	1.220027e-09	3.766138e+01	1.459034e+02
3.440000e-06	7.017063e-06	1.220732e-09	3.772834e+01	1.460852e+02
3.450000e-06	7.029000e-06	1.222983e-09	3.779253e+01	1.462604e+02
3.460000e-06	7.040455e-06	1.227551e-09	3.785411e+01	1.464290e+02
3.470000e-06	7.051371e-06	1.231869e-09	3.791281e+01	1.465913e+02
3.480000e-06	7.061577e-06	1.233309e-09	3.796768e+01	1.467473e+02
3.490000e-06	7.070860e-06	1.233086e-09	3.801759e+01	1.468972e+02
3.500000e-06	7.079317e-06	1.234638e-09	3.806306e+01	1.470410e+02
3.510000e-06	7.087261e-06	1.237832e-09	3.810577e+01	1.471791e+02
3.520000e-06	7.094885e-06	1.240372e-09	3.814676e+01	1.473113e+02
3.530000e-06	7.102183e-06	1.241468e-09	3.818600e+01	1.474379e+02
3.540000e-06	7.109027e-06	1.243306e-09	3.822280e+01	1.475589e+02
3.550000e-06	7.115390e-06	1.246552e-09	3.825701e+01	1.476743e+02
3.560000e-06	7.121231e-06	1.249598e-09	3.828842e+01	1.477842e+02
3.570000e-06	7.126552e-06	1.251601e-09	3.831703e+01	1.478886e+02
3.580000e-06	7.131408e-06	1.251906e-09	3.834314e+01	1.479874e+02
3.590000e-06	7.135752e-06	1.252825e-09	3.836649e+01	1.480807e+02
3.600000e-06	7.139633e-06	1.255216e-09	3.838736e+01	1.481682e+02
3.610000e-06	7.143206e-06	1.256936e-09	3.840657e+01	1.482498e+02
3.620000e-06	7.146445e-06	1.258271e-09	3.842399e+01	1.483256e+02
3.630000e-06	7.149232e-06	1.259744e-09	3.843897e+01	1.483951e+02
3.640000e-06	7.151325e-06	1.260863e-09	3.845022e+01	1.484584e+02
3.650000e-06	7.152535e-06	1.262069e-09	3.845673e+01	1.485151e+02
3.660000e-06	7.153090e-06	1.263819e-09	3.845971e+01	1.485650e+02
3.670000e-06	7.153143e-06	1.265139e-09	3.846000e+01	1.486079e+02
3.680000e-06	7.152759e-06	1.265789e-09	3.845793e+01	1.486436e+02
3.690000e-06	7.151983e-06	1.266132e-09	3.845376e+01	1.486718e+02
3.700000e-06	7.150676e-06	1.267177e-09	3.844674e+01	1.486923e+02
3.710000e-06	7.148883e-06	1.267991e-09	3.843710e+01	1.487049e+02
3.720000e-06	7.146748e-06	1.267422e-09	3.842562e+01	1.487093e+02
3.730000e-06	7.144309e-06	1.268242e-09	3.841250e+01	1.487054e+02
3.740000e-06	7.141326e-06	1.271028e-09	3.839646e+01	1.486929e+02
3.750000e-06	7.137768e-06	1.266740e-09	3.837733e+01	1.486718e+02
3.760000e-06	7.133724e-06	1.253966e-09	3.835559e+01	1.486420e+02
3.770000e-06	7.128774e-06	1.274221e-09	3.832897e+01	1.486033e+02
3.780000e-06	7.122918e-06	1.325276e-09	3.829749e+01	1.485557e+02
3.790000e-06	7.116755e-06	1.277532e-09	3.826435e+01	1.484992e+02
3.800000e-06	7.110654e-06	1.193248e-09	3.823155e+01	1.484339e+02
3.810000e-06	7.104073e-06	1.251796e-09	3.819617e+01	1.483599e+02
3.820000e-06	7.096583e-06	1.352187e-09	3.815590e+01	1.482771e+02
3.830000e-06	7.088537e-06	1.289597e-09	3.811263e+01	1.481859e+02
3.840000e-06	7.080189e-06	1.172396e-09	3.806775e+01	1.480862e+02
3.850000e-06	7.071476e-06	1.256529e-09	3.802090e+01	1.479784e+02
3.860000e-06	7.062210e-06	1.397755e-09	3.797108e+01	1.478627e+02
3.870000e-06	7.052324e-06	1.288725e-09	3.791793e+01	1.477393e+02
3.880000e-06	7.042037e-06	1.123612e-09	3.786262e+01	1.476084e+02
3.890000e-06	7.031387e-06	1.253659e-09	3.780536e+01	1.474704e+02
3.900000e-06	7.020186e-06	1.420055e-09	3.774513e+01	1.473255e+02
3.910000e-06	7.008407e-06	1.272283e-09	3.768180e+01	1.471740e+02
3.920000e-06	6.996087e-06	1.129190e-09	3.761556e+01	1.470162e+02
3.930000e-06	6.982934e-06	1.302608e-09	3.754484e+01	1.468524e+02
3.940000e-06	6.968896e-06	1.397821e-09	3.746936e+01	1.466828e+02
3.950000e-06	6.954296e-06	1.198950e-09	3.739086e+01	1.465077e+02
3.960000e-06	6.939088e-06	1.158398e-09	3.730910e+01	1.463273e+02
3.970000e-06	6.923287e-06	1.361934e-09	3.722414e+01	1.461418e+02
3.980000e-06	6.907047e-06	1.335578e-09	3.713682e+01	1.459516e+02
3.990000e-06	6.890444e-06	1.152585e-09	3.704755e+01	1.457566e+02
4.000000e-06	6.873418e-06	1.253393e-09	3.695601e+01	1.455571e+02
4.010000e-06	6.855840e-06	1.379148e-09	3.686150e+01	1.453533e+02
4.020000e-06	6.837707e-06	1.210128e-09	3.676401e+01	1.451452e+02
4.030000e-06	6.819053e-06	1.156589e-09	3.666371e+01	1.449329e+02
4.040000e-06	6.799922e-06	1.355768e-09	3.656085e+01	1.447165e+02
4.050000e-06	6.780341e-06	1.328219e-09	3.645557e+01	1.444961e+02
4.060000e-06	6.760309e-06	1.145501e-09	3.634787e+01	1.442717e+02
4.070000e-06	6.740036e-06	1.246700e-09	3.623886e+01	1.440434e+02
4.080000e-06	6.719511e-06	1.361999e-09	3.612851e+01	1.438111e+02
4.090000e-06	6.698575e-06	1.208445e-09	3.601594e+01	1.435748e+02
4.100000e-06	6.677034e-06	1.180411e-09	3.590012e+01	1.433347e+02
4.110000e-06	6.654624e-06	1.330045e-09	3.577963e+01	1.430906e+02
4.120000e-06	6.631417e-06	1.271214e-09	3.565485e+01	1.428426e+02
4.130000e-06	6.607686e-06	1.171287e-09	3.552726e+01	1.425907e+02
4.140000e-06	6.583593e-06	1.279422e-09	3.539772e+01	1.423349e+02
4.150000e-06	6.559107e-06	1.297204e-09	3.526607e+01	1.420752e+02
4.160000e-06	6.534227e-06	1.181436e-09	3.513230e+01	1.418115e+02
4.170000e-06	6.508949e-06	1.230708e-09	3.499639e+01	1.415440e+02
4.180000e-06	6.483187e-06	1.302066e-09	3.485788e+01	1.412726e+02
4.190000e-06	6.456950e-06	1.217968e-09	3.471681e+01	1.409972e+02
4.200000e-06	6.430168e-06	1.207183e-09	3.457281e+01	1.407180e+02
4.210000e-06	6.402846e-06	1.274639e-09	3.442591e+01	1.404348e+02
4.220000e-06	6.375107e-06	1.231503e-09	3.427676e+01	1.401477e+02
4.230000e-06	6.347080e-06	1.201210e-09	3.412607e+01	1.398566e+02
4.240000e-06	6.318780e-06	1.253738e-09	3.397391e+01	1.395614e+02
4.250000e-06	6.290235e-06	1.241037e-09	3.382044e+01	1.392621e+02
4.260000e-06	6.261285e-06	1.206165e-09	3.366478e+01	1.389585e+02
4.270000e-06	6.231625e-06	1.235642e-09	3.350531e+01	1.386506e+02
4.280000e-06	6.201310e-06	1.239171e-09	3.334232e+01	1.383380e+02
4.290000e-06	6.170374e-06	1.213400e-09	3.317598e+01	1.380207e+02
4.300000e-06	6.138779e-06	1.221443e-09	3.300611e+01	1.376984e+02
4.310000e-06	6.106677e-06	1.224255e-09	3.283351e+01	1.373708e+02
4.320000e-06	6.074223e-06	1.213184e-09	3.265902e+01	1.370375e+02
4.330000e-06	6.041399e-06	1.217731e-09	3.248253e+01	1.366983e+02
4.340000e-06	6.008188e-06	1.214426e-09	3.230397e+01	1.363527e+02
4.350000e-06	5.974655e-06	1.205824e-09	3.212367e+01	1.360002e+02
4.360000e-06	5.940716e-06	1.209949e-09	3.194120e+01	1.356405e+02
4.370000e-06	5.906270e-06	1.206889e-09	3.175599e+01	1.352730e+02
4.380000e-06	5.871418e-06	1.202869e-09	3.156860e+01	1.348972e+02
4.390000e-06	5.836234e-06	1.206313e-09	3.137943e+01	1.345126e+02
4.400000e-06	5.800686e-06	1.196602e-09	3.118830e+01	1.341186e+02
4.410000e-06	5.764817e-06	1.188835e-09	3.099545e+01	1.337147e+02
4.420000e-06	5.728616e-06	1.197261e-09	3.080080e+01	1.333003e+02
4.430000e-06	5.692005e-06	1.194585e-09	3.060396e+01	1.328749e+02
4.440000e-06	5.655101e-06	1.183285e-09	3.040554e+01	1.324381e+02
4.450000e-06	5.617763e-06	1.183755e-09	3.020479e+01	1.319892e+02
4.460000e-06	5.579770e-06	1.185457e-09	3.000051e+01	1.315280e+02
4.470000e-06	5.541139e-06	1.180711e-09	2.979280e+01	1.310539e+02
4.480000e-06	5.501889e-06	1.176615e-09	2.958177e+01	1.305667e+02
4.490000e-06	5.462184e-06	1.172026e-09	2.936829e+01	1.300661e+02
4.500000e-06	5.422102e-06	1.165535e-09	2.915278e+01	1.295518e+02
4.510000e-06	5.381663e-06	1.161927e-09	2.893536e+01	1.290238e+02
4.520000e-06	5.340947e-06	1.161025e-09	2.871644e+01	1.284819e+02
4.530000e-06	5.299913e-06	1.157817e-09	2.849582e+01	1.279261e+02
4.540000e-06	5.258575e-06	1.151398e-09	2.827355e+01	1.273565e+02
4.550000e-06	5.216909e-06	1.145479e-09	2.804953e+01	1.267733e+02
4.560000e-06	5.174793e-06	1.143108e-09	2.782309e+01	1.261768e+02
4.570000e-06	5.132339e-06	1.139342e-09	2.759483e+01	1.255672e+02
4.580000e-06	5.089577e-06	1.130512e-09	2.736491e+01	1.249448e+02
4.590000e-06	5.046377e-06	1.122008e-09	2.713264e+01	1.243102e+02
4.600000e-06	5.002820e-06	1.117857e-09	2.689845e+01	1.236637e+02
4.610000e-06	4.958933e-06	1.115379e-09	2.666248e+01	1.230060e+02
4.620000e-06	4.914817e-06	1.111083e-09	2.642528e+01	1.223376e+02
4.630000e-06	4.870488e-06	1.105357e-09	2.618694e+01	1.216590e+02
4.640000e-06	4.825920e-06	1.098643e-09	2.594732e+01	1.209709e+02
4.650000e-06	4.781083e-06	1.091513e-09	2.570624e+01	1.202738e+02
4.660000e-06	4.735970e-06	1.084981e-09	2.546369e+01	1.195684e+02
4.670000e-06	4.690544e-06	1.078247e-09	2.521945e+01	1.188551e+02
4.680000e-06	4.644638e-06	1.069921e-09	2.497263e+01	1.181346e+02
4.690000e-06	4.598303e-06	1.061828e-09	2.472350e+01	1.174073e+02
4.700000e-06	4.551687e-06	1.056711e-09	2.447286e+01	1.166735e+02
4.710000e-06	4.504693e-06	1.054427e-09	2.422019e+01	1.159338e+02
4.720000e-06	4.457431e-06	1.050939e-09	2.396608e+01	1.151884e+02
4.730000e-06	4.409923e-06	1.042713e-09	2.371064e+01	1.144374e+02
4.740000e-06	4.362060e-06	1.032349e-09	2.345330e+01	1.136811e+02
4.750000e-06	4.313849e-06	1.026376e-09	2.319409e+01	1.129194e+02
4.760000e-06	4.265182e-06	1.022970e-09	2.293242e+01	1.121524e+02
4.770000e-06	4.216159e-06	1.015337e-09	2.266884e+01	1.113798e+02
4.780000e-06	4.166806e-06	1.007404e-09	2.240349e+01	1.106016e+02
4.790000e-06	4.117147e-06	1.002872e-09	2.213649e+01	1.098173e+02
4.800000e-06	4.067156e-06	9.975663e-10	2.186770e+01	1.090266e+02
4.810000e-06	4.016883e-06	9.909623e-10	2.159740e+01	1.082291e+02
4.820000e-06	3.966315e-06	9.838200e-10	2.132551e+01	1.074242e+02
4.830000e-06	3.915344e-06	9.754465e-10	2.105146e+01	1.066114e+02
4.840000e-06	3.864116e-06	9.683679e-10	2.077603e+01	1.057901e+02
4.850000e-06	3.812575e-06	9.634261e-10	2.049891e+01	1.049596e+02
4.860000e-06	3.760741e-06	9.571636e-10	2.022022e+01	1.041193e+02
4.870000e-06	3.708711e-06	9.485776e-10	1.994047e+01	1.032684e+02
4.880000e-06	3.656381e-06	9.398973e-10	1.965911e+01	1.024064e+02
4.890000e-06	3.603678e-06	9.330206e-10	1.937574e+01	1.015325e+02
4.900000e-06	3.550578e-06	9.275557e-10	1.909024e+01	1.006462e+02
4.910000e-06	3.497251e-06	9.219494e-10	1.880352e+01	9.974676e+01
4.920000e-06	3.443648e-06	9.142317e-10	1.851531e+01	9.883374e+01
4.930000e-06	3.389628e-06	9.038412e-10	1.822487e+01	9.790660e+01
4.940000e-06	3.335240e-06	8.941596e-10	1.793244e+01	9.696492e+01
4.950000e-06	3.280471e-06	8.864485e-10	1.763797e+01	9.600834e+01
4.960000e-06	3.225327e-06	8.781573e-10	1.734148e+01	9.503655e+01
4.970000e-06	3.169810e-06	8.685139e-10	1.704298e+01	9.404936e+01
4.980000e-06	3.114051e-06	8.591108e-10	1.674319e+01	9.304662e+01
4.990000e-06	3.058099e-06	8.514827e-10	1.644235e+01	9.202826e+01
5.000000e-06	3.001970e-06	8.441898e-10	1.614056e+01	9.099432e+01
5.010000e-06	2.945709e-06	8.339755e-10	1.583807e+01	8.994486e+01
5.020000e-06	2.889267e-06	8.218792e-10	1.553460e+01	8.888005e+01
5.030000e-06	2.832661e-06	8.114480e-10	1.523025e+01	8.780010e+01
5.040000e-06	2.775970e-06	8.035174e-10	1.492544e+01	8.670526e+01
5.050000e-06	2.719223e-06	7.959519e-10	1.462033e+01	8.559585e+01
5.060000e-06	2.662227e-06	7.874031e-10	1.431388e+01	8.447220e+01
5.070000e-06	2.604995e-06	7.767077e-10	1.400616e+01	8.333466e+01
5.080000e-06	2.547652e-06	7.651669e-10	1.369785e+01	8.218362e+01
5.090000e-06	2.490157e-06	7.548043e-10	1.338872e+01	8.101944e+01
5.100000e-06	2.432547e-06	7.443566e-10	1.307897e+01	7.984247e+01
5.110000e-06	2.374688e-06	7.333904e-10	1.276788e+01	7.865307e+01
5.120000e-06	2.316505e-06	7.223181e-10	1.245505e+01	7.745152e+01
5.130000e-06	2.258213e-06	7.117245e-10	1.214163e+01	7.623811e+01
5.140000e-06	2.199831e-06	7.017649e-10	1.182774e+01	7.501304e+01
5.150000e-06	2.141202e-06	6.907772e-10	1.151251e+01	7.377647e+01
5.160000e-06	2.082417e-06	6.786561e-10	1.119644e+01	7.252848e+01
5.170000e-06	2.023518e-06	6.656721e-10	1.087976e+01	7.126912e+01
5.180000e-06	1.964465e-06	6.530543e-10	1.056225e+01	6.999832e+01
5.190000e-06	1.905361e-06	6.428703e-10	1.024447e+01	6.871596e+01
5.200000e-06	1.846093e-06	6.317819e-10	9.925806e+00	6.742186e+01
5.210000e-06	1.786595e-06	6.183315e-10	9.605908e+00	6.611573e+01
5.220000e-06	1.727007e-06	6.053358e-10	9.285523e+00	6.479724e+01
5.230000e-06	1.667341e-06	5.943607e-10	8.964721e+00	6.346599e+01
5.240000e-06	1.607525e-06	5.839109e-10	8.643111e+00	6.212151e+01
5.250000e-06	1.547621e-06	5.718577e-10	8.321028e+00	6.076328e+01
5.260000e-06	1.487637e-06	5.592454e-10	7.998512e+00	5.939074e+01
5.270000e-06	1.427535e-06	5.464047e-10	7.675367e+00	5.800328e+01
5.280000e-06	1.367317e-06	5.331903e-10	7.351597e+00	5.660029e+01
5.290000e-06	1.307133e-06	5.194042e-10	7.028004e+00	5.518111e+01
5.300000e-06	1.246991e-06	5.036690e-10	6.704643e+00	5.374510e+01
5.310000e-06	1.186767e-06	4.879327e-10	6.380838e+00	5.229161e+01
5.320000e-06	1.126460e-06	4.737704e-10	6.056590e+00	5.082001e+01
5.330000e-06	1.066079e-06	4.614965e-10	5.731943e+00	4.932969e+01
5.340000e-06	1.005646e-06	4.511182e-10	5.407013e+00	4.782011e+01
5.350000e-06	9.451321e-07	4.393186e-10	5.081651e+00	4.629072e+01
5.360000e-06	8.845520e-07	4.241082e-10	4.755933e+00	4.474107e+01
5.370000e-06	8.240642e-07	4.080583e-10	4.430711e+00	4.317077e+01
5.380000e-06	7.636249e-07	3.933238e-10	4.105749e+00	4.157946e+01
5.390000e-06	7.029259e-07	3.793432e-10	3.779391e+00	3.996692e+01
5.400000e-06	6.421557e-07	3.637737e-10	3.452651e+00	3.833296e+01
5.410000e-06	5.814692e-07	3.473701e-10	3.126360e+00	3.667750e+01
5.420000e-06	5.207233e-07	3.329205e-10	2.799751e+00	3.500056e+01
5.430000e-06	4.598581e-07	3.192233e-10	2.472499e+00	3.330223e+01
5.440000e-06	3.988638e-07	3.047244e-10	2.144554e+00	3.158270e+01
5.450000e-06	3.378431e-07	2.884663e-10	1.816466e+00	2.984226e+01
5.460000e-06	2.768862e-07	2.711056e-10	1.488722e+00	2.808128e+01
5.470000e-06	2.160872e-07	2.538724e-10	1.161827e+00	2.630024e+01
5.480000e-06	1.553746e-07	2.373532e-10	8.353961e-01	2.449969e+01
5.490000e-06	9.458233e-08	2.206220e-10	5.085368e-01	2.268027e+01
5.500000e-06	3.365142e-08	2.033687e-10	1.809322e-01	2.084270e+01
5.510000e-06	-2.725641e-08	1.863945e-10	-1.465484e-01	1.898776e+01
5.520000e-06	-8.810350e-08	1.697697e-10	-4.737023e-01	1.711634e+01
5.530000e-06	-1.490542e-07	1.538639e-10	-8.014131e-01	1.522936e+01
5.540000e-06	-2.100675e-07	1.376829e-10	-1.129461e+00	1.332781e+01
5.550000e-06	-2.710137e-07	1.202728e-10	-1.457148e+00	1.141275e+01
5.560000e-06	-3.317899e-07	1.016225e-10	-1.783921e+00	9.485264e+00
5.570000e-06	-3.925913e-07	8.288453e-11	-2.110829e+00	7.546502e+00
5.580000e-06	-4.534872e-07	6.507017e-11	-2.438245e+00	5.597647e+00
5.590000e-06	-5.143516e-07	4.653961e-11	-2.765492e+00	3.639916e+00
5.600000e-06	-5.751550e-07	2.810890e-11	-3.092411e+00	1.674558e+00
5.610000e-06	-6.357844e-07	1.065358e-11	-3.418395e+00	-2.971536e-01
5.620000e-06	-6.964204e-07	-7.111166e-12	-3.744414e+00	-2.273923e+00
5.630000e-06	-7.570730e-07	-2.479454e-11	-4.070522e+00	-4.254437e+00
5.640000e-06	-8.176602e-07	-4.388067e-11	-4.396278e+00	-6.237372e+00
5.650000e-06	-8.783179e-07	-6.478641e-11	-4.722414e+00	-8.221391e+00
5.660000e-06	-9.388733e-07	-8.478574e-11	-5.048000e+00	-1.020515e+01
5.670000e-06	-9.992729e-07	-1.024497e-10	-5.372748e+00	-1.218732e+01
5.680000e-06	-1.059691e-06	-1.183669e-10	-5.697594e+00	-1.416655e+01
5.690000e-06	-1.120120e-06	-1.353505e-10	-6.022504e+00	-1.614150e+01
5.700000e-06	-1.180447e-06	-1.544246e-10	-6.346857e+00	-1.811085e+01
5.710000e-06	-1.240630e-06	-1.739195e-10	-6.670442e+00	-2.007328e+01
5.720000e-06	-1.300793e-06	-1.920858e-10	-6.993917e+00	-2.202751e+01
5.730000e-06	-1.360898e-06	-2.095854e-10	-7.317081e+00	-2.397225e+01
5.740000e-06	-1.420903e-06	-2.276988e-10	-7.639707e+00	-2.590625e+01
5.750000e-06	-1.480913e-06	-2.455855e-10	-7.962361e+00	-2.782829e+01
5.760000e-06	-1.540936e-06	-2.633859e-10	-8.285086e+00	-2.973719e+01
5.770000e-06	-1.600857e-06	-2.808113e-10	-8.607257e+00	-3.163179e+01
5.780000e-06	-1.660574e-06	-2.983752e-10	-8.928338e+00	-3.351100e+01
5.790000e-06	-1.720056e-06	-3.167270e-10	-9.248152e+00	-3.537375e+01
5.800000e-06	-1.779417e-06	-3.354728e-10	-9.567313e+00	-3.721904e+01
5.810000e-06	-1.838711e-06	-3.535408e-10	-9.886117e+00	-3.904592e+01
5.820000e-06	-1.897808e-06	-3.700395e-10	-1.020386e+01	-4.085351e+01
5.830000e-06	-1.956819e-06	-3.867229e-10	-1.052115e+01	-4.264100e+01
5.840000e-06	-2.015699e-06	-4.050918e-10	-1.083772e+01	-4.440763e+01
5.850000e-06	-2.074354e-06	-4.229045e-10	-1.115309e+01	-4.615273e+01
5.860000e-06	-2.132961e-06	-4.383890e-10	-1.146820e+01	-4.787571e+01
5.870000e-06	-2.191465e-06	-4.529609e-10	-1.178276e+01	-4.957604e+01
5.880000e-06	-2.249683e-06	-4.683337e-10	-1.209577e+01	-5.125330e+01
5.890000e-06	-2.307753e-06	-4.833303e-10	-1.240800e+01	-5.290712e+01
5.900000e-06	-2.365738e-06	-4.977538e-10	-1.271976e+01	-5.453724e+01
5.910000e-06	-2.423512e-06	-5.126969e-10	-1.303039e+01	-5.614347e+01
5.920000e-06	-2.481041e-06	-5.271686e-10	-1.333970e+01	-5.772572e+01
5.930000e-06	-2.538320e-06	-5.416427e-10	-1.364767e+01	-5.928395e+01
5.940000e-06	-2.595524e-06	-5.570991e-10	-1.395525e+01	-6.081823e+01
5.950000e-06	-2.652541e-06	-5.729263e-10	-1.426181e+01	-6.232868e+01
5.960000e-06	-2.709290e-06	-5.878664e-10	-1.456693e+01	-6.381551e+01
5.970000e-06	-2.765883e-06	-6.015327e-10	-1.487120e+01	-6.527898e+01
5.980000e-06	-2.822307e-06	-6.144241e-10	-1.517458e+01	-6.671942e+01
5.990000e-06	-2.878638e-06	-6.270288e-10	-1.547745e+01	-6.813721e+01
6.000000e-06	-2.934826e-06	-6.395125e-10	-1.577955e+01	-6.953279e+01
6.010000e-06	-2.990840e-06	-6.520196e-10	-1.608072e+01	-7.090663e+01
6.020000e-06	-3.046695e-06	-6.637456e-10	-1.638104e+01	-7.225923e+01
6.030000e-06	-3.102444e-06	-6.749236e-10	-1.668078e+01	-7.359113e+01
6.040000e-06	-3.157856e-06	-6.871714e-10	-1.697871e+01	-7.490290e+01
6.050000e-06	-3.212763e-06	-6.996502e-10	-1.727393e+01	-7.619509e+01
6.060000e-06	-3.267394e-06	-7.113957e-10	-1.756766e+01	-7.746829e+01
6.070000e-06	-3.321757e-06	-7.231273e-10	-1.785995e+01	-7.872307e+01
6.080000e-06	-3.375883e-06	-7.342620e-10	-1.815096e+01	-7.996001e+01
6.090000e-06	-3.429742e-06	-7.454473e-10	-1.844055e+01	-8.117966e+01
6.100000e-06	-3.483104e-06	-7.579989e-10	-1.872746e+01	-8.238258e+01
6.110000e-06	-3.536038e-06	-7.698448e-10	-1.901207e+01	-8.356929e+01
6.120000e-06	-3.588700e-06	-7.796473e-10	-1.929521e+01	-8.474029e+01
6.130000e-06	-3.641101e-06	-7.894125e-10	-1.957695e+01	-8.589605e+01
6.140000e-06	-3.693211e-06	-8.005758e-10	-1.985713e+01	-8.703702e+01
6.150000e-06	-3.745088e-06	-8.118974e-10	-2.013605e+01	-8.816361e+01
6.160000e-06	-3.796739e-06	-8.223041e-10	-2.041377e+01	-8.927621e+01
6.170000e-06	-3.847971e-06	-8.323636e-10	-2.068922e+01	-9.037517e+01
6.180000e-06	-3.898851e-06	-8.422508e-10	-2.096279e+01	-9.146080e+01
6.190000e-06	-3.949587e-06	-8.505330e-10	-2.123557e+01	-9.253341e+01
6.200000e-06	-4.000074e-06	-8.581886e-10	-2.150703e+01	-9.359325e+01
6.210000e-06	-4.050306e-06	-8.663479e-10	-2.177711e+01	-9.464057e+01
6.220000e-06	-4.100248e-06	-8.745031e-10	-2.204563e+01	-9.567557e+01
6.230000e-06	-4.149580e-06	-8.828937e-10	-2.231087e+01	-9.669845e+01
6.240000e-06	-4.198229e-06	-8.915303e-10	-2.257244e+01	-9.770939e+01
6.250000e-06	-4.246436e-06	-9.007500e-10	-2.283163e+01	-9.870854e+01
6.260000e-06	-4.294360e-06	-9.097087e-10	-2.308930e+01	-9.969605e+01
6.270000e-06	-4.341936e-06	-9.170956e-10	-2.334510e+01	-1.006721e+02
6.280000e-06	-4.389173e-06	-9.248284e-10	-2.359908e+01	-1.016367e+02
6.290000e-06	-4.436127e-06	-9.350891e-10	-2.385153e+01	-1.025901e+02
6.300000e-06	-4.482839e-06	-9.456265e-10	-2.410269e+01	-1.035323e+02
6.310000e-06	-4.529427e-06	-9.538461e-10	-2.435318e+01	-1.044635e+02
6.320000e-06	-4.575811e-06	-9.609502e-10	-2.460257e+01	-1.053838e+02
6.330000e-06	-4.621746e-06	-9.688331e-10	-2.484954e+01	-1.062933e+02
6.340000e-06	-4.667339e-06	-9.771100e-10	-2.509468e+01	-1.071921e+02
6.350000e-06	-4.712690e-06	-9.856113e-10	-2.533852e+01	-1.080803e+02
6.360000e-06	-4.757699e-06	-9.937965e-10	-2.558052e+01	-1.089580e+02
6.370000e-06	-4.802427e-06	-1.001513e-09	-2.582101e+01	-1.098253e+02
6.380000e-06	-4.846860e-06	-1.009738e-09	-2.605991e+01	-1.106823e+02
6.390000e-06	-4.891042e-06	-1.018461e-09	-2.629745e+01	-1.115291e+02
6.400000e-06	-4.934967e-06	-1.025598e-09	-2.653363e+01	-1.123657e+02
6.410000e-06	-4.978610e-06	-1.030489e-09	-2.676828e+01	-1.131923e+02
6.420000e-06	-5.021965e-06	-1.036910e-09	-2.700138e+01	-1.140088e+02
6.430000e-06	-5.064932e-06	-1.044733e-09	-2.723240e+01	-1.148153e+02
6.440000e-06	-5.107584e-06	-1.052070e-09	-2.746173e+01	-1.156117e+02
6.450000e-06	-5.149896e-06	-1.059447e-09	-2.768923e+01	-1.163982e+02
6.460000e-06	-5.191826e-06	-1.066716e-09	-2.791467e+01	-1.171747e+02
6.470000e-06	-5.233414e-06	-1.074033e-09	-2.813827e+01	-1.179411e+02
6.480000e-06	-5.274615e-06	-1.080838e-09	-2.835980e+01	-1.186973e+02
6.490000e-06	-5.315472e-06	-1.086784e-09	-2.857947e+01	-1.194434e+02
6.500000e-06	-5.356072e-06	-1.092081e-09	-2.879776e+01	-1.201792e+02
6.510000e-06	-5.396453e-06	-1.096573e-09	-2.901488e+01	-1.209045e+02
6.520000e-06	-5.436537e-06	-1.102085e-09	-2.923040e+01	-1.216193e+02
6.530000e-06	-5.476155e-06	-1.108555e-09	-2.944341e+01	-1.223234e+02
6.540000e-06	-5.515305e-06	-1.114279e-09	-2.965390e+01	-1.230166e+02
6.550000e-06	-5.553977e-06	-1.120505e-09	-2.986183e+01	-1.236988e+02
6.560000e-06	-5.591940e-06	-1.127364e-09	-3.006594e+01	-1.243699e+02
6.570000e-06	-5.629273e-06	-1.133610e-09	-3.026667e+01	-1.250295e+02
6.580000e-06	-5.666175e-06	-1.138635e-09	-3.046508e+01	-1.256777e+02
6.590000e-06	-5.702714e-06	-1.143568e-09	-3.066154e+01	-1.263143e+02
6.600000e-06	-5.738929e-06	-1.149266e-09	-3.085625e+01	-1.269391e+02
6.610000e-06	-5.774842e-06	-1.155065e-09	-3.104934e+01	-1.275519e+02
6.620000e-06	-5.810435e-06	-1.160829e-09	-3.124072e+01	-1.281528e+02
6.630000e-06	-5.845605e-06	-1.166200e-09	-3.142981e+01	-1.287416e+02
6.640000e-06	-5.880350e-06	-1.170003e-09	-3.161663e+01	-1.293182e+02
6.650000e-06	-5.914718e-06	-1.173437e-09	-3.180141e+01	-1.298828e+02
6.660000e-06	-5.948720e-06	-1.179007e-09	-3.198423e+01	-1.304352e+02
6.670000e-06	-5.982284e-06	-1.184876e-09	-3.216469e+01	-1.309755e+02
6.680000e-06	-6.015414e-06	-1.189288e-09	-3.234282e+01	-1.315039e+02
6.690000e-06	-6.048174e-06	-1.192346e-09	-3.251896e+01	-1.320204e+02
6.700000e-06	-6.080513e-06	-1.194499e-09	-3.269284e+01	-1.325251e+02
6.710000e-06	-6.112574e-06	-1.197433e-09	-3.286521e+01	-1.330184e+02
6.720000e-06	-6.144370e-06	-1.201252e-09	-3.303617e+01	-1.335003e+02
6.730000e-06	-6.175670e-06	-1.205139e-09	-3.320446e+01	-1.339712e+02
6.740000e-06	-6.206320e-06	-1.209268e-09	-3.336926e+01	-1.344313e+02
6.750000e-06	-6.236039e-06	-1.214581e-09	-3.352905e+01	-1.348808e+02
6.760000e-06	-6.265012e-06	-1.220130e-09	-3.368482e+01	-1.353202e+02
6.770000e-06	-6.293666e-06	-1.222869e-09	-3.383888e+01	-1.357497e+02
6.780000e-06	-6.322057e-06	-1.223777e-09	-3.399153e+01	-1.361696e+02
6.790000e-06	-6.350146e-06	-1.225727e-09	-3.414256e+01	-1.365802e+02
6.800000e-06	-6.377833e-06	-1.227240e-09	-3.429142e+01	-1.369820e+02
6.810000e-06	-6.405014e-06	-1.228754e-09	-3.443756e+01	-1.373752e+02
6.820000e-06	-6.431650e-06	-1.231457e-09	-3.458078e+01	-1.377600e+02
6.830000e-06	-6.457952e-06	-1.234442e-09	-3.472220e+01	-1.381369e+02
6.840000e-06	-6.483907e-06	-1.237717e-09	-3.486174e+01	-1.385061e+02
6.850000e-06	-6.509224e-06	-1.239757e-09	-3.499786e+01	-1.388677e+02
6.860000e-06	-6.533954e-06	-1.240747e-09	-3.513083e+01	-1.392222e+02
6.870000e-06	-6.558455e-06	-1.242210e-09	-3.526256e+01	-1.395695e+02
6.880000e-06	-6.582791e-06	-1.244677e-09	-3.539341e+01	-1.399100e+02
6.890000e-06	-6.606715e-06	-1.248775e-09	-3.552204e+01	-1.402436e+02
6.900000e-06	-6.630085e-06	-1.252283e-09	-3.564769e+01	-1.405707e+02
6.910000e-06	-6.652793e-06	-1.253845e-09	-3.576978e+01	-1.408911e+02
6.920000e-06	-6.674883e-06	-1.255229e-09	-3.588856e+01	-1.412050e+02
6.930000e-06	-6.696327e-06	-1.256089e-09	-3.600386e+01	-1.415123e+02
6.940000e-06	-6.717192e-06	-1.257272e-09	-3.611604e+01	-1.418131e+02
6.950000e-06	-6.737626e-06	-1.259356e-09	-3.622590e+01	-1.421074e+02
6.960000e-06	-6.757668e-06	-1.261005e-09	-3.633366e+01	-1.423951e+02
6.970000e-06	-6.777290e-06	-1.263320e-09	-3.643917e+01	-1.426761e+02
6.980000e-06	-6.796419e-06	-1.265589e-09	-3.654202e+01	-1.429504e+02
6.990000e-06	-6.815077e-06	-1.266762e-09	-3.664233e+01	-1.432180e+02
7.000000e-06	-6.833347e-06	-1.268279e-09	-3.674057e+01	-1.434787e+02
7.010000e-06	-6.851136e-06	-1.269600e-09	-3.683621e+01	-1.437325e+02
7.020000e-06	-6.868363e-06	-1.271871e-09	-3.692883e+01	-1.439793e+02
7.030000e-06	-6.885175e-06	-1.274941e-09	-3.701922e+01	-1.442191e+02
7.040000e-06	-6.901683e-06	-1.275801e-09	-3.710798e+01	-1.444519e+02
7.050000e-06	-6.917877e-06	-1.274792e-09	-3.719505e+01	-1.446776e+02
7.060000e-06	-6.933678e-06	-1.274359e-09	-3.728001e+01	-1.448963e+02
7.070000e-06	-6.948902e-06	-1.275898e-09	-3.736186e+01	-1.451079e+02
7.080000e-06	-6.963179e-06	-1.278140e-09	-3.743862e+01	-1.453125e+02
7.090000e-06	-6.976581e-06	-1.280716e-09	-3.751069e+01	-1.455101e+02
7.100000e-06	-6.989365e-06	-1.282746e-09	-3.757942e+01	-1.457009e+02
7.110000e-06	-7.001625e-06	-1.283157e-09	-3.764534e+01	-1.458849e+02
7.120000e-06	-7.013404e-06	-1.282270e-09	-3.770867e+01	-1.460622e+02
7.130000e-06	-7.024647e-06	-1.281437e-09	-3.776912e+01	-1.462330e+02
7.140000e-06	-7.035288e-06	-1.281138e-09	-3.782633e+01	-1.463973e+02
7.150000e-06	-7.045444e-06	-1.280222e-09	-3.788094e+01	-1.465554e+02
7.160000e-06	-7.055180e-06	-1.280242e-09	-3.793328e+01	-1.467072e+02
7.170000e-06	-7.064427e-06	-1.281598e-09	-3.798300e+01	-1.468531e+02
7.180000e-06	-7.073260e-06	-1.282574e-09	-3.803049e+01	-1.469930e+02
7.190000e-06	-7.081781e-06	-1.283349e-09	-3.807631e+01	-1.471271e+02
7.200000e-06	-7.090011e-06	-1.284062e-09	-3.812056e+01	-1.472556e+02
7.210000e-06	-7.097763e-06	-1.284863e-09	-3.816224e+01	-1.473784e+02
7.220000e-06	-7.104782e-06	-1.284942e-09	-3.819998e+01	-1.474956e+02
7.230000e-06	-7.110973e-06	-1.284049e-09	-3.823327e+01	-1.476073e+02
7.240000e-06	-7.116470e-06	-1.283805e-09	-3.826282e+01	-1.477135e+02
7.250000e-06	-7.121350e-06	-1.283610e-09	-3.828906e+01	-1.478142e+02
7.260000e-06	-7.125756e-06	-1.283277e-09	-3.831275e+01	-1.479092e+02
7.270000e-06	-7.129882e-06	-1.283261e-09	-3.833493e+01	-1.479986e+02
7.280000e-06	-7.133592e-06	-1.283586e-09	-3.835488e+01	-1.480822e+02
7.290000e-06	-7.136852e-06	-1.284433e-09	-3.837240e+01	-1.481599e+02
7.300000e-06	-7.139683e-06	-1.284530e-09	-3.838763e+01	-1.482315e+02
7.310000e-06	-7.142112e-06	-1.283115e-09	-3.840069e+01	-1.482968e+02
7.320000e-06	-7.144041e-06	-1.282362e-09	-3.841106e+01	-1.483557e+02
7.330000e-06	-7.145280e-06	-1.283567e-09	-3.841772e+01	-1.484079e+02
7.340000e-06	-7.146009e-06	-1.284038e-09	-3.842164e+01	-1.484531e+02
