# Temperatura_=_20.0
# Concentracion g/m^3_=_7400.0
# C_Vs_to_Am_M_A/Vsm_=_116720831517.84952
# pendiente_HvsI_1/m_=_3716.3
# ordenada_HvsI_A/m_=_1297.0
# frecuencia_Hz_=_136116.79169669445

Tiempo_(s)	Campo_(V.s)	Magnetizacion_(V.s)	Campo_(kA/m)	Magnetizacion_(A/m)
0.000000e+00	-7.136971e-06	-1.643038e-09	-3.842500e+01	-1.914126e+02
1.000000e-08	-7.137171e-06	-1.641757e-09	-3.842608e+01	-1.914295e+02
2.000000e-08	-7.136968e-06	-1.642595e-09	-3.842498e+01	-1.914365e+02
3.000000e-08	-7.136282e-06	-1.643424e-09	-3.842129e+01	-1.914337e+02
4.000000e-08	-7.135110e-06	-1.641818e-09	-3.841498e+01	-1.914210e+02
5.000000e-08	-7.133309e-06	-1.639312e-09	-3.840528e+01	-1.913987e+02
6.000000e-08	-7.130702e-06	-1.635916e-09	-3.839125e+01	-1.913668e+02
7.000000e-08	-7.127349e-06	-1.628740e-09	-3.837320e+01	-1.913255e+02
8.000000e-08	-7.123577e-06	-1.636001e-09	-3.835289e+01	-1.912749e+02
9.000000e-08	-7.119468e-06	-1.674738e-09	-3.833076e+01	-1.912154e+02
1.000000e-07	-7.114714e-06	-1.668714e-09	-3.830517e+01	-1.911470e+02
1.100000e-07	-7.109160e-06	-1.564403e-09	-3.827527e+01	-1.910700e+02
1.200000e-07	-7.103062e-06	-1.543049e-09	-3.824243e+01	-1.909848e+02
1.300000e-07	-7.096864e-06	-1.699006e-09	-3.820907e+01	-1.908915e+02
1.400000e-07	-7.090503e-06	-1.745358e-09	-3.817482e+01	-1.907906e+02
1.500000e-07	-7.083533e-06	-1.550628e-09	-3.813730e+01	-1.906823e+02
1.600000e-07	-7.075859e-06	-1.499073e-09	-3.809598e+01	-1.905670e+02
1.700000e-07	-7.067829e-06	-1.734491e-09	-3.805275e+01	-1.904451e+02
1.800000e-07	-7.059514e-06	-1.767658e-09	-3.800798e+01	-1.903168e+02
1.900000e-07	-7.050598e-06	-1.482187e-09	-3.795997e+01	-1.901827e+02
2.000000e-07	-7.040968e-06	-1.455159e-09	-3.790812e+01	-1.900429e+02
2.100000e-07	-7.030785e-06	-1.755443e-09	-3.785330e+01	-1.898980e+02
2.200000e-07	-7.020017e-06	-1.758726e-09	-3.779533e+01	-1.897483e+02
2.300000e-07	-7.008498e-06	-1.481982e-09	-3.773331e+01	-1.895941e+02
2.400000e-07	-6.996274e-06	-1.515871e-09	-3.766750e+01	-1.894358e+02
2.500000e-07	-6.983579e-06	-1.732606e-09	-3.759915e+01	-1.892736e+02
2.600000e-07	-6.970407e-06	-1.633250e-09	-3.752823e+01	-1.891080e+02
2.700000e-07	-6.956647e-06	-1.478723e-09	-3.745415e+01	-1.889390e+02
2.800000e-07	-6.942358e-06	-1.617887e-09	-3.737722e+01	-1.887671e+02
2.900000e-07	-6.927455e-06	-1.683568e-09	-3.729698e+01	-1.885923e+02
3.000000e-07	-6.911738e-06	-1.527856e-09	-3.721236e+01	-1.884149e+02
3.100000e-07	-6.895190e-06	-1.558013e-09	-3.712327e+01	-1.882350e+02
3.200000e-07	-6.878230e-06	-1.690501e-09	-3.703196e+01	-1.880526e+02
3.300000e-07	-6.860901e-06	-1.552027e-09	-3.693866e+01	-1.878678e+02
3.400000e-07	-6.843178e-06	-1.459451e-09	-3.684324e+01	-1.876805e+02
3.500000e-07	-6.825161e-06	-1.660309e-09	-3.674624e+01	-1.874908e+02
3.600000e-07	-6.806668e-06	-1.685048e-09	-3.664667e+01	-1.872985e+02
3.700000e-07	-6.787538e-06	-1.465810e-09	-3.654367e+01	-1.871035e+02
3.800000e-07	-6.767811e-06	-1.509976e-09	-3.643747e+01	-1.869055e+02
3.900000e-07	-6.747804e-06	-1.679251e-09	-3.632975e+01	-1.867044e+02
4.000000e-07	-6.727588e-06	-1.564415e-09	-3.622091e+01	-1.864999e+02
4.100000e-07	-6.706918e-06	-1.468117e-09	-3.610962e+01	-1.862916e+02
4.200000e-07	-6.685689e-06	-1.604410e-09	-3.599533e+01	-1.860793e+02
4.300000e-07	-6.663998e-06	-1.607651e-09	-3.587855e+01	-1.858625e+02
4.400000e-07	-6.641895e-06	-1.494494e-09	-3.575954e+01	-1.856409e+02
4.500000e-07	-6.619326e-06	-1.560952e-09	-3.563803e+01	-1.854141e+02
4.600000e-07	-6.596235e-06	-1.602478e-09	-3.551371e+01	-1.851815e+02
4.700000e-07	-6.572657e-06	-1.490391e-09	-3.538677e+01	-1.849429e+02
4.800000e-07	-6.548674e-06	-1.512486e-09	-3.525765e+01	-1.846978e+02
4.900000e-07	-6.524423e-06	-1.611311e-09	-3.512708e+01	-1.844458e+02
5.000000e-07	-6.499746e-06	-1.538159e-09	-3.499422e+01	-1.841864e+02
5.100000e-07	-6.474533e-06	-1.481032e-09	-3.485848e+01	-1.839192e+02
5.200000e-07	-6.448605e-06	-1.557392e-09	-3.471888e+01	-1.836439e+02
5.300000e-07	-6.421810e-06	-1.551234e-09	-3.457462e+01	-1.833602e+02
5.400000e-07	-6.394302e-06	-1.488462e-09	-3.442652e+01	-1.830677e+02
5.500000e-07	-6.366401e-06	-1.523165e-09	-3.427630e+01	-1.827661e+02
5.600000e-07	-6.338347e-06	-1.541120e-09	-3.412526e+01	-1.824552e+02
5.700000e-07	-6.310013e-06	-1.495206e-09	-3.397271e+01	-1.821348e+02
5.800000e-07	-6.281190e-06	-1.505114e-09	-3.381753e+01	-1.818047e+02
5.900000e-07	-6.251822e-06	-1.527252e-09	-3.365942e+01	-1.814647e+02
6.000000e-07	-6.222022e-06	-1.492025e-09	-3.349897e+01	-1.811149e+02
6.100000e-07	-6.191822e-06	-1.482665e-09	-3.333638e+01	-1.807552e+02
6.200000e-07	-6.161244e-06	-1.506955e-09	-3.317175e+01	-1.803855e+02
6.300000e-07	-6.130283e-06	-1.497019e-09	-3.300506e+01	-1.800058e+02
6.400000e-07	-6.098941e-06	-1.482454e-09	-3.283631e+01	-1.796164e+02
6.500000e-07	-6.067231e-06	-1.489498e-09	-3.266559e+01	-1.792172e+02
6.600000e-07	-6.035139e-06	-1.483343e-09	-3.249281e+01	-1.788084e+02
6.700000e-07	-6.002734e-06	-1.471856e-09	-3.231834e+01	-1.783901e+02
6.800000e-07	-5.970025e-06	-1.474584e-09	-3.214223e+01	-1.779625e+02
6.900000e-07	-5.936678e-06	-1.473705e-09	-3.196270e+01	-1.775258e+02
7.000000e-07	-5.902537e-06	-1.465235e-09	-3.177889e+01	-1.770801e+02
7.100000e-07	-5.867694e-06	-1.459358e-09	-3.159130e+01	-1.766257e+02
7.200000e-07	-5.832308e-06	-1.455019e-09	-3.140078e+01	-1.761627e+02
7.300000e-07	-5.796654e-06	-1.452585e-09	-3.120882e+01	-1.756912e+02
7.400000e-07	-5.760756e-06	-1.449663e-09	-3.101555e+01	-1.752115e+02
7.500000e-07	-5.724618e-06	-1.442448e-09	-3.082098e+01	-1.747238e+02
7.600000e-07	-5.688065e-06	-1.437384e-09	-3.062418e+01	-1.742280e+02
7.700000e-07	-5.651068e-06	-1.436857e-09	-3.042499e+01	-1.737243e+02
7.800000e-07	-5.613615e-06	-1.433338e-09	-3.022335e+01	-1.732129e+02
7.900000e-07	-5.575698e-06	-1.424540e-09	-3.001920e+01	-1.726937e+02
8.000000e-07	-5.537311e-06	-1.414952e-09	-2.981253e+01	-1.721667e+02
8.100000e-07	-5.498537e-06	-1.407565e-09	-2.960378e+01	-1.716320e+02
8.200000e-07	-5.459446e-06	-1.404398e-09	-2.939331e+01	-1.710895e+02
8.300000e-07	-5.419926e-06	-1.402423e-09	-2.918054e+01	-1.705392e+02
8.400000e-07	-5.380170e-06	-1.397073e-09	-2.896650e+01	-1.699810e+02
8.500000e-07	-5.340218e-06	-1.389665e-09	-2.875140e+01	-1.694147e+02
8.600000e-07	-5.300013e-06	-1.384184e-09	-2.853494e+01	-1.688403e+02
8.700000e-07	-5.259496e-06	-1.380064e-09	-2.831679e+01	-1.682576e+02
8.800000e-07	-5.218558e-06	-1.374516e-09	-2.809639e+01	-1.676665e+02
8.900000e-07	-5.177055e-06	-1.365648e-09	-2.787294e+01	-1.670668e+02
9.000000e-07	-5.134840e-06	-1.356000e-09	-2.764565e+01	-1.664583e+02
9.100000e-07	-5.091923e-06	-1.350027e-09	-2.741459e+01	-1.658409e+02
9.200000e-07	-5.048487e-06	-1.346947e-09	-2.718073e+01	-1.652144e+02
9.300000e-07	-5.004716e-06	-1.342282e-09	-2.694507e+01	-1.645787e+02
9.400000e-07	-4.960737e-06	-1.336324e-09	-2.670830e+01	-1.639336e+02
9.500000e-07	-4.916669e-06	-1.330817e-09	-2.647104e+01	-1.632790e+02
9.600000e-07	-4.872233e-06	-1.325427e-09	-2.623180e+01	-1.626147e+02
9.700000e-07	-4.827286e-06	-1.319099e-09	-2.598980e+01	-1.619408e+02
9.800000e-07	-4.782109e-06	-1.311046e-09	-2.574657e+01	-1.612570e+02
9.900000e-07	-4.736649e-06	-1.301865e-09	-2.550182e+01	-1.605633e+02
1.000000e-06	-4.690874e-06	-1.294456e-09	-2.525537e+01	-1.598597e+02
1.010000e-06	-4.644849e-06	-1.290221e-09	-2.500757e+01	-1.591461e+02
1.020000e-06	-4.598498e-06	-1.286246e-09	-2.475802e+01	-1.584225e+02
1.030000e-06	-4.551841e-06	-1.280007e-09	-2.450682e+01	-1.576888e+02
1.040000e-06	-4.504855e-06	-1.272267e-09	-2.425385e+01	-1.569451e+02
1.050000e-06	-4.457474e-06	-1.265847e-09	-2.399876e+01	-1.561912e+02
1.060000e-06	-4.409755e-06	-1.260284e-09	-2.374184e+01	-1.554272e+02
1.070000e-06	-4.361762e-06	-1.254363e-09	-2.348345e+01	-1.546531e+02
1.080000e-06	-4.313530e-06	-1.248350e-09	-2.322377e+01	-1.538687e+02
1.090000e-06	-4.265129e-06	-1.241995e-09	-2.296319e+01	-1.530740e+02
1.100000e-06	-4.216534e-06	-1.234939e-09	-2.270155e+01	-1.522690e+02
1.110000e-06	-4.167509e-06	-1.227901e-09	-2.243761e+01	-1.514534e+02
1.120000e-06	-4.117856e-06	-1.220487e-09	-2.217028e+01	-1.506272e+02
1.130000e-06	-4.067684e-06	-1.212351e-09	-2.190015e+01	-1.497901e+02
1.140000e-06	-4.016995e-06	-1.204976e-09	-2.162725e+01	-1.489419e+02
1.150000e-06	-3.965783e-06	-1.199885e-09	-2.135152e+01	-1.480824e+02
1.160000e-06	-3.914296e-06	-1.194985e-09	-2.107432e+01	-1.472113e+02
1.170000e-06	-3.862582e-06	-1.187128e-09	-2.079590e+01	-1.463282e+02
1.180000e-06	-3.810601e-06	-1.177573e-09	-2.051603e+01	-1.454328e+02
1.190000e-06	-3.758370e-06	-1.168593e-09	-2.023482e+01	-1.445247e+02
1.200000e-06	-3.705880e-06	-1.161204e-09	-1.995222e+01	-1.436034e+02
1.210000e-06	-3.653040e-06	-1.154741e-09	-1.966773e+01	-1.426686e+02
1.220000e-06	-3.599964e-06	-1.147233e-09	-1.938198e+01	-1.417196e+02
1.230000e-06	-3.546645e-06	-1.139165e-09	-1.909492e+01	-1.407561e+02
1.240000e-06	-3.492958e-06	-1.130836e-09	-1.880586e+01	-1.397775e+02
1.250000e-06	-3.439046e-06	-1.123146e-09	-1.851561e+01	-1.387834e+02
1.260000e-06	-3.385045e-06	-1.115940e-09	-1.822487e+01	-1.377733e+02
1.270000e-06	-3.330898e-06	-1.106486e-09	-1.793334e+01	-1.367468e+02
1.280000e-06	-3.276533e-06	-1.096240e-09	-1.764065e+01	-1.357034e+02
1.290000e-06	-3.221911e-06	-1.088040e-09	-1.734657e+01	-1.346427e+02
1.300000e-06	-3.166990e-06	-1.080885e-09	-1.705087e+01	-1.335644e+02
1.310000e-06	-3.111788e-06	-1.071810e-09	-1.675367e+01	-1.324682e+02
1.320000e-06	-3.056303e-06	-1.061564e-09	-1.645494e+01	-1.313539e+02
1.330000e-06	-3.000640e-06	-1.051988e-09	-1.615526e+01	-1.302212e+02
1.340000e-06	-2.944919e-06	-1.042684e-09	-1.585526e+01	-1.290701e+02
1.350000e-06	-2.889126e-06	-1.034234e-09	-1.555487e+01	-1.279005e+02
1.360000e-06	-2.833156e-06	-1.026073e-09	-1.525353e+01	-1.267123e+02
1.370000e-06	-2.777006e-06	-1.016287e-09	-1.495123e+01	-1.255057e+02
1.380000e-06	-2.720747e-06	-1.006175e-09	-1.464833e+01	-1.242808e+02
1.390000e-06	-2.664271e-06	-9.974039e-10	-1.434427e+01	-1.230378e+02
1.400000e-06	-2.607572e-06	-9.887988e-10	-1.403900e+01	-1.217768e+02
1.410000e-06	-2.550690e-06	-9.781861e-10	-1.373275e+01	-1.204982e+02
1.420000e-06	-2.493583e-06	-9.671803e-10	-1.342529e+01	-1.192022e+02
1.430000e-06	-2.436190e-06	-9.579564e-10	-1.311629e+01	-1.178892e+02
1.440000e-06	-2.378468e-06	-9.481629e-10	-1.280552e+01	-1.165593e+02
1.450000e-06	-2.320391e-06	-9.365357e-10	-1.249284e+01	-1.152129e+02
1.460000e-06	-2.262060e-06	-9.246001e-10	-1.217879e+01	-1.138503e+02
1.470000e-06	-2.203499e-06	-9.126453e-10	-1.186350e+01	-1.124716e+02
1.480000e-06	-2.144579e-06	-9.011234e-10	-1.154628e+01	-1.110769e+02
1.490000e-06	-2.085428e-06	-8.900578e-10	-1.122781e+01	-1.096663e+02
1.500000e-06	-2.026186e-06	-8.784526e-10	-1.090886e+01	-1.082398e+02
1.510000e-06	-1.966883e-06	-8.659015e-10	-1.058957e+01	-1.067971e+02
1.520000e-06	-1.907390e-06	-8.533556e-10	-1.026927e+01	-1.053380e+02
1.530000e-06	-1.847700e-06	-8.422830e-10	-9.947899e+00	-1.038621e+02
1.540000e-06	-1.787936e-06	-8.312338e-10	-9.626133e+00	-1.023687e+02
1.550000e-06	-1.728153e-06	-8.192004e-10	-9.304264e+00	-1.008571e+02
1.560000e-06	-1.668295e-06	-8.063590e-10	-8.981997e+00	-9.932646e+01
1.570000e-06	-1.608379e-06	-7.931730e-10	-8.659410e+00	-9.777559e+01
1.580000e-06	-1.548429e-06	-7.805381e-10	-8.336641e+00	-9.620326e+01
1.590000e-06	-1.488355e-06	-7.672288e-10	-8.013210e+00	-9.460807e+01
1.600000e-06	-1.428211e-06	-7.526942e-10	-7.689396e+00	-9.298843e+01
1.610000e-06	-1.368007e-06	-7.387507e-10	-7.365262e+00	-9.134261e+01
1.620000e-06	-1.307746e-06	-7.260206e-10	-7.040824e+00	-8.966873e+01
1.630000e-06	-1.247486e-06	-7.136885e-10	-6.716385e+00	-8.796481e+01
1.640000e-06	-1.187151e-06	-6.999448e-10	-6.391546e+00	-8.622874e+01
1.650000e-06	-1.126782e-06	-6.845087e-10	-6.066521e+00	-8.445835e+01
1.660000e-06	-1.066413e-06	-6.696206e-10	-5.741499e+00	-8.265141e+01
1.670000e-06	-1.005908e-06	-6.560758e-10	-5.415744e+00	-8.080566e+01
1.680000e-06	-9.452824e-07	-6.425230e-10	-5.089341e+00	-7.891884e+01
1.690000e-06	-8.846229e-07	-6.268607e-10	-4.762754e+00	-7.698873e+01
1.700000e-06	-8.239439e-07	-6.099382e-10	-4.436062e+00	-7.501316e+01
1.710000e-06	-7.631647e-07	-5.940895e-10	-4.108830e+00	-7.299008e+01
1.720000e-06	-7.022492e-07	-5.789283e-10	-3.780865e+00	-7.091754e+01
1.730000e-06	-6.412256e-07	-5.632344e-10	-3.452318e+00	-6.879379e+01
1.740000e-06	-5.801110e-07	-5.461127e-10	-3.123281e+00	-6.661725e+01
1.750000e-06	-5.189748e-07	-5.282664e-10	-2.794128e+00	-6.438658e+01
1.760000e-06	-4.578533e-07	-5.107575e-10	-2.465053e+00	-6.210070e+01
1.770000e-06	-3.967158e-07	-4.926473e-10	-2.135893e+00	-5.975880e+01
1.780000e-06	-3.355812e-07	-4.723960e-10	-1.806748e+00	-5.736039e+01
1.790000e-06	-2.743743e-07	-4.509839e-10	-1.477214e+00	-5.490529e+01
1.800000e-06	-2.130415e-07	-4.300842e-10	-1.147002e+00	-5.239369e+01
1.810000e-06	-1.517512e-07	-4.097253e-10	-8.170188e-01	-4.982612e+01
1.820000e-06	-9.053293e-08	-3.893625e-10	-4.874236e-01	-4.720348e+01
1.830000e-06	-2.937173e-08	-3.673465e-10	-1.581355e-01	-4.452704e+01
1.840000e-06	3.181604e-08	-3.431800e-10	1.712955e-01	-4.179843e+01
1.850000e-06	9.308518e-08	-3.186172e-10	5.011648e-01	-3.901968e+01
1.860000e-06	1.543202e-07	-2.951726e-10	8.308500e-01	-3.619313e+01
1.870000e-06	2.155623e-07	-2.719273e-10	1.160574e+00	-3.332150e+01
1.880000e-06	2.768938e-07	-2.471513e-10	1.490779e+00	-3.040782e+01
1.890000e-06	3.382404e-07	-2.211203e-10	1.821065e+00	-2.745541e+01
1.900000e-06	3.995044e-07	-1.957331e-10	2.150906e+00	-2.446789e+01
1.910000e-06	4.606435e-07	-1.710159e-10	2.480075e+00	-2.144910e+01
1.920000e-06	5.217145e-07	-1.460926e-10	2.808878e+00	-1.840312e+01
1.930000e-06	5.828307e-07	-1.211895e-10	3.137924e+00	-1.533417e+01
1.940000e-06	6.438848e-07	-9.572208e-11	3.466635e+00	-1.224665e+01
1.950000e-06	7.049014e-07	-6.901005e-11	3.795145e+00	-9.145047e+00
1.960000e-06	7.658547e-07	-4.168457e-11	4.123313e+00	-6.033893e+00
1.970000e-06	8.265606e-07	-1.483596e-11	4.450150e+00	-2.917759e+00
1.980000e-06	8.872235e-07	1.114021e-11	4.776755e+00	1.988106e-01
1.990000e-06	9.479425e-07	3.706767e-11	5.103663e+00	3.311331e+00
2.000000e-06	1.008568e-06	6.367031e-11	5.430068e+00	6.415415e+00
2.010000e-06	1.069096e-06	8.965244e-11	5.755944e+00	9.506812e+00
2.020000e-06	1.129528e-06	1.149251e-10	6.081307e+00	1.258144e+01
2.030000e-06	1.189978e-06	1.401249e-10	6.406768e+00	1.563542e+01
2.040000e-06	1.250422e-06	1.641192e-10	6.732193e+00	1.866509e+01
2.050000e-06	1.310656e-06	1.879215e-10	7.056488e+00	2.166707e+01
2.060000e-06	1.370782e-06	2.125218e-10	7.380205e+00	2.463825e+01
2.070000e-06	1.430884e-06	2.365707e-10	7.703788e+00	2.757579e+01
2.080000e-06	1.490900e-06	2.606865e-10	8.026913e+00	3.047718e+01
2.090000e-06	1.550856e-06	2.840460e-10	8.349710e+00	3.334024e+01
2.100000e-06	1.610740e-06	3.054000e-10	8.672124e+00	3.616308e+01
2.110000e-06	1.670580e-06	3.266373e-10	8.994295e+00	3.894418e+01
2.120000e-06	1.730403e-06	3.484519e-10	9.316379e+00	4.168229e+01
2.130000e-06	1.790166e-06	3.703720e-10	9.638143e+00	4.437653e+01
2.140000e-06	1.849769e-06	3.921401e-10	9.959038e+00	4.702628e+01
2.150000e-06	1.909229e-06	4.128973e-10	1.027917e+01	4.963123e+01
2.160000e-06	1.968706e-06	4.326695e-10	1.059939e+01	5.219135e+01
2.170000e-06	2.028106e-06	4.529822e-10	1.091919e+01	5.470686e+01
2.180000e-06	2.087271e-06	4.734030e-10	1.123774e+01	5.717822e+01
2.190000e-06	2.146222e-06	4.926448e-10	1.155513e+01	5.960608e+01
2.200000e-06	2.204908e-06	5.111269e-10	1.187109e+01	6.199130e+01
2.210000e-06	2.263340e-06	5.291325e-10	1.218568e+01	6.433488e+01
2.220000e-06	2.321456e-06	5.474471e-10	1.249857e+01	6.663796e+01
2.230000e-06	2.379267e-06	5.652075e-10	1.280982e+01	6.890180e+01
2.240000e-06	2.436890e-06	5.817728e-10	1.312006e+01	7.112772e+01
2.250000e-06	2.494069e-06	5.991211e-10	1.342791e+01	7.331710e+01
2.260000e-06	2.550825e-06	6.173003e-10	1.373348e+01	7.547134e+01
2.270000e-06	2.607389e-06	6.346866e-10	1.403802e+01	7.759186e+01
2.280000e-06	2.663739e-06	6.503756e-10	1.434140e+01	7.968006e+01
2.290000e-06	2.719958e-06	6.651460e-10	1.464408e+01	8.173730e+01
2.300000e-06	2.776033e-06	6.806727e-10	1.494599e+01	8.376488e+01
2.310000e-06	2.831911e-06	6.980411e-10	1.524683e+01	8.576404e+01
2.320000e-06	2.887677e-06	7.156705e-10	1.554707e+01	8.773592e+01
2.330000e-06	2.943378e-06	7.324892e-10	1.584696e+01	8.968160e+01
2.340000e-06	2.999035e-06	7.482054e-10	1.614661e+01	9.160203e+01
2.350000e-06	3.054492e-06	7.624070e-10	1.644519e+01	9.349804e+01
2.360000e-06	3.109693e-06	7.755424e-10	1.674239e+01	9.537039e+01
2.370000e-06	3.164785e-06	7.883655e-10	1.703900e+01	9.721969e+01
2.380000e-06	3.219591e-06	8.004506e-10	1.733408e+01	9.904646e+01
2.390000e-06	3.274125e-06	8.124674e-10	1.762768e+01	1.008511e+02
2.400000e-06	3.328461e-06	8.270143e-10	1.792022e+01	1.026339e+02
2.410000e-06	3.382512e-06	8.429080e-10	1.821123e+01	1.043950e+02
2.420000e-06	3.436403e-06	8.581514e-10	1.850138e+01	1.061347e+02
2.430000e-06	3.490104e-06	8.719768e-10	1.879050e+01	1.078528e+02
2.440000e-06	3.543609e-06	8.850736e-10	1.907857e+01	1.095493e+02
2.450000e-06	3.596833e-06	8.989495e-10	1.936512e+01	1.112243e+02
2.460000e-06	3.649746e-06	9.126212e-10	1.965000e+01	1.128773e+02
2.470000e-06	3.702429e-06	9.250459e-10	1.993365e+01	1.145084e+02
2.480000e-06	3.754817e-06	9.363246e-10	2.021570e+01	1.161172e+02
2.490000e-06	3.806819e-06	9.481339e-10	2.049567e+01	1.177036e+02
2.500000e-06	3.858479e-06	9.620403e-10	2.077381e+01	1.192671e+02
2.510000e-06	3.909973e-06	9.757392e-10	2.105105e+01	1.208077e+02
2.520000e-06	3.961160e-06	9.877636e-10	2.132663e+01	1.223250e+02
2.530000e-06	4.011909e-06	9.986400e-10	2.159986e+01	1.238188e+02
2.540000e-06	4.062259e-06	1.009717e-09	2.187095e+01	1.252888e+02
2.550000e-06	4.112082e-06	1.022103e-09	2.213919e+01	1.267350e+02
2.560000e-06	4.161259e-06	1.033757e-09	2.240396e+01	1.281572e+02
2.570000e-06	4.210010e-06	1.044104e-09	2.266643e+01	1.295552e+02
2.580000e-06	4.258520e-06	1.054608e-09	2.292760e+01	1.309290e+02
2.590000e-06	4.306652e-06	1.066257e-09	2.318674e+01	1.322785e+02
2.600000e-06	4.354457e-06	1.078910e-09	2.344412e+01	1.336039e+02
2.610000e-06	4.402036e-06	1.089990e-09	2.370028e+01	1.349052e+02
2.620000e-06	4.449448e-06	1.098352e-09	2.395555e+01	1.361824e+02
2.630000e-06	4.496613e-06	1.105902e-09	2.420948e+01	1.374358e+02
2.640000e-06	4.543442e-06	1.115475e-09	2.446160e+01	1.386655e+02
2.650000e-06	4.589903e-06	1.126591e-09	2.471175e+01	1.398718e+02
2.660000e-06	4.635924e-06	1.136420e-09	2.495952e+01	1.410550e+02
2.670000e-06	4.681687e-06	1.144121e-09	2.520591e+01	1.422153e+02
2.680000e-06	4.727224e-06	1.151304e-09	2.545108e+01	1.433531e+02
2.690000e-06	4.772411e-06	1.160255e-09	2.569436e+01	1.444688e+02
2.700000e-06	4.817282e-06	1.168955e-09	2.593594e+01	1.455627e+02
2.710000e-06	4.861839e-06	1.175286e-09	2.617583e+01	1.466353e+02
2.720000e-06	4.906103e-06	1.182056e-09	2.641415e+01	1.476869e+02
2.730000e-06	4.950086e-06	1.191165e-09	2.665095e+01	1.487180e+02
2.740000e-06	4.993865e-06	1.201437e-09	2.688666e+01	1.497290e+02
2.750000e-06	5.037459e-06	1.211017e-09	2.712136e+01	1.507204e+02
2.760000e-06	5.080660e-06	1.218205e-09	2.735395e+01	1.516925e+02
2.770000e-06	5.123282e-06	1.223779e-09	2.758343e+01	1.526459e+02
2.780000e-06	5.165390e-06	1.230343e-09	2.781013e+01	1.535810e+02
2.790000e-06	5.207030e-06	1.238787e-09	2.803432e+01	1.544981e+02
2.800000e-06	5.248008e-06	1.246909e-09	2.825494e+01	1.553977e+02
2.810000e-06	5.288410e-06	1.254184e-09	2.847246e+01	1.562803e+02
2.820000e-06	5.328476e-06	1.261853e-09	2.868818e+01	1.571462e+02
2.830000e-06	5.368323e-06	1.270830e-09	2.890271e+01	1.579958e+02
2.840000e-06	5.407973e-06	1.280500e-09	2.911619e+01	1.588295e+02
2.850000e-06	5.447376e-06	1.287131e-09	2.932833e+01	1.596478e+02
2.860000e-06	5.486406e-06	1.290555e-09	2.953846e+01	1.604509e+02
2.870000e-06	5.525065e-06	1.293551e-09	2.974660e+01	1.612392e+02
2.880000e-06	5.563295e-06	1.299416e-09	2.995243e+01	1.620130e+02
2.890000e-06	5.601119e-06	1.308228e-09	3.015607e+01	1.627727e+02
2.900000e-06	5.638558e-06	1.315910e-09	3.035764e+01	1.635187e+02
2.910000e-06	5.675523e-06	1.322241e-09	3.055666e+01	1.642511e+02
2.920000e-06	5.712034e-06	1.329163e-09	3.075323e+01	1.649703e+02
2.930000e-06	5.748120e-06	1.336904e-09	3.094751e+01	1.656767e+02
2.940000e-06	5.784028e-06	1.344791e-09	3.114084e+01	1.663704e+02
2.950000e-06	5.819784e-06	1.350211e-09	3.133335e+01	1.670517e+02
2.960000e-06	5.855259e-06	1.353221e-09	3.152435e+01	1.677209e+02
2.970000e-06	5.890254e-06	1.358159e-09	3.171276e+01	1.683783e+02
2.980000e-06	5.924614e-06	1.365749e-09	3.189775e+01	1.690240e+02
2.990000e-06	5.958505e-06	1.373036e-09	3.208022e+01	1.696583e+02
3.000000e-06	5.991688e-06	1.378691e-09	3.225887e+01	1.702813e+02
3.010000e-06	6.024055e-06	1.384520e-09	3.243313e+01	1.708934e+02
3.020000e-06	6.056096e-06	1.390746e-09	3.260564e+01	1.714947e+02
3.030000e-06	6.087907e-06	1.397339e-09	3.277690e+01	1.720853e+02
3.040000e-06	6.119441e-06	1.404534e-09	3.294668e+01	1.726655e+02
3.050000e-06	6.150675e-06	1.409956e-09	3.311484e+01	1.732354e+02
3.060000e-06	6.181302e-06	1.415043e-09	3.327974e+01	1.737952e+02
3.070000e-06	6.211315e-06	1.422228e-09	3.344133e+01	1.743450e+02
3.080000e-06	6.240918e-06	1.428299e-09	3.360071e+01	1.748849e+02
3.090000e-06	6.270115e-06	1.432336e-09	3.375790e+01	1.754150e+02
3.100000e-06	6.298997e-06	1.436825e-09	3.391340e+01	1.759356e+02
3.110000e-06	6.327618e-06	1.442369e-09	3.406749e+01	1.764467e+02
3.120000e-06	6.355786e-06	1.447990e-09	3.421915e+01	1.769483e+02
3.130000e-06	6.383565e-06	1.453525e-09	3.436871e+01	1.774407e+02
3.140000e-06	6.411141e-06	1.459194e-09	3.451718e+01	1.779239e+02
3.150000e-06	6.438463e-06	1.463407e-09	3.466428e+01	1.783980e+02
3.160000e-06	6.465130e-06	1.466336e-09	3.480785e+01	1.788630e+02
3.170000e-06	6.490984e-06	1.469662e-09	3.494705e+01	1.793191e+02
3.180000e-06	6.516134e-06	1.474237e-09	3.508245e+01	1.797664e+02
3.190000e-06	6.540672e-06	1.478861e-09	3.521457e+01	1.802049e+02
3.200000e-06	6.564705e-06	1.482646e-09	3.534395e+01	1.806347e+02
3.210000e-06	6.588207e-06	1.486975e-09	3.547049e+01	1.810559e+02
3.220000e-06	6.611372e-06	1.492045e-09	3.559521e+01	1.814685e+02
3.230000e-06	6.634206e-06	1.496809e-09	3.571815e+01	1.818726e+02
3.240000e-06	6.656558e-06	1.500968e-09	3.583849e+01	1.822683e+02
3.250000e-06	6.678395e-06	1.504707e-09	3.595606e+01	1.826557e+02
3.260000e-06	6.699750e-06	1.508326e-09	3.607103e+01	1.830347e+02
3.270000e-06	6.720614e-06	1.512363e-09	3.618336e+01	1.834056e+02
3.280000e-06	6.740957e-06	1.516815e-09	3.629289e+01	1.837683e+02
3.290000e-06	6.760888e-06	1.520567e-09	3.640019e+01	1.841230e+02
3.300000e-06	6.780488e-06	1.524102e-09	3.650572e+01	1.844696e+02
3.310000e-06	6.799796e-06	1.528065e-09	3.660967e+01	1.848082e+02
3.320000e-06	6.818667e-06	1.531865e-09	3.671127e+01	1.851390e+02
3.330000e-06	6.837070e-06	1.535283e-09	3.681035e+01	1.854618e+02
3.340000e-06	6.855022e-06	1.536932e-09	3.690701e+01	1.857768e+02
3.350000e-06	6.872361e-06	1.537839e-09	3.700036e+01	1.860840e+02
3.360000e-06	6.889173e-06	1.541036e-09	3.709087e+01	1.863834e+02
3.370000e-06	6.905484e-06	1.545382e-09	3.717869e+01	1.866751e+02
3.380000e-06	6.921181e-06	1.548600e-09	3.726320e+01	1.869590e+02
3.390000e-06	6.936387e-06	1.551316e-09	3.734507e+01	1.872352e+02
3.400000e-06	6.951148e-06	1.554040e-09	3.742454e+01	1.875036e+02
3.410000e-06	6.965246e-06	1.557637e-09	3.750045e+01	1.877643e+02
3.420000e-06	6.978742e-06	1.562529e-09	3.757311e+01	1.880172e+02
3.430000e-06	6.991744e-06	1.566816e-09	3.764311e+01	1.882623e+02
3.440000e-06	7.004232e-06	1.569053e-09	3.771034e+01	1.884995e+02
3.450000e-06	7.016210e-06	1.571247e-09	3.777483e+01	1.887288e+02
3.460000e-06	7.027746e-06	1.576193e-09	3.783694e+01	1.889501e+02
3.470000e-06	7.038814e-06	1.581573e-09	3.789653e+01	1.891633e+02
3.480000e-06	7.049180e-06	1.584162e-09	3.795234e+01	1.893684e+02
3.490000e-06	7.058608e-06	1.585504e-09	3.800310e+01	1.895652e+02
3.500000e-06	7.067230e-06	1.588145e-09	3.804952e+01	1.897538e+02
3.510000e-06	7.075458e-06	1.592477e-09	3.809382e+01	1.899338e+02
3.520000e-06	7.083334e-06	1.596929e-09	3.813622e+01	1.901054e+02
3.530000e-06	7.090758e-06	1.600039e-09	3.817619e+01	1.902682e+02
3.540000e-06	7.097710e-06	1.601779e-09	3.821362e+01	1.904223e+02
3.550000e-06	7.104134e-06	1.603260e-09	3.824821e+01	1.905674e+02
3.560000e-06	7.110057e-06	1.605914e-09	3.828010e+01	1.907036e+02
3.570000e-06	7.115572e-06	1.608916e-09	3.830979e+01	1.908306e+02
3.580000e-06	7.120557e-06	1.610946e-09	3.833663e+01	1.909483e+02
3.590000e-06	7.125076e-06	1.612620e-09	3.836096e+01	1.910566e+02
3.600000e-06	7.129261e-06	1.614965e-09	3.838349e+01	1.911554e+02
3.610000e-06	7.133042e-06	1.617892e-09	3.840385e+01	1.912446e+02
3.620000e-06	7.136423e-06	1.620158e-09	3.842205e+01	1.913242e+02
3.630000e-06	7.139173e-06	1.621777e-09	3.843686e+01	1.913940e+02
3.640000e-06	7.141165e-06	1.624274e-09	3.844758e+01	1.914539e+02
3.650000e-06	7.142586e-06	1.626413e-09	3.845523e+01	1.915039e+02
3.660000e-06	7.143390e-06	1.627371e-09	3.845956e+01	1.915441e+02
3.670000e-06	7.143472e-06	1.629191e-09	3.846000e+01	1.915743e+02
3.680000e-06	7.143165e-06	1.631445e-09	3.845835e+01	1.915945e+02
3.690000e-06	7.142652e-06	1.632149e-09	3.845559e+01	1.916048e+02
3.700000e-06	7.141792e-06	1.632677e-09	3.845095e+01	1.916053e+02
3.710000e-06	7.140382e-06	1.634044e-09	3.844337e+01	1.915959e+02
3.720000e-06	7.138359e-06	1.636245e-09	3.843247e+01	1.915768e+02
3.730000e-06	7.135891e-06	1.643888e-09	3.841919e+01	1.915481e+02
3.740000e-06	7.133008e-06	1.653299e-09	3.840367e+01	1.915099e+02
3.750000e-06	7.129498e-06	1.623730e-09	3.838476e+01	1.914625e+02
3.760000e-06	7.125446e-06	1.567216e-09	3.836295e+01	1.914059e+02
3.770000e-06	7.120958e-06	1.633980e-09	3.833879e+01	1.913404e+02
3.780000e-06	7.115689e-06	1.775098e-09	3.831042e+01	1.912663e+02
3.790000e-06	7.109386e-06	1.687659e-09	3.827648e+01	1.911839e+02
3.800000e-06	7.102627e-06	1.490478e-09	3.824010e+01	1.910933e+02
3.810000e-06	7.095902e-06	1.574783e-09	3.820389e+01	1.909949e+02
3.820000e-06	7.088813e-06	1.803263e-09	3.816572e+01	1.908890e+02
3.830000e-06	7.081006e-06	1.699272e-09	3.812369e+01	1.907761e+02
3.840000e-06	7.072702e-06	1.424876e-09	3.807898e+01	1.906563e+02
3.850000e-06	7.064234e-06	1.567193e-09	3.803339e+01	1.905301e+02
3.860000e-06	7.055265e-06	1.894502e-09	3.798510e+01	1.903979e+02
3.870000e-06	7.045583e-06	1.723206e-09	3.793297e+01	1.902600e+02
3.880000e-06	7.035396e-06	1.363580e-09	3.787813e+01	1.901168e+02
3.890000e-06	7.024859e-06	1.557022e-09	3.782140e+01	1.899687e+02
3.900000e-06	7.013867e-06	1.891863e-09	3.776222e+01	1.898160e+02
3.910000e-06	7.002175e-06	1.657471e-09	3.769927e+01	1.896590e+02
3.920000e-06	6.989885e-06	1.387950e-09	3.763310e+01	1.894981e+02
3.930000e-06	6.977046e-06	1.686484e-09	3.756397e+01	1.893336e+02
3.940000e-06	6.963520e-06	1.868164e-09	3.749115e+01	1.891658e+02
3.950000e-06	6.949118e-06	1.525367e-09	3.741361e+01	1.889949e+02
3.960000e-06	6.933997e-06	1.449005e-09	3.733220e+01	1.888210e+02
3.970000e-06	6.918385e-06	1.790642e-09	3.724815e+01	1.886445e+02
3.980000e-06	6.902276e-06	1.736978e-09	3.716142e+01	1.884654e+02
3.990000e-06	6.885857e-06	1.448223e-09	3.707302e+01	1.882839e+02
4.000000e-06	6.869105e-06	1.643070e-09	3.698283e+01	1.880999e+02
4.010000e-06	6.851890e-06	1.835549e-09	3.689014e+01	1.879135e+02
4.020000e-06	6.834153e-06	1.535048e-09	3.679465e+01	1.877246e+02
4.030000e-06	6.815851e-06	1.461473e-09	3.669611e+01	1.875332e+02
4.040000e-06	6.796984e-06	1.787009e-09	3.659453e+01	1.873391e+02
4.050000e-06	6.777539e-06	1.724507e-09	3.648984e+01	1.871422e+02
4.060000e-06	6.757684e-06	1.454540e-09	3.638294e+01	1.869422e+02
4.070000e-06	6.737530e-06	1.635754e-09	3.627444e+01	1.867389e+02
4.080000e-06	6.717010e-06	1.786524e-09	3.616396e+01	1.865319e+02
4.090000e-06	6.696069e-06	1.543912e-09	3.605121e+01	1.863210e+02
4.100000e-06	6.674646e-06	1.531793e-09	3.593587e+01	1.861058e+02
4.110000e-06	6.652542e-06	1.742764e-09	3.581687e+01	1.858858e+02
4.120000e-06	6.629614e-06	1.632607e-09	3.569342e+01	1.856608e+02
4.130000e-06	6.605990e-06	1.519123e-09	3.556623e+01	1.854302e+02
4.140000e-06	6.581942e-06	1.689787e-09	3.543676e+01	1.851937e+02
4.150000e-06	6.557658e-06	1.680626e-09	3.530602e+01	1.849509e+02
4.160000e-06	6.533124e-06	1.521012e-09	3.517392e+01	1.847012e+02
4.170000e-06	6.508034e-06	1.613753e-09	3.503884e+01	1.844443e+02
4.180000e-06	6.482343e-06	1.693212e-09	3.490052e+01	1.841798e+02
4.190000e-06	6.456200e-06	1.573472e-09	3.475977e+01	1.839073e+02
4.200000e-06	6.429654e-06	1.584443e-09	3.461685e+01	1.836264e+02
4.210000e-06	6.402744e-06	1.668061e-09	3.447197e+01	1.833369e+02
4.220000e-06	6.375330e-06	1.595035e-09	3.432437e+01	1.830384e+02
4.230000e-06	6.347448e-06	1.566797e-09	3.417426e+01	1.827307e+02
4.240000e-06	6.319245e-06	1.637478e-09	3.402242e+01	1.824134e+02
4.250000e-06	6.290835e-06	1.611383e-09	3.386946e+01	1.820866e+02
4.260000e-06	6.262034e-06	1.571959e-09	3.371439e+01	1.817500e+02
4.270000e-06	6.232621e-06	1.614030e-09	3.355604e+01	1.814035e+02
4.280000e-06	6.202598e-06	1.613481e-09	3.339439e+01	1.810471e+02
4.290000e-06	6.171849e-06	1.578083e-09	3.322884e+01	1.806807e+02
4.300000e-06	6.140328e-06	1.586030e-09	3.305914e+01	1.803044e+02
4.310000e-06	6.108307e-06	1.591049e-09	3.288674e+01	1.799182e+02
4.320000e-06	6.076007e-06	1.581183e-09	3.271284e+01	1.795223e+02
4.330000e-06	6.043435e-06	1.584964e-09	3.253747e+01	1.791167e+02
4.340000e-06	6.010485e-06	1.582029e-09	3.236007e+01	1.787016e+02
4.350000e-06	5.977055e-06	1.574599e-09	3.218008e+01	1.782771e+02
4.360000e-06	5.943152e-06	1.573510e-09	3.199756e+01	1.778434e+02
4.370000e-06	5.908827e-06	1.567642e-09	3.181275e+01	1.774007e+02
4.380000e-06	5.874171e-06	1.569009e-09	3.162616e+01	1.769492e+02
4.390000e-06	5.839136e-06	1.572128e-09	3.143754e+01	1.764891e+02
4.400000e-06	5.803664e-06	1.558154e-09	3.124656e+01	1.760204e+02
4.410000e-06	5.767835e-06	1.552169e-09	3.105366e+01	1.755435e+02
4.420000e-06	5.731732e-06	1.559908e-09	3.085928e+01	1.750584e+02
4.430000e-06	5.695467e-06	1.552152e-09	3.066404e+01	1.745653e+02
4.440000e-06	5.658953e-06	1.538655e-09	3.046745e+01	1.740643e+02
4.450000e-06	5.622042e-06	1.538836e-09	3.026872e+01	1.735555e+02
4.460000e-06	5.584503e-06	1.540924e-09	3.006661e+01	1.730389e+02
4.470000e-06	5.546120e-06	1.537681e-09	2.985996e+01	1.725145e+02
4.480000e-06	5.507003e-06	1.533112e-09	2.964936e+01	1.719824e+02
4.490000e-06	5.467343e-06	1.526497e-09	2.943583e+01	1.714426e+02
4.500000e-06	5.427370e-06	1.519430e-09	2.922062e+01	1.708949e+02
4.510000e-06	5.387202e-06	1.514168e-09	2.900436e+01	1.703394e+02
4.520000e-06	5.346892e-06	1.511563e-09	2.878733e+01	1.697758e+02
4.530000e-06	5.306199e-06	1.509198e-09	2.856824e+01	1.692042e+02
4.540000e-06	5.264924e-06	1.502710e-09	2.834602e+01	1.686243e+02
4.550000e-06	5.223259e-06	1.496531e-09	2.812170e+01	1.680360e+02
4.560000e-06	5.181311e-06	1.495843e-09	2.789585e+01	1.674392e+02
4.570000e-06	5.139105e-06	1.493660e-09	2.766862e+01	1.668336e+02
4.580000e-06	5.096558e-06	1.485380e-09	2.743955e+01	1.662193e+02
4.590000e-06	5.053660e-06	1.477032e-09	2.720859e+01	1.655958e+02
4.600000e-06	5.010471e-06	1.472987e-09	2.697606e+01	1.649632e+02
4.610000e-06	4.966873e-06	1.470395e-09	2.674133e+01	1.643213e+02
4.620000e-06	4.922949e-06	1.465139e-09	2.650485e+01	1.636699e+02
4.630000e-06	4.878804e-06	1.459270e-09	2.626717e+01	1.630089e+02
4.640000e-06	4.834483e-06	1.455130e-09	2.602855e+01	1.623382e+02
4.650000e-06	4.789850e-06	1.450959e-09	2.578825e+01	1.616577e+02
4.660000e-06	4.744794e-06	1.445376e-09	2.554567e+01	1.609674e+02
4.670000e-06	4.699452e-06	1.438033e-09	2.530155e+01	1.602671e+02
4.680000e-06	4.653705e-06	1.429337e-09	2.505525e+01	1.595569e+02
4.690000e-06	4.607611e-06	1.421330e-09	2.480709e+01	1.588366e+02
4.700000e-06	4.561172e-06	1.416391e-09	2.455706e+01	1.581063e+02
4.710000e-06	4.514346e-06	1.412885e-09	2.430495e+01	1.573660e+02
4.720000e-06	4.467301e-06	1.407757e-09	2.405167e+01	1.566155e+02
4.730000e-06	4.419823e-06	1.399312e-09	2.379605e+01	1.558549e+02
4.740000e-06	4.372010e-06	1.389971e-09	2.353862e+01	1.550842e+02
4.750000e-06	4.324074e-06	1.384156e-09	2.328054e+01	1.543033e+02
4.760000e-06	4.275891e-06	1.379165e-09	2.302113e+01	1.535120e+02
4.770000e-06	4.227248e-06	1.370980e-09	2.275924e+01	1.527105e+02
4.780000e-06	4.178098e-06	1.362574e-09	2.249461e+01	1.518985e+02
4.790000e-06	4.128516e-06	1.357147e-09	2.222767e+01	1.510758e+02
4.800000e-06	4.078629e-06	1.351792e-09	2.195908e+01	1.502424e+02
4.810000e-06	4.028612e-06	1.344260e-09	2.168979e+01	1.493980e+02
4.820000e-06	3.978252e-06	1.335600e-09	2.141866e+01	1.485423e+02
4.830000e-06	3.927462e-06	1.327507e-09	2.114521e+01	1.476751e+02
4.840000e-06	3.876366e-06	1.320220e-09	2.087011e+01	1.467961e+02
4.850000e-06	3.824989e-06	1.312971e-09	2.059350e+01	1.459049e+02
4.860000e-06	3.773283e-06	1.304957e-09	2.031512e+01	1.450011e+02
4.870000e-06	3.721332e-06	1.297223e-09	2.003542e+01	1.440843e+02
4.880000e-06	3.669152e-06	1.289738e-09	1.975448e+01	1.431540e+02
4.890000e-06	3.616765e-06	1.282221e-09	1.947243e+01	1.422098e+02
4.900000e-06	3.564057e-06	1.275379e-09	1.918866e+01	1.412512e+02
4.910000e-06	3.511012e-06	1.267539e-09	1.890307e+01	1.402777e+02
4.920000e-06	3.457709e-06	1.257532e-09	1.861609e+01	1.392889e+02
4.930000e-06	3.403832e-06	1.246986e-09	1.832601e+01	1.382842e+02
4.940000e-06	3.349513e-06	1.238533e-09	1.803357e+01	1.372632e+02
4.950000e-06	3.294898e-06	1.231912e-09	1.773952e+01	1.362255e+02
4.960000e-06	3.239898e-06	1.223504e-09	1.744340e+01	1.351707e+02
4.970000e-06	3.184542e-06	1.212407e-09	1.714537e+01	1.340983e+02
4.980000e-06	3.128912e-06	1.201802e-09	1.684586e+01	1.330081e+02
4.990000e-06	3.073126e-06	1.191953e-09	1.654552e+01	1.318999e+02
5.000000e-06	3.017156e-06	1.181985e-09	1.624418e+01	1.307734e+02
5.010000e-06	2.961004e-06	1.171155e-09	1.594186e+01	1.296284e+02
5.020000e-06	2.904682e-06	1.158999e-09	1.563863e+01	1.284650e+02
5.030000e-06	2.848305e-06	1.148069e-09	1.533509e+01	1.272830e+02
5.040000e-06	2.791787e-06	1.139352e-09	1.503080e+01	1.260826e+02
5.050000e-06	2.735136e-06	1.130146e-09	1.472580e+01	1.248638e+02
5.060000e-06	2.678350e-06	1.119603e-09	1.442007e+01	1.236268e+02
5.070000e-06	2.621222e-06	1.108166e-09	1.411250e+01	1.223718e+02
5.080000e-06	2.563956e-06	1.096525e-09	1.380418e+01	1.210991e+02
5.090000e-06	2.506589e-06	1.085244e-09	1.349532e+01	1.198089e+02
5.100000e-06	2.449017e-06	1.073666e-09	1.318535e+01	1.185015e+02
5.110000e-06	2.391187e-06	1.061301e-09	1.287400e+01	1.171772e+02
5.120000e-06	2.333113e-06	1.048742e-09	1.256133e+01	1.158364e+02
5.130000e-06	2.274936e-06	1.036852e-09	1.224811e+01	1.144791e+02
5.140000e-06	2.216622e-06	1.025234e-09	1.193416e+01	1.131058e+02
5.150000e-06	2.158035e-06	1.012815e-09	1.161872e+01	1.117164e+02
5.160000e-06	2.099304e-06	9.996419e-10	1.130252e+01	1.103112e+02
5.170000e-06	2.040561e-06	9.865531e-10	1.098625e+01	1.088900e+02
5.180000e-06	1.981636e-06	9.734612e-10	1.066900e+01	1.074528e+02
5.190000e-06	1.922552e-06	9.605141e-10	1.035090e+01	1.059992e+02
5.200000e-06	1.863296e-06	9.475707e-10	1.003187e+01	1.045290e+02
5.210000e-06	1.803894e-06	9.331391e-10	9.712049e+00	1.030415e+02
5.220000e-06	1.744599e-06	9.179266e-10	9.392809e+00	1.015361e+02
5.230000e-06	1.685144e-06	9.043392e-10	9.072710e+00	1.000119e+02
5.240000e-06	1.625363e-06	8.914080e-10	8.750851e+00	9.846794e+01
5.250000e-06	1.565524e-06	8.767752e-10	8.428684e+00	9.690294e+01
5.260000e-06	1.505615e-06	8.611376e-10	8.106137e+00	9.531556e+01
5.270000e-06	1.445653e-06	8.459267e-10	7.783305e+00	9.370428e+01
5.280000e-06	1.385670e-06	8.311403e-10	7.460362e+00	9.206741e+01
5.290000e-06	1.325672e-06	8.147204e-10	7.137335e+00	9.040312e+01
5.300000e-06	1.265675e-06	7.963327e-10	6.814313e+00	8.870946e+01
5.310000e-06	1.205556e-06	7.785944e-10	6.490636e+00	8.698437e+01
5.320000e-06	1.145275e-06	7.625908e-10	6.166086e+00	8.522569e+01
5.330000e-06	1.084951e-06	7.475861e-10	5.841306e+00	8.343121e+01
5.340000e-06	1.024648e-06	7.322748e-10	5.516638e+00	8.159867e+01
5.350000e-06	9.642848e-07	7.152207e-10	5.191648e+00	7.972581e+01
5.360000e-06	9.038813e-07	6.956639e-10	4.866440e+00	7.781040e+01
5.370000e-06	8.433826e-07	6.756129e-10	4.540719e+00	7.585024e+01
5.380000e-06	7.828289e-07	6.574707e-10	4.214701e+00	7.384324e+01
5.390000e-06	7.223025e-07	6.397692e-10	3.888831e+00	7.178741e+01
5.400000e-06	6.618005e-07	6.197730e-10	3.563092e+00	6.968094e+01
5.410000e-06	6.012384e-07	5.988595e-10	3.237029e+00	6.752218e+01
5.420000e-06	5.405968e-07	5.796008e-10	2.910539e+00	6.530971e+01
5.430000e-06	4.799552e-07	5.606055e-10	2.584048e+00	6.304236e+01
5.440000e-06	4.193122e-07	5.403830e-10	2.257550e+00	6.071923e+01
5.450000e-06	3.587575e-07	5.187196e-10	1.931528e+00	5.833971e+01
5.460000e-06	2.980927e-07	4.958723e-10	1.604912e+00	5.590353e+01
5.470000e-06	2.372812e-07	4.728071e-10	1.277507e+00	5.341075e+01
5.480000e-06	1.765825e-07	4.501886e-10	9.507088e-01	5.086177e+01
5.490000e-06	1.159233e-07	4.273940e-10	6.241239e-01	4.825739e+01
5.500000e-06	5.510864e-08	4.032071e-10	2.967014e-01	4.559874e+01
5.510000e-06	-5.703233e-09	3.780706e-10	-3.070584e-02	4.288734e+01
5.520000e-06	-6.648851e-08	3.539836e-10	-3.579700e-01	4.012508e+01
5.530000e-06	-1.272827e-07	3.312615e-10	-6.852822e-01	3.731420e+01
5.540000e-06	-1.879822e-07	3.075727e-10	-1.012084e+00	3.445730e+01
5.550000e-06	-2.486091e-07	2.824644e-10	-1.338496e+00	3.155731e+01
5.560000e-06	-3.092004e-07	2.565622e-10	-1.664716e+00	2.861744e+01
5.570000e-06	-3.698301e-07	2.305420e-10	-1.991142e+00	2.564123e+01
5.580000e-06	-4.305631e-07	2.052089e-10	-2.318124e+00	2.263245e+01
5.590000e-06	-4.912977e-07	1.787591e-10	-2.645116e+00	1.959508e+01
5.600000e-06	-5.518974e-07	1.505929e-10	-2.971381e+00	1.653333e+01
5.610000e-06	-6.124270e-07	1.232006e-10	-3.297268e+00	1.345154e+01
5.620000e-06	-6.730546e-07	9.743526e-11	-3.623683e+00	1.035415e+01
5.630000e-06	-7.336715e-07	7.166564e-11	-3.950041e+00	7.245690e+00
5.640000e-06	-7.940342e-07	4.423025e-11	-4.275030e+00	4.130732e+00
5.650000e-06	-8.542859e-07	1.538830e-11	-4.599421e+00	1.013829e+00
5.660000e-06	-9.145592e-07	-1.279696e-11	-4.923929e+00	-2.100512e+00
5.670000e-06	-9.748073e-07	-3.926684e-11	-5.248301e+00	-5.207865e+00
5.680000e-06	-1.034960e-06	-6.432111e-11	-5.572157e+00	-8.303931e+00
5.690000e-06	-1.095049e-06	-8.884674e-11	-5.895676e+00	-1.138457e+01
5.700000e-06	-1.155166e-06	-1.151540e-10	-6.219341e+00	-1.444582e+01
5.710000e-06	-1.215258e-06	-1.426748e-10	-6.542872e+00	-1.748396e+01
5.720000e-06	-1.275293e-06	-1.683985e-10	-6.866095e+00	-2.049552e+01
5.730000e-06	-1.335309e-06	-1.930458e-10	-7.189218e+00	-2.347726e+01
5.740000e-06	-1.395258e-06	-2.182827e-10	-7.511981e+00	-2.642629e+01
5.750000e-06	-1.455103e-06	-2.434661e-10	-7.834181e+00	-2.933997e+01
5.760000e-06	-1.514917e-06	-2.689691e-10	-8.156215e+00	-3.221600e+01
5.770000e-06	-1.574732e-06	-2.948682e-10	-8.478259e+00	-3.505242e+01
5.780000e-06	-1.634495e-06	-3.207893e-10	-8.800016e+00	-3.784756e+01
5.790000e-06	-1.694188e-06	-3.465800e-10	-9.121404e+00	-4.060009e+01
5.800000e-06	-1.753819e-06	-3.724245e-10	-9.442453e+00	-4.330901e+01
5.810000e-06	-1.813245e-06	-3.976417e-10	-9.762394e+00	-4.597362e+01
5.820000e-06	-1.872515e-06	-4.205818e-10	-1.008150e+01	-4.859350e+01
5.830000e-06	-1.931680e-06	-4.427208e-10	-1.040004e+01	-5.116853e+01
5.840000e-06	-1.990741e-06	-4.665945e-10	-1.071802e+01	-5.369885e+01
5.850000e-06	-2.049652e-06	-4.916348e-10	-1.103520e+01	-5.618483e+01
5.860000e-06	-2.108280e-06	-5.145387e-10	-1.135084e+01	-5.862708e+01
5.870000e-06	-2.166733e-06	-5.352366e-10	-1.166555e+01	-6.102639e+01
5.880000e-06	-2.225094e-06	-5.567919e-10	-1.197976e+01	-6.338370e+01
5.890000e-06	-2.283314e-06	-5.788008e-10	-1.229322e+01	-6.570013e+01
5.900000e-06	-2.341301e-06	-6.002187e-10	-1.260541e+01	-6.797689e+01
5.910000e-06	-2.399081e-06	-6.216873e-10	-1.291650e+01	-7.021527e+01
5.920000e-06	-2.456799e-06	-6.427606e-10	-1.322725e+01	-7.241665e+01
5.930000e-06	-2.514440e-06	-6.638923e-10	-1.353759e+01	-7.458242e+01
5.940000e-06	-2.571779e-06	-6.861062e-10	-1.384630e+01	-7.671401e+01
5.950000e-06	-2.628807e-06	-7.081865e-10	-1.415333e+01	-7.881280e+01
5.960000e-06	-2.685676e-06	-7.282166e-10	-1.445951e+01	-8.088019e+01
5.970000e-06	-2.742422e-06	-7.469176e-10	-1.476503e+01	-8.291749e+01
5.980000e-06	-2.798950e-06	-7.658120e-10	-1.506937e+01	-8.492597e+01
5.990000e-06	-2.855239e-06	-7.845762e-10	-1.537243e+01	-8.690680e+01
6.000000e-06	-2.911320e-06	-8.028434e-10	-1.567436e+01	-8.886108e+01
6.010000e-06	-2.967332e-06	-8.207212e-10	-1.597593e+01	-9.078980e+01
6.020000e-06	-3.023299e-06	-8.372251e-10	-1.627725e+01	-9.269384e+01
6.030000e-06	-3.079037e-06	-8.532569e-10	-1.657734e+01	-9.457398e+01
6.040000e-06	-3.134593e-06	-8.708715e-10	-1.687645e+01	-9.643088e+01
6.050000e-06	-3.189850e-06	-8.882723e-10	-1.717395e+01	-9.826509e+01
6.060000e-06	-3.244793e-06	-9.048651e-10	-1.746976e+01	-1.000770e+02
6.070000e-06	-3.299446e-06	-9.215159e-10	-1.776401e+01	-1.018671e+02
6.080000e-06	-3.353777e-06	-9.375794e-10	-1.805652e+01	-1.036354e+02
6.090000e-06	-3.407656e-06	-9.535943e-10	-1.834661e+01	-1.053821e+02
6.100000e-06	-3.460952e-06	-9.703898e-10	-1.863355e+01	-1.071074e+02
6.110000e-06	-3.513901e-06	-9.865060e-10	-1.891862e+01	-1.088112e+02
6.120000e-06	-3.566523e-06	-1.001181e-09	-1.920194e+01	-1.104933e+02
6.130000e-06	-3.618828e-06	-1.015802e-09	-1.948354e+01	-1.121536e+02
6.140000e-06	-3.670963e-06	-1.030739e-09	-1.976423e+01	-1.137921e+02
6.150000e-06	-3.722885e-06	-1.046051e-09	-2.004378e+01	-1.154083e+02
6.160000e-06	-3.774549e-06	-1.061307e-09	-2.032193e+01	-1.170021e+02
6.170000e-06	-3.825942e-06	-1.076103e-09	-2.059863e+01	-1.185733e+02
6.180000e-06	-3.876976e-06	-1.090635e-09	-2.087339e+01	-1.201215e+02
6.190000e-06	-3.927730e-06	-1.104090e-09	-2.114665e+01	-1.216466e+02
6.200000e-06	-3.978227e-06	-1.116216e-09	-2.141852e+01	-1.231482e+02
6.210000e-06	-4.028440e-06	-1.127956e-09	-2.168887e+01	-1.246262e+02
6.220000e-06	-4.078453e-06	-1.139902e-09	-2.195813e+01	-1.260803e+02
6.230000e-06	-4.128125e-06	-1.152433e-09	-2.222556e+01	-1.275105e+02
6.240000e-06	-4.177165e-06	-1.164907e-09	-2.248959e+01	-1.289165e+02
6.250000e-06	-4.225633e-06	-1.177004e-09	-2.275054e+01	-1.302983e+02
6.260000e-06	-4.273825e-06	-1.189628e-09	-2.301001e+01	-1.316560e+02
6.270000e-06	-4.321589e-06	-1.202129e-09	-2.326716e+01	-1.329894e+02
6.280000e-06	-4.368873e-06	-1.214133e-09	-2.352174e+01	-1.342986e+02
6.290000e-06	-4.415939e-06	-1.227039e-09	-2.377514e+01	-1.355839e+02
6.300000e-06	-4.462665e-06	-1.240353e-09	-2.402671e+01	-1.368451e+02
6.310000e-06	-4.509162e-06	-1.251330e-09	-2.427705e+01	-1.380827e+02
6.320000e-06	-4.555552e-06	-1.260298e-09	-2.452680e+01	-1.392968e+02
6.330000e-06	-4.601674e-06	-1.270301e-09	-2.477512e+01	-1.404876e+02
6.340000e-06	-4.647499e-06	-1.280706e-09	-2.502184e+01	-1.416555e+02
6.350000e-06	-4.692938e-06	-1.290955e-09	-2.526648e+01	-1.428007e+02
6.360000e-06	-4.737879e-06	-1.301460e-09	-2.550844e+01	-1.439237e+02
6.370000e-06	-4.782428e-06	-1.311437e-09	-2.574829e+01	-1.450248e+02
6.380000e-06	-4.826746e-06	-1.321499e-09	-2.598690e+01	-1.461045e+02
6.390000e-06	-4.870870e-06	-1.331074e-09	-2.622446e+01	-1.471630e+02
6.400000e-06	-4.914814e-06	-1.338820e-09	-2.646105e+01	-1.482009e+02
6.410000e-06	-4.958579e-06	-1.345515e-09	-2.669667e+01	-1.492185e+02
6.420000e-06	-5.002087e-06	-1.353724e-09	-2.693092e+01	-1.502163e+02
6.430000e-06	-5.045196e-06	-1.363800e-09	-2.716302e+01	-1.511948e+02
6.440000e-06	-5.087907e-06	-1.374298e-09	-2.739297e+01	-1.521544e+02
6.450000e-06	-5.130312e-06	-1.383919e-09	-2.762128e+01	-1.530954e+02
6.460000e-06	-5.172378e-06	-1.392011e-09	-2.784776e+01	-1.540185e+02
6.470000e-06	-5.214025e-06	-1.399919e-09	-2.807198e+01	-1.549239e+02
6.480000e-06	-5.255318e-06	-1.408299e-09	-2.829430e+01	-1.558121e+02
6.490000e-06	-5.296144e-06	-1.416336e-09	-2.851410e+01	-1.566834e+02
6.500000e-06	-5.336536e-06	-1.423828e-09	-2.873157e+01	-1.575384e+02
6.510000e-06	-5.376729e-06	-1.431024e-09	-2.894797e+01	-1.583774e+02
6.520000e-06	-5.416749e-06	-1.438062e-09	-2.916343e+01	-1.592007e+02
6.530000e-06	-5.456506e-06	-1.444443e-09	-2.937748e+01	-1.600088e+02
6.540000e-06	-5.495792e-06	-1.450220e-09	-2.958899e+01	-1.608020e+02
6.550000e-06	-5.534447e-06	-1.456769e-09	-2.979711e+01	-1.615806e+02
6.560000e-06	-5.572488e-06	-1.464467e-09	-3.000192e+01	-1.623450e+02
6.570000e-06	-5.609915e-06	-1.471983e-09	-3.020343e+01	-1.630954e+02
6.580000e-06	-5.646813e-06	-1.478610e-09	-3.040208e+01	-1.638323e+02
6.590000e-06	-5.683366e-06	-1.484710e-09	-3.059888e+01	-1.645559e+02
6.600000e-06	-5.719531e-06	-1.490816e-09	-3.079359e+01	-1.652665e+02
6.610000e-06	-5.755379e-06	-1.496614e-09	-3.098660e+01	-1.659643e+02
6.620000e-06	-5.791075e-06	-1.501941e-09	-3.117878e+01	-1.666497e+02
6.630000e-06	-5.826509e-06	-1.507627e-09	-3.136956e+01	-1.673229e+02
6.640000e-06	-5.861553e-06	-1.512842e-09	-3.155823e+01	-1.679842e+02
6.650000e-06	-5.896044e-06	-1.518261e-09	-3.174393e+01	-1.686337e+02
6.660000e-06	-5.929985e-06	-1.524504e-09	-3.192667e+01	-1.692718e+02
6.670000e-06	-5.963602e-06	-1.529519e-09	-3.210765e+01	-1.698985e+02
6.680000e-06	-5.996842e-06	-1.532775e-09	-3.228662e+01	-1.705142e+02
6.690000e-06	-6.029647e-06	-1.536252e-09	-3.246324e+01	-1.711191e+02
6.700000e-06	-6.062070e-06	-1.541011e-09	-3.263780e+01	-1.717132e+02
6.710000e-06	-6.094110e-06	-1.546267e-09	-3.281030e+01	-1.722969e+02
6.720000e-06	-6.125848e-06	-1.550960e-09	-3.298118e+01	-1.728701e+02
6.730000e-06	-6.157165e-06	-1.554906e-09	-3.314979e+01	-1.734332e+02
6.740000e-06	-6.187849e-06	-1.557832e-09	-3.331499e+01	-1.739863e+02
6.750000e-06	-6.217865e-06	-1.561020e-09	-3.347659e+01	-1.745295e+02
6.760000e-06	-6.247221e-06	-1.566371e-09	-3.363464e+01	-1.750628e+02
6.770000e-06	-6.275998e-06	-1.571374e-09	-3.378958e+01	-1.755866e+02
6.780000e-06	-6.304316e-06	-1.574563e-09	-3.394204e+01	-1.761008e+02
6.790000e-06	-6.332261e-06	-1.577108e-09	-3.409249e+01	-1.766055e+02
6.800000e-06	-6.359936e-06	-1.579330e-09	-3.424149e+01	-1.771010e+02
6.810000e-06	-6.387323e-06	-1.582010e-09	-3.438894e+01	-1.775872e+02
6.820000e-06	-6.414182e-06	-1.584853e-09	-3.453355e+01	-1.780643e+02
6.830000e-06	-6.440532e-06	-1.586700e-09	-3.467542e+01	-1.785323e+02
6.840000e-06	-6.466435e-06	-1.589065e-09	-3.481488e+01	-1.789914e+02
6.850000e-06	-6.491806e-06	-1.592542e-09	-3.495147e+01	-1.794415e+02
6.860000e-06	-6.516700e-06	-1.596194e-09	-3.508550e+01	-1.798829e+02
6.870000e-06	-6.541188e-06	-1.599189e-09	-3.521734e+01	-1.803156e+02
6.880000e-06	-6.565318e-06	-1.601316e-09	-3.534726e+01	-1.807396e+02
6.890000e-06	-6.589132e-06	-1.603978e-09	-3.547547e+01	-1.811550e+02
6.900000e-06	-6.612554e-06	-1.606969e-09	-3.560157e+01	-1.815619e+02
6.910000e-06	-6.635437e-06	-1.608756e-09	-3.572478e+01	-1.819604e+02
6.920000e-06	-6.657716e-06	-1.609374e-09	-3.584472e+01	-1.823505e+02
6.930000e-06	-6.679323e-06	-1.610450e-09	-3.596105e+01	-1.827324e+02
6.940000e-06	-6.700259e-06	-1.613003e-09	-3.607377e+01	-1.831059e+02
6.950000e-06	-6.720747e-06	-1.616564e-09	-3.618408e+01	-1.834714e+02
6.960000e-06	-6.740849e-06	-1.619558e-09	-3.629231e+01	-1.838287e+02
6.970000e-06	-6.760570e-06	-1.621702e-09	-3.639848e+01	-1.841779e+02
6.980000e-06	-6.779917e-06	-1.622408e-09	-3.650264e+01	-1.845192e+02
6.990000e-06	-6.798823e-06	-1.622351e-09	-3.660443e+01	-1.848525e+02
7.000000e-06	-6.817247e-06	-1.623667e-09	-3.670363e+01	-1.851780e+02
7.010000e-06	-6.835189e-06	-1.624456e-09	-3.680023e+01	-1.854955e+02
7.020000e-06	-6.852658e-06	-1.624554e-09	-3.689428e+01	-1.858053e+02
7.030000e-06	-6.869607e-06	-1.626061e-09	-3.698553e+01	-1.861073e+02
7.040000e-06	-6.886132e-06	-1.628644e-09	-3.707450e+01	-1.864015e+02
7.050000e-06	-6.902242e-06	-1.631003e-09	-3.716124e+01	-1.866880e+02
7.060000e-06	-6.917998e-06	-1.633109e-09	-3.724606e+01	-1.869668e+02
7.070000e-06	-6.933379e-06	-1.634887e-09	-3.732887e+01	-1.872378e+02
7.080000e-06	-6.948057e-06	-1.635995e-09	-3.740790e+01	-1.875010e+02
7.090000e-06	-6.961888e-06	-1.637804e-09	-3.748236e+01	-1.877565e+02
7.100000e-06	-6.974976e-06	-1.639619e-09	-3.755283e+01	-1.880041e+02
7.110000e-06	-6.987504e-06	-1.641431e-09	-3.762028e+01	-1.882440e+02
7.120000e-06	-6.999475e-06	-1.643155e-09	-3.768473e+01	-1.884759e+02
7.130000e-06	-7.010896e-06	-1.643824e-09	-3.774622e+01	-1.886998e+02
7.140000e-06	-7.021817e-06	-1.644644e-09	-3.780502e+01	-1.889157e+02
7.150000e-06	-7.032172e-06	-1.645032e-09	-3.786077e+01	-1.891235e+02
7.160000e-06	-7.041988e-06	-1.644885e-09	-3.791362e+01	-1.893231e+02
7.170000e-06	-7.051398e-06	-1.645877e-09	-3.796428e+01	-1.895144e+02
7.180000e-06	-7.060416e-06	-1.647889e-09	-3.801284e+01	-1.896972e+02
7.190000e-06	-7.069025e-06	-1.649415e-09	-3.805918e+01	-1.898716e+02
7.200000e-06	-7.077283e-06	-1.649806e-09	-3.810364e+01	-1.900373e+02
7.210000e-06	-7.085122e-06	-1.648418e-09	-3.814585e+01	-1.901943e+02
7.220000e-06	-7.092562e-06	-1.645974e-09	-3.818590e+01	-1.903425e+02
7.230000e-06	-7.099449e-06	-1.644616e-09	-3.822298e+01	-1.904816e+02
7.240000e-06	-7.105393e-06	-1.644785e-09	-3.825499e+01	-1.906116e+02
7.250000e-06	-7.110561e-06	-1.645431e-09	-3.828281e+01	-1.907324e+02
7.260000e-06	-7.115160e-06	-1.646703e-09	-3.830757e+01	-1.908438e+02
7.270000e-06	-7.119292e-06	-1.647464e-09	-3.832982e+01	-1.909458e+02
7.280000e-06	-7.123130e-06	-1.647925e-09	-3.835048e+01	-1.910382e+02
7.290000e-06	-7.126571e-06	-1.648444e-09	-3.836901e+01	-1.911210e+02
7.300000e-06	-7.129548e-06	-1.647549e-09	-3.838503e+01	-1.911940e+02
7.310000e-06	-7.132069e-06	-1.645261e-09	-3.839861e+01	-1.912572e+02
7.320000e-06	-7.134134e-06	-1.643429e-09	-3.840972e+01	-1.913105e+02
7.330000e-06	-7.135634e-06	-1.644344e-09	-3.841780e+01	-1.913540e+02
7.340000e-06	-7.136493e-06	-1.644858e-09	-3.842243e+01	-1.913874e+02
