# Temperatura_=_20.0
# Concentracion g/m^3_=_7400.0
# C_Vs_to_Am_M_A/Vsm_=_116720831517.84952
# pendiente_HvsI_1/m_=_3716.3
# ordenada_HvsI_A/m_=_1297.0
# frecuencia_Hz_=_136110.365813316

Tiempo_(s)	Campo_(V.s)	Magnetizacion_(V.s)	Campo_(kA/m)	Magnetizacion_(A/m)
0.000000e+00	-7.133450e-06	-1.577776e-09	-3.843268e+01	-1.825488e+02
1.000000e-08	-7.133730e-06	-1.578347e-09	-3.843419e+01	-1.825789e+02
2.000000e-08	-7.133682e-06	-1.579032e-09	-3.843393e+01	-1.825994e+02
3.000000e-08	-7.133016e-06	-1.579031e-09	-3.843033e+01	-1.826103e+02
4.000000e-08	-7.131708e-06	-1.578265e-09	-3.842329e+01	-1.826117e+02
5.000000e-08	-7.129751e-06	-1.577152e-09	-3.841275e+01	-1.826037e+02
6.000000e-08	-7.127041e-06	-1.576687e-09	-3.839815e+01	-1.825866e+02
7.000000e-08	-7.123706e-06	-1.576801e-09	-3.838018e+01	-1.825605e+02
8.000000e-08	-7.120057e-06	-1.577943e-09	-3.836052e+01	-1.825257e+02
9.000000e-08	-7.115892e-06	-1.577579e-09	-3.833808e+01	-1.824826e+02
1.000000e-07	-7.110858e-06	-1.567155e-09	-3.831096e+01	-1.824316e+02
1.100000e-07	-7.105155e-06	-1.547405e-09	-3.828023e+01	-1.823731e+02
1.200000e-07	-7.099166e-06	-1.559464e-09	-3.824796e+01	-1.823076e+02
1.300000e-07	-7.092918e-06	-1.601187e-09	-3.821430e+01	-1.822354e+02
1.400000e-07	-7.086126e-06	-1.598961e-09	-3.817771e+01	-1.821572e+02
1.500000e-07	-7.078722e-06	-1.540373e-09	-3.813782e+01	-1.820735e+02
1.600000e-07	-7.070981e-06	-1.535198e-09	-3.809612e+01	-1.819847e+02
1.700000e-07	-7.062975e-06	-1.603088e-09	-3.805298e+01	-1.818914e+02
1.800000e-07	-7.054470e-06	-1.597390e-09	-3.800716e+01	-1.817941e+02
1.900000e-07	-7.045398e-06	-1.511741e-09	-3.795828e+01	-1.816932e+02
2.000000e-07	-7.035748e-06	-1.517134e-09	-3.790629e+01	-1.815891e+02
2.100000e-07	-7.025443e-06	-1.616832e-09	-3.785077e+01	-1.814822e+02
2.200000e-07	-7.014407e-06	-1.607456e-09	-3.779131e+01	-1.813729e+02
2.300000e-07	-7.002725e-06	-1.503555e-09	-3.772837e+01	-1.812615e+02
2.400000e-07	-6.990541e-06	-1.511056e-09	-3.766273e+01	-1.811480e+02
2.500000e-07	-6.977870e-06	-1.593956e-09	-3.759446e+01	-1.810327e+02
2.600000e-07	-6.964565e-06	-1.569268e-09	-3.752278e+01	-1.809157e+02
2.700000e-07	-6.950734e-06	-1.503448e-09	-3.744826e+01	-1.807968e+02
2.800000e-07	-6.936057e-06	-1.540899e-09	-3.736919e+01	-1.806761e+02
2.900000e-07	-6.920721e-06	-1.576955e-09	-3.728656e+01	-1.805534e+02
3.000000e-07	-6.904849e-06	-1.524485e-09	-3.720105e+01	-1.804285e+02
3.100000e-07	-6.888292e-06	-1.510688e-09	-3.711185e+01	-1.803010e+02
3.200000e-07	-6.871337e-06	-1.558782e-09	-3.702050e+01	-1.801707e+02
3.300000e-07	-6.854009e-06	-1.536276e-09	-3.692714e+01	-1.800372e+02
3.400000e-07	-6.836344e-06	-1.494291e-09	-3.683197e+01	-1.799000e+02
3.500000e-07	-6.818120e-06	-1.545045e-09	-3.673378e+01	-1.797586e+02
3.600000e-07	-6.799371e-06	-1.566043e-09	-3.663277e+01	-1.796125e+02
3.700000e-07	-6.780156e-06	-1.490250e-09	-3.652924e+01	-1.794614e+02
3.800000e-07	-6.760489e-06	-1.482091e-09	-3.642328e+01	-1.793045e+02
3.900000e-07	-6.740479e-06	-1.550229e-09	-3.631548e+01	-1.791414e+02
4.000000e-07	-6.720112e-06	-1.528316e-09	-3.620574e+01	-1.789717e+02
4.100000e-07	-6.699253e-06	-1.474709e-09	-3.609336e+01	-1.787948e+02
4.200000e-07	-6.677931e-06	-1.515465e-09	-3.597849e+01	-1.786104e+02
4.300000e-07	-6.656192e-06	-1.538713e-09	-3.586137e+01	-1.784179e+02
4.400000e-07	-6.633977e-06	-1.486509e-09	-3.574168e+01	-1.782172e+02
4.500000e-07	-6.611179e-06	-1.486111e-09	-3.561885e+01	-1.780078e+02
4.600000e-07	-6.587848e-06	-1.521814e-09	-3.549315e+01	-1.777897e+02
4.700000e-07	-6.564219e-06	-1.493339e-09	-3.536585e+01	-1.775625e+02
4.800000e-07	-6.540399e-06	-1.474956e-09	-3.523751e+01	-1.773263e+02
4.900000e-07	-6.516246e-06	-1.509074e-09	-3.510739e+01	-1.770809e+02
5.000000e-07	-6.491517e-06	-1.498064e-09	-3.497415e+01	-1.768265e+02
5.100000e-07	-6.466013e-06	-1.460251e-09	-3.483674e+01	-1.765630e+02
5.200000e-07	-6.439605e-06	-1.478334e-09	-3.469447e+01	-1.762908e+02
5.300000e-07	-6.412469e-06	-1.491540e-09	-3.454827e+01	-1.760098e+02
5.400000e-07	-6.384927e-06	-1.461816e-09	-3.439988e+01	-1.757205e+02
5.500000e-07	-6.357041e-06	-1.459100e-09	-3.424964e+01	-1.754231e+02
5.600000e-07	-6.328859e-06	-1.476816e-09	-3.409781e+01	-1.751178e+02
5.700000e-07	-6.300267e-06	-1.461637e-09	-3.394376e+01	-1.748050e+02
5.800000e-07	-6.271300e-06	-1.448822e-09	-3.378770e+01	-1.744851e+02
5.900000e-07	-6.242140e-06	-1.459853e-09	-3.363059e+01	-1.741582e+02
6.000000e-07	-6.212596e-06	-1.455583e-09	-3.347142e+01	-1.738249e+02
6.100000e-07	-6.182555e-06	-1.443447e-09	-3.330957e+01	-1.734853e+02
6.200000e-07	-6.151970e-06	-1.447975e-09	-3.314478e+01	-1.731396e+02
6.300000e-07	-6.120788e-06	-1.448585e-09	-3.297679e+01	-1.727882e+02
6.400000e-07	-6.089207e-06	-1.437611e-09	-3.280664e+01	-1.724312e+02
6.500000e-07	-6.057479e-06	-1.434098e-09	-3.263570e+01	-1.720686e+02
6.600000e-07	-6.025548e-06	-1.435062e-09	-3.246366e+01	-1.717006e+02
6.700000e-07	-5.993218e-06	-1.431313e-09	-3.228948e+01	-1.713271e+02
6.800000e-07	-5.960275e-06	-1.426488e-09	-3.211200e+01	-1.709481e+02
6.900000e-07	-5.926480e-06	-1.422366e-09	-3.192992e+01	-1.705634e+02
7.000000e-07	-5.891880e-06	-1.417720e-09	-3.174351e+01	-1.701728e+02
7.100000e-07	-5.856777e-06	-1.412190e-09	-3.155438e+01	-1.697760e+02
7.200000e-07	-5.821294e-06	-1.406565e-09	-3.136321e+01	-1.693728e+02
7.300000e-07	-5.785549e-06	-1.404673e-09	-3.117063e+01	-1.689627e+02
7.400000e-07	-5.749632e-06	-1.402532e-09	-3.097712e+01	-1.685454e+02
7.500000e-07	-5.713442e-06	-1.397072e-09	-3.078214e+01	-1.681203e+02
7.600000e-07	-5.676877e-06	-1.393163e-09	-3.058514e+01	-1.676871e+02
7.700000e-07	-5.639816e-06	-1.391461e-09	-3.038547e+01	-1.672452e+02
7.800000e-07	-5.602217e-06	-1.386388e-09	-3.018290e+01	-1.667941e+02
7.900000e-07	-5.564211e-06	-1.379601e-09	-2.997813e+01	-1.663333e+02
8.000000e-07	-5.525736e-06	-1.374560e-09	-2.977085e+01	-1.658623e+02
8.100000e-07	-5.486800e-06	-1.368965e-09	-2.956107e+01	-1.653807e+02
8.200000e-07	-5.447513e-06	-1.363435e-09	-2.934940e+01	-1.648881e+02
8.300000e-07	-5.407947e-06	-1.359718e-09	-2.913623e+01	-1.643840e+02
8.400000e-07	-5.368234e-06	-1.354818e-09	-2.892227e+01	-1.638682e+02
8.500000e-07	-5.328300e-06	-1.348482e-09	-2.870713e+01	-1.633403e+02
8.600000e-07	-5.287979e-06	-1.343361e-09	-2.848989e+01	-1.628002e+02
8.700000e-07	-5.247195e-06	-1.339035e-09	-2.827016e+01	-1.622478e+02
8.800000e-07	-5.206003e-06	-1.333892e-09	-2.804823e+01	-1.616829e+02
8.900000e-07	-5.164250e-06	-1.327216e-09	-2.782328e+01	-1.611055e+02
9.000000e-07	-5.121823e-06	-1.319816e-09	-2.759469e+01	-1.605159e+02
9.100000e-07	-5.078873e-06	-1.313381e-09	-2.736329e+01	-1.599140e+02
9.200000e-07	-5.035447e-06	-1.308751e-09	-2.712933e+01	-1.593001e+02
9.300000e-07	-4.991724e-06	-1.303394e-09	-2.689376e+01	-1.586745e+02
9.400000e-07	-4.947807e-06	-1.296928e-09	-2.665715e+01	-1.580375e+02
9.500000e-07	-4.903707e-06	-1.290540e-09	-2.641956e+01	-1.573894e+02
9.600000e-07	-4.859336e-06	-1.284589e-09	-2.618050e+01	-1.567308e+02
9.700000e-07	-4.814545e-06	-1.278583e-09	-2.593918e+01	-1.560619e+02
9.800000e-07	-4.769356e-06	-1.272198e-09	-2.569571e+01	-1.553832e+02
9.900000e-07	-4.723832e-06	-1.265176e-09	-2.545045e+01	-1.546952e+02
1.000000e-06	-4.678061e-06	-1.259182e-09	-2.520385e+01	-1.539982e+02
1.010000e-06	-4.631929e-06	-1.254883e-09	-2.495531e+01	-1.532928e+02
1.020000e-06	-4.585309e-06	-1.250078e-09	-2.470413e+01	-1.525792e+02
1.030000e-06	-4.538231e-06	-1.242999e-09	-2.445049e+01	-1.518577e+02
1.040000e-06	-4.490995e-06	-1.234688e-09	-2.419600e+01	-1.511287e+02
1.050000e-06	-4.443605e-06	-1.229055e-09	-2.394068e+01	-1.503923e+02
1.060000e-06	-4.395905e-06	-1.225032e-09	-2.368369e+01	-1.496487e+02
1.070000e-06	-4.348026e-06	-1.220334e-09	-2.342573e+01	-1.488979e+02
1.080000e-06	-4.299875e-06	-1.214760e-09	-2.316631e+01	-1.481398e+02
1.090000e-06	-4.251326e-06	-1.207224e-09	-2.290474e+01	-1.473744e+02
1.100000e-06	-4.202328e-06	-1.199645e-09	-2.264076e+01	-1.466015e+02
1.110000e-06	-4.152818e-06	-1.193030e-09	-2.237401e+01	-1.458207e+02
1.120000e-06	-4.102950e-06	-1.185879e-09	-2.210534e+01	-1.450318e+02
1.130000e-06	-4.052689e-06	-1.178728e-09	-2.183455e+01	-1.442341e+02
1.140000e-06	-4.001914e-06	-1.172134e-09	-2.156099e+01	-1.434273e+02
1.150000e-06	-3.950720e-06	-1.165874e-09	-2.128518e+01	-1.426107e+02
1.160000e-06	-3.899203e-06	-1.160108e-09	-2.100762e+01	-1.417837e+02
1.170000e-06	-3.847354e-06	-1.153608e-09	-2.072827e+01	-1.409455e+02
1.180000e-06	-3.795220e-06	-1.145435e-09	-2.044739e+01	-1.400956e+02
1.190000e-06	-3.742873e-06	-1.136839e-09	-2.016537e+01	-1.392330e+02
1.200000e-06	-3.690196e-06	-1.129192e-09	-1.988156e+01	-1.383572e+02
1.210000e-06	-3.637144e-06	-1.122864e-09	-1.959573e+01	-1.374672e+02
1.220000e-06	-3.583882e-06	-1.116328e-09	-1.930877e+01	-1.365625e+02
1.230000e-06	-3.530393e-06	-1.108016e-09	-1.902059e+01	-1.356423e+02
1.240000e-06	-3.476648e-06	-1.098708e-09	-1.873103e+01	-1.347059e+02
1.250000e-06	-3.422695e-06	-1.091118e-09	-1.844035e+01	-1.337528e+02
1.260000e-06	-3.368615e-06	-1.084851e-09	-1.814899e+01	-1.327825e+02
1.270000e-06	-3.314477e-06	-1.076570e-09	-1.785731e+01	-1.317944e+02
1.280000e-06	-3.260015e-06	-1.067003e-09	-1.756389e+01	-1.307882e+02
1.290000e-06	-3.205170e-06	-1.058450e-09	-1.726840e+01	-1.297637e+02
1.300000e-06	-3.150096e-06	-1.050624e-09	-1.697168e+01	-1.287205e+02
1.310000e-06	-3.094841e-06	-1.041872e-09	-1.667398e+01	-1.276586e+02
1.320000e-06	-3.039354e-06	-1.032234e-09	-1.637504e+01	-1.265781e+02
1.330000e-06	-2.983729e-06	-1.022562e-09	-1.607535e+01	-1.254789e+02
1.340000e-06	-2.928007e-06	-1.011849e-09	-1.577513e+01	-1.243612e+02
1.350000e-06	-2.872212e-06	-1.002288e-09	-1.547453e+01	-1.232253e+02
1.360000e-06	-2.816350e-06	-9.949077e-10	-1.517356e+01	-1.220715e+02
1.370000e-06	-2.760242e-06	-9.870517e-10	-1.487127e+01	-1.209001e+02
1.380000e-06	-2.703913e-06	-9.780499e-10	-1.456779e+01	-1.197115e+02
1.390000e-06	-2.647462e-06	-9.674969e-10	-1.426365e+01	-1.185063e+02
1.400000e-06	-2.590834e-06	-9.569132e-10	-1.395856e+01	-1.172848e+02
1.410000e-06	-2.534013e-06	-9.467861e-10	-1.365243e+01	-1.160475e+02
1.420000e-06	-2.476909e-06	-9.366545e-10	-1.334477e+01	-1.147950e+02
1.430000e-06	-2.419509e-06	-9.273530e-10	-1.303552e+01	-1.135275e+02
1.440000e-06	-2.361879e-06	-9.177524e-10	-1.272502e+01	-1.122455e+02
1.450000e-06	-2.304006e-06	-9.073089e-10	-1.241322e+01	-1.109493e+02
1.460000e-06	-2.245746e-06	-8.963245e-10	-1.209934e+01	-1.096391e+02
1.470000e-06	-2.187155e-06	-8.841272e-10	-1.178367e+01	-1.083151e+02
1.480000e-06	-2.128373e-06	-8.713966e-10	-1.146697e+01	-1.069773e+02
1.490000e-06	-2.069284e-06	-8.598924e-10	-1.114862e+01	-1.056255e+02
1.500000e-06	-2.009959e-06	-8.500669e-10	-1.082900e+01	-1.042597e+02
1.510000e-06	-1.950502e-06	-8.393359e-10	-1.050866e+01	-1.028794e+02
1.520000e-06	-1.890975e-06	-8.265265e-10	-1.018795e+01	-1.014840e+02
1.530000e-06	-1.831386e-06	-8.144399e-10	-9.866905e+00	-1.000730e+02
1.540000e-06	-1.771725e-06	-8.027263e-10	-9.545471e+00	-9.864549e+01
1.550000e-06	-1.712074e-06	-7.903828e-10	-9.224088e+00	-9.720052e+01
1.560000e-06	-1.652378e-06	-7.784654e-10	-8.902466e+00	-9.573696e+01
1.570000e-06	-1.592519e-06	-7.666467e-10	-8.579966e+00	-9.425355e+01
1.580000e-06	-1.532570e-06	-7.549231e-10	-8.256980e+00	-9.274887e+01
1.590000e-06	-1.472553e-06	-7.423930e-10	-7.933628e+00	-9.122140e+01
1.600000e-06	-1.412415e-06	-7.287517e-10	-7.609628e+00	-8.966949e+01
1.610000e-06	-1.352284e-06	-7.155032e-10	-7.285658e+00	-8.809141e+01
1.620000e-06	-1.292113e-06	-7.027082e-10	-6.961480e+00	-8.648533e+01
1.630000e-06	-1.231804e-06	-6.899380e-10	-6.636553e+00	-8.484938e+01
1.640000e-06	-1.171511e-06	-6.767908e-10	-6.311714e+00	-8.318165e+01
1.650000e-06	-1.111146e-06	-6.625631e-10	-5.986489e+00	-8.148019e+01
1.660000e-06	-1.050657e-06	-6.480429e-10	-5.660593e+00	-7.974308e+01
1.670000e-06	-9.901020e-07	-6.343944e-10	-5.334343e+00	-7.796844e+01
1.680000e-06	-9.293777e-07	-6.200418e-10	-5.007180e+00	-7.615442e+01
1.690000e-06	-8.686192e-07	-6.038426e-10	-4.679834e+00	-7.429927e+01
1.700000e-06	-8.078728e-07	-5.882717e-10	-4.352552e+00	-7.240136e+01
1.710000e-06	-7.470200e-07	-5.744071e-10	-4.024697e+00	-7.045915e+01
1.720000e-06	-6.860257e-07	-5.599330e-10	-3.696080e+00	-6.847130e+01
1.730000e-06	-6.250078e-07	-5.443116e-10	-3.367336e+00	-6.643662e+01
1.740000e-06	-5.641463e-07	-5.281051e-10	-3.039434e+00	-6.435412e+01
1.750000e-06	-5.031724e-07	-5.108208e-10	-2.710927e+00	-6.222304e+01
1.760000e-06	-4.420831e-07	-4.930833e-10	-2.381798e+00	-6.004284e+01
1.770000e-06	-3.809981e-07	-4.754860e-10	-2.052692e+00	-5.781323e+01
1.780000e-06	-3.197769e-07	-4.571293e-10	-1.722853e+00	-5.553419e+01
1.790000e-06	-2.585249e-07	-4.379951e-10	-1.392847e+00	-5.320596e+01
1.800000e-06	-1.972722e-07	-4.184684e-10	-1.062838e+00	-5.082907e+01
1.810000e-06	-1.360354e-07	-3.976680e-10	-7.329141e-01	-4.840432e+01
1.820000e-06	-7.489133e-08	-3.765768e-10	-4.034898e-01	-4.593280e+01
1.830000e-06	-1.380874e-08	-3.552850e-10	-7.439692e-02	-4.341588e+01
1.840000e-06	4.729112e-08	-3.325236e-10	2.547890e-01	-4.085520e+01
1.850000e-06	1.084035e-07	-3.102062e-10	5.840423e-01	-3.825267e+01
1.860000e-06	1.695452e-07	-2.893845e-10	9.134536e-01	-3.561047e+01
1.870000e-06	2.306274e-07	-2.686346e-10	1.242544e+00	-3.293101e+01
1.880000e-06	2.917519e-07	-2.459368e-10	1.571863e+00	-3.021693e+01
1.890000e-06	3.530035e-07	-2.217233e-10	1.901866e+00	-2.747109e+01
1.900000e-06	4.143472e-07	-1.988321e-10	2.232366e+00	-2.469653e+01
1.910000e-06	4.756354e-07	-1.762741e-10	2.562567e+00	-2.189646e+01
1.920000e-06	5.366333e-07	-1.528366e-10	2.891203e+00	-1.907423e+01
1.930000e-06	5.974441e-07	-1.299953e-10	3.218832e+00	-1.623330e+01
1.940000e-06	6.582361e-07	-1.070475e-10	3.546359e+00	-1.337724e+01
1.950000e-06	7.190932e-07	-8.293333e-11	3.874237e+00	-1.050967e+01
1.960000e-06	7.800139e-07	-5.801970e-11	4.202457e+00	-7.634242e+00
1.970000e-06	8.408567e-07	-3.324847e-11	4.530258e+00	-4.754611e+00
1.980000e-06	9.015396e-07	-1.017991e-11	4.857198e+00	-1.874416e+00
1.990000e-06	9.621577e-07	1.232792e-11	5.183788e+00	1.002757e+00
2.000000e-06	1.022610e-06	3.555462e-11	5.509488e+00	3.873398e+00
2.010000e-06	1.082924e-06	5.939636e-11	5.834437e+00	6.734102e+00
2.020000e-06	1.143266e-06	8.386148e-11	6.159538e+00	9.581592e+00
2.030000e-06	1.203636e-06	1.081578e-10	6.484793e+00	1.241274e+01
2.040000e-06	1.263970e-06	1.315912e-10	6.809854e+00	1.522459e+01
2.050000e-06	1.324179e-06	1.542232e-10	7.134240e+00	1.801437e+01
2.060000e-06	1.384269e-06	1.759631e-10	7.457982e+00	2.077953e+01
2.070000e-06	1.444284e-06	1.975334e-10	7.781324e+00	2.351771e+01
2.080000e-06	1.504263e-06	2.196198e-10	8.104472e+00	2.622682e+01
2.090000e-06	1.564243e-06	2.401847e-10	8.427626e+00	2.890497e+01
2.100000e-06	1.624172e-06	2.601808e-10	8.750505e+00	3.155055e+01
2.110000e-06	1.684012e-06	2.814887e-10	9.072902e+00	3.416216e+01
2.120000e-06	1.743775e-06	3.022360e-10	9.394883e+00	3.673867e+01
2.130000e-06	1.803432e-06	3.223669e-10	9.716298e+00	3.927920e+01
2.140000e-06	1.863004e-06	3.419112e-10	1.003725e+01	4.178309e+01
2.150000e-06	1.922429e-06	3.600457e-10	1.035741e+01	4.424991e+01
2.160000e-06	1.981688e-06	3.784781e-10	1.067668e+01	4.667946e+01
2.170000e-06	2.040827e-06	3.982715e-10	1.099530e+01	4.907175e+01
2.180000e-06	2.099822e-06	4.178806e-10	1.131315e+01	5.142696e+01
2.190000e-06	2.158760e-06	4.364648e-10	1.163068e+01	5.374546e+01
2.200000e-06	2.217459e-06	4.548893e-10	1.194694e+01	5.602778e+01
2.210000e-06	2.275779e-06	4.735687e-10	1.226115e+01	5.827458e+01
2.220000e-06	2.333920e-06	4.917479e-10	1.257439e+01	6.048663e+01
2.230000e-06	2.391791e-06	5.079470e-10	1.288618e+01	6.266482e+01
2.240000e-06	2.449253e-06	5.238741e-10	1.319577e+01	6.481009e+01
2.250000e-06	2.506389e-06	5.411669e-10	1.350360e+01	6.692345e+01
2.260000e-06	2.563274e-06	5.586310e-10	1.381007e+01	6.900594e+01
2.270000e-06	2.619909e-06	5.755001e-10	1.411521e+01	7.105862e+01
2.280000e-06	2.676261e-06	5.917094e-10	1.441881e+01	7.308254e+01
2.290000e-06	2.732391e-06	6.065027e-10	1.472122e+01	7.507873e+01
2.300000e-06	2.788475e-06	6.205671e-10	1.502339e+01	7.704817e+01
2.310000e-06	2.844419e-06	6.365688e-10	1.532479e+01	7.899182e+01
2.320000e-06	2.900146e-06	6.536752e-10	1.562503e+01	8.091054e+01
2.330000e-06	2.955807e-06	6.706891e-10	1.592491e+01	8.280513e+01
2.340000e-06	3.011298e-06	6.870036e-10	1.622388e+01	8.467630e+01
2.350000e-06	3.066620e-06	7.020333e-10	1.652194e+01	8.652466e+01
2.360000e-06	3.121683e-06	7.155121e-10	1.681860e+01	8.835075e+01
2.370000e-06	3.176491e-06	7.275580e-10	1.711388e+01	9.015498e+01
2.380000e-06	3.231229e-06	7.388959e-10	1.740880e+01	9.193767e+01
2.390000e-06	3.285835e-06	7.516782e-10	1.770300e+01	9.369905e+01
2.400000e-06	3.340139e-06	7.675467e-10	1.799557e+01	9.543926e+01
2.410000e-06	3.394058e-06	7.840183e-10	1.828607e+01	9.715833e+01
2.420000e-06	3.447834e-06	7.990719e-10	1.857579e+01	9.885622e+01
2.430000e-06	3.501483e-06	8.127291e-10	1.886483e+01	1.005328e+02
2.440000e-06	3.554843e-06	8.258981e-10	1.915232e+01	1.021880e+02
2.450000e-06	3.607972e-06	8.389649e-10	1.943856e+01	1.038214e+02
2.460000e-06	3.660837e-06	8.517523e-10	1.972338e+01	1.054329e+02
2.470000e-06	3.713290e-06	8.643756e-10	2.000598e+01	1.070220e+02
2.480000e-06	3.765465e-06	8.761442e-10	2.028708e+01	1.085886e+02
2.490000e-06	3.817415e-06	8.876332e-10	2.056697e+01	1.101323e+02
2.500000e-06	3.869092e-06	9.005289e-10	2.084539e+01	1.116527e+02
2.510000e-06	3.920382e-06	9.136094e-10	2.112172e+01	1.131496e+02
2.520000e-06	3.971293e-06	9.253465e-10	2.139602e+01	1.146227e+02
2.530000e-06	4.021756e-06	9.367649e-10	2.166790e+01	1.160716e+02
2.540000e-06	4.071675e-06	9.481576e-10	2.193684e+01	1.174963e+02
2.550000e-06	4.121199e-06	9.584731e-10	2.220366e+01	1.188965e+02
2.560000e-06	4.170266e-06	9.683714e-10	2.246802e+01	1.202723e+02
2.570000e-06	4.218944e-06	9.774540e-10	2.273028e+01	1.216234e+02
2.580000e-06	4.267325e-06	9.864281e-10	2.299094e+01	1.229500e+02
2.590000e-06	4.315379e-06	9.969145e-10	2.324984e+01	1.242522e+02
2.600000e-06	4.363136e-06	1.008345e-09	2.350714e+01	1.255302e+02
2.610000e-06	4.410686e-06	1.019481e-09	2.376332e+01	1.267840e+02
2.620000e-06	4.457960e-06	1.029357e-09	2.401802e+01	1.280142e+02
2.630000e-06	4.504990e-06	1.038057e-09	2.427140e+01	1.292209e+02
2.640000e-06	4.551803e-06	1.047073e-09	2.452361e+01	1.304046e+02
2.650000e-06	4.598181e-06	1.056788e-09	2.477348e+01	1.315657e+02
2.660000e-06	4.644182e-06	1.065497e-09	2.502132e+01	1.327046e+02
2.670000e-06	4.689854e-06	1.072481e-09	2.526739e+01	1.338221e+02
2.680000e-06	4.735188e-06	1.079637e-09	2.551163e+01	1.349184e+02
2.690000e-06	4.780316e-06	1.088785e-09	2.575476e+01	1.359942e+02
2.700000e-06	4.825066e-06	1.097452e-09	2.599587e+01	1.370501e+02
2.710000e-06	4.869388e-06	1.104984e-09	2.623466e+01	1.380866e+02
2.720000e-06	4.913508e-06	1.113901e-09	2.647236e+01	1.391043e+02
2.730000e-06	4.957477e-06	1.123614e-09	2.670925e+01	1.401036e+02
2.740000e-06	5.001268e-06	1.133193e-09	2.694518e+01	1.410852e+02
2.750000e-06	5.044871e-06	1.141878e-09	2.718010e+01	1.420495e+02
2.760000e-06	5.088053e-06	1.148283e-09	2.741275e+01	1.429969e+02
2.770000e-06	5.130656e-06	1.154011e-09	2.764228e+01	1.439279e+02
2.780000e-06	5.172832e-06	1.161797e-09	2.786951e+01	1.448430e+02
2.790000e-06	5.214414e-06	1.170829e-09	2.809354e+01	1.457423e+02
2.800000e-06	5.255344e-06	1.179082e-09	2.831406e+01	1.466263e+02
2.810000e-06	5.295833e-06	1.186677e-09	2.853220e+01	1.474952e+02
2.820000e-06	5.335958e-06	1.194262e-09	2.874838e+01	1.483494e+02
2.830000e-06	5.375841e-06	1.201815e-09	2.896326e+01	1.491888e+02
2.840000e-06	5.415441e-06	1.209139e-09	2.917661e+01	1.500139e+02
2.850000e-06	5.454721e-06	1.216167e-09	2.938824e+01	1.508246e+02
2.860000e-06	5.493683e-06	1.222320e-09	2.959815e+01	1.516213e+02
2.870000e-06	5.532186e-06	1.228003e-09	2.980559e+01	1.524038e+02
2.880000e-06	5.570250e-06	1.234708e-09	3.001067e+01	1.531725e+02
2.890000e-06	5.607972e-06	1.241929e-09	3.021390e+01	1.539273e+02
2.900000e-06	5.645314e-06	1.248274e-09	3.041509e+01	1.546684e+02
2.910000e-06	5.682240e-06	1.254013e-09	3.061403e+01	1.553958e+02
2.920000e-06	5.718759e-06	1.260285e-09	3.081079e+01	1.561098e+02
2.930000e-06	5.754857e-06	1.268058e-09	3.100527e+01	1.568104e+02
2.940000e-06	5.790611e-06	1.276401e-09	3.119790e+01	1.574977e+02
2.950000e-06	5.826173e-06	1.282407e-09	3.138950e+01	1.581720e+02
2.960000e-06	5.861434e-06	1.286210e-09	3.157947e+01	1.588334e+02
2.970000e-06	5.896246e-06	1.291626e-09	3.176703e+01	1.594822e+02
2.980000e-06	5.930535e-06	1.298449e-09	3.195177e+01	1.601185e+02
2.990000e-06	5.964069e-06	1.304257e-09	3.213243e+01	1.607427e+02
3.000000e-06	5.996921e-06	1.309050e-09	3.230943e+01	1.613550e+02
3.010000e-06	6.029219e-06	1.314027e-09	3.248345e+01	1.619558e+02
3.020000e-06	6.061071e-06	1.320200e-09	3.265505e+01	1.625453e+02
3.030000e-06	6.092753e-06	1.327625e-09	3.282574e+01	1.631238e+02
3.040000e-06	6.124102e-06	1.334991e-09	3.299464e+01	1.636919e+02
3.050000e-06	6.154961e-06	1.339906e-09	3.316090e+01	1.642497e+02
3.060000e-06	6.185342e-06	1.344943e-09	3.332458e+01	1.647976e+02
3.070000e-06	6.215280e-06	1.351406e-09	3.348588e+01	1.653361e+02
3.080000e-06	6.244821e-06	1.356517e-09	3.364504e+01	1.658654e+02
3.090000e-06	6.273926e-06	1.361018e-09	3.380184e+01	1.663858e+02
3.100000e-06	6.302618e-06	1.366322e-09	3.395643e+01	1.668977e+02
3.110000e-06	6.330954e-06	1.371894e-09	3.410909e+01	1.674013e+02
3.120000e-06	6.359015e-06	1.376190e-09	3.426027e+01	1.678969e+02
3.130000e-06	6.386784e-06	1.380355e-09	3.440989e+01	1.683846e+02
3.140000e-06	6.414263e-06	1.385252e-09	3.455793e+01	1.688648e+02
3.150000e-06	6.441265e-06	1.389923e-09	3.470341e+01	1.693374e+02
3.160000e-06	6.467575e-06	1.395987e-09	3.484516e+01	1.698027e+02
3.170000e-06	6.493118e-06	1.403128e-09	3.498278e+01	1.702607e+02
3.180000e-06	6.517817e-06	1.408957e-09	3.511585e+01	1.707113e+02
3.190000e-06	6.541974e-06	1.412735e-09	3.524600e+01	1.711547e+02
3.200000e-06	6.565799e-06	1.413514e-09	3.537436e+01	1.715908e+02
3.210000e-06	6.589242e-06	1.414181e-09	3.550066e+01	1.720194e+02
3.220000e-06	6.612202e-06	1.417630e-09	3.562436e+01	1.724405e+02
3.230000e-06	6.634751e-06	1.422904e-09	3.574585e+01	1.728540e+02
3.240000e-06	6.656860e-06	1.428541e-09	3.586497e+01	1.732597e+02
3.250000e-06	6.678484e-06	1.433837e-09	3.598147e+01	1.736575e+02
3.260000e-06	6.699657e-06	1.438680e-09	3.609554e+01	1.740472e+02
3.270000e-06	6.720312e-06	1.441521e-09	3.620682e+01	1.744286e+02
3.280000e-06	6.740610e-06	1.443032e-09	3.631618e+01	1.748016e+02
3.290000e-06	6.760589e-06	1.445060e-09	3.642382e+01	1.751660e+02
3.300000e-06	6.780280e-06	1.448435e-09	3.652991e+01	1.755216e+02
3.310000e-06	6.799680e-06	1.453138e-09	3.663443e+01	1.758684e+02
3.320000e-06	6.818646e-06	1.457956e-09	3.673662e+01	1.762063e+02
3.330000e-06	6.836960e-06	1.461873e-09	3.683528e+01	1.765351e+02
3.340000e-06	6.854501e-06	1.464122e-09	3.692979e+01	1.768548e+02
3.350000e-06	6.871532e-06	1.466117e-09	3.702155e+01	1.771654e+02
3.360000e-06	6.888267e-06	1.470707e-09	3.711171e+01	1.774668e+02
3.370000e-06	6.904597e-06	1.475163e-09	3.719969e+01	1.777592e+02
3.380000e-06	6.920320e-06	1.478029e-09	3.728440e+01	1.780425e+02
3.390000e-06	6.935289e-06	1.481039e-09	3.736505e+01	1.783168e+02
3.400000e-06	6.949705e-06	1.484626e-09	3.744272e+01	1.785823e+02
3.410000e-06	6.963733e-06	1.488249e-09	3.751830e+01	1.788390e+02
3.420000e-06	6.977097e-06	1.489844e-09	3.759030e+01	1.790871e+02
3.430000e-06	6.989857e-06	1.491044e-09	3.765904e+01	1.793267e+02
3.440000e-06	7.002268e-06	1.493153e-09	3.772591e+01	1.795581e+02
3.450000e-06	7.014307e-06	1.497051e-09	3.779077e+01	1.797812e+02
3.460000e-06	7.025842e-06	1.502882e-09	3.785292e+01	1.799963e+02
3.470000e-06	7.036610e-06	1.507257e-09	3.791093e+01	1.802036e+02
3.480000e-06	7.046495e-06	1.508805e-09	3.796419e+01	1.804030e+02
3.490000e-06	7.055658e-06	1.509101e-09	3.801356e+01	1.805948e+02
3.500000e-06	7.064200e-06	1.511044e-09	3.805958e+01	1.807790e+02
3.510000e-06	7.072280e-06	1.515306e-09	3.810311e+01	1.809557e+02
3.520000e-06	7.080032e-06	1.519145e-09	3.814488e+01	1.811249e+02
3.530000e-06	7.087398e-06	1.521773e-09	3.818456e+01	1.812865e+02
3.540000e-06	7.094329e-06	1.524489e-09	3.822190e+01	1.814406e+02
3.550000e-06	7.100748e-06	1.527320e-09	3.825649e+01	1.815870e+02
3.560000e-06	7.106572e-06	1.529353e-09	3.828786e+01	1.817257e+02
3.570000e-06	7.111856e-06	1.531069e-09	3.831634e+01	1.818566e+02
3.580000e-06	7.116641e-06	1.533091e-09	3.834211e+01	1.819795e+02
3.590000e-06	7.120959e-06	1.536062e-09	3.836538e+01	1.820942e+02
3.600000e-06	7.124992e-06	1.539376e-09	3.838711e+01	1.822005e+02
3.610000e-06	7.128692e-06	1.542069e-09	3.840704e+01	1.822984e+02
3.620000e-06	7.132003e-06	1.544266e-09	3.842488e+01	1.823875e+02
3.630000e-06	7.134825e-06	1.545582e-09	3.844008e+01	1.824677e+02
3.640000e-06	7.136799e-06	1.546089e-09	3.845072e+01	1.825388e+02
3.650000e-06	7.137960e-06	1.547195e-09	3.845697e+01	1.826006e+02
3.660000e-06	7.138522e-06	1.549823e-09	3.846000e+01	1.826530e+02
3.670000e-06	7.138501e-06	1.551659e-09	3.845989e+01	1.826959e+02
3.680000e-06	7.138160e-06	1.552799e-09	3.845805e+01	1.827293e+02
3.690000e-06	7.137434e-06	1.553645e-09	3.845414e+01	1.827530e+02
3.700000e-06	7.136133e-06	1.553965e-09	3.844713e+01	1.827671e+02
3.710000e-06	7.134463e-06	1.554854e-09	3.843813e+01	1.827717e+02
3.720000e-06	7.132351e-06	1.555391e-09	3.842675e+01	1.827669e+02
3.730000e-06	7.129715e-06	1.556283e-09	3.841255e+01	1.827528e+02
3.740000e-06	7.126694e-06	1.557086e-09	3.839627e+01	1.827297e+02
3.750000e-06	7.123224e-06	1.552988e-09	3.837758e+01	1.826978e+02
3.760000e-06	7.119264e-06	1.554243e-09	3.835625e+01	1.826575e+02
3.770000e-06	7.114543e-06	1.578243e-09	3.833081e+01	1.826091e+02
3.780000e-06	7.108915e-06	1.593093e-09	3.830049e+01	1.825531e+02
3.790000e-06	7.102702e-06	1.554375e-09	3.826702e+01	1.824899e+02
3.800000e-06	7.096195e-06	1.507461e-09	3.823196e+01	1.824199e+02
3.810000e-06	7.089372e-06	1.549603e-09	3.819520e+01	1.823437e+02
3.820000e-06	7.081980e-06	1.612180e-09	3.815537e+01	1.822618e+02
3.830000e-06	7.074082e-06	1.566982e-09	3.811282e+01	1.821747e+02
3.840000e-06	7.065903e-06	1.500076e-09	3.806876e+01	1.820829e+02
3.850000e-06	7.057311e-06	1.558763e-09	3.802246e+01	1.819869e+02
3.860000e-06	7.048079e-06	1.638877e-09	3.797272e+01	1.818871e+02
3.870000e-06	7.038270e-06	1.563907e-09	3.791988e+01	1.817841e+02
3.880000e-06	7.028136e-06	1.461627e-09	3.786528e+01	1.816782e+02
3.890000e-06	7.017693e-06	1.541691e-09	3.780901e+01	1.815697e+02
3.900000e-06	7.006610e-06	1.650819e-09	3.774931e+01	1.814589e+02
3.910000e-06	6.994942e-06	1.570291e-09	3.768644e+01	1.813462e+02
3.920000e-06	6.982685e-06	1.478699e-09	3.762040e+01	1.812315e+02
3.930000e-06	6.969599e-06	1.567638e-09	3.754990e+01	1.811151e+02
3.940000e-06	6.955794e-06	1.629475e-09	3.747552e+01	1.809968e+02
3.950000e-06	6.941342e-06	1.524481e-09	3.739766e+01	1.808768e+02
3.960000e-06	6.926126e-06	1.495160e-09	3.731568e+01	1.807548e+02
3.970000e-06	6.910346e-06	1.609320e-09	3.723066e+01	1.806307e+02
3.980000e-06	6.894238e-06	1.610118e-09	3.714388e+01	1.805042e+02
3.990000e-06	6.877803e-06	1.504139e-09	3.705533e+01	1.803749e+02
4.000000e-06	6.860895e-06	1.539978e-09	3.696424e+01	1.802425e+02
4.010000e-06	6.843498e-06	1.620875e-09	3.687051e+01	1.801066e+02
4.020000e-06	6.825713e-06	1.543864e-09	3.677469e+01	1.799667e+02
4.030000e-06	6.807444e-06	1.497580e-09	3.667626e+01	1.798223e+02
4.040000e-06	6.788571e-06	1.603232e-09	3.657458e+01	1.796729e+02
4.050000e-06	6.769193e-06	1.614373e-09	3.647018e+01	1.795180e+02
4.060000e-06	6.749502e-06	1.508645e-09	3.636409e+01	1.793571e+02
4.070000e-06	6.729452e-06	1.535631e-09	3.625607e+01	1.791897e+02
4.080000e-06	6.709086e-06	1.614776e-09	3.614634e+01	1.790153e+02
4.090000e-06	6.688160e-06	1.548381e-09	3.603360e+01	1.788335e+02
4.100000e-06	6.666487e-06	1.507755e-09	3.591683e+01	1.786438e+02
4.110000e-06	6.644202e-06	1.590742e-09	3.579677e+01	1.784459e+02
4.120000e-06	6.621231e-06	1.588050e-09	3.567301e+01	1.782394e+02
4.130000e-06	6.597682e-06	1.514731e-09	3.554614e+01	1.780243e+02
4.140000e-06	6.573696e-06	1.552117e-09	3.541691e+01	1.778001e+02
4.150000e-06	6.549370e-06	1.590314e-09	3.528585e+01	1.775670e+02
4.160000e-06	6.524760e-06	1.532040e-09	3.515325e+01	1.773247e+02
4.170000e-06	6.499703e-06	1.530814e-09	3.501826e+01	1.770733e+02
4.180000e-06	6.474078e-06	1.583391e-09	3.488020e+01	1.768129e+02
4.190000e-06	6.447923e-06	1.553501e-09	3.473928e+01	1.765436e+02
4.200000e-06	6.421339e-06	1.522318e-09	3.459606e+01	1.762655e+02
4.210000e-06	6.394237e-06	1.558067e-09	3.445004e+01	1.759790e+02
4.220000e-06	6.366626e-06	1.554079e-09	3.430128e+01	1.756843e+02
4.230000e-06	6.338733e-06	1.520080e-09	3.415100e+01	1.753816e+02
4.240000e-06	6.310635e-06	1.539166e-09	3.399962e+01	1.750713e+02
4.250000e-06	6.282135e-06	1.553475e-09	3.384607e+01	1.747538e+02
4.260000e-06	6.253177e-06	1.528942e-09	3.369005e+01	1.744292e+02
4.270000e-06	6.223753e-06	1.527038e-09	3.353153e+01	1.740981e+02
4.280000e-06	6.193577e-06	1.538154e-09	3.336895e+01	1.737605e+02
4.290000e-06	6.162611e-06	1.527661e-09	3.320211e+01	1.734169e+02
4.300000e-06	6.131107e-06	1.521986e-09	3.303238e+01	1.730675e+02
4.310000e-06	6.099189e-06	1.527973e-09	3.286042e+01	1.727123e+02
4.320000e-06	6.066817e-06	1.525349e-09	3.268601e+01	1.723516e+02
4.330000e-06	6.033990e-06	1.518446e-09	3.250915e+01	1.719855e+02
4.340000e-06	6.000903e-06	1.514995e-09	3.233088e+01	1.716139e+02
4.350000e-06	5.967385e-06	1.515031e-09	3.215030e+01	1.712367e+02
4.360000e-06	5.933407e-06	1.514683e-09	3.196724e+01	1.708540e+02
4.370000e-06	5.899113e-06	1.508764e-09	3.178248e+01	1.704654e+02
4.380000e-06	5.864411e-06	1.506253e-09	3.159551e+01	1.700707e+02
4.390000e-06	5.829309e-06	1.509348e-09	3.140640e+01	1.696697e+02
4.400000e-06	5.793789e-06	1.502601e-09	3.121502e+01	1.692620e+02
4.410000e-06	5.757979e-06	1.493908e-09	3.102209e+01	1.688472e+02
4.420000e-06	5.721955e-06	1.494861e-09	3.082800e+01	1.684248e+02
4.430000e-06	5.685620e-06	1.491506e-09	3.063225e+01	1.679944e+02
4.440000e-06	5.648904e-06	1.484116e-09	3.043443e+01	1.675554e+02
4.450000e-06	5.611730e-06	1.484917e-09	3.023415e+01	1.671075e+02
4.460000e-06	5.573796e-06	1.484632e-09	3.002978e+01	1.666500e+02
4.470000e-06	5.535013e-06	1.477405e-09	2.982082e+01	1.661825e+02
4.480000e-06	5.495626e-06	1.472933e-09	2.960862e+01	1.657045e+02
4.490000e-06	5.455864e-06	1.471414e-09	2.939440e+01	1.652157e+02
4.500000e-06	5.415866e-06	1.466554e-09	2.917890e+01	1.647155e+02
4.510000e-06	5.375675e-06	1.460409e-09	2.896236e+01	1.642036e+02
4.520000e-06	5.335165e-06	1.456342e-09	2.874411e+01	1.636799e+02
4.530000e-06	5.294261e-06	1.453158e-09	2.852373e+01	1.631439e+02
4.540000e-06	5.253114e-06	1.449174e-09	2.830205e+01	1.625956e+02
4.550000e-06	5.211633e-06	1.444656e-09	2.807856e+01	1.620349e+02
4.560000e-06	5.169680e-06	1.441776e-09	2.785253e+01	1.614617e+02
4.570000e-06	5.127397e-06	1.437824e-09	2.762472e+01	1.608762e+02
4.580000e-06	5.084681e-06	1.431330e-09	2.739458e+01	1.602784e+02
4.590000e-06	5.041582e-06	1.425143e-09	2.716238e+01	1.596685e+02
4.600000e-06	4.998180e-06	1.419550e-09	2.692855e+01	1.590468e+02
4.610000e-06	4.954407e-06	1.414339e-09	2.669271e+01	1.584136e+02
4.620000e-06	4.910437e-06	1.410740e-09	2.645582e+01	1.577692e+02
4.630000e-06	4.866316e-06	1.408792e-09	2.621811e+01	1.571141e+02
4.640000e-06	4.821872e-06	1.405295e-09	2.597865e+01	1.564486e+02
4.650000e-06	4.777123e-06	1.398009e-09	2.573756e+01	1.557731e+02
4.660000e-06	4.731981e-06	1.389105e-09	2.549435e+01	1.550882e+02
4.670000e-06	4.686415e-06	1.381056e-09	2.524886e+01	1.543943e+02
4.680000e-06	4.640586e-06	1.373687e-09	2.500195e+01	1.536916e+02
4.690000e-06	4.594283e-06	1.367129e-09	2.475248e+01	1.529807e+02
4.700000e-06	4.547593e-06	1.363036e-09	2.450093e+01	1.522619e+02
4.710000e-06	4.500767e-06	1.359853e-09	2.424865e+01	1.515354e+02
4.720000e-06	4.453808e-06	1.355319e-09	2.399565e+01	1.508015e+02
4.730000e-06	4.406464e-06	1.348232e-09	2.374058e+01	1.500603e+02
4.740000e-06	4.358657e-06	1.337250e-09	2.348301e+01	1.493119e+02
4.750000e-06	4.310605e-06	1.326837e-09	2.322412e+01	1.485563e+02
4.760000e-06	4.262209e-06	1.321019e-09	2.296338e+01	1.477934e+02
4.770000e-06	4.213369e-06	1.316516e-09	2.270024e+01	1.470231e+02
4.780000e-06	4.164176e-06	1.312761e-09	2.243521e+01	1.462450e+02
4.790000e-06	4.114718e-06	1.310286e-09	2.216875e+01	1.454588e+02
4.800000e-06	4.064853e-06	1.305496e-09	2.190009e+01	1.446642e+02
4.810000e-06	4.014718e-06	1.298097e-09	2.162998e+01	1.438605e+02
4.820000e-06	3.964295e-06	1.290335e-09	2.135831e+01	1.430473e+02
4.830000e-06	3.913392e-06	1.282812e-09	2.108406e+01	1.422238e+02
4.840000e-06	3.862226e-06	1.275325e-09	2.080840e+01	1.413895e+02
4.850000e-06	3.810807e-06	1.268540e-09	2.053137e+01	1.405436e+02
4.860000e-06	3.759131e-06	1.262520e-09	2.025296e+01	1.396854e+02
4.870000e-06	3.707278e-06	1.256174e-09	1.997359e+01	1.388141e+02
4.880000e-06	3.655088e-06	1.249353e-09	1.969241e+01	1.379289e+02
4.890000e-06	3.602524e-06	1.242963e-09	1.940921e+01	1.370293e+02
4.900000e-06	3.549619e-06	1.235599e-09	1.912418e+01	1.361143e+02
4.910000e-06	3.496291e-06	1.227554e-09	1.883686e+01	1.351835e+02
4.920000e-06	3.442629e-06	1.219980e-09	1.854775e+01	1.342360e+02
4.930000e-06	3.388567e-06	1.210446e-09	1.825648e+01	1.332715e+02
4.940000e-06	3.334073e-06	1.200137e-09	1.796288e+01	1.322894e+02
4.950000e-06	3.279263e-06	1.191799e-09	1.766759e+01	1.312894e+02
4.960000e-06	3.224120e-06	1.183744e-09	1.737049e+01	1.302710e+02
4.970000e-06	3.168813e-06	1.175013e-09	1.707252e+01	1.292341e+02
4.980000e-06	3.113340e-06	1.165608e-09	1.677365e+01	1.281785e+02
4.990000e-06	3.057599e-06	1.156123e-09	1.647334e+01	1.271042e+02
5.000000e-06	3.001680e-06	1.147006e-09	1.617206e+01	1.260112e+02
5.010000e-06	2.945709e-06	1.136536e-09	1.587051e+01	1.248997e+02
5.020000e-06	2.889617e-06	1.125049e-09	1.556831e+01	1.237699e+02
5.030000e-06	2.833248e-06	1.114702e-09	1.526460e+01	1.226220e+02
5.040000e-06	2.776674e-06	1.105346e-09	1.495980e+01	1.214565e+02
5.050000e-06	2.719896e-06	1.096739e-09	1.465390e+01	1.202737e+02
5.060000e-06	2.662957e-06	1.089000e-09	1.434714e+01	1.190740e+02
5.070000e-06	2.605877e-06	1.078783e-09	1.403960e+01	1.178579e+02
5.080000e-06	2.548585e-06	1.066081e-09	1.373093e+01	1.166258e+02
5.090000e-06	2.491069e-06	1.053672e-09	1.342106e+01	1.153783e+02
5.100000e-06	2.433408e-06	1.042295e-09	1.311040e+01	1.141158e+02
5.110000e-06	2.375624e-06	1.031582e-09	1.279908e+01	1.128387e+02
5.120000e-06	2.317744e-06	1.020742e-09	1.248724e+01	1.115472e+02
5.130000e-06	2.259742e-06	1.009297e-09	1.217474e+01	1.102417e+02
5.140000e-06	2.201433e-06	9.977348e-10	1.186059e+01	1.089223e+02
5.150000e-06	2.142857e-06	9.859778e-10	1.154501e+01	1.075891e+02
5.160000e-06	2.084213e-06	9.726266e-10	1.122905e+01	1.062421e+02
5.170000e-06	2.025487e-06	9.584398e-10	1.091265e+01	1.048810e+02
5.180000e-06	1.966587e-06	9.458119e-10	1.059532e+01	1.035056e+02
5.190000e-06	1.907558e-06	9.339914e-10	1.027729e+01	1.021154e+02
5.200000e-06	1.848293e-06	9.224060e-10	9.957994e+00	1.007097e+02
5.210000e-06	1.788858e-06	9.114265e-10	9.637779e+00	9.928782e+01
5.220000e-06	1.729386e-06	8.987341e-10	9.317362e+00	9.784883e+01
5.230000e-06	1.669847e-06	8.844695e-10	8.996587e+00	9.639163e+01
5.240000e-06	1.610267e-06	8.708162e-10	8.675585e+00	9.491502e+01
5.250000e-06	1.550599e-06	8.565832e-10	8.354115e+00	9.341763e+01
5.260000e-06	1.490778e-06	8.416809e-10	8.031820e+00	9.189797e+01
5.270000e-06	1.430822e-06	8.277784e-10	7.708797e+00	9.035443e+01
5.280000e-06	1.370889e-06	8.141091e-10	7.385895e+00	8.878531e+01
5.290000e-06	1.310939e-06	7.992888e-10	7.062909e+00	8.718880e+01
5.300000e-06	1.250891e-06	7.830711e-10	6.739391e+00	8.556306e+01
5.310000e-06	1.190746e-06	7.669413e-10	6.415347e+00	8.390617e+01
5.320000e-06	1.130506e-06	7.509497e-10	6.090795e+00	8.221620e+01
5.330000e-06	1.070313e-06	7.356099e-10	5.766494e+00	8.049122e+01
5.340000e-06	1.010029e-06	7.215524e-10	5.441701e+00	7.872933e+01
5.350000e-06	9.495791e-07	7.063683e-10	5.116019e+00	7.692867e+01
5.360000e-06	8.891826e-07	6.888143e-10	4.790623e+00	7.508746e+01
5.370000e-06	8.288063e-07	6.700050e-10	4.465335e+00	7.320401e+01
5.380000e-06	7.684093e-07	6.508801e-10	4.139936e+00	7.127676e+01
5.390000e-06	7.078990e-07	6.317887e-10	3.813927e+00	6.930430e+01
5.400000e-06	6.472607e-07	6.128501e-10	3.487227e+00	6.728538e+01
5.410000e-06	5.865786e-07	5.945357e-10	3.160292e+00	6.521896e+01
5.420000e-06	5.257968e-07	5.771136e-10	2.832820e+00	6.310417e+01
5.430000e-06	4.649425e-07	5.588608e-10	2.504957e+00	6.094042e+01
5.440000e-06	4.042221e-07	5.393671e-10	2.177816e+00	5.872733e+01
5.450000e-06	3.435423e-07	5.181920e-10	1.850893e+00	5.646479e+01
5.460000e-06	2.827615e-07	4.956971e-10	1.523425e+00	5.415295e+01
5.470000e-06	2.218971e-07	4.739671e-10	1.195508e+00	5.179224e+01
5.480000e-06	1.609767e-07	4.532459e-10	8.672892e-01	4.938337e+01
5.490000e-06	1.001710e-07	4.331294e-10	5.396884e-01	4.692734e+01
5.500000e-06	3.942803e-08	4.120787e-10	2.124252e-01	4.442542e+01
5.510000e-06	-2.139238e-08	3.888823e-10	-1.152551e-01	4.187916e+01
5.520000e-06	-8.227008e-08	3.644392e-10	-4.432441e-01	3.929039e+01
5.530000e-06	-1.429873e-07	3.407391e-10	-7.703686e-01	3.666119e+01
5.540000e-06	-2.036429e-07	3.180370e-10	-1.097161e+00	3.399390e+01
5.550000e-06	-2.644340e-07	2.960840e-10	-1.424683e+00	3.129109e+01
5.560000e-06	-3.251727e-07	2.732063e-10	-1.751923e+00	2.855554e+01
5.570000e-06	-3.857434e-07	2.480822e-10	-2.078258e+00	2.579024e+01
5.580000e-06	-4.461810e-07	2.225184e-10	-2.403876e+00	2.299834e+01
5.590000e-06	-5.065703e-07	1.971284e-10	-2.729233e+00	2.018315e+01
5.600000e-06	-5.671067e-07	1.729784e-10	-3.055384e+00	1.734809e+01
5.610000e-06	-6.277041e-07	1.484115e-10	-3.381863e+00	1.449672e+01
5.620000e-06	-6.882123e-07	1.224398e-10	-3.707861e+00	1.163261e+01
5.630000e-06	-7.486933e-07	9.752488e-11	-4.033712e+00	8.759429e+00
5.640000e-06	-8.090697e-07	7.204718e-11	-4.359001e+00	5.880826e+00
5.650000e-06	-8.693879e-07	4.444606e-11	-4.683975e+00	3.000452e+00
5.660000e-06	-9.297041e-07	1.714534e-11	-5.008939e+00	1.219127e-01
5.670000e-06	-9.899175e-07	-8.756809e-12	-5.333349e+00	-2.751255e+00
5.680000e-06	-1.050076e-06	-3.305565e-11	-5.657464e+00	-5.615608e+00
5.690000e-06	-1.110240e-06	-5.536782e-11	-5.981608e+00	-8.467824e+00
5.700000e-06	-1.170387e-06	-7.922293e-11	-6.305660e+00	-1.130472e+01
5.710000e-06	-1.230455e-06	-1.059094e-10	-6.629288e+00	-1.412329e+01
5.720000e-06	-1.290475e-06	-1.318270e-10	-6.952655e+00	-1.692068e+01
5.730000e-06	-1.350450e-06	-1.549955e-10	-7.275779e+00	-1.969428e+01
5.740000e-06	-1.410320e-06	-1.774460e-10	-7.598337e+00	-2.244167e+01
5.750000e-06	-1.470172e-06	-2.012702e-10	-7.920804e+00	-2.516066e+01
5.760000e-06	-1.529897e-06	-2.269161e-10	-8.242582e+00	-2.784929e+01
5.770000e-06	-1.589471e-06	-2.519552e-10	-8.563543e+00	-3.050585e+01
5.780000e-06	-1.648957e-06	-2.748851e-10	-8.884038e+00	-3.312889e+01
5.790000e-06	-1.708407e-06	-2.982454e-10	-9.204332e+00	-3.571718e+01
5.800000e-06	-1.767774e-06	-3.232394e-10	-9.524186e+00	-3.826975e+01
5.810000e-06	-1.827029e-06	-3.481585e-10	-9.843430e+00	-4.078588e+01
5.820000e-06	-1.886207e-06	-3.706008e-10	-1.016226e+01	-4.326505e+01
5.830000e-06	-1.945197e-06	-3.923796e-10	-1.048008e+01	-4.570700e+01
5.840000e-06	-2.004069e-06	-4.162310e-10	-1.079726e+01	-4.811167e+01
5.850000e-06	-2.062855e-06	-4.404335e-10	-1.111398e+01	-5.047917e+01
5.860000e-06	-2.121442e-06	-4.630970e-10	-1.142963e+01	-5.280982e+01
5.870000e-06	-2.179824e-06	-4.840142e-10	-1.174417e+01	-5.510410e+01
5.880000e-06	-2.237923e-06	-5.039152e-10	-1.205719e+01	-5.736262e+01
5.890000e-06	-2.295791e-06	-5.237503e-10	-1.236896e+01	-5.958613e+01
5.900000e-06	-2.353494e-06	-5.442692e-10	-1.267985e+01	-6.177547e+01
5.910000e-06	-2.411108e-06	-5.652449e-10	-1.299026e+01	-6.393156e+01
5.920000e-06	-2.468667e-06	-5.850066e-10	-1.330037e+01	-6.605541e+01
5.930000e-06	-2.526040e-06	-6.043817e-10	-1.360947e+01	-6.814804e+01
5.940000e-06	-2.583203e-06	-6.247852e-10	-1.391745e+01	-7.021051e+01
5.950000e-06	-2.640158e-06	-6.456192e-10	-1.422430e+01	-7.224386e+01
5.960000e-06	-2.696822e-06	-6.655796e-10	-1.452959e+01	-7.424914e+01
5.970000e-06	-2.753220e-06	-6.839971e-10	-1.483344e+01	-7.622736e+01
5.980000e-06	-2.809582e-06	-7.009777e-10	-1.513710e+01	-7.817948e+01
5.990000e-06	-2.865872e-06	-7.174727e-10	-1.544038e+01	-8.010638e+01
6.000000e-06	-2.921992e-06	-7.351933e-10	-1.574273e+01	-8.200889e+01
6.010000e-06	-2.977954e-06	-7.530732e-10	-1.604423e+01	-8.388776e+01
6.020000e-06	-3.033796e-06	-7.685777e-10	-1.634509e+01	-8.574363e+01
6.030000e-06	-3.089479e-06	-7.837967e-10	-1.664509e+01	-8.757706e+01
6.040000e-06	-3.145009e-06	-8.011091e-10	-1.694427e+01	-8.938849e+01
6.050000e-06	-3.200288e-06	-8.182341e-10	-1.724210e+01	-9.117830e+01
6.060000e-06	-3.255067e-06	-8.345119e-10	-1.753723e+01	-9.294673e+01
6.070000e-06	-3.309309e-06	-8.501076e-10	-1.782947e+01	-9.469396e+01
6.080000e-06	-3.363169e-06	-8.656786e-10	-1.811964e+01	-9.642004e+01
6.090000e-06	-3.416824e-06	-8.825132e-10	-1.840872e+01	-9.812496e+01
6.100000e-06	-3.470176e-06	-8.996033e-10	-1.869616e+01	-9.980864e+01
6.110000e-06	-3.523155e-06	-9.147372e-10	-1.898160e+01	-1.014709e+02
6.120000e-06	-3.575725e-06	-9.278425e-10	-1.926483e+01	-1.031116e+02
6.130000e-06	-3.628031e-06	-9.415121e-10	-1.954663e+01	-1.047304e+02
6.140000e-06	-3.680213e-06	-9.562326e-10	-1.982777e+01	-1.063270e+02
6.150000e-06	-3.732100e-06	-9.714665e-10	-2.010732e+01	-1.079011e+02
6.160000e-06	-3.783693e-06	-9.868434e-10	-2.038529e+01	-1.094524e+02
6.170000e-06	-3.835030e-06	-1.000983e-09	-2.066188e+01	-1.109806e+02
6.180000e-06	-3.886120e-06	-1.014044e-09	-2.093713e+01	-1.124853e+02
6.190000e-06	-3.936810e-06	-1.027027e-09	-2.121023e+01	-1.139663e+02
6.200000e-06	-3.987153e-06	-1.040043e-09	-2.148146e+01	-1.154233e+02
6.210000e-06	-4.037377e-06	-1.052035e-09	-2.175206e+01	-1.168560e+02
6.220000e-06	-4.087347e-06	-1.063710e-09	-2.202128e+01	-1.182644e+02
6.230000e-06	-4.136818e-06	-1.076310e-09	-2.228781e+01	-1.196483e+02
6.240000e-06	-4.185763e-06	-1.088596e-09	-2.255151e+01	-1.210076e+02
6.250000e-06	-4.234300e-06	-1.100381e-09	-2.281301e+01	-1.223423e+02
6.260000e-06	-4.282344e-06	-1.112204e-09	-2.307186e+01	-1.236526e+02
6.270000e-06	-4.330019e-06	-1.122690e-09	-2.332871e+01	-1.249386e+02
6.280000e-06	-4.377430e-06	-1.132585e-09	-2.358415e+01	-1.262004e+02
6.290000e-06	-4.424467e-06	-1.145220e-09	-2.383757e+01	-1.274384e+02
6.300000e-06	-4.471065e-06	-1.158501e-09	-2.408862e+01	-1.286528e+02
6.310000e-06	-4.517458e-06	-1.169328e-09	-2.433857e+01	-1.298441e+02
6.320000e-06	-4.563761e-06	-1.178377e-09	-2.458804e+01	-1.310127e+02
6.330000e-06	-4.609801e-06	-1.188371e-09	-2.483609e+01	-1.321589e+02
6.340000e-06	-4.655585e-06	-1.199620e-09	-2.508276e+01	-1.332834e+02
6.350000e-06	-4.700883e-06	-1.210111e-09	-2.532680e+01	-1.343867e+02
6.360000e-06	-4.745701e-06	-1.219930e-09	-2.556827e+01	-1.354693e+02
6.370000e-06	-4.790241e-06	-1.229162e-09	-2.580824e+01	-1.365317e+02
6.380000e-06	-4.834500e-06	-1.238395e-09	-2.604669e+01	-1.375746e+02
6.390000e-06	-4.878511e-06	-1.247209e-09	-2.628381e+01	-1.385984e+02
6.400000e-06	-4.922401e-06	-1.254905e-09	-2.652027e+01	-1.396038e+02
6.410000e-06	-4.966061e-06	-1.261395e-09	-2.675550e+01	-1.405912e+02
6.420000e-06	-5.009409e-06	-1.268668e-09	-2.698904e+01	-1.415611e+02
6.430000e-06	-5.052393e-06	-1.278554e-09	-2.722063e+01	-1.425141e+02
6.440000e-06	-5.094963e-06	-1.288890e-09	-2.744998e+01	-1.434505e+02
6.450000e-06	-5.137204e-06	-1.298319e-09	-2.767756e+01	-1.443708e+02
6.460000e-06	-5.179163e-06	-1.306546e-09	-2.790362e+01	-1.452753e+02
6.470000e-06	-5.220825e-06	-1.313674e-09	-2.812808e+01	-1.461644e+02
6.480000e-06	-5.262036e-06	-1.321139e-09	-2.835012e+01	-1.470383e+02
6.490000e-06	-5.302845e-06	-1.328931e-09	-2.856998e+01	-1.478972e+02
6.500000e-06	-5.343307e-06	-1.335884e-09	-2.878798e+01	-1.487415e+02
6.510000e-06	-5.383484e-06	-1.342879e-09	-2.900444e+01	-1.495714e+02
6.520000e-06	-5.423481e-06	-1.351304e-09	-2.921993e+01	-1.503868e+02
6.530000e-06	-5.463218e-06	-1.360114e-09	-2.943402e+01	-1.511881e+02
6.540000e-06	-5.502427e-06	-1.366613e-09	-2.964526e+01	-1.519753e+02
6.550000e-06	-5.541097e-06	-1.372505e-09	-2.985360e+01	-1.527486e+02
6.560000e-06	-5.579240e-06	-1.379618e-09	-3.005910e+01	-1.535079e+02
6.570000e-06	-5.616728e-06	-1.386145e-09	-3.026108e+01	-1.542536e+02
6.580000e-06	-5.653637e-06	-1.391845e-09	-3.045993e+01	-1.549855e+02
6.590000e-06	-5.690020e-06	-1.397262e-09	-3.065595e+01	-1.557039e+02
6.600000e-06	-5.726046e-06	-1.402544e-09	-3.085005e+01	-1.564089e+02
6.610000e-06	-5.761886e-06	-1.408328e-09	-3.104314e+01	-1.571006e+02
6.620000e-06	-5.797425e-06	-1.414790e-09	-3.123461e+01	-1.577792e+02
6.630000e-06	-5.832543e-06	-1.421041e-09	-3.142382e+01	-1.584449e+02
6.640000e-06	-5.867289e-06	-1.425952e-09	-3.161102e+01	-1.590978e+02
6.650000e-06	-5.901650e-06	-1.430482e-09	-3.179614e+01	-1.597382e+02
6.660000e-06	-5.935612e-06	-1.435408e-09	-3.197912e+01	-1.603664e+02
6.670000e-06	-5.969056e-06	-1.440798e-09	-3.215931e+01	-1.609826e+02
6.680000e-06	-6.002011e-06	-1.446258e-09	-3.233686e+01	-1.615871e+02
6.690000e-06	-6.034594e-06	-1.450054e-09	-3.251240e+01	-1.621803e+02
6.700000e-06	-6.066806e-06	-1.453365e-09	-3.268595e+01	-1.627624e+02
6.710000e-06	-6.098701e-06	-1.458225e-09	-3.285779e+01	-1.633339e+02
6.720000e-06	-6.130327e-06	-1.464057e-09	-3.302818e+01	-1.638950e+02
6.730000e-06	-6.161448e-06	-1.468972e-09	-3.319585e+01	-1.644462e+02
6.740000e-06	-6.191907e-06	-1.471506e-09	-3.335995e+01	-1.649877e+02
6.750000e-06	-6.221745e-06	-1.473728e-09	-3.352071e+01	-1.655200e+02
6.760000e-06	-6.250907e-06	-1.478109e-09	-3.367783e+01	-1.660433e+02
6.770000e-06	-6.279544e-06	-1.482324e-09	-3.383211e+01	-1.665580e+02
6.780000e-06	-6.307811e-06	-1.485029e-09	-3.398441e+01	-1.670643e+02
6.790000e-06	-6.335823e-06	-1.487646e-09	-3.413532e+01	-1.675625e+02
6.800000e-06	-6.363489e-06	-1.490425e-09	-3.428438e+01	-1.680528e+02
6.810000e-06	-6.390629e-06	-1.493302e-09	-3.443060e+01	-1.685354e+02
6.820000e-06	-6.417301e-06	-1.496317e-09	-3.457430e+01	-1.690105e+02
6.830000e-06	-6.443475e-06	-1.499619e-09	-3.471532e+01	-1.694782e+02
6.840000e-06	-6.469177e-06	-1.503221e-09	-3.485379e+01	-1.699386e+02
6.850000e-06	-6.494416e-06	-1.505726e-09	-3.498977e+01	-1.703916e+02
6.860000e-06	-6.519196e-06	-1.507547e-09	-3.512328e+01	-1.708374e+02
6.870000e-06	-6.543649e-06	-1.510054e-09	-3.525502e+01	-1.712759e+02
6.880000e-06	-6.567785e-06	-1.513180e-09	-3.538506e+01	-1.717070e+02
6.890000e-06	-6.591617e-06	-1.517280e-09	-3.551346e+01	-1.721306e+02
6.900000e-06	-6.615009e-06	-1.521062e-09	-3.563948e+01	-1.725466e+02
6.910000e-06	-6.637764e-06	-1.523737e-09	-3.576208e+01	-1.729549e+02
6.920000e-06	-6.659973e-06	-1.525815e-09	-3.588174e+01	-1.733553e+02
6.930000e-06	-6.681430e-06	-1.527346e-09	-3.599734e+01	-1.737476e+02
6.940000e-06	-6.702064e-06	-1.529545e-09	-3.610851e+01	-1.741318e+02
6.950000e-06	-6.722350e-06	-1.532567e-09	-3.621781e+01	-1.745076e+02
6.960000e-06	-6.742384e-06	-1.535144e-09	-3.632574e+01	-1.748748e+02
6.970000e-06	-6.762023e-06	-1.537242e-09	-3.643155e+01	-1.752334e+02
6.980000e-06	-6.781158e-06	-1.539449e-09	-3.653464e+01	-1.755831e+02
6.990000e-06	-6.799722e-06	-1.541027e-09	-3.663466e+01	-1.759239e+02
7.000000e-06	-6.817867e-06	-1.541973e-09	-3.673242e+01	-1.762557e+02
7.010000e-06	-6.835656e-06	-1.544394e-09	-3.682826e+01	-1.765784e+02
7.020000e-06	-6.852946e-06	-1.547566e-09	-3.692141e+01	-1.768920e+02
7.030000e-06	-6.869714e-06	-1.549380e-09	-3.701175e+01	-1.771965e+02
7.040000e-06	-6.886119e-06	-1.550911e-09	-3.710014e+01	-1.774918e+02
7.050000e-06	-6.902167e-06	-1.553086e-09	-3.718660e+01	-1.777781e+02
7.060000e-06	-6.917836e-06	-1.555570e-09	-3.727102e+01	-1.780553e+02
7.070000e-06	-6.933091e-06	-1.557603e-09	-3.735321e+01	-1.783237e+02
7.080000e-06	-6.947576e-06	-1.558165e-09	-3.743125e+01	-1.785833e+02
7.090000e-06	-6.961138e-06	-1.559166e-09	-3.750431e+01	-1.788342e+02
7.100000e-06	-6.973973e-06	-1.561979e-09	-3.757347e+01	-1.790766e+02
7.110000e-06	-6.986291e-06	-1.564381e-09	-3.763983e+01	-1.793107e+02
7.120000e-06	-6.998146e-06	-1.565443e-09	-3.770370e+01	-1.795365e+02
7.130000e-06	-7.009550e-06	-1.566186e-09	-3.776515e+01	-1.797543e+02
7.140000e-06	-7.020441e-06	-1.567667e-09	-3.782382e+01	-1.799641e+02
7.150000e-06	-7.030698e-06	-1.569032e-09	-3.787908e+01	-1.801661e+02
7.160000e-06	-7.040466e-06	-1.569822e-09	-3.793171e+01	-1.803604e+02
7.170000e-06	-7.049805e-06	-1.571229e-09	-3.798202e+01	-1.805471e+02
7.180000e-06	-7.058680e-06	-1.572644e-09	-3.802984e+01	-1.807262e+02
7.190000e-06	-7.067150e-06	-1.573450e-09	-3.807547e+01	-1.808979e+02
7.200000e-06	-7.075279e-06	-1.574912e-09	-3.811927e+01	-1.810620e+02
7.210000e-06	-7.083104e-06	-1.575723e-09	-3.816143e+01	-1.812185e+02
7.220000e-06	-7.090358e-06	-1.574739e-09	-3.820051e+01	-1.813675e+02
7.230000e-06	-7.096832e-06	-1.574061e-09	-3.823539e+01	-1.815088e+02
7.240000e-06	-7.102668e-06	-1.574259e-09	-3.826683e+01	-1.816422e+02
7.250000e-06	-7.107830e-06	-1.574833e-09	-3.829464e+01	-1.817677e+02
7.260000e-06	-7.112328e-06	-1.575981e-09	-3.831888e+01	-1.818852e+02
7.270000e-06	-7.116419e-06	-1.575841e-09	-3.834092e+01	-1.819943e+02
7.280000e-06	-7.120204e-06	-1.575515e-09	-3.836131e+01	-1.820950e+02
7.290000e-06	-7.123560e-06	-1.576081e-09	-3.837939e+01	-1.821870e+02
7.300000e-06	-7.126425e-06	-1.576010e-09	-3.839483e+01	-1.822701e+02
7.310000e-06	-7.128807e-06	-1.575684e-09	-3.840766e+01	-1.823442e+02
7.320000e-06	-7.130708e-06	-1.575722e-09	-3.841790e+01	-1.824091e+02
7.330000e-06	-7.132142e-06	-1.576139e-09	-3.842563e+01	-1.824646e+02
7.340000e-06	-7.133001e-06	-1.577006e-09	-3.843026e+01	-1.825107e+02
