# Temperatura_=_20.0
# Concentracion g/m^3_=_7400.0
# C_Vs_to_Am_M_A/Vsm_=_116720831517.84952
# pendiente_HvsI_1/m_=_3716.3
# ordenada_HvsI_A/m_=_1297.0
# frecuencia_Hz_=_136113.31837402043

Tiempo_(s)	Campo_(V.s)	Magnetizacion_(V.s)	Campo_(kA/m)	Magnetizacion_(A/m)
0.000000e+00	-7.121488e-06	-1.626338e-09	-3.842627e+01	-1.877833e+02
1.000000e-08	-7.121499e-06	-1.625081e-09	-3.842633e+01	-1.878020e+02
2.000000e-08	-7.121236e-06	-1.624513e-09	-3.842491e+01	-1.878103e+02
3.000000e-08	-7.120508e-06	-1.623853e-09	-3.842098e+01	-1.878086e+02
4.000000e-08	-7.119055e-06	-1.623672e-09	-3.841314e+01	-1.877973e+02
5.000000e-08	-7.116836e-06	-1.624363e-09	-3.840117e+01	-1.877768e+02
6.000000e-08	-7.113953e-06	-1.624317e-09	-3.838561e+01	-1.877475e+02
7.000000e-08	-7.110548e-06	-1.624333e-09	-3.836724e+01	-1.877101e+02
8.000000e-08	-7.106829e-06	-1.627227e-09	-3.834717e+01	-1.876649e+02
9.000000e-08	-7.102510e-06	-1.623728e-09	-3.832387e+01	-1.876124e+02
1.000000e-07	-7.097392e-06	-1.601148e-09	-3.829625e+01	-1.875532e+02
1.100000e-07	-7.091777e-06	-1.591551e-09	-3.826595e+01	-1.874877e+02
1.200000e-07	-7.085934e-06	-1.629245e-09	-3.823443e+01	-1.874163e+02
1.300000e-07	-7.079618e-06	-1.656702e-09	-3.820035e+01	-1.873396e+02
1.400000e-07	-7.072662e-06	-1.616606e-09	-3.816282e+01	-1.872579e+02
1.500000e-07	-7.065315e-06	-1.574234e-09	-3.812317e+01	-1.871716e+02
1.600000e-07	-7.057788e-06	-1.615558e-09	-3.808256e+01	-1.870810e+02
1.700000e-07	-7.049911e-06	-1.652696e-09	-3.804005e+01	-1.869865e+02
1.800000e-07	-7.041345e-06	-1.590715e-09	-3.799384e+01	-1.868883e+02
1.900000e-07	-7.032062e-06	-1.546414e-09	-3.794375e+01	-1.867866e+02
2.000000e-07	-7.022270e-06	-1.613259e-09	-3.789091e+01	-1.866816e+02
2.100000e-07	-7.012086e-06	-1.663289e-09	-3.783596e+01	-1.865735e+02
2.200000e-07	-7.001174e-06	-1.596840e-09	-3.777708e+01	-1.864622e+02
2.300000e-07	-6.989528e-06	-1.548940e-09	-3.771424e+01	-1.863479e+02
2.400000e-07	-6.977326e-06	-1.599534e-09	-3.764840e+01	-1.862305e+02
2.500000e-07	-6.964503e-06	-1.623936e-09	-3.757921e+01	-1.861099e+02
2.600000e-07	-6.951056e-06	-1.577342e-09	-3.750665e+01	-1.859861e+02
2.700000e-07	-6.937113e-06	-1.572212e-09	-3.743142e+01	-1.858588e+02
2.800000e-07	-6.922747e-06	-1.607435e-09	-3.735390e+01	-1.857280e+02
2.900000e-07	-6.907551e-06	-1.592547e-09	-3.727191e+01	-1.855933e+02
3.000000e-07	-6.891547e-06	-1.565537e-09	-3.718555e+01	-1.854546e+02
3.100000e-07	-6.875232e-06	-1.584574e-09	-3.709752e+01	-1.853115e+02
3.200000e-07	-6.858410e-06	-1.585900e-09	-3.700675e+01	-1.851638e+02
3.300000e-07	-6.841087e-06	-1.553914e-09	-3.691328e+01	-1.850111e+02
3.400000e-07	-6.823340e-06	-1.569963e-09	-3.681752e+01	-1.848532e+02
3.500000e-07	-6.804921e-06	-1.600380e-09	-3.671814e+01	-1.846897e+02
3.600000e-07	-6.785939e-06	-1.566931e-09	-3.661571e+01	-1.845204e+02
3.700000e-07	-6.766608e-06	-1.533956e-09	-3.651140e+01	-1.843447e+02
3.800000e-07	-6.746982e-06	-1.564854e-09	-3.640550e+01	-1.841626e+02
3.900000e-07	-6.727015e-06	-1.580786e-09	-3.629776e+01	-1.839736e+02
4.000000e-07	-6.706535e-06	-1.547881e-09	-3.618726e+01	-1.837776e+02
4.100000e-07	-6.685642e-06	-1.545058e-09	-3.607452e+01	-1.835742e+02
4.200000e-07	-6.664296e-06	-1.569676e-09	-3.595935e+01	-1.833632e+02
4.300000e-07	-6.642397e-06	-1.556532e-09	-3.584118e+01	-1.831446e+02
4.400000e-07	-6.620002e-06	-1.535177e-09	-3.572034e+01	-1.829180e+02
4.500000e-07	-6.597109e-06	-1.544444e-09	-3.559682e+01	-1.826833e+02
4.600000e-07	-6.573807e-06	-1.546027e-09	-3.547108e+01	-1.824406e+02
4.700000e-07	-6.550232e-06	-1.531578e-09	-3.534388e+01	-1.821897e+02
4.800000e-07	-6.526342e-06	-1.537496e-09	-3.521497e+01	-1.819306e+02
4.900000e-07	-6.501911e-06	-1.543100e-09	-3.508314e+01	-1.816633e+02
5.000000e-07	-6.476748e-06	-1.520730e-09	-3.494737e+01	-1.813879e+02
5.100000e-07	-6.450859e-06	-1.509321e-09	-3.480768e+01	-1.811045e+02
5.200000e-07	-6.424471e-06	-1.522807e-09	-3.466529e+01	-1.808131e+02
5.300000e-07	-6.397554e-06	-1.519555e-09	-3.452005e+01	-1.805139e+02
5.400000e-07	-6.370161e-06	-1.504592e-09	-3.437225e+01	-1.802071e+02
5.500000e-07	-6.342395e-06	-1.510813e-09	-3.422242e+01	-1.798927e+02
5.600000e-07	-6.314211e-06	-1.517231e-09	-3.407035e+01	-1.795711e+02
5.700000e-07	-6.285617e-06	-1.504076e-09	-3.391606e+01	-1.792423e+02
5.800000e-07	-6.256578e-06	-1.497358e-09	-3.375937e+01	-1.789066e+02
5.900000e-07	-6.227185e-06	-1.501115e-09	-3.360077e+01	-1.785640e+02
6.000000e-07	-6.197404e-06	-1.493756e-09	-3.344008e+01	-1.782149e+02
6.100000e-07	-6.167012e-06	-1.486220e-09	-3.327609e+01	-1.778592e+02
6.200000e-07	-6.136180e-06	-1.490533e-09	-3.310973e+01	-1.774972e+02
6.300000e-07	-6.105145e-06	-1.487304e-09	-3.294227e+01	-1.771290e+02
6.400000e-07	-6.073801e-06	-1.475730e-09	-3.277314e+01	-1.767545e+02
6.500000e-07	-6.042102e-06	-1.475054e-09	-3.260210e+01	-1.763739e+02
6.600000e-07	-6.010060e-06	-1.476378e-09	-3.242921e+01	-1.759871e+02
6.700000e-07	-5.977484e-06	-1.468524e-09	-3.225343e+01	-1.755941e+02
6.800000e-07	-5.944265e-06	-1.464211e-09	-3.207419e+01	-1.751947e+02
6.900000e-07	-5.910342e-06	-1.464186e-09	-3.189115e+01	-1.747889e+02
7.000000e-07	-5.875811e-06	-1.456374e-09	-3.170482e+01	-1.743764e+02
7.100000e-07	-5.840863e-06	-1.447826e-09	-3.151625e+01	-1.739571e+02
7.200000e-07	-5.805512e-06	-1.445155e-09	-3.132550e+01	-1.735306e+02
7.300000e-07	-5.769838e-06	-1.441764e-09	-3.113301e+01	-1.730967e+02
7.400000e-07	-5.733895e-06	-1.436451e-09	-3.093907e+01	-1.726551e+02
7.500000e-07	-5.697595e-06	-1.434458e-09	-3.074320e+01	-1.722054e+02
7.600000e-07	-5.660871e-06	-1.433250e-09	-3.054505e+01	-1.717471e+02
7.700000e-07	-5.623704e-06	-1.429547e-09	-3.034450e+01	-1.712800e+02
7.800000e-07	-5.586136e-06	-1.424479e-09	-3.014179e+01	-1.708036e+02
7.900000e-07	-5.548228e-06	-1.417320e-09	-2.993724e+01	-1.703174e+02
8.000000e-07	-5.509895e-06	-1.408030e-09	-2.973040e+01	-1.698210e+02
8.100000e-07	-5.471060e-06	-1.400327e-09	-2.952086e+01	-1.693142e+02
8.200000e-07	-5.431798e-06	-1.395232e-09	-2.930901e+01	-1.687963e+02
8.300000e-07	-5.392256e-06	-1.390863e-09	-2.909564e+01	-1.682672e+02
8.400000e-07	-5.352508e-06	-1.387591e-09	-2.888118e+01	-1.677265e+02
8.500000e-07	-5.312488e-06	-1.384259e-09	-2.866523e+01	-1.671738e+02
8.600000e-07	-5.272030e-06	-1.379175e-09	-2.844693e+01	-1.666090e+02
8.700000e-07	-5.231173e-06	-1.372910e-09	-2.822647e+01	-1.660319e+02
8.800000e-07	-5.189939e-06	-1.366440e-09	-2.800398e+01	-1.654422e+02
8.900000e-07	-5.148115e-06	-1.358736e-09	-2.777830e+01	-1.648400e+02
9.000000e-07	-5.105672e-06	-1.350693e-09	-2.754929e+01	-1.642251e+02
9.100000e-07	-5.062708e-06	-1.344324e-09	-2.731746e+01	-1.635977e+02
9.200000e-07	-5.019398e-06	-1.339606e-09	-2.708377e+01	-1.629577e+02
9.300000e-07	-4.975845e-06	-1.334987e-09	-2.684876e+01	-1.623055e+02
9.400000e-07	-4.931976e-06	-1.328960e-09	-2.661206e+01	-1.616411e+02
9.500000e-07	-4.887691e-06	-1.322082e-09	-2.637311e+01	-1.609648e+02
9.600000e-07	-4.843042e-06	-1.315894e-09	-2.613219e+01	-1.602769e+02
9.700000e-07	-4.798209e-06	-1.309507e-09	-2.589028e+01	-1.595778e+02
9.800000e-07	-4.752988e-06	-1.302074e-09	-2.564627e+01	-1.588678e+02
9.900000e-07	-4.707349e-06	-1.293981e-09	-2.540001e+01	-1.581473e+02
1.000000e-06	-4.661495e-06	-1.287379e-09	-2.515259e+01	-1.574167e+02
1.010000e-06	-4.615361e-06	-1.281882e-09	-2.490366e+01	-1.566765e+02
1.020000e-06	-4.568912e-06	-1.276339e-09	-2.465303e+01	-1.559269e+02
1.030000e-06	-4.522198e-06	-1.270249e-09	-2.440097e+01	-1.551685e+02
1.040000e-06	-4.475245e-06	-1.263718e-09	-2.414762e+01	-1.544015e+02
1.050000e-06	-4.427947e-06	-1.258500e-09	-2.389241e+01	-1.536263e+02
1.060000e-06	-4.380299e-06	-1.253317e-09	-2.363531e+01	-1.528431e+02
1.070000e-06	-4.332414e-06	-1.246863e-09	-2.337693e+01	-1.520523e+02
1.080000e-06	-4.284220e-06	-1.238991e-09	-2.311688e+01	-1.512538e+02
1.090000e-06	-4.235633e-06	-1.231011e-09	-2.285472e+01	-1.504480e+02
1.100000e-06	-4.186597e-06	-1.223994e-09	-2.259012e+01	-1.496346e+02
1.110000e-06	-4.137029e-06	-1.216908e-09	-2.232267e+01	-1.488138e+02
1.120000e-06	-4.087076e-06	-1.208956e-09	-2.205313e+01	-1.479853e+02
1.130000e-06	-4.036919e-06	-1.201032e-09	-2.178249e+01	-1.471490e+02
1.140000e-06	-3.986410e-06	-1.193907e-09	-2.150995e+01	-1.463046e+02
1.150000e-06	-3.935364e-06	-1.187372e-09	-2.123452e+01	-1.454516e+02
1.160000e-06	-3.883946e-06	-1.180442e-09	-2.095708e+01	-1.445897e+02
1.170000e-06	-3.832343e-06	-1.172250e-09	-2.067863e+01	-1.437183e+02
1.180000e-06	-3.780498e-06	-1.164273e-09	-2.039889e+01	-1.428368e+02
1.190000e-06	-3.728277e-06	-1.156444e-09	-2.011711e+01	-1.419447e+02
1.200000e-06	-3.675692e-06	-1.147835e-09	-1.983337e+01	-1.410413e+02
1.210000e-06	-3.622908e-06	-1.139939e-09	-1.954856e+01	-1.401258e+02
1.220000e-06	-3.569758e-06	-1.132720e-09	-1.926177e+01	-1.391976e+02
1.230000e-06	-3.516156e-06	-1.124737e-09	-1.897255e+01	-1.382560e+02
1.240000e-06	-3.462389e-06	-1.115957e-09	-1.868243e+01	-1.373001e+02
1.250000e-06	-3.408474e-06	-1.108118e-09	-1.839151e+01	-1.363294e+02
1.260000e-06	-3.354268e-06	-1.100618e-09	-1.809903e+01	-1.353432e+02
1.270000e-06	-3.299847e-06	-1.090578e-09	-1.780538e+01	-1.343408e+02
1.280000e-06	-3.245293e-06	-1.079962e-09	-1.751102e+01	-1.333216e+02
1.290000e-06	-3.190572e-06	-1.071496e-09	-1.721575e+01	-1.322852e+02
1.300000e-06	-3.135692e-06	-1.063289e-09	-1.691963e+01	-1.312310e+02
1.310000e-06	-3.080469e-06	-1.054050e-09	-1.662166e+01	-1.301588e+02
1.320000e-06	-3.025033e-06	-1.044727e-09	-1.632253e+01	-1.290682e+02
1.330000e-06	-2.969537e-06	-1.034774e-09	-1.602309e+01	-1.279590e+02
1.340000e-06	-2.913863e-06	-1.024230e-09	-1.572268e+01	-1.268310e+02
1.350000e-06	-2.858078e-06	-1.014908e-09	-1.542168e+01	-1.256843e+02
1.360000e-06	-2.802167e-06	-1.005950e-09	-1.511999e+01	-1.245189e+02
1.370000e-06	-2.746034e-06	-9.967410e-10	-1.481711e+01	-1.233348e+02
1.380000e-06	-2.689746e-06	-9.877917e-10	-1.451338e+01	-1.221322e+02
1.390000e-06	-2.633335e-06	-9.784189e-10	-1.420900e+01	-1.209115e+02
1.400000e-06	-2.576597e-06	-9.683528e-10	-1.390286e+01	-1.196727e+02
1.410000e-06	-2.519539e-06	-9.574397e-10	-1.359498e+01	-1.184163e+02
1.420000e-06	-2.462296e-06	-9.465552e-10	-1.328611e+01	-1.171425e+02
1.430000e-06	-2.404914e-06	-9.367851e-10	-1.297648e+01	-1.158517e+02
1.440000e-06	-2.347197e-06	-9.271284e-10	-1.266505e+01	-1.145442e+02
1.450000e-06	-2.288994e-06	-9.159595e-10	-1.235100e+01	-1.132202e+02
1.460000e-06	-2.230555e-06	-9.039831e-10	-1.203567e+01	-1.118799e+02
1.470000e-06	-2.172048e-06	-8.921884e-10	-1.171998e+01	-1.105235e+02
1.480000e-06	-2.113411e-06	-8.802442e-10	-1.140359e+01	-1.091511e+02
1.490000e-06	-2.054535e-06	-8.681623e-10	-1.108590e+01	-1.077626e+02
1.500000e-06	-1.995426e-06	-8.566987e-10	-1.076696e+01	-1.063579e+02
1.510000e-06	-1.936119e-06	-8.458163e-10	-1.044695e+01	-1.049367e+02
1.520000e-06	-1.876739e-06	-8.350097e-10	-1.012654e+01	-1.034985e+02
1.530000e-06	-1.817330e-06	-8.243483e-10	-9.805984e+00	-1.020428e+02
1.540000e-06	-1.757772e-06	-8.126841e-10	-9.484621e+00	-1.005689e+02
1.550000e-06	-1.698018e-06	-7.995686e-10	-9.162203e+00	-9.907600e+01
1.560000e-06	-1.638193e-06	-7.862205e-10	-8.839393e+00	-9.756296e+01
1.570000e-06	-1.578333e-06	-7.736377e-10	-8.516404e+00	-9.602864e+01
1.580000e-06	-1.518393e-06	-7.613283e-10	-8.192976e+00	-9.447172e+01
1.590000e-06	-1.458306e-06	-7.481080e-10	-7.868760e+00	-9.289076e+01
1.600000e-06	-1.398121e-06	-7.343266e-10	-7.544008e+00	-9.128415e+01
1.610000e-06	-1.337890e-06	-7.209001e-10	-7.219017e+00	-8.965022e+01
1.620000e-06	-1.277637e-06	-7.071788e-10	-6.893898e+00	-8.798717e+01
1.630000e-06	-1.217385e-06	-6.927852e-10	-6.568793e+00	-8.629314e+01
1.640000e-06	-1.157055e-06	-6.785988e-10	-6.243262e+00	-8.456622e+01
1.650000e-06	-1.096685e-06	-6.643519e-10	-5.917517e+00	-8.280449e+01
1.660000e-06	-1.036274e-06	-6.500817e-10	-5.591547e+00	-8.100601e+01
1.670000e-06	-9.758034e-07	-6.365641e-10	-5.265260e+00	-7.916887e+01
1.680000e-06	-9.153088e-07	-6.222750e-10	-4.938842e+00	-7.729122e+01
1.690000e-06	-8.547372e-07	-6.060825e-10	-4.612009e+00	-7.537130e+01
1.700000e-06	-7.940314e-07	-5.909674e-10	-4.284451e+00	-7.340745e+01
1.710000e-06	-7.333175e-07	-5.774821e-10	-3.956849e+00	-7.139816e+01
1.720000e-06	-6.726517e-07	-5.626358e-10	-3.629508e+00	-6.934208e+01
1.730000e-06	-6.118618e-07	-5.462805e-10	-3.301496e+00	-6.723806e+01
1.740000e-06	-5.510543e-07	-5.294582e-10	-2.973390e+00	-6.508515e+01
1.750000e-06	-4.902296e-07	-5.123753e-10	-2.645191e+00	-6.288264e+01
1.760000e-06	-4.292935e-07	-4.943447e-10	-2.316391e+00	-6.063010e+01
1.770000e-06	-3.682473e-07	-4.756732e-10	-1.986996e+00	-5.832733e+01
1.780000e-06	-3.071364e-07	-4.568671e-10	-1.657253e+00	-5.597443e+01
1.790000e-06	-2.461508e-07	-4.376819e-10	-1.328186e+00	-5.357181e+01
1.800000e-06	-1.851448e-07	-4.184374e-10	-9.990080e-01	-5.112015e+01
1.810000e-06	-1.240358e-07	-3.983427e-10	-6.692747e-01	-4.862045e+01
1.820000e-06	-6.299014e-08	-3.771419e-10	-3.398835e-01	-4.607399e+01
1.830000e-06	-2.043948e-09	-3.547713e-10	-1.102878e-02	-4.348235e+01
1.840000e-06	5.898858e-08	-3.318669e-10	3.182918e-01	-4.084740e+01
1.850000e-06	1.200570e-07	-3.100386e-10	6.478059e-01	-3.817129e+01
1.860000e-06	1.810578e-07	-2.884148e-10	9.769554e-01	-3.545639e+01
1.870000e-06	2.419994e-07	-2.657610e-10	1.305785e+00	-3.270536e+01
1.880000e-06	3.029151e-07	-2.414901e-10	1.634475e+00	-2.992102e+01
1.890000e-06	3.639539e-07	-2.165005e-10	1.963830e+00	-2.710644e+01
1.900000e-06	4.249092e-07	-1.928123e-10	2.292734e+00	-2.426481e+01
1.910000e-06	4.857843e-07	-1.682032e-10	2.621205e+00	-2.139949e+01
1.920000e-06	5.466914e-07	-1.422088e-10	2.949848e+00	-1.851395e+01
1.930000e-06	6.075634e-07	-1.177277e-10	3.278303e+00	-1.561174e+01
1.940000e-06	6.683867e-07	-9.389151e-11	3.606495e+00	-1.269645e+01
1.950000e-06	7.291748e-07	-6.882220e-11	3.934497e+00	-9.771710e+00
1.960000e-06	7.899246e-07	-4.298800e-11	4.262291e+00	-6.841148e+00
1.970000e-06	8.505830e-07	-1.760040e-11	4.589593e+00	-3.908350e+00
1.980000e-06	9.111520e-07	6.268033e-12	4.916412e+00	-9.768428e-01
1.990000e-06	9.716226e-07	2.878405e-11	5.242701e+00	1.949933e+00
2.000000e-06	1.032033e-06	5.148834e-11	5.568663e+00	4.868648e+00
2.010000e-06	1.092504e-06	7.536560e-11	5.894953e+00	7.776103e+00
2.020000e-06	1.152969e-06	9.967472e-11	6.221215e+00	1.066925e+01
2.030000e-06	1.213350e-06	1.235268e-10	6.547018e+00	1.354523e+01
2.040000e-06	1.273671e-06	1.465604e-10	6.872502e+00	1.640133e+01
2.050000e-06	1.333858e-06	1.690299e-10	7.197258e+00	1.923506e+01
2.060000e-06	1.393960e-06	1.916677e-10	7.521558e+00	2.204415e+01
2.070000e-06	1.454014e-06	2.143730e-10	7.845601e+00	2.482650e+01
2.080000e-06	1.513950e-06	2.364312e-10	8.169002e+00	2.758028e+01
2.090000e-06	1.573778e-06	2.581877e-10	8.491824e+00	3.030382e+01
2.100000e-06	1.633581e-06	2.808450e-10	8.814510e+00	3.299572e+01
2.110000e-06	1.693405e-06	3.047193e-10	9.137310e+00	3.565476e+01
2.120000e-06	1.753216e-06	3.276341e-10	9.460041e+00	3.827993e+01
2.130000e-06	1.812747e-06	3.482077e-10	9.781256e+00	4.087046e+01
2.140000e-06	1.872003e-06	3.672033e-10	1.010099e+01	4.342571e+01
2.150000e-06	1.931226e-06	3.850424e-10	1.042055e+01	4.594528e+01
2.160000e-06	1.990428e-06	4.036743e-10	1.073999e+01	4.842890e+01
2.170000e-06	2.049464e-06	4.236937e-10	1.105854e+01	5.087647e+01
2.180000e-06	2.108360e-06	4.436076e-10	1.137633e+01	5.328805e+01
2.190000e-06	2.167094e-06	4.630450e-10	1.169325e+01	5.566380e+01
2.200000e-06	2.225535e-06	4.824464e-10	1.200859e+01	5.800401e+01
2.210000e-06	2.283623e-06	5.011935e-10	1.232202e+01	6.030907e+01
2.220000e-06	2.341466e-06	5.186891e-10	1.263413e+01	6.257947e+01
2.230000e-06	2.399139e-06	5.351645e-10	1.294532e+01	6.481576e+01
2.240000e-06	2.456436e-06	5.518485e-10	1.325449e+01	6.701854e+01
2.250000e-06	2.513428e-06	5.697426e-10	1.356201e+01	6.918847e+01
2.260000e-06	2.570259e-06	5.874879e-10	1.386866e+01	7.132625e+01
2.270000e-06	2.626833e-06	6.034450e-10	1.417392e+01	7.343259e+01
2.280000e-06	2.683112e-06	6.183837e-10	1.447759e+01	7.550822e+01
2.290000e-06	2.739173e-06	6.328799e-10	1.478008e+01	7.755388e+01
2.300000e-06	2.795029e-06	6.479986e-10	1.508148e+01	7.957031e+01
2.310000e-06	2.850761e-06	6.650800e-10	1.538219e+01	8.155821e+01
2.320000e-06	2.906401e-06	6.819607e-10	1.568242e+01	8.351829e+01
2.330000e-06	2.961881e-06	6.985326e-10	1.598178e+01	8.545123e+01
2.340000e-06	3.017254e-06	7.146597e-10	1.628056e+01	8.735767e+01
2.350000e-06	3.072432e-06	7.290978e-10	1.657829e+01	8.923824e+01
2.360000e-06	3.127365e-06	7.418090e-10	1.687470e+01	9.109350e+01
2.370000e-06	3.182129e-06	7.533984e-10	1.717020e+01	9.292402e+01
2.380000e-06	3.236689e-06	7.655992e-10	1.746459e+01	9.473028e+01
2.390000e-06	3.291077e-06	7.801063e-10	1.775806e+01	9.651275e+01
2.400000e-06	3.345235e-06	7.971031e-10	1.805029e+01	9.827185e+01
2.410000e-06	3.399243e-06	8.136790e-10	1.834170e+01	1.000080e+02
2.420000e-06	3.453061e-06	8.286739e-10	1.863210e+01	1.017214e+02
2.430000e-06	3.506465e-06	8.427976e-10	1.892026e+01	1.034125e+02
2.440000e-06	3.559517e-06	8.564242e-10	1.920652e+01	1.050815e+02
2.450000e-06	3.612280e-06	8.697126e-10	1.949122e+01	1.067286e+02
2.460000e-06	3.664756e-06	8.818991e-10	1.977437e+01	1.083539e+02
2.470000e-06	3.717001e-06	8.937899e-10	2.005627e+01	1.099577e+02
2.480000e-06	3.769022e-06	9.065361e-10	2.033697e+01	1.115400e+02
2.490000e-06	3.820755e-06	9.199480e-10	2.061611e+01	1.131008e+02
2.500000e-06	3.872194e-06	9.337005e-10	2.089366e+01	1.146403e+02
2.510000e-06	3.923276e-06	9.465419e-10	2.116929e+01	1.161585e+02
2.520000e-06	3.973874e-06	9.578680e-10	2.144231e+01	1.176552e+02
2.530000e-06	4.024116e-06	9.687621e-10	2.171341e+01	1.191306e+02
2.540000e-06	4.074116e-06	9.799731e-10	2.198320e+01	1.205844e+02
2.550000e-06	4.123588e-06	9.905316e-10	2.225014e+01	1.220168e+02
2.560000e-06	4.172470e-06	1.000080e-09	2.251390e+01	1.234274e+02
2.570000e-06	4.221011e-06	1.009755e-09	2.277582e+01	1.248164e+02
2.580000e-06	4.269323e-06	1.021205e-09	2.303650e+01	1.261835e+02
2.590000e-06	4.317410e-06	1.034069e-09	2.329597e+01	1.275286e+02
2.600000e-06	4.365156e-06	1.046499e-09	2.355360e+01	1.288518e+02
2.610000e-06	4.412582e-06	1.058048e-09	2.380950e+01	1.301528e+02
2.620000e-06	4.459781e-06	1.068645e-09	2.406418e+01	1.314316e+02
2.630000e-06	4.506648e-06	1.078256e-09	2.431706e+01	1.326881e+02
2.640000e-06	4.553191e-06	1.087041e-09	2.456820e+01	1.339223e+02
2.650000e-06	4.599381e-06	1.095941e-09	2.481744e+01	1.351341e+02
2.660000e-06	4.645390e-06	1.104901e-09	2.506569e+01	1.363236e+02
2.670000e-06	4.691233e-06	1.112379e-09	2.531305e+01	1.374908e+02
2.680000e-06	4.736608e-06	1.120010e-09	2.555789e+01	1.386358e+02
2.690000e-06	4.781580e-06	1.129485e-09	2.580055e+01	1.397587e+02
2.700000e-06	4.826212e-06	1.138562e-09	2.604137e+01	1.408596e+02
2.710000e-06	4.870554e-06	1.147250e-09	2.628063e+01	1.419387e+02
2.720000e-06	4.914635e-06	1.157379e-09	2.651849e+01	1.429963e+02
2.730000e-06	4.958490e-06	1.167279e-09	2.675512e+01	1.440326e+02
2.740000e-06	5.002080e-06	1.176011e-09	2.699033e+01	1.450480e+02
2.750000e-06	5.045361e-06	1.184099e-09	2.722386e+01	1.460427e+02
2.760000e-06	5.088365e-06	1.191105e-09	2.745591e+01	1.470173e+02
2.770000e-06	5.130780e-06	1.197871e-09	2.768477e+01	1.479721e+02
2.780000e-06	5.172515e-06	1.205906e-09	2.790996e+01	1.489076e+02
2.790000e-06	5.213715e-06	1.214949e-09	2.813227e+01	1.498244e+02
2.800000e-06	5.254351e-06	1.223302e-09	2.835154e+01	1.507229e+02
2.810000e-06	5.294618e-06	1.230991e-09	2.856881e+01	1.516037e+02
2.820000e-06	5.334592e-06	1.238576e-09	2.878450e+01	1.524673e+02
2.830000e-06	5.374285e-06	1.245727e-09	2.899868e+01	1.533144e+02
2.840000e-06	5.413739e-06	1.251832e-09	2.921157e+01	1.541455e+02
2.850000e-06	5.452840e-06	1.257900e-09	2.942254e+01	1.549612e+02
2.860000e-06	5.491548e-06	1.264173e-09	2.963141e+01	1.557620e+02
2.870000e-06	5.529755e-06	1.269739e-09	2.983757e+01	1.565486e+02
2.880000e-06	5.567554e-06	1.276477e-09	3.004152e+01	1.573215e+02
2.890000e-06	5.605129e-06	1.284240e-09	3.024427e+01	1.580812e+02
2.900000e-06	5.642346e-06	1.290809e-09	3.044508e+01	1.588281e+02
2.910000e-06	5.679148e-06	1.297562e-09	3.064366e+01	1.595628e+02
2.920000e-06	5.715574e-06	1.305670e-09	3.084021e+01	1.602856e+02
2.930000e-06	5.751665e-06	1.313771e-09	3.103495e+01	1.609970e+02
2.940000e-06	5.787448e-06	1.321091e-09	3.122803e+01	1.616973e+02
2.950000e-06	5.822888e-06	1.326243e-09	3.141926e+01	1.623867e+02
2.960000e-06	5.858039e-06	1.330840e-09	3.160893e+01	1.630655e+02
2.970000e-06	5.892711e-06	1.336728e-09	3.179601e+01	1.637339e+02
2.980000e-06	5.926768e-06	1.341856e-09	3.197978e+01	1.643921e+02
2.990000e-06	5.960129e-06	1.345870e-09	3.215979e+01	1.650401e+02
3.000000e-06	5.992774e-06	1.350542e-09	3.233594e+01	1.656780e+02
3.010000e-06	6.024963e-06	1.357045e-09	3.250962e+01	1.663059e+02
3.020000e-06	6.056806e-06	1.364266e-09	3.268144e+01	1.669238e+02
3.030000e-06	6.088330e-06	1.372041e-09	3.285154e+01	1.675315e+02
3.040000e-06	6.119514e-06	1.379348e-09	3.301980e+01	1.681292e+02
3.050000e-06	6.150338e-06	1.384844e-09	3.318612e+01	1.687166e+02
3.060000e-06	6.180683e-06	1.391011e-09	3.334986e+01	1.692938e+02
3.070000e-06	6.210549e-06	1.397126e-09	3.351101e+01	1.698606e+02
3.080000e-06	6.240015e-06	1.401364e-09	3.367000e+01	1.704169e+02
3.090000e-06	6.269063e-06	1.406248e-09	3.382674e+01	1.709626e+02
3.100000e-06	6.297689e-06	1.413011e-09	3.398120e+01	1.714978e+02
3.110000e-06	6.325936e-06	1.419514e-09	3.413361e+01	1.720222e+02
3.120000e-06	6.353908e-06	1.423732e-09	3.428455e+01	1.725359e+02
3.130000e-06	6.381668e-06	1.427764e-09	3.443433e+01	1.730390e+02
3.140000e-06	6.409143e-06	1.432246e-09	3.458259e+01	1.735313e+02
3.150000e-06	6.436096e-06	1.436090e-09	3.472802e+01	1.740129e+02
3.160000e-06	6.462412e-06	1.441118e-09	3.487002e+01	1.744840e+02
3.170000e-06	6.487843e-06	1.446160e-09	3.500724e+01	1.749447e+02
3.180000e-06	6.512438e-06	1.449957e-09	3.513995e+01	1.753950e+02
3.190000e-06	6.536567e-06	1.453796e-09	3.527014e+01	1.758353e+02
3.200000e-06	6.560308e-06	1.457949e-09	3.539825e+01	1.762657e+02
3.210000e-06	6.583643e-06	1.462208e-09	3.552415e+01	1.766864e+02
3.220000e-06	6.606430e-06	1.466775e-09	3.564711e+01	1.770979e+02
3.230000e-06	6.628754e-06	1.472053e-09	3.576757e+01	1.775003e+02
3.240000e-06	6.650928e-06	1.477280e-09	3.588721e+01	1.778940e+02
3.250000e-06	6.672723e-06	1.480804e-09	3.600482e+01	1.782793e+02
3.260000e-06	6.693836e-06	1.483627e-09	3.611874e+01	1.786567e+02
3.270000e-06	6.714428e-06	1.487814e-09	3.622985e+01	1.790263e+02
3.280000e-06	6.734595e-06	1.491898e-09	3.633866e+01	1.793886e+02
3.290000e-06	6.754469e-06	1.495547e-09	3.644590e+01	1.797439e+02
3.300000e-06	6.774096e-06	1.499697e-09	3.655181e+01	1.800926e+02
3.310000e-06	6.793223e-06	1.502767e-09	3.665501e+01	1.804348e+02
3.320000e-06	6.811788e-06	1.504770e-09	3.675519e+01	1.807709e+02
3.330000e-06	6.829754e-06	1.506965e-09	3.685213e+01	1.811011e+02
3.340000e-06	6.847152e-06	1.509121e-09	3.694600e+01	1.814256e+02
3.350000e-06	6.864181e-06	1.511948e-09	3.703789e+01	1.817446e+02
3.360000e-06	6.880781e-06	1.515980e-09	3.712746e+01	1.820580e+02
3.370000e-06	6.896925e-06	1.518623e-09	3.721457e+01	1.823661e+02
3.380000e-06	6.912607e-06	1.520931e-09	3.729919e+01	1.826687e+02
3.390000e-06	6.927684e-06	1.524723e-09	3.738054e+01	1.829659e+02
3.400000e-06	6.942050e-06	1.527850e-09	3.745806e+01	1.832576e+02
3.410000e-06	6.955779e-06	1.530947e-09	3.753214e+01	1.835435e+02
3.420000e-06	6.969042e-06	1.534620e-09	3.760370e+01	1.838236e+02
3.430000e-06	6.981688e-06	1.537512e-09	3.767194e+01	1.840974e+02
3.440000e-06	6.993817e-06	1.538961e-09	3.773738e+01	1.843649e+02
3.450000e-06	7.005606e-06	1.541215e-09	3.780100e+01	1.846256e+02
3.460000e-06	7.016941e-06	1.545635e-09	3.786216e+01	1.848793e+02
3.470000e-06	7.027725e-06	1.549272e-09	3.792034e+01	1.851254e+02
3.480000e-06	7.037771e-06	1.550305e-09	3.797455e+01	1.853637e+02
3.490000e-06	7.046919e-06	1.551411e-09	3.802391e+01	1.855936e+02
3.500000e-06	7.055255e-06	1.554804e-09	3.806889e+01	1.858149e+02
3.510000e-06	7.063180e-06	1.558651e-09	3.811165e+01	1.860271e+02
3.520000e-06	7.070824e-06	1.561158e-09	3.815290e+01	1.862297e+02
3.530000e-06	7.078198e-06	1.563280e-09	3.819268e+01	1.864224e+02
3.540000e-06	7.084996e-06	1.565910e-09	3.822937e+01	1.866049e+02
3.550000e-06	7.091169e-06	1.568534e-09	3.826267e+01	1.867767e+02
3.560000e-06	7.096868e-06	1.570329e-09	3.829343e+01	1.869375e+02
3.570000e-06	7.102095e-06	1.572285e-09	3.832163e+01	1.870871e+02
3.580000e-06	7.106796e-06	1.575178e-09	3.834700e+01	1.872252e+02
3.590000e-06	7.111028e-06	1.577450e-09	3.836983e+01	1.873518e+02
3.600000e-06	7.115051e-06	1.579415e-09	3.839154e+01	1.874665e+02
3.610000e-06	7.118746e-06	1.581334e-09	3.841148e+01	1.875694e+02
3.620000e-06	7.122013e-06	1.582394e-09	3.842910e+01	1.876604e+02
3.630000e-06	7.124635e-06	1.583778e-09	3.844325e+01	1.877396e+02
3.640000e-06	7.126457e-06	1.585693e-09	3.845308e+01	1.878070e+02
3.650000e-06	7.127418e-06	1.586913e-09	3.845827e+01	1.878628e+02
3.660000e-06	7.127739e-06	1.588482e-09	3.846000e+01	1.879072e+02
3.670000e-06	7.127654e-06	1.590181e-09	3.845954e+01	1.879404e+02
3.680000e-06	7.127244e-06	1.590865e-09	3.845733e+01	1.879627e+02
3.690000e-06	7.126474e-06	1.591042e-09	3.845318e+01	1.879745e+02
3.700000e-06	7.125160e-06	1.591258e-09	3.844609e+01	1.879761e+02
3.710000e-06	7.123223e-06	1.591798e-09	3.843564e+01	1.879680e+02
3.720000e-06	7.120830e-06	1.593479e-09	3.842272e+01	1.879505e+02
3.730000e-06	7.118159e-06	1.595871e-09	3.840831e+01	1.879241e+02
3.740000e-06	7.115124e-06	1.593506e-09	3.839193e+01	1.878894e+02
3.750000e-06	7.111619e-06	1.586375e-09	3.837302e+01	1.878467e+02
3.760000e-06	7.107403e-06	1.599445e-09	3.835027e+01	1.877967e+02
3.770000e-06	7.102249e-06	1.634631e-09	3.832246e+01	1.877397e+02
3.780000e-06	7.096190e-06	1.624546e-09	3.828977e+01	1.876762e+02
3.790000e-06	7.089846e-06	1.565675e-09	3.825554e+01	1.876068e+02
3.800000e-06	7.083426e-06	1.559396e-09	3.822089e+01	1.875319e+02
3.810000e-06	7.076549e-06	1.626260e-09	3.818379e+01	1.874518e+02
3.820000e-06	7.068928e-06	1.640527e-09	3.814266e+01	1.873670e+02
3.830000e-06	7.060813e-06	1.562248e-09	3.809888e+01	1.872778e+02
3.840000e-06	7.052584e-06	1.553745e-09	3.805448e+01	1.871846e+02
3.850000e-06	7.043859e-06	1.649744e-09	3.800740e+01	1.870876e+02
3.860000e-06	7.034440e-06	1.653467e-09	3.795658e+01	1.869871e+02
3.870000e-06	7.024593e-06	1.538263e-09	3.790345e+01	1.868832e+02
3.880000e-06	7.014466e-06	1.527288e-09	3.784880e+01	1.867762e+02
3.890000e-06	7.003874e-06	1.645788e-09	3.779165e+01	1.866660e+02
3.900000e-06	6.992526e-06	1.656380e-09	3.773042e+01	1.865527e+02
3.910000e-06	6.980694e-06	1.551258e-09	3.766657e+01	1.864363e+02
3.920000e-06	6.968374e-06	1.558447e-09	3.760010e+01	1.863169e+02
3.930000e-06	6.955229e-06	1.650044e-09	3.752917e+01	1.861941e+02
3.940000e-06	6.941263e-06	1.619144e-09	3.745381e+01	1.860681e+02
3.950000e-06	6.926692e-06	1.544558e-09	3.737519e+01	1.859385e+02
3.960000e-06	6.911572e-06	1.598473e-09	3.729360e+01	1.858051e+02
3.970000e-06	6.895840e-06	1.656094e-09	3.720872e+01	1.856678e+02
3.980000e-06	6.879721e-06	1.593039e-09	3.712174e+01	1.855262e+02
3.990000e-06	6.863312e-06	1.565407e-09	3.703320e+01	1.853801e+02
4.000000e-06	6.846332e-06	1.630086e-09	3.694158e+01	1.852292e+02
4.010000e-06	6.828759e-06	1.618733e-09	3.684676e+01	1.850731e+02
4.020000e-06	6.810797e-06	1.554982e-09	3.674984e+01	1.849115e+02
4.030000e-06	6.792366e-06	1.593718e-09	3.665039e+01	1.847442e+02
4.040000e-06	6.773408e-06	1.646555e-09	3.654809e+01	1.845707e+02
4.050000e-06	6.753915e-06	1.594421e-09	3.644291e+01	1.843908e+02
4.060000e-06	6.734023e-06	1.562676e-09	3.633558e+01	1.842041e+02
4.070000e-06	6.713807e-06	1.613791e-09	3.622650e+01	1.840105e+02
4.080000e-06	6.693282e-06	1.612872e-09	3.611575e+01	1.838096e+02
4.090000e-06	6.672305e-06	1.564995e-09	3.600256e+01	1.836012e+02
4.100000e-06	6.650660e-06	1.586798e-09	3.588577e+01	1.833852e+02
4.110000e-06	6.628280e-06	1.618777e-09	3.576501e+01	1.831613e+02
4.120000e-06	6.605255e-06	1.586725e-09	3.564077e+01	1.829293e+02
4.130000e-06	6.581716e-06	1.571537e-09	3.551376e+01	1.826893e+02
4.140000e-06	6.557764e-06	1.599248e-09	3.538452e+01	1.824412e+02
4.150000e-06	6.533570e-06	1.590081e-09	3.525397e+01	1.821848e+02
4.160000e-06	6.508945e-06	1.565818e-09	3.512110e+01	1.819203e+02
4.170000e-06	6.483760e-06	1.586829e-09	3.498521e+01	1.816476e+02
4.180000e-06	6.458111e-06	1.599622e-09	3.484681e+01	1.813669e+02
4.190000e-06	6.431936e-06	1.573347e-09	3.470558e+01	1.810782e+02
4.200000e-06	6.405249e-06	1.571146e-09	3.456157e+01	1.807816e+02
4.210000e-06	6.378067e-06	1.589394e-09	3.441490e+01	1.804773e+02
4.220000e-06	6.350490e-06	1.575635e-09	3.426611e+01	1.801655e+02
4.230000e-06	6.322581e-06	1.560984e-09	3.411551e+01	1.798463e+02
4.240000e-06	6.294393e-06	1.578618e-09	3.396341e+01	1.795199e+02
4.250000e-06	6.265866e-06	1.581560e-09	3.380949e+01	1.791865e+02
4.260000e-06	6.236712e-06	1.561899e-09	3.365218e+01	1.788462e+02
4.270000e-06	6.206996e-06	1.565478e-09	3.349184e+01	1.784993e+02
4.280000e-06	6.176777e-06	1.573087e-09	3.332878e+01	1.781458e+02
4.290000e-06	6.145837e-06	1.557002e-09	3.316183e+01	1.777859e+02
4.300000e-06	6.114334e-06	1.552372e-09	3.299185e+01	1.774198e+02
4.310000e-06	6.082531e-06	1.564658e-09	3.282024e+01	1.770474e+02
4.320000e-06	6.050288e-06	1.557550e-09	3.264627e+01	1.766689e+02
4.330000e-06	6.017549e-06	1.545401e-09	3.246962e+01	1.762842e+02
4.340000e-06	5.984353e-06	1.550588e-09	3.229050e+01	1.758932e+02
4.350000e-06	5.950792e-06	1.549699e-09	3.210941e+01	1.754960e+02
4.360000e-06	5.916913e-06	1.539763e-09	3.192660e+01	1.750924e+02
4.370000e-06	5.882608e-06	1.542077e-09	3.174150e+01	1.746822e+02
4.380000e-06	5.847921e-06	1.544542e-09	3.155433e+01	1.742652e+02
4.390000e-06	5.812835e-06	1.535929e-09	3.136501e+01	1.738412e+02
4.400000e-06	5.777360e-06	1.531923e-09	3.117360e+01	1.734098e+02
4.410000e-06	5.741574e-06	1.532554e-09	3.098051e+01	1.729709e+02
4.420000e-06	5.705481e-06	1.527517e-09	3.078575e+01	1.725239e+02
4.430000e-06	5.669073e-06	1.522153e-09	3.058930e+01	1.720686e+02
4.440000e-06	5.632204e-06	1.520158e-09	3.039036e+01	1.716044e+02
4.450000e-06	5.594868e-06	1.517963e-09	3.018891e+01	1.711312e+02
4.460000e-06	5.557011e-06	1.515856e-09	2.998463e+01	1.706483e+02
4.470000e-06	5.518468e-06	1.512562e-09	2.977666e+01	1.701554e+02
4.480000e-06	5.479287e-06	1.506786e-09	2.956525e+01	1.696521e+02
4.490000e-06	5.439693e-06	1.502754e-09	2.935161e+01	1.691380e+02
4.500000e-06	5.399792e-06	1.498950e-09	2.913631e+01	1.686127e+02
4.510000e-06	5.359563e-06	1.494214e-09	2.891924e+01	1.680759e+02
4.520000e-06	5.319008e-06	1.491468e-09	2.870041e+01	1.675273e+02
4.530000e-06	5.278084e-06	1.487560e-09	2.847960e+01	1.669666e+02
4.540000e-06	5.236777e-06	1.482133e-09	2.825671e+01	1.663936e+02
4.550000e-06	5.195173e-06	1.478873e-09	2.803222e+01	1.658081e+02
4.560000e-06	5.153199e-06	1.475671e-09	2.780573e+01	1.652101e+02
4.570000e-06	5.110859e-06	1.469801e-09	2.757728e+01	1.645995e+02
4.580000e-06	5.068137e-06	1.464966e-09	2.734676e+01	1.639763e+02
4.590000e-06	5.025081e-06	1.461016e-09	2.711444e+01	1.633405e+02
4.600000e-06	4.981799e-06	1.455456e-09	2.688090e+01	1.626924e+02
4.610000e-06	4.938186e-06	1.450161e-09	2.664556e+01	1.620320e+02
4.620000e-06	4.894283e-06	1.445258e-09	2.640867e+01	1.613597e+02
4.630000e-06	4.850101e-06	1.440597e-09	2.617027e+01	1.606757e+02
4.640000e-06	4.805570e-06	1.436061e-09	2.592999e+01	1.599803e+02
4.650000e-06	4.760732e-06	1.430007e-09	2.568805e+01	1.592739e+02
4.660000e-06	4.715659e-06	1.422929e-09	2.544485e+01	1.585569e+02
4.670000e-06	4.670261e-06	1.414741e-09	2.519989e+01	1.578296e+02
4.680000e-06	4.624502e-06	1.406321e-09	2.495298e+01	1.570926e+02
4.690000e-06	4.578381e-06	1.399639e-09	2.470413e+01	1.563461e+02
4.700000e-06	4.531953e-06	1.394273e-09	2.445361e+01	1.555906e+02
4.710000e-06	4.485321e-06	1.388915e-09	2.420199e+01	1.548265e+02
4.720000e-06	4.438359e-06	1.382686e-09	2.394859e+01	1.540540e+02
4.730000e-06	4.390980e-06	1.374242e-09	2.369294e+01	1.532735e+02
4.740000e-06	4.343190e-06	1.365006e-09	2.343507e+01	1.524852e+02
4.750000e-06	4.294952e-06	1.358545e-09	2.317479e+01	1.516893e+02
4.760000e-06	4.246454e-06	1.353250e-09	2.291311e+01	1.508859e+02
4.770000e-06	4.197648e-06	1.345603e-09	2.264975e+01	1.500751e+02
4.780000e-06	4.148476e-06	1.338377e-09	2.238443e+01	1.492568e+02
4.790000e-06	4.098956e-06	1.333391e-09	2.211723e+01	1.484310e+02
4.800000e-06	4.049011e-06	1.327039e-09	2.184774e+01	1.475973e+02
4.810000e-06	3.998817e-06	1.318823e-09	2.157690e+01	1.467556e+02
4.820000e-06	3.948409e-06	1.310860e-09	2.130491e+01	1.459056e+02
4.830000e-06	3.897695e-06	1.304088e-09	2.103126e+01	1.450467e+02
4.840000e-06	3.846619e-06	1.298133e-09	2.075567e+01	1.441785e+02
4.850000e-06	3.795324e-06	1.291405e-09	2.047889e+01	1.433005e+02
4.860000e-06	3.743825e-06	1.283098e-09	2.020101e+01	1.424121e+02
4.870000e-06	3.691953e-06	1.274845e-09	1.992112e+01	1.415125e+02
4.880000e-06	3.639869e-06	1.267376e-09	1.964008e+01	1.406012e+02
4.890000e-06	3.587519e-06	1.260653e-09	1.935761e+01	1.396773e+02
4.900000e-06	3.534822e-06	1.253822e-09	1.907326e+01	1.387403e+02
4.910000e-06	3.481791e-06	1.246636e-09	1.878712e+01	1.377893e+02
4.920000e-06	3.428425e-06	1.238551e-09	1.849917e+01	1.368236e+02
4.930000e-06	3.374684e-06	1.229132e-09	1.820919e+01	1.358427e+02
4.940000e-06	3.320454e-06	1.220181e-09	1.791658e+01	1.348457e+02
4.950000e-06	3.265829e-06	1.212032e-09	1.762183e+01	1.338322e+02
4.960000e-06	3.210873e-06	1.202906e-09	1.732529e+01	1.328016e+02
4.970000e-06	3.155650e-06	1.193459e-09	1.702732e+01	1.317535e+02
4.980000e-06	3.100243e-06	1.184364e-09	1.672835e+01	1.306873e+02
4.990000e-06	3.044599e-06	1.174939e-09	1.642811e+01	1.296029e+02
5.000000e-06	2.988741e-06	1.165535e-09	1.612671e+01	1.284999e+02
5.010000e-06	2.932651e-06	1.155403e-09	1.582406e+01	1.273782e+02
5.020000e-06	2.876324e-06	1.144947e-09	1.552013e+01	1.262378e+02
5.030000e-06	2.819959e-06	1.135541e-09	1.521599e+01	1.250786e+02
5.040000e-06	2.763500e-06	1.126590e-09	1.491135e+01	1.239008e+02
5.050000e-06	2.706701e-06	1.117290e-09	1.460487e+01	1.227044e+02
5.060000e-06	2.649697e-06	1.107812e-09	1.429729e+01	1.214897e+02
5.070000e-06	2.592616e-06	1.097198e-09	1.398929e+01	1.202569e+02
5.080000e-06	2.535374e-06	1.085251e-09	1.368042e+01	1.190064e+02
5.090000e-06	2.478003e-06	1.072782e-09	1.337086e+01	1.177384e+02
5.100000e-06	2.420484e-06	1.060893e-09	1.306050e+01	1.164532e+02
5.110000e-06	2.362809e-06	1.049187e-09	1.274929e+01	1.151513e+02
5.120000e-06	2.304990e-06	1.036751e-09	1.243731e+01	1.138327e+02
5.130000e-06	2.246997e-06	1.023910e-09	1.212439e+01	1.124979e+02
5.140000e-06	2.188843e-06	1.011987e-09	1.181061e+01	1.111469e+02
5.150000e-06	2.130497e-06	1.000500e-09	1.149578e+01	1.097799e+02
5.160000e-06	2.071944e-06	9.874024e-10	1.117984e+01	1.083968e+02
5.170000e-06	2.013176e-06	9.732965e-10	1.086273e+01	1.069975e+02
5.180000e-06	1.954259e-06	9.602545e-10	1.054483e+01	1.055818e+02
5.190000e-06	1.895259e-06	9.480805e-10	1.022648e+01	1.041494e+02
5.200000e-06	1.836119e-06	9.353776e-10	9.907369e+00	1.026996e+02
5.210000e-06	1.776935e-06	9.221867e-10	9.588020e+00	1.012320e+02
5.220000e-06	1.717651e-06	9.085895e-10	9.268139e+00	9.974550e+01
5.230000e-06	1.658252e-06	8.953911e-10	8.947631e+00	9.823930e+01
5.240000e-06	1.598829e-06	8.821573e-10	8.626994e+00	9.671224e+01
5.250000e-06	1.539296e-06	8.677211e-10	8.305764e+00	9.516304e+01
5.260000e-06	1.479592e-06	8.530311e-10	7.983611e+00	9.359029e+01
5.270000e-06	1.419701e-06	8.388217e-10	7.660449e+00	9.199244e+01
5.280000e-06	1.359760e-06	8.234615e-10	7.337021e+00	9.036783e+01
5.290000e-06	1.299793e-06	8.066960e-10	7.013449e+00	8.871471e+01
5.300000e-06	1.239780e-06	7.896185e-10	6.689631e+00	8.703124e+01
5.310000e-06	1.179693e-06	7.724788e-10	6.365413e+00	8.531553e+01
5.320000e-06	1.119516e-06	7.556886e-10	6.040705e+00	8.356565e+01
5.330000e-06	1.059332e-06	7.399090e-10	5.715968e+00	8.177965e+01
5.340000e-06	9.991189e-07	7.248310e-10	5.391067e+00	7.995563e+01
5.350000e-06	9.388508e-07	7.083135e-10	5.065871e+00	7.809171e+01
5.360000e-06	8.784723e-07	6.896351e-10	4.740079e+00	7.618610e+01
5.370000e-06	8.180190e-07	6.711001e-10	4.413884e+00	7.423709e+01
5.380000e-06	7.575508e-07	6.531646e-10	4.087608e+00	7.224314e+01
5.390000e-06	6.970429e-07	6.345867e-10	3.761119e+00	7.020282e+01
5.400000e-06	6.365413e-07	6.149312e-10	3.434662e+00	6.811491e+01
5.410000e-06	5.760248e-07	5.944067e-10	3.108127e+00	6.597841e+01
5.420000e-06	5.154429e-07	5.743985e-10	2.781238e+00	6.379253e+01
5.430000e-06	4.548045e-07	5.551417e-10	2.454044e+00	6.155672e+01
5.440000e-06	3.940652e-07	5.356350e-10	2.126305e+00	5.927072e+01
5.450000e-06	3.332054e-07	5.144869e-10	1.797916e+00	5.693453e+01
5.460000e-06	2.724038e-07	4.920807e-10	1.469842e+00	5.454845e+01
5.470000e-06	2.116546e-07	4.701034e-10	1.142050e+00	5.211306e+01
5.480000e-06	1.508536e-07	4.484127e-10	8.139787e-01	4.962927e+01
5.490000e-06	9.005330e-08	4.260255e-10	4.859114e-01	4.709826e+01
5.500000e-06	2.921882e-08	4.030701e-10	1.576595e-01	4.452151e+01
5.510000e-06	-3.167656e-08	3.789354e-10	-1.709211e-01	4.190080e+01
5.520000e-06	-9.255812e-08	3.542248e-10	-4.994270e-01	3.923818e+01
5.530000e-06	-1.532940e-07	3.306575e-10	-8.271469e-01	3.653596e+01
5.540000e-06	-2.140315e-07	3.076023e-10	-1.154876e+00	3.379669e+01
5.550000e-06	-2.748616e-07	2.844534e-10	-1.483104e+00	3.102315e+01
5.560000e-06	-3.355526e-07	2.608647e-10	-1.810582e+00	2.821832e+01
5.570000e-06	-3.961139e-07	2.365464e-10	-2.137360e+00	2.538537e+01
5.580000e-06	-4.566649e-07	2.111856e-10	-2.464082e+00	2.252759e+01
5.590000e-06	-5.172517e-07	1.841157e-10	-2.790997e+00	1.964843e+01
5.600000e-06	-5.778064e-07	1.579135e-10	-3.117740e+00	1.675140e+01
5.610000e-06	-6.382660e-07	1.336033e-10	-3.443969e+00	1.384009e+01
5.620000e-06	-6.987436e-07	1.094447e-10	-3.770295e+00	1.091812e+01
5.630000e-06	-7.591950e-07	8.498393e-11	-4.096480e+00	7.989127e+00
5.640000e-06	-8.195860e-07	5.881884e-11	-4.422339e+00	5.056704e+00
5.650000e-06	-8.799866e-07	3.133648e-11	-4.748250e+00	2.124404e+00
5.660000e-06	-9.403681e-07	4.485296e-12	-5.074057e+00	-8.042997e-01
5.670000e-06	-1.000660e-06	-2.068143e-11	-5.399381e+00	-3.726038e+00
5.680000e-06	-1.060936e-06	-4.462374e-11	-5.724619e+00	-6.637568e+00
5.690000e-06	-1.121196e-06	-6.919325e-11	-6.049771e+00	-9.535790e+00
5.700000e-06	-1.181316e-06	-9.435921e-11	-6.374168e+00	-1.241777e+01
5.710000e-06	-1.241305e-06	-1.193087e-10	-6.697857e+00	-1.528076e+01
5.720000e-06	-1.301207e-06	-1.433902e-10	-7.021082e+00	-1.812219e+01
5.730000e-06	-1.361101e-06	-1.671099e-10	-7.344258e+00	-2.093971e+01
5.740000e-06	-1.420961e-06	-1.918677e-10	-7.667249e+00	-2.373117e+01
5.750000e-06	-1.480789e-06	-2.168797e-10	-7.990074e+00	-2.649463e+01
5.760000e-06	-1.540537e-06	-2.416003e-10	-8.312460e+00	-2.922840e+01
5.770000e-06	-1.600093e-06	-2.660223e-10	-8.633816e+00	-3.193096e+01
5.780000e-06	-1.659568e-06	-2.910979e-10	-8.954730e+00	-3.460105e+01
5.790000e-06	-1.718944e-06	-3.166223e-10	-9.275112e+00	-3.723759e+01
5.800000e-06	-1.778139e-06	-3.415775e-10	-9.594521e+00	-3.983971e+01
5.810000e-06	-1.837282e-06	-3.655693e-10	-9.913642e+00	-4.240676e+01
5.820000e-06	-1.896411e-06	-3.885341e-10	-1.023269e+01	-4.493823e+01
5.830000e-06	-1.955348e-06	-4.120292e-10	-1.055071e+01	-4.743383e+01
5.840000e-06	-2.014000e-06	-4.363916e-10	-1.086718e+01	-4.989339e+01
5.850000e-06	-2.072529e-06	-4.591137e-10	-1.118299e+01	-5.231693e+01
5.860000e-06	-2.130911e-06	-4.787726e-10	-1.149801e+01	-5.470457e+01
5.870000e-06	-2.189105e-06	-4.980971e-10	-1.181202e+01	-5.705656e+01
5.880000e-06	-2.247234e-06	-5.198355e-10	-1.212567e+01	-5.937327e+01
5.890000e-06	-2.305164e-06	-5.421784e-10	-1.243825e+01	-6.165514e+01
5.900000e-06	-2.362837e-06	-5.632117e-10	-1.274944e+01	-6.390271e+01
5.910000e-06	-2.420392e-06	-5.835620e-10	-1.306000e+01	-6.611656e+01
5.920000e-06	-2.477772e-06	-6.035411e-10	-1.336962e+01	-6.829734e+01
5.930000e-06	-2.534926e-06	-6.242579e-10	-1.367801e+01	-7.044573e+01
5.940000e-06	-2.591863e-06	-6.458230e-10	-1.398523e+01	-7.256244e+01
5.950000e-06	-2.648596e-06	-6.672008e-10	-1.429135e+01	-7.464821e+01
5.960000e-06	-2.705178e-06	-6.869795e-10	-1.459666e+01	-7.670375e+01
5.970000e-06	-2.761598e-06	-7.058827e-10	-1.490109e+01	-7.872982e+01
5.980000e-06	-2.817817e-06	-7.245025e-10	-1.520443e+01	-8.072712e+01
5.990000e-06	-2.873890e-06	-7.422038e-10	-1.550699e+01	-8.269637e+01
6.000000e-06	-2.929867e-06	-7.588186e-10	-1.580904e+01	-8.463826e+01
6.010000e-06	-2.985715e-06	-7.749197e-10	-1.611038e+01	-8.655344e+01
6.020000e-06	-3.041433e-06	-7.919296e-10	-1.641103e+01	-8.844254e+01
6.030000e-06	-3.096911e-06	-8.100012e-10	-1.671038e+01	-9.030615e+01
6.040000e-06	-3.152170e-06	-8.282080e-10	-1.700854e+01	-9.214484e+01
6.050000e-06	-3.207189e-06	-8.439264e-10	-1.730541e+01	-9.395910e+01
6.060000e-06	-3.261775e-06	-8.582282e-10	-1.759995e+01	-9.574943e+01
6.070000e-06	-3.315933e-06	-8.743169e-10	-1.789218e+01	-9.751625e+01
6.080000e-06	-3.369683e-06	-8.915412e-10	-1.818220e+01	-9.925996e+01
6.090000e-06	-3.423016e-06	-9.083656e-10	-1.846998e+01	-1.009809e+02
6.100000e-06	-3.475944e-06	-9.251491e-10	-1.875557e+01	-1.026794e+02
6.110000e-06	-3.528609e-06	-9.409774e-10	-1.903974e+01	-1.043557e+02
6.120000e-06	-3.581054e-06	-9.551247e-10	-1.932273e+01	-1.060100e+02
6.130000e-06	-3.633096e-06	-9.690128e-10	-1.960354e+01	-1.076426e+02
6.140000e-06	-3.684920e-06	-9.832397e-10	-1.988317e+01	-1.092535e+02
6.150000e-06	-3.736611e-06	-9.980883e-10	-2.016208e+01	-1.108429e+02
6.160000e-06	-3.788029e-06	-1.013601e-09	-2.043952e+01	-1.124109e+02
6.170000e-06	-3.839103e-06	-1.029258e-09	-2.071511e+01	-1.139575e+02
6.180000e-06	-3.889823e-06	-1.044134e-09	-2.098879e+01	-1.154827e+02
6.190000e-06	-3.940264e-06	-1.056766e-09	-2.126096e+01	-1.169866e+02
6.200000e-06	-3.990427e-06	-1.067776e-09	-2.153163e+01	-1.184690e+02
6.210000e-06	-4.040314e-06	-1.079281e-09	-2.180081e+01	-1.199301e+02
6.220000e-06	-4.089935e-06	-1.092675e-09	-2.206856e+01	-1.213695e+02
6.230000e-06	-4.139148e-06	-1.106421e-09	-2.233410e+01	-1.227874e+02
6.240000e-06	-4.187941e-06	-1.118267e-09	-2.259738e+01	-1.241836e+02
6.250000e-06	-4.236384e-06	-1.130524e-09	-2.285877e+01	-1.255580e+02
6.260000e-06	-4.284299e-06	-1.144138e-09	-2.311731e+01	-1.269104e+02
6.270000e-06	-4.331773e-06	-1.157067e-09	-2.337347e+01	-1.282409e+02
6.280000e-06	-4.379020e-06	-1.169494e-09	-2.362841e+01	-1.295492e+02
6.290000e-06	-4.426036e-06	-1.181767e-09	-2.388210e+01	-1.308354e+02
6.300000e-06	-4.472770e-06	-1.192932e-09	-2.413426e+01	-1.320993e+02
6.310000e-06	-4.519128e-06	-1.204010e-09	-2.438440e+01	-1.333409e+02
6.320000e-06	-4.565140e-06	-1.214625e-09	-2.463268e+01	-1.345602e+02
6.330000e-06	-4.610894e-06	-1.223827e-09	-2.487956e+01	-1.357571e+02
6.340000e-06	-4.656410e-06	-1.233693e-09	-2.512515e+01	-1.369317e+02
6.350000e-06	-4.701561e-06	-1.244914e-09	-2.536878e+01	-1.380841e+02
6.360000e-06	-4.746249e-06	-1.255741e-09	-2.560991e+01	-1.392143e+02
6.370000e-06	-4.790697e-06	-1.265051e-09	-2.584974e+01	-1.403225e+02
6.380000e-06	-4.835048e-06	-1.273648e-09	-2.608905e+01	-1.414088e+02
6.390000e-06	-4.879174e-06	-1.282715e-09	-2.632715e+01	-1.424735e+02
6.400000e-06	-4.922973e-06	-1.291788e-09	-2.656348e+01	-1.435169e+02
6.410000e-06	-4.966393e-06	-1.299999e-09	-2.679777e+01	-1.445391e+02
6.420000e-06	-5.009480e-06	-1.309299e-09	-2.703025e+01	-1.455407e+02
6.430000e-06	-5.052247e-06	-1.319762e-09	-2.726102e+01	-1.465219e+02
6.440000e-06	-5.094643e-06	-1.329219e-09	-2.748978e+01	-1.474833e+02
6.450000e-06	-5.136795e-06	-1.337869e-09	-2.771722e+01	-1.484252e+02
6.460000e-06	-5.178611e-06	-1.345190e-09	-2.794285e+01	-1.493481e+02
6.470000e-06	-5.219920e-06	-1.352395e-09	-2.816575e+01	-1.502526e+02
6.480000e-06	-5.260827e-06	-1.360038e-09	-2.838648e+01	-1.511392e+02
6.490000e-06	-5.301367e-06	-1.367431e-09	-2.860523e+01	-1.520084e+02
6.500000e-06	-5.341595e-06	-1.375246e-09	-2.882229e+01	-1.528609e+02
6.510000e-06	-5.381651e-06	-1.382362e-09	-2.903842e+01	-1.536973e+02
6.520000e-06	-5.421535e-06	-1.389161e-09	-2.925363e+01	-1.545180e+02
6.530000e-06	-5.461148e-06	-1.395332e-09	-2.946738e+01	-1.553237e+02
6.540000e-06	-5.500329e-06	-1.401106e-09	-2.967879e+01	-1.561150e+02
6.550000e-06	-5.538958e-06	-1.408655e-09	-2.988722e+01	-1.568923e+02
6.560000e-06	-5.576886e-06	-1.417271e-09	-3.009188e+01	-1.576563e+02
6.570000e-06	-5.614157e-06	-1.424857e-09	-3.029299e+01	-1.584074e+02
6.580000e-06	-5.650940e-06	-1.431112e-09	-3.049146e+01	-1.591461e+02
6.590000e-06	-5.687314e-06	-1.436664e-09	-3.068773e+01	-1.598729e+02
6.600000e-06	-5.723335e-06	-1.442496e-09	-3.088209e+01	-1.605880e+02
6.610000e-06	-5.759042e-06	-1.449213e-09	-3.107476e+01	-1.612919e+02
6.620000e-06	-5.794518e-06	-1.455208e-09	-3.126618e+01	-1.619849e+02
6.630000e-06	-5.829738e-06	-1.459598e-09	-3.145622e+01	-1.626672e+02
6.640000e-06	-5.864487e-06	-1.464116e-09	-3.164372e+01	-1.633390e+02
6.650000e-06	-5.898729e-06	-1.470103e-09	-3.182848e+01	-1.640006e+02
6.660000e-06	-5.932573e-06	-1.476213e-09	-3.201110e+01	-1.646519e+02
6.670000e-06	-5.965868e-06	-1.480558e-09	-3.219075e+01	-1.652932e+02
6.680000e-06	-5.998720e-06	-1.483964e-09	-3.236801e+01	-1.659244e+02
6.690000e-06	-6.031272e-06	-1.488929e-09	-3.254366e+01	-1.665456e+02
6.700000e-06	-6.063449e-06	-1.494754e-09	-3.271728e+01	-1.671567e+02
6.710000e-06	-6.095331e-06	-1.500223e-09	-3.288931e+01	-1.677577e+02
6.720000e-06	-6.126860e-06	-1.505048e-09	-3.305944e+01	-1.683485e+02
6.730000e-06	-6.157684e-06	-1.509341e-09	-3.322576e+01	-1.689291e+02
6.740000e-06	-6.187792e-06	-1.513142e-09	-3.338822e+01	-1.694993e+02
6.750000e-06	-6.217306e-06	-1.516832e-09	-3.354747e+01	-1.700591e+02
6.760000e-06	-6.246230e-06	-1.521412e-09	-3.370353e+01	-1.706084e+02
6.770000e-06	-6.274720e-06	-1.525712e-09	-3.385726e+01	-1.711470e+02
6.780000e-06	-6.302947e-06	-1.529249e-09	-3.400957e+01	-1.716750e+02
6.790000e-06	-6.330912e-06	-1.532648e-09	-3.416047e+01	-1.721923e+02
6.800000e-06	-6.358456e-06	-1.535533e-09	-3.430909e+01	-1.726988e+02
6.810000e-06	-6.385584e-06	-1.537992e-09	-3.445547e+01	-1.731947e+02
6.820000e-06	-6.412204e-06	-1.540588e-09	-3.459911e+01	-1.736799e+02
6.830000e-06	-6.438266e-06	-1.544230e-09	-3.473973e+01	-1.741544e+02
6.840000e-06	-6.463757e-06	-1.548494e-09	-3.487727e+01	-1.746185e+02
6.850000e-06	-6.488647e-06	-1.551249e-09	-3.501158e+01	-1.750723e+02
6.860000e-06	-6.513193e-06	-1.553672e-09	-3.514402e+01	-1.755158e+02
6.870000e-06	-6.537518e-06	-1.556563e-09	-3.527527e+01	-1.759495e+02
6.880000e-06	-6.561573e-06	-1.559559e-09	-3.540507e+01	-1.763734e+02
6.890000e-06	-6.585417e-06	-1.564203e-09	-3.553373e+01	-1.767879e+02
6.900000e-06	-6.608873e-06	-1.568705e-09	-3.566029e+01	-1.771932e+02
6.910000e-06	-6.631644e-06	-1.570927e-09	-3.578316e+01	-1.775898e+02
6.920000e-06	-6.653562e-06	-1.571912e-09	-3.590143e+01	-1.779779e+02
6.930000e-06	-6.674724e-06	-1.573491e-09	-3.601561e+01	-1.783578e+02
6.940000e-06	-6.695377e-06	-1.576411e-09	-3.612705e+01	-1.787299e+02
6.950000e-06	-6.715679e-06	-1.578757e-09	-3.623660e+01	-1.790946e+02
6.960000e-06	-6.735633e-06	-1.579842e-09	-3.634427e+01	-1.794522e+02
6.970000e-06	-6.755131e-06	-1.581614e-09	-3.644948e+01	-1.798030e+02
6.980000e-06	-6.774087e-06	-1.583857e-09	-3.655176e+01	-1.801473e+02
6.990000e-06	-6.792569e-06	-1.585209e-09	-3.665148e+01	-1.804854e+02
7.000000e-06	-6.810709e-06	-1.586504e-09	-3.674937e+01	-1.808176e+02
7.010000e-06	-6.828443e-06	-1.587276e-09	-3.684505e+01	-1.811439e+02
7.020000e-06	-6.845735e-06	-1.588538e-09	-3.693836e+01	-1.814647e+02
7.030000e-06	-6.862576e-06	-1.591181e-09	-3.702923e+01	-1.817799e+02
7.040000e-06	-6.878960e-06	-1.592791e-09	-3.711763e+01	-1.820898e+02
7.050000e-06	-6.895068e-06	-1.594008e-09	-3.720455e+01	-1.823942e+02
7.060000e-06	-6.910669e-06	-1.596994e-09	-3.728873e+01	-1.826932e+02
7.070000e-06	-6.925595e-06	-1.600959e-09	-3.736927e+01	-1.829867e+02
7.080000e-06	-6.939757e-06	-1.603917e-09	-3.744568e+01	-1.832745e+02
7.090000e-06	-6.953019e-06	-1.605770e-09	-3.751724e+01	-1.835565e+02
7.100000e-06	-6.965694e-06	-1.607050e-09	-3.758564e+01	-1.838325e+02
7.110000e-06	-6.977941e-06	-1.609184e-09	-3.765172e+01	-1.841021e+02
7.120000e-06	-6.989698e-06	-1.612072e-09	-3.771516e+01	-1.843651e+02
7.130000e-06	-7.000829e-06	-1.614354e-09	-3.777522e+01	-1.846211e+02
7.140000e-06	-7.011456e-06	-1.616319e-09	-3.783256e+01	-1.848697e+02
7.150000e-06	-7.021687e-06	-1.617927e-09	-3.788776e+01	-1.851106e+02
7.160000e-06	-7.031429e-06	-1.619461e-09	-3.794033e+01	-1.853434e+02
7.170000e-06	-7.040660e-06	-1.621725e-09	-3.799014e+01	-1.855676e+02
7.180000e-06	-7.049488e-06	-1.623748e-09	-3.803777e+01	-1.857828e+02
7.190000e-06	-7.057989e-06	-1.624324e-09	-3.808364e+01	-1.859887e+02
7.200000e-06	-7.066188e-06	-1.624977e-09	-3.812788e+01	-1.861847e+02
7.210000e-06	-7.073862e-06	-1.625628e-09	-3.816929e+01	-1.863706e+02
7.220000e-06	-7.080788e-06	-1.625397e-09	-3.820666e+01	-1.865459e+02
7.230000e-06	-7.087041e-06	-1.626041e-09	-3.824040e+01	-1.867104e+02
7.240000e-06	-7.092591e-06	-1.627563e-09	-3.827035e+01	-1.868637e+02
7.250000e-06	-7.097477e-06	-1.628930e-09	-3.829671e+01	-1.870057e+02
7.260000e-06	-7.101955e-06	-1.630448e-09	-3.832087e+01	-1.871361e+02
7.270000e-06	-7.106074e-06	-1.631058e-09	-3.834310e+01	-1.872547e+02
7.280000e-06	-7.109665e-06	-1.631082e-09	-3.836247e+01	-1.873616e+02
7.290000e-06	-7.112789e-06	-1.630674e-09	-3.837933e+01	-1.874565e+02
7.300000e-06	-7.115467e-06	-1.629656e-09	-3.839379e+01	-1.875396e+02
7.310000e-06	-7.117657e-06	-1.628767e-09	-3.840560e+01	-1.876109e+02
7.320000e-06	-7.119328e-06	-1.628320e-09	-3.841461e+01	-1.876705e+02
7.330000e-06	-7.120480e-06	-1.628602e-09	-3.842083e+01	-1.877187e+02
7.340000e-06	-7.121186e-06	-1.628030e-09	-3.842464e+01	-1.877556e+02
