# Temperatura_=_20.0
# Concentracion g/m^3_=_7400.0
# C_Vs_to_Am_M_A/Vsm_=_116720831517.84952
# pendiente_HvsI_1/m_=_3716.3
# ordenada_HvsI_A/m_=_1297.0
# frecuencia_Hz_=_136107.08537815354

Tiempo_(s)	Campo_(V.s)	Magnetizacion_(V.s)	Campo_(kA/m)	Magnetizacion_(A/m)
0.000000e+00	-7.107467e-06	-1.466042e-09	-3.842716e+01	-1.687999e+02
1.000000e-08	-7.107635e-06	-1.465164e-09	-3.842807e+01	-1.687828e+02
2.000000e-08	-7.107498e-06	-1.466027e-09	-3.842733e+01	-1.687560e+02
3.000000e-08	-7.106878e-06	-1.465987e-09	-3.842398e+01	-1.687197e+02
4.000000e-08	-7.105471e-06	-1.464512e-09	-3.841637e+01	-1.686743e+02
5.000000e-08	-7.103221e-06	-1.462809e-09	-3.840421e+01	-1.686199e+02
6.000000e-08	-7.100281e-06	-1.462564e-09	-3.838831e+01	-1.685568e+02
7.000000e-08	-7.096815e-06	-1.464863e-09	-3.836957e+01	-1.684854e+02
8.000000e-08	-7.092971e-06	-1.467611e-09	-3.834879e+01	-1.684060e+02
9.000000e-08	-7.088562e-06	-1.463774e-09	-3.832495e+01	-1.683190e+02
1.000000e-07	-7.083359e-06	-1.441652e-09	-3.829682e+01	-1.682246e+02
1.100000e-07	-7.077540e-06	-1.426258e-09	-3.826536e+01	-1.681233e+02
1.200000e-07	-7.071455e-06	-1.463230e-09	-3.823246e+01	-1.680155e+02
1.300000e-07	-7.065178e-06	-1.513664e-09	-3.819852e+01	-1.679016e+02
1.400000e-07	-7.058394e-06	-1.470928e-09	-3.816185e+01	-1.677821e+02
1.500000e-07	-7.050929e-06	-1.397556e-09	-3.812149e+01	-1.676575e+02
1.600000e-07	-7.043150e-06	-1.443318e-09	-3.807943e+01	-1.675282e+02
1.700000e-07	-7.035033e-06	-1.519960e-09	-3.803554e+01	-1.673947e+02
1.800000e-07	-7.026334e-06	-1.452333e-09	-3.798851e+01	-1.672575e+02
1.900000e-07	-7.016774e-06	-1.353849e-09	-3.793682e+01	-1.671172e+02
2.000000e-07	-7.006645e-06	-1.438705e-09	-3.788206e+01	-1.669742e+02
2.100000e-07	-6.996178e-06	-1.547990e-09	-3.782547e+01	-1.668290e+02
2.200000e-07	-6.985128e-06	-1.453780e-09	-3.776573e+01	-1.666822e+02
2.300000e-07	-6.973460e-06	-1.345083e-09	-3.770265e+01	-1.665341e+02
2.400000e-07	-6.961117e-06	-1.431802e-09	-3.763591e+01	-1.663853e+02
2.500000e-07	-6.948237e-06	-1.505202e-09	-3.756627e+01	-1.662360e+02
2.600000e-07	-6.934842e-06	-1.411631e-09	-3.749385e+01	-1.660868e+02
2.700000e-07	-6.920821e-06	-1.374157e-09	-3.741805e+01	-1.659380e+02
2.800000e-07	-6.906136e-06	-1.465032e-09	-3.733865e+01	-1.657897e+02
2.900000e-07	-6.890715e-06	-1.460103e-09	-3.725527e+01	-1.656423e+02
3.000000e-07	-6.874457e-06	-1.375763e-09	-3.716738e+01	-1.654958e+02
3.100000e-07	-6.857662e-06	-1.410844e-09	-3.707657e+01	-1.653505e+02
3.200000e-07	-6.840543e-06	-1.456161e-09	-3.698402e+01	-1.652062e+02
3.300000e-07	-6.823040e-06	-1.381735e-09	-3.688938e+01	-1.650631e+02
3.400000e-07	-6.805044e-06	-1.375405e-09	-3.679209e+01	-1.649210e+02
3.500000e-07	-6.786617e-06	-1.466888e-09	-3.669246e+01	-1.647796e+02
3.600000e-07	-6.767748e-06	-1.426016e-09	-3.659044e+01	-1.646389e+02
3.700000e-07	-6.748415e-06	-1.328132e-09	-3.648592e+01	-1.644984e+02
3.800000e-07	-6.728755e-06	-1.393900e-09	-3.637962e+01	-1.643577e+02
3.900000e-07	-6.708862e-06	-1.456013e-09	-3.627207e+01	-1.642165e+02
4.000000e-07	-6.688452e-06	-1.366384e-09	-3.616172e+01	-1.640743e+02
4.100000e-07	-6.667445e-06	-1.347234e-09	-3.604815e+01	-1.639305e+02
4.200000e-07	-6.645920e-06	-1.432466e-09	-3.593177e+01	-1.637845e+02
4.300000e-07	-6.623969e-06	-1.405055e-09	-3.581309e+01	-1.636358e+02
4.400000e-07	-6.601664e-06	-1.340941e-09	-3.569250e+01	-1.634836e+02
4.500000e-07	-6.578910e-06	-1.389428e-09	-3.556947e+01	-1.633273e+02
4.600000e-07	-6.555653e-06	-1.402928e-09	-3.544373e+01	-1.631662e+02
4.700000e-07	-6.532001e-06	-1.343903e-09	-3.531586e+01	-1.629997e+02
4.800000e-07	-6.508011e-06	-1.370860e-09	-3.518615e+01	-1.628272e+02
4.900000e-07	-6.483669e-06	-1.411022e-09	-3.505454e+01	-1.626478e+02
5.000000e-07	-6.458738e-06	-1.353511e-09	-3.491975e+01	-1.624612e+02
5.100000e-07	-6.433021e-06	-1.336440e-09	-3.478071e+01	-1.622665e+02
5.200000e-07	-6.406672e-06	-1.385267e-09	-3.463826e+01	-1.620634e+02
5.300000e-07	-6.379644e-06	-1.365075e-09	-3.449212e+01	-1.618513e+02
5.400000e-07	-6.352149e-06	-1.330691e-09	-3.434347e+01	-1.616297e+02
5.500000e-07	-6.324336e-06	-1.362644e-09	-3.419309e+01	-1.613983e+02
5.600000e-07	-6.296109e-06	-1.367237e-09	-3.404048e+01	-1.611567e+02
5.700000e-07	-6.267556e-06	-1.335717e-09	-3.388611e+01	-1.609046e+02
5.800000e-07	-6.238638e-06	-1.346727e-09	-3.372976e+01	-1.606419e+02
5.900000e-07	-6.209250e-06	-1.355912e-09	-3.357087e+01	-1.603684e+02
6.000000e-07	-6.179477e-06	-1.331630e-09	-3.340990e+01	-1.600840e+02
6.100000e-07	-6.149201e-06	-1.333333e-09	-3.324621e+01	-1.597887e+02
6.200000e-07	-6.118486e-06	-1.347044e-09	-3.308015e+01	-1.594824e+02
6.300000e-07	-6.087404e-06	-1.332412e-09	-3.291210e+01	-1.591653e+02
6.400000e-07	-6.056027e-06	-1.324368e-09	-3.274246e+01	-1.588376e+02
6.500000e-07	-6.024421e-06	-1.330843e-09	-3.257158e+01	-1.584992e+02
6.600000e-07	-5.992519e-06	-1.324581e-09	-3.239909e+01	-1.581505e+02
6.700000e-07	-5.960136e-06	-1.318768e-09	-3.222401e+01	-1.577917e+02
6.800000e-07	-5.927010e-06	-1.321575e-09	-3.204492e+01	-1.574230e+02
6.900000e-07	-5.893164e-06	-1.316328e-09	-3.186193e+01	-1.570447e+02
7.000000e-07	-5.858615e-06	-1.309296e-09	-3.167513e+01	-1.566570e+02
7.100000e-07	-5.823507e-06	-1.307023e-09	-3.148532e+01	-1.562602e+02
7.200000e-07	-5.788001e-06	-1.302142e-09	-3.129335e+01	-1.558546e+02
7.300000e-07	-5.752250e-06	-1.298082e-09	-3.110006e+01	-1.554404e+02
7.400000e-07	-5.716361e-06	-1.295996e-09	-3.090603e+01	-1.550178e+02
7.500000e-07	-5.680121e-06	-1.291219e-09	-3.071009e+01	-1.545871e+02
7.600000e-07	-5.643527e-06	-1.287839e-09	-3.051224e+01	-1.541484e+02
7.700000e-07	-5.606541e-06	-1.286017e-09	-3.031227e+01	-1.537019e+02
7.800000e-07	-5.569042e-06	-1.280098e-09	-3.010953e+01	-1.532478e+02
7.900000e-07	-5.531065e-06	-1.272338e-09	-2.990421e+01	-1.527862e+02
8.000000e-07	-5.492546e-06	-1.267141e-09	-2.969595e+01	-1.523171e+02
8.100000e-07	-5.453527e-06	-1.262462e-09	-2.948499e+01	-1.518407e+02
8.200000e-07	-5.414150e-06	-1.257742e-09	-2.927209e+01	-1.513569e+02
8.300000e-07	-5.374593e-06	-1.253849e-09	-2.905822e+01	-1.508659e+02
8.400000e-07	-5.334834e-06	-1.249073e-09	-2.884327e+01	-1.503675e+02
8.500000e-07	-5.294831e-06	-1.243528e-09	-2.862698e+01	-1.498618e+02
8.600000e-07	-5.254568e-06	-1.238371e-09	-2.840930e+01	-1.493489e+02
8.700000e-07	-5.213950e-06	-1.232863e-09	-2.818969e+01	-1.488286e+02
8.800000e-07	-5.172763e-06	-1.226087e-09	-2.796701e+01	-1.483010e+02
8.900000e-07	-5.131024e-06	-1.218468e-09	-2.774135e+01	-1.477660e+02
9.000000e-07	-5.088714e-06	-1.211737e-09	-2.751259e+01	-1.472236e+02
9.100000e-07	-5.045725e-06	-1.206936e-09	-2.728017e+01	-1.466738e+02
9.200000e-07	-5.002375e-06	-1.201865e-09	-2.704579e+01	-1.461167e+02
9.300000e-07	-4.958762e-06	-1.195463e-09	-2.680999e+01	-1.455523e+02
9.400000e-07	-4.914772e-06	-1.188531e-09	-2.657216e+01	-1.449805e+02
9.500000e-07	-4.870607e-06	-1.182174e-09	-2.633338e+01	-1.444016e+02
9.600000e-07	-4.826253e-06	-1.177625e-09	-2.609358e+01	-1.438154e+02
9.700000e-07	-4.781385e-06	-1.172882e-09	-2.585099e+01	-1.432222e+02
9.800000e-07	-4.736176e-06	-1.166187e-09	-2.560657e+01	-1.426219e+02
9.900000e-07	-4.690719e-06	-1.159008e-09	-2.536080e+01	-1.420148e+02
1.000000e-06	-4.644924e-06	-1.152781e-09	-2.511320e+01	-1.414009e+02
1.010000e-06	-4.598815e-06	-1.146657e-09	-2.486391e+01	-1.407802e+02
1.020000e-06	-4.552416e-06	-1.139695e-09	-2.461305e+01	-1.401529e+02
1.030000e-06	-4.505626e-06	-1.132851e-09	-2.436007e+01	-1.395190e+02
1.040000e-06	-4.458483e-06	-1.127176e-09	-2.410519e+01	-1.388787e+02
1.050000e-06	-4.411121e-06	-1.123060e-09	-2.384913e+01	-1.382318e+02
1.060000e-06	-4.363489e-06	-1.118671e-09	-2.359160e+01	-1.375783e+02
1.070000e-06	-4.315703e-06	-1.113329e-09	-2.333324e+01	-1.369183e+02
1.080000e-06	-4.267678e-06	-1.106576e-09	-2.307359e+01	-1.362516e+02
1.090000e-06	-4.219212e-06	-1.098824e-09	-2.281155e+01	-1.355780e+02
1.100000e-06	-4.170184e-06	-1.092030e-09	-2.254648e+01	-1.348973e+02
1.110000e-06	-4.120627e-06	-1.086111e-09	-2.227855e+01	-1.342092e+02
1.120000e-06	-4.070708e-06	-1.079498e-09	-2.200865e+01	-1.335134e+02
1.130000e-06	-4.020371e-06	-1.072515e-09	-2.173650e+01	-1.328095e+02
1.140000e-06	-3.969550e-06	-1.066320e-09	-2.146173e+01	-1.320969e+02
1.150000e-06	-3.918381e-06	-1.060750e-09	-2.118508e+01	-1.313752e+02
1.160000e-06	-3.866995e-06	-1.054678e-09	-2.090726e+01	-1.306436e+02
1.170000e-06	-3.815408e-06	-1.047678e-09	-2.062835e+01	-1.299017e+02
1.180000e-06	-3.763507e-06	-1.040978e-09	-2.034774e+01	-1.291486e+02
1.190000e-06	-3.711231e-06	-1.035083e-09	-2.006511e+01	-1.283836e+02
1.200000e-06	-3.658767e-06	-1.029321e-09	-1.978146e+01	-1.276059e+02
1.210000e-06	-3.606082e-06	-1.023260e-09	-1.949661e+01	-1.268147e+02
1.220000e-06	-3.553038e-06	-1.016166e-09	-1.920982e+01	-1.260092e+02
1.230000e-06	-3.499674e-06	-1.007786e-09	-1.892131e+01	-1.251886e+02
1.240000e-06	-3.446108e-06	-9.998645e-10	-1.863170e+01	-1.243520e+02
1.250000e-06	-3.392376e-06	-9.942599e-10	-1.834119e+01	-1.234987e+02
1.260000e-06	-3.338413e-06	-9.884997e-10	-1.804943e+01	-1.226279e+02
1.270000e-06	-3.284246e-06	-9.796943e-10	-1.775658e+01	-1.217389e+02
1.280000e-06	-3.229883e-06	-9.707688e-10	-1.746266e+01	-1.208310e+02
1.290000e-06	-3.175232e-06	-9.639546e-10	-1.716718e+01	-1.199038e+02
1.300000e-06	-3.120341e-06	-9.571381e-10	-1.687040e+01	-1.189566e+02
1.310000e-06	-3.065283e-06	-9.482650e-10	-1.657273e+01	-1.179891e+02
1.320000e-06	-3.009920e-06	-9.390109e-10	-1.627340e+01	-1.170010e+02
1.330000e-06	-2.954191e-06	-9.308531e-10	-1.597210e+01	-1.159921e+02
1.340000e-06	-2.898310e-06	-9.230955e-10	-1.566998e+01	-1.149622e+02
1.350000e-06	-2.842512e-06	-9.157468e-10	-1.536830e+01	-1.139115e+02
1.360000e-06	-2.786755e-06	-9.081024e-10	-1.506685e+01	-1.128399e+02
1.370000e-06	-2.730877e-06	-8.995626e-10	-1.476473e+01	-1.117476e+02
1.380000e-06	-2.674856e-06	-8.909297e-10	-1.446185e+01	-1.106351e+02
1.390000e-06	-2.618633e-06	-8.827359e-10	-1.415787e+01	-1.095027e+02
1.400000e-06	-2.562128e-06	-8.746098e-10	-1.385238e+01	-1.083508e+02
1.410000e-06	-2.505521e-06	-8.644592e-10	-1.354633e+01	-1.071799e+02
1.420000e-06	-2.448739e-06	-8.537572e-10	-1.323933e+01	-1.059908e+02
1.430000e-06	-2.391686e-06	-8.446571e-10	-1.293087e+01	-1.047839e+02
1.440000e-06	-2.334383e-06	-8.357298e-10	-1.262105e+01	-1.035599e+02
1.450000e-06	-2.276625e-06	-8.255618e-10	-1.230878e+01	-1.023195e+02
1.460000e-06	-2.218446e-06	-8.140476e-10	-1.199423e+01	-1.010633e+02
1.470000e-06	-2.159903e-06	-8.026472e-10	-1.167771e+01	-9.979181e+01
1.480000e-06	-2.101058e-06	-7.916202e-10	-1.135956e+01	-9.850561e+01
1.490000e-06	-2.042046e-06	-7.803168e-10	-1.104051e+01	-9.720514e+01
1.500000e-06	-1.982945e-06	-7.690375e-10	-1.072097e+01	-9.589076e+01
1.510000e-06	-1.923813e-06	-7.568774e-10	-1.040127e+01	-9.456270e+01
1.520000e-06	-1.864529e-06	-7.451174e-10	-1.008075e+01	-9.322108e+01
1.530000e-06	-1.805129e-06	-7.356019e-10	-9.759596e+00	-9.186589e+01
1.540000e-06	-1.745655e-06	-7.251904e-10	-9.438042e+00	-9.049695e+01
1.550000e-06	-1.686023e-06	-7.122844e-10	-9.115636e+00	-8.911392e+01
1.560000e-06	-1.626343e-06	-6.993538e-10	-8.792971e+00	-8.771630e+01
1.570000e-06	-1.566693e-06	-6.883344e-10	-8.470469e+00	-8.630342e+01
1.580000e-06	-1.506984e-06	-6.776805e-10	-8.147648e+00	-8.487445e+01
1.590000e-06	-1.447155e-06	-6.648391e-10	-7.824177e+00	-8.342836e+01
1.600000e-06	-1.387256e-06	-6.514249e-10	-7.500328e+00	-8.196399e+01
1.610000e-06	-1.327342e-06	-6.390910e-10	-7.176397e+00	-8.048002e+01
1.620000e-06	-1.267336e-06	-6.267531e-10	-6.851966e+00	-7.897499e+01
1.630000e-06	-1.207250e-06	-6.139408e-10	-6.527105e+00	-7.744730e+01
1.640000e-06	-1.147091e-06	-6.003050e-10	-6.201851e+00	-7.589527e+01
1.650000e-06	-1.086740e-06	-5.864175e-10	-5.875557e+00	-7.431711e+01
1.660000e-06	-1.026251e-06	-5.739493e-10	-5.548519e+00	-7.271099e+01
1.670000e-06	-9.657831e-07	-5.626488e-10	-5.221594e+00	-7.107502e+01
1.680000e-06	-9.052999e-07	-5.498150e-10	-4.894586e+00	-6.940733e+01
1.690000e-06	-8.447429e-07	-5.349071e-10	-4.567179e+00	-6.770604e+01
1.700000e-06	-7.841791e-07	-5.207584e-10	-4.239735e+00	-6.596932e+01
1.710000e-06	-7.235720e-07	-5.080321e-10	-3.912058e+00	-6.419543e+01
1.720000e-06	-6.628699e-07	-4.947130e-10	-3.583866e+00	-6.238271e+01
1.730000e-06	-6.021258e-07	-4.802673e-10	-3.255448e+00	-6.052966e+01
1.740000e-06	-5.414817e-07	-4.648397e-10	-2.927570e+00	-5.863492e+01
1.750000e-06	-4.807160e-07	-4.488922e-10	-2.599035e+00	-5.669730e+01
1.760000e-06	-4.197538e-07	-4.333407e-10	-2.269437e+00	-5.471585e+01
1.770000e-06	-3.586873e-07	-4.173807e-10	-1.939276e+00	-5.268983e+01
1.780000e-06	-2.976328e-07	-4.001312e-10	-1.609179e+00	-5.061875e+01
1.790000e-06	-2.367335e-07	-3.826165e-10	-1.279921e+00	-4.850237e+01
1.800000e-06	-1.759305e-07	-3.649724e-10	-9.511840e-01	-4.634075e+01
1.810000e-06	-1.150764e-07	-3.470355e-10	-6.221710e-01	-4.413421e+01
1.820000e-06	-5.413533e-08	-3.291787e-10	-2.926876e-01	-4.188337e+01
1.830000e-06	6.812880e-09	-3.097872e-10	3.683445e-02	-3.958914e+01
1.840000e-06	6.782909e-08	-2.894690e-10	3.667241e-01	-3.725272e+01
1.850000e-06	1.288522e-07	-2.702963e-10	6.966511e-01	-3.487559e+01
1.860000e-06	1.898952e-07	-2.522693e-10	1.026685e+00	-3.245950e+01
1.870000e-06	2.509296e-07	-2.341384e-10	1.356674e+00	-3.000648e+01
1.880000e-06	3.118696e-07	-2.142821e-10	1.686151e+00	-2.751878e+01
1.890000e-06	3.726853e-07	-1.928073e-10	2.014957e+00	-2.499890e+01
1.900000e-06	4.335023e-07	-1.718597e-10	2.343769e+00	-2.244952e+01
1.910000e-06	4.943693e-07	-1.510827e-10	2.672852e+00	-1.987353e+01
1.920000e-06	5.551729e-07	-1.300985e-10	3.001593e+00	-1.727396e+01
1.930000e-06	6.159485e-07	-1.095594e-10	3.330181e+00	-1.465398e+01
1.940000e-06	6.766152e-07	-8.831087e-11	3.658181e+00	-1.201684e+01
1.950000e-06	7.370687e-07	-6.692608e-11	3.985029e+00	-9.365888e+00
1.960000e-06	7.975640e-07	-4.592453e-11	4.312102e+00	-6.704493e+00
1.970000e-06	8.581143e-07	-2.458673e-11	4.639473e+00	-4.036050e+00
1.980000e-06	9.186070e-07	-3.793808e-12	4.966532e+00	-1.363934e+00
1.990000e-06	9.790207e-07	1.684214e-11	5.293164e+00	1.308523e+00
2.000000e-06	1.039321e-06	3.789488e-11	5.619184e+00	3.978058e+00
2.010000e-06	1.099631e-06	5.808967e-11	5.945253e+00	6.641506e+00
2.020000e-06	1.159884e-06	7.803998e-11	6.271018e+00	9.295815e+00
2.030000e-06	1.220048e-06	9.859129e-11	6.596302e+00	1.193808e+01
2.040000e-06	1.280153e-06	1.190456e-10	6.921263e+00	1.456554e+01
2.050000e-06	1.340123e-06	1.398540e-10	7.245495e+00	1.717562e+01
2.060000e-06	1.399978e-06	1.607775e-10	7.569108e+00	1.976592e+01
2.070000e-06	1.459791e-06	1.808732e-10	7.892490e+00	2.233425e+01
2.080000e-06	1.519588e-06	2.007806e-10	8.215792e+00	2.487861e+01
2.090000e-06	1.579384e-06	2.201914e-10	8.539085e+00	2.739721e+01
2.100000e-06	1.639103e-06	2.389371e-10	8.861957e+00	2.988849e+01
2.110000e-06	1.698765e-06	2.583494e-10	9.184528e+00	3.235107e+01
2.120000e-06	1.758345e-06	2.781554e-10	9.506654e+00	3.478380e+01
2.130000e-06	1.817764e-06	2.980185e-10	9.827904e+00	3.718572e+01
2.140000e-06	1.876977e-06	3.176993e-10	1.014805e+01	3.955606e+01
2.150000e-06	1.936109e-06	3.357956e-10	1.046775e+01	4.189423e+01
2.160000e-06	1.995238e-06	3.539260e-10	1.078744e+01	4.419984e+01
2.170000e-06	2.054248e-06	3.719808e-10	1.110648e+01	4.647263e+01
2.180000e-06	2.113144e-06	3.884145e-10	1.142491e+01	4.871250e+01
2.190000e-06	2.171962e-06	4.057833e-10	1.174291e+01	5.091946e+01
2.200000e-06	2.230429e-06	4.249755e-10	1.205902e+01	5.309367e+01
2.210000e-06	2.288334e-06	4.438722e-10	1.237208e+01	5.523537e+01
2.220000e-06	2.345909e-06	4.611934e-10	1.268337e+01	5.734488e+01
2.230000e-06	2.403251e-06	4.768309e-10	1.299339e+01	5.942261e+01
2.240000e-06	2.460237e-06	4.924841e-10	1.330149e+01	6.146901e+01
2.250000e-06	2.516970e-06	5.088730e-10	1.360823e+01	6.348458e+01
2.260000e-06	2.573439e-06	5.247618e-10	1.391353e+01	6.546983e+01
2.270000e-06	2.629608e-06	5.397277e-10	1.421721e+01	6.742533e+01
2.280000e-06	2.685694e-06	5.543189e-10	1.452045e+01	6.935160e+01
2.290000e-06	2.741658e-06	5.691702e-10	1.482302e+01	7.124920e+01
2.300000e-06	2.797483e-06	5.850121e-10	1.512484e+01	7.311866e+01
2.310000e-06	2.853209e-06	6.014155e-10	1.542613e+01	7.496050e+01
2.320000e-06	2.908862e-06	6.171754e-10	1.572703e+01	7.677521e+01
2.330000e-06	2.964351e-06	6.332764e-10	1.602703e+01	7.856326e+01
2.340000e-06	3.019624e-06	6.490437e-10	1.632587e+01	8.032507e+01
2.350000e-06	3.074776e-06	6.634360e-10	1.662405e+01	8.206106e+01
2.360000e-06	3.129759e-06	6.753257e-10	1.692132e+01	8.377160e+01
2.370000e-06	3.184478e-06	6.851091e-10	1.721717e+01	8.545702e+01
2.380000e-06	3.238946e-06	6.956200e-10	1.751166e+01	8.711764e+01
2.390000e-06	3.293234e-06	7.089497e-10	1.780517e+01	8.875375e+01
2.400000e-06	3.347214e-06	7.248495e-10	1.809702e+01	9.036560e+01
2.410000e-06	3.400910e-06	7.404979e-10	1.838733e+01	9.195344e+01
2.420000e-06	3.454397e-06	7.548332e-10	1.867651e+01	9.351750e+01
2.430000e-06	3.507689e-06	7.677614e-10	1.896464e+01	9.505798e+01
2.440000e-06	3.560698e-06	7.800007e-10	1.925123e+01	9.657511e+01
2.450000e-06	3.613419e-06	7.924077e-10	1.953628e+01	9.806907e+01
2.460000e-06	3.665938e-06	8.036444e-10	1.982022e+01	9.954008e+01
2.470000e-06	3.718145e-06	8.142388e-10	2.010249e+01	1.009883e+02
2.480000e-06	3.770045e-06	8.259256e-10	2.038309e+01	1.024141e+02
2.490000e-06	3.821648e-06	8.384007e-10	2.066208e+01	1.038175e+02
2.500000e-06	3.872794e-06	8.502538e-10	2.093861e+01	1.051989e+02
2.510000e-06	3.923576e-06	8.606100e-10	2.121317e+01	1.065585e+02
2.520000e-06	3.974212e-06	8.702917e-10	2.148694e+01	1.078965e+02
2.530000e-06	4.024507e-06	8.808458e-10	2.175886e+01	1.092133e+02
2.540000e-06	4.074232e-06	8.913811e-10	2.202770e+01	1.105091e+02
2.550000e-06	4.123377e-06	9.004834e-10	2.229341e+01	1.117843e+02
2.560000e-06	4.172019e-06	9.087883e-10	2.255640e+01	1.130392e+02
2.570000e-06	4.220250e-06	9.165487e-10	2.281716e+01	1.142740e+02
2.580000e-06	4.268238e-06	9.254201e-10	2.307662e+01	1.154892e+02
2.590000e-06	4.316040e-06	9.357357e-10	2.333506e+01	1.166851e+02
2.600000e-06	4.363625e-06	9.458581e-10	2.359233e+01	1.178620e+02
2.610000e-06	4.411043e-06	9.556175e-10	2.384871e+01	1.190202e+02
2.620000e-06	4.458177e-06	9.647333e-10	2.410354e+01	1.201601e+02
2.630000e-06	4.504856e-06	9.733732e-10	2.435591e+01	1.212820e+02
2.640000e-06	4.551133e-06	9.815588e-10	2.460611e+01	1.223861e+02
2.650000e-06	4.597409e-06	9.884161e-10	2.485631e+01	1.234728e+02
2.660000e-06	4.643461e-06	9.954385e-10	2.510529e+01	1.245423e+02
2.670000e-06	4.688906e-06	1.002975e-09	2.535100e+01	1.255949e+02
2.680000e-06	4.734062e-06	1.011565e-09	2.559514e+01	1.266306e+02
2.690000e-06	4.778859e-06	1.020801e-09	2.583734e+01	1.276497e+02
2.700000e-06	4.823309e-06	1.027625e-09	2.607766e+01	1.286523e+02
2.710000e-06	4.867471e-06	1.033698e-09	2.631642e+01	1.296385e+02
2.720000e-06	4.911356e-06	1.042011e-09	2.655369e+01	1.306083e+02
2.730000e-06	4.955080e-06	1.051681e-09	2.679009e+01	1.315618e+02
2.740000e-06	4.998566e-06	1.060961e-09	2.702520e+01	1.324989e+02
2.750000e-06	5.041755e-06	1.068463e-09	2.725870e+01	1.334196e+02
2.760000e-06	5.084469e-06	1.074971e-09	2.748964e+01	1.343238e+02
2.770000e-06	5.126568e-06	1.081921e-09	2.771725e+01	1.352114e+02
2.780000e-06	5.168035e-06	1.089050e-09	2.794145e+01	1.360823e+02
2.790000e-06	5.209023e-06	1.096135e-09	2.816306e+01	1.369363e+02
2.800000e-06	5.249553e-06	1.103490e-09	2.838218e+01	1.377732e+02
2.810000e-06	5.289628e-06	1.111268e-09	2.859885e+01	1.385929e+02
2.820000e-06	5.329427e-06	1.119613e-09	2.881403e+01	1.393952e+02
2.830000e-06	5.368968e-06	1.128466e-09	2.902781e+01	1.401800e+02
2.840000e-06	5.408224e-06	1.135743e-09	2.924005e+01	1.409470e+02
2.850000e-06	5.447166e-06	1.141022e-09	2.945059e+01	1.416961e+02
2.860000e-06	5.485930e-06	1.145832e-09	2.966018e+01	1.424272e+02
2.870000e-06	5.524335e-06	1.151157e-09	2.986782e+01	1.431403e+02
2.880000e-06	5.562170e-06	1.157710e-09	3.007238e+01	1.438351e+02
2.890000e-06	5.599544e-06	1.164809e-09	3.027444e+01	1.445117e+02
2.900000e-06	5.636414e-06	1.171391e-09	3.047378e+01	1.451701e+02
2.910000e-06	5.672883e-06	1.177563e-09	3.067095e+01	1.458104e+02
2.920000e-06	5.709010e-06	1.184646e-09	3.086628e+01	1.464327e+02
2.930000e-06	5.744927e-06	1.192771e-09	3.106047e+01	1.470371e+02
2.940000e-06	5.780693e-06	1.198418e-09	3.125384e+01	1.476240e+02
2.950000e-06	5.816117e-06	1.201884e-09	3.144537e+01	1.481935e+02
2.960000e-06	5.851113e-06	1.206287e-09	3.163457e+01	1.487461e+02
2.970000e-06	5.885541e-06	1.212157e-09	3.182071e+01	1.492821e+02
2.980000e-06	5.919466e-06	1.218523e-09	3.200413e+01	1.498021e+02
2.990000e-06	5.952604e-06	1.224021e-09	3.218329e+01	1.503066e+02
3.000000e-06	5.984960e-06	1.229517e-09	3.235823e+01	1.507961e+02
3.010000e-06	6.016999e-06	1.235561e-09	3.253145e+01	1.512713e+02
3.020000e-06	6.048790e-06	1.242004e-09	3.270333e+01	1.517329e+02
3.030000e-06	6.080234e-06	1.248298e-09	3.287334e+01	1.521817e+02
3.040000e-06	6.111219e-06	1.252591e-09	3.304086e+01	1.526184e+02
3.050000e-06	6.141774e-06	1.256005e-09	3.320606e+01	1.530437e+02
3.060000e-06	6.171911e-06	1.260964e-09	3.336900e+01	1.534586e+02
3.070000e-06	6.201651e-06	1.265877e-09	3.352979e+01	1.538639e+02
3.080000e-06	6.230971e-06	1.269433e-09	3.368831e+01	1.542603e+02
3.090000e-06	6.259999e-06	1.274042e-09	3.384525e+01	1.546488e+02
3.100000e-06	6.288619e-06	1.281128e-09	3.399999e+01	1.550301e+02
3.110000e-06	6.316740e-06	1.288140e-09	3.415203e+01	1.554051e+02
3.120000e-06	6.344546e-06	1.292069e-09	3.430236e+01	1.557746e+02
3.130000e-06	6.372062e-06	1.293550e-09	3.445113e+01	1.561393e+02
3.140000e-06	6.399214e-06	1.294394e-09	3.459793e+01	1.564998e+02
3.150000e-06	6.425745e-06	1.297004e-09	3.474137e+01	1.568570e+02
3.160000e-06	6.451506e-06	1.301947e-09	3.488065e+01	1.572113e+02
3.170000e-06	6.476458e-06	1.306129e-09	3.501556e+01	1.575633e+02
3.180000e-06	6.500800e-06	1.309296e-09	3.514717e+01	1.579134e+02
3.190000e-06	6.524775e-06	1.311691e-09	3.527679e+01	1.582621e+02
3.200000e-06	6.548401e-06	1.313987e-09	3.540452e+01	1.586097e+02
3.210000e-06	6.571672e-06	1.317524e-09	3.553034e+01	1.589564e+02
3.220000e-06	6.594441e-06	1.320272e-09	3.565344e+01	1.593024e+02
3.230000e-06	6.616766e-06	1.323238e-09	3.577415e+01	1.596477e+02
3.240000e-06	6.638719e-06	1.327451e-09	3.589284e+01	1.599924e+02
3.250000e-06	6.660139e-06	1.330364e-09	3.600865e+01	1.603364e+02
3.260000e-06	6.680984e-06	1.332540e-09	3.612135e+01	1.606796e+02
3.270000e-06	6.701329e-06	1.335310e-09	3.623134e+01	1.610217e+02
3.280000e-06	6.721400e-06	1.337273e-09	3.633986e+01	1.613624e+02
3.290000e-06	6.741261e-06	1.339149e-09	3.644724e+01	1.617014e+02
3.300000e-06	6.760769e-06	1.343212e-09	3.655271e+01	1.620384e+02
3.310000e-06	6.779923e-06	1.347647e-09	3.665627e+01	1.623728e+02
3.320000e-06	6.798606e-06	1.349864e-09	3.675728e+01	1.627041e+02
3.330000e-06	6.816527e-06	1.350248e-09	3.685417e+01	1.630319e+02
3.340000e-06	6.833967e-06	1.350923e-09	3.694846e+01	1.633556e+02
3.350000e-06	6.850980e-06	1.353671e-09	3.704044e+01	1.636746e+02
3.360000e-06	6.867573e-06	1.357858e-09	3.713016e+01	1.639884e+02
3.370000e-06	6.883833e-06	1.360854e-09	3.721807e+01	1.642963e+02
3.380000e-06	6.899267e-06	1.363104e-09	3.730151e+01	1.645978e+02
3.390000e-06	6.914000e-06	1.366707e-09	3.738117e+01	1.648923e+02
3.400000e-06	6.928339e-06	1.371235e-09	3.745869e+01	1.651792e+02
3.410000e-06	6.942171e-06	1.375163e-09	3.753347e+01	1.654580e+02
3.420000e-06	6.955564e-06	1.378165e-09	3.760589e+01	1.657281e+02
3.430000e-06	6.968408e-06	1.381229e-09	3.767533e+01	1.659892e+02
3.440000e-06	6.980637e-06	1.384913e-09	3.774145e+01	1.662408e+02
3.450000e-06	6.992401e-06	1.389343e-09	3.780505e+01	1.664824e+02
3.460000e-06	7.003666e-06	1.394050e-09	3.786596e+01	1.667137e+02
3.470000e-06	7.014266e-06	1.397606e-09	3.792326e+01	1.669344e+02
3.480000e-06	7.024027e-06	1.400362e-09	3.797604e+01	1.671442e+02
3.490000e-06	7.033104e-06	1.403293e-09	3.802512e+01	1.673429e+02
3.500000e-06	7.041552e-06	1.406652e-09	3.807079e+01	1.675302e+02
3.510000e-06	7.049490e-06	1.409714e-09	3.811371e+01	1.677060e+02
3.520000e-06	7.057115e-06	1.411517e-09	3.815493e+01	1.678703e+02
3.530000e-06	7.064405e-06	1.414059e-09	3.819434e+01	1.680228e+02
3.540000e-06	7.071234e-06	1.417700e-09	3.823127e+01	1.681637e+02
3.550000e-06	7.077505e-06	1.421676e-09	3.826517e+01	1.682928e+02
3.560000e-06	7.083297e-06	1.424808e-09	3.829649e+01	1.684102e+02
3.570000e-06	7.088500e-06	1.426602e-09	3.832462e+01	1.685160e+02
3.580000e-06	7.093126e-06	1.428786e-09	3.834963e+01	1.686102e+02
3.590000e-06	7.097406e-06	1.431723e-09	3.837277e+01	1.686930e+02
3.600000e-06	7.101322e-06	1.434970e-09	3.839394e+01	1.687643e+02
3.610000e-06	7.104871e-06	1.437407e-09	3.841313e+01	1.688245e+02
3.620000e-06	7.107978e-06	1.438740e-09	3.842993e+01	1.688735e+02
3.630000e-06	7.110459e-06	1.440414e-09	3.844334e+01	1.689116e+02
3.640000e-06	7.112266e-06	1.442262e-09	3.845311e+01	1.689389e+02
3.650000e-06	7.113239e-06	1.444180e-09	3.845837e+01	1.689557e+02
3.660000e-06	7.113540e-06	1.445732e-09	3.846000e+01	1.689620e+02
3.670000e-06	7.113500e-06	1.445831e-09	3.845979e+01	1.689581e+02
3.680000e-06	7.113111e-06	1.446575e-09	3.845768e+01	1.689443e+02
3.690000e-06	7.112287e-06	1.447617e-09	3.845323e+01	1.689207e+02
3.700000e-06	7.111036e-06	1.448731e-09	3.844646e+01	1.688875e+02
3.710000e-06	7.109265e-06	1.449949e-09	3.843689e+01	1.688451e+02
3.720000e-06	7.106902e-06	1.449504e-09	3.842411e+01	1.687936e+02
3.730000e-06	7.104106e-06	1.449017e-09	3.840900e+01	1.687334e+02
3.740000e-06	7.100862e-06	1.446144e-09	3.839146e+01	1.686647e+02
3.750000e-06	7.097183e-06	1.440802e-09	3.837156e+01	1.685880e+02
3.760000e-06	7.093015e-06	1.448706e-09	3.834903e+01	1.685034e+02
3.770000e-06	7.088028e-06	1.481569e-09	3.832207e+01	1.684114e+02
3.780000e-06	7.082200e-06	1.490617e-09	3.829056e+01	1.683124e+02
3.790000e-06	7.075938e-06	1.414437e-09	3.825670e+01	1.682067e+02
3.800000e-06	7.069451e-06	1.377975e-09	3.822163e+01	1.680948e+02
3.810000e-06	7.062536e-06	1.472181e-09	3.818424e+01	1.679771e+02
3.820000e-06	7.054970e-06	1.515748e-09	3.814334e+01	1.678541e+02
3.830000e-06	7.046846e-06	1.412849e-09	3.809941e+01	1.677263e+02
3.840000e-06	7.038453e-06	1.365877e-09	3.805403e+01	1.675941e+02
3.850000e-06	7.029570e-06	1.492568e-09	3.800601e+01	1.674581e+02
3.860000e-06	7.020062e-06	1.548212e-09	3.795460e+01	1.673188e+02
3.870000e-06	7.010081e-06	1.386942e-09	3.790064e+01	1.671766e+02
3.880000e-06	6.999770e-06	1.316508e-09	3.784489e+01	1.670321e+02
3.890000e-06	6.989064e-06	1.495108e-09	3.778701e+01	1.668858e+02
3.900000e-06	6.977740e-06	1.565067e-09	3.772578e+01	1.667380e+02
3.910000e-06	6.965757e-06	1.384040e-09	3.766100e+01	1.665894e+02
3.920000e-06	6.953152e-06	1.340553e-09	3.759284e+01	1.664403e+02
3.930000e-06	6.939750e-06	1.518931e-09	3.752039e+01	1.662910e+02
3.940000e-06	6.925465e-06	1.508474e-09	3.744316e+01	1.661420e+02
3.950000e-06	6.910635e-06	1.327358e-09	3.736297e+01	1.659935e+02
3.960000e-06	6.895313e-06	1.383938e-09	3.728014e+01	1.658457e+02
3.970000e-06	6.879430e-06	1.546816e-09	3.719426e+01	1.656989e+02
3.980000e-06	6.863139e-06	1.447718e-09	3.710618e+01	1.655532e+02
3.990000e-06	6.846489e-06	1.331292e-09	3.701616e+01	1.654086e+02
4.000000e-06	6.829451e-06	1.467368e-09	3.692405e+01	1.652651e+02
4.010000e-06	6.811982e-06	1.508931e-09	3.682960e+01	1.651226e+02
4.020000e-06	6.793930e-06	1.345415e-09	3.673200e+01	1.649810e+02
4.030000e-06	6.775529e-06	1.380682e-09	3.663251e+01	1.648401e+02
4.040000e-06	6.756738e-06	1.542884e-09	3.653092e+01	1.646996e+02
4.050000e-06	6.737307e-06	1.446226e-09	3.642586e+01	1.645590e+02
4.060000e-06	6.717368e-06	1.328632e-09	3.631806e+01	1.644181e+02
4.070000e-06	6.697170e-06	1.465519e-09	3.620885e+01	1.642762e+02
4.080000e-06	6.676626e-06	1.503798e-09	3.609779e+01	1.641330e+02
4.090000e-06	6.655701e-06	1.355234e-09	3.598465e+01	1.639878e+02
4.100000e-06	6.634121e-06	1.395160e-09	3.586798e+01	1.638400e+02
4.110000e-06	6.611758e-06	1.512002e-09	3.574707e+01	1.636890e+02
4.120000e-06	6.588714e-06	1.417236e-09	3.562248e+01	1.635342e+02
4.130000e-06	6.564971e-06	1.368184e-09	3.549411e+01	1.633748e+02
4.140000e-06	6.540835e-06	1.477226e-09	3.536362e+01	1.632102e+02
4.150000e-06	6.516401e-06	1.447588e-09	3.523151e+01	1.630397e+02
4.160000e-06	6.491546e-06	1.362091e-09	3.509713e+01	1.628627e+02
4.170000e-06	6.466241e-06	1.442691e-09	3.496032e+01	1.626785e+02
4.180000e-06	6.440503e-06	1.473971e-09	3.482116e+01	1.624866e+02
4.190000e-06	6.414322e-06	1.386751e-09	3.467961e+01	1.622863e+02
4.200000e-06	6.387668e-06	1.410118e-09	3.453551e+01	1.620772e+02
4.210000e-06	6.360514e-06	1.462352e-09	3.438870e+01	1.618589e+02
4.220000e-06	6.332964e-06	1.405883e-09	3.423974e+01	1.616308e+02
4.230000e-06	6.305000e-06	1.399738e-09	3.408855e+01	1.613926e+02
4.240000e-06	6.276668e-06	1.450807e-09	3.393537e+01	1.611440e+02
4.250000e-06	6.247934e-06	1.422572e-09	3.378002e+01	1.608849e+02
4.260000e-06	6.218819e-06	1.400638e-09	3.362261e+01	1.606150e+02
4.270000e-06	6.189294e-06	1.434408e-09	3.346298e+01	1.603342e+02
4.280000e-06	6.159103e-06	1.423731e-09	3.329975e+01	1.600425e+02
4.290000e-06	6.128180e-06	1.400133e-09	3.313256e+01	1.597399e+02
4.300000e-06	6.096640e-06	1.418015e-09	3.296204e+01	1.594264e+02
4.310000e-06	6.064639e-06	1.420005e-09	3.278902e+01	1.591021e+02
4.320000e-06	6.032280e-06	1.407481e-09	3.261407e+01	1.587673e+02
4.330000e-06	5.999637e-06	1.412988e-09	3.243758e+01	1.584220e+02
4.340000e-06	5.966681e-06	1.408483e-09	3.225940e+01	1.580666e+02
4.350000e-06	5.933183e-06	1.399416e-09	3.207829e+01	1.577011e+02
4.360000e-06	5.899177e-06	1.404621e-09	3.189444e+01	1.573260e+02
4.370000e-06	5.864888e-06	1.401616e-09	3.170905e+01	1.569414e+02
4.380000e-06	5.830245e-06	1.396382e-09	3.152175e+01	1.565476e+02
4.390000e-06	5.795175e-06	1.398314e-09	3.133214e+01	1.561449e+02
4.400000e-06	5.759698e-06	1.391558e-09	3.114033e+01	1.557335e+02
4.410000e-06	5.723893e-06	1.386334e-09	3.094675e+01	1.553136e+02
4.420000e-06	5.687820e-06	1.389727e-09	3.075171e+01	1.548856e+02
4.430000e-06	5.651457e-06	1.382937e-09	3.055511e+01	1.544495e+02
4.440000e-06	5.614796e-06	1.374001e-09	3.035690e+01	1.540056e+02
4.450000e-06	5.577607e-06	1.376616e-09	3.015584e+01	1.535541e+02
4.460000e-06	5.539766e-06	1.376290e-09	2.995124e+01	1.530949e+02
4.470000e-06	5.501321e-06	1.368394e-09	2.974339e+01	1.526283e+02
4.480000e-06	5.462283e-06	1.362873e-09	2.953233e+01	1.521543e+02
4.490000e-06	5.422751e-06	1.358957e-09	2.931859e+01	1.516730e+02
4.500000e-06	5.382685e-06	1.353568e-09	2.910198e+01	1.511843e+02
4.510000e-06	5.342310e-06	1.350407e-09	2.888368e+01	1.506884e+02
4.520000e-06	5.301875e-06	1.348265e-09	2.866507e+01	1.501852e+02
4.530000e-06	5.261182e-06	1.343245e-09	2.844506e+01	1.496747e+02
4.540000e-06	5.220169e-06	1.337886e-09	2.822332e+01	1.491568e+02
4.550000e-06	5.178772e-06	1.335036e-09	2.799950e+01	1.486316e+02
4.560000e-06	5.136863e-06	1.332779e-09	2.777292e+01	1.480991e+02
4.570000e-06	5.094676e-06	1.327180e-09	2.754483e+01	1.475591e+02
4.580000e-06	5.052211e-06	1.320080e-09	2.731524e+01	1.470118e+02
4.590000e-06	5.009239e-06	1.314976e-09	2.708290e+01	1.464572e+02
4.600000e-06	4.965877e-06	1.312040e-09	2.684846e+01	1.458952e+02
4.610000e-06	4.922164e-06	1.309002e-09	2.661212e+01	1.453258e+02
4.620000e-06	4.878170e-06	1.303776e-09	2.637427e+01	1.447493e+02
4.630000e-06	4.833997e-06	1.299393e-09	2.613544e+01	1.441655e+02
4.640000e-06	4.789604e-06	1.295462e-09	2.589543e+01	1.435746e+02
4.650000e-06	4.745009e-06	1.290019e-09	2.565432e+01	1.429767e+02
4.660000e-06	4.700008e-06	1.283580e-09	2.541102e+01	1.423718e+02
4.670000e-06	4.654526e-06	1.275319e-09	2.516511e+01	1.417601e+02
4.680000e-06	4.608752e-06	1.267834e-09	2.491764e+01	1.411417e+02
4.690000e-06	4.562674e-06	1.263151e-09	2.466851e+01	1.405166e+02
4.700000e-06	4.516207e-06	1.260248e-09	2.441728e+01	1.398849e+02
4.710000e-06	4.469404e-06	1.256893e-09	2.416424e+01	1.392467e+02
4.720000e-06	4.422328e-06	1.251305e-09	2.390972e+01	1.386019e+02
4.730000e-06	4.374973e-06	1.243796e-09	2.365369e+01	1.379507e+02
4.740000e-06	4.327234e-06	1.235790e-09	2.339558e+01	1.372929e+02
4.750000e-06	4.279134e-06	1.230435e-09	2.313553e+01	1.366284e+02
4.760000e-06	4.230777e-06	1.225621e-09	2.287408e+01	1.359571e+02
4.770000e-06	4.182152e-06	1.219318e-09	2.261118e+01	1.352788e+02
4.780000e-06	4.133202e-06	1.214935e-09	2.234653e+01	1.345932e+02
4.790000e-06	4.083835e-06	1.211812e-09	2.207962e+01	1.339000e+02
4.800000e-06	4.034046e-06	1.206431e-09	2.181044e+01	1.331988e+02
4.810000e-06	3.983972e-06	1.199739e-09	2.153970e+01	1.324892e+02
4.820000e-06	3.933675e-06	1.193401e-09	2.126777e+01	1.317705e+02
4.830000e-06	3.883033e-06	1.186884e-09	2.099397e+01	1.310423e+02
4.840000e-06	3.832003e-06	1.181109e-09	2.071807e+01	1.303039e+02
4.850000e-06	3.780693e-06	1.176069e-09	2.044066e+01	1.295546e+02
4.860000e-06	3.729185e-06	1.169408e-09	2.016218e+01	1.287936e+02
4.870000e-06	3.677423e-06	1.162211e-09	1.988232e+01	1.280203e+02
4.880000e-06	3.625378e-06	1.156017e-09	1.960093e+01	1.272337e+02
4.890000e-06	3.573094e-06	1.150534e-09	1.931825e+01	1.264330e+02
4.900000e-06	3.520471e-06	1.145240e-09	1.903375e+01	1.256175e+02
4.910000e-06	3.467584e-06	1.139372e-09	1.874781e+01	1.247863e+02
4.920000e-06	3.414218e-06	1.132728e-09	1.845928e+01	1.239387e+02
4.930000e-06	3.360355e-06	1.125535e-09	1.816806e+01	1.230738e+02
4.940000e-06	3.306381e-06	1.119231e-09	1.787625e+01	1.221909e+02
4.950000e-06	3.252013e-06	1.112696e-09	1.758230e+01	1.212894e+02
4.960000e-06	3.197279e-06	1.104049e-09	1.728638e+01	1.203687e+02
4.970000e-06	3.142271e-06	1.095579e-09	1.698898e+01	1.194282e+02
4.980000e-06	3.086822e-06	1.087674e-09	1.668919e+01	1.184675e+02
4.990000e-06	3.031111e-06	1.079755e-09	1.638797e+01	1.174863e+02
5.000000e-06	2.975209e-06	1.071649e-09	1.608574e+01	1.164843e+02
5.010000e-06	2.919124e-06	1.061757e-09	1.578251e+01	1.154614e+02
5.020000e-06	2.862858e-06	1.051535e-09	1.547830e+01	1.144176e+02
5.030000e-06	2.806455e-06	1.042315e-09	1.517335e+01	1.133529e+02
5.040000e-06	2.749964e-06	1.033603e-09	1.486793e+01	1.122675e+02
5.050000e-06	2.693312e-06	1.024818e-09	1.456164e+01	1.111617e+02
5.060000e-06	2.636511e-06	1.014974e-09	1.425454e+01	1.100359e+02
5.070000e-06	2.579671e-06	1.004383e-09	1.394723e+01	1.088904e+02
5.080000e-06	2.522679e-06	9.940402e-10	1.363909e+01	1.077258e+02
5.090000e-06	2.465430e-06	9.840188e-10	1.332957e+01	1.065427e+02
5.100000e-06	2.408035e-06	9.732593e-10	1.301926e+01	1.053416e+02
5.110000e-06	2.350433e-06	9.615923e-10	1.270783e+01	1.041233e+02
5.120000e-06	2.292610e-06	9.503583e-10	1.239520e+01	1.028883e+02
5.130000e-06	2.234605e-06	9.389600e-10	1.208159e+01	1.016372e+02
5.140000e-06	2.176498e-06	9.272475e-10	1.176744e+01	1.003708e+02
5.150000e-06	2.118233e-06	9.156996e-10	1.145242e+01	9.908942e+01
5.160000e-06	2.059663e-06	9.033345e-10	1.113576e+01	9.779366e+01
5.170000e-06	2.000955e-06	8.901096e-10	1.081834e+01	9.648387e+01
5.180000e-06	1.942244e-06	8.776393e-10	1.050092e+01	9.516034e+01
5.190000e-06	1.883316e-06	8.657550e-10	1.018232e+01	9.382323e+01
5.200000e-06	1.824203e-06	8.534815e-10	9.862721e+00	9.247257e+01
5.210000e-06	1.765092e-06	8.409867e-10	9.543131e+00	9.110823e+01
5.220000e-06	1.705958e-06	8.282212e-10	9.223418e+00	8.972993e+01
5.230000e-06	1.646652e-06	8.163052e-10	8.902773e+00	8.833723e+01
5.240000e-06	1.587066e-06	8.042072e-10	8.580615e+00	8.692952e+01
5.250000e-06	1.527381e-06	7.898894e-10	8.257922e+00	8.550601e+01
5.260000e-06	1.467694e-06	7.753701e-10	7.935223e+00	8.406574e+01
5.270000e-06	1.407888e-06	7.622232e-10	7.611876e+00	8.260760e+01
5.280000e-06	1.347913e-06	7.489971e-10	7.287613e+00	8.113031e+01
5.290000e-06	1.287835e-06	7.345929e-10	6.962795e+00	7.963246e+01
5.300000e-06	1.227677e-06	7.192300e-10	6.637549e+00	7.811250e+01
5.310000e-06	1.167510e-06	7.041185e-10	6.312247e+00	7.656876e+01
5.320000e-06	1.107347e-06	6.888806e-10	5.986974e+00	7.499951e+01
5.330000e-06	1.047143e-06	6.737074e-10	5.661474e+00	7.340291e+01
5.340000e-06	9.868808e-07	6.597427e-10	5.335661e+00	7.177709e+01
5.350000e-06	9.265672e-07	6.454429e-10	5.009570e+00	7.012018e+01
5.360000e-06	8.662080e-07	6.292205e-10	4.683232e+00	6.843028e+01
5.370000e-06	8.058363e-07	6.129484e-10	4.356827e+00	6.670556e+01
5.380000e-06	7.454410e-07	5.969667e-10	4.030294e+00	6.494424e+01
5.390000e-06	6.850298e-07	5.797657e-10	3.703676e+00	6.314464e+01
5.400000e-06	6.246222e-07	5.618776e-10	3.377077e+00	6.130518e+01
5.410000e-06	5.641688e-07	5.439956e-10	3.050229e+00	5.942447e+01
5.420000e-06	5.037291e-07	5.273364e-10	2.723457e+00	5.750125e+01
5.430000e-06	4.432310e-07	5.110225e-10	2.396369e+00	5.553450e+01
5.440000e-06	3.825735e-07	4.931564e-10	2.068418e+00	5.352339e+01
5.450000e-06	3.219802e-07	4.734903e-10	1.740815e+00	5.146736e+01
5.460000e-06	2.615134e-07	4.537731e-10	1.413896e+00	4.936608e+01
5.470000e-06	2.010399e-07	4.347189e-10	1.086940e+00	4.721951e+01
5.480000e-06	1.405161e-07	4.155101e-10	7.597132e-01	4.502788e+01
5.490000e-06	8.000937e-08	3.963662e-10	4.325779e-01	4.279171e+01
5.500000e-06	1.954814e-08	3.767460e-10	1.056888e-01	4.051182e+01
5.510000e-06	-4.090101e-08	3.553533e-10	-2.211350e-01	3.818930e+01
5.520000e-06	-1.014080e-07	3.330193e-10	-5.482714e-01	3.582555e+01
5.530000e-06	-1.620078e-07	3.114600e-10	-8.759100e-01	3.342223e+01
5.540000e-06	-2.226196e-07	2.901855e-10	-1.203613e+00	3.098128e+01
5.550000e-06	-2.831874e-07	2.684407e-10	-1.531078e+00	2.850486e+01
5.560000e-06	-3.436592e-07	2.462008e-10	-1.858025e+00	2.599541e+01
5.570000e-06	-4.040863e-07	2.238952e-10	-2.184729e+00	2.345554e+01
5.580000e-06	-4.645166e-07	2.011166e-10	-2.511451e+00	2.088809e+01
5.590000e-06	-5.249091e-07	1.777297e-10	-2.837969e+00	1.829603e+01
5.600000e-06	-5.852843e-07	1.546809e-10	-3.164393e+00	1.568248e+01
5.610000e-06	-6.456220e-07	1.312449e-10	-3.490614e+00	1.305069e+01
5.620000e-06	-7.058476e-07	1.074333e-10	-3.816229e+00	1.040396e+01
5.630000e-06	-7.660527e-07	8.347908e-11	-4.141734e+00	7.745656e+00
5.640000e-06	-8.262713e-07	5.848675e-11	-4.467311e+00	5.079178e+00
5.650000e-06	-8.864848e-07	3.263901e-11	-4.792860e+00	2.407906e+00
5.660000e-06	-9.466598e-07	7.481201e-12	-5.118202e+00	-2.648119e-01
5.670000e-06	-1.006790e-06	-1.534372e-11	-5.443300e+00	-2.935686e+00
5.680000e-06	-1.066985e-06	-3.699421e-11	-5.768752e+00	-5.601516e+00
5.690000e-06	-1.127183e-06	-5.952934e-11	-6.094217e+00	-8.259211e+00
5.700000e-06	-1.187228e-06	-8.375200e-11	-6.418855e+00	-1.090581e+01
5.710000e-06	-1.247206e-06	-1.085170e-10	-6.743131e+00	-1.353851e+01
5.720000e-06	-1.307171e-06	-1.318873e-10	-7.067336e+00	-1.615467e+01
5.730000e-06	-1.367098e-06	-1.544762e-10	-7.391341e+00	-1.875182e+01
5.740000e-06	-1.426902e-06	-1.771277e-10	-7.714676e+00	-2.132771e+01
5.750000e-06	-1.486519e-06	-1.995790e-10	-8.036997e+00	-2.388028e+01
5.760000e-06	-1.546113e-06	-2.235649e-10	-8.359201e+00	-2.640767e+01
5.770000e-06	-1.605710e-06	-2.479446e-10	-8.681414e+00	-2.890822e+01
5.780000e-06	-1.665207e-06	-2.711536e-10	-9.003091e+00	-3.138052e+01
5.790000e-06	-1.724437e-06	-2.946064e-10	-9.323326e+00	-3.382332e+01
5.800000e-06	-1.783415e-06	-3.187719e-10	-9.642194e+00	-3.623561e+01
5.810000e-06	-1.842353e-06	-3.418115e-10	-9.960848e+00	-3.861656e+01
5.820000e-06	-1.901288e-06	-3.630412e-10	-1.027949e+01	-4.096552e+01
5.830000e-06	-1.960040e-06	-3.851608e-10	-1.059713e+01	-4.328203e+01
5.840000e-06	-2.018519e-06	-4.086437e-10	-1.091330e+01	-4.556578e+01
5.850000e-06	-2.076871e-06	-4.313371e-10	-1.122879e+01	-4.781663e+01
5.860000e-06	-2.135044e-06	-4.511846e-10	-1.154331e+01	-5.003456e+01
5.870000e-06	-2.193069e-06	-4.699696e-10	-1.185702e+01	-5.221968e+01
5.880000e-06	-2.251005e-06	-4.898252e-10	-1.217026e+01	-5.437219e+01
5.890000e-06	-2.308725e-06	-5.099473e-10	-1.248233e+01	-5.649240e+01
5.900000e-06	-2.366163e-06	-5.302051e-10	-1.279287e+01	-5.858068e+01
5.910000e-06	-2.423399e-06	-5.497432e-10	-1.310233e+01	-6.063748e+01
5.920000e-06	-2.480508e-06	-5.682564e-10	-1.341109e+01	-6.266327e+01
5.930000e-06	-2.537544e-06	-5.875810e-10	-1.371946e+01	-6.465858e+01
5.940000e-06	-2.594522e-06	-6.075855e-10	-1.402752e+01	-6.662394e+01
5.950000e-06	-2.651302e-06	-6.269502e-10	-1.433451e+01	-6.855990e+01
5.960000e-06	-2.707899e-06	-6.453664e-10	-1.464050e+01	-7.046700e+01
5.970000e-06	-2.764322e-06	-6.630374e-10	-1.494556e+01	-7.234580e+01
5.980000e-06	-2.820554e-06	-6.799446e-10	-1.524958e+01	-7.419679e+01
5.990000e-06	-2.876698e-06	-6.968201e-10	-1.555313e+01	-7.602050e+01
6.000000e-06	-2.932696e-06	-7.135949e-10	-1.585589e+01	-7.781740e+01
6.010000e-06	-2.988540e-06	-7.291208e-10	-1.615781e+01	-7.958792e+01
6.020000e-06	-3.044215e-06	-7.440010e-10	-1.645882e+01	-8.133248e+01
6.030000e-06	-3.099672e-06	-7.597257e-10	-1.675866e+01	-8.305147e+01
6.040000e-06	-3.154794e-06	-7.761630e-10	-1.705668e+01	-8.474524e+01
6.050000e-06	-3.209496e-06	-7.918986e-10	-1.735243e+01	-8.641410e+01
6.060000e-06	-3.263854e-06	-8.067394e-10	-1.764633e+01	-8.805836e+01
6.070000e-06	-3.317806e-06	-8.207644e-10	-1.793802e+01	-8.967827e+01
6.080000e-06	-3.371316e-06	-8.346656e-10	-1.822733e+01	-9.127410e+01
6.090000e-06	-3.424449e-06	-8.497939e-10	-1.851459e+01	-9.284607e+01
6.100000e-06	-3.477338e-06	-8.651846e-10	-1.880055e+01	-9.439439e+01
6.110000e-06	-3.529958e-06	-8.793199e-10	-1.908504e+01	-9.591929e+01
6.120000e-06	-3.582240e-06	-8.927491e-10	-1.936770e+01	-9.742096e+01
6.130000e-06	-3.634269e-06	-9.061297e-10	-1.964900e+01	-9.889961e+01
6.140000e-06	-3.686096e-06	-9.194343e-10	-1.992921e+01	-1.003554e+02
6.150000e-06	-3.737625e-06	-9.323581e-10	-2.020781e+01	-1.017887e+02
6.160000e-06	-3.788833e-06	-9.447359e-10	-2.048467e+01	-1.031995e+02
6.170000e-06	-3.839694e-06	-9.570263e-10	-2.075965e+01	-1.045882e+02
6.180000e-06	-3.890242e-06	-9.692915e-10	-2.103295e+01	-1.059551e+02
6.190000e-06	-3.940514e-06	-9.810259e-10	-2.130475e+01	-1.073003e+02
6.200000e-06	-3.990363e-06	-9.915255e-10	-2.157426e+01	-1.086241e+02
6.210000e-06	-4.039940e-06	-1.001336e-09	-2.184230e+01	-1.099269e+02
6.220000e-06	-4.089324e-06	-1.011909e-09	-2.210930e+01	-1.112089e+02
6.230000e-06	-4.138179e-06	-1.022521e-09	-2.237344e+01	-1.124705e+02
6.240000e-06	-4.186648e-06	-1.032691e-09	-2.263549e+01	-1.137120e+02
6.250000e-06	-4.234682e-06	-1.043224e-09	-2.289519e+01	-1.149337e+02
6.260000e-06	-4.282277e-06	-1.054036e-09	-2.315252e+01	-1.161360e+02
6.270000e-06	-4.329628e-06	-1.063993e-09	-2.340853e+01	-1.173192e+02
6.280000e-06	-4.376618e-06	-1.074492e-09	-2.366258e+01	-1.184836e+02
6.290000e-06	-4.423358e-06	-1.086022e-09	-2.391529e+01	-1.196296e+02
6.300000e-06	-4.469893e-06	-1.096534e-09	-2.416688e+01	-1.207575e+02
6.310000e-06	-4.516227e-06	-1.106398e-09	-2.441739e+01	-1.218675e+02
6.320000e-06	-4.562339e-06	-1.116093e-09	-2.466670e+01	-1.229600e+02
6.330000e-06	-4.608296e-06	-1.125269e-09	-2.491517e+01	-1.240352e+02
6.340000e-06	-4.653889e-06	-1.134931e-09	-2.516167e+01	-1.250934e+02
6.350000e-06	-4.698914e-06	-1.144654e-09	-2.540511e+01	-1.261347e+02
6.360000e-06	-4.743558e-06	-1.153221e-09	-2.564647e+01	-1.271594e+02
6.370000e-06	-4.787959e-06	-1.161167e-09	-2.588653e+01	-1.281675e+02
6.380000e-06	-4.832136e-06	-1.169302e-09	-2.612538e+01	-1.291591e+02
6.390000e-06	-4.876110e-06	-1.178008e-09	-2.636313e+01	-1.301344e+02
6.400000e-06	-4.919802e-06	-1.186176e-09	-2.659935e+01	-1.310933e+02
6.410000e-06	-4.963150e-06	-1.193492e-09	-2.683372e+01	-1.320359e+02
6.420000e-06	-5.006174e-06	-1.200902e-09	-2.706634e+01	-1.329621e+02
6.430000e-06	-5.048924e-06	-1.209313e-09	-2.729747e+01	-1.338718e+02
6.440000e-06	-5.091210e-06	-1.218608e-09	-2.752609e+01	-1.347650e+02
6.450000e-06	-5.133050e-06	-1.227114e-09	-2.775230e+01	-1.356414e+02
6.460000e-06	-5.174734e-06	-1.234293e-09	-2.797767e+01	-1.365011e+02
6.470000e-06	-5.216015e-06	-1.242593e-09	-2.820086e+01	-1.373437e+02
6.480000e-06	-5.256819e-06	-1.251288e-09	-2.842147e+01	-1.381692e+02
6.490000e-06	-5.297262e-06	-1.258254e-09	-2.864013e+01	-1.389774e+02
6.500000e-06	-5.337471e-06	-1.265390e-09	-2.885752e+01	-1.397680e+02
6.510000e-06	-5.377564e-06	-1.272523e-09	-2.907428e+01	-1.405409e+02
6.520000e-06	-5.417390e-06	-1.278374e-09	-2.928961e+01	-1.412961e+02
6.530000e-06	-5.456901e-06	-1.284122e-09	-2.950323e+01	-1.420332e+02
6.540000e-06	-5.495850e-06	-1.290230e-09	-2.971381e+01	-1.427523e+02
6.550000e-06	-5.534139e-06	-1.296729e-09	-2.992083e+01	-1.434531e+02
6.560000e-06	-5.571784e-06	-1.303963e-09	-3.012436e+01	-1.441358e+02
6.570000e-06	-5.608630e-06	-1.311843e-09	-3.032357e+01	-1.448003e+02
6.580000e-06	-5.645003e-06	-1.318470e-09	-3.052022e+01	-1.454467e+02
6.590000e-06	-5.681179e-06	-1.323475e-09	-3.071581e+01	-1.460749e+02
6.600000e-06	-5.717173e-06	-1.328751e-09	-3.091041e+01	-1.466853e+02
6.610000e-06	-5.753000e-06	-1.333461e-09	-3.110412e+01	-1.472780e+02
6.620000e-06	-5.788422e-06	-1.337453e-09	-3.129563e+01	-1.478533e+02
6.630000e-06	-5.823305e-06	-1.342133e-09	-3.148422e+01	-1.484115e+02
6.640000e-06	-5.857738e-06	-1.346607e-09	-3.167039e+01	-1.489530e+02
6.650000e-06	-5.891789e-06	-1.351357e-09	-3.185449e+01	-1.494783e+02
6.660000e-06	-5.925381e-06	-1.356512e-09	-3.203611e+01	-1.499878e+02
6.670000e-06	-5.958491e-06	-1.360502e-09	-3.221512e+01	-1.504823e+02
6.680000e-06	-5.991272e-06	-1.363272e-09	-3.239235e+01	-1.509622e+02
6.690000e-06	-6.023749e-06	-1.364709e-09	-3.256795e+01	-1.514283e+02
6.700000e-06	-6.056014e-06	-1.367169e-09	-3.274239e+01	-1.518813e+02
6.710000e-06	-6.087977e-06	-1.371877e-09	-3.291520e+01	-1.523219e+02
6.720000e-06	-6.119338e-06	-1.376239e-09	-3.308475e+01	-1.527510e+02
6.730000e-06	-6.149941e-06	-1.379647e-09	-3.325021e+01	-1.531692e+02
6.740000e-06	-6.179912e-06	-1.381189e-09	-3.341226e+01	-1.535776e+02
6.750000e-06	-6.209251e-06	-1.381473e-09	-3.357088e+01	-1.539769e+02
6.760000e-06	-6.237903e-06	-1.384392e-09	-3.372579e+01	-1.543679e+02
6.770000e-06	-6.266272e-06	-1.387777e-09	-3.387917e+01	-1.547516e+02
6.780000e-06	-6.294508e-06	-1.388883e-09	-3.403183e+01	-1.551286e+02
6.790000e-06	-6.322454e-06	-1.389773e-09	-3.418292e+01	-1.554999e+02
6.800000e-06	-6.349948e-06	-1.391615e-09	-3.433157e+01	-1.558661e+02
6.810000e-06	-6.376958e-06	-1.394839e-09	-3.447760e+01	-1.562279e+02
6.820000e-06	-6.403514e-06	-1.397294e-09	-3.462118e+01	-1.565862e+02
6.830000e-06	-6.429603e-06	-1.398212e-09	-3.476223e+01	-1.569413e+02
6.840000e-06	-6.455136e-06	-1.400283e-09	-3.490028e+01	-1.572941e+02
6.850000e-06	-6.480159e-06	-1.402301e-09	-3.503556e+01	-1.576448e+02
6.860000e-06	-6.504774e-06	-1.403448e-09	-3.516865e+01	-1.579939e+02
6.870000e-06	-6.529101e-06	-1.405367e-09	-3.530018e+01	-1.583419e+02
6.880000e-06	-6.553239e-06	-1.408259e-09	-3.543068e+01	-1.586889e+02
6.890000e-06	-6.576936e-06	-1.410796e-09	-3.555880e+01	-1.590351e+02
6.900000e-06	-6.599970e-06	-1.412568e-09	-3.568334e+01	-1.593806e+02
6.910000e-06	-6.622279e-06	-1.414797e-09	-3.580395e+01	-1.597256e+02
6.920000e-06	-6.643818e-06	-1.417415e-09	-3.592040e+01	-1.600698e+02
6.930000e-06	-6.664692e-06	-1.419690e-09	-3.603326e+01	-1.604133e+02
6.940000e-06	-6.685182e-06	-1.421591e-09	-3.614404e+01	-1.607557e+02
6.950000e-06	-6.705407e-06	-1.424037e-09	-3.625339e+01	-1.610970e+02
6.960000e-06	-6.725313e-06	-1.427125e-09	-3.636102e+01	-1.614366e+02
6.970000e-06	-6.744676e-06	-1.430005e-09	-3.646570e+01	-1.617743e+02
6.980000e-06	-6.763451e-06	-1.432166e-09	-3.656721e+01	-1.621096e+02
6.990000e-06	-6.781861e-06	-1.433907e-09	-3.666675e+01	-1.624421e+02
7.000000e-06	-6.799886e-06	-1.435863e-09	-3.676420e+01	-1.627711e+02
7.010000e-06	-6.817476e-06	-1.437597e-09	-3.685930e+01	-1.630962e+02
7.020000e-06	-6.834695e-06	-1.439097e-09	-3.695240e+01	-1.634169e+02
7.030000e-06	-6.851469e-06	-1.439745e-09	-3.704309e+01	-1.637325e+02
7.040000e-06	-6.867796e-06	-1.439892e-09	-3.713136e+01	-1.640424e+02
7.050000e-06	-6.883736e-06	-1.441474e-09	-3.721754e+01	-1.643461e+02
7.060000e-06	-6.899195e-06	-1.444900e-09	-3.730112e+01	-1.646430e+02
7.070000e-06	-6.913906e-06	-1.448128e-09	-3.738066e+01	-1.649325e+02
7.080000e-06	-6.927687e-06	-1.449556e-09	-3.745517e+01	-1.652140e+02
7.090000e-06	-6.940690e-06	-1.451305e-09	-3.752547e+01	-1.654872e+02
7.100000e-06	-6.953278e-06	-1.453912e-09	-3.759353e+01	-1.657514e+02
7.110000e-06	-6.965585e-06	-1.456275e-09	-3.766007e+01	-1.660061e+02
7.120000e-06	-6.977354e-06	-1.458741e-09	-3.772370e+01	-1.662511e+02
7.130000e-06	-6.988555e-06	-1.461264e-09	-3.778426e+01	-1.664859e+02
7.140000e-06	-6.999239e-06	-1.462923e-09	-3.784202e+01	-1.667102e+02
7.150000e-06	-7.009332e-06	-1.463239e-09	-3.789659e+01	-1.669237e+02
7.160000e-06	-7.018850e-06	-1.464016e-09	-3.794805e+01	-1.671261e+02
7.170000e-06	-7.027896e-06	-1.465500e-09	-3.799696e+01	-1.673172e+02
7.180000e-06	-7.036604e-06	-1.467206e-09	-3.804404e+01	-1.674969e+02
7.190000e-06	-7.045056e-06	-1.469552e-09	-3.808974e+01	-1.676650e+02
7.200000e-06	-7.053191e-06	-1.471220e-09	-3.813372e+01	-1.678215e+02
7.210000e-06	-7.060877e-06	-1.471229e-09	-3.817527e+01	-1.679662e+02
7.220000e-06	-7.067840e-06	-1.469889e-09	-3.821292e+01	-1.680993e+02
7.230000e-06	-7.073963e-06	-1.468591e-09	-3.824602e+01	-1.682206e+02
7.240000e-06	-7.079326e-06	-1.467469e-09	-3.827502e+01	-1.683303e+02
7.250000e-06	-7.083997e-06	-1.466433e-09	-3.830027e+01	-1.684283e+02
7.260000e-06	-7.088283e-06	-1.467197e-09	-3.832344e+01	-1.685149e+02
7.270000e-06	-7.092299e-06	-1.468259e-09	-3.834516e+01	-1.685900e+02
7.280000e-06	-7.095959e-06	-1.469087e-09	-3.836495e+01	-1.686539e+02
7.290000e-06	-7.099123e-06	-1.470037e-09	-3.838205e+01	-1.687066e+02
7.300000e-06	-7.101642e-06	-1.469738e-09	-3.839567e+01	-1.687484e+02
7.310000e-06	-7.103719e-06	-1.468533e-09	-3.840690e+01	-1.687793e+02
7.320000e-06	-7.105423e-06	-1.467208e-09	-3.841611e+01	-1.687995e+02
7.330000e-06	-7.106491e-06	-1.467181e-09	-3.842189e+01	-1.688093e+02
7.340000e-06	-7.107078e-06	-1.467504e-09	-3.842506e+01	-1.688088e+02
