# Temperatura_=_20.0
# Concentracion g/m^3_=_7400.0
# C_Vs_to_Am_M_A/Vsm_=_116720831517.84952
# pendiente_HvsI_1/m_=_3716.3
# ordenada_HvsI_A/m_=_1297.0
# frecuencia_Hz_=_136110.0280495278

Tiempo_(s)	Campo_(V.s)	Magnetizacion_(V.s)	Campo_(kA/m)	Magnetizacion_(A/m)
0.000000e+00	-7.107949e-06	-1.455373e-09	-3.842561e+01	-1.676167e+02
1.000000e-08	-7.107723e-06	-1.454896e-09	-3.842439e+01	-1.675837e+02
2.000000e-08	-7.107359e-06	-1.455707e-09	-3.842242e+01	-1.675423e+02
3.000000e-08	-7.106653e-06	-1.457201e-09	-3.841860e+01	-1.674929e+02
4.000000e-08	-7.105141e-06	-1.456638e-09	-3.841043e+01	-1.674362e+02
5.000000e-08	-7.102749e-06	-1.453975e-09	-3.839750e+01	-1.673727e+02
6.000000e-08	-7.099761e-06	-1.451212e-09	-3.838134e+01	-1.673031e+02
7.000000e-08	-7.096254e-06	-1.445801e-09	-3.836239e+01	-1.672278e+02
8.000000e-08	-7.092120e-06	-1.441148e-09	-3.834004e+01	-1.671475e+02
9.000000e-08	-7.087278e-06	-1.454127e-09	-3.831386e+01	-1.670627e+02
1.000000e-07	-7.081887e-06	-1.463828e-09	-3.828472e+01	-1.669740e+02
1.100000e-07	-7.076137e-06	-1.423034e-09	-3.825363e+01	-1.668817e+02
1.200000e-07	-7.070027e-06	-1.400827e-09	-3.822060e+01	-1.667865e+02
1.300000e-07	-7.063553e-06	-1.474660e-09	-3.818560e+01	-1.666888e+02
1.400000e-07	-7.056727e-06	-1.504131e-09	-3.814870e+01	-1.665888e+02
1.500000e-07	-7.049399e-06	-1.401867e-09	-3.810909e+01	-1.664870e+02
1.600000e-07	-7.041569e-06	-1.363352e-09	-3.806676e+01	-1.663837e+02
1.700000e-07	-7.033264e-06	-1.489527e-09	-3.802186e+01	-1.662791e+02
1.800000e-07	-7.024317e-06	-1.520788e-09	-3.797349e+01	-1.661735e+02
1.900000e-07	-7.014855e-06	-1.361051e-09	-3.792234e+01	-1.660670e+02
2.000000e-07	-7.004844e-06	-1.340532e-09	-3.786822e+01	-1.659597e+02
2.100000e-07	-6.994093e-06	-1.513934e-09	-3.781010e+01	-1.658516e+02
2.200000e-07	-6.982950e-06	-1.511416e-09	-3.774986e+01	-1.657428e+02
2.300000e-07	-6.971198e-06	-1.336968e-09	-3.768633e+01	-1.656333e+02
2.400000e-07	-6.958780e-06	-1.363631e-09	-3.761920e+01	-1.655230e+02
2.500000e-07	-6.945832e-06	-1.508901e-09	-3.754921e+01	-1.654118e+02
2.600000e-07	-6.932198e-06	-1.439646e-09	-3.747550e+01	-1.652994e+02
2.700000e-07	-6.917897e-06	-1.326859e-09	-3.739818e+01	-1.651858e+02
2.800000e-07	-6.902895e-06	-1.422454e-09	-3.731709e+01	-1.650708e+02
2.900000e-07	-6.887244e-06	-1.475415e-09	-3.723248e+01	-1.649540e+02
3.000000e-07	-6.871157e-06	-1.359611e-09	-3.714551e+01	-1.648353e+02
3.100000e-07	-6.854526e-06	-1.368834e-09	-3.705560e+01	-1.647143e+02
3.200000e-07	-6.837253e-06	-1.475505e-09	-3.696222e+01	-1.645908e+02
3.300000e-07	-6.819571e-06	-1.393699e-09	-3.686663e+01	-1.644645e+02
3.400000e-07	-6.801557e-06	-1.310863e-09	-3.676925e+01	-1.643350e+02
3.500000e-07	-6.783138e-06	-1.438199e-09	-3.666968e+01	-1.642022e+02
3.600000e-07	-6.764225e-06	-1.466865e-09	-3.656743e+01	-1.640656e+02
3.700000e-07	-6.744851e-06	-1.314955e-09	-3.646270e+01	-1.639249e+02
3.800000e-07	-6.725016e-06	-1.338039e-09	-3.635547e+01	-1.637800e+02
3.900000e-07	-6.704739e-06	-1.462936e-09	-3.624585e+01	-1.636306e+02
4.000000e-07	-6.684092e-06	-1.383292e-09	-3.613424e+01	-1.634763e+02
4.100000e-07	-6.662977e-06	-1.306774e-09	-3.602009e+01	-1.633169e+02
4.200000e-07	-6.641290e-06	-1.408571e-09	-3.590285e+01	-1.631522e+02
4.300000e-07	-6.619159e-06	-1.415527e-09	-3.578321e+01	-1.629820e+02
4.400000e-07	-6.596542e-06	-1.321161e-09	-3.566094e+01	-1.628062e+02
4.500000e-07	-6.573572e-06	-1.368667e-09	-3.553676e+01	-1.626244e+02
4.600000e-07	-6.550336e-06	-1.415209e-09	-3.541115e+01	-1.624366e+02
4.700000e-07	-6.526711e-06	-1.331532e-09	-3.528343e+01	-1.622426e+02
4.800000e-07	-6.502584e-06	-1.332901e-09	-3.515300e+01	-1.620423e+02
4.900000e-07	-6.478006e-06	-1.408286e-09	-3.502013e+01	-1.618355e+02
5.000000e-07	-6.452809e-06	-1.361826e-09	-3.488392e+01	-1.616222e+02
5.100000e-07	-6.426799e-06	-1.314600e-09	-3.474331e+01	-1.614023e+02
5.200000e-07	-6.400188e-06	-1.369409e-09	-3.459945e+01	-1.611755e+02
5.300000e-07	-6.373054e-06	-1.367642e-09	-3.445276e+01	-1.609419e+02
5.400000e-07	-6.345423e-06	-1.317782e-09	-3.430339e+01	-1.607014e+02
5.500000e-07	-6.317516e-06	-1.343517e-09	-3.415253e+01	-1.604539e+02
5.600000e-07	-6.289300e-06	-1.361107e-09	-3.399999e+01	-1.601992e+02
5.700000e-07	-6.260639e-06	-1.324961e-09	-3.384505e+01	-1.599373e+02
5.800000e-07	-6.231549e-06	-1.329377e-09	-3.368779e+01	-1.596681e+02
5.900000e-07	-6.202009e-06	-1.349203e-09	-3.352809e+01	-1.593915e+02
6.000000e-07	-6.172101e-06	-1.326482e-09	-3.336641e+01	-1.591073e+02
6.100000e-07	-6.141844e-06	-1.317268e-09	-3.320284e+01	-1.588155e+02
6.200000e-07	-6.111167e-06	-1.331920e-09	-3.303700e+01	-1.585159e+02
6.300000e-07	-6.080059e-06	-1.325428e-09	-3.286883e+01	-1.582085e+02
6.400000e-07	-6.048583e-06	-1.317631e-09	-3.269867e+01	-1.578929e+02
6.500000e-07	-6.016770e-06	-1.323041e-09	-3.252669e+01	-1.575692e+02
6.600000e-07	-5.984586e-06	-1.318924e-09	-3.235270e+01	-1.572372e+02
6.700000e-07	-5.951900e-06	-1.311594e-09	-3.217600e+01	-1.568966e+02
6.800000e-07	-5.918547e-06	-1.310573e-09	-3.199570e+01	-1.565475e+02
6.900000e-07	-5.884465e-06	-1.307145e-09	-3.181145e+01	-1.561896e+02
7.000000e-07	-5.849879e-06	-1.303029e-09	-3.162447e+01	-1.558228e+02
7.100000e-07	-5.814838e-06	-1.298357e-09	-3.143504e+01	-1.554470e+02
7.200000e-07	-5.779307e-06	-1.292166e-09	-3.124297e+01	-1.550621e+02
7.300000e-07	-5.743474e-06	-1.291348e-09	-3.104925e+01	-1.546679e+02
7.400000e-07	-5.707317e-06	-1.291015e-09	-3.085379e+01	-1.542644e+02
7.500000e-07	-5.670803e-06	-1.283532e-09	-3.065639e+01	-1.538515e+02
7.600000e-07	-5.633938e-06	-1.278138e-09	-3.045710e+01	-1.534292e+02
7.700000e-07	-5.596711e-06	-1.277232e-09	-3.025585e+01	-1.529975e+02
7.800000e-07	-5.559169e-06	-1.272235e-09	-3.005289e+01	-1.525563e+02
7.900000e-07	-5.521143e-06	-1.264905e-09	-2.984733e+01	-1.521057e+02
8.000000e-07	-5.482515e-06	-1.259401e-09	-2.963850e+01	-1.516457e+02
8.100000e-07	-5.443452e-06	-1.253162e-09	-2.942733e+01	-1.511765e+02
8.200000e-07	-5.404112e-06	-1.248982e-09	-2.921465e+01	-1.506982e+02
8.300000e-07	-5.364572e-06	-1.246587e-09	-2.900090e+01	-1.502109e+02
8.400000e-07	-5.324778e-06	-1.241581e-09	-2.878578e+01	-1.497148e+02
8.500000e-07	-5.284524e-06	-1.234590e-09	-2.856816e+01	-1.492101e+02
8.600000e-07	-5.243871e-06	-1.228061e-09	-2.834840e+01	-1.486971e+02
8.700000e-07	-5.202927e-06	-1.222554e-09	-2.812705e+01	-1.481759e+02
8.800000e-07	-5.161568e-06	-1.216756e-09	-2.790346e+01	-1.476469e+02
8.900000e-07	-5.119761e-06	-1.208866e-09	-2.767745e+01	-1.471104e+02
9.000000e-07	-5.077402e-06	-1.200982e-09	-2.744846e+01	-1.465666e+02
9.100000e-07	-5.034473e-06	-1.197329e-09	-2.721639e+01	-1.460158e+02
9.200000e-07	-4.991094e-06	-1.194831e-09	-2.698188e+01	-1.454584e+02
9.300000e-07	-4.947375e-06	-1.189042e-09	-2.674553e+01	-1.448945e+02
9.400000e-07	-4.903462e-06	-1.180928e-09	-2.650814e+01	-1.443246e+02
9.500000e-07	-4.859260e-06	-1.173089e-09	-2.626918e+01	-1.437487e+02
9.600000e-07	-4.814602e-06	-1.166844e-09	-2.602776e+01	-1.431673e+02
9.700000e-07	-4.769648e-06	-1.161880e-09	-2.578474e+01	-1.425804e+02
9.800000e-07	-4.724400e-06	-1.156872e-09	-2.554013e+01	-1.419882e+02
9.900000e-07	-4.678824e-06	-1.151457e-09	-2.529375e+01	-1.413908e+02
1.000000e-06	-4.632946e-06	-1.145793e-09	-2.504573e+01	-1.407884e+02
1.010000e-06	-4.586819e-06	-1.140730e-09	-2.479636e+01	-1.401808e+02
1.020000e-06	-4.540408e-06	-1.135280e-09	-2.454547e+01	-1.395681e+02
1.030000e-06	-4.493547e-06	-1.128328e-09	-2.429214e+01	-1.389501e+02
1.040000e-06	-4.446412e-06	-1.121427e-09	-2.403732e+01	-1.383267e+02
1.050000e-06	-4.399119e-06	-1.116318e-09	-2.378166e+01	-1.376976e+02
1.060000e-06	-4.351571e-06	-1.112491e-09	-2.352461e+01	-1.370626e+02
1.070000e-06	-4.303686e-06	-1.108468e-09	-2.326575e+01	-1.364211e+02
1.080000e-06	-4.255505e-06	-1.102731e-09	-2.300528e+01	-1.357729e+02
1.090000e-06	-4.207011e-06	-1.095206e-09	-2.274312e+01	-1.351174e+02
1.100000e-06	-4.158124e-06	-1.087991e-09	-2.247884e+01	-1.344540e+02
1.110000e-06	-4.108701e-06	-1.082776e-09	-2.221166e+01	-1.337821e+02
1.120000e-06	-4.058723e-06	-1.078107e-09	-2.194148e+01	-1.331010e+02
1.130000e-06	-4.008365e-06	-1.072266e-09	-2.166924e+01	-1.324100e+02
1.140000e-06	-3.957583e-06	-1.065791e-09	-2.139471e+01	-1.317084e+02
1.150000e-06	-3.906418e-06	-1.059903e-09	-2.111811e+01	-1.309953e+02
1.160000e-06	-3.854938e-06	-1.053900e-09	-2.083982e+01	-1.302700e+02
1.170000e-06	-3.803161e-06	-1.047116e-09	-2.055991e+01	-1.295316e+02
1.180000e-06	-3.751074e-06	-1.040456e-09	-2.027832e+01	-1.287794e+02
1.190000e-06	-3.698774e-06	-1.033592e-09	-1.999559e+01	-1.280125e+02
1.200000e-06	-3.646199e-06	-1.027271e-09	-1.971137e+01	-1.272302e+02
1.210000e-06	-3.593242e-06	-1.021838e-09	-1.942508e+01	-1.264316e+02
1.220000e-06	-3.540131e-06	-1.014993e-09	-1.913797e+01	-1.256161e+02
1.230000e-06	-3.486903e-06	-1.006349e-09	-1.885022e+01	-1.247830e+02
1.240000e-06	-3.433303e-06	-9.988596e-10	-1.856045e+01	-1.239317e+02
1.250000e-06	-3.379410e-06	-9.929659e-10	-1.826911e+01	-1.230618e+02
1.260000e-06	-3.325415e-06	-9.864574e-10	-1.797721e+01	-1.221726e+02
1.270000e-06	-3.271146e-06	-9.791230e-10	-1.768383e+01	-1.212640e+02
1.280000e-06	-3.216595e-06	-9.717041e-10	-1.738893e+01	-1.203355e+02
1.290000e-06	-3.161821e-06	-9.636458e-10	-1.709282e+01	-1.193870e+02
1.300000e-06	-3.106765e-06	-9.552341e-10	-1.679519e+01	-1.184184e+02
1.310000e-06	-3.051515e-06	-9.466286e-10	-1.649650e+01	-1.174298e+02
1.320000e-06	-2.996174e-06	-9.375268e-10	-1.619733e+01	-1.164211e+02
1.330000e-06	-2.940678e-06	-9.280557e-10	-1.589732e+01	-1.153926e+02
1.340000e-06	-2.885019e-06	-9.189615e-10	-1.559643e+01	-1.143446e+02
1.350000e-06	-2.829287e-06	-9.103588e-10	-1.529514e+01	-1.132775e+02
1.360000e-06	-2.773468e-06	-9.015139e-10	-1.499338e+01	-1.121916e+02
1.370000e-06	-2.717436e-06	-8.925410e-10	-1.469047e+01	-1.110874e+02
1.380000e-06	-2.661273e-06	-8.834252e-10	-1.438686e+01	-1.099656e+02
1.390000e-06	-2.605014e-06	-8.745305e-10	-1.408272e+01	-1.088267e+02
1.400000e-06	-2.548613e-06	-8.658944e-10	-1.377782e+01	-1.076713e+02
1.410000e-06	-2.491974e-06	-8.566653e-10	-1.347163e+01	-1.065000e+02
1.420000e-06	-2.435111e-06	-8.471732e-10	-1.316422e+01	-1.053134e+02
1.430000e-06	-2.378068e-06	-8.374876e-10	-1.285585e+01	-1.041123e+02
1.440000e-06	-2.320575e-06	-8.269979e-10	-1.254504e+01	-1.028970e+02
1.450000e-06	-2.262599e-06	-8.165262e-10	-1.223162e+01	-1.016682e+02
1.460000e-06	-2.204316e-06	-8.059879e-10	-1.191655e+01	-1.004263e+02
1.470000e-06	-2.145776e-06	-7.946593e-10	-1.160008e+01	-9.917157e+01
1.480000e-06	-2.087075e-06	-7.831467e-10	-1.128274e+01	-9.790438e+01
1.490000e-06	-2.028157e-06	-7.723607e-10	-1.096423e+01	-9.662482e+01
1.500000e-06	-1.969077e-06	-7.619500e-10	-1.064484e+01	-9.533292e+01
1.510000e-06	-1.909915e-06	-7.508335e-10	-1.032501e+01	-9.402855e+01
1.520000e-06	-1.850502e-06	-7.398719e-10	-1.000382e+01	-9.271145e+01
1.530000e-06	-1.790913e-06	-7.288607e-10	-9.681683e+00	-9.138121e+01
1.540000e-06	-1.731295e-06	-7.165260e-10	-9.359391e+00	-9.003723e+01
1.550000e-06	-1.671635e-06	-7.040146e-10	-9.036866e+00	-8.867879e+01
1.560000e-06	-1.611975e-06	-6.920469e-10	-8.714343e+00	-8.730499e+01
1.570000e-06	-1.552344e-06	-6.806225e-10	-8.391977e+00	-8.591477e+01
1.580000e-06	-1.492609e-06	-6.694995e-10	-8.069052e+00	-8.450693e+01
1.590000e-06	-1.432757e-06	-6.581098e-10	-7.745493e+00	-8.308013e+01
1.600000e-06	-1.372829e-06	-6.457330e-10	-7.421519e+00	-8.163289e+01
1.610000e-06	-1.312790e-06	-6.331407e-10	-7.096951e+00	-8.016360e+01
1.620000e-06	-1.252690e-06	-6.204085e-10	-6.772049e+00	-7.867059e+01
1.630000e-06	-1.192511e-06	-6.070294e-10	-6.446722e+00	-7.715205e+01
1.640000e-06	-1.132275e-06	-5.943787e-10	-6.121083e+00	-7.560617e+01
1.650000e-06	-1.071970e-06	-5.817774e-10	-5.795078e+00	-7.403104e+01
1.660000e-06	-1.011597e-06	-5.690656e-10	-5.468697e+00	-7.242478e+01
1.670000e-06	-9.512793e-07	-5.566313e-10	-5.142621e+00	-7.078549e+01
1.680000e-06	-8.908718e-07	-5.432869e-10	-4.816057e+00	-6.911130e+01
1.690000e-06	-8.302712e-07	-5.292834e-10	-4.488451e+00	-6.740043e+01
1.700000e-06	-7.696467e-07	-5.157887e-10	-4.160714e+00	-6.565116e+01
1.710000e-06	-7.090279e-07	-5.023111e-10	-3.833009e+00	-6.386189e+01
1.720000e-06	-6.482513e-07	-4.879717e-10	-3.504450e+00	-6.203115e+01
1.730000e-06	-5.873309e-07	-4.731566e-10	-3.175114e+00	-6.015764e+01
1.740000e-06	-5.264583e-07	-4.588858e-10	-2.846036e+00	-5.824024e+01
1.750000e-06	-4.656226e-07	-4.446572e-10	-2.517158e+00	-5.627804e+01
1.760000e-06	-4.046665e-07	-4.289916e-10	-2.187629e+00	-5.427035e+01
1.770000e-06	-3.436577e-07	-4.120746e-10	-1.857815e+00	-5.221673e+01
1.780000e-06	-2.826826e-07	-3.950689e-10	-1.528184e+00	-5.011698e+01
1.790000e-06	-2.216084e-07	-3.777672e-10	-1.198016e+00	-4.797117e+01
1.800000e-06	-1.605505e-07	-3.595557e-10	-8.679371e-01	-4.577966e+01
1.810000e-06	-9.961673e-08	-3.410483e-10	-5.385286e-01	-4.354308e+01
1.820000e-06	-3.876055e-08	-3.221876e-10	-2.095397e-01	-4.126233e+01
1.830000e-06	2.212995e-08	-3.026859e-10	1.196346e-01	-3.893860e+01
1.840000e-06	8.310358e-08	-2.835192e-10	4.492584e-01	-3.657337e+01
1.850000e-06	1.441393e-07	-2.651987e-10	7.792180e-01	-3.416835e+01
1.860000e-06	2.052505e-07	-2.468330e-10	1.109585e+00	-3.172555e+01
1.870000e-06	2.662623e-07	-2.276231e-10	1.439415e+00	-2.924717e+01
1.880000e-06	3.272381e-07	-2.069258e-10	1.769051e+00	-2.673568e+01
1.890000e-06	3.881639e-07	-1.856874e-10	2.098416e+00	-2.419373e+01
1.900000e-06	4.489989e-07	-1.652143e-10	2.427290e+00	-2.162416e+01
1.910000e-06	5.098689e-07	-1.450842e-10	2.756354e+00	-1.902995e+01
1.920000e-06	5.707900e-07	-1.252862e-10	3.085694e+00	-1.641425e+01
1.930000e-06	6.316630e-07	-1.059355e-10	3.414773e+00	-1.378028e+01
1.940000e-06	6.923809e-07	-8.540574e-11	3.743014e+00	-1.113136e+01
1.950000e-06	7.530204e-07	-6.280489e-11	4.070832e+00	-8.470842e+00
1.960000e-06	8.135721e-07	-4.071337e-11	4.398175e+00	-5.802124e+00
1.970000e-06	8.740607e-07	-2.044906e-11	4.725177e+00	-3.128581e+00
1.980000e-06	9.345486e-07	-8.263603e-13	5.052175e+00	-4.535622e-01
1.990000e-06	9.949888e-07	1.917629e-11	5.378914e+00	2.219645e+00
2.000000e-06	1.055419e-06	4.028135e-11	5.705600e+00	4.887837e+00
2.010000e-06	1.115789e-06	6.234516e-11	6.031962e+00	7.547915e+00
2.020000e-06	1.176069e-06	8.461225e-11	6.357835e+00	1.019691e+01
2.030000e-06	1.236308e-06	1.063518e-10	6.683489e+00	1.283200e+01
2.040000e-06	1.296419e-06	1.269918e-10	7.008448e+00	1.545054e+01
2.050000e-06	1.356387e-06	1.471730e-10	7.332636e+00	1.805003e+01
2.060000e-06	1.416239e-06	1.677875e-10	7.656197e+00	2.062820e+01
2.070000e-06	1.476019e-06	1.881673e-10	7.979364e+00	2.318295e+01
2.080000e-06	1.535744e-06	2.071256e-10	8.302242e+00	2.571240e+01
2.090000e-06	1.595422e-06	2.255280e-10	8.624860e+00	2.821488e+01
2.100000e-06	1.655061e-06	2.452932e-10	8.947268e+00	3.068892e+01
2.110000e-06	1.714676e-06	2.657985e-10	9.269549e+00	3.313327e+01
2.120000e-06	1.774231e-06	2.853469e-10	9.591503e+00	3.554687e+01
2.130000e-06	1.833687e-06	3.040656e-10	9.912923e+00	3.792887e+01
2.140000e-06	1.893079e-06	3.226357e-10	1.023399e+01	4.027860e+01
2.150000e-06	1.952361e-06	3.409090e-10	1.055447e+01	4.259558e+01
2.160000e-06	2.011461e-06	3.592961e-10	1.087397e+01	4.487948e+01
2.170000e-06	2.070335e-06	3.774562e-10	1.119224e+01	4.713016e+01
2.180000e-06	2.128933e-06	3.943959e-10	1.150902e+01	4.934757e+01
2.190000e-06	2.187288e-06	4.117250e-10	1.182449e+01	5.153183e+01
2.200000e-06	2.245338e-06	4.298352e-10	1.213831e+01	5.368315e+01
2.210000e-06	2.303073e-06	4.473292e-10	1.245042e+01	5.580184e+01
2.220000e-06	2.360699e-06	4.631516e-10	1.276195e+01	5.788828e+01
2.230000e-06	2.418034e-06	4.783018e-10	1.307190e+01	5.994294e+01
2.240000e-06	2.474990e-06	4.947963e-10	1.337981e+01	6.196632e+01
2.250000e-06	2.531725e-06	5.115598e-10	1.368652e+01	6.395895e+01
2.260000e-06	2.588208e-06	5.270553e-10	1.399186e+01	6.592142e+01
2.270000e-06	2.644479e-06	5.419056e-10	1.429607e+01	6.785431e+01
2.280000e-06	2.700521e-06	5.565383e-10	1.459903e+01	6.975818e+01
2.290000e-06	2.756386e-06	5.704207e-10	1.490104e+01	7.163363e+01
2.300000e-06	2.812169e-06	5.854150e-10	1.520260e+01	7.348121e+01
2.310000e-06	2.867873e-06	6.014649e-10	1.550374e+01	7.530147e+01
2.320000e-06	2.923476e-06	6.169599e-10	1.580433e+01	7.709491e+01
2.330000e-06	2.978987e-06	6.326337e-10	1.610442e+01	7.886204e+01
2.340000e-06	3.034210e-06	6.475451e-10	1.640295e+01	8.060329e+01
2.350000e-06	3.089094e-06	6.610395e-10	1.669966e+01	8.231909e+01
2.360000e-06	3.143869e-06	6.732892e-10	1.699577e+01	8.400983e+01
2.370000e-06	3.198457e-06	6.837568e-10	1.729088e+01	8.567585e+01
2.380000e-06	3.252727e-06	6.946836e-10	1.758426e+01	8.731749e+01
2.390000e-06	3.306744e-06	7.085828e-10	1.787628e+01	8.893502e+01
2.400000e-06	3.360547e-06	7.245917e-10	1.816713e+01	9.052873e+01
2.410000e-06	3.414192e-06	7.394028e-10	1.845714e+01	9.209884e+01
2.420000e-06	3.467660e-06	7.519406e-10	1.874619e+01	9.364560e+01
2.430000e-06	3.520901e-06	7.628219e-10	1.903401e+01	9.516919e+01
2.440000e-06	3.573850e-06	7.734624e-10	1.932025e+01	9.666982e+01
2.450000e-06	3.626441e-06	7.849491e-10	1.960456e+01	9.814769e+01
2.460000e-06	3.678813e-06	7.961858e-10	1.988768e+01	9.960296e+01
2.470000e-06	3.730938e-06	8.077358e-10	2.016947e+01	1.010358e+02
2.480000e-06	3.782763e-06	8.197011e-10	2.044964e+01	1.024465e+02
2.490000e-06	3.834320e-06	8.311038e-10	2.072835e+01	1.038350e+02
2.500000e-06	3.885615e-06	8.420603e-10	2.100565e+01	1.052017e+02
2.510000e-06	3.936483e-06	8.519049e-10	2.128065e+01	1.065468e+02
2.520000e-06	3.986824e-06	8.611299e-10	2.155279e+01	1.078704e+02
2.530000e-06	4.036800e-06	8.708568e-10	2.182296e+01	1.091726e+02
2.540000e-06	4.086461e-06	8.809664e-10	2.209143e+01	1.104538e+02
2.550000e-06	4.135696e-06	8.910462e-10	2.235759e+01	1.117142e+02
2.560000e-06	4.184425e-06	8.997651e-10	2.262102e+01	1.129538e+02
2.570000e-06	4.232694e-06	9.079794e-10	2.288196e+01	1.141730e+02
2.580000e-06	4.280713e-06	9.171964e-10	2.314156e+01	1.153719e+02
2.590000e-06	4.328588e-06	9.266323e-10	2.340037e+01	1.165508e+02
2.600000e-06	4.376229e-06	9.360132e-10	2.365792e+01	1.177098e+02
2.610000e-06	4.423574e-06	9.443949e-10	2.391386e+01	1.188490e+02
2.620000e-06	4.470678e-06	9.518684e-10	2.416851e+01	1.199688e+02
2.630000e-06	4.517423e-06	9.601774e-10	2.442121e+01	1.210691e+02
2.640000e-06	4.563700e-06	9.689215e-10	2.467138e+01	1.221503e+02
2.650000e-06	4.609587e-06	9.773202e-10	2.491945e+01	1.232123e+02
2.660000e-06	4.655204e-06	9.849597e-10	2.516606e+01	1.242552e+02
2.670000e-06	4.700603e-06	9.920716e-10	2.541148e+01	1.252793e+02
2.680000e-06	4.745682e-06	9.999145e-10	2.565518e+01	1.262845e+02
2.690000e-06	4.790364e-06	1.007835e-09	2.589673e+01	1.272709e+02
2.700000e-06	4.834656e-06	1.014414e-09	2.613617e+01	1.282385e+02
2.710000e-06	4.878757e-06	1.021064e-09	2.637459e+01	1.291874e+02
2.720000e-06	4.922715e-06	1.029066e-09	2.661222e+01	1.301175e+02
2.730000e-06	4.966435e-06	1.037394e-09	2.684857e+01	1.310289e+02
2.740000e-06	5.009940e-06	1.044798e-09	2.708376e+01	1.319216e+02
2.750000e-06	5.053127e-06	1.050976e-09	2.731723e+01	1.327956e+02
2.760000e-06	5.095832e-06	1.057208e-09	2.754809e+01	1.336508e+02
2.770000e-06	5.137933e-06	1.064641e-09	2.777569e+01	1.344873e+02
2.780000e-06	5.179355e-06	1.072378e-09	2.799962e+01	1.353052e+02
2.790000e-06	5.220194e-06	1.079603e-09	2.822039e+01	1.361044e+02
2.800000e-06	5.260584e-06	1.086895e-09	2.843875e+01	1.368850e+02
2.810000e-06	5.300680e-06	1.093934e-09	2.865550e+01	1.376471e+02
2.820000e-06	5.340495e-06	1.100951e-09	2.887075e+01	1.383909e+02
2.830000e-06	5.380114e-06	1.108832e-09	2.908492e+01	1.391164e+02
2.840000e-06	5.419488e-06	1.116412e-09	2.929778e+01	1.398238e+02
2.850000e-06	5.458448e-06	1.122420e-09	2.950840e+01	1.405133e+02
2.860000e-06	5.497008e-06	1.127704e-09	2.971685e+01	1.411853e+02
2.870000e-06	5.535180e-06	1.133804e-09	2.992321e+01	1.418400e+02
2.880000e-06	5.573017e-06	1.140839e-09	3.012776e+01	1.424777e+02
2.890000e-06	5.610438e-06	1.147092e-09	3.033006e+01	1.430989e+02
2.900000e-06	5.647286e-06	1.152623e-09	3.052926e+01	1.437039e+02
2.910000e-06	5.683653e-06	1.158661e-09	3.072586e+01	1.442932e+02
2.920000e-06	5.719701e-06	1.165155e-09	3.092073e+01	1.448674e+02
2.930000e-06	5.755527e-06	1.171589e-09	3.111441e+01	1.454269e+02
2.940000e-06	5.791165e-06	1.176319e-09	3.130707e+01	1.459724e+02
2.950000e-06	5.826532e-06	1.180001e-09	3.149826e+01	1.465044e+02
2.960000e-06	5.861408e-06	1.185317e-09	3.168680e+01	1.470236e+02
2.970000e-06	5.895604e-06	1.191776e-09	3.187167e+01	1.475307e+02
2.980000e-06	5.929085e-06	1.197535e-09	3.205266e+01	1.480262e+02
2.990000e-06	5.961980e-06	1.202409e-09	3.223050e+01	1.485109e+02
3.000000e-06	5.994394e-06	1.207037e-09	3.240572e+01	1.489855e+02
3.010000e-06	6.026345e-06	1.212135e-09	3.257845e+01	1.494507e+02
3.020000e-06	6.058050e-06	1.217981e-09	3.274985e+01	1.499071e+02
3.030000e-06	6.089452e-06	1.223662e-09	3.291961e+01	1.503554e+02
3.040000e-06	6.120412e-06	1.228471e-09	3.308698e+01	1.507963e+02
3.050000e-06	6.150922e-06	1.233984e-09	3.325192e+01	1.512304e+02
3.060000e-06	6.180983e-06	1.240401e-09	3.341443e+01	1.516583e+02
3.070000e-06	6.210637e-06	1.244675e-09	3.357473e+01	1.520807e+02
3.080000e-06	6.239964e-06	1.246620e-09	3.373328e+01	1.524980e+02
3.090000e-06	6.268846e-06	1.250371e-09	3.388941e+01	1.529108e+02
3.100000e-06	6.297303e-06	1.256092e-09	3.404325e+01	1.533196e+02
3.110000e-06	6.325509e-06	1.260721e-09	3.419574e+01	1.537247e+02
3.120000e-06	6.353339e-06	1.263954e-09	3.434618e+01	1.541266e+02
3.130000e-06	6.380735e-06	1.268069e-09	3.449429e+01	1.545256e+02
3.140000e-06	6.407808e-06	1.272539e-09	3.464064e+01	1.549220e+02
3.150000e-06	6.434286e-06	1.275535e-09	3.478378e+01	1.553161e+02
3.160000e-06	6.460035e-06	1.278674e-09	3.492298e+01	1.557079e+02
3.170000e-06	6.485191e-06	1.282722e-09	3.505898e+01	1.560978e+02
3.180000e-06	6.509637e-06	1.286893e-09	3.519113e+01	1.564857e+02
3.190000e-06	6.533508e-06	1.290400e-09	3.532018e+01	1.568717e+02
3.200000e-06	6.557002e-06	1.292940e-09	3.544719e+01	1.572559e+02
3.210000e-06	6.580119e-06	1.295413e-09	3.557216e+01	1.576381e+02
3.220000e-06	6.602830e-06	1.298955e-09	3.569493e+01	1.580183e+02
3.230000e-06	6.625132e-06	1.303205e-09	3.581550e+01	1.583963e+02
3.240000e-06	6.646999e-06	1.306748e-09	3.593371e+01	1.587720e+02
3.250000e-06	6.668373e-06	1.309285e-09	3.604926e+01	1.591452e+02
3.260000e-06	6.689194e-06	1.311812e-09	3.616182e+01	1.595155e+02
3.270000e-06	6.709574e-06	1.315541e-09	3.627199e+01	1.598828e+02
3.280000e-06	6.729642e-06	1.319403e-09	3.638048e+01	1.602468e+02
3.290000e-06	6.749372e-06	1.323184e-09	3.648714e+01	1.606070e+02
3.300000e-06	6.768759e-06	1.327470e-09	3.659195e+01	1.609631e+02
3.310000e-06	6.787589e-06	1.331575e-09	3.669374e+01	1.613148e+02
3.320000e-06	6.805772e-06	1.334980e-09	3.679204e+01	1.616617e+02
3.330000e-06	6.823409e-06	1.337019e-09	3.688738e+01	1.620032e+02
3.340000e-06	6.840578e-06	1.339206e-09	3.698020e+01	1.623390e+02
3.350000e-06	6.857426e-06	1.343673e-09	3.707128e+01	1.626687e+02
3.360000e-06	6.873847e-06	1.348901e-09	3.716005e+01	1.629917e+02
3.370000e-06	6.889725e-06	1.352128e-09	3.724589e+01	1.633076e+02
3.380000e-06	6.904762e-06	1.354921e-09	3.732718e+01	1.636160e+02
3.390000e-06	6.919087e-06	1.358650e-09	3.740462e+01	1.639163e+02
3.400000e-06	6.933167e-06	1.362590e-09	3.748073e+01	1.642081e+02
3.410000e-06	6.946850e-06	1.366097e-09	3.755471e+01	1.644910e+02
3.420000e-06	6.960000e-06	1.368842e-09	3.762579e+01	1.647645e+02
3.430000e-06	6.972525e-06	1.372146e-09	3.769351e+01	1.650282e+02
3.440000e-06	6.984495e-06	1.376105e-09	3.775822e+01	1.652816e+02
3.450000e-06	6.996088e-06	1.380549e-09	3.782089e+01	1.655243e+02
3.460000e-06	7.007114e-06	1.385315e-09	3.788050e+01	1.657560e+02
3.470000e-06	7.017469e-06	1.388228e-09	3.793647e+01	1.659763e+02
3.480000e-06	7.027138e-06	1.389813e-09	3.798875e+01	1.661849e+02
3.490000e-06	7.036083e-06	1.391914e-09	3.803710e+01	1.663814e+02
3.500000e-06	7.044415e-06	1.395846e-09	3.808214e+01	1.665657e+02
3.510000e-06	7.052296e-06	1.400954e-09	3.812475e+01	1.667375e+02
3.520000e-06	7.059785e-06	1.403667e-09	3.816523e+01	1.668966e+02
3.530000e-06	7.066794e-06	1.405514e-09	3.820312e+01	1.670428e+02
3.540000e-06	7.073254e-06	1.408828e-09	3.823805e+01	1.671762e+02
3.550000e-06	7.079203e-06	1.412091e-09	3.827021e+01	1.672966e+02
3.560000e-06	7.084785e-06	1.415353e-09	3.830038e+01	1.674041e+02
3.570000e-06	7.089932e-06	1.418680e-09	3.832821e+01	1.674987e+02
3.580000e-06	7.094571e-06	1.420875e-09	3.835329e+01	1.675804e+02
3.590000e-06	7.098754e-06	1.423057e-09	3.837590e+01	1.676496e+02
3.600000e-06	7.102507e-06	1.426300e-09	3.839619e+01	1.677063e+02
3.610000e-06	7.105979e-06	1.428230e-09	3.841496e+01	1.677508e+02
3.620000e-06	7.109043e-06	1.429065e-09	3.843152e+01	1.677835e+02
3.630000e-06	7.111457e-06	1.430698e-09	3.844457e+01	1.678046e+02
3.640000e-06	7.113113e-06	1.433313e-09	3.845353e+01	1.678145e+02
3.650000e-06	7.114006e-06	1.436296e-09	3.845835e+01	1.678138e+02
3.660000e-06	7.114311e-06	1.437408e-09	3.846000e+01	1.678028e+02
3.670000e-06	7.114113e-06	1.437556e-09	3.845893e+01	1.677820e+02
3.680000e-06	7.113452e-06	1.438203e-09	3.845536e+01	1.677520e+02
3.690000e-06	7.112379e-06	1.437659e-09	3.844956e+01	1.677133e+02
3.700000e-06	7.110787e-06	1.437318e-09	3.844095e+01	1.676665e+02
3.710000e-06	7.108848e-06	1.437498e-09	3.843047e+01	1.676122e+02
3.720000e-06	7.106606e-06	1.437911e-09	3.841835e+01	1.675509e+02
3.730000e-06	7.103767e-06	1.440569e-09	3.840300e+01	1.674832e+02
3.740000e-06	7.100306e-06	1.446351e-09	3.838429e+01	1.674097e+02
3.750000e-06	7.096321e-06	1.443189e-09	3.836275e+01	1.673310e+02
3.760000e-06	7.091731e-06	1.414649e-09	3.833793e+01	1.672476e+02
3.770000e-06	7.086437e-06	1.421390e-09	3.830931e+01	1.671601e+02
3.780000e-06	7.080640e-06	1.495996e-09	3.827798e+01	1.670689e+02
3.790000e-06	7.074424e-06	1.469846e-09	3.824437e+01	1.669747e+02
3.800000e-06	7.067693e-06	1.360774e-09	3.820798e+01	1.668777e+02
3.810000e-06	7.060425e-06	1.396519e-09	3.816870e+01	1.667784e+02
3.820000e-06	7.052716e-06	1.521626e-09	3.812702e+01	1.666771e+02
3.830000e-06	7.044662e-06	1.481734e-09	3.808348e+01	1.665743e+02
3.840000e-06	7.036111e-06	1.325973e-09	3.803725e+01	1.664701e+02
3.850000e-06	7.027002e-06	1.380719e-09	3.798801e+01	1.663648e+02
3.860000e-06	7.017413e-06	1.568313e-09	3.793617e+01	1.662585e+02
3.870000e-06	7.007383e-06	1.489596e-09	3.788195e+01	1.661514e+02
3.880000e-06	6.996877e-06	1.281941e-09	3.782516e+01	1.660436e+02
3.890000e-06	6.985861e-06	1.388043e-09	3.776560e+01	1.659350e+02
3.900000e-06	6.974436e-06	1.596640e-09	3.770384e+01	1.658258e+02
3.910000e-06	6.962302e-06	1.458224e-09	3.763824e+01	1.657157e+02
3.920000e-06	6.949313e-06	1.272080e-09	3.756802e+01	1.656047e+02
3.930000e-06	6.935736e-06	1.449677e-09	3.749462e+01	1.654928e+02
3.940000e-06	6.921657e-06	1.585186e-09	3.741851e+01	1.653796e+02
3.950000e-06	6.906692e-06	1.369435e-09	3.733761e+01	1.652650e+02
3.960000e-06	6.891053e-06	1.300424e-09	3.725307e+01	1.651488e+02
3.970000e-06	6.875192e-06	1.530203e-09	3.716732e+01	1.650308e+02
3.980000e-06	6.858892e-06	1.511503e-09	3.707920e+01	1.649105e+02
3.990000e-06	6.842100e-06	1.296777e-09	3.698843e+01	1.647879e+02
4.000000e-06	6.824827e-06	1.410789e-09	3.689505e+01	1.646625e+02
4.010000e-06	6.807122e-06	1.572081e-09	3.679934e+01	1.645341e+02
4.020000e-06	6.788984e-06	1.378833e-09	3.670128e+01	1.644024e+02
4.030000e-06	6.770369e-06	1.301426e-09	3.660065e+01	1.642671e+02
4.040000e-06	6.751269e-06	1.530651e-09	3.649739e+01	1.641278e+02
4.050000e-06	6.731675e-06	1.507898e-09	3.639147e+01	1.639843e+02
4.060000e-06	6.711642e-06	1.299580e-09	3.628317e+01	1.638364e+02
4.070000e-06	6.691334e-06	1.415871e-09	3.617338e+01	1.636837e+02
4.080000e-06	6.670665e-06	1.549226e-09	3.606165e+01	1.635260e+02
4.090000e-06	6.649435e-06	1.376065e-09	3.594688e+01	1.633631e+02
4.100000e-06	6.627478e-06	1.346755e-09	3.582818e+01	1.631948e+02
4.110000e-06	6.604672e-06	1.515283e-09	3.570489e+01	1.630208e+02
4.120000e-06	6.581157e-06	1.442418e-09	3.557777e+01	1.628410e+02
4.130000e-06	6.557224e-06	1.333935e-09	3.544839e+01	1.626552e+02
4.140000e-06	6.533056e-06	1.465103e-09	3.531773e+01	1.624632e+02
4.150000e-06	6.508595e-06	1.482733e-09	3.518550e+01	1.622650e+02
4.160000e-06	6.483755e-06	1.351337e-09	3.505121e+01	1.620604e+02
4.170000e-06	6.458404e-06	1.410322e-09	3.491416e+01	1.618493e+02
4.180000e-06	6.432496e-06	1.485854e-09	3.477411e+01	1.616315e+02
4.190000e-06	6.406154e-06	1.391614e-09	3.463170e+01	1.614070e+02
4.200000e-06	6.379324e-06	1.386489e-09	3.448666e+01	1.611757e+02
4.210000e-06	6.351975e-06	1.460306e-09	3.433881e+01	1.609375e+02
4.220000e-06	6.324232e-06	1.411375e-09	3.418883e+01	1.606923e+02
4.230000e-06	6.296234e-06	1.383791e-09	3.403748e+01	1.604400e+02
4.240000e-06	6.267998e-06	1.440691e-09	3.388483e+01	1.601805e+02
4.250000e-06	6.239392e-06	1.422972e-09	3.373019e+01	1.599137e+02
4.260000e-06	6.210378e-06	1.387903e-09	3.357333e+01	1.596395e+02
4.270000e-06	6.180720e-06	1.419055e-09	3.341300e+01	1.593579e+02
4.280000e-06	6.150331e-06	1.421182e-09	3.324872e+01	1.590686e+02
4.290000e-06	6.119442e-06	1.398364e-09	3.308173e+01	1.587716e+02
4.300000e-06	6.087973e-06	1.407094e-09	3.291161e+01	1.584667e+02
4.310000e-06	6.056036e-06	1.405944e-09	3.273896e+01	1.581539e+02
4.320000e-06	6.023809e-06	1.397944e-09	3.256474e+01	1.578329e+02
4.330000e-06	5.991145e-06	1.404549e-09	3.238816e+01	1.575036e+02
4.340000e-06	5.957845e-06	1.396772e-09	3.220814e+01	1.571659e+02
4.350000e-06	5.924055e-06	1.390461e-09	3.202547e+01	1.568196e+02
4.360000e-06	5.889965e-06	1.396919e-09	3.184118e+01	1.564647e+02
4.370000e-06	5.855516e-06	1.387652e-09	3.165495e+01	1.561008e+02
4.380000e-06	5.820692e-06	1.383805e-09	3.146669e+01	1.557280e+02
4.390000e-06	5.785386e-06	1.391668e-09	3.127583e+01	1.553461e+02
4.400000e-06	5.749721e-06	1.378926e-09	3.108302e+01	1.549550e+02
4.410000e-06	5.713871e-06	1.369539e-09	3.088922e+01	1.545546e+02
4.420000e-06	5.677807e-06	1.381147e-09	3.069425e+01	1.541448e+02
4.430000e-06	5.641405e-06	1.377451e-09	3.049746e+01	1.537257e+02
4.440000e-06	5.604589e-06	1.363571e-09	3.029844e+01	1.532970e+02
4.450000e-06	5.567307e-06	1.365203e-09	3.009689e+01	1.528589e+02
4.460000e-06	5.529400e-06	1.366325e-09	2.989196e+01	1.524114e+02
4.470000e-06	5.490752e-06	1.359374e-09	2.968303e+01	1.519546e+02
4.480000e-06	5.451493e-06	1.356030e-09	2.947080e+01	1.514884e+02
4.490000e-06	5.411775e-06	1.352305e-09	2.925609e+01	1.510131e+02
4.500000e-06	5.371699e-06	1.345403e-09	2.903943e+01	1.505287e+02
4.510000e-06	5.331362e-06	1.341818e-09	2.882137e+01	1.500355e+02
4.520000e-06	5.290691e-06	1.341348e-09	2.860150e+01	1.495337e+02
4.530000e-06	5.249694e-06	1.338399e-09	2.837987e+01	1.490234e+02
4.540000e-06	5.208390e-06	1.331660e-09	2.815659e+01	1.485049e+02
4.550000e-06	5.166687e-06	1.326456e-09	2.793114e+01	1.479784e+02
4.560000e-06	5.124553e-06	1.325852e-09	2.770336e+01	1.474444e+02
4.570000e-06	5.082050e-06	1.323231e-09	2.747359e+01	1.469029e+02
4.580000e-06	5.039195e-06	1.314339e-09	2.724192e+01	1.463544e+02
4.590000e-06	4.996020e-06	1.305320e-09	2.700851e+01	1.457991e+02
4.600000e-06	4.952575e-06	1.302099e-09	2.677365e+01	1.452374e+02
4.610000e-06	4.908880e-06	1.302438e-09	2.653743e+01	1.446694e+02
4.620000e-06	4.864926e-06	1.301323e-09	2.629981e+01	1.440955e+02
4.630000e-06	4.820706e-06	1.297547e-09	2.606076e+01	1.435158e+02
4.640000e-06	4.776276e-06	1.292004e-09	2.582057e+01	1.429307e+02
4.650000e-06	4.731643e-06	1.286468e-09	2.557928e+01	1.423403e+02
4.660000e-06	4.686658e-06	1.281102e-09	2.533610e+01	1.417446e+02
4.670000e-06	4.641198e-06	1.274728e-09	2.509034e+01	1.411438e+02
4.680000e-06	4.595363e-06	1.266589e-09	2.484255e+01	1.405379e+02
4.690000e-06	4.549298e-06	1.259127e-09	2.459353e+01	1.399269e+02
4.700000e-06	4.502847e-06	1.255750e-09	2.434241e+01	1.393107e+02
4.710000e-06	4.455914e-06	1.254702e-09	2.408869e+01	1.386891e+02
4.720000e-06	4.408734e-06	1.250455e-09	2.383364e+01	1.380619e+02
4.730000e-06	4.361373e-06	1.240508e-09	2.357760e+01	1.374288e+02
4.740000e-06	4.313812e-06	1.231615e-09	2.332049e+01	1.367896e+02
4.750000e-06	4.265899e-06	1.229100e-09	2.306147e+01	1.361436e+02
4.760000e-06	4.217411e-06	1.226961e-09	2.279934e+01	1.354906e+02
4.770000e-06	4.168396e-06	1.220203e-09	2.253437e+01	1.348298e+02
4.780000e-06	4.119050e-06	1.212266e-09	2.226761e+01	1.341608e+02
4.790000e-06	4.069433e-06	1.207351e-09	2.199937e+01	1.334829e+02
4.800000e-06	4.019575e-06	1.204492e-09	2.172984e+01	1.327952e+02
4.810000e-06	3.969490e-06	1.201557e-09	2.145908e+01	1.320972e+02
4.820000e-06	3.919152e-06	1.195368e-09	2.118696e+01	1.313880e+02
4.830000e-06	3.868582e-06	1.186937e-09	2.091358e+01	1.306669e+02
4.840000e-06	3.817724e-06	1.180668e-09	2.063864e+01	1.299329e+02
4.850000e-06	3.766530e-06	1.176107e-09	2.036188e+01	1.291854e+02
4.860000e-06	3.714884e-06	1.170763e-09	2.008268e+01	1.284234e+02
4.870000e-06	3.662871e-06	1.163983e-09	1.980150e+01	1.276463e+02
4.880000e-06	3.610682e-06	1.157355e-09	1.951937e+01	1.268532e+02
4.890000e-06	3.558295e-06	1.152130e-09	1.923616e+01	1.260434e+02
4.900000e-06	3.505774e-06	1.148143e-09	1.895223e+01	1.252162e+02
4.910000e-06	3.453006e-06	1.142568e-09	1.866697e+01	1.243711e+02
4.920000e-06	3.399783e-06	1.133194e-09	1.837925e+01	1.235073e+02
4.930000e-06	3.346093e-06	1.123836e-09	1.808900e+01	1.226246e+02
4.940000e-06	3.291952e-06	1.117898e-09	1.779631e+01	1.217225e+02
4.950000e-06	3.237531e-06	1.112235e-09	1.750211e+01	1.208006e+02
4.960000e-06	3.182770e-06	1.104323e-09	1.720607e+01	1.198588e+02
4.970000e-06	3.127528e-06	1.094944e-09	1.690743e+01	1.188969e+02
4.980000e-06	3.072000e-06	1.086276e-09	1.660725e+01	1.179149e+02
4.990000e-06	3.016237e-06	1.078764e-09	1.630579e+01	1.169128e+02
5.000000e-06	2.960264e-06	1.070194e-09	1.600320e+01	1.158909e+02
5.010000e-06	2.904153e-06	1.059809e-09	1.569987e+01	1.148494e+02
5.020000e-06	2.847892e-06	1.049548e-09	1.539572e+01	1.137885e+02
5.030000e-06	2.791562e-06	1.040588e-09	1.509120e+01	1.127088e+02
5.040000e-06	2.735078e-06	1.032344e-09	1.478584e+01	1.116107e+02
5.050000e-06	2.678359e-06	1.023942e-09	1.447922e+01	1.104947e+02
5.060000e-06	2.621529e-06	1.013983e-09	1.417200e+01	1.093613e+02
5.070000e-06	2.564600e-06	1.002469e-09	1.386424e+01	1.082113e+02
5.080000e-06	2.507486e-06	9.922992e-10	1.355548e+01	1.070452e+02
5.090000e-06	2.450253e-06	9.837108e-10	1.324608e+01	1.058637e+02
5.100000e-06	2.392845e-06	9.738380e-10	1.293573e+01	1.046673e+02
5.110000e-06	2.335197e-06	9.623198e-10	1.262409e+01	1.034567e+02
5.120000e-06	2.277314e-06	9.504737e-10	1.231117e+01	1.022323e+02
5.130000e-06	2.219289e-06	9.395163e-10	1.199749e+01	1.009947e+02
5.140000e-06	2.161162e-06	9.290279e-10	1.168325e+01	9.974417e+01
5.150000e-06	2.102880e-06	9.176132e-10	1.136818e+01	9.848109e+01
5.160000e-06	2.044411e-06	9.046856e-10	1.105210e+01	9.720562e+01
5.170000e-06	1.985697e-06	8.918221e-10	1.073469e+01	9.591782e+01
5.180000e-06	1.926831e-06	8.804809e-10	1.041646e+01	9.461761e+01
5.190000e-06	1.867838e-06	8.689827e-10	1.009754e+01	9.330477e+01
5.200000e-06	1.808766e-06	8.561910e-10	9.778198e+00	9.197894e+01
5.210000e-06	1.749666e-06	8.430322e-10	9.458701e+00	9.063959e+01
5.220000e-06	1.690434e-06	8.296965e-10	9.138494e+00	8.928604e+01
5.230000e-06	1.630946e-06	8.172605e-10	8.816900e+00	8.791745e+01
5.240000e-06	1.571252e-06	8.052408e-10	8.494194e+00	8.653281e+01
5.250000e-06	1.511526e-06	7.914665e-10	8.171318e+00	8.513096e+01
5.260000e-06	1.451760e-06	7.776859e-10	7.848223e+00	8.371061e+01
5.270000e-06	1.391862e-06	7.652216e-10	7.524415e+00	8.227033e+01
5.280000e-06	1.331882e-06	7.518730e-10	7.200160e+00	8.080856e+01
5.290000e-06	1.271890e-06	7.365745e-10	6.875844e+00	7.932362e+01
5.300000e-06	1.211875e-06	7.206966e-10	6.551405e+00	7.781377e+01
5.310000e-06	1.151731e-06	7.052588e-10	6.226263e+00	7.627719e+01
5.320000e-06	1.091510e-06	6.906950e-10	5.900707e+00	7.471200e+01
5.330000e-06	1.031307e-06	6.770194e-10	5.575249e+00	7.311630e+01
5.340000e-06	9.711446e-07	6.632069e-10	5.250013e+00	7.148820e+01
5.350000e-06	9.109266e-07	6.485208e-10	4.924474e+00	6.982583e+01
5.360000e-06	8.505699e-07	6.323823e-10	4.598185e+00	6.812736e+01
5.370000e-06	7.902294e-07	6.160043e-10	4.271984e+00	6.639105e+01
5.380000e-06	7.299346e-07	6.000542e-10	3.946030e+00	6.461526e+01
5.390000e-06	6.696164e-07	5.834114e-10	3.619949e+00	6.279847e+01
5.400000e-06	6.092647e-07	5.659326e-10	3.293688e+00	6.093933e+01
5.410000e-06	5.488587e-07	5.483383e-10	2.967133e+00	5.903665e+01
5.420000e-06	4.883753e-07	5.316408e-10	2.640160e+00	5.708945e+01
5.430000e-06	4.278059e-07	5.155504e-10	2.312721e+00	5.509696e+01
5.440000e-06	3.672537e-07	4.982712e-10	1.985375e+00	5.305866e+01
5.450000e-06	3.067579e-07	4.787774e-10	1.658335e+00	5.097426e+01
5.460000e-06	2.462916e-07	4.592294e-10	1.331453e+00	4.884376e+01
5.470000e-06	1.857857e-07	4.403843e-10	1.004358e+00	4.666741e+01
5.480000e-06	1.252958e-07	4.217251e-10	6.773496e-01	4.444574e+01
5.490000e-06	6.477058e-08	4.021411e-10	3.501501e-01	4.217957e+01
5.500000e-06	4.176809e-09	3.801494e-10	2.257985e-02	3.987000e+01
5.510000e-06	-5.637237e-08	3.567590e-10	-3.047493e-01	3.751840e+01
5.520000e-06	-1.169970e-07	3.342380e-10	-6.324861e-01	3.512641e+01
5.530000e-06	-1.776223e-07	3.126932e-10	-9.602271e-01	3.269594e+01
5.540000e-06	-2.381520e-07	2.910835e-10	-1.287451e+00	3.022914e+01
5.550000e-06	-2.986871e-07	2.696780e-10	-1.614704e+00	2.772838e+01
5.560000e-06	-3.592422e-07	2.476638e-10	-1.942065e+00	2.519625e+01
5.570000e-06	-4.197368e-07	2.239972e-10	-2.269099e+00	2.263554e+01
5.580000e-06	-4.802730e-07	1.993547e-10	-2.596358e+00	2.004918e+01
5.590000e-06	-5.408068e-07	1.747387e-10	-2.923605e+00	1.744026e+01
5.600000e-06	-6.011704e-07	1.508662e-10	-3.249930e+00	1.481199e+01
5.610000e-06	-6.614587e-07	1.276365e-10	-3.575849e+00	1.216766e+01
5.620000e-06	-7.217214e-07	1.047755e-10	-3.901630e+00	9.510611e+00
5.630000e-06	-7.819409e-07	8.156376e-11	-4.227176e+00	6.844228e+00
5.640000e-06	-8.422104e-07	5.681129e-11	-4.552994e+00	4.171896e+00
5.650000e-06	-9.024564e-07	3.111644e-11	-4.878684e+00	1.496978e+00
5.660000e-06	-9.626139e-07	6.202575e-12	-5.203896e+00	-1.177218e+00
5.670000e-06	-1.022771e-06	-1.706278e-11	-5.529108e+00	-3.847454e+00
5.680000e-06	-1.082917e-06	-3.935197e-11	-5.854254e+00	-6.510597e+00
5.690000e-06	-1.142924e-06	-6.209923e-11	-6.178653e+00	-9.163631e+00
5.700000e-06	-1.202861e-06	-8.593954e-11	-6.502672e+00	-1.180369e+01
5.710000e-06	-1.262797e-06	-1.097796e-10	-6.826686e+00	-1.442805e+01
5.720000e-06	-1.322710e-06	-1.332607e-10	-7.150574e+00	-1.703417e+01
5.730000e-06	-1.382458e-06	-1.564472e-10	-7.473575e+00	-1.961971e+01
5.740000e-06	-1.442004e-06	-1.794581e-10	-7.795481e+00	-2.218251e+01
5.750000e-06	-1.501663e-06	-2.029143e-10	-8.117998e+00	-2.472062e+01
5.760000e-06	-1.561347e-06	-2.266161e-10	-8.440651e+00	-2.723228e+01
5.770000e-06	-1.620813e-06	-2.500140e-10	-8.762124e+00	-2.971598e+01
5.780000e-06	-1.680169e-06	-2.736314e-10	-9.083003e+00	-3.217037e+01
5.790000e-06	-1.739432e-06	-2.977522e-10	-9.403376e+00	-3.459435e+01
5.800000e-06	-1.798564e-06	-3.215414e-10	-9.723048e+00	-3.698699e+01
5.810000e-06	-1.857578e-06	-3.440060e-10	-1.004208e+01	-3.934756e+01
5.820000e-06	-1.916455e-06	-3.654466e-10	-1.036036e+01	-4.167552e+01
5.830000e-06	-1.974986e-06	-3.875090e-10	-1.067678e+01	-4.397050e+01
5.840000e-06	-2.033359e-06	-4.107391e-10	-1.099235e+01	-4.623229e+01
5.850000e-06	-2.091723e-06	-4.331479e-10	-1.130786e+01	-4.846081e+01
5.860000e-06	-2.149806e-06	-4.535926e-10	-1.162186e+01	-5.065612e+01
5.870000e-06	-2.207667e-06	-4.740001e-10	-1.193466e+01	-5.281841e+01
5.880000e-06	-2.265345e-06	-4.944078e-10	-1.224647e+01	-5.494796e+01
5.890000e-06	-2.322846e-06	-5.138248e-10	-1.255732e+01	-5.704513e+01
5.900000e-06	-2.380195e-06	-5.328999e-10	-1.286735e+01	-5.911035e+01
5.910000e-06	-2.437359e-06	-5.511556e-10	-1.317638e+01	-6.114412e+01
5.920000e-06	-2.494515e-06	-5.692353e-10	-1.348536e+01	-6.314696e+01
5.930000e-06	-2.551559e-06	-5.884854e-10	-1.379374e+01	-6.511945e+01
5.940000e-06	-2.608278e-06	-6.087819e-10	-1.410036e+01	-6.706215e+01
5.950000e-06	-2.664836e-06	-6.286885e-10	-1.440612e+01	-6.897565e+01
5.960000e-06	-2.721276e-06	-6.463648e-10	-1.471123e+01	-7.086054e+01
5.970000e-06	-2.777566e-06	-6.625702e-10	-1.501553e+01	-7.271737e+01
5.980000e-06	-2.833778e-06	-6.786981e-10	-1.531942e+01	-7.454670e+01
5.990000e-06	-2.889843e-06	-6.953400e-10	-1.562251e+01	-7.634905e+01
6.000000e-06	-2.945661e-06	-7.119649e-10	-1.592426e+01	-7.812492e+01
6.010000e-06	-3.001274e-06	-7.276383e-10	-1.622490e+01	-7.987477e+01
6.020000e-06	-3.056752e-06	-7.434200e-10	-1.652482e+01	-8.159904e+01
6.030000e-06	-3.112192e-06	-7.602597e-10	-1.682453e+01	-8.329811e+01
6.040000e-06	-3.167212e-06	-7.765944e-10	-1.712196e+01	-8.497236e+01
6.050000e-06	-3.221710e-06	-7.910805e-10	-1.741658e+01	-8.662211e+01
6.060000e-06	-3.275997e-06	-8.050301e-10	-1.771006e+01	-8.824767e+01
6.070000e-06	-3.329923e-06	-8.195037e-10	-1.800158e+01	-8.984932e+01
6.080000e-06	-3.383420e-06	-8.348019e-10	-1.829078e+01	-9.142729e+01
6.090000e-06	-3.436627e-06	-8.509605e-10	-1.857842e+01	-9.298183e+01
6.100000e-06	-3.489502e-06	-8.654685e-10	-1.886427e+01	-9.451315e+01
6.110000e-06	-3.542082e-06	-8.778809e-10	-1.914851e+01	-9.602144e+01
6.120000e-06	-3.594449e-06	-8.904524e-10	-1.943161e+01	-9.750689e+01
6.130000e-06	-3.646526e-06	-9.040713e-10	-1.971314e+01	-9.896970e+01
6.140000e-06	-3.698307e-06	-9.180167e-10	-1.999307e+01	-1.004100e+02
6.150000e-06	-3.749705e-06	-9.316510e-10	-2.027092e+01	-1.018281e+02
6.160000e-06	-3.800784e-06	-9.449317e-10	-2.054706e+01	-1.032240e+02
6.170000e-06	-3.851651e-06	-9.567510e-10	-2.082205e+01	-1.045980e+02
6.180000e-06	-3.902293e-06	-9.672432e-10	-2.109582e+01	-1.059503e+02
6.190000e-06	-3.952610e-06	-9.781060e-10	-2.136783e+01	-1.072810e+02
6.200000e-06	-4.002384e-06	-9.896691e-10	-2.163691e+01	-1.085904e+02
6.210000e-06	-4.051795e-06	-1.001167e-09	-2.190402e+01	-1.098786e+02
6.220000e-06	-4.101009e-06	-1.012632e-09	-2.217008e+01	-1.111459e+02
6.230000e-06	-4.149858e-06	-1.023884e-09	-2.243415e+01	-1.123924e+02
6.240000e-06	-4.198282e-06	-1.033830e-09	-2.269593e+01	-1.136185e+02
6.250000e-06	-4.246272e-06	-1.043469e-09	-2.295537e+01	-1.148241e+02
6.260000e-06	-4.293654e-06	-1.053622e-09	-2.321152e+01	-1.160097e+02
6.270000e-06	-4.340584e-06	-1.063938e-09	-2.346522e+01	-1.171753e+02
6.280000e-06	-4.387520e-06	-1.075757e-09	-2.371896e+01	-1.183211e+02
6.290000e-06	-4.434308e-06	-1.088531e-09	-2.397189e+01	-1.194474e+02
6.300000e-06	-4.480834e-06	-1.100151e-09	-2.422341e+01	-1.205542e+02
6.310000e-06	-4.527085e-06	-1.109741e-09	-2.447344e+01	-1.216418e+02
6.320000e-06	-4.572933e-06	-1.118537e-09	-2.472130e+01	-1.227102e+02
6.330000e-06	-4.618554e-06	-1.128390e-09	-2.496793e+01	-1.237595e+02
6.340000e-06	-4.664014e-06	-1.138678e-09	-2.521368e+01	-1.247899e+02
6.350000e-06	-4.709082e-06	-1.148358e-09	-2.545732e+01	-1.258014e+02
6.360000e-06	-4.753774e-06	-1.157332e-09	-2.569893e+01	-1.267940e+02
6.370000e-06	-4.798234e-06	-1.165919e-09	-2.593928e+01	-1.277679e+02
6.380000e-06	-4.842371e-06	-1.174636e-09	-2.617788e+01	-1.287231e+02
6.390000e-06	-4.886337e-06	-1.183008e-09	-2.641556e+01	-1.296595e+02
6.400000e-06	-4.930120e-06	-1.189506e-09	-2.665225e+01	-1.305771e+02
6.410000e-06	-4.973491e-06	-1.195859e-09	-2.688672e+01	-1.314761e+02
6.420000e-06	-5.016455e-06	-1.204538e-09	-2.711898e+01	-1.323563e+02
6.430000e-06	-5.059082e-06	-1.214104e-09	-2.734942e+01	-1.332178e+02
6.440000e-06	-5.101386e-06	-1.222398e-09	-2.757812e+01	-1.340606e+02
6.450000e-06	-5.143279e-06	-1.229037e-09	-2.780459e+01	-1.348847e+02
6.460000e-06	-5.184821e-06	-1.235302e-09	-2.802917e+01	-1.356902e+02
6.470000e-06	-5.226101e-06	-1.242760e-09	-2.825233e+01	-1.364770e+02
6.480000e-06	-5.266971e-06	-1.251756e-09	-2.847327e+01	-1.372453e+02
6.490000e-06	-5.307404e-06	-1.260053e-09	-2.869185e+01	-1.379952e+02
6.500000e-06	-5.347579e-06	-1.266351e-09	-2.890904e+01	-1.387267e+02
6.510000e-06	-5.387519e-06	-1.272072e-09	-2.912495e+01	-1.394402e+02
6.520000e-06	-5.427112e-06	-1.278042e-09	-2.933899e+01	-1.401357e+02
6.530000e-06	-5.466334e-06	-1.283267e-09	-2.955103e+01	-1.408135e+02
6.540000e-06	-5.505028e-06	-1.288524e-09	-2.976021e+01	-1.414740e+02
6.550000e-06	-5.543023e-06	-1.294969e-09	-2.996561e+01	-1.421173e+02
6.560000e-06	-5.580433e-06	-1.300895e-09	-3.016785e+01	-1.427440e+02
6.570000e-06	-5.617441e-06	-1.305826e-09	-3.036791e+01	-1.433543e+02
6.580000e-06	-5.654069e-06	-1.310297e-09	-3.056593e+01	-1.439489e+02
6.590000e-06	-5.690264e-06	-1.314593e-09	-3.076159e+01	-1.445281e+02
6.600000e-06	-5.726096e-06	-1.318995e-09	-3.095531e+01	-1.450924e+02
6.610000e-06	-5.761576e-06	-1.323267e-09	-3.114711e+01	-1.456426e+02
6.620000e-06	-5.796687e-06	-1.328253e-09	-3.133692e+01	-1.461790e+02
6.630000e-06	-5.831538e-06	-1.333243e-09	-3.152532e+01	-1.467024e+02
6.640000e-06	-5.866017e-06	-1.336751e-09	-3.171172e+01	-1.472135e+02
6.650000e-06	-5.899912e-06	-1.339861e-09	-3.189495e+01	-1.477128e+02
6.660000e-06	-5.933345e-06	-1.343278e-09	-3.207569e+01	-1.482011e+02
6.670000e-06	-5.966409e-06	-1.347207e-09	-3.225444e+01	-1.486790e+02
6.680000e-06	-5.999075e-06	-1.351311e-09	-3.243103e+01	-1.491472e+02
6.690000e-06	-6.031336e-06	-1.354298e-09	-3.260543e+01	-1.496065e+02
6.700000e-06	-6.063179e-06	-1.356567e-09	-3.277757e+01	-1.500575e+02
6.710000e-06	-6.094775e-06	-1.358680e-09	-3.294839e+01	-1.505008e+02
6.720000e-06	-6.125964e-06	-1.360858e-09	-3.311699e+01	-1.509371e+02
6.730000e-06	-6.156542e-06	-1.363108e-09	-3.328230e+01	-1.513671e+02
6.740000e-06	-6.186492e-06	-1.365635e-09	-3.344421e+01	-1.517912e+02
6.750000e-06	-6.215756e-06	-1.369028e-09	-3.360241e+01	-1.522102e+02
6.760000e-06	-6.244463e-06	-1.372252e-09	-3.375760e+01	-1.526245e+02
6.770000e-06	-6.272825e-06	-1.374353e-09	-3.391092e+01	-1.530345e+02
6.780000e-06	-6.300863e-06	-1.376292e-09	-3.406250e+01	-1.534409e+02
6.790000e-06	-6.328496e-06	-1.377676e-09	-3.421188e+01	-1.538438e+02
6.800000e-06	-6.355788e-06	-1.378028e-09	-3.435942e+01	-1.542438e+02
6.810000e-06	-6.382695e-06	-1.378942e-09	-3.450488e+01	-1.546411e+02
6.820000e-06	-6.409104e-06	-1.381007e-09	-3.464765e+01	-1.550359e+02
6.830000e-06	-6.434952e-06	-1.383356e-09	-3.478738e+01	-1.554285e+02
6.840000e-06	-6.460354e-06	-1.385346e-09	-3.492471e+01	-1.558190e+02
6.850000e-06	-6.485409e-06	-1.387027e-09	-3.506015e+01	-1.562076e+02
6.860000e-06	-6.510049e-06	-1.388874e-09	-3.519336e+01	-1.565943e+02
6.870000e-06	-6.534367e-06	-1.391386e-09	-3.532482e+01	-1.569791e+02
6.880000e-06	-6.558339e-06	-1.395057e-09	-3.545441e+01	-1.573620e+02
6.890000e-06	-6.581837e-06	-1.398823e-09	-3.558145e+01	-1.577429e+02
6.900000e-06	-6.604788e-06	-1.401197e-09	-3.570552e+01	-1.581217e+02
6.910000e-06	-6.627071e-06	-1.402651e-09	-3.582598e+01	-1.584982e+02
6.920000e-06	-6.648677e-06	-1.403345e-09	-3.594278e+01	-1.588722e+02
6.930000e-06	-6.669705e-06	-1.404791e-09	-3.605646e+01	-1.592436e+02
6.940000e-06	-6.690275e-06	-1.407650e-09	-3.616766e+01	-1.596120e+02
6.950000e-06	-6.710523e-06	-1.410930e-09	-3.627712e+01	-1.599771e+02
6.960000e-06	-6.730247e-06	-1.414962e-09	-3.638375e+01	-1.603386e+02
6.970000e-06	-6.749498e-06	-1.419231e-09	-3.648782e+01	-1.606962e+02
6.980000e-06	-6.768413e-06	-1.422094e-09	-3.659008e+01	-1.610494e+02
6.990000e-06	-6.786866e-06	-1.423065e-09	-3.668983e+01	-1.613979e+02
7.000000e-06	-6.804825e-06	-1.423881e-09	-3.678692e+01	-1.617413e+02
7.010000e-06	-6.822276e-06	-1.425570e-09	-3.688126e+01	-1.620791e+02
7.020000e-06	-6.839283e-06	-1.427830e-09	-3.697320e+01	-1.624109e+02
7.030000e-06	-6.855958e-06	-1.430104e-09	-3.706334e+01	-1.627362e+02
7.040000e-06	-6.872333e-06	-1.432533e-09	-3.715187e+01	-1.630545e+02
7.050000e-06	-6.888115e-06	-1.435684e-09	-3.723718e+01	-1.633655e+02
7.060000e-06	-6.903200e-06	-1.438247e-09	-3.731874e+01	-1.636686e+02
7.070000e-06	-6.917693e-06	-1.440075e-09	-3.739708e+01	-1.639633e+02
7.080000e-06	-6.931570e-06	-1.441059e-09	-3.747210e+01	-1.642493e+02
7.090000e-06	-6.944778e-06	-1.441989e-09	-3.754351e+01	-1.645260e+02
7.100000e-06	-6.957380e-06	-1.443743e-09	-3.761163e+01	-1.647930e+02
7.110000e-06	-6.969477e-06	-1.445838e-09	-3.767703e+01	-1.650499e+02
7.120000e-06	-6.981079e-06	-1.448394e-09	-3.773975e+01	-1.652962e+02
7.130000e-06	-6.992171e-06	-1.450897e-09	-3.779971e+01	-1.655317e+02
7.140000e-06	-7.002687e-06	-1.452579e-09	-3.785656e+01	-1.657558e+02
7.150000e-06	-7.012636e-06	-1.454290e-09	-3.791034e+01	-1.659684e+02
7.160000e-06	-7.022040e-06	-1.457133e-09	-3.796119e+01	-1.661690e+02
7.170000e-06	-7.030981e-06	-1.459177e-09	-3.800952e+01	-1.663574e+02
7.180000e-06	-7.039583e-06	-1.459886e-09	-3.805602e+01	-1.665334e+02
7.190000e-06	-7.047810e-06	-1.460806e-09	-3.810050e+01	-1.666967e+02
7.200000e-06	-7.055587e-06	-1.461777e-09	-3.814254e+01	-1.668473e+02
7.210000e-06	-7.062877e-06	-1.461689e-09	-3.818195e+01	-1.669850e+02
7.220000e-06	-7.069533e-06	-1.460815e-09	-3.821793e+01	-1.671098e+02
7.230000e-06	-7.075422e-06	-1.459816e-09	-3.824977e+01	-1.672216e+02
7.240000e-06	-7.080666e-06	-1.459338e-09	-3.827812e+01	-1.673205e+02
7.250000e-06	-7.085463e-06	-1.459289e-09	-3.830405e+01	-1.674065e+02
7.260000e-06	-7.089788e-06	-1.459022e-09	-3.832743e+01	-1.674799e+02
7.270000e-06	-7.093535e-06	-1.459583e-09	-3.834769e+01	-1.675407e+02
7.280000e-06	-7.096891e-06	-1.460345e-09	-3.836583e+01	-1.675893e+02
7.290000e-06	-7.099878e-06	-1.460138e-09	-3.838198e+01	-1.676259e+02
7.300000e-06	-7.102396e-06	-1.460178e-09	-3.839559e+01	-1.676508e+02
7.310000e-06	-7.104503e-06	-1.460407e-09	-3.840698e+01	-1.676645e+02
7.320000e-06	-7.106097e-06	-1.459792e-09	-3.841559e+01	-1.676673e+02
7.330000e-06	-7.107136e-06	-1.458403e-09	-3.842122e+01	-1.676597e+02
7.340000e-06	-7.107782e-06	-1.456677e-09	-3.842471e+01	-1.676421e+02
