# Temperatura_=_20.0
# Concentracion g/m^3_=_7400.0
# C_Vs_to_Am_M_A/Vsm_=_116720831517.84952
# pendiente_HvsI_1/m_=_3716.3
# ordenada_HvsI_A/m_=_1297.0
# frecuencia_Hz_=_136108.73176607833

Tiempo_(s)	Campo_(V.s)	Magnetizacion_(V.s)	Campo_(kA/m)	Magnetizacion_(A/m)
0.000000e+00	-7.132889e-06	-1.606641e-09	-3.843017e+01	-1.852825e+02
1.000000e-08	-7.133154e-06	-1.607082e-09	-3.843159e+01	-1.852790e+02
2.000000e-08	-7.132939e-06	-1.608228e-09	-3.843044e+01	-1.852663e+02
3.000000e-08	-7.132174e-06	-1.607975e-09	-3.842632e+01	-1.852444e+02
4.000000e-08	-7.130739e-06	-1.607410e-09	-3.841858e+01	-1.852138e+02
5.000000e-08	-7.128532e-06	-1.606937e-09	-3.840669e+01	-1.851746e+02
6.000000e-08	-7.125604e-06	-1.606138e-09	-3.839092e+01	-1.851269e+02
7.000000e-08	-7.122171e-06	-1.605403e-09	-3.837242e+01	-1.850711e+02
8.000000e-08	-7.118315e-06	-1.610025e-09	-3.835165e+01	-1.850074e+02
9.000000e-08	-7.114012e-06	-1.618769e-09	-3.832846e+01	-1.849359e+02
1.000000e-07	-7.109022e-06	-1.591240e-09	-3.830158e+01	-1.848569e+02
1.100000e-07	-7.103256e-06	-1.536662e-09	-3.827051e+01	-1.847705e+02
1.200000e-07	-7.097191e-06	-1.584646e-09	-3.823784e+01	-1.846772e+02
1.300000e-07	-7.091006e-06	-1.692118e-09	-3.820451e+01	-1.845771e+02
1.400000e-07	-7.084365e-06	-1.636885e-09	-3.816873e+01	-1.844704e+02
1.500000e-07	-7.076983e-06	-1.491049e-09	-3.812896e+01	-1.843576e+02
1.600000e-07	-7.069138e-06	-1.554536e-09	-3.808670e+01	-1.842389e+02
1.700000e-07	-7.061135e-06	-1.721408e-09	-3.804358e+01	-1.841146e+02
1.800000e-07	-7.052610e-06	-1.616012e-09	-3.799765e+01	-1.839852e+02
1.900000e-07	-7.043170e-06	-1.417435e-09	-3.794678e+01	-1.838509e+02
2.000000e-07	-7.033132e-06	-1.548917e-09	-3.789270e+01	-1.837121e+02
2.100000e-07	-7.022792e-06	-1.760713e-09	-3.783699e+01	-1.835693e+02
2.200000e-07	-7.011837e-06	-1.607048e-09	-3.777797e+01	-1.834228e+02
2.300000e-07	-7.000099e-06	-1.412583e-09	-3.771473e+01	-1.832730e+02
2.400000e-07	-6.987795e-06	-1.566525e-09	-3.764844e+01	-1.831202e+02
2.500000e-07	-6.975061e-06	-1.698342e-09	-3.757983e+01	-1.829649e+02
2.600000e-07	-6.961782e-06	-1.527896e-09	-3.750829e+01	-1.828074e+02
2.700000e-07	-6.947916e-06	-1.467001e-09	-3.743358e+01	-1.826479e+02
2.800000e-07	-6.933390e-06	-1.635393e-09	-3.735532e+01	-1.824867e+02
2.900000e-07	-6.917886e-06	-1.615577e-09	-3.727179e+01	-1.823241e+02
3.000000e-07	-6.901542e-06	-1.468929e-09	-3.718373e+01	-1.821601e+02
3.100000e-07	-6.884832e-06	-1.548750e-09	-3.709370e+01	-1.819950e+02
3.200000e-07	-6.867882e-06	-1.630351e-09	-3.700238e+01	-1.818286e+02
3.300000e-07	-6.850574e-06	-1.482070e-09	-3.690913e+01	-1.816611e+02
3.400000e-07	-6.832784e-06	-1.477435e-09	-3.681328e+01	-1.814922e+02
3.500000e-07	-6.814592e-06	-1.652794e-09	-3.671527e+01	-1.813220e+02
3.600000e-07	-6.795928e-06	-1.577517e-09	-3.661471e+01	-1.811500e+02
3.700000e-07	-6.776674e-06	-1.406674e-09	-3.651098e+01	-1.809760e+02
3.800000e-07	-6.756981e-06	-1.530206e-09	-3.640487e+01	-1.807997e+02
3.900000e-07	-6.737008e-06	-1.632143e-09	-3.629727e+01	-1.806205e+02
4.000000e-07	-6.716686e-06	-1.474173e-09	-3.618777e+01	-1.804381e+02
4.100000e-07	-6.695855e-06	-1.452367e-09	-3.607554e+01	-1.802518e+02
4.200000e-07	-6.674578e-06	-1.597473e-09	-3.596091e+01	-1.800611e+02
4.300000e-07	-6.652783e-06	-1.541960e-09	-3.584348e+01	-1.798654e+02
4.400000e-07	-6.630411e-06	-1.445407e-09	-3.572295e+01	-1.796641e+02
4.500000e-07	-6.607669e-06	-1.535914e-09	-3.560042e+01	-1.794565e+02
4.600000e-07	-6.584351e-06	-1.547484e-09	-3.547479e+01	-1.792420e+02
4.700000e-07	-6.560635e-06	-1.449469e-09	-3.534701e+01	-1.790199e+02
4.800000e-07	-6.536789e-06	-1.502064e-09	-3.521854e+01	-1.787896e+02
4.900000e-07	-6.512408e-06	-1.564069e-09	-3.508717e+01	-1.785506e+02
5.000000e-07	-6.487374e-06	-1.471614e-09	-3.495230e+01	-1.783024e+02
5.100000e-07	-6.461648e-06	-1.451846e-09	-3.481370e+01	-1.780444e+02
5.200000e-07	-6.435108e-06	-1.527560e-09	-3.467070e+01	-1.777763e+02
5.300000e-07	-6.407975e-06	-1.495974e-09	-3.452452e+01	-1.774977e+02
5.400000e-07	-6.380455e-06	-1.447778e-09	-3.437625e+01	-1.772083e+02
5.500000e-07	-6.352610e-06	-1.492361e-09	-3.422623e+01	-1.769079e+02
5.600000e-07	-6.324493e-06	-1.496689e-09	-3.407474e+01	-1.765964e+02
5.700000e-07	-6.296125e-06	-1.456555e-09	-3.392190e+01	-1.762738e+02
5.800000e-07	-6.267319e-06	-1.470934e-09	-3.376670e+01	-1.759402e+02
5.900000e-07	-6.237869e-06	-1.481363e-09	-3.360803e+01	-1.755955e+02
6.000000e-07	-6.207948e-06	-1.453408e-09	-3.344682e+01	-1.752400e+02
6.100000e-07	-6.177701e-06	-1.455780e-09	-3.328386e+01	-1.748740e+02
6.200000e-07	-6.147043e-06	-1.470445e-09	-3.311869e+01	-1.744977e+02
6.300000e-07	-6.115939e-06	-1.457841e-09	-3.295110e+01	-1.741115e+02
6.400000e-07	-6.084489e-06	-1.448341e-09	-3.278166e+01	-1.737158e+02
6.500000e-07	-6.052658e-06	-1.448009e-09	-3.261016e+01	-1.733110e+02
6.600000e-07	-6.020505e-06	-1.441349e-09	-3.243693e+01	-1.728975e+02
6.700000e-07	-5.987983e-06	-1.437881e-09	-3.226171e+01	-1.724758e+02
6.800000e-07	-5.954756e-06	-1.435610e-09	-3.208269e+01	-1.720463e+02
6.900000e-07	-5.920844e-06	-1.430525e-09	-3.189998e+01	-1.716093e+02
7.000000e-07	-5.886373e-06	-1.428673e-09	-3.171426e+01	-1.711653e+02
7.100000e-07	-5.851413e-06	-1.422329e-09	-3.152591e+01	-1.707146e+02
7.200000e-07	-5.816026e-06	-1.414818e-09	-3.133525e+01	-1.702575e+02
7.300000e-07	-5.780301e-06	-1.415846e-09	-3.114278e+01	-1.697942e+02
7.400000e-07	-5.744353e-06	-1.411393e-09	-3.094909e+01	-1.693249e+02
7.500000e-07	-5.708172e-06	-1.401087e-09	-3.075416e+01	-1.688497e+02
7.600000e-07	-5.671533e-06	-1.401192e-09	-3.055676e+01	-1.683686e+02
7.700000e-07	-5.634437e-06	-1.402137e-09	-3.035689e+01	-1.678816e+02
7.800000e-07	-5.596993e-06	-1.393481e-09	-3.015515e+01	-1.673887e+02
7.900000e-07	-5.558974e-06	-1.385428e-09	-2.995032e+01	-1.668896e+02
8.000000e-07	-5.520415e-06	-1.380230e-09	-2.974258e+01	-1.663841e+02
8.100000e-07	-5.481505e-06	-1.373415e-09	-2.953294e+01	-1.658721e+02
8.200000e-07	-5.442115e-06	-1.368836e-09	-2.932071e+01	-1.653531e+02
8.300000e-07	-5.402448e-06	-1.365105e-09	-2.910700e+01	-1.648268e+02
8.400000e-07	-5.362722e-06	-1.359026e-09	-2.889297e+01	-1.642928e+02
8.500000e-07	-5.322705e-06	-1.352585e-09	-2.867736e+01	-1.637509e+02
8.600000e-07	-5.282242e-06	-1.348415e-09	-2.845936e+01	-1.632004e+02
8.700000e-07	-5.241291e-06	-1.344253e-09	-2.823873e+01	-1.626412e+02
8.800000e-07	-5.199865e-06	-1.337682e-09	-2.801553e+01	-1.620728e+02
8.900000e-07	-5.157836e-06	-1.328592e-09	-2.778909e+01	-1.614949e+02
9.000000e-07	-5.115243e-06	-1.320417e-09	-2.755961e+01	-1.609072e+02
9.100000e-07	-5.072209e-06	-1.315394e-09	-2.732776e+01	-1.603094e+02
9.200000e-07	-5.028801e-06	-1.310648e-09	-2.709388e+01	-1.597013e+02
9.300000e-07	-4.985032e-06	-1.304162e-09	-2.685807e+01	-1.590828e+02
9.400000e-07	-4.940945e-06	-1.296625e-09	-2.662054e+01	-1.584537e+02
9.500000e-07	-4.896620e-06	-1.289612e-09	-2.638173e+01	-1.578142e+02
9.600000e-07	-4.852028e-06	-1.284476e-09	-2.614147e+01	-1.571641e+02
9.700000e-07	-4.807215e-06	-1.278990e-09	-2.590004e+01	-1.565037e+02
9.800000e-07	-4.762073e-06	-1.272533e-09	-2.565682e+01	-1.558330e+02
9.900000e-07	-4.716520e-06	-1.266069e-09	-2.541139e+01	-1.551523e+02
1.000000e-06	-4.670650e-06	-1.259499e-09	-2.516426e+01	-1.544619e+02
1.010000e-06	-4.624332e-06	-1.253722e-09	-2.491471e+01	-1.537619e+02
1.020000e-06	-4.577640e-06	-1.247799e-09	-2.466315e+01	-1.530528e+02
1.030000e-06	-4.530677e-06	-1.240215e-09	-2.441012e+01	-1.523347e+02
1.040000e-06	-4.483440e-06	-1.232269e-09	-2.415562e+01	-1.516081e+02
1.050000e-06	-4.435989e-06	-1.227075e-09	-2.389997e+01	-1.508733e+02
1.060000e-06	-4.388351e-06	-1.222593e-09	-2.364330e+01	-1.501304e+02
1.070000e-06	-4.340442e-06	-1.217023e-09	-2.338518e+01	-1.493798e+02
1.080000e-06	-4.292112e-06	-1.210572e-09	-2.312479e+01	-1.486215e+02
1.090000e-06	-4.243335e-06	-1.203572e-09	-2.286200e+01	-1.478558e+02
1.100000e-06	-4.194174e-06	-1.196866e-09	-2.259713e+01	-1.470825e+02
1.110000e-06	-4.144738e-06	-1.190679e-09	-2.233078e+01	-1.463018e+02
1.120000e-06	-4.094968e-06	-1.183758e-09	-2.206263e+01	-1.455133e+02
1.130000e-06	-4.044756e-06	-1.176253e-09	-2.179210e+01	-1.447168e+02
1.140000e-06	-3.993954e-06	-1.169455e-09	-2.151840e+01	-1.439120e+02
1.150000e-06	-3.942736e-06	-1.163442e-09	-2.124245e+01	-1.430985e+02
1.160000e-06	-3.891311e-06	-1.157230e-09	-2.096538e+01	-1.422757e+02
1.170000e-06	-3.839641e-06	-1.149518e-09	-2.068700e+01	-1.414429e+02
1.180000e-06	-3.787731e-06	-1.141832e-09	-2.040732e+01	-1.405994e+02
1.190000e-06	-3.735488e-06	-1.135236e-09	-2.012585e+01	-1.397445e+02
1.200000e-06	-3.682977e-06	-1.128352e-09	-1.984293e+01	-1.388772e+02
1.210000e-06	-3.630213e-06	-1.121057e-09	-1.955865e+01	-1.379966e+02
1.220000e-06	-3.577054e-06	-1.113347e-09	-1.927224e+01	-1.371017e+02
1.230000e-06	-3.523600e-06	-1.106211e-09	-1.898425e+01	-1.361917e+02
1.240000e-06	-3.469928e-06	-1.098789e-09	-1.869508e+01	-1.352656e+02
1.250000e-06	-3.415985e-06	-1.091677e-09	-1.840445e+01	-1.343222e+02
1.260000e-06	-3.361839e-06	-1.085614e-09	-1.811273e+01	-1.333609e+02
1.270000e-06	-3.307329e-06	-1.076067e-09	-1.781904e+01	-1.323807e+02
1.280000e-06	-3.252516e-06	-1.064680e-09	-1.752372e+01	-1.313808e+02
1.290000e-06	-3.197571e-06	-1.055864e-09	-1.722769e+01	-1.303605e+02
1.300000e-06	-3.142484e-06	-1.047612e-09	-1.693089e+01	-1.293193e+02
1.310000e-06	-3.087280e-06	-1.037558e-09	-1.663347e+01	-1.282566e+02
1.320000e-06	-3.031862e-06	-1.028738e-09	-1.633489e+01	-1.271721e+02
1.330000e-06	-2.976254e-06	-1.021620e-09	-1.603529e+01	-1.260656e+02
1.340000e-06	-2.920607e-06	-1.012411e-09	-1.573548e+01	-1.249370e+02
1.350000e-06	-2.864874e-06	-1.002207e-09	-1.543521e+01	-1.237864e+02
1.360000e-06	-2.808975e-06	-9.932512e-10	-1.513403e+01	-1.226139e+02
1.370000e-06	-2.752926e-06	-9.840963e-10	-1.483205e+01	-1.214200e+02
1.380000e-06	-2.696645e-06	-9.750701e-10	-1.452883e+01	-1.202049e+02
1.390000e-06	-2.640142e-06	-9.663236e-10	-1.422440e+01	-1.189694e+02
1.400000e-06	-2.583455e-06	-9.565610e-10	-1.391899e+01	-1.177140e+02
1.410000e-06	-2.526528e-06	-9.449282e-10	-1.361228e+01	-1.164395e+02
1.420000e-06	-2.469247e-06	-9.339510e-10	-1.330367e+01	-1.151467e+02
1.430000e-06	-2.411635e-06	-9.246074e-10	-1.299327e+01	-1.138364e+02
1.440000e-06	-2.353798e-06	-9.142670e-10	-1.268166e+01	-1.125094e+02
1.450000e-06	-2.295716e-06	-9.027485e-10	-1.236872e+01	-1.111666e+02
1.460000e-06	-2.237411e-06	-8.908257e-10	-1.205460e+01	-1.098086e+02
1.470000e-06	-2.178896e-06	-8.784450e-10	-1.173933e+01	-1.084363e+02
1.480000e-06	-2.120098e-06	-8.663057e-10	-1.142254e+01	-1.070502e+02
1.490000e-06	-2.061070e-06	-8.546756e-10	-1.110451e+01	-1.056509e+02
1.500000e-06	-2.001876e-06	-8.426157e-10	-1.078559e+01	-1.042386e+02
1.510000e-06	-1.942549e-06	-8.300084e-10	-1.046595e+01	-1.028136e+02
1.520000e-06	-1.883056e-06	-8.178950e-10	-1.014542e+01	-1.013758e+02
1.530000e-06	-1.823365e-06	-8.069686e-10	-9.823819e+00	-9.992501e+01
1.540000e-06	-1.763614e-06	-7.947039e-10	-9.501895e+00	-9.846089e+01
1.550000e-06	-1.703885e-06	-7.805894e-10	-9.180094e+00	-9.698276e+01
1.560000e-06	-1.644097e-06	-7.671758e-10	-8.857969e+00	-9.548976e+01
1.570000e-06	-1.584164e-06	-7.555350e-10	-8.535065e+00	-9.398081e+01
1.580000e-06	-1.524184e-06	-7.444500e-10	-8.211912e+00	-9.245459e+01
1.590000e-06	-1.464191e-06	-7.312835e-10	-7.888684e+00	-9.090959e+01
1.600000e-06	-1.404088e-06	-7.170556e-10	-7.564862e+00	-8.934409e+01
1.610000e-06	-1.343908e-06	-7.035871e-10	-7.240628e+00	-8.775617e+01
1.620000e-06	-1.283672e-06	-6.897907e-10	-6.916092e+00	-8.614379e+01
1.630000e-06	-1.223444e-06	-6.759726e-10	-6.591601e+00	-8.450474e+01
1.640000e-06	-1.163162e-06	-6.622099e-10	-6.266819e+00	-8.283670e+01
1.650000e-06	-1.102787e-06	-6.479002e-10	-5.941532e+00	-8.113730e+01
1.660000e-06	-1.042375e-06	-6.336392e-10	-5.616048e+00	-7.940409e+01
1.670000e-06	-9.818818e-07	-6.204535e-10	-5.290126e+00	-7.763466e+01
1.680000e-06	-9.213078e-07	-6.065184e-10	-4.963769e+00	-7.582658e+01
1.690000e-06	-8.607527e-07	-5.899804e-10	-4.637514e+00	-7.397752e+01
1.700000e-06	-8.001707e-07	-5.743182e-10	-4.311114e+00	-7.208524e+01
1.710000e-06	-7.394163e-07	-5.608151e-10	-3.983784e+00	-7.014765e+01
1.720000e-06	-6.784830e-07	-5.466112e-10	-3.655492e+00	-6.816281e+01
1.730000e-06	-6.175289e-07	-5.312033e-10	-3.327087e+00	-6.612904e+01
1.740000e-06	-5.565869e-07	-5.150296e-10	-2.998747e+00	-6.404485e+01
1.750000e-06	-4.955596e-07	-4.981967e-10	-2.669947e+00	-6.190905e+01
1.760000e-06	-4.345555e-07	-4.804723e-10	-2.341273e+00	-5.972074e+01
1.770000e-06	-3.735502e-07	-4.623436e-10	-2.012592e+00	-5.747933e+01
1.780000e-06	-3.123566e-07	-4.440126e-10	-1.682897e+00	-5.518458e+01
1.790000e-06	-2.510846e-07	-4.249452e-10	-1.352779e+00	-5.283658e+01
1.800000e-06	-1.899990e-07	-4.054542e-10	-1.023666e+00	-5.043578e+01
1.810000e-06	-1.289902e-07	-3.857649e-10	-6.949662e-01	-4.798299e+01
1.820000e-06	-6.788799e-08	-3.661186e-10	-3.657630e-01	-4.547938e+01
1.830000e-06	-6.803466e-09	-3.450038e-10	-3.665532e-02	-4.292647e+01
1.840000e-06	5.429090e-08	-3.224322e-10	2.925054e-01	-4.032613e+01
1.850000e-06	1.155020e-07	-3.007850e-10	6.222952e-01	-3.768053e+01
1.860000e-06	1.766576e-07	-2.804088e-10	9.517858e-01	-3.499218e+01
1.870000e-06	2.377323e-07	-2.597005e-10	1.280841e+00	-3.226386e+01
1.880000e-06	2.989660e-07	-2.371216e-10	1.610752e+00	-2.949860e+01
1.890000e-06	3.602424e-07	-2.129601e-10	1.940893e+00	-2.669968e+01
1.900000e-06	4.213671e-07	-1.891564e-10	2.270218e+00	-2.387058e+01
1.910000e-06	4.824493e-07	-1.651167e-10	2.599313e+00	-2.101492e+01
1.920000e-06	5.434769e-07	-1.415260e-10	2.928113e+00	-1.813648e+01
1.930000e-06	6.044653e-07	-1.188938e-10	3.256703e+00	-1.523914e+01
1.940000e-06	6.653279e-07	-9.557758e-11	3.584615e+00	-1.232683e+01
1.950000e-06	7.260545e-07	-7.102549e-11	3.911795e+00	-9.403498e+00
1.960000e-06	7.867568e-07	-4.586349e-11	4.238843e+00	-6.473110e+00
1.970000e-06	8.473873e-07	-2.085547e-11	4.565505e+00	-3.539577e+00
1.980000e-06	9.079683e-07	4.239544e-12	4.891899e+00	-6.067426e-01
1.990000e-06	9.685588e-07	2.866390e-11	5.218345e+00	2.321652e+00
2.000000e-06	1.029061e-06	5.175095e-11	5.544315e+00	5.241991e+00
2.010000e-06	1.089529e-06	7.446748e-11	5.870099e+00	8.150815e+00
2.020000e-06	1.149985e-06	9.762811e-11	6.195825e+00	1.104484e+01
2.030000e-06	1.210327e-06	1.209301e-10	6.520932e+00	1.392096e+01
2.040000e-06	1.270646e-06	1.437842e-10	6.845914e+00	1.677630e+01
2.050000e-06	1.330907e-06	1.663689e-10	7.170586e+00	1.960818e+01
2.060000e-06	1.391053e-06	1.886481e-10	7.494633e+00	2.241419e+01
2.070000e-06	1.451046e-06	2.100622e-10	7.817861e+00	2.519211e+01
2.080000e-06	1.511023e-06	2.312170e-10	8.141002e+00	2.793998e+01
2.090000e-06	1.571002e-06	2.526588e-10	8.464152e+00	3.065609e+01
2.100000e-06	1.630819e-06	2.736395e-10	8.786432e+00	3.333895e+01
2.110000e-06	1.690559e-06	2.945150e-10	9.108297e+00	3.598730e+01
2.120000e-06	1.750292e-06	3.161826e-10	9.430123e+00	3.860013e+01
2.130000e-06	1.809953e-06	3.379080e-10	9.751560e+00	4.117661e+01
2.140000e-06	1.869554e-06	3.589124e-10	1.007268e+01	4.371614e+01
2.150000e-06	1.929067e-06	3.780691e-10	1.039332e+01	4.621831e+01
2.160000e-06	1.988379e-06	3.973143e-10	1.071287e+01	4.868287e+01
2.170000e-06	2.047530e-06	4.177660e-10	1.103156e+01	5.110976e+01
2.180000e-06	2.106558e-06	4.370618e-10	1.134959e+01	5.349905e+01
2.190000e-06	2.165408e-06	4.553241e-10	1.166666e+01	5.585097e+01
2.200000e-06	2.224044e-06	4.736780e-10	1.198258e+01	5.816584e+01
2.210000e-06	2.282492e-06	4.916876e-10	1.229748e+01	6.044411e+01
2.220000e-06	2.340763e-06	5.092797e-10	1.261143e+01	6.268630e+01
2.230000e-06	2.398571e-06	5.270748e-10	1.292288e+01	6.489302e+01
2.240000e-06	2.455822e-06	5.458983e-10	1.323134e+01	6.706495e+01
2.250000e-06	2.512844e-06	5.647767e-10	1.353855e+01	6.920280e+01
2.260000e-06	2.569667e-06	5.820375e-10	1.384470e+01	7.130733e+01
2.270000e-06	2.626121e-06	5.981363e-10	1.414886e+01	7.337934e+01
2.280000e-06	2.682335e-06	6.133102e-10	1.445173e+01	7.541962e+01
2.290000e-06	2.738468e-06	6.275831e-10	1.475416e+01	7.742898e+01
2.300000e-06	2.794464e-06	6.422212e-10	1.505585e+01	7.940824e+01
2.310000e-06	2.850273e-06	6.586661e-10	1.535654e+01	8.135820e+01
2.320000e-06	2.905892e-06	6.764248e-10	1.565620e+01	8.327965e+01
2.330000e-06	2.961381e-06	6.945861e-10	1.595516e+01	8.517335e+01
2.340000e-06	3.016821e-06	7.116487e-10	1.625386e+01	8.704005e+01
2.350000e-06	3.072255e-06	7.263308e-10	1.655252e+01	8.888047e+01
2.360000e-06	3.127479e-06	7.389591e-10	1.685005e+01	9.069527e+01
2.370000e-06	3.182261e-06	7.502170e-10	1.714520e+01	9.248512e+01
2.380000e-06	3.236792e-06	7.611962e-10	1.743900e+01	9.425061e+01
2.390000e-06	3.291172e-06	7.742363e-10	1.773199e+01	9.599230e+01
2.400000e-06	3.345398e-06	7.901424e-10	1.802414e+01	9.771072e+01
2.410000e-06	3.399391e-06	8.059922e-10	1.831505e+01	9.940634e+01
2.420000e-06	3.453196e-06	8.210792e-10	1.860493e+01	1.010796e+02
2.430000e-06	3.506820e-06	8.352245e-10	1.889384e+01	1.027309e+02
2.440000e-06	3.560123e-06	8.480388e-10	1.918103e+01	1.043605e+02
2.450000e-06	3.613172e-06	8.607088e-10	1.946684e+01	1.059689e+02
2.460000e-06	3.665975e-06	8.731584e-10	1.975133e+01	1.075561e+02
2.470000e-06	3.718428e-06	8.854733e-10	2.003393e+01	1.091225e+02
2.480000e-06	3.770622e-06	8.972573e-10	2.031514e+01	1.106682e+02
2.490000e-06	3.822579e-06	9.089374e-10	2.059507e+01	1.121933e+02
2.500000e-06	3.874240e-06	9.216074e-10	2.087341e+01	1.136979e+02
2.510000e-06	3.925622e-06	9.343496e-10	2.115024e+01	1.151822e+02
2.520000e-06	3.976660e-06	9.462750e-10	2.142522e+01	1.166460e+02
2.530000e-06	4.027177e-06	9.572972e-10	2.169739e+01	1.180895e+02
2.540000e-06	4.077078e-06	9.678122e-10	2.196625e+01	1.195125e+02
2.550000e-06	4.126518e-06	9.781233e-10	2.223262e+01	1.209151e+02
2.560000e-06	4.175555e-06	9.879582e-10	2.249682e+01	1.222971e+02
2.570000e-06	4.224101e-06	9.975282e-10	2.275837e+01	1.236585e+02
2.580000e-06	4.272246e-06	1.007323e-09	2.301776e+01	1.249992e+02
2.590000e-06	4.320156e-06	1.017877e-09	2.327589e+01	1.263191e+02
2.600000e-06	4.367917e-06	1.029437e-09	2.353321e+01	1.276182e+02
2.610000e-06	4.415511e-06	1.040193e-09	2.378963e+01	1.288962e+02
2.620000e-06	4.462819e-06	1.049292e-09	2.404452e+01	1.301531e+02
2.630000e-06	4.509830e-06	1.057747e-09	2.429780e+01	1.313889e+02
2.640000e-06	4.556523e-06	1.066673e-09	2.454937e+01	1.326036e+02
2.650000e-06	4.602881e-06	1.076699e-09	2.479914e+01	1.337970e+02
2.660000e-06	4.648841e-06	1.087090e-09	2.504676e+01	1.349691e+02
2.670000e-06	4.694496e-06	1.095605e-09	2.529274e+01	1.361201e+02
2.680000e-06	4.739906e-06	1.102095e-09	2.553739e+01	1.372499e+02
2.690000e-06	4.784906e-06	1.108960e-09	2.577984e+01	1.383586e+02
2.700000e-06	4.829598e-06	1.116348e-09	2.602063e+01	1.394463e+02
2.710000e-06	4.874066e-06	1.124062e-09	2.626021e+01	1.405132e+02
2.720000e-06	4.918145e-06	1.133184e-09	2.649770e+01	1.415594e+02
2.730000e-06	4.961937e-06	1.143948e-09	2.673364e+01	1.425852e+02
2.740000e-06	5.005612e-06	1.155185e-09	2.696895e+01	1.435907e+02
2.750000e-06	5.049061e-06	1.165069e-09	2.720304e+01	1.445761e+02
2.760000e-06	5.092169e-06	1.172689e-09	2.743529e+01	1.455419e+02
2.770000e-06	5.134948e-06	1.178346e-09	2.766578e+01	1.464882e+02
2.780000e-06	5.177041e-06	1.184797e-09	2.789256e+01	1.474154e+02
2.790000e-06	5.218252e-06	1.194094e-09	2.811460e+01	1.483239e+02
2.800000e-06	5.258835e-06	1.204370e-09	2.833325e+01	1.492138e+02
2.810000e-06	5.298986e-06	1.213590e-09	2.854957e+01	1.500857e+02
2.820000e-06	5.338845e-06	1.221056e-09	2.876432e+01	1.509398e+02
2.830000e-06	5.378487e-06	1.227837e-09	2.897790e+01	1.517765e+02
2.840000e-06	5.417990e-06	1.235332e-09	2.919074e+01	1.525961e+02
2.850000e-06	5.457190e-06	1.242662e-09	2.940193e+01	1.533990e+02
2.860000e-06	5.495978e-06	1.248858e-09	2.961091e+01	1.541854e+02
2.870000e-06	5.534388e-06	1.254485e-09	2.981786e+01	1.549558e+02
2.880000e-06	5.572388e-06	1.260536e-09	3.002259e+01	1.557104e+02
2.890000e-06	5.609997e-06	1.267613e-09	3.022522e+01	1.564496e+02
2.900000e-06	5.647166e-06	1.274646e-09	3.042547e+01	1.571735e+02
2.910000e-06	5.683869e-06	1.281046e-09	3.062322e+01	1.578825e+02
2.920000e-06	5.720197e-06	1.288113e-09	3.081895e+01	1.585768e+02
2.930000e-06	5.756201e-06	1.296706e-09	3.101293e+01	1.592568e+02
2.940000e-06	5.791984e-06	1.305230e-09	3.120572e+01	1.599225e+02
2.950000e-06	5.827588e-06	1.310835e-09	3.139754e+01	1.605744e+02
2.960000e-06	5.862902e-06	1.314201e-09	3.158781e+01	1.612126e+02
2.970000e-06	5.897704e-06	1.318674e-09	3.177531e+01	1.618374e+02
2.980000e-06	5.931950e-06	1.325015e-09	3.195982e+01	1.624490e+02
2.990000e-06	5.965374e-06	1.331111e-09	3.213990e+01	1.630478e+02
3.000000e-06	5.997875e-06	1.337563e-09	3.231501e+01	1.636340e+02
3.010000e-06	6.029896e-06	1.344266e-09	3.248753e+01	1.642079e+02
3.020000e-06	6.061701e-06	1.349508e-09	3.265888e+01	1.647698e+02
3.030000e-06	6.093318e-06	1.355711e-09	3.282923e+01	1.653201e+02
3.040000e-06	6.124641e-06	1.362622e-09	3.299799e+01	1.658591e+02
3.050000e-06	6.155561e-06	1.368178e-09	3.316458e+01	1.663873e+02
3.060000e-06	6.186066e-06	1.374455e-09	3.332893e+01	1.669051e+02
3.070000e-06	6.216057e-06	1.380747e-09	3.349051e+01	1.674128e+02
3.080000e-06	6.245521e-06	1.385175e-09	3.364926e+01	1.679111e+02
3.090000e-06	6.274637e-06	1.389039e-09	3.380613e+01	1.684003e+02
3.100000e-06	6.303363e-06	1.393480e-09	3.396090e+01	1.688810e+02
3.110000e-06	6.331595e-06	1.398351e-09	3.411300e+01	1.693537e+02
3.120000e-06	6.359451e-06	1.402824e-09	3.426308e+01	1.698189e+02
3.130000e-06	6.387160e-06	1.408380e-09	3.441237e+01	1.702773e+02
3.140000e-06	6.414678e-06	1.413788e-09	3.456063e+01	1.707292e+02
3.150000e-06	6.441733e-06	1.417229e-09	3.470640e+01	1.711753e+02
3.160000e-06	6.468101e-06	1.421208e-09	3.484846e+01	1.716160e+02
3.170000e-06	6.493591e-06	1.424808e-09	3.498579e+01	1.720518e+02
3.180000e-06	6.518269e-06	1.428143e-09	3.511876e+01	1.724833e+02
3.190000e-06	6.542376e-06	1.431977e-09	3.524863e+01	1.729107e+02
3.200000e-06	6.566099e-06	1.434900e-09	3.537645e+01	1.733345e+02
3.210000e-06	6.589611e-06	1.438306e-09	3.550312e+01	1.737549e+02
3.220000e-06	6.612809e-06	1.442818e-09	3.562811e+01	1.741723e+02
3.230000e-06	6.635465e-06	1.447193e-09	3.575018e+01	1.745868e+02
3.240000e-06	6.657619e-06	1.450156e-09	3.586954e+01	1.749986e+02
3.250000e-06	6.679291e-06	1.452657e-09	3.598630e+01	1.754077e+02
3.260000e-06	6.700424e-06	1.455142e-09	3.610016e+01	1.758141e+02
3.270000e-06	6.721071e-06	1.457936e-09	3.621140e+01	1.762177e+02
3.280000e-06	6.741261e-06	1.460633e-09	3.632018e+01	1.766184e+02
3.290000e-06	6.761140e-06	1.463819e-09	3.642728e+01	1.770158e+02
3.300000e-06	6.780784e-06	1.468918e-09	3.653312e+01	1.774098e+02
3.310000e-06	6.800107e-06	1.473451e-09	3.663723e+01	1.777998e+02
3.320000e-06	6.818879e-06	1.477240e-09	3.673836e+01	1.781856e+02
3.330000e-06	6.836957e-06	1.480437e-09	3.683576e+01	1.785666e+02
3.340000e-06	6.854358e-06	1.481995e-09	3.692952e+01	1.789423e+02
3.350000e-06	6.871386e-06	1.483409e-09	3.702126e+01	1.793120e+02
3.360000e-06	6.888130e-06	1.487277e-09	3.711147e+01	1.796753e+02
3.370000e-06	6.904429e-06	1.491726e-09	3.719928e+01	1.800315e+02
3.380000e-06	6.920178e-06	1.495094e-09	3.728414e+01	1.803799e+02
3.390000e-06	6.935202e-06	1.498156e-09	3.736508e+01	1.807199e+02
3.400000e-06	6.949574e-06	1.501919e-09	3.744251e+01	1.810509e+02
3.410000e-06	6.963445e-06	1.508001e-09	3.751725e+01	1.813723e+02
3.420000e-06	6.976875e-06	1.513472e-09	3.758960e+01	1.816835e+02
3.430000e-06	6.989900e-06	1.516448e-09	3.765978e+01	1.819839e+02
3.440000e-06	7.002453e-06	1.518834e-09	3.772741e+01	1.822731e+02
3.450000e-06	7.014393e-06	1.521914e-09	3.779174e+01	1.825505e+02
3.460000e-06	7.025858e-06	1.525774e-09	3.785352e+01	1.828157e+02
3.470000e-06	7.037037e-06	1.529595e-09	3.791374e+01	1.830685e+02
3.480000e-06	7.047435e-06	1.532438e-09	3.796977e+01	1.833085e+02
3.490000e-06	7.056711e-06	1.534723e-09	3.801974e+01	1.835354e+02
3.500000e-06	7.065156e-06	1.538209e-09	3.806524e+01	1.837492e+02
3.510000e-06	7.073059e-06	1.542915e-09	3.810782e+01	1.839497e+02
3.520000e-06	7.080619e-06	1.546593e-09	3.814855e+01	1.841368e+02
3.530000e-06	7.087920e-06	1.548806e-09	3.818789e+01	1.843106e+02
3.540000e-06	7.094817e-06	1.551128e-09	3.822505e+01	1.844712e+02
3.550000e-06	7.101129e-06	1.554725e-09	3.825905e+01	1.846186e+02
3.560000e-06	7.106978e-06	1.558134e-09	3.829057e+01	1.847531e+02
3.570000e-06	7.112400e-06	1.560180e-09	3.831978e+01	1.848747e+02
3.580000e-06	7.117139e-06	1.561563e-09	3.834531e+01	1.849839e+02
3.590000e-06	7.121337e-06	1.563640e-09	3.836793e+01	1.850807e+02
3.600000e-06	7.125239e-06	1.567904e-09	3.838895e+01	1.851656e+02
3.610000e-06	7.128850e-06	1.571230e-09	3.840841e+01	1.852387e+02
3.620000e-06	7.132161e-06	1.571887e-09	3.842625e+01	1.853005e+02
3.630000e-06	7.135006e-06	1.572818e-09	3.844157e+01	1.853512e+02
3.640000e-06	7.137049e-06	1.574187e-09	3.845258e+01	1.853910e+02
3.650000e-06	7.138098e-06	1.575110e-09	3.845823e+01	1.854204e+02
3.660000e-06	7.138426e-06	1.576531e-09	3.846000e+01	1.854397e+02
3.670000e-06	7.138335e-06	1.577874e-09	3.845951e+01	1.854490e+02
3.680000e-06	7.137940e-06	1.577912e-09	3.845738e+01	1.854486e+02
3.690000e-06	7.137114e-06	1.577380e-09	3.845293e+01	1.854389e+02
3.700000e-06	7.135730e-06	1.578526e-09	3.844548e+01	1.854201e+02
3.710000e-06	7.133938e-06	1.580667e-09	3.843582e+01	1.853924e+02
3.720000e-06	7.131787e-06	1.581136e-09	3.842423e+01	1.853560e+02
3.730000e-06	7.129142e-06	1.580959e-09	3.840998e+01	1.853111e+02
3.740000e-06	7.126008e-06	1.579936e-09	3.839310e+01	1.852580e+02
3.750000e-06	7.122430e-06	1.566095e-09	3.837382e+01	1.851969e+02
3.760000e-06	7.118377e-06	1.559738e-09	3.835198e+01	1.851280e+02
3.770000e-06	7.113638e-06	1.625847e-09	3.832645e+01	1.850515e+02
3.780000e-06	7.107990e-06	1.672682e-09	3.829602e+01	1.849676e+02
3.790000e-06	7.101753e-06	1.535846e-09	3.826242e+01	1.848765e+02
3.800000e-06	7.095462e-06	1.455814e-09	3.822852e+01	1.847786e+02
3.810000e-06	7.088958e-06	1.614945e-09	3.819348e+01	1.846741e+02
3.820000e-06	7.081609e-06	1.711678e-09	3.815388e+01	1.845633e+02
3.830000e-06	7.073439e-06	1.533111e-09	3.810987e+01	1.844466e+02
3.840000e-06	7.064947e-06	1.419235e-09	3.806412e+01	1.843241e+02
3.850000e-06	7.056119e-06	1.649421e-09	3.801655e+01	1.841963e+02
3.860000e-06	7.046673e-06	1.777951e-09	3.796566e+01	1.840636e+02
3.870000e-06	7.036655e-06	1.493661e-09	3.791168e+01	1.839263e+02
3.880000e-06	7.026350e-06	1.344830e-09	3.785616e+01	1.837848e+02
3.890000e-06	7.015712e-06	1.657177e-09	3.779885e+01	1.836395e+02
3.900000e-06	7.004468e-06	1.789352e-09	3.773827e+01	1.834907e+02
3.910000e-06	6.992583e-06	1.471872e-09	3.767424e+01	1.833390e+02
3.920000e-06	6.980218e-06	1.399843e-09	3.760762e+01	1.831845e+02
3.930000e-06	6.967198e-06	1.726825e-09	3.753747e+01	1.830276e+02
3.940000e-06	6.953251e-06	1.707383e-09	3.746233e+01	1.828688e+02
3.950000e-06	6.938635e-06	1.387655e-09	3.738358e+01	1.827081e+02
3.960000e-06	6.923612e-06	1.496940e-09	3.730264e+01	1.825460e+02
3.970000e-06	6.907962e-06	1.774558e-09	3.721832e+01	1.823824e+02
3.980000e-06	6.891770e-06	1.585959e-09	3.713108e+01	1.822177e+02
3.990000e-06	6.875237e-06	1.397999e-09	3.704201e+01	1.820517e+02
4.000000e-06	6.858223e-06	1.655272e-09	3.695034e+01	1.818846e+02
4.010000e-06	6.840613e-06	1.709104e-09	3.685546e+01	1.817162e+02
4.020000e-06	6.822537e-06	1.412876e-09	3.675807e+01	1.815464e+02
4.030000e-06	6.804168e-06	1.489379e-09	3.665910e+01	1.813751e+02
4.040000e-06	6.785346e-06	1.760821e-09	3.655770e+01	1.812018e+02
4.050000e-06	6.765967e-06	1.579689e-09	3.645329e+01	1.810263e+02
4.060000e-06	6.746169e-06	1.400779e-09	3.634662e+01	1.808481e+02
4.070000e-06	6.726020e-06	1.643244e-09	3.623806e+01	1.806668e+02
4.080000e-06	6.705528e-06	1.683851e-09	3.612766e+01	1.804819e+02
4.090000e-06	6.684743e-06	1.436152e-09	3.601567e+01	1.802928e+02
4.100000e-06	6.663395e-06	1.523801e-09	3.590065e+01	1.800988e+02
4.110000e-06	6.641094e-06	1.700707e-09	3.578050e+01	1.798995e+02
4.120000e-06	6.617847e-06	1.532804e-09	3.565525e+01	1.796940e+02
4.130000e-06	6.594032e-06	1.473662e-09	3.552694e+01	1.794819e+02
4.140000e-06	6.569921e-06	1.649120e-09	3.539704e+01	1.792624e+02
4.150000e-06	6.545483e-06	1.586682e-09	3.526537e+01	1.790349e+02
4.160000e-06	6.520693e-06	1.462399e-09	3.513181e+01	1.787989e+02
4.170000e-06	6.495514e-06	1.591162e-09	3.499616e+01	1.785538e+02
4.180000e-06	6.469903e-06	1.627789e-09	3.485817e+01	1.782991e+02
4.190000e-06	6.443823e-06	1.503258e-09	3.471766e+01	1.780344e+02
4.200000e-06	6.417131e-06	1.542746e-09	3.457385e+01	1.777594e+02
4.210000e-06	6.389909e-06	1.605556e-09	3.442718e+01	1.774736e+02
4.220000e-06	6.362286e-06	1.524683e-09	3.427836e+01	1.771769e+02
4.230000e-06	6.334309e-06	1.520540e-09	3.412762e+01	1.768691e+02
4.240000e-06	6.306054e-06	1.582988e-09	3.397540e+01	1.765502e+02
4.250000e-06	6.277492e-06	1.551340e-09	3.382151e+01	1.762202e+02
4.260000e-06	6.248468e-06	1.530347e-09	3.366514e+01	1.758792e+02
4.270000e-06	6.218928e-06	1.562518e-09	3.350598e+01	1.755273e+02
4.280000e-06	6.188807e-06	1.549695e-09	3.334370e+01	1.751648e+02
4.290000e-06	6.157956e-06	1.529799e-09	3.317748e+01	1.747919e+02
4.300000e-06	6.126410e-06	1.535852e-09	3.300752e+01	1.744090e+02
4.310000e-06	6.094327e-06	1.532788e-09	3.283466e+01	1.740164e+02
4.320000e-06	6.061819e-06	1.535438e-09	3.265952e+01	1.736146e+02
4.330000e-06	6.028938e-06	1.534432e-09	3.248237e+01	1.732039e+02
4.340000e-06	5.995821e-06	1.519242e-09	3.230394e+01	1.727849e+02
4.350000e-06	5.962330e-06	1.525477e-09	3.212350e+01	1.723580e+02
4.360000e-06	5.928353e-06	1.527789e-09	3.194044e+01	1.719234e+02
4.370000e-06	5.893994e-06	1.510159e-09	3.175532e+01	1.714818e+02
4.380000e-06	5.859193e-06	1.518646e-09	3.156782e+01	1.710333e+02
4.390000e-06	5.823921e-06	1.525648e-09	3.137779e+01	1.705783e+02
4.400000e-06	5.788292e-06	1.501767e-09	3.118582e+01	1.701170e+02
4.410000e-06	5.752378e-06	1.500565e-09	3.099233e+01	1.696497e+02
4.420000e-06	5.716195e-06	1.513819e-09	3.079739e+01	1.691764e+02
4.430000e-06	5.679738e-06	1.498205e-09	3.060096e+01	1.686973e+02
4.440000e-06	5.642882e-06	1.487681e-09	3.040239e+01	1.682123e+02
4.450000e-06	5.605494e-06	1.496840e-09	3.020096e+01	1.677214e+02
4.460000e-06	5.567643e-06	1.494681e-09	2.999703e+01	1.672244e+02
4.470000e-06	5.529285e-06	1.485801e-09	2.979036e+01	1.667211e+02
4.480000e-06	5.490174e-06	1.483550e-09	2.957965e+01	1.662112e+02
4.490000e-06	5.450466e-06	1.478778e-09	2.936571e+01	1.656946e+02
4.500000e-06	5.410466e-06	1.471320e-09	2.915020e+01	1.651708e+02
4.510000e-06	5.370191e-06	1.467916e-09	2.893320e+01	1.646394e+02
4.520000e-06	5.329607e-06	1.467557e-09	2.871455e+01	1.641002e+02
4.530000e-06	5.288828e-06	1.464503e-09	2.849484e+01	1.635526e+02
4.540000e-06	5.247743e-06	1.456751e-09	2.827349e+01	1.629964e+02
4.550000e-06	5.206161e-06	1.451220e-09	2.804946e+01	1.624311e+02
4.560000e-06	5.164192e-06	1.450462e-09	2.782334e+01	1.618564e+02
4.570000e-06	5.121858e-06	1.445677e-09	2.759525e+01	1.612719e+02
4.580000e-06	5.079114e-06	1.437205e-09	2.736496e+01	1.606775e+02
4.590000e-06	5.036001e-06	1.430170e-09	2.713268e+01	1.600729e+02
4.600000e-06	4.992499e-06	1.425691e-09	2.689830e+01	1.594579e+02
4.610000e-06	4.948692e-06	1.422511e-09	2.666228e+01	1.588323e+02
4.620000e-06	4.904706e-06	1.418535e-09	2.642529e+01	1.581963e+02
4.630000e-06	4.860455e-06	1.414517e-09	2.618688e+01	1.575497e+02
4.640000e-06	4.815903e-06	1.409919e-09	2.594684e+01	1.568928e+02
4.650000e-06	4.771020e-06	1.403613e-09	2.570503e+01	1.562255e+02
4.660000e-06	4.725731e-06	1.396695e-09	2.546102e+01	1.555481e+02
4.670000e-06	4.680236e-06	1.388948e-09	2.521590e+01	1.548609e+02
4.680000e-06	4.634475e-06	1.379839e-09	2.496936e+01	1.541641e+02
4.690000e-06	4.588243e-06	1.371094e-09	2.472027e+01	1.534579e+02
4.700000e-06	4.541537e-06	1.366597e-09	2.446863e+01	1.527428e+02
4.710000e-06	4.494559e-06	1.364314e-09	2.421553e+01	1.520191e+02
4.720000e-06	4.447414e-06	1.359063e-09	2.396152e+01	1.512870e+02
4.730000e-06	4.400081e-06	1.351392e-09	2.370650e+01	1.505467e+02
4.740000e-06	4.352422e-06	1.342781e-09	2.344973e+01	1.497987e+02
4.750000e-06	4.304341e-06	1.337313e-09	2.319068e+01	1.490430e+02
4.760000e-06	4.255911e-06	1.333290e-09	2.292975e+01	1.482797e+02
4.770000e-06	4.207127e-06	1.326474e-09	2.266691e+01	1.475090e+02
4.780000e-06	4.157894e-06	1.319810e-09	2.240166e+01	1.467307e+02
4.790000e-06	4.108290e-06	1.315480e-09	2.213441e+01	1.459448e+02
4.800000e-06	4.058391e-06	1.309540e-09	2.186557e+01	1.451510e+02
4.810000e-06	4.008222e-06	1.300781e-09	2.159527e+01	1.443491e+02
4.820000e-06	3.957820e-06	1.293333e-09	2.132371e+01	1.435386e+02
4.830000e-06	3.907112e-06	1.287683e-09	2.105051e+01	1.427189e+02
4.840000e-06	3.856110e-06	1.281726e-09	2.077573e+01	1.418895e+02
4.850000e-06	3.804779e-06	1.275479e-09	2.049917e+01	1.410497e+02
4.860000e-06	3.753104e-06	1.268729e-09	2.022076e+01	1.401987e+02
4.870000e-06	3.701157e-06	1.260719e-09	1.994088e+01	1.393356e+02
4.880000e-06	3.648979e-06	1.251684e-09	1.965976e+01	1.384595e+02
4.890000e-06	3.596531e-06	1.244498e-09	1.937718e+01	1.375695e+02
4.900000e-06	3.543683e-06	1.239130e-09	1.909245e+01	1.366647e+02
4.910000e-06	3.490347e-06	1.233720e-09	1.880509e+01	1.357440e+02
4.920000e-06	3.436827e-06	1.227293e-09	1.851674e+01	1.348065e+02
4.930000e-06	3.383033e-06	1.218303e-09	1.822691e+01	1.338513e+02
4.940000e-06	3.328900e-06	1.209383e-09	1.793526e+01	1.328775e+02
4.950000e-06	3.274452e-06	1.201154e-09	1.764190e+01	1.318842e+02
4.960000e-06	3.219456e-06	1.191944e-09	1.734560e+01	1.308708e+02
4.970000e-06	3.164218e-06	1.183022e-09	1.704799e+01	1.298366e+02
4.980000e-06	3.108842e-06	1.175422e-09	1.674964e+01	1.287811e+02
4.990000e-06	3.053038e-06	1.167372e-09	1.644898e+01	1.277040e+02
5.000000e-06	2.996923e-06	1.157287e-09	1.614665e+01	1.266048e+02
5.010000e-06	2.940693e-06	1.146106e-09	1.584369e+01	1.254836e+02
5.020000e-06	2.884339e-06	1.133820e-09	1.554007e+01	1.243403e+02
5.030000e-06	2.827744e-06	1.121652e-09	1.523516e+01	1.231751e+02
5.040000e-06	2.770908e-06	1.112288e-09	1.492894e+01	1.219883e+02
5.050000e-06	2.714020e-06	1.104597e-09	1.462244e+01	1.207802e+02
5.060000e-06	2.657093e-06	1.096181e-09	1.431573e+01	1.195514e+02
5.070000e-06	2.600067e-06	1.085755e-09	1.400849e+01	1.183026e+02
5.080000e-06	2.542819e-06	1.073981e-09	1.370005e+01	1.170344e+02
5.090000e-06	2.485377e-06	1.061255e-09	1.339057e+01	1.157476e+02
5.100000e-06	2.427767e-06	1.048135e-09	1.308018e+01	1.144430e+02
5.110000e-06	2.370046e-06	1.035357e-09	1.276920e+01	1.131215e+02
5.120000e-06	2.312166e-06	1.023376e-09	1.245736e+01	1.117839e+02
5.130000e-06	2.253950e-06	1.012283e-09	1.214370e+01	1.104309e+02
5.140000e-06	2.195586e-06	1.001216e-09	1.182925e+01	1.090633e+02
5.150000e-06	2.137151e-06	9.889015e-10	1.151442e+01	1.076818e+02
5.160000e-06	2.078429e-06	9.754507e-10	1.119804e+01	1.062868e+02
5.170000e-06	2.019428e-06	9.612275e-10	1.088016e+01	1.048788e+02
5.180000e-06	1.960344e-06	9.470622e-10	1.056183e+01	1.034580e+02
5.190000e-06	1.901331e-06	9.342718e-10	1.024388e+01	1.020245e+02
5.200000e-06	1.842209e-06	9.217664e-10	9.925350e+00	1.005781e+02
5.210000e-06	1.782941e-06	9.087770e-10	9.606026e+00	9.911847e+01
5.220000e-06	1.723573e-06	8.952979e-10	9.286168e+00	9.764509e+01
5.230000e-06	1.664103e-06	8.829200e-10	8.965759e+00	9.615716e+01
5.240000e-06	1.604565e-06	8.696099e-10	8.644985e+00	9.465366e+01
5.250000e-06	1.544852e-06	8.536490e-10	8.323265e+00	9.313336e+01
5.260000e-06	1.485043e-06	8.389436e-10	8.001029e+00	9.159481e+01
5.270000e-06	1.425158e-06	8.250863e-10	7.678387e+00	9.003635e+01
5.280000e-06	1.365216e-06	8.095875e-10	7.355434e+00	8.845613e+01
5.290000e-06	1.305223e-06	7.932224e-10	7.032204e+00	8.685215e+01
5.300000e-06	1.245149e-06	7.764647e-10	6.708540e+00	8.522224e+01
5.310000e-06	1.185025e-06	7.598853e-10	6.384608e+00	8.356413e+01
5.320000e-06	1.124816e-06	7.439207e-10	6.060216e+00	8.187546e+01
5.330000e-06	1.064568e-06	7.284942e-10	5.735619e+00	8.015379e+01
5.340000e-06	1.004354e-06	7.134705e-10	5.411203e+00	7.839671e+01
5.350000e-06	9.440708e-07	6.977532e-10	5.086410e+00	7.660178e+01
5.360000e-06	8.836861e-07	6.800297e-10	4.761073e+00	7.476664e+01
5.370000e-06	8.232107e-07	6.617192e-10	4.435247e+00	7.288901e+01
5.380000e-06	7.626761e-07	6.438899e-10	4.109102e+00	7.096675e+01
5.390000e-06	7.020578e-07	6.256535e-10	3.782506e+00	6.899787e+01
5.400000e-06	6.414271e-07	6.063246e-10	3.455844e+00	6.698059e+01
5.410000e-06	5.808137e-07	5.866014e-10	3.129274e+00	6.491335e+01
5.420000e-06	5.201521e-07	5.686556e-10	2.802445e+00	6.279487e+01
5.430000e-06	4.594839e-07	5.507196e-10	2.475581e+00	6.062415e+01
5.440000e-06	3.987965e-07	5.308809e-10	2.148613e+00	5.840049e+01
5.450000e-06	3.380554e-07	5.097310e-10	1.821356e+00	5.612353e+01
5.460000e-06	2.772597e-07	4.880478e-10	1.493804e+00	5.379325e+01
5.470000e-06	2.163679e-07	4.665344e-10	1.165734e+00	5.140998e+01
5.480000e-06	1.554540e-07	4.449821e-10	8.375462e-01	4.897442e+01
5.490000e-06	9.463577e-08	4.227811e-10	5.098732e-01	4.648760e+01
5.500000e-06	3.394792e-08	3.997169e-10	1.829026e-01	4.395094e+01
5.510000e-06	-2.676103e-08	3.762804e-10	-1.441815e-01	4.136619e+01
5.520000e-06	-8.764556e-08	3.530821e-10	-4.722117e-01	3.873542e+01
5.530000e-06	-1.485662e-07	3.306666e-10	-8.004366e-01	3.606103e+01
5.540000e-06	-2.094095e-07	3.075403e-10	-1.128245e+00	3.334570e+01
5.550000e-06	-2.701375e-07	2.839342e-10	-1.455432e+00	3.059241e+01
5.560000e-06	-3.309032e-07	2.607436e-10	-1.782821e+00	2.780434e+01
5.570000e-06	-3.916843e-07	2.364018e-10	-2.110294e+00	2.498490e+01
5.580000e-06	-4.522988e-07	2.111019e-10	-2.436869e+00	2.213768e+01
5.590000e-06	-5.128868e-07	1.850797e-10	-2.763302e+00	1.926642e+01
5.600000e-06	-5.735943e-07	1.586851e-10	-3.090378e+00	1.637495e+01
5.610000e-06	-6.343918e-07	1.327133e-10	-3.417940e+00	1.346719e+01
5.620000e-06	-6.951497e-07	1.072271e-10	-3.745287e+00	1.054710e+01
5.630000e-06	-7.556870e-07	8.187997e-11	-4.071447e+00	7.618628e+00
5.640000e-06	-8.160914e-07	5.598520e-11	-4.396890e+00	4.685717e+00
5.650000e-06	-8.765284e-07	2.937852e-11	-4.722509e+00	1.752232e+00
5.660000e-06	-9.368718e-07	2.421856e-12	-5.047624e+00	-1.178046e+00
5.670000e-06	-9.971550e-07	-2.349524e-11	-5.372414e+00	-4.101460e+00
5.680000e-06	-1.057449e-06	-4.780106e-11	-5.697263e+00	-7.014492e+00
5.690000e-06	-1.117673e-06	-7.180377e-11	-6.021735e+00	-9.913797e+00
5.700000e-06	-1.177888e-06	-9.693701e-11	-6.346157e+00	-1.279621e+01
5.710000e-06	-1.238029e-06	-1.222325e-10	-6.670180e+00	-1.565878e+01
5.720000e-06	-1.298112e-06	-1.464596e-10	-6.993894e+00	-1.849876e+01
5.730000e-06	-1.358166e-06	-1.705300e-10	-7.317448e+00	-2.131365e+01
5.740000e-06	-1.418126e-06	-1.946255e-10	-7.640496e+00	-2.410115e+01
5.750000e-06	-1.478064e-06	-2.187381e-10	-7.963430e+00	-2.685924e+01
5.760000e-06	-1.537932e-06	-2.437841e-10	-8.285981e+00	-2.958611e+01
5.770000e-06	-1.597649e-06	-2.690668e-10	-8.607720e+00	-3.228020e+01
5.780000e-06	-1.657221e-06	-2.938137e-10	-8.928683e+00	-3.494018e+01
5.790000e-06	-1.716650e-06	-3.183683e-10	-9.248870e+00	-3.756494e+01
5.800000e-06	-1.776014e-06	-3.433081e-10	-9.568707e+00	-4.015361e+01
5.810000e-06	-1.835308e-06	-3.679554e-10	-9.888169e+00	-4.270551e+01
5.820000e-06	-1.894518e-06	-3.914398e-10	-1.020717e+01	-4.522017e+01
5.830000e-06	-1.953598e-06	-4.150226e-10	-1.052548e+01	-4.769727e+01
5.840000e-06	-2.012416e-06	-4.391156e-10	-1.084238e+01	-5.013672e+01
5.850000e-06	-2.071057e-06	-4.623290e-10	-1.115832e+01	-5.253852e+01
5.860000e-06	-2.129568e-06	-4.837472e-10	-1.147356e+01	-5.490286e+01
5.870000e-06	-2.187883e-06	-5.045570e-10	-1.178775e+01	-5.723003e+01
5.880000e-06	-2.245939e-06	-5.259735e-10	-1.210054e+01	-5.952044e+01
5.890000e-06	-2.303852e-06	-5.473679e-10	-1.241256e+01	-6.177459e+01
5.900000e-06	-2.361623e-06	-5.687087e-10	-1.272382e+01	-6.399306e+01
5.910000e-06	-2.419214e-06	-5.897931e-10	-1.303410e+01	-6.617650e+01
5.920000e-06	-2.476727e-06	-6.096147e-10	-1.334397e+01	-6.832562e+01
5.930000e-06	-2.533931e-06	-6.295317e-10	-1.365217e+01	-7.044118e+01
5.940000e-06	-2.590994e-06	-6.507728e-10	-1.395961e+01	-7.252393e+01
5.950000e-06	-2.648018e-06	-6.720954e-10	-1.426684e+01	-7.457469e+01
5.960000e-06	-2.704696e-06	-6.918965e-10	-1.457220e+01	-7.659427e+01
5.970000e-06	-2.761170e-06	-7.109433e-10	-1.487647e+01	-7.858347e+01
5.980000e-06	-2.817497e-06	-7.291199e-10	-1.517995e+01	-8.054310e+01
5.990000e-06	-2.873719e-06	-7.462343e-10	-1.548286e+01	-8.247396e+01
6.000000e-06	-2.929818e-06	-7.631636e-10	-1.578510e+01	-8.437682e+01
6.010000e-06	-2.985788e-06	-7.795066e-10	-1.608665e+01	-8.625244e+01
6.020000e-06	-3.041607e-06	-7.949947e-10	-1.638739e+01	-8.810153e+01
6.030000e-06	-3.097191e-06	-8.108754e-10	-1.668687e+01	-8.992480e+01
6.040000e-06	-3.152539e-06	-8.280171e-10	-1.698507e+01	-9.172289e+01
6.050000e-06	-3.207587e-06	-8.443240e-10	-1.728165e+01	-9.349643e+01
6.060000e-06	-3.262257e-06	-8.594656e-10	-1.757620e+01	-9.524599e+01
6.070000e-06	-3.316598e-06	-8.752561e-10	-1.786898e+01	-9.697211e+01
6.080000e-06	-3.370699e-06	-8.914419e-10	-1.816046e+01	-9.867528e+01
6.090000e-06	-3.424252e-06	-9.069465e-10	-1.844899e+01	-1.003559e+02
6.100000e-06	-3.477354e-06	-9.221200e-10	-1.873509e+01	-1.020145e+02
6.110000e-06	-3.530187e-06	-9.366905e-10	-1.901974e+01	-1.036513e+02
6.120000e-06	-3.582784e-06	-9.509375e-10	-1.930312e+01	-1.052667e+02
6.130000e-06	-3.635176e-06	-9.652456e-10	-1.958539e+01	-1.068610e+02
6.140000e-06	-3.687213e-06	-9.798527e-10	-1.986575e+01	-1.084343e+02
6.150000e-06	-3.738945e-06	-9.947302e-10	-2.014447e+01	-1.099869e+02
6.160000e-06	-3.790389e-06	-1.009160e-09	-2.042164e+01	-1.115188e+02
6.170000e-06	-3.841529e-06	-1.023384e-09	-2.069717e+01	-1.130303e+02
6.180000e-06	-3.892429e-06	-1.036833e-09	-2.097141e+01	-1.145213e+02
6.190000e-06	-3.943083e-06	-1.049523e-09	-2.124432e+01	-1.159919e+02
6.200000e-06	-3.993413e-06	-1.061550e-09	-2.151548e+01	-1.174422e+02
6.210000e-06	-4.043341e-06	-1.073253e-09	-2.178448e+01	-1.188720e+02
6.220000e-06	-4.092949e-06	-1.086214e-09	-2.205176e+01	-1.202814e+02
6.230000e-06	-4.142240e-06	-1.099316e-09	-2.231732e+01	-1.216703e+02
6.240000e-06	-4.191012e-06	-1.111014e-09	-2.258009e+01	-1.230386e+02
6.250000e-06	-4.239175e-06	-1.122218e-09	-2.283958e+01	-1.243862e+02
6.260000e-06	-4.286967e-06	-1.133809e-09	-2.309707e+01	-1.257131e+02
6.270000e-06	-4.334646e-06	-1.145839e-09	-2.335396e+01	-1.270190e+02
6.280000e-06	-4.381981e-06	-1.158443e-09	-2.360898e+01	-1.283041e+02
6.290000e-06	-4.428935e-06	-1.171120e-09	-2.386196e+01	-1.295680e+02
6.300000e-06	-4.475710e-06	-1.182389e-09	-2.411397e+01	-1.308109e+02
6.310000e-06	-4.522256e-06	-1.192654e-09	-2.436475e+01	-1.320326e+02
6.320000e-06	-4.568560e-06	-1.203141e-09	-2.461423e+01	-1.332331e+02
6.330000e-06	-4.614611e-06	-1.213621e-09	-2.486233e+01	-1.344123e+02
6.340000e-06	-4.660340e-06	-1.223864e-09	-2.510871e+01	-1.355703e+02
6.350000e-06	-4.705664e-06	-1.233799e-09	-2.535291e+01	-1.367072e+02
6.360000e-06	-4.750515e-06	-1.243740e-09	-2.559455e+01	-1.378229e+02
6.370000e-06	-4.795001e-06	-1.253653e-09	-2.583423e+01	-1.389176e+02
6.380000e-06	-4.839290e-06	-1.262933e-09	-2.607285e+01	-1.399914e+02
6.390000e-06	-4.883425e-06	-1.270961e-09	-2.631064e+01	-1.410445e+02
6.400000e-06	-4.927377e-06	-1.278555e-09	-2.654744e+01	-1.420770e+02
6.410000e-06	-4.971050e-06	-1.286746e-09	-2.678274e+01	-1.430892e+02
6.420000e-06	-5.014317e-06	-1.296289e-09	-2.701585e+01	-1.440814e+02
6.430000e-06	-5.057096e-06	-1.306730e-09	-2.724633e+01	-1.450537e+02
6.440000e-06	-5.099513e-06	-1.315870e-09	-2.747486e+01	-1.460064e+02
6.450000e-06	-5.141701e-06	-1.323058e-09	-2.770216e+01	-1.469400e+02
6.460000e-06	-5.183538e-06	-1.330237e-09	-2.792757e+01	-1.478546e+02
6.470000e-06	-5.225053e-06	-1.340195e-09	-2.815124e+01	-1.487507e+02
6.480000e-06	-5.266278e-06	-1.349927e-09	-2.837335e+01	-1.496285e+02
6.490000e-06	-5.307043e-06	-1.357475e-09	-2.859298e+01	-1.504885e+02
6.500000e-06	-5.347440e-06	-1.364428e-09	-2.881063e+01	-1.513310e+02
6.510000e-06	-5.387631e-06	-1.370849e-09	-2.902717e+01	-1.521562e+02
6.520000e-06	-5.427683e-06	-1.378767e-09	-2.924296e+01	-1.529646e+02
6.530000e-06	-5.467413e-06	-1.387031e-09	-2.945701e+01	-1.537565e+02
6.540000e-06	-5.506628e-06	-1.392351e-09	-2.966829e+01	-1.545323e+02
6.550000e-06	-5.545285e-06	-1.397761e-09	-2.987657e+01	-1.552921e+02
6.560000e-06	-5.583331e-06	-1.405897e-09	-3.008155e+01	-1.560363e+02
6.570000e-06	-5.620749e-06	-1.414699e-09	-3.028315e+01	-1.567653e+02
6.580000e-06	-5.657483e-06	-1.421227e-09	-3.048106e+01	-1.574792e+02
6.590000e-06	-5.693750e-06	-1.425680e-09	-3.067646e+01	-1.581784e+02
6.600000e-06	-5.729751e-06	-1.430153e-09	-3.087042e+01	-1.588631e+02
6.610000e-06	-5.765580e-06	-1.435326e-09	-3.106346e+01	-1.595336e+02
6.620000e-06	-5.801113e-06	-1.440668e-09	-3.125490e+01	-1.601901e+02
6.630000e-06	-5.836122e-06	-1.446170e-09	-3.144352e+01	-1.608328e+02
6.640000e-06	-5.870737e-06	-1.451190e-09	-3.163002e+01	-1.614620e+02
6.650000e-06	-5.904918e-06	-1.456533e-09	-3.181418e+01	-1.620780e+02
6.660000e-06	-5.938668e-06	-1.463752e-09	-3.199602e+01	-1.626810e+02
6.670000e-06	-5.971968e-06	-1.469199e-09	-3.217542e+01	-1.632714e+02
6.680000e-06	-6.004799e-06	-1.471867e-09	-3.235231e+01	-1.638493e+02
6.690000e-06	-6.037485e-06	-1.474236e-09	-3.252841e+01	-1.644152e+02
6.700000e-06	-6.069917e-06	-1.477980e-09	-3.270315e+01	-1.649693e+02
6.710000e-06	-6.101963e-06	-1.482948e-09	-3.287580e+01	-1.655121e+02
6.720000e-06	-6.133498e-06	-1.487787e-09	-3.304570e+01	-1.660438e+02
6.730000e-06	-6.164418e-06	-1.491535e-09	-3.321230e+01	-1.665650e+02
6.740000e-06	-6.194836e-06	-1.494256e-09	-3.337618e+01	-1.670760e+02
6.750000e-06	-6.224476e-06	-1.497935e-09	-3.353588e+01	-1.675774e+02
6.760000e-06	-6.253418e-06	-1.503306e-09	-3.369181e+01	-1.680695e+02
6.770000e-06	-6.281998e-06	-1.508059e-09	-3.384579e+01	-1.685530e+02
6.780000e-06	-6.310276e-06	-1.510225e-09	-3.399814e+01	-1.690283e+02
6.790000e-06	-6.338229e-06	-1.511920e-09	-3.414875e+01	-1.694960e+02
6.800000e-06	-6.365840e-06	-1.513848e-09	-3.429750e+01	-1.699566e+02
6.810000e-06	-6.393080e-06	-1.516566e-09	-3.444427e+01	-1.704106e+02
6.820000e-06	-6.419877e-06	-1.519744e-09	-3.458864e+01	-1.708586e+02
6.830000e-06	-6.446183e-06	-1.522051e-09	-3.473037e+01	-1.713010e+02
6.840000e-06	-6.471893e-06	-1.525347e-09	-3.486889e+01	-1.717384e+02
6.850000e-06	-6.497109e-06	-1.529062e-09	-3.500475e+01	-1.721713e+02
6.860000e-06	-6.521966e-06	-1.532265e-09	-3.513867e+01	-1.726000e+02
6.870000e-06	-6.546471e-06	-1.533364e-09	-3.527070e+01	-1.730249e+02
6.880000e-06	-6.570621e-06	-1.533413e-09	-3.540081e+01	-1.734464e+02
6.890000e-06	-6.594462e-06	-1.536286e-09	-3.552926e+01	-1.738648e+02
6.900000e-06	-6.617893e-06	-1.539570e-09	-3.565550e+01	-1.742803e+02
6.910000e-06	-6.640639e-06	-1.541737e-09	-3.577805e+01	-1.746930e+02
6.920000e-06	-6.662534e-06	-1.544948e-09	-3.589602e+01	-1.751030e+02
6.930000e-06	-6.683731e-06	-1.548002e-09	-3.601022e+01	-1.755103e+02
6.940000e-06	-6.704405e-06	-1.550572e-09	-3.612161e+01	-1.759148e+02
6.950000e-06	-6.724619e-06	-1.554165e-09	-3.623052e+01	-1.763165e+02
6.960000e-06	-6.744593e-06	-1.557221e-09	-3.633813e+01	-1.767150e+02
6.970000e-06	-6.764239e-06	-1.558792e-09	-3.644397e+01	-1.771101e+02
6.980000e-06	-6.783340e-06	-1.560190e-09	-3.654689e+01	-1.775016e+02
6.990000e-06	-6.801983e-06	-1.562190e-09	-3.664733e+01	-1.778888e+02
7.000000e-06	-6.820175e-06	-1.565368e-09	-3.674535e+01	-1.782714e+02
7.010000e-06	-6.837830e-06	-1.569141e-09	-3.684047e+01	-1.786489e+02
7.020000e-06	-6.854877e-06	-1.572358e-09	-3.693231e+01	-1.790207e+02
7.030000e-06	-6.871499e-06	-1.575299e-09	-3.702187e+01	-1.793862e+02
7.040000e-06	-6.887956e-06	-1.578840e-09	-3.711053e+01	-1.797448e+02
7.050000e-06	-6.904085e-06	-1.582139e-09	-3.719743e+01	-1.800959e+02
7.060000e-06	-6.919792e-06	-1.585154e-09	-3.728205e+01	-1.804388e+02
7.070000e-06	-6.934918e-06	-1.588625e-09	-3.736355e+01	-1.807729e+02
7.080000e-06	-6.949209e-06	-1.591394e-09	-3.744055e+01	-1.810975e+02
7.090000e-06	-6.962585e-06	-1.593811e-09	-3.751261e+01	-1.814122e+02
7.100000e-06	-6.975268e-06	-1.597159e-09	-3.758095e+01	-1.817162e+02
7.110000e-06	-6.987460e-06	-1.600598e-09	-3.764663e+01	-1.820092e+02
7.120000e-06	-6.999145e-06	-1.602352e-09	-3.770959e+01	-1.822905e+02
7.130000e-06	-7.010286e-06	-1.603412e-09	-3.776962e+01	-1.825599e+02
7.140000e-06	-7.020953e-06	-1.604990e-09	-3.782708e+01	-1.828169e+02
7.150000e-06	-7.031194e-06	-1.605694e-09	-3.788226e+01	-1.830611e+02
7.160000e-06	-7.040987e-06	-1.606062e-09	-3.793503e+01	-1.832924e+02
7.170000e-06	-7.050332e-06	-1.607393e-09	-3.798537e+01	-1.835106e+02
7.180000e-06	-7.059186e-06	-1.609034e-09	-3.803307e+01	-1.837155e+02
7.190000e-06	-7.067649e-06	-1.610214e-09	-3.807867e+01	-1.839071e+02
7.200000e-06	-7.075751e-06	-1.611567e-09	-3.812233e+01	-1.840854e+02
7.210000e-06	-7.083515e-06	-1.612138e-09	-3.816415e+01	-1.842503e+02
7.220000e-06	-7.090813e-06	-1.610614e-09	-3.820347e+01	-1.844021e+02
7.230000e-06	-7.097275e-06	-1.608865e-09	-3.823829e+01	-1.845409e+02
7.240000e-06	-7.102806e-06	-1.608133e-09	-3.826809e+01	-1.846668e+02
7.250000e-06	-7.107654e-06	-1.608190e-09	-3.829421e+01	-1.847801e+02
7.260000e-06	-7.112068e-06	-1.608585e-09	-3.831799e+01	-1.848810e+02
7.270000e-06	-7.116202e-06	-1.608696e-09	-3.834026e+01	-1.849698e+02
7.280000e-06	-7.119981e-06	-1.609551e-09	-3.836062e+01	-1.850468e+02
7.290000e-06	-7.123327e-06	-1.611106e-09	-3.837865e+01	-1.851123e+02
7.300000e-06	-7.126133e-06	-1.611642e-09	-3.839377e+01	-1.851666e+02
7.310000e-06	-7.128388e-06	-1.610158e-09	-3.840592e+01	-1.852101e+02
7.320000e-06	-7.130153e-06	-1.607979e-09	-3.841543e+01	-1.852429e+02
7.330000e-06	-7.131381e-06	-1.607772e-09	-3.842204e+01	-1.852655e+02
7.340000e-06	-7.132251e-06	-1.607760e-09	-3.842673e+01	-1.852781e+02
