# Temperatura_=_20.0
# Concentracion g/m^3_=_7400.0
# C_Vs_to_Am_M_A/Vsm_=_116720831517.84952
# pendiente_HvsI_1/m_=_3716.3
# ordenada_HvsI_A/m_=_1297.0
# frecuencia_Hz_=_136109.76491973543

Tiempo_(s)	Campo_(V.s)	Magnetizacion_(V.s)	Campo_(kA/m)	Magnetizacion_(A/m)
0.000000e+00	-7.129570e-06	-1.527655e-09	-3.843437e+01	-1.765444e+02
1.000000e-08	-7.129684e-06	-1.527727e-09	-3.843498e+01	-1.765399e+02
2.000000e-08	-7.129426e-06	-1.528099e-09	-3.843359e+01	-1.765292e+02
3.000000e-08	-7.128630e-06	-1.527008e-09	-3.842930e+01	-1.765124e+02
4.000000e-08	-7.127041e-06	-1.525592e-09	-3.842074e+01	-1.764897e+02
5.000000e-08	-7.124728e-06	-1.525010e-09	-3.840827e+01	-1.764610e+02
6.000000e-08	-7.121758e-06	-1.524746e-09	-3.839226e+01	-1.764266e+02
7.000000e-08	-7.118203e-06	-1.525875e-09	-3.837309e+01	-1.763864e+02
8.000000e-08	-7.114318e-06	-1.529977e-09	-3.835215e+01	-1.763406e+02
9.000000e-08	-7.109797e-06	-1.525908e-09	-3.832778e+01	-1.762893e+02
1.000000e-07	-7.104457e-06	-1.491631e-09	-3.829899e+01	-1.762325e+02
1.100000e-07	-7.098526e-06	-1.468990e-09	-3.826702e+01	-1.761704e+02
1.200000e-07	-7.092310e-06	-1.539193e-09	-3.823351e+01	-1.761030e+02
1.300000e-07	-7.086068e-06	-1.595934e-09	-3.819986e+01	-1.760305e+02
1.400000e-07	-7.079350e-06	-1.509055e-09	-3.816365e+01	-1.759531e+02
1.500000e-07	-7.071872e-06	-1.428468e-09	-3.812333e+01	-1.758708e+02
1.600000e-07	-7.064076e-06	-1.526696e-09	-3.808131e+01	-1.757838e+02
1.700000e-07	-7.056028e-06	-1.611913e-09	-3.803792e+01	-1.756923e+02
1.800000e-07	-7.047195e-06	-1.472541e-09	-3.799030e+01	-1.755964e+02
1.900000e-07	-7.037579e-06	-1.378494e-09	-3.793846e+01	-1.754963e+02
2.000000e-07	-7.027180e-06	-1.544565e-09	-3.788241e+01	-1.753922e+02
2.100000e-07	-7.016267e-06	-1.643995e-09	-3.782358e+01	-1.752843e+02
2.200000e-07	-7.005045e-06	-1.466923e-09	-3.776308e+01	-1.751726e+02
2.300000e-07	-6.993229e-06	-1.381570e-09	-3.769938e+01	-1.750575e+02
2.400000e-07	-6.980776e-06	-1.538424e-09	-3.763225e+01	-1.749389e+02
2.500000e-07	-6.967782e-06	-1.575195e-09	-3.756220e+01	-1.748170e+02
2.600000e-07	-6.954380e-06	-1.430801e-09	-3.748995e+01	-1.746920e+02
2.700000e-07	-6.940377e-06	-1.444792e-09	-3.741446e+01	-1.745638e+02
2.800000e-07	-6.925587e-06	-1.563007e-09	-3.733473e+01	-1.744326e+02
2.900000e-07	-6.910035e-06	-1.498769e-09	-3.725090e+01	-1.742983e+02
3.000000e-07	-6.893874e-06	-1.419626e-09	-3.716377e+01	-1.741610e+02
3.100000e-07	-6.877145e-06	-1.506813e-09	-3.707359e+01	-1.740206e+02
3.200000e-07	-6.860052e-06	-1.518769e-09	-3.698145e+01	-1.738769e+02
3.300000e-07	-6.842612e-06	-1.408992e-09	-3.688743e+01	-1.737299e+02
3.400000e-07	-6.824706e-06	-1.464450e-09	-3.679090e+01	-1.735795e+02
3.500000e-07	-6.806307e-06	-1.566516e-09	-3.669171e+01	-1.734253e+02
3.600000e-07	-6.787323e-06	-1.454763e-09	-3.658937e+01	-1.732673e+02
3.700000e-07	-6.767902e-06	-1.375228e-09	-3.648468e+01	-1.731051e+02
3.800000e-07	-6.748179e-06	-1.500898e-09	-3.637835e+01	-1.729384e+02
3.900000e-07	-6.728093e-06	-1.520524e-09	-3.627008e+01	-1.727670e+02
4.000000e-07	-6.707530e-06	-1.399756e-09	-3.615922e+01	-1.725905e+02
4.100000e-07	-6.686532e-06	-1.434586e-09	-3.604603e+01	-1.724085e+02
4.200000e-07	-6.665083e-06	-1.519934e-09	-3.593040e+01	-1.722209e+02
4.300000e-07	-6.643096e-06	-1.446693e-09	-3.581187e+01	-1.720271e+02
4.400000e-07	-6.620585e-06	-1.409024e-09	-3.569052e+01	-1.718268e+02
4.500000e-07	-6.597672e-06	-1.476958e-09	-3.556699e+01	-1.716198e+02
4.600000e-07	-6.574320e-06	-1.451502e-09	-3.544111e+01	-1.714057e+02
4.700000e-07	-6.550570e-06	-1.403106e-09	-3.531307e+01	-1.711842e+02
4.800000e-07	-6.526581e-06	-1.461954e-09	-3.518375e+01	-1.709550e+02
4.900000e-07	-6.502069e-06	-1.471374e-09	-3.505161e+01	-1.707179e+02
5.000000e-07	-6.476924e-06	-1.401613e-09	-3.491606e+01	-1.704728e+02
5.100000e-07	-6.451183e-06	-1.415986e-09	-3.477730e+01	-1.702193e+02
5.200000e-07	-6.424661e-06	-1.455159e-09	-3.463432e+01	-1.699574e+02
5.300000e-07	-6.397506e-06	-1.418254e-09	-3.448793e+01	-1.696871e+02
5.400000e-07	-6.369968e-06	-1.404006e-09	-3.433948e+01	-1.694081e+02
5.500000e-07	-6.342158e-06	-1.432661e-09	-3.418956e+01	-1.691207e+02
5.600000e-07	-6.314020e-06	-1.420458e-09	-3.403787e+01	-1.688247e+02
5.700000e-07	-6.285466e-06	-1.402619e-09	-3.388394e+01	-1.685202e+02
5.800000e-07	-6.256461e-06	-1.413373e-09	-3.372758e+01	-1.682074e+02
5.900000e-07	-6.227057e-06	-1.405890e-09	-3.356907e+01	-1.678864e+02
6.000000e-07	-6.197228e-06	-1.391254e-09	-3.340827e+01	-1.675574e+02
6.100000e-07	-6.166959e-06	-1.398126e-09	-3.324509e+01	-1.672204e+02
6.200000e-07	-6.136097e-06	-1.398190e-09	-3.307872e+01	-1.668758e+02
6.300000e-07	-6.104752e-06	-1.389531e-09	-3.290974e+01	-1.665237e+02
6.400000e-07	-6.073234e-06	-1.386857e-09	-3.273983e+01	-1.661644e+02
6.500000e-07	-6.041485e-06	-1.380223e-09	-3.256868e+01	-1.657980e+02
6.600000e-07	-6.009365e-06	-1.376267e-09	-3.239552e+01	-1.654247e+02
6.700000e-07	-5.976927e-06	-1.379116e-09	-3.222066e+01	-1.650447e+02
6.800000e-07	-5.943831e-06	-1.372213e-09	-3.204224e+01	-1.646583e+02
6.900000e-07	-5.909841e-06	-1.364763e-09	-3.185901e+01	-1.642654e+02
7.000000e-07	-5.875257e-06	-1.364843e-09	-3.167257e+01	-1.638663e+02
7.100000e-07	-5.840173e-06	-1.357010e-09	-3.148344e+01	-1.634610e+02
7.200000e-07	-5.804686e-06	-1.349154e-09	-3.129214e+01	-1.630496e+02
7.300000e-07	-5.768914e-06	-1.351985e-09	-3.109929e+01	-1.626320e+02
7.400000e-07	-5.732989e-06	-1.348291e-09	-3.090563e+01	-1.622082e+02
7.500000e-07	-5.696842e-06	-1.339866e-09	-3.071076e+01	-1.617781e+02
7.600000e-07	-5.660281e-06	-1.340404e-09	-3.051367e+01	-1.613416e+02
7.700000e-07	-5.623127e-06	-1.337775e-09	-3.031338e+01	-1.608986e+02
7.800000e-07	-5.585427e-06	-1.326928e-09	-3.011014e+01	-1.604489e+02
7.900000e-07	-5.547292e-06	-1.320022e-09	-2.990456e+01	-1.599923e+02
8.000000e-07	-5.508713e-06	-1.315590e-09	-2.969659e+01	-1.595285e+02
8.100000e-07	-5.469703e-06	-1.309512e-09	-2.948629e+01	-1.590573e+02
8.200000e-07	-5.430350e-06	-1.305985e-09	-2.927415e+01	-1.585784e+02
8.300000e-07	-5.390808e-06	-1.301904e-09	-2.906099e+01	-1.580916e+02
8.400000e-07	-5.351071e-06	-1.295005e-09	-2.884677e+01	-1.575966e+02
8.500000e-07	-5.311020e-06	-1.289483e-09	-2.863086e+01	-1.570930e+02
8.600000e-07	-5.270497e-06	-1.286112e-09	-2.841241e+01	-1.565807e+02
8.700000e-07	-5.229457e-06	-1.281427e-09	-2.819116e+01	-1.560594e+02
8.800000e-07	-5.187982e-06	-1.275347e-09	-2.796758e+01	-1.555288e+02
8.900000e-07	-5.145896e-06	-1.267543e-09	-2.774070e+01	-1.549888e+02
9.000000e-07	-5.103139e-06	-1.260003e-09	-2.751020e+01	-1.544392e+02
9.100000e-07	-5.059917e-06	-1.255050e-09	-2.727720e+01	-1.538798e+02
9.200000e-07	-5.016383e-06	-1.249942e-09	-2.704252e+01	-1.533106e+02
9.300000e-07	-4.972625e-06	-1.242631e-09	-2.680662e+01	-1.527315e+02
9.400000e-07	-4.928687e-06	-1.235530e-09	-2.656977e+01	-1.521424e+02
9.500000e-07	-4.884571e-06	-1.229910e-09	-2.633194e+01	-1.515433e+02
9.600000e-07	-4.840074e-06	-1.224851e-09	-2.609206e+01	-1.509343e+02
9.700000e-07	-4.795139e-06	-1.218801e-09	-2.584983e+01	-1.503154e+02
9.800000e-07	-4.749861e-06	-1.211883e-09	-2.560574e+01	-1.496867e+02
9.900000e-07	-4.704140e-06	-1.206532e-09	-2.535927e+01	-1.490483e+02
1.000000e-06	-4.658182e-06	-1.202543e-09	-2.511151e+01	-1.484003e+02
1.010000e-06	-4.611994e-06	-1.197784e-09	-2.486252e+01	-1.477429e+02
1.020000e-06	-4.565388e-06	-1.192516e-09	-2.461127e+01	-1.470760e+02
1.030000e-06	-4.518491e-06	-1.186810e-09	-2.435846e+01	-1.463999e+02
1.040000e-06	-4.471257e-06	-1.180446e-09	-2.410383e+01	-1.457146e+02
1.050000e-06	-4.423737e-06	-1.175279e-09	-2.384766e+01	-1.450203e+02
1.060000e-06	-4.375965e-06	-1.171105e-09	-2.359013e+01	-1.443168e+02
1.070000e-06	-4.327949e-06	-1.165909e-09	-2.333128e+01	-1.436043e+02
1.080000e-06	-4.279644e-06	-1.159186e-09	-2.307088e+01	-1.428826e+02
1.090000e-06	-4.230897e-06	-1.152426e-09	-2.280809e+01	-1.421518e+02
1.100000e-06	-4.181789e-06	-1.145987e-09	-2.254336e+01	-1.414116e+02
1.110000e-06	-4.132277e-06	-1.139730e-09	-2.227644e+01	-1.406619e+02
1.120000e-06	-4.082282e-06	-1.132979e-09	-2.200693e+01	-1.399023e+02
1.130000e-06	-4.031836e-06	-1.126008e-09	-2.173498e+01	-1.391327e+02
1.140000e-06	-3.980872e-06	-1.119657e-09	-2.146024e+01	-1.383526e+02
1.150000e-06	-3.929563e-06	-1.114188e-09	-2.118365e+01	-1.375617e+02
1.160000e-06	-3.878024e-06	-1.108464e-09	-2.090581e+01	-1.367594e+02
1.170000e-06	-3.826111e-06	-1.100919e-09	-2.062595e+01	-1.359454e+02
1.180000e-06	-3.773937e-06	-1.092808e-09	-2.034469e+01	-1.351189e+02
1.190000e-06	-3.721538e-06	-1.085947e-09	-2.006222e+01	-1.342796e+02
1.200000e-06	-3.668831e-06	-1.079240e-09	-1.977808e+01	-1.334267e+02
1.210000e-06	-3.615839e-06	-1.071742e-09	-1.949241e+01	-1.325598e+02
1.220000e-06	-3.562610e-06	-1.064060e-09	-1.920546e+01	-1.316782e+02
1.230000e-06	-3.509112e-06	-1.056458e-09	-1.891706e+01	-1.307813e+02
1.240000e-06	-3.455394e-06	-1.048741e-09	-1.862748e+01	-1.298687e+02
1.250000e-06	-3.401474e-06	-1.042245e-09	-1.833680e+01	-1.289398e+02
1.260000e-06	-3.347303e-06	-1.035526e-09	-1.804478e+01	-1.279941e+02
1.270000e-06	-3.292918e-06	-1.025910e-09	-1.775160e+01	-1.270313e+02
1.280000e-06	-3.238406e-06	-1.017082e-09	-1.745773e+01	-1.260509e+02
1.290000e-06	-3.183751e-06	-1.010417e-09	-1.716309e+01	-1.250526e+02
1.300000e-06	-3.128820e-06	-1.002832e-09	-1.686697e+01	-1.240364e+02
1.310000e-06	-3.073509e-06	-9.938721e-10	-1.656879e+01	-1.230020e+02
1.320000e-06	-3.017956e-06	-9.850857e-10	-1.626932e+01	-1.219495e+02
1.330000e-06	-2.962362e-06	-9.759951e-10	-1.596962e+01	-1.208788e+02
1.340000e-06	-2.906624e-06	-9.663472e-10	-1.566914e+01	-1.197901e+02
1.350000e-06	-2.850744e-06	-9.579046e-10	-1.536790e+01	-1.186836e+02
1.360000e-06	-2.794813e-06	-9.497423e-10	-1.506639e+01	-1.175596e+02
1.370000e-06	-2.738708e-06	-9.402137e-10	-1.476394e+01	-1.164185e+02
1.380000e-06	-2.682350e-06	-9.312380e-10	-1.446012e+01	-1.152605e+02
1.390000e-06	-2.625885e-06	-9.230450e-10	-1.415573e+01	-1.140863e+02
1.400000e-06	-2.569351e-06	-9.134630e-10	-1.385096e+01	-1.128962e+02
1.410000e-06	-2.512513e-06	-9.019988e-10	-1.354456e+01	-1.116909e+02
1.420000e-06	-2.455197e-06	-8.910417e-10	-1.323557e+01	-1.104707e+02
1.430000e-06	-2.397665e-06	-8.815172e-10	-1.292543e+01	-1.092362e+02
1.440000e-06	-2.339867e-06	-8.718459e-10	-1.261385e+01	-1.079878e+02
1.450000e-06	-2.281560e-06	-8.618727e-10	-1.229952e+01	-1.067260e+02
1.460000e-06	-2.222994e-06	-8.512266e-10	-1.198381e+01	-1.054510e+02
1.470000e-06	-2.164214e-06	-8.395037e-10	-1.166693e+01	-1.041632e+02
1.480000e-06	-2.105127e-06	-8.275965e-10	-1.134840e+01	-1.028626e+02
1.490000e-06	-2.045870e-06	-8.158849e-10	-1.102896e+01	-1.015493e+02
1.500000e-06	-1.986460e-06	-8.041072e-10	-1.070869e+01	-1.002232e+02
1.510000e-06	-1.926915e-06	-7.921777e-10	-1.038769e+01	-9.888398e+01
1.520000e-06	-1.867341e-06	-7.806927e-10	-1.006654e+01	-9.753128e+01
1.530000e-06	-1.807753e-06	-7.706747e-10	-9.745308e+00	-9.616449e+01
1.540000e-06	-1.748135e-06	-7.605714e-10	-9.423914e+00	-9.478287e+01
1.550000e-06	-1.688511e-06	-7.485469e-10	-9.102492e+00	-9.338547e+01
1.560000e-06	-1.628870e-06	-7.354908e-10	-8.780978e+00	-9.197120e+01
1.570000e-06	-1.569098e-06	-7.232880e-10	-8.458756e+00	-9.053879e+01
1.580000e-06	-1.509154e-06	-7.114489e-10	-8.135608e+00	-8.908678e+01
1.590000e-06	-1.449134e-06	-6.985331e-10	-7.812050e+00	-8.761360e+01
1.600000e-06	-1.389086e-06	-6.858677e-10	-7.488341e+00	-8.611751e+01
1.610000e-06	-1.328941e-06	-6.742587e-10	-7.164110e+00	-8.459666e+01
1.620000e-06	-1.268580e-06	-6.619741e-10	-6.838714e+00	-8.304907e+01
1.630000e-06	-1.208079e-06	-6.490069e-10	-6.512560e+00	-8.147270e+01
1.640000e-06	-1.147606e-06	-6.361477e-10	-6.186561e+00	-7.986546e+01
1.650000e-06	-1.087130e-06	-6.223082e-10	-5.860541e+00	-7.822518e+01
1.660000e-06	-1.026682e-06	-6.089774e-10	-5.534679e+00	-7.654974e+01
1.670000e-06	-9.661031e-07	-5.971105e-10	-5.208107e+00	-7.483699e+01
1.680000e-06	-9.054117e-07	-5.839626e-10	-4.880930e+00	-7.308488e+01
1.690000e-06	-8.447120e-07	-5.684379e-10	-4.553707e+00	-7.129141e+01
1.700000e-06	-7.839257e-07	-5.533329e-10	-4.226018e+00	-6.945469e+01
1.710000e-06	-7.231275e-07	-5.391418e-10	-3.898265e+00	-6.757301e+01
1.720000e-06	-6.623717e-07	-5.237260e-10	-3.570740e+00	-6.564478e+01
1.730000e-06	-6.015138e-07	-5.087171e-10	-3.242665e+00	-6.366864e+01
1.740000e-06	-5.404960e-07	-4.948361e-10	-2.913727e+00	-6.164345e+01
1.750000e-06	-4.794498e-07	-4.804975e-10	-2.584637e+00	-5.956832e+01
1.760000e-06	-4.184915e-07	-4.650459e-10	-2.256021e+00	-5.744261e+01
1.770000e-06	-3.575963e-07	-4.476258e-10	-1.927744e+00	-5.526597e+01
1.780000e-06	-2.966121e-07	-4.282349e-10	-1.598988e+00	-5.303837e+01
1.790000e-06	-2.355683e-07	-4.087763e-10	-1.269911e+00	-5.076006e+01
1.800000e-06	-1.744778e-07	-3.900113e-10	-9.405819e-01	-4.843163e+01
1.810000e-06	-1.133465e-07	-3.712929e-10	-6.110327e-01	-4.605397e+01
1.820000e-06	-5.219278e-08	-3.528126e-10	-2.813629e-01	-4.362832e+01
1.830000e-06	8.950170e-09	-3.335381e-10	4.824894e-02	-4.115620e+01
1.840000e-06	7.003144e-08	-3.125417e-10	3.775283e-01	-3.863946e+01
1.850000e-06	1.310739e-07	-2.907732e-10	7.065984e-01	-3.608025e+01
1.860000e-06	1.921538e-07	-2.696948e-10	1.035870e+00	-3.348098e+01
1.870000e-06	2.533192e-07	-2.487239e-10	1.365603e+00	-3.084433e+01
1.880000e-06	3.144758e-07	-2.260687e-10	1.695289e+00	-2.817324e+01
1.890000e-06	3.755624e-07	-2.030691e-10	2.024597e+00	-2.547083e+01
1.900000e-06	4.366927e-07	-1.813139e-10	2.354140e+00	-2.274044e+01
1.910000e-06	4.977695e-07	-1.590110e-10	2.683396e+00	-1.998555e+01
1.920000e-06	5.587273e-07	-1.362602e-10	3.012009e+00	-1.720979e+01
1.930000e-06	6.196709e-07	-1.143696e-10	3.340547e+00	-1.441686e+01
1.940000e-06	6.805968e-07	-9.245262e-11	3.668989e+00	-1.161054e+01
1.950000e-06	7.414238e-07	-6.978545e-11	3.996897e+00	-8.794651e+00
1.960000e-06	8.021758e-07	-4.640355e-11	4.324401e+00	-5.973007e+00
1.970000e-06	8.628823e-07	-2.361602e-11	4.651660e+00	-3.149388e+00
1.980000e-06	9.234497e-07	-1.244530e-12	4.978170e+00	-3.275157e-01
1.990000e-06	9.839706e-07	2.192947e-11	5.304428e+00	2.488982e+00
2.000000e-06	1.044551e-06	4.525699e-11	5.631006e+00	5.296597e+00
2.010000e-06	1.105089e-06	6.783021e-11	5.957355e+00	8.091963e+00
2.020000e-06	1.165474e-06	8.945842e-11	6.282885e+00	1.087189e+01
2.030000e-06	1.225795e-06	1.112496e-10	6.608065e+00	1.363336e+01
2.040000e-06	1.286104e-06	1.332867e-10	6.933181e+00	1.637359e+01
2.050000e-06	1.346397e-06	1.550569e-10	7.258213e+00	1.908999e+01
2.060000e-06	1.406550e-06	1.766714e-10	7.582487e+00	2.178023e+01
2.070000e-06	1.466513e-06	1.971274e-10	7.905738e+00	2.444219e+01
2.080000e-06	1.526373e-06	2.171458e-10	8.228435e+00	2.707404e+01
2.090000e-06	1.586197e-06	2.379066e-10	8.550937e+00	2.967417e+01
2.100000e-06	1.645966e-06	2.586362e-10	8.873139e+00	3.224123e+01
2.110000e-06	1.705603e-06	2.788630e-10	9.194632e+00	3.477411e+01
2.120000e-06	1.765129e-06	2.983759e-10	9.515526e+00	3.727196e+01
2.130000e-06	1.824692e-06	3.181942e-10	9.836620e+00	3.973414e+01
2.140000e-06	1.884250e-06	3.380880e-10	1.015769e+01	4.216024e+01
2.150000e-06	1.943628e-06	3.563042e-10	1.047779e+01	4.455006e+01
2.160000e-06	2.002950e-06	3.743624e-10	1.079758e+01	4.690360e+01
2.170000e-06	2.062127e-06	3.928985e-10	1.111659e+01	4.922102e+01
2.180000e-06	2.121061e-06	4.110874e-10	1.143430e+01	5.150265e+01
2.190000e-06	2.179761e-06	4.297372e-10	1.175074e+01	5.374896e+01
2.200000e-06	2.238198e-06	4.484293e-10	1.206577e+01	5.596055e+01
2.210000e-06	2.296432e-06	4.661649e-10	1.237970e+01	5.813811e+01
2.220000e-06	2.354283e-06	4.829733e-10	1.269156e+01	6.028242e+01
2.230000e-06	2.411797e-06	4.992174e-10	1.300161e+01	6.239432e+01
2.240000e-06	2.469134e-06	5.164232e-10	1.331071e+01	6.447471e+01
2.250000e-06	2.526154e-06	5.345168e-10	1.361809e+01	6.652450e+01
2.260000e-06	2.583032e-06	5.507416e-10	1.392471e+01	6.854463e+01
2.270000e-06	2.639706e-06	5.649902e-10	1.423023e+01	7.053603e+01
2.280000e-06	2.696007e-06	5.798103e-10	1.453374e+01	7.249961e+01
2.290000e-06	2.752106e-06	5.945260e-10	1.483616e+01	7.443625e+01
2.300000e-06	2.808064e-06	6.086431e-10	1.513782e+01	7.634680e+01
2.310000e-06	2.863910e-06	6.243058e-10	1.543888e+01	7.823204e+01
2.320000e-06	2.919592e-06	6.411023e-10	1.573906e+01	8.009272e+01
2.330000e-06	2.975146e-06	6.581061e-10	1.603854e+01	8.192950e+01
2.340000e-06	3.030583e-06	6.733599e-10	1.633739e+01	8.374299e+01
2.350000e-06	3.085872e-06	6.863165e-10	1.663544e+01	8.553371e+01
2.360000e-06	3.140928e-06	6.987063e-10	1.693224e+01	8.730214e+01
2.370000e-06	3.195812e-06	7.108988e-10	1.722811e+01	8.904864e+01
2.380000e-06	3.250516e-06	7.234515e-10	1.752301e+01	9.077355e+01
2.390000e-06	3.304879e-06	7.374879e-10	1.781608e+01	9.247710e+01
2.400000e-06	3.358966e-06	7.525408e-10	1.810765e+01	9.415948e+01
2.410000e-06	3.412816e-06	7.669137e-10	1.839795e+01	9.582082e+01
2.420000e-06	3.466430e-06	7.806675e-10	1.868697e+01	9.746119e+01
2.430000e-06	3.519816e-06	7.943429e-10	1.897476e+01	9.908061e+01
2.440000e-06	3.572912e-06	8.078817e-10	1.926100e+01	1.006791e+02
2.450000e-06	3.625760e-06	8.208188e-10	1.954589e+01	1.022565e+02
2.460000e-06	3.678395e-06	8.329667e-10	1.982964e+01	1.038128e+02
2.470000e-06	3.730734e-06	8.447289e-10	2.011179e+01	1.053479e+02
2.480000e-06	3.782648e-06	8.557438e-10	2.039165e+01	1.068617e+02
2.490000e-06	3.834249e-06	8.662232e-10	2.066982e+01	1.083540e+02
2.500000e-06	3.885747e-06	8.771277e-10	2.094744e+01	1.098247e+02
2.510000e-06	3.936985e-06	8.887213e-10	2.122366e+01	1.112738e+02
2.520000e-06	3.987873e-06	9.006734e-10	2.149798e+01	1.127010e+02
2.530000e-06	4.038377e-06	9.121781e-10	2.177024e+01	1.141063e+02
2.540000e-06	4.088377e-06	9.229135e-10	2.203979e+01	1.154896e+02
2.550000e-06	4.137939e-06	9.325913e-10	2.230697e+01	1.168508e+02
2.560000e-06	4.187031e-06	9.421712e-10	2.257161e+01	1.181899e+02
2.570000e-06	4.235540e-06	9.518756e-10	2.283312e+01	1.195068e+02
2.580000e-06	4.283675e-06	9.618293e-10	2.309261e+01	1.208017e+02
2.590000e-06	4.331581e-06	9.717101e-10	2.335086e+01	1.220744e+02
2.600000e-06	4.379233e-06	9.811338e-10	2.360774e+01	1.233251e+02
2.610000e-06	4.426711e-06	9.913402e-10	2.386369e+01	1.245538e+02
2.620000e-06	4.473924e-06	1.001735e-09	2.411821e+01	1.257607e+02
2.630000e-06	4.520759e-06	1.011379e-09	2.437069e+01	1.269459e+02
2.640000e-06	4.567304e-06	1.020631e-09	2.462160e+01	1.281094e+02
2.650000e-06	4.613512e-06	1.029841e-09	2.487070e+01	1.292516e+02
2.660000e-06	4.659347e-06	1.038665e-09	2.511780e+01	1.303725e+02
2.670000e-06	4.704850e-06	1.046041e-09	2.536310e+01	1.314723e+02
2.680000e-06	4.750102e-06	1.052886e-09	2.560704e+01	1.325512e+02
2.690000e-06	4.795104e-06	1.061405e-09	2.584964e+01	1.336095e+02
2.700000e-06	4.839820e-06	1.070411e-09	2.609070e+01	1.346474e+02
2.710000e-06	4.884226e-06	1.079531e-09	2.633008e+01	1.356650e+02
2.720000e-06	4.928269e-06	1.089656e-09	2.656751e+01	1.366625e+02
2.730000e-06	4.972024e-06	1.099220e-09	2.680338e+01	1.376402e+02
2.740000e-06	5.015524e-06	1.108095e-09	2.703789e+01	1.385983e+02
2.750000e-06	5.058763e-06	1.115795e-09	2.727098e+01	1.395370e+02
2.760000e-06	5.101659e-06	1.121777e-09	2.750223e+01	1.404565e+02
2.770000e-06	5.144202e-06	1.128611e-09	2.773157e+01	1.413569e+02
2.780000e-06	5.186052e-06	1.136860e-09	2.795717e+01	1.422386e+02
2.790000e-06	5.227150e-06	1.145266e-09	2.817873e+01	1.431016e+02
2.800000e-06	5.267776e-06	1.153068e-09	2.839774e+01	1.439461e+02
2.810000e-06	5.307932e-06	1.161605e-09	2.861421e+01	1.447725e+02
2.820000e-06	5.347765e-06	1.170254e-09	2.882895e+01	1.455808e+02
2.830000e-06	5.387387e-06	1.177023e-09	2.904254e+01	1.463713e+02
2.840000e-06	5.426774e-06	1.182736e-09	2.925487e+01	1.471442e+02
2.850000e-06	5.465890e-06	1.188127e-09	2.946574e+01	1.478997e+02
2.860000e-06	5.504664e-06	1.193916e-09	2.967477e+01	1.486381e+02
2.870000e-06	5.542920e-06	1.200420e-09	2.988100e+01	1.493596e+02
2.880000e-06	5.580832e-06	1.207499e-09	3.008537e+01	1.500645e+02
2.890000e-06	5.618475e-06	1.214606e-09	3.028830e+01	1.507531e+02
2.900000e-06	5.655579e-06	1.221412e-09	3.048832e+01	1.514258e+02
2.910000e-06	5.692209e-06	1.228282e-09	3.068579e+01	1.520828e+02
2.920000e-06	5.728483e-06	1.235035e-09	3.088134e+01	1.527246e+02
2.930000e-06	5.764441e-06	1.242217e-09	3.107518e+01	1.533516e+02
2.940000e-06	5.800193e-06	1.249106e-09	3.126791e+01	1.539642e+02
2.950000e-06	5.835719e-06	1.253905e-09	3.145943e+01	1.545629e+02
2.960000e-06	5.870883e-06	1.258173e-09	3.164899e+01	1.551481e+02
2.970000e-06	5.905551e-06	1.263940e-09	3.183588e+01	1.557203e+02
2.980000e-06	5.939610e-06	1.270149e-09	3.201949e+01	1.562802e+02
2.990000e-06	5.972818e-06	1.275603e-09	3.219851e+01	1.568282e+02
3.000000e-06	6.005219e-06	1.281072e-09	3.237317e+01	1.573650e+02
3.010000e-06	6.037257e-06	1.286623e-09	3.254589e+01	1.578911e+02
3.020000e-06	6.069027e-06	1.291866e-09	3.271716e+01	1.584071e+02
3.030000e-06	6.100545e-06	1.297564e-09	3.288706e+01	1.589137e+02
3.040000e-06	6.131803e-06	1.302971e-09	3.305557e+01	1.594113e+02
3.050000e-06	6.162599e-06	1.307828e-09	3.322159e+01	1.599007e+02
3.060000e-06	6.193064e-06	1.313847e-09	3.338582e+01	1.603825e+02
3.070000e-06	6.223110e-06	1.319268e-09	3.354779e+01	1.608571e+02
3.080000e-06	6.252601e-06	1.322565e-09	3.370677e+01	1.613251e+02
3.090000e-06	6.281649e-06	1.326345e-09	3.386337e+01	1.617870e+02
3.100000e-06	6.310316e-06	1.332223e-09	3.401790e+01	1.622434e+02
3.110000e-06	6.338626e-06	1.337898e-09	3.417052e+01	1.626946e+02
3.120000e-06	6.366527e-06	1.342164e-09	3.432093e+01	1.631410e+02
3.130000e-06	6.394143e-06	1.346024e-09	3.446980e+01	1.635830e+02
3.140000e-06	6.421489e-06	1.349541e-09	3.461722e+01	1.640209e+02
3.150000e-06	6.448213e-06	1.353593e-09	3.476129e+01	1.644549e+02
3.160000e-06	6.474164e-06	1.358221e-09	3.490118e+01	1.648851e+02
3.170000e-06	6.499277e-06	1.362300e-09	3.503656e+01	1.653117e+02
3.180000e-06	6.523695e-06	1.366066e-09	3.516819e+01	1.657347e+02
3.190000e-06	6.547715e-06	1.370049e-09	3.529768e+01	1.661541e+02
3.200000e-06	6.571420e-06	1.374676e-09	3.542547e+01	1.665697e+02
3.210000e-06	6.594775e-06	1.379457e-09	3.555138e+01	1.669816e+02
3.220000e-06	6.617703e-06	1.383256e-09	3.567498e+01	1.673893e+02
3.230000e-06	6.640222e-06	1.387129e-09	3.579637e+01	1.677928e+02
3.240000e-06	6.662229e-06	1.391445e-09	3.591501e+01	1.681916e+02
3.250000e-06	6.683705e-06	1.395552e-09	3.603078e+01	1.685854e+02
3.260000e-06	6.704751e-06	1.400057e-09	3.614424e+01	1.689739e+02
3.270000e-06	6.725334e-06	1.404903e-09	3.625520e+01	1.693565e+02
3.280000e-06	6.745416e-06	1.408893e-09	3.636346e+01	1.697329e+02
3.290000e-06	6.765174e-06	1.412379e-09	3.646997e+01	1.701025e+02
3.300000e-06	6.784675e-06	1.416543e-09	3.657510e+01	1.704649e+02
3.310000e-06	6.803663e-06	1.420746e-09	3.667746e+01	1.708195e+02
3.320000e-06	6.822119e-06	1.423812e-09	3.677695e+01	1.711660e+02
3.330000e-06	6.839986e-06	1.426058e-09	3.687327e+01	1.715036e+02
3.340000e-06	6.857296e-06	1.428490e-09	3.696659e+01	1.718321e+02
3.350000e-06	6.874184e-06	1.432436e-09	3.705763e+01	1.721510e+02
3.360000e-06	6.890576e-06	1.437230e-09	3.714599e+01	1.724597e+02
3.370000e-06	6.906552e-06	1.440662e-09	3.723212e+01	1.727581e+02
3.380000e-06	6.921977e-06	1.443365e-09	3.731527e+01	1.730456e+02
3.390000e-06	6.936677e-06	1.446609e-09	3.739452e+01	1.733221e+02
3.400000e-06	6.950827e-06	1.450513e-09	3.747080e+01	1.735871e+02
3.410000e-06	6.964526e-06	1.455000e-09	3.754465e+01	1.738407e+02
3.420000e-06	6.977808e-06	1.458063e-09	3.761624e+01	1.740825e+02
3.430000e-06	6.990582e-06	1.459531e-09	3.768511e+01	1.743126e+02
3.440000e-06	7.002763e-06	1.461763e-09	3.775077e+01	1.745307e+02
3.450000e-06	7.014419e-06	1.465130e-09	3.781361e+01	1.747371e+02
3.460000e-06	7.025648e-06	1.469107e-09	3.787415e+01	1.749316e+02
3.470000e-06	7.036297e-06	1.471813e-09	3.793155e+01	1.751144e+02
3.480000e-06	7.046029e-06	1.473444e-09	3.798401e+01	1.752857e+02
3.490000e-06	7.054988e-06	1.476224e-09	3.803231e+01	1.754457e+02
3.500000e-06	7.063414e-06	1.480081e-09	3.807774e+01	1.755945e+02
3.510000e-06	7.071359e-06	1.483813e-09	3.812056e+01	1.757324e+02
3.520000e-06	7.078948e-06	1.486450e-09	3.816148e+01	1.758597e+02
3.530000e-06	7.086208e-06	1.488612e-09	3.820062e+01	1.759766e+02
3.540000e-06	7.092900e-06	1.491344e-09	3.823669e+01	1.760836e+02
3.550000e-06	7.099072e-06	1.494355e-09	3.826996e+01	1.761809e+02
3.560000e-06	7.104887e-06	1.496277e-09	3.830131e+01	1.762689e+02
3.570000e-06	7.110139e-06	1.497727e-09	3.832962e+01	1.763478e+02
3.580000e-06	7.114718e-06	1.500073e-09	3.835431e+01	1.764180e+02
3.590000e-06	7.118726e-06	1.502608e-09	3.837591e+01	1.764798e+02
3.600000e-06	7.122436e-06	1.505064e-09	3.839591e+01	1.765335e+02
3.610000e-06	7.125936e-06	1.508161e-09	3.841478e+01	1.765794e+02
3.620000e-06	7.129054e-06	1.509386e-09	3.843159e+01	1.766178e+02
3.630000e-06	7.131558e-06	1.508522e-09	3.844509e+01	1.766489e+02
3.640000e-06	7.133209e-06	1.508172e-09	3.845399e+01	1.766729e+02
3.650000e-06	7.134067e-06	1.507563e-09	3.845861e+01	1.766901e+02
3.660000e-06	7.134324e-06	1.508268e-09	3.846000e+01	1.767006e+02
3.670000e-06	7.134239e-06	1.510082e-09	3.845954e+01	1.767045e+02
3.680000e-06	7.133825e-06	1.510615e-09	3.845731e+01	1.767021e+02
3.690000e-06	7.132962e-06	1.510743e-09	3.845266e+01	1.766935e+02
3.700000e-06	7.131588e-06	1.511934e-09	3.844525e+01	1.766788e+02
3.710000e-06	7.129723e-06	1.512819e-09	3.843520e+01	1.766580e+02
3.720000e-06	7.127427e-06	1.512836e-09	3.842282e+01	1.766313e+02
3.730000e-06	7.124687e-06	1.513092e-09	3.840805e+01	1.765988e+02
3.740000e-06	7.121430e-06	1.510774e-09	3.839049e+01	1.765605e+02
3.750000e-06	7.117581e-06	1.502772e-09	3.836974e+01	1.765166e+02
3.760000e-06	7.113212e-06	1.516879e-09	3.834619e+01	1.764671e+02
3.770000e-06	7.108208e-06	1.574253e-09	3.831921e+01	1.764121e+02
3.780000e-06	7.102326e-06	1.566800e-09	3.828750e+01	1.763518e+02
3.790000e-06	7.095961e-06	1.443650e-09	3.825319e+01	1.762861e+02
3.800000e-06	7.089488e-06	1.436517e-09	3.821830e+01	1.762153e+02
3.810000e-06	7.082495e-06	1.580165e-09	3.818060e+01	1.761395e+02
3.820000e-06	7.074719e-06	1.594925e-09	3.813868e+01	1.760588e+02
3.830000e-06	7.066472e-06	1.433766e-09	3.809422e+01	1.759734e+02
3.840000e-06	7.058067e-06	1.419655e-09	3.804891e+01	1.758834e+02
3.850000e-06	7.049344e-06	1.623517e-09	3.800189e+01	1.757889e+02
3.860000e-06	7.039974e-06	1.628482e-09	3.795137e+01	1.756902e+02
3.870000e-06	7.029997e-06	1.376207e-09	3.789759e+01	1.755875e+02
3.880000e-06	7.019654e-06	1.365069e-09	3.784183e+01	1.754808e+02
3.890000e-06	7.008930e-06	1.636841e-09	3.778402e+01	1.753704e+02
3.900000e-06	6.997559e-06	1.632606e-09	3.772272e+01	1.752563e+02
3.910000e-06	6.985569e-06	1.376164e-09	3.765809e+01	1.751389e+02
3.920000e-06	6.973005e-06	1.427514e-09	3.759035e+01	1.750181e+02
3.930000e-06	6.959750e-06	1.660795e-09	3.751890e+01	1.748941e+02
3.940000e-06	6.945684e-06	1.542903e-09	3.744307e+01	1.747670e+02
3.950000e-06	6.930946e-06	1.344296e-09	3.736362e+01	1.746368e+02
3.960000e-06	6.915690e-06	1.517451e-09	3.728138e+01	1.745035e+02
3.970000e-06	6.899781e-06	1.660179e-09	3.719561e+01	1.743672e+02
3.980000e-06	6.883481e-06	1.458721e-09	3.710774e+01	1.742278e+02
3.990000e-06	6.866880e-06	1.404980e-09	3.701825e+01	1.740853e+02
4.000000e-06	6.849750e-06	1.615422e-09	3.692591e+01	1.739394e+02
4.010000e-06	6.832072e-06	1.559406e-09	3.683061e+01	1.737901e+02
4.020000e-06	6.813910e-06	1.366392e-09	3.673270e+01	1.736372e+02
4.030000e-06	6.795342e-06	1.514000e-09	3.663260e+01	1.734805e+02
4.040000e-06	6.776377e-06	1.653173e-09	3.653036e+01	1.733197e+02
4.050000e-06	6.756851e-06	1.458353e-09	3.642510e+01	1.731546e+02
4.060000e-06	6.736840e-06	1.407693e-09	3.631723e+01	1.729848e+02
4.070000e-06	6.716541e-06	1.599774e-09	3.620780e+01	1.728100e+02
4.080000e-06	6.696026e-06	1.546658e-09	3.609721e+01	1.726299e+02
4.090000e-06	6.675099e-06	1.393199e-09	3.598439e+01	1.724442e+02
4.100000e-06	6.653457e-06	1.516871e-09	3.586772e+01	1.722525e+02
4.110000e-06	6.630894e-06	1.589617e-09	3.574609e+01	1.720544e+02
4.120000e-06	6.607509e-06	1.448017e-09	3.562002e+01	1.718497e+02
4.130000e-06	6.583648e-06	1.464350e-09	3.549140e+01	1.716380e+02
4.140000e-06	6.559471e-06	1.567821e-09	3.536106e+01	1.714190e+02
4.150000e-06	6.534955e-06	1.481649e-09	3.522890e+01	1.711924e+02
4.160000e-06	6.510059e-06	1.439673e-09	3.509469e+01	1.709580e+02
4.170000e-06	6.484734e-06	1.541291e-09	3.495816e+01	1.707155e+02
4.180000e-06	6.458980e-06	1.522372e-09	3.481933e+01	1.704648e+02
4.190000e-06	6.432773e-06	1.453025e-09	3.467805e+01	1.702058e+02
4.200000e-06	6.405912e-06	1.502918e-09	3.453325e+01	1.699383e+02
4.210000e-06	6.378482e-06	1.513726e-09	3.438538e+01	1.696622e+02
4.220000e-06	6.350672e-06	1.461307e-09	3.423546e+01	1.693776e+02
4.230000e-06	6.322604e-06	1.484433e-09	3.408415e+01	1.690844e+02
4.240000e-06	6.294380e-06	1.505255e-09	3.393200e+01	1.687828e+02
4.250000e-06	6.265830e-06	1.475064e-09	3.377809e+01	1.684727e+02
4.260000e-06	6.236644e-06	1.481367e-09	3.362075e+01	1.681545e+02
4.270000e-06	6.206780e-06	1.492012e-09	3.345976e+01	1.678281e+02
4.280000e-06	6.176198e-06	1.472564e-09	3.329490e+01	1.674937e+02
4.290000e-06	6.144763e-06	1.474640e-09	3.312544e+01	1.671516e+02
4.300000e-06	6.112948e-06	1.476369e-09	3.295393e+01	1.668020e+02
4.310000e-06	6.080983e-06	1.466816e-09	3.278161e+01	1.664451e+02
4.320000e-06	6.048601e-06	1.477062e-09	3.260704e+01	1.660810e+02
4.330000e-06	6.015788e-06	1.472003e-09	3.243015e+01	1.657100e+02
4.340000e-06	5.982581e-06	1.453912e-09	3.225114e+01	1.653322e+02
4.350000e-06	5.948987e-06	1.465330e-09	3.207004e+01	1.649479e+02
4.360000e-06	5.914972e-06	1.467322e-09	3.188667e+01	1.645572e+02
4.370000e-06	5.880532e-06	1.451035e-09	3.170101e+01	1.641602e+02
4.380000e-06	5.845574e-06	1.460048e-09	3.151256e+01	1.637570e+02
4.390000e-06	5.810193e-06	1.461966e-09	3.132182e+01	1.633475e+02
4.400000e-06	5.774552e-06	1.440281e-09	3.112969e+01	1.629320e+02
4.410000e-06	5.738636e-06	1.442927e-09	3.093607e+01	1.625102e+02
4.420000e-06	5.702441e-06	1.451824e-09	3.074095e+01	1.620823e+02
4.430000e-06	5.665928e-06	1.435624e-09	3.054411e+01	1.616480e+02
4.440000e-06	5.629153e-06	1.428966e-09	3.034586e+01	1.612072e+02
4.450000e-06	5.592007e-06	1.436284e-09	3.014561e+01	1.607597e+02
4.460000e-06	5.554055e-06	1.430997e-09	2.994102e+01	1.603054e+02
4.470000e-06	5.515343e-06	1.424031e-09	2.973233e+01	1.598440e+02
4.480000e-06	5.476141e-06	1.424022e-09	2.952100e+01	1.593753e+02
4.490000e-06	5.436439e-06	1.420798e-09	2.930698e+01	1.588991e+02
4.500000e-06	5.396439e-06	1.416551e-09	2.909134e+01	1.584149e+02
4.510000e-06	5.356235e-06	1.414390e-09	2.887461e+01	1.579226e+02
4.520000e-06	5.315739e-06	1.411537e-09	2.865630e+01	1.574220e+02
4.530000e-06	5.274946e-06	1.406518e-09	2.843639e+01	1.569126e+02
4.540000e-06	5.233709e-06	1.400396e-09	2.821409e+01	1.563943e+02
4.550000e-06	5.191893e-06	1.397423e-09	2.798866e+01	1.558668e+02
4.560000e-06	5.149748e-06	1.396805e-09	2.776147e+01	1.553300e+02
4.570000e-06	5.107344e-06	1.391082e-09	2.753287e+01	1.547836e+02
4.580000e-06	5.064543e-06	1.383505e-09	2.730214e+01	1.542275e+02
4.590000e-06	5.021350e-06	1.379450e-09	2.706930e+01	1.536616e+02
4.600000e-06	4.977784e-06	1.375632e-09	2.683444e+01	1.530858e+02
4.610000e-06	4.933966e-06	1.369889e-09	2.659822e+01	1.525000e+02
4.620000e-06	4.889947e-06	1.365679e-09	2.636092e+01	1.519043e+02
4.630000e-06	4.845737e-06	1.364023e-09	2.612259e+01	1.512986e+02
4.640000e-06	4.801337e-06	1.361107e-09	2.588324e+01	1.506830e+02
4.650000e-06	4.756641e-06	1.355729e-09	2.564229e+01	1.500575e+02
4.660000e-06	4.711660e-06	1.348551e-09	2.539980e+01	1.494224e+02
4.670000e-06	4.666352e-06	1.339639e-09	2.515556e+01	1.487775e+02
4.680000e-06	4.620517e-06	1.331708e-09	2.490847e+01	1.481232e+02
4.690000e-06	4.574118e-06	1.326974e-09	2.465834e+01	1.474595e+02
4.700000e-06	4.527356e-06	1.323973e-09	2.440625e+01	1.467865e+02
4.710000e-06	4.480409e-06	1.320658e-09	2.415317e+01	1.461042e+02
4.720000e-06	4.433284e-06	1.315452e-09	2.389912e+01	1.454129e+02
4.730000e-06	4.385909e-06	1.307970e-09	2.364374e+01	1.447124e+02
4.740000e-06	4.338154e-06	1.300586e-09	2.338629e+01	1.440029e+02
4.750000e-06	4.289896e-06	1.295697e-09	2.312614e+01	1.432843e+02
4.760000e-06	4.241194e-06	1.290312e-09	2.286360e+01	1.425566e+02
4.770000e-06	4.192280e-06	1.283018e-09	2.259991e+01	1.418195e+02
4.780000e-06	4.142968e-06	1.277720e-09	2.233408e+01	1.410730e+02
4.790000e-06	4.093125e-06	1.274015e-09	2.206538e+01	1.403168e+02
4.800000e-06	4.043109e-06	1.268339e-09	2.179575e+01	1.395506e+02
4.810000e-06	3.992945e-06	1.261504e-09	2.152533e+01	1.387740e+02
4.820000e-06	3.942505e-06	1.254781e-09	2.125342e+01	1.379867e+02
4.830000e-06	3.891753e-06	1.248493e-09	2.097982e+01	1.371883e+02
4.840000e-06	3.840722e-06	1.242442e-09	2.070472e+01	1.363782e+02
4.850000e-06	3.789369e-06	1.235895e-09	2.042788e+01	1.355560e+02
4.860000e-06	3.737638e-06	1.227755e-09	2.014901e+01	1.347210e+02
4.870000e-06	3.685649e-06	1.219957e-09	1.986874e+01	1.338727e+02
4.880000e-06	3.633548e-06	1.213830e-09	1.958787e+01	1.330105e+02
4.890000e-06	3.581281e-06	1.207939e-09	1.930611e+01	1.321339e+02
4.900000e-06	3.528659e-06	1.201265e-09	1.902244e+01	1.312422e+02
4.910000e-06	3.475622e-06	1.193819e-09	1.873652e+01	1.303349e+02
4.920000e-06	3.422261e-06	1.185642e-09	1.844886e+01	1.294115e+02
4.930000e-06	3.368449e-06	1.176450e-09	1.815877e+01	1.284714e+02
4.940000e-06	3.314198e-06	1.168094e-09	1.786631e+01	1.275143e+02
4.950000e-06	3.259381e-06	1.159927e-09	1.757080e+01	1.265398e+02
4.960000e-06	3.204074e-06	1.150389e-09	1.727265e+01	1.255475e+02
4.970000e-06	3.148591e-06	1.140802e-09	1.697355e+01	1.245373e+02
4.980000e-06	3.092900e-06	1.132555e-09	1.667333e+01	1.235090e+02
4.990000e-06	3.037039e-06	1.124433e-09	1.637219e+01	1.224625e+02
5.000000e-06	2.981037e-06	1.114591e-09	1.607030e+01	1.213979e+02
5.010000e-06	2.924894e-06	1.103140e-09	1.576763e+01	1.203152e+02
5.020000e-06	2.868557e-06	1.091781e-09	1.546393e+01	1.192146e+02
5.030000e-06	2.812118e-06	1.081677e-09	1.515968e+01	1.180964e+02
5.040000e-06	2.755595e-06	1.071921e-09	1.485497e+01	1.169609e+02
5.050000e-06	2.698843e-06	1.062113e-09	1.454903e+01	1.158085e+02
5.060000e-06	2.641988e-06	1.052779e-09	1.424253e+01	1.146397e+02
5.070000e-06	2.584997e-06	1.042856e-09	1.393531e+01	1.134548e+02
5.080000e-06	2.527728e-06	1.032477e-09	1.362658e+01	1.122545e+02
5.090000e-06	2.470304e-06	1.021577e-09	1.331701e+01	1.110392e+02
5.100000e-06	2.412760e-06	1.009313e-09	1.300681e+01	1.098094e+02
5.110000e-06	2.354998e-06	9.970969e-10	1.269542e+01	1.085656e+02
5.120000e-06	2.297014e-06	9.862767e-10	1.238284e+01	1.073082e+02
5.130000e-06	2.238793e-06	9.752353e-10	1.206897e+01	1.060376e+02
5.140000e-06	2.180369e-06	9.633654e-10	1.175402e+01	1.047540e+02
5.150000e-06	2.121885e-06	9.510295e-10	1.143874e+01	1.034577e+02
5.160000e-06	2.063239e-06	9.384854e-10	1.112259e+01	1.021487e+02
5.170000e-06	2.004452e-06	9.255970e-10	1.080568e+01	1.008268e+02
5.180000e-06	1.945426e-06	9.121915e-10	1.048748e+01	9.949204e+01
5.190000e-06	1.886270e-06	8.995622e-10	1.016858e+01	9.814389e+01
5.200000e-06	1.827074e-06	8.874585e-10	9.849462e+00	9.678188e+01
5.210000e-06	1.767684e-06	8.753862e-10	9.529300e+00	9.540530e+01
5.220000e-06	1.708225e-06	8.633791e-10	9.208768e+00	9.401327e+01
5.230000e-06	1.648691e-06	8.510563e-10	8.887831e+00	9.260476e+01
5.240000e-06	1.588969e-06	8.374836e-10	8.565880e+00	9.117855e+01
5.250000e-06	1.529091e-06	8.229974e-10	8.243087e+00	8.973324e+01
5.260000e-06	1.469198e-06	8.087962e-10	7.920213e+00	8.826731e+01
5.270000e-06	1.409262e-06	7.948817e-10	7.597105e+00	8.677906e+01
5.280000e-06	1.349240e-06	7.803250e-10	7.273536e+00	8.526667e+01
5.290000e-06	1.289203e-06	7.653857e-10	6.949887e+00	8.372821e+01
5.300000e-06	1.229085e-06	7.500955e-10	6.625799e+00	8.216167e+01
5.310000e-06	1.168881e-06	7.350713e-10	6.301248e+00	8.056496e+01
5.320000e-06	1.108633e-06	7.202741e-10	5.976466e+00	7.893593e+01
5.330000e-06	1.048357e-06	7.047972e-10	5.651527e+00	7.727245e+01
5.340000e-06	9.881302e-07	6.898051e-10	5.326852e+00	7.557237e+01
5.350000e-06	9.278681e-07	6.749572e-10	5.001989e+00	7.383361e+01
5.360000e-06	8.674565e-07	6.587364e-10	4.676319e+00	7.205414e+01
5.370000e-06	8.069302e-07	6.415534e-10	4.350032e+00	7.023204e+01
5.380000e-06	7.464653e-07	6.246996e-10	4.024075e+00	6.836553e+01
5.390000e-06	6.860519e-07	6.072359e-10	3.698396e+00	6.645297e+01
5.400000e-06	6.255384e-07	5.886204e-10	3.372177e+00	6.449295e+01
5.410000e-06	5.649554e-07	5.709158e-10	3.045584e+00	6.248422e+01
5.420000e-06	5.042242e-07	5.534271e-10	2.718192e+00	6.042582e+01
5.430000e-06	4.433872e-07	5.344524e-10	2.390230e+00	5.831702e+01
5.440000e-06	3.826190e-07	5.148272e-10	2.062638e+00	5.615738e+01
5.450000e-06	3.219071e-07	4.948158e-10	1.735349e+00	5.394676e+01
5.460000e-06	2.611712e-07	4.742254e-10	1.407932e+00	5.168530e+01
5.470000e-06	2.003748e-07	4.535341e-10	1.080189e+00	4.937349e+01
5.480000e-06	1.395824e-07	4.330613e-10	7.524664e-01	4.701213e+01
5.490000e-06	7.880325e-08	4.118122e-10	4.248157e-01	4.460232e+01
5.500000e-06	1.801732e-08	3.891379e-10	9.712850e-02	4.214550e+01
5.510000e-06	-4.259972e-08	3.650507e-10	-2.296483e-01	3.964341e+01
5.520000e-06	-1.031983e-07	3.410510e-10	-5.563254e-01	3.709810e+01
5.530000e-06	-1.639875e-07	3.182783e-10	-8.840303e-01	3.451190e+01
5.540000e-06	-2.247297e-07	2.958764e-10	-1.211482e+00	3.188740e+01
5.550000e-06	-2.854142e-07	2.733703e-10	-1.538622e+00	2.922745e+01
5.560000e-06	-3.460634e-07	2.502021e-10	-1.865573e+00	2.653512e+01
5.570000e-06	-4.066973e-07	2.259757e-10	-2.192440e+00	2.381368e+01
5.580000e-06	-4.673483e-07	2.004731e-10	-2.519400e+00	2.106656e+01
5.590000e-06	-5.278762e-07	1.741423e-10	-2.845696e+00	1.829734e+01
5.600000e-06	-5.883026e-07	1.489975e-10	-3.171445e+00	1.550972e+01
5.610000e-06	-6.487294e-07	1.249487e-10	-3.497196e+00	1.270744e+01
5.620000e-06	-7.091284e-07	1.005621e-10	-3.822798e+00	9.894320e+00
5.630000e-06	-7.694941e-07	7.577905e-11	-4.148220e+00	7.074172e+00
5.640000e-06	-8.298952e-07	5.032380e-11	-4.473832e+00	4.250796e+00
5.650000e-06	-8.902413e-07	2.386821e-11	-4.799149e+00	1.427933e+00
5.660000e-06	-9.505094e-07	-2.304170e-12	-5.124044e+00	-1.390752e+00
5.670000e-06	-1.010775e-06	-2.700486e-11	-5.448924e+00	-4.201708e+00
5.680000e-06	-1.071020e-06	-5.065568e-11	-5.773698e+00	-7.001521e+00
5.690000e-06	-1.131146e-06	-7.424672e-11	-6.097830e+00	-9.786935e+00
5.700000e-06	-1.191275e-06	-9.851699e-11	-6.421971e+00	-1.255488e+01
5.710000e-06	-1.251486e-06	-1.230621e-10	-6.746560e+00	-1.530249e+01
5.720000e-06	-1.311623e-06	-1.473812e-10	-7.070748e+00	-1.802710e+01
5.730000e-06	-1.371639e-06	-1.710581e-10	-7.394284e+00	-2.072631e+01
5.740000e-06	-1.431585e-06	-1.943279e-10	-7.717446e+00	-2.339791e+01
5.750000e-06	-1.491437e-06	-2.180821e-10	-8.040099e+00	-2.603999e+01
5.760000e-06	-1.551154e-06	-2.425394e-10	-8.362023e+00	-2.865085e+01
5.770000e-06	-1.610804e-06	-2.670649e-10	-8.683585e+00	-3.122907e+01
5.780000e-06	-1.670387e-06	-2.915028e-10	-9.004788e+00	-3.377345e+01
5.790000e-06	-1.729832e-06	-3.158987e-10	-9.325247e+00	-3.628305e+01
5.800000e-06	-1.789184e-06	-3.403577e-10	-9.645207e+00	-3.875718e+01
5.810000e-06	-1.848427e-06	-3.636539e-10	-9.964572e+00	-4.119534e+01
5.820000e-06	-1.907519e-06	-3.851377e-10	-1.028313e+01	-4.359726e+01
5.830000e-06	-1.966466e-06	-4.069174e-10	-1.060090e+01	-4.596288e+01
5.840000e-06	-2.025150e-06	-4.303111e-10	-1.091726e+01	-4.829231e+01
5.850000e-06	-2.083598e-06	-4.535649e-10	-1.123234e+01	-5.058583e+01
5.860000e-06	-2.141954e-06	-4.742048e-10	-1.154693e+01	-5.284386e+01
5.870000e-06	-2.200173e-06	-4.938579e-10	-1.186078e+01	-5.506695e+01
5.880000e-06	-2.258267e-06	-5.146382e-10	-1.217396e+01	-5.725576e+01
5.890000e-06	-2.316162e-06	-5.349196e-10	-1.248606e+01	-5.941107e+01
5.900000e-06	-2.373807e-06	-5.546952e-10	-1.279681e+01	-6.153367e+01
5.910000e-06	-2.431185e-06	-5.743840e-10	-1.310613e+01	-6.362446e+01
5.920000e-06	-2.488349e-06	-5.930646e-10	-1.341429e+01	-6.568435e+01
5.930000e-06	-2.545354e-06	-6.125450e-10	-1.372160e+01	-6.771426e+01
5.940000e-06	-2.602307e-06	-6.330142e-10	-1.402862e+01	-6.971513e+01
5.950000e-06	-2.659261e-06	-6.526750e-10	-1.433565e+01	-7.168789e+01
5.960000e-06	-2.715988e-06	-6.712258e-10	-1.464146e+01	-7.363341e+01
5.970000e-06	-2.772485e-06	-6.889375e-10	-1.494602e+01	-7.555256e+01
5.980000e-06	-2.828869e-06	-7.060330e-10	-1.524998e+01	-7.744616e+01
5.990000e-06	-2.885111e-06	-7.227796e-10	-1.555317e+01	-7.931494e+01
6.000000e-06	-2.941177e-06	-7.393172e-10	-1.585542e+01	-8.115962e+01
6.010000e-06	-2.997107e-06	-7.552662e-10	-1.615692e+01	-8.298081e+01
6.020000e-06	-3.052920e-06	-7.702733e-10	-1.645780e+01	-8.477907e+01
6.030000e-06	-3.108631e-06	-7.857377e-10	-1.675813e+01	-8.655488e+01
6.040000e-06	-3.164187e-06	-8.025797e-10	-1.705763e+01	-8.830865e+01
6.050000e-06	-3.219294e-06	-8.190436e-10	-1.735470e+01	-9.004072e+01
6.060000e-06	-3.273759e-06	-8.347737e-10	-1.764831e+01	-9.175137e+01
6.070000e-06	-3.327785e-06	-8.497888e-10	-1.793956e+01	-9.344079e+01
6.080000e-06	-3.381532e-06	-8.649906e-10	-1.822930e+01	-9.510913e+01
6.090000e-06	-3.435035e-06	-8.819982e-10	-1.851773e+01	-9.675649e+01
6.100000e-06	-3.488135e-06	-8.989999e-10	-1.880398e+01	-9.838289e+01
6.110000e-06	-3.540864e-06	-9.136996e-10	-1.908823e+01	-9.998833e+01
6.120000e-06	-3.593242e-06	-9.264174e-10	-1.937059e+01	-1.015728e+02
6.130000e-06	-3.645364e-06	-9.396365e-10	-1.965158e+01	-1.031361e+02
6.140000e-06	-3.697335e-06	-9.539602e-10	-1.993174e+01	-1.046783e+02
6.150000e-06	-3.748996e-06	-9.680198e-10	-2.021024e+01	-1.061992e+02
6.160000e-06	-3.800401e-06	-9.818532e-10	-2.048735e+01	-1.076987e+02
6.170000e-06	-3.851659e-06	-9.960616e-10	-2.076368e+01	-1.091766e+02
6.180000e-06	-3.902638e-06	-1.009246e-09	-2.103850e+01	-1.106329e+02
6.190000e-06	-3.953256e-06	-1.020869e-09	-2.131137e+01	-1.120674e+02
6.200000e-06	-4.003365e-06	-1.032367e-09	-2.158150e+01	-1.134800e+02
6.210000e-06	-4.053162e-06	-1.044203e-09	-2.184995e+01	-1.148707e+02
6.220000e-06	-4.102850e-06	-1.056215e-09	-2.211781e+01	-1.162392e+02
6.230000e-06	-4.152145e-06	-1.068588e-09	-2.238355e+01	-1.175857e+02
6.240000e-06	-4.200870e-06	-1.080811e-09	-2.264622e+01	-1.189100e+02
6.250000e-06	-4.249240e-06	-1.092557e-09	-2.290697e+01	-1.202122e+02
6.260000e-06	-4.297211e-06	-1.104117e-09	-2.316557e+01	-1.214923e+02
6.270000e-06	-4.344529e-06	-1.114716e-09	-2.342066e+01	-1.227504e+02
6.280000e-06	-4.391574e-06	-1.125222e-09	-2.367427e+01	-1.239864e+02
6.290000e-06	-4.438556e-06	-1.137048e-09	-2.392755e+01	-1.252006e+02
6.300000e-06	-4.485307e-06	-1.149015e-09	-2.417957e+01	-1.263930e+02
6.310000e-06	-4.531678e-06	-1.159669e-09	-2.442955e+01	-1.275637e+02
6.320000e-06	-4.577804e-06	-1.169619e-09	-2.467821e+01	-1.287130e+02
6.330000e-06	-4.623706e-06	-1.179909e-09	-2.492566e+01	-1.298409e+02
6.340000e-06	-4.669361e-06	-1.190903e-09	-2.517178e+01	-1.309477e+02
6.350000e-06	-4.714687e-06	-1.202019e-09	-2.541612e+01	-1.320336e+02
6.360000e-06	-4.759536e-06	-1.212172e-09	-2.565790e+01	-1.330988e+02
6.370000e-06	-4.804034e-06	-1.221070e-09	-2.589778e+01	-1.341434e+02
6.380000e-06	-4.848300e-06	-1.230000e-09	-2.613641e+01	-1.351677e+02
6.390000e-06	-4.892427e-06	-1.239269e-09	-2.637429e+01	-1.361719e+02
6.400000e-06	-4.936386e-06	-1.246671e-09	-2.661127e+01	-1.371562e+02
6.410000e-06	-4.979945e-06	-1.253220e-09	-2.684609e+01	-1.381209e+02
6.420000e-06	-5.022962e-06	-1.261607e-09	-2.707798e+01	-1.390660e+02
6.430000e-06	-5.065717e-06	-1.270931e-09	-2.730847e+01	-1.399918e+02
6.440000e-06	-5.108327e-06	-1.279981e-09	-2.753817e+01	-1.408986e+02
6.450000e-06	-5.150524e-06	-1.288283e-09	-2.776565e+01	-1.417865e+02
6.460000e-06	-5.192384e-06	-1.295626e-09	-2.799131e+01	-1.426557e+02
6.470000e-06	-5.233974e-06	-1.303403e-09	-2.821552e+01	-1.435064e+02
6.480000e-06	-5.275026e-06	-1.311419e-09	-2.843682e+01	-1.443388e+02
6.490000e-06	-5.315617e-06	-1.318837e-09	-2.865564e+01	-1.451531e+02
6.500000e-06	-5.355999e-06	-1.326055e-09	-2.887333e+01	-1.459495e+02
6.510000e-06	-5.396234e-06	-1.332540e-09	-2.909023e+01	-1.467282e+02
6.520000e-06	-5.436170e-06	-1.338319e-09	-2.930552e+01	-1.474895e+02
6.530000e-06	-5.475602e-06	-1.344048e-09	-2.951809e+01	-1.482335e+02
6.540000e-06	-5.514636e-06	-1.350162e-09	-2.972852e+01	-1.489607e+02
6.550000e-06	-5.553159e-06	-1.356474e-09	-2.993619e+01	-1.496711e+02
6.560000e-06	-5.590911e-06	-1.363249e-09	-3.013971e+01	-1.503651e+02
6.570000e-06	-5.627986e-06	-1.370081e-09	-3.033957e+01	-1.510430e+02
6.580000e-06	-5.664670e-06	-1.376819e-09	-3.053733e+01	-1.517053e+02
6.590000e-06	-5.701024e-06	-1.383156e-09	-3.073331e+01	-1.523521e+02
6.600000e-06	-5.737068e-06	-1.387473e-09	-3.092762e+01	-1.529840e+02
6.610000e-06	-5.772819e-06	-1.390551e-09	-3.112034e+01	-1.536013e+02
6.620000e-06	-5.808269e-06	-1.394789e-09	-3.131145e+01	-1.542046e+02
6.630000e-06	-5.843304e-06	-1.400197e-09	-3.150032e+01	-1.547942e+02
6.640000e-06	-5.877794e-06	-1.404378e-09	-3.168625e+01	-1.553707e+02
6.650000e-06	-5.911786e-06	-1.407901e-09	-3.186949e+01	-1.559346e+02
6.660000e-06	-5.945321e-06	-1.411865e-09	-3.205028e+01	-1.564866e+02
6.670000e-06	-5.978492e-06	-1.415367e-09	-3.222910e+01	-1.570270e+02
6.680000e-06	-6.011341e-06	-1.418927e-09	-3.240618e+01	-1.575566e+02
6.690000e-06	-6.043880e-06	-1.422608e-09	-3.258159e+01	-1.580759e+02
6.700000e-06	-6.076019e-06	-1.426230e-09	-3.275484e+01	-1.585855e+02
6.710000e-06	-6.107796e-06	-1.430150e-09	-3.292615e+01	-1.590861e+02
6.720000e-06	-6.139148e-06	-1.434599e-09	-3.309516e+01	-1.595782e+02
6.730000e-06	-6.169905e-06	-1.438958e-09	-3.326097e+01	-1.600624e+02
6.740000e-06	-6.199924e-06	-1.441022e-09	-3.342280e+01	-1.605393e+02
6.750000e-06	-6.229169e-06	-1.441877e-09	-3.358045e+01	-1.610095e+02
6.760000e-06	-6.257967e-06	-1.445368e-09	-3.373570e+01	-1.614734e+02
6.770000e-06	-6.286463e-06	-1.450268e-09	-3.388932e+01	-1.619316e+02
6.780000e-06	-6.314683e-06	-1.453666e-09	-3.404145e+01	-1.623844e+02
6.790000e-06	-6.342543e-06	-1.455590e-09	-3.419163e+01	-1.628324e+02
6.800000e-06	-6.369901e-06	-1.456319e-09	-3.433912e+01	-1.632759e+02
6.810000e-06	-6.396834e-06	-1.457187e-09	-3.448431e+01	-1.637151e+02
6.820000e-06	-6.423354e-06	-1.459095e-09	-3.462728e+01	-1.641504e+02
6.830000e-06	-6.449497e-06	-1.461942e-09	-3.476821e+01	-1.645818e+02
6.840000e-06	-6.475131e-06	-1.465362e-09	-3.490639e+01	-1.650096e+02
6.850000e-06	-6.500210e-06	-1.468129e-09	-3.504159e+01	-1.654338e+02
6.860000e-06	-6.524849e-06	-1.470374e-09	-3.517442e+01	-1.658544e+02
6.870000e-06	-6.549073e-06	-1.472988e-09	-3.530501e+01	-1.662713e+02
6.880000e-06	-6.573097e-06	-1.476399e-09	-3.543451e+01	-1.666844e+02
6.890000e-06	-6.596949e-06	-1.479797e-09	-3.556310e+01	-1.670936e+02
6.900000e-06	-6.620253e-06	-1.482452e-09	-3.568873e+01	-1.674985e+02
6.910000e-06	-6.642770e-06	-1.485068e-09	-3.581011e+01	-1.678989e+02
6.920000e-06	-6.664633e-06	-1.487374e-09	-3.592797e+01	-1.682944e+02
6.930000e-06	-6.685886e-06	-1.489397e-09	-3.604254e+01	-1.686847e+02
6.940000e-06	-6.706573e-06	-1.490964e-09	-3.615406e+01	-1.690693e+02
6.950000e-06	-6.726897e-06	-1.492889e-09	-3.626363e+01	-1.694479e+02
6.960000e-06	-6.746914e-06	-1.496095e-09	-3.637153e+01	-1.698198e+02
6.970000e-06	-6.766383e-06	-1.500292e-09	-3.647649e+01	-1.701846e+02
6.980000e-06	-6.785329e-06	-1.503635e-09	-3.657863e+01	-1.705419e+02
6.990000e-06	-6.803912e-06	-1.505145e-09	-3.667880e+01	-1.708911e+02
7.000000e-06	-6.822051e-06	-1.506500e-09	-3.677658e+01	-1.712318e+02
7.010000e-06	-6.839783e-06	-1.507717e-09	-3.687218e+01	-1.715634e+02
7.020000e-06	-6.857034e-06	-1.509040e-09	-3.696517e+01	-1.718855e+02
7.030000e-06	-6.873761e-06	-1.511663e-09	-3.705535e+01	-1.721977e+02
7.040000e-06	-6.890103e-06	-1.514834e-09	-3.714344e+01	-1.724995e+02
7.050000e-06	-6.906088e-06	-1.517848e-09	-3.722962e+01	-1.727907e+02
7.060000e-06	-6.921658e-06	-1.521772e-09	-3.731355e+01	-1.730708e+02
7.070000e-06	-6.936480e-06	-1.524683e-09	-3.739346e+01	-1.733397e+02
7.080000e-06	-6.950328e-06	-1.525472e-09	-3.746811e+01	-1.735972e+02
7.090000e-06	-6.963446e-06	-1.526939e-09	-3.753882e+01	-1.738429e+02
7.100000e-06	-6.976054e-06	-1.529276e-09	-3.760679e+01	-1.740769e+02
7.110000e-06	-6.988236e-06	-1.531791e-09	-3.767246e+01	-1.742990e+02
7.120000e-06	-6.999901e-06	-1.533272e-09	-3.773535e+01	-1.745093e+02
7.130000e-06	-7.010919e-06	-1.533526e-09	-3.779474e+01	-1.747077e+02
7.140000e-06	-7.021471e-06	-1.534450e-09	-3.785163e+01	-1.748945e+02
7.150000e-06	-7.031637e-06	-1.535633e-09	-3.790643e+01	-1.750696e+02
7.160000e-06	-7.041253e-06	-1.536420e-09	-3.795827e+01	-1.752333e+02
7.170000e-06	-7.050269e-06	-1.537691e-09	-3.800687e+01	-1.753858e+02
7.180000e-06	-7.058904e-06	-1.538407e-09	-3.805342e+01	-1.755273e+02
7.190000e-06	-7.067322e-06	-1.537378e-09	-3.809880e+01	-1.756581e+02
7.200000e-06	-7.075406e-06	-1.537026e-09	-3.814238e+01	-1.757785e+02
7.210000e-06	-7.083068e-06	-1.537870e-09	-3.818369e+01	-1.758887e+02
7.220000e-06	-7.090037e-06	-1.537040e-09	-3.822126e+01	-1.759892e+02
7.230000e-06	-7.096070e-06	-1.534814e-09	-3.825378e+01	-1.760802e+02
7.240000e-06	-7.101377e-06	-1.533919e-09	-3.828239e+01	-1.761621e+02
7.250000e-06	-7.106174e-06	-1.534554e-09	-3.830825e+01	-1.762352e+02
7.260000e-06	-7.110582e-06	-1.534470e-09	-3.833201e+01	-1.762998e+02
7.270000e-06	-7.114642e-06	-1.532907e-09	-3.835390e+01	-1.763562e+02
7.280000e-06	-7.118304e-06	-1.532993e-09	-3.837364e+01	-1.764047e+02
7.290000e-06	-7.121400e-06	-1.533683e-09	-3.839033e+01	-1.764455e+02
7.300000e-06	-7.123959e-06	-1.532651e-09	-3.840412e+01	-1.764790e+02
7.310000e-06	-7.126146e-06	-1.530528e-09	-3.841591e+01	-1.765054e+02
7.320000e-06	-7.127772e-06	-1.528010e-09	-3.842468e+01	-1.765248e+02
7.330000e-06	-7.128689e-06	-1.527674e-09	-3.842962e+01	-1.765375e+02
7.340000e-06	-7.129190e-06	-1.528188e-09	-3.843232e+01	-1.765436e+02
