# Temperatura_=_20.0
# Concentracion g/m^3_=_7400.0
# C_Vs_to_Am_M_A/Vsm_=_116720831517.84952
# pendiente_HvsI_1/m_=_3716.3
# ordenada_HvsI_A/m_=_1297.0
# frecuencia_Hz_=_136116.75640090846

Tiempo_(s)	Campo_(V.s)	Magnetizacion_(V.s)	Campo_(kA/m)	Magnetizacion_(A/m)
0.000000e+00	-7.125672e-06	-1.243863e-09	-3.842253e+01	-1.446232e+02
1.000000e-08	-7.125930e-06	-1.240745e-09	-3.842392e+01	-1.445860e+02
2.000000e-08	-7.125868e-06	-1.239184e-09	-3.842358e+01	-1.445434e+02
3.000000e-08	-7.125395e-06	-1.238198e-09	-3.842103e+01	-1.444955e+02
4.000000e-08	-7.124316e-06	-1.235934e-09	-3.841522e+01	-1.444427e+02
5.000000e-08	-7.122553e-06	-1.233510e-09	-3.840571e+01	-1.443852e+02
6.000000e-08	-7.120040e-06	-1.233193e-09	-3.839216e+01	-1.443231e+02
7.000000e-08	-7.116913e-06	-1.233855e-09	-3.837530e+01	-1.442566e+02
8.000000e-08	-7.113319e-06	-1.234078e-09	-3.835592e+01	-1.441859e+02
9.000000e-08	-7.109215e-06	-1.239449e-09	-3.833379e+01	-1.441111e+02
1.000000e-07	-7.104455e-06	-1.238309e-09	-3.830812e+01	-1.440322e+02
1.100000e-07	-7.099031e-06	-1.202154e-09	-3.827888e+01	-1.439494e+02
1.200000e-07	-7.093098e-06	-1.176246e-09	-3.824689e+01	-1.438628e+02
1.300000e-07	-7.086878e-06	-1.253389e-09	-3.821335e+01	-1.437723e+02
1.400000e-07	-7.080426e-06	-1.304915e-09	-3.817856e+01	-1.436782e+02
1.500000e-07	-7.073370e-06	-1.202250e-09	-3.814051e+01	-1.435805e+02
1.600000e-07	-7.065708e-06	-1.135320e-09	-3.809920e+01	-1.434793e+02
1.700000e-07	-7.057692e-06	-1.257959e-09	-3.805597e+01	-1.433746e+02
1.800000e-07	-7.049380e-06	-1.329399e-09	-3.801115e+01	-1.432666e+02
1.900000e-07	-7.040339e-06	-1.160860e-09	-3.796240e+01	-1.431554e+02
2.000000e-07	-7.030558e-06	-1.090316e-09	-3.790966e+01	-1.430411e+02
2.100000e-07	-7.020216e-06	-1.285546e-09	-3.785390e+01	-1.429238e+02
2.200000e-07	-7.009172e-06	-1.348504e-09	-3.779435e+01	-1.428037e+02
2.300000e-07	-6.997531e-06	-1.142443e-09	-3.773158e+01	-1.426810e+02
2.400000e-07	-6.985472e-06	-1.103256e-09	-3.766655e+01	-1.425557e+02
2.500000e-07	-6.973000e-06	-1.287329e-09	-3.759930e+01	-1.424281e+02
2.600000e-07	-6.959896e-06	-1.274739e-09	-3.752865e+01	-1.422983e+02
2.700000e-07	-6.946053e-06	-1.112334e-09	-3.745400e+01	-1.421665e+02
2.800000e-07	-6.931632e-06	-1.173088e-09	-3.737624e+01	-1.420327e+02
2.900000e-07	-6.916699e-06	-1.289713e-09	-3.729572e+01	-1.418971e+02
3.000000e-07	-6.900825e-06	-1.183681e-09	-3.721012e+01	-1.417599e+02
3.100000e-07	-6.884295e-06	-1.130398e-09	-3.712099e+01	-1.416210e+02
3.200000e-07	-6.867473e-06	-1.250519e-09	-3.703029e+01	-1.414805e+02
3.300000e-07	-6.850365e-06	-1.220893e-09	-3.693804e+01	-1.413383e+02
3.400000e-07	-6.832823e-06	-1.096703e-09	-3.684345e+01	-1.411945e+02
3.500000e-07	-6.814693e-06	-1.200112e-09	-3.674569e+01	-1.410490e+02
3.600000e-07	-6.796046e-06	-1.290667e-09	-3.664514e+01	-1.409015e+02
3.700000e-07	-6.776927e-06	-1.133855e-09	-3.654205e+01	-1.407519e+02
3.800000e-07	-6.757425e-06	-1.093327e-09	-3.643689e+01	-1.405999e+02
3.900000e-07	-6.737655e-06	-1.255422e-09	-3.633029e+01	-1.404453e+02
4.000000e-07	-6.717515e-06	-1.223585e-09	-3.622169e+01	-1.402877e+02
4.100000e-07	-6.696783e-06	-1.090299e-09	-3.610990e+01	-1.401267e+02
4.200000e-07	-6.675566e-06	-1.175311e-09	-3.599550e+01	-1.399617e+02
4.300000e-07	-6.654026e-06	-1.244883e-09	-3.587935e+01	-1.397925e+02
4.400000e-07	-6.631976e-06	-1.134303e-09	-3.576046e+01	-1.396184e+02
4.500000e-07	-6.609488e-06	-1.134826e-09	-3.563920e+01	-1.394388e+02
4.600000e-07	-6.586575e-06	-1.219561e-09	-3.551565e+01	-1.392533e+02
4.700000e-07	-6.563098e-06	-1.151287e-09	-3.538906e+01	-1.390613e+02
4.800000e-07	-6.539261e-06	-1.112244e-09	-3.526053e+01	-1.388621e+02
4.900000e-07	-6.515214e-06	-1.206083e-09	-3.513086e+01	-1.386553e+02
5.000000e-07	-6.490734e-06	-1.187057e-09	-3.499886e+01	-1.384402e+02
5.100000e-07	-6.465550e-06	-1.101284e-09	-3.486307e+01	-1.382164e+02
5.200000e-07	-6.439533e-06	-1.149616e-09	-3.472278e+01	-1.379834e+02
5.300000e-07	-6.412617e-06	-1.183743e-09	-3.457765e+01	-1.377407e+02
5.400000e-07	-6.385227e-06	-1.118211e-09	-3.442995e+01	-1.374879e+02
5.500000e-07	-6.357574e-06	-1.121358e-09	-3.428085e+01	-1.372248e+02
5.600000e-07	-6.329636e-06	-1.163415e-09	-3.413020e+01	-1.369510e+02
5.700000e-07	-6.301310e-06	-1.128423e-09	-3.397746e+01	-1.366664e+02
5.800000e-07	-6.272481e-06	-1.112111e-09	-3.382202e+01	-1.363709e+02
5.900000e-07	-6.243219e-06	-1.143151e-09	-3.366423e+01	-1.360644e+02
6.000000e-07	-6.213586e-06	-1.126328e-09	-3.350444e+01	-1.357470e+02
6.100000e-07	-6.183561e-06	-1.100958e-09	-3.334254e+01	-1.354187e+02
6.200000e-07	-6.153149e-06	-1.121352e-09	-3.317856e+01	-1.350799e+02
6.300000e-07	-6.122054e-06	-1.124033e-09	-3.301089e+01	-1.347307e+02
6.400000e-07	-6.090484e-06	-1.104633e-09	-3.284066e+01	-1.343714e+02
6.500000e-07	-6.058842e-06	-1.107148e-09	-3.267005e+01	-1.340025e+02
6.600000e-07	-6.027046e-06	-1.110273e-09	-3.249859e+01	-1.336244e+02
6.700000e-07	-5.994920e-06	-1.100579e-09	-3.232537e+01	-1.332375e+02
6.800000e-07	-5.962186e-06	-1.099933e-09	-3.214887e+01	-1.328424e+02
6.900000e-07	-5.928713e-06	-1.100601e-09	-3.196837e+01	-1.324395e+02
7.000000e-07	-5.894454e-06	-1.092996e-09	-3.178364e+01	-1.320295e+02
7.100000e-07	-5.859492e-06	-1.084990e-09	-3.159513e+01	-1.316128e+02
7.200000e-07	-5.824041e-06	-1.079111e-09	-3.140397e+01	-1.311899e+02
7.300000e-07	-5.788372e-06	-1.076307e-09	-3.121164e+01	-1.307614e+02
7.400000e-07	-5.752571e-06	-1.074737e-09	-3.101859e+01	-1.303277e+02
7.500000e-07	-5.716523e-06	-1.068504e-09	-3.082422e+01	-1.298893e+02
7.600000e-07	-5.680068e-06	-1.063791e-09	-3.062765e+01	-1.294464e+02
7.700000e-07	-5.643107e-06	-1.064802e-09	-3.042835e+01	-1.289994e+02
7.800000e-07	-5.605747e-06	-1.062198e-09	-3.022690e+01	-1.285486e+02
7.900000e-07	-5.568026e-06	-1.054699e-09	-3.002350e+01	-1.280941e+02
8.000000e-07	-5.529706e-06	-1.048051e-09	-2.981687e+01	-1.276360e+02
8.100000e-07	-5.490868e-06	-1.041762e-09	-2.960746e+01	-1.271744e+02
8.200000e-07	-5.451694e-06	-1.036330e-09	-2.939623e+01	-1.267091e+02
8.300000e-07	-5.412232e-06	-1.033229e-09	-2.918344e+01	-1.262402e+02
8.400000e-07	-5.372650e-06	-1.028917e-09	-2.897001e+01	-1.257672e+02
8.500000e-07	-5.332870e-06	-1.022625e-09	-2.875551e+01	-1.252901e+02
8.600000e-07	-5.292722e-06	-1.017275e-09	-2.853903e+01	-1.248085e+02
8.700000e-07	-5.252262e-06	-1.014401e-09	-2.832086e+01	-1.243219e+02
8.800000e-07	-5.211171e-06	-1.010105e-09	-2.809929e+01	-1.238301e+02
8.900000e-07	-5.169362e-06	-1.001993e-09	-2.787386e+01	-1.233324e+02
9.000000e-07	-5.127172e-06	-9.926323e-10	-2.764636e+01	-1.228284e+02
9.100000e-07	-5.084413e-06	-9.867380e-10	-2.741580e+01	-1.223176e+02
9.200000e-07	-5.041081e-06	-9.828711e-10	-2.718215e+01	-1.217995e+02
9.300000e-07	-4.997521e-06	-9.783273e-10	-2.694727e+01	-1.212734e+02
9.400000e-07	-4.953768e-06	-9.728843e-10	-2.671135e+01	-1.207390e+02
9.500000e-07	-4.909803e-06	-9.680374e-10	-2.647428e+01	-1.201956e+02
9.600000e-07	-4.865524e-06	-9.646057e-10	-2.623553e+01	-1.196427e+02
9.700000e-07	-4.820896e-06	-9.604071e-10	-2.599488e+01	-1.190800e+02
9.800000e-07	-4.775869e-06	-9.540485e-10	-2.575209e+01	-1.185069e+02
9.900000e-07	-4.730412e-06	-9.475866e-10	-2.550698e+01	-1.179231e+02
1.000000e-06	-4.684717e-06	-9.425455e-10	-2.526059e+01	-1.173282e+02
1.010000e-06	-4.638709e-06	-9.390040e-10	-2.501251e+01	-1.167219e+02
1.020000e-06	-4.592331e-06	-9.350491e-10	-2.476243e+01	-1.161039e+02
1.030000e-06	-4.545379e-06	-9.294087e-10	-2.450926e+01	-1.154740e+02
1.040000e-06	-4.498144e-06	-9.232128e-10	-2.425456e+01	-1.148320e+02
1.050000e-06	-4.450957e-06	-9.174941e-10	-2.400013e+01	-1.141778e+02
1.060000e-06	-4.403415e-06	-9.125311e-10	-2.374377e+01	-1.135113e+02
1.070000e-06	-4.355429e-06	-9.074537e-10	-2.348503e+01	-1.128325e+02
1.080000e-06	-4.307317e-06	-9.017696e-10	-2.322560e+01	-1.121411e+02
1.090000e-06	-4.258921e-06	-8.952572e-10	-2.296464e+01	-1.114373e+02
1.100000e-06	-4.209941e-06	-8.892880e-10	-2.270053e+01	-1.107211e+02
1.110000e-06	-4.160704e-06	-8.838393e-10	-2.243504e+01	-1.099923e+02
1.120000e-06	-4.111185e-06	-8.781487e-10	-2.216803e+01	-1.092511e+02
1.130000e-06	-4.060912e-06	-8.718813e-10	-2.189695e+01	-1.084975e+02
1.140000e-06	-4.010117e-06	-8.649395e-10	-2.162306e+01	-1.077313e+02
1.150000e-06	-3.958983e-06	-8.579433e-10	-2.134734e+01	-1.069527e+02
1.160000e-06	-3.907464e-06	-8.518633e-10	-2.106954e+01	-1.061615e+02
1.170000e-06	-3.855781e-06	-8.458609e-10	-2.079086e+01	-1.053577e+02
1.180000e-06	-3.803979e-06	-8.395602e-10	-2.051154e+01	-1.045413e+02
1.190000e-06	-3.751928e-06	-8.325676e-10	-2.023087e+01	-1.037121e+02
1.200000e-06	-3.699422e-06	-8.248695e-10	-1.994776e+01	-1.028700e+02
1.210000e-06	-3.646575e-06	-8.179547e-10	-1.966279e+01	-1.020149e+02
1.220000e-06	-3.593522e-06	-8.106957e-10	-1.937673e+01	-1.011466e+02
1.230000e-06	-3.540209e-06	-8.017432e-10	-1.908926e+01	-1.002650e+02
1.240000e-06	-3.486629e-06	-7.933516e-10	-1.880034e+01	-9.936978e+01
1.250000e-06	-3.432877e-06	-7.865330e-10	-1.851051e+01	-9.846085e+01
1.260000e-06	-3.378909e-06	-7.803593e-10	-1.821950e+01	-9.753799e+01
1.270000e-06	-3.324700e-06	-7.732155e-10	-1.792720e+01	-9.660102e+01
1.280000e-06	-3.270270e-06	-7.642288e-10	-1.763371e+01	-9.564977e+01
1.290000e-06	-3.215607e-06	-7.557392e-10	-1.733896e+01	-9.468409e+01
1.300000e-06	-3.160602e-06	-7.484287e-10	-1.704237e+01	-9.370384e+01
1.310000e-06	-3.105359e-06	-7.403088e-10	-1.674449e+01	-9.270895e+01
1.320000e-06	-3.050059e-06	-7.313190e-10	-1.644631e+01	-9.169934e+01
1.330000e-06	-2.994607e-06	-7.227254e-10	-1.614730e+01	-9.067500e+01
1.340000e-06	-2.938976e-06	-7.137439e-10	-1.584733e+01	-8.963596e+01
1.350000e-06	-2.883266e-06	-7.044360e-10	-1.554694e+01	-8.858229e+01
1.360000e-06	-2.827490e-06	-6.952536e-10	-1.524618e+01	-8.751413e+01
1.370000e-06	-2.771548e-06	-6.859988e-10	-1.494454e+01	-8.643163e+01
1.380000e-06	-2.715477e-06	-6.769401e-10	-1.464220e+01	-8.533504e+01
1.390000e-06	-2.659333e-06	-6.679176e-10	-1.433946e+01	-8.422460e+01
1.400000e-06	-2.602901e-06	-6.590434e-10	-1.403517e+01	-8.310063e+01
1.410000e-06	-2.546208e-06	-6.497836e-10	-1.372948e+01	-8.196348e+01
1.420000e-06	-2.489265e-06	-6.398629e-10	-1.342243e+01	-8.081349e+01
1.430000e-06	-2.431993e-06	-6.304307e-10	-1.311361e+01	-7.965108e+01
1.440000e-06	-2.374311e-06	-6.211089e-10	-1.280259e+01	-7.847662e+01
1.450000e-06	-2.316199e-06	-6.111577e-10	-1.248924e+01	-7.729053e+01
1.460000e-06	-2.257900e-06	-6.007800e-10	-1.217488e+01	-7.609319e+01
1.470000e-06	-2.199300e-06	-5.903878e-10	-1.185891e+01	-7.488496e+01
1.480000e-06	-2.140453e-06	-5.794957e-10	-1.154160e+01	-7.366618e+01
1.490000e-06	-2.081443e-06	-5.683388e-10	-1.122340e+01	-7.243713e+01
1.500000e-06	-2.022258e-06	-5.585715e-10	-1.090427e+01	-7.119805e+01
1.510000e-06	-1.962981e-06	-5.489453e-10	-1.058464e+01	-6.994910e+01
1.520000e-06	-1.903522e-06	-5.380284e-10	-1.026403e+01	-6.869038e+01
1.530000e-06	-1.843906e-06	-5.274597e-10	-9.942574e+00	-6.742188e+01
1.540000e-06	-1.784260e-06	-5.174466e-10	-9.620954e+00	-6.614354e+01
1.550000e-06	-1.724564e-06	-5.065282e-10	-9.299070e+00	-6.485518e+01
1.560000e-06	-1.664845e-06	-4.947073e-10	-8.977056e+00	-6.355651e+01
1.570000e-06	-1.605159e-06	-4.832309e-10	-8.655218e+00	-6.224716e+01
1.580000e-06	-1.545435e-06	-4.728702e-10	-8.333181e+00	-6.092666e+01
1.590000e-06	-1.485603e-06	-4.632931e-10	-8.010558e+00	-5.959444e+01
1.600000e-06	-1.425621e-06	-4.530368e-10	-7.687129e+00	-5.824982e+01
1.610000e-06	-1.365493e-06	-4.413553e-10	-7.362913e+00	-5.689207e+01
1.620000e-06	-1.305215e-06	-4.289783e-10	-7.037884e+00	-5.552035e+01
1.630000e-06	-1.244914e-06	-4.171200e-10	-6.712732e+00	-5.413377e+01
1.640000e-06	-1.184606e-06	-4.055967e-10	-6.387548e+00	-5.273137e+01
1.650000e-06	-1.124205e-06	-3.940121e-10	-6.061854e+00	-5.131219e+01
1.660000e-06	-1.063805e-06	-3.828067e-10	-5.736172e+00	-4.987519e+01
1.670000e-06	-1.003270e-06	-3.718367e-10	-5.409761e+00	-4.841936e+01
1.680000e-06	-9.425786e-07	-3.612051e-10	-5.082504e+00	-4.694369e+01
1.690000e-06	-8.818421e-07	-3.491793e-10	-4.755005e+00	-4.544719e+01
1.700000e-06	-8.211068e-07	-3.358192e-10	-4.427512e+00	-4.392891e+01
1.710000e-06	-7.604159e-07	-3.232686e-10	-4.100259e+00	-4.238797e+01
1.720000e-06	-6.997131e-07	-3.116310e-10	-3.772942e+00	-4.082357e+01
1.730000e-06	-6.389322e-07	-3.001473e-10	-3.445203e+00	-3.923499e+01
1.740000e-06	-5.779892e-07	-2.884790e-10	-3.116591e+00	-3.762162e+01
1.750000e-06	-5.169750e-07	-2.759000e-10	-2.787595e+00	-3.598300e+01
1.760000e-06	-4.559164e-07	-2.619036e-10	-2.458359e+00	-3.431877e+01
1.770000e-06	-3.948500e-07	-2.477469e-10	-2.129082e+00	-3.262873e+01
1.780000e-06	-3.337582e-07	-2.344147e-10	-1.799667e+00	-3.091284e+01
1.790000e-06	-2.725705e-07	-2.213350e-10	-1.469735e+00	-2.917121e+01
1.800000e-06	-2.114324e-07	-2.072505e-10	-1.140070e+00	-2.740412e+01
1.810000e-06	-1.503062e-07	-1.920668e-10	-8.104700e-01	-2.561201e+01
1.820000e-06	-8.916123e-08	-1.772383e-10	-4.807687e-01	-2.379550e+01
1.830000e-06	-2.808247e-08	-1.630439e-10	-1.514242e-01	-2.195535e+01
1.840000e-06	3.298211e-08	-1.484520e-10	1.778437e-01	-2.009250e+01
1.850000e-06	9.404260e-08	-1.330241e-10	5.070896e-01	-1.820803e+01
1.860000e-06	1.550075e-07	-1.177458e-10	8.358199e-01	-1.630317e+01
1.870000e-06	2.159181e-07	-1.035644e-10	1.164258e+00	-1.437927e+01
1.880000e-06	2.769650e-07	-8.935780e-11	1.493430e+00	-1.243781e+01
1.890000e-06	3.380821e-07	-7.425995e-11	1.822982e+00	-1.048037e+01
1.900000e-06	3.992556e-07	-5.883993e-11	2.152837e+00	-8.508637e+00
1.910000e-06	4.603684e-07	-4.279483e-11	2.482365e+00	-6.524354e+00
1.920000e-06	5.212002e-07	-2.721060e-11	2.810378e+00	-4.529340e+00
1.930000e-06	5.820613e-07	-1.347534e-11	3.138548e+00	-2.525459e+00
1.940000e-06	6.430305e-07	1.052721e-13	3.467302e+00	-5.146017e-01
1.950000e-06	7.038935e-07	1.523347e-11	3.795483e+00	1.501323e+00
1.960000e-06	7.646340e-07	3.161508e-11	4.123004e+00	3.520407e+00
1.970000e-06	8.252194e-07	4.767174e-11	4.449688e+00	5.540755e+00
1.980000e-06	8.857215e-07	6.261611e-11	4.775923e+00	7.560499e+00
1.990000e-06	9.463024e-07	7.689530e-11	5.102583e+00	9.577810e+00
2.000000e-06	1.006867e-06	9.198383e-11	5.429156e+00	1.159091e+01
2.010000e-06	1.067335e-06	1.081552e-10	5.755204e+00	1.359807e+01
2.020000e-06	1.127649e-06	1.239751e-10	6.080428e+00	1.559765e+01
2.030000e-06	1.187874e-06	1.392755e-10	6.405169e+00	1.758806e+01
2.040000e-06	1.248160e-06	1.544995e-10	6.730235e+00	1.956781e+01
2.050000e-06	1.308341e-06	1.696763e-10	7.054741e+00	2.153547e+01
2.060000e-06	1.368422e-06	1.848297e-10	7.378704e+00	2.348971e+01
2.070000e-06	1.428443e-06	1.998458e-10	7.702348e+00	2.542930e+01
2.080000e-06	1.488314e-06	2.145197e-10	8.025175e+00	2.735307e+01
2.090000e-06	1.548076e-06	2.286856e-10	8.347424e+00	2.925995e+01
2.100000e-06	1.607748e-06	2.424245e-10	8.669180e+00	3.114896e+01
2.110000e-06	1.667400e-06	2.562701e-10	8.990834e+00	3.301921e+01
2.120000e-06	1.727043e-06	2.703928e-10	9.312435e+00	3.486986e+01
2.130000e-06	1.786618e-06	2.847095e-10	9.633672e+00	3.670017e+01
2.140000e-06	1.846087e-06	2.987306e-10	9.954337e+00	3.850949e+01
2.150000e-06	1.905534e-06	3.124141e-10	1.027488e+01	4.029721e+01
2.160000e-06	1.964907e-06	3.263509e-10	1.059503e+01	4.206280e+01
2.170000e-06	2.024062e-06	3.403596e-10	1.091400e+01	4.380580e+01
2.180000e-06	2.082994e-06	3.540644e-10	1.123177e+01	4.552581e+01
2.190000e-06	2.141824e-06	3.675661e-10	1.154899e+01	4.722249e+01
2.200000e-06	2.200534e-06	3.809249e-10	1.186556e+01	4.889556e+01
2.210000e-06	2.258964e-06	3.935243e-10	1.218062e+01	5.054478e+01
2.220000e-06	2.317121e-06	4.062745e-10	1.249421e+01	5.216999e+01
2.230000e-06	2.374974e-06	4.197662e-10	1.280616e+01	5.377108e+01
2.240000e-06	2.432412e-06	4.331215e-10	1.311587e+01	5.534796e+01
2.250000e-06	2.489519e-06	4.463482e-10	1.342380e+01	5.690065e+01
2.260000e-06	2.546414e-06	4.588595e-10	1.373059e+01	5.842918e+01
2.270000e-06	2.603038e-06	4.703566e-10	1.403591e+01	5.993365e+01
2.280000e-06	2.659463e-06	4.812064e-10	1.434016e+01	6.141422e+01
2.290000e-06	2.715693e-06	4.912950e-10	1.464336e+01	6.287109e+01
2.300000e-06	2.771877e-06	5.012914e-10	1.494631e+01	6.430453e+01
2.310000e-06	2.827968e-06	5.130020e-10	1.524876e+01	6.571485e+01
2.320000e-06	2.883755e-06	5.260392e-10	1.554957e+01	6.710243e+01
2.330000e-06	2.939388e-06	5.395346e-10	1.584955e+01	6.846770e+01
2.340000e-06	2.994918e-06	5.526480e-10	1.614898e+01	6.981112e+01
2.350000e-06	3.050304e-06	5.638301e-10	1.644762e+01	7.113322e+01
2.360000e-06	3.105521e-06	5.730914e-10	1.674537e+01	7.243457e+01
2.370000e-06	3.160446e-06	5.810540e-10	1.704152e+01	7.371577e+01
2.380000e-06	3.215078e-06	5.887514e-10	1.733611e+01	7.497749e+01
2.390000e-06	3.269421e-06	5.979965e-10	1.762913e+01	7.622039e+01
2.400000e-06	3.323600e-06	6.098277e-10	1.792127e+01	7.744519e+01
2.410000e-06	3.377702e-06	6.220472e-10	1.821300e+01	7.865260e+01
2.420000e-06	3.431546e-06	6.331977e-10	1.850333e+01	7.984336e+01
2.430000e-06	3.485108e-06	6.435748e-10	1.879215e+01	8.101821e+01
2.440000e-06	3.538514e-06	6.528493e-10	1.908012e+01	8.217789e+01
2.450000e-06	3.591728e-06	6.613951e-10	1.936705e+01	8.332312e+01
2.460000e-06	3.644583e-06	6.696613e-10	1.965205e+01	8.445461e+01
2.470000e-06	3.697001e-06	6.778972e-10	1.993470e+01	8.557303e+01
2.480000e-06	3.749133e-06	6.857284e-10	2.021580e+01	8.667903e+01
2.490000e-06	3.801111e-06	6.937218e-10	2.049607e+01	8.777319e+01
2.500000e-06	3.852768e-06	7.024702e-10	2.077461e+01	8.885607e+01
2.510000e-06	3.903973e-06	7.114473e-10	2.105072e+01	8.992816e+01
2.520000e-06	3.954780e-06	7.203689e-10	2.132467e+01	9.098988e+01
2.530000e-06	4.005194e-06	7.285855e-10	2.159651e+01	9.204160e+01
2.540000e-06	4.055163e-06	7.364288e-10	2.186595e+01	9.308361e+01
2.550000e-06	4.104774e-06	7.442546e-10	2.213346e+01	9.411613e+01
2.560000e-06	4.154014e-06	7.518373e-10	2.239897e+01	9.513931e+01
2.570000e-06	4.202874e-06	7.585176e-10	2.266243e+01	9.615322e+01
2.580000e-06	4.251349e-06	7.646504e-10	2.292381e+01	9.715786e+01
2.590000e-06	4.299438e-06	7.718665e-10	2.318311e+01	9.815317e+01
2.600000e-06	4.347258e-06	7.809221e-10	2.344097e+01	9.913902e+01
2.610000e-06	4.394768e-06	7.904410e-10	2.369715e+01	1.001152e+02
2.620000e-06	4.441992e-06	7.984476e-10	2.395178e+01	1.010815e+02
2.630000e-06	4.488997e-06	8.049634e-10	2.420524e+01	1.020376e+02
2.640000e-06	4.535663e-06	8.110410e-10	2.445687e+01	1.029832e+02
2.650000e-06	4.582015e-06	8.177649e-10	2.470681e+01	1.039179e+02
2.660000e-06	4.628027e-06	8.249207e-10	2.495491e+01	1.048413e+02
2.670000e-06	4.673751e-06	8.313384e-10	2.520146e+01	1.057530e+02
2.680000e-06	4.719291e-06	8.374178e-10	2.544702e+01	1.066527e+02
2.690000e-06	4.764493e-06	8.448592e-10	2.569075e+01	1.075398e+02
2.700000e-06	4.809290e-06	8.523458e-10	2.593230e+01	1.084140e+02
2.710000e-06	4.853738e-06	8.587699e-10	2.617197e+01	1.092749e+02
2.720000e-06	4.897926e-06	8.658945e-10	2.641024e+01	1.101222e+02
2.730000e-06	4.941882e-06	8.738475e-10	2.664725e+01	1.109554e+02
2.740000e-06	4.985573e-06	8.820575e-10	2.688284e+01	1.117745e+02
2.750000e-06	5.028998e-06	8.894780e-10	2.711700e+01	1.125790e+02
2.760000e-06	5.072136e-06	8.955798e-10	2.734960e+01	1.133688e+02
2.770000e-06	5.114946e-06	9.012158e-10	2.758044e+01	1.141438e+02
2.780000e-06	5.157215e-06	9.067663e-10	2.780836e+01	1.149038e+02
2.790000e-06	5.198822e-06	9.131497e-10	2.803271e+01	1.156489e+02
2.800000e-06	5.239899e-06	9.201815e-10	2.825420e+01	1.163790e+02
2.810000e-06	5.280487e-06	9.271647e-10	2.847306e+01	1.170942e+02
2.820000e-06	5.320602e-06	9.339946e-10	2.868936e+01	1.177946e+02
2.830000e-06	5.360338e-06	9.408285e-10	2.890362e+01	1.184804e+02
2.840000e-06	5.399782e-06	9.474737e-10	2.911631e+01	1.191518e+02
2.850000e-06	5.439013e-06	9.534123e-10	2.932785e+01	1.198091e+02
2.860000e-06	5.477946e-06	9.588847e-10	2.953778e+01	1.204525e+02
2.870000e-06	5.516422e-06	9.640548e-10	2.974525e+01	1.210823e+02
2.880000e-06	5.554430e-06	9.701870e-10	2.995019e+01	1.216989e+02
2.890000e-06	5.591981e-06	9.767998e-10	3.015267e+01	1.223027e+02
2.900000e-06	5.629235e-06	9.820184e-10	3.035355e+01	1.228940e+02
2.910000e-06	5.666186e-06	9.865976e-10	3.055279e+01	1.234732e+02
2.920000e-06	5.702669e-06	9.918534e-10	3.074952e+01	1.240406e+02
2.930000e-06	5.738705e-06	9.984090e-10	3.094382e+01	1.245968e+02
2.940000e-06	5.774498e-06	1.005789e-09	3.113683e+01	1.251420e+02
2.950000e-06	5.810163e-06	1.011381e-09	3.132914e+01	1.256767e+02
2.960000e-06	5.845596e-06	1.014729e-09	3.152020e+01	1.262013e+02
2.970000e-06	5.880602e-06	1.018838e-09	3.170895e+01	1.267160e+02
2.980000e-06	5.914970e-06	1.024859e-09	3.189427e+01	1.272212e+02
2.990000e-06	5.948693e-06	1.030647e-09	3.207611e+01	1.277173e+02
3.000000e-06	5.981788e-06	1.034976e-09	3.225456e+01	1.282046e+02
3.010000e-06	6.014266e-06	1.039197e-09	3.242969e+01	1.286833e+02
3.020000e-06	6.046223e-06	1.044587e-09	3.260200e+01	1.291538e+02
3.030000e-06	6.077882e-06	1.050785e-09	3.277271e+01	1.296164e+02
3.040000e-06	6.109335e-06	1.056548e-09	3.294231e+01	1.300712e+02
3.050000e-06	6.140399e-06	1.061626e-09	3.310981e+01	1.305185e+02
3.060000e-06	6.171013e-06	1.067505e-09	3.327488e+01	1.309586e+02
3.070000e-06	6.201253e-06	1.073566e-09	3.343794e+01	1.313916e+02
3.080000e-06	6.231074e-06	1.077173e-09	3.359874e+01	1.318178e+02
3.090000e-06	6.260423e-06	1.079778e-09	3.375699e+01	1.322374e+02
3.100000e-06	6.289317e-06	1.083977e-09	3.391280e+01	1.326506e+02
3.110000e-06	6.317706e-06	1.089404e-09	3.406587e+01	1.330575e+02
3.120000e-06	6.345713e-06	1.094203e-09	3.421689e+01	1.334584e+02
3.130000e-06	6.373463e-06	1.098067e-09	3.436652e+01	1.338533e+02
3.140000e-06	6.400932e-06	1.101313e-09	3.451464e+01	1.342426e+02
3.150000e-06	6.427992e-06	1.104105e-09	3.466055e+01	1.346262e+02
3.160000e-06	6.454438e-06	1.107420e-09	3.480315e+01	1.350044e+02
3.170000e-06	6.480228e-06	1.111084e-09	3.494221e+01	1.353774e+02
3.180000e-06	6.505431e-06	1.115370e-09	3.507811e+01	1.357451e+02
3.190000e-06	6.529887e-06	1.119623e-09	3.520998e+01	1.361077e+02
3.200000e-06	6.553751e-06	1.121711e-09	3.533866e+01	1.364654e+02
3.210000e-06	6.577385e-06	1.123849e-09	3.546609e+01	1.368181e+02
3.220000e-06	6.600650e-06	1.127699e-09	3.559154e+01	1.371659e+02
3.230000e-06	6.623408e-06	1.131234e-09	3.571426e+01	1.375087e+02
3.240000e-06	6.645653e-06	1.134874e-09	3.583421e+01	1.378467e+02
3.250000e-06	6.667402e-06	1.138522e-09	3.595148e+01	1.381796e+02
3.260000e-06	6.688716e-06	1.141564e-09	3.606640e+01	1.385075e+02
3.270000e-06	6.709554e-06	1.144420e-09	3.617877e+01	1.388302e+02
3.280000e-06	6.729902e-06	1.146891e-09	3.628849e+01	1.391475e+02
3.290000e-06	6.749844e-06	1.149401e-09	3.639601e+01	1.394594e+02
3.300000e-06	6.769555e-06	1.153433e-09	3.650230e+01	1.397654e+02
3.310000e-06	6.788985e-06	1.158153e-09	3.660707e+01	1.400654e+02
3.320000e-06	6.807908e-06	1.161976e-09	3.670911e+01	1.403592e+02
3.330000e-06	6.826285e-06	1.164856e-09	3.680819e+01	1.406463e+02
3.340000e-06	6.844017e-06	1.167078e-09	3.690381e+01	1.409264e+02
3.350000e-06	6.861034e-06	1.169625e-09	3.699557e+01	1.411993e+02
3.360000e-06	6.877710e-06	1.173253e-09	3.708548e+01	1.414645e+02
3.370000e-06	6.894113e-06	1.176582e-09	3.717393e+01	1.417216e+02
3.380000e-06	6.909943e-06	1.179164e-09	3.725929e+01	1.419703e+02
3.390000e-06	6.925299e-06	1.182469e-09	3.734209e+01	1.422102e+02
3.400000e-06	6.940047e-06	1.186681e-09	3.742162e+01	1.424409e+02
3.410000e-06	6.954114e-06	1.191118e-09	3.749746e+01	1.426621e+02
3.420000e-06	6.967644e-06	1.194700e-09	3.757042e+01	1.428733e+02
3.430000e-06	6.980691e-06	1.197015e-09	3.764077e+01	1.430744e+02
3.440000e-06	6.993253e-06	1.199284e-09	3.770851e+01	1.432650e+02
3.450000e-06	7.005294e-06	1.203372e-09	3.777344e+01	1.434449e+02
3.460000e-06	7.016823e-06	1.208600e-09	3.783560e+01	1.436138e+02
3.470000e-06	7.027891e-06	1.212375e-09	3.789528e+01	1.437717e+02
3.480000e-06	7.038258e-06	1.213930e-09	3.795118e+01	1.439184e+02
3.490000e-06	7.047732e-06	1.214745e-09	3.800226e+01	1.440539e+02
3.500000e-06	7.056478e-06	1.217443e-09	3.804942e+01	1.441781e+02
3.510000e-06	7.064633e-06	1.222272e-09	3.809340e+01	1.442911e+02
3.520000e-06	7.072362e-06	1.225976e-09	3.813508e+01	1.443930e+02
3.530000e-06	7.079808e-06	1.227623e-09	3.817522e+01	1.444839e+02
3.540000e-06	7.086897e-06	1.229394e-09	3.821345e+01	1.445641e+02
3.550000e-06	7.093454e-06	1.231647e-09	3.824880e+01	1.446338e+02
3.560000e-06	7.099481e-06	1.233459e-09	3.828130e+01	1.446931e+02
3.570000e-06	7.104953e-06	1.234496e-09	3.831081e+01	1.447425e+02
3.580000e-06	7.109880e-06	1.234959e-09	3.833737e+01	1.447823e+02
3.590000e-06	7.114316e-06	1.236586e-09	3.836130e+01	1.448129e+02
3.600000e-06	7.118325e-06	1.239483e-09	3.838291e+01	1.448346e+02
3.610000e-06	7.122055e-06	1.241404e-09	3.840302e+01	1.448478e+02
3.620000e-06	7.125412e-06	1.242123e-09	3.842113e+01	1.448529e+02
3.630000e-06	7.128217e-06	1.243095e-09	3.843625e+01	1.448503e+02
3.640000e-06	7.130362e-06	1.244307e-09	3.844782e+01	1.448405e+02
3.650000e-06	7.131806e-06	1.244825e-09	3.845560e+01	1.448237e+02
3.660000e-06	7.132514e-06	1.245459e-09	3.845942e+01	1.448004e+02
3.670000e-06	7.132621e-06	1.247916e-09	3.846000e+01	1.447710e+02
3.680000e-06	7.132352e-06	1.251095e-09	3.845855e+01	1.447356e+02
3.690000e-06	7.131781e-06	1.252053e-09	3.845547e+01	1.446948e+02
3.700000e-06	7.130744e-06	1.252500e-09	3.844988e+01	1.446486e+02
3.710000e-06	7.129065e-06	1.254284e-09	3.844082e+01	1.445974e+02
3.720000e-06	7.127000e-06	1.255153e-09	3.842969e+01	1.445414e+02
3.730000e-06	7.124630e-06	1.255142e-09	3.841691e+01	1.444808e+02
3.740000e-06	7.121760e-06	1.253815e-09	3.840143e+01	1.444157e+02
3.750000e-06	7.118342e-06	1.246356e-09	3.838300e+01	1.443464e+02
3.760000e-06	7.114372e-06	1.229458e-09	3.836160e+01	1.442729e+02
3.770000e-06	7.109667e-06	1.241494e-09	3.833623e+01	1.441953e+02
3.780000e-06	7.104114e-06	1.308108e-09	3.830628e+01	1.441138e+02
3.790000e-06	7.097888e-06	1.291760e-09	3.827271e+01	1.440284e+02
3.800000e-06	7.091477e-06	1.164871e-09	3.823814e+01	1.439392e+02
3.810000e-06	7.085001e-06	1.186182e-09	3.820322e+01	1.438463e+02
3.820000e-06	7.078086e-06	1.334890e-09	3.816594e+01	1.437497e+02
3.830000e-06	7.070394e-06	1.315688e-09	3.812446e+01	1.436496e+02
3.840000e-06	7.062129e-06	1.143373e-09	3.807990e+01	1.435460e+02
3.850000e-06	7.053490e-06	1.168119e-09	3.803331e+01	1.434391e+02
3.860000e-06	7.044452e-06	1.385668e-09	3.798458e+01	1.433289e+02
3.870000e-06	7.034844e-06	1.339554e-09	3.793277e+01	1.432156e+02
3.880000e-06	7.024700e-06	1.080988e-09	3.787807e+01	1.430993e+02
3.890000e-06	7.014102e-06	1.139415e-09	3.782093e+01	1.429801e+02
3.900000e-06	7.003000e-06	1.412826e-09	3.776106e+01	1.428582e+02
3.910000e-06	6.991400e-06	1.324620e-09	3.769851e+01	1.427337e+02
3.920000e-06	6.979248e-06	1.067706e-09	3.763299e+01	1.426068e+02
3.930000e-06	6.966397e-06	1.200266e-09	3.756370e+01	1.424777e+02
3.940000e-06	6.952743e-06	1.413850e-09	3.749007e+01	1.423465e+02
3.950000e-06	6.938439e-06	1.215255e-09	3.741295e+01	1.422133e+02
3.960000e-06	6.923418e-06	1.055493e-09	3.733195e+01	1.420783e+02
3.970000e-06	6.907846e-06	1.296093e-09	3.724798e+01	1.419416e+02
3.980000e-06	6.891801e-06	1.375378e-09	3.716146e+01	1.418032e+02
3.990000e-06	6.875283e-06	1.126445e-09	3.707240e+01	1.416632e+02
4.000000e-06	6.858405e-06	1.152464e-09	3.698139e+01	1.415216e+02
4.010000e-06	6.841079e-06	1.376714e-09	3.688797e+01	1.413783e+02
4.020000e-06	6.823206e-06	1.235675e-09	3.679159e+01	1.412333e+02
4.030000e-06	6.804881e-06	1.069588e-09	3.669278e+01	1.410865e+02
4.040000e-06	6.786066e-06	1.292776e-09	3.659133e+01	1.409376e+02
4.050000e-06	6.766739e-06	1.365539e-09	3.648712e+01	1.407864e+02
4.060000e-06	6.746983e-06	1.118260e-09	3.638059e+01	1.406327e+02
4.070000e-06	6.726917e-06	1.157186e-09	3.627239e+01	1.404761e+02
4.080000e-06	6.706585e-06	1.361702e-09	3.616276e+01	1.403162e+02
4.090000e-06	6.685895e-06	1.220200e-09	3.605119e+01	1.401526e+02
4.100000e-06	6.664567e-06	1.099068e-09	3.593619e+01	1.399848e+02
4.110000e-06	6.642475e-06	1.287138e-09	3.581707e+01	1.398124e+02
4.120000e-06	6.619783e-06	1.293621e-09	3.569471e+01	1.396347e+02
4.130000e-06	6.596446e-06	1.128218e-09	3.556887e+01	1.394512e+02
4.140000e-06	6.572524e-06	1.221906e-09	3.543988e+01	1.392614e+02
4.150000e-06	6.548320e-06	1.309578e-09	3.530937e+01	1.390646e+02
4.160000e-06	6.523793e-06	1.165455e-09	3.517712e+01	1.388604e+02
4.170000e-06	6.498753e-06	1.171437e-09	3.504210e+01	1.386481e+02
4.180000e-06	6.473234e-06	1.295372e-09	3.490450e+01	1.384272e+02
4.190000e-06	6.447220e-06	1.218022e-09	3.476423e+01	1.381972e+02
4.200000e-06	6.420730e-06	1.158745e-09	3.462139e+01	1.379578e+02
4.210000e-06	6.393716e-06	1.252579e-09	3.447573e+01	1.377084e+02
4.220000e-06	6.366175e-06	1.235784e-09	3.432723e+01	1.374487e+02
4.230000e-06	6.338201e-06	1.166057e-09	3.417638e+01	1.371785e+02
4.240000e-06	6.309992e-06	1.219474e-09	3.402428e+01	1.368975e+02
4.250000e-06	6.281634e-06	1.235669e-09	3.387137e+01	1.366056e+02
4.260000e-06	6.252991e-06	1.181777e-09	3.371692e+01	1.363027e+02
4.270000e-06	6.223734e-06	1.200700e-09	3.355916e+01	1.359889e+02
4.280000e-06	6.193789e-06	1.224154e-09	3.339769e+01	1.356642e+02
4.290000e-06	6.163071e-06	1.192019e-09	3.323206e+01	1.353288e+02
4.300000e-06	6.131612e-06	1.189101e-09	3.306243e+01	1.349830e+02
4.310000e-06	6.099735e-06	1.202770e-09	3.289055e+01	1.346270e+02
4.320000e-06	6.067552e-06	1.193711e-09	3.271701e+01	1.342613e+02
4.330000e-06	6.035090e-06	1.189844e-09	3.254197e+01	1.338861e+02
4.340000e-06	6.002213e-06	1.187862e-09	3.236470e+01	1.335021e+02
4.350000e-06	5.968784e-06	1.182454e-09	3.218444e+01	1.331096e+02
4.360000e-06	5.934884e-06	1.185617e-09	3.200165e+01	1.327093e+02
4.370000e-06	5.900640e-06	1.180180e-09	3.181700e+01	1.323015e+02
4.380000e-06	5.866100e-06	1.175028e-09	3.163075e+01	1.318869e+02
4.390000e-06	5.831094e-06	1.181465e-09	3.144200e+01	1.314661e+02
4.400000e-06	5.795619e-06	1.172629e-09	3.125071e+01	1.310394e+02
4.410000e-06	5.759897e-06	1.160326e-09	3.105809e+01	1.306073e+02
4.420000e-06	5.723826e-06	1.167912e-09	3.086360e+01	1.301704e+02
4.430000e-06	5.687513e-06	1.165668e-09	3.066779e+01	1.297289e+02
4.440000e-06	5.651085e-06	1.150649e-09	3.047137e+01	1.292833e+02
4.450000e-06	5.614238e-06	1.151809e-09	3.027268e+01	1.288337e+02
4.460000e-06	5.576678e-06	1.155698e-09	3.007016e+01	1.283804e+02
4.470000e-06	5.538411e-06	1.147447e-09	2.986381e+01	1.279234e+02
4.480000e-06	5.499442e-06	1.141984e-09	2.965369e+01	1.274630e+02
4.490000e-06	5.459890e-06	1.141025e-09	2.944042e+01	1.269989e+02
4.500000e-06	5.419939e-06	1.136942e-09	2.922500e+01	1.265311e+02
4.510000e-06	5.379719e-06	1.133017e-09	2.900813e+01	1.260595e+02
4.520000e-06	5.339301e-06	1.131243e-09	2.879019e+01	1.255838e+02
4.530000e-06	5.298522e-06	1.128645e-09	2.857030e+01	1.251037e+02
4.540000e-06	5.257400e-06	1.122734e-09	2.834857e+01	1.246188e+02
4.550000e-06	5.215989e-06	1.117291e-09	2.812528e+01	1.241287e+02
4.560000e-06	5.174309e-06	1.115189e-09	2.790053e+01	1.236330e+02
4.570000e-06	5.132281e-06	1.111584e-09	2.767391e+01	1.231311e+02
4.580000e-06	5.089847e-06	1.104152e-09	2.744510e+01	1.226227e+02
4.590000e-06	5.046960e-06	1.097833e-09	2.721385e+01	1.221070e+02
4.600000e-06	5.003617e-06	1.094892e-09	2.698014e+01	1.215836e+02
4.610000e-06	4.959913e-06	1.093117e-09	2.674448e+01	1.210520e+02
4.620000e-06	4.915919e-06	1.089301e-09	2.650726e+01	1.205116e+02
4.630000e-06	4.871781e-06	1.085583e-09	2.626926e+01	1.199619e+02
4.640000e-06	4.827469e-06	1.082774e-09	2.603033e+01	1.194025e+02
4.650000e-06	4.782906e-06	1.078464e-09	2.579003e+01	1.188329e+02
4.660000e-06	4.738077e-06	1.071993e-09	2.554831e+01	1.182527e+02
4.670000e-06	4.692942e-06	1.065055e-09	2.530494e+01	1.176614e+02
4.680000e-06	4.647488e-06	1.058051e-09	2.505984e+01	1.170589e+02
4.690000e-06	4.601546e-06	1.051511e-09	2.481212e+01	1.164448e+02
4.700000e-06	4.555155e-06	1.046873e-09	2.456198e+01	1.158189e+02
4.710000e-06	4.508521e-06	1.043179e-09	2.431052e+01	1.151810e+02
4.720000e-06	4.461533e-06	1.038819e-09	2.405715e+01	1.145308e+02
4.730000e-06	4.414171e-06	1.032362e-09	2.380177e+01	1.138684e+02
4.740000e-06	4.366487e-06	1.023736e-09	2.354465e+01	1.131936e+02
4.750000e-06	4.318619e-06	1.017113e-09	2.328654e+01	1.125064e+02
4.760000e-06	4.270457e-06	1.013002e-09	2.302684e+01	1.118068e+02
4.770000e-06	4.221804e-06	1.006754e-09	2.276450e+01	1.110946e+02
4.780000e-06	4.172653e-06	1.000294e-09	2.249947e+01	1.103700e+02
4.790000e-06	4.123076e-06	9.967978e-10	2.223215e+01	1.096330e+02
4.800000e-06	4.073280e-06	9.934804e-10	2.196364e+01	1.088834e+02
4.810000e-06	4.023255e-06	9.873941e-10	2.169390e+01	1.081214e+02
4.820000e-06	3.972960e-06	9.802815e-10	2.142270e+01	1.073469e+02
4.830000e-06	3.922364e-06	9.737266e-10	2.114989e+01	1.065599e+02
4.840000e-06	3.871366e-06	9.668033e-10	2.087490e+01	1.057603e+02
4.850000e-06	3.820010e-06	9.594829e-10	2.059798e+01	1.049480e+02
4.860000e-06	3.768404e-06	9.523684e-10	2.031971e+01	1.041231e+02
4.870000e-06	3.716583e-06	9.448933e-10	2.004029e+01	1.032853e+02
4.880000e-06	3.664590e-06	9.371765e-10	1.975993e+01	1.024345e+02
4.890000e-06	3.612355e-06	9.298745e-10	1.947828e+01	1.015706e+02
4.900000e-06	3.559709e-06	9.232816e-10	1.919440e+01	1.006934e+02
4.910000e-06	3.506711e-06	9.169191e-10	1.890863e+01	9.980271e+01
4.920000e-06	3.453352e-06	9.099256e-10	1.862091e+01	9.889834e+01
4.930000e-06	3.399636e-06	9.011524e-10	1.833127e+01	9.798012e+01
4.940000e-06	3.345583e-06	8.920119e-10	1.803981e+01	9.704784e+01
4.950000e-06	3.291134e-06	8.844843e-10	1.774621e+01	9.610134e+01
4.960000e-06	3.236306e-06	8.767353e-10	1.745057e+01	9.514045e+01
4.970000e-06	3.181121e-06	8.671630e-10	1.715301e+01	9.416505e+01
4.980000e-06	3.125675e-06	8.577811e-10	1.685404e+01	9.317501e+01
4.990000e-06	3.070022e-06	8.503930e-10	1.655395e+01	9.217028e+01
5.000000e-06	3.014106e-06	8.432916e-10	1.625244e+01	9.115082e+01
5.010000e-06	2.958117e-06	8.342533e-10	1.595054e+01	9.011665e+01
5.020000e-06	2.901968e-06	8.240126e-10	1.564778e+01	8.906782e+01
5.030000e-06	2.845580e-06	8.134170e-10	1.534373e+01	8.800444e+01
5.040000e-06	2.789079e-06	8.030527e-10	1.503907e+01	8.692667e+01
5.050000e-06	2.732395e-06	7.939662e-10	1.473342e+01	8.583472e+01
5.060000e-06	2.675652e-06	7.856097e-10	1.442746e+01	8.472884e+01
5.070000e-06	2.618764e-06	7.757608e-10	1.412071e+01	8.360931e+01
5.080000e-06	2.561607e-06	7.648429e-10	1.381251e+01	8.247648e+01
5.090000e-06	2.504297e-06	7.551417e-10	1.350349e+01	8.133070e+01
5.100000e-06	2.446871e-06	7.448666e-10	1.319384e+01	8.017236e+01
5.110000e-06	2.389305e-06	7.334677e-10	1.288343e+01	7.900184e+01
5.120000e-06	2.331487e-06	7.222929e-10	1.257167e+01	7.781955e+01
5.130000e-06	2.273416e-06	7.112218e-10	1.225855e+01	7.662589e+01
5.140000e-06	2.215156e-06	7.010918e-10	1.194440e+01	7.542122e+01
5.150000e-06	2.156738e-06	6.913540e-10	1.162941e+01	7.420589e+01
5.160000e-06	2.098265e-06	6.805558e-10	1.131411e+01	7.298021e+01
5.170000e-06	2.039599e-06	6.685452e-10	1.099778e+01	7.174442e+01
5.180000e-06	1.980616e-06	6.557411e-10	1.067973e+01	7.049872e+01
5.190000e-06	1.921487e-06	6.429878e-10	1.036090e+01	6.924322e+01
5.200000e-06	1.862271e-06	6.310736e-10	1.004160e+01	6.797796e+01
5.210000e-06	1.802993e-06	6.192843e-10	9.721966e+00	6.670289e+01
5.220000e-06	1.743694e-06	6.074522e-10	9.402221e+00	6.541786e+01
5.230000e-06	1.684223e-06	5.964711e-10	9.081546e+00	6.412263e+01
5.240000e-06	1.624575e-06	5.853560e-10	8.759915e+00	6.281686e+01
5.250000e-06	1.564838e-06	5.729501e-10	8.437803e+00	6.150011e+01
5.260000e-06	1.505018e-06	5.608419e-10	8.115248e+00	6.017183e+01
5.270000e-06	1.445096e-06	5.499404e-10	7.792140e+00	5.883140e+01
5.280000e-06	1.385064e-06	5.380402e-10	7.468443e+00	5.747808e+01
5.290000e-06	1.324983e-06	5.250400e-10	7.144474e+00	5.611109e+01
5.300000e-06	1.264803e-06	5.110423e-10	6.819976e+00	5.472953e+01
5.310000e-06	1.204586e-06	4.966540e-10	6.495283e+00	5.333249e+01
5.320000e-06	1.144384e-06	4.832457e-10	6.170663e+00	5.191898e+01
5.330000e-06	1.084168e-06	4.704667e-10	5.845969e+00	5.048800e+01
5.340000e-06	1.023967e-06	4.579624e-10	5.521358e+00	4.903854e+01
5.350000e-06	9.637110e-07	4.454240e-10	5.196452e+00	4.756956e+01
5.360000e-06	9.034523e-07	4.320213e-10	4.871530e+00	4.608008e+01
5.370000e-06	8.431901e-07	4.175778e-10	4.546588e+00	4.456913e+01
5.380000e-06	7.828310e-07	4.033572e-10	4.221124e+00	4.303581e+01
5.390000e-06	7.223870e-07	3.892806e-10	3.895202e+00	4.147929e+01
5.400000e-06	6.619062e-07	3.742633e-10	3.569082e+00	3.989881e+01
5.410000e-06	6.014117e-07	3.595239e-10	3.242888e+00	3.829373e+01
5.420000e-06	5.408680e-07	3.455934e-10	2.916429e+00	3.666354e+01
5.430000e-06	4.803040e-07	3.318040e-10	2.589860e+00	3.500785e+01
5.440000e-06	4.196780e-07	3.182353e-10	2.262957e+00	3.332640e+01
5.450000e-06	3.589729e-07	3.035163e-10	1.935628e+00	3.161909e+01
5.460000e-06	2.983089e-07	2.873650e-10	1.608519e+00	2.988599e+01
5.470000e-06	2.377149e-07	2.708938e-10	1.281789e+00	2.812731e+01
5.480000e-06	1.770455e-07	2.551026e-10	9.546519e-01	2.634345e+01
5.490000e-06	1.162670e-07	2.393307e-10	6.269262e-01	2.453497e+01
5.500000e-06	5.552838e-08	2.221427e-10	2.994161e-01	2.270258e+01
5.510000e-06	-5.154392e-09	2.035819e-10	-2.779314e-02	2.084715e+01
5.520000e-06	-6.599162e-08	1.849717e-10	-3.558352e-01	1.896973e+01
5.530000e-06	-1.268959e-07	1.674704e-10	-6.842390e-01	1.707149e+01
5.540000e-06	-1.877640e-07	1.500426e-10	-1.012447e+00	1.515375e+01
5.550000e-06	-2.485867e-07	1.326471e-10	-1.340411e+00	1.321794e+01
5.560000e-06	-3.092726e-07	1.155041e-10	-1.667637e+00	1.126562e+01
5.570000e-06	-3.699430e-07	9.785284e-11	-1.994779e+00	9.298430e+00
5.580000e-06	-4.306945e-07	7.986102e-11	-2.322359e+00	7.318101e+00
5.590000e-06	-4.915418e-07	6.030484e-11	-2.650456e+00	5.326430e+00
5.600000e-06	-5.522670e-07	3.979443e-11	-2.977894e+00	3.325266e+00
5.610000e-06	-6.128224e-07	2.039648e-11	-3.304416e+00	1.316493e+00
5.620000e-06	-6.733401e-07	2.100367e-12	-3.630735e+00	-6.979846e-01
5.630000e-06	-7.338645e-07	-1.595075e-11	-3.957091e+00	-2.716256e+00
5.640000e-06	-7.943537e-07	-3.514793e-11	-4.283256e+00	-4.736421e+00
5.650000e-06	-8.547953e-07	-5.539222e-11	-4.609164e+00	-6.756602e+00
5.660000e-06	-9.151762e-07	-7.549657e-11	-4.934746e+00	-8.774954e+00
5.670000e-06	-9.754689e-07	-9.451671e-11	-5.259852e+00	-1.078968e+01
5.680000e-06	-1.035765e-06	-1.126817e-10	-5.584977e+00	-1.279904e+01
5.690000e-06	-1.096064e-06	-1.311472e-10	-5.910115e+00	-1.480136e+01
5.700000e-06	-1.156326e-06	-1.506685e-10	-6.235059e+00	-1.679502e+01
5.710000e-06	-1.216521e-06	-1.703267e-10	-6.559636e+00	-1.877851e+01
5.720000e-06	-1.276680e-06	-1.886366e-10	-6.884021e+00	-2.075038e+01
5.730000e-06	-1.336758e-06	-2.062530e-10	-7.207971e+00	-2.270927e+01
5.740000e-06	-1.396720e-06	-2.234780e-10	-7.531293e+00	-2.465391e+01
5.750000e-06	-1.456572e-06	-2.405665e-10	-7.854019e+00	-2.658310e+01
5.760000e-06	-1.516222e-06	-2.585359e-10	-8.175659e+00	-2.849576e+01
5.770000e-06	-1.575820e-06	-2.767974e-10	-8.497020e+00	-3.039086e+01
5.780000e-06	-1.635484e-06	-2.950952e-10	-8.818738e+00	-3.226748e+01
5.790000e-06	-1.695069e-06	-3.138499e-10	-9.140029e+00	-3.412478e+01
5.800000e-06	-1.754571e-06	-3.326637e-10	-9.460872e+00	-3.596198e+01
5.810000e-06	-1.813885e-06	-3.506710e-10	-9.780697e+00	-3.777840e+01
5.820000e-06	-1.872993e-06	-3.669911e-10	-1.009942e+01	-3.957341e+01
5.830000e-06	-1.932004e-06	-3.827839e-10	-1.041761e+01	-4.134646e+01
5.840000e-06	-1.990848e-06	-4.005535e-10	-1.073490e+01	-4.309707e+01
5.850000e-06	-2.049497e-06	-4.190624e-10	-1.105115e+01	-4.482481e+01
5.860000e-06	-2.107951e-06	-4.353780e-10	-1.136634e+01	-4.652933e+01
5.870000e-06	-2.166312e-06	-4.496861e-10	-1.168103e+01	-4.821033e+01
5.880000e-06	-2.224414e-06	-4.646177e-10	-1.199432e+01	-4.986755e+01
5.890000e-06	-2.282260e-06	-4.800556e-10	-1.230624e+01	-5.150081e+01
5.900000e-06	-2.340007e-06	-4.950283e-10	-1.261761e+01	-5.310997e+01
5.910000e-06	-2.397610e-06	-5.102081e-10	-1.292822e+01	-5.469496e+01
5.920000e-06	-2.455090e-06	-5.240207e-10	-1.323815e+01	-5.625574e+01
5.930000e-06	-2.512321e-06	-5.367646e-10	-1.354676e+01	-5.779234e+01
5.940000e-06	-2.569314e-06	-5.508959e-10	-1.385406e+01	-5.930485e+01
5.950000e-06	-2.626221e-06	-5.663568e-10	-1.416091e+01	-6.079339e+01
5.960000e-06	-2.683042e-06	-5.813753e-10	-1.446730e+01	-6.225817e+01
5.970000e-06	-2.739619e-06	-5.948044e-10	-1.477238e+01	-6.369941e+01
5.980000e-06	-2.795987e-06	-6.077076e-10	-1.507632e+01	-6.511743e+01
5.990000e-06	-2.852235e-06	-6.208372e-10	-1.537961e+01	-6.651258e+01
6.000000e-06	-2.908405e-06	-6.331863e-10	-1.568249e+01	-6.788526e+01
6.010000e-06	-2.964391e-06	-6.446133e-10	-1.598437e+01	-6.923594e+01
6.020000e-06	-3.020119e-06	-6.557739e-10	-1.628487e+01	-7.056511e+01
6.030000e-06	-3.075588e-06	-6.671661e-10	-1.658396e+01	-7.187334e+01
6.040000e-06	-3.130857e-06	-6.795385e-10	-1.688198e+01	-7.316122e+01
6.050000e-06	-3.185859e-06	-6.917710e-10	-1.717856e+01	-7.442939e+01
6.060000e-06	-3.240577e-06	-7.027555e-10	-1.747360e+01	-7.567852e+01
6.070000e-06	-3.294980e-06	-7.132841e-10	-1.776695e+01	-7.690930e+01
6.080000e-06	-3.348923e-06	-7.245091e-10	-1.805782e+01	-7.812245e+01
6.090000e-06	-3.402462e-06	-7.358429e-10	-1.834651e+01	-7.931871e+01
6.100000e-06	-3.455672e-06	-7.473440e-10	-1.863342e+01	-8.049881e+01
6.110000e-06	-3.508602e-06	-7.590141e-10	-1.891883e+01	-8.166350e+01
6.120000e-06	-3.561227e-06	-7.690026e-10	-1.920259e+01	-8.281349e+01
6.130000e-06	-3.613580e-06	-7.777321e-10	-1.948488e+01	-8.394952e+01
6.140000e-06	-3.665618e-06	-7.866256e-10	-1.976548e+01	-8.507225e+01
6.150000e-06	-3.717354e-06	-7.962372e-10	-2.004444e+01	-8.618235e+01
6.160000e-06	-3.768795e-06	-8.056466e-10	-2.032182e+01	-8.728042e+01
6.170000e-06	-3.819975e-06	-8.159141e-10	-2.059779e+01	-8.836704e+01
6.180000e-06	-3.870907e-06	-8.272467e-10	-2.087242e+01	-8.944270e+01
6.190000e-06	-3.921586e-06	-8.376241e-10	-2.114569e+01	-9.050787e+01
6.200000e-06	-3.972014e-06	-8.467889e-10	-2.141760e+01	-9.156291e+01
6.210000e-06	-4.022047e-06	-8.548977e-10	-2.168739e+01	-9.260816e+01
6.220000e-06	-4.071741e-06	-8.626651e-10	-2.195534e+01	-9.364385e+01
6.230000e-06	-4.121156e-06	-8.708098e-10	-2.222180e+01	-9.467016e+01
6.240000e-06	-4.170093e-06	-8.792865e-10	-2.248567e+01	-9.568718e+01
6.250000e-06	-4.218507e-06	-8.878174e-10	-2.274673e+01	-9.669495e+01
6.260000e-06	-4.266594e-06	-8.971694e-10	-2.300601e+01	-9.769341e+01
6.270000e-06	-4.314485e-06	-9.071238e-10	-2.326425e+01	-9.868246e+01
6.280000e-06	-4.362113e-06	-9.163021e-10	-2.352107e+01	-9.966193e+01
6.290000e-06	-4.409329e-06	-9.246065e-10	-2.377566e+01	-1.006316e+02
6.300000e-06	-4.456098e-06	-9.326244e-10	-2.402785e+01	-1.015912e+02
6.310000e-06	-4.502501e-06	-9.411871e-10	-2.427806e+01	-1.025403e+02
6.320000e-06	-4.548657e-06	-9.498158e-10	-2.452694e+01	-1.034787e+02
6.330000e-06	-4.594567e-06	-9.582268e-10	-2.477449e+01	-1.044060e+02
6.340000e-06	-4.640141e-06	-9.674163e-10	-2.502023e+01	-1.053217e+02
6.350000e-06	-4.685364e-06	-9.764609e-10	-2.526408e+01	-1.062254e+02
6.360000e-06	-4.730241e-06	-9.846454e-10	-2.550606e+01	-1.071168e+02
6.370000e-06	-4.774869e-06	-9.925622e-10	-2.574670e+01	-1.079953e+02
6.380000e-06	-4.819272e-06	-9.997794e-10	-2.598613e+01	-1.088607e+02
6.390000e-06	-4.863427e-06	-1.006917e-09	-2.622421e+01	-1.097126e+02
6.400000e-06	-4.907356e-06	-1.014356e-09	-2.646109e+01	-1.105506e+02
6.410000e-06	-4.950951e-06	-1.021099e-09	-2.669616e+01	-1.113745e+02
6.420000e-06	-4.994210e-06	-1.027751e-09	-2.692941e+01	-1.121839e+02
6.430000e-06	-5.037192e-06	-1.034783e-09	-2.716118e+01	-1.129786e+02
6.440000e-06	-5.079778e-06	-1.041944e-09	-2.739081e+01	-1.137586e+02
6.450000e-06	-5.121981e-06	-1.048901e-09	-2.761837e+01	-1.145236e+02
6.460000e-06	-5.163894e-06	-1.055087e-09	-2.784437e+01	-1.152737e+02
6.470000e-06	-5.205486e-06	-1.062582e-09	-2.806864e+01	-1.160088e+02
6.480000e-06	-5.246614e-06	-1.070783e-09	-2.829041e+01	-1.167290e+02
6.490000e-06	-5.287436e-06	-1.078074e-09	-2.851053e+01	-1.174344e+02
6.500000e-06	-5.328071e-06	-1.084779e-09	-2.872963e+01	-1.181251e+02
6.510000e-06	-5.368292e-06	-1.091083e-09	-2.894651e+01	-1.188013e+02
6.520000e-06	-5.408224e-06	-1.096754e-09	-2.916183e+01	-1.194633e+02
6.530000e-06	-5.447812e-06	-1.101104e-09	-2.937529e+01	-1.201113e+02
6.540000e-06	-5.487031e-06	-1.105433e-09	-2.958677e+01	-1.207456e+02
6.550000e-06	-5.525681e-06	-1.110612e-09	-2.979517e+01	-1.213666e+02
6.560000e-06	-5.563593e-06	-1.116358e-09	-2.999960e+01	-1.219747e+02
6.570000e-06	-5.601060e-06	-1.122625e-09	-3.020163e+01	-1.225701e+02
6.580000e-06	-5.638128e-06	-1.128605e-09	-3.040150e+01	-1.231533e+02
6.590000e-06	-5.674627e-06	-1.132323e-09	-3.059831e+01	-1.237247e+02
6.600000e-06	-5.710744e-06	-1.134759e-09	-3.079306e+01	-1.242846e+02
6.610000e-06	-5.746670e-06	-1.137952e-09	-3.098677e+01	-1.248335e+02
6.620000e-06	-5.782209e-06	-1.141012e-09	-3.117840e+01	-1.253717e+02
6.630000e-06	-5.817330e-06	-1.143618e-09	-3.136778e+01	-1.258996e+02
6.640000e-06	-5.852051e-06	-1.147359e-09	-3.155500e+01	-1.264176e+02
6.650000e-06	-5.886407e-06	-1.151610e-09	-3.174025e+01	-1.269259e+02
6.660000e-06	-5.920343e-06	-1.155163e-09	-3.192324e+01	-1.274251e+02
6.670000e-06	-5.953868e-06	-1.158833e-09	-3.210401e+01	-1.279153e+02
6.680000e-06	-5.986978e-06	-1.162710e-09	-3.228255e+01	-1.283969e+02
6.690000e-06	-6.019726e-06	-1.166023e-09	-3.245913e+01	-1.288701e+02
6.700000e-06	-6.052113e-06	-1.168938e-09	-3.263376e+01	-1.293353e+02
6.710000e-06	-6.084191e-06	-1.172257e-09	-3.280673e+01	-1.297927e+02
6.720000e-06	-6.115992e-06	-1.174935e-09	-3.297821e+01	-1.302425e+02
6.730000e-06	-6.147251e-06	-1.177148e-09	-3.314676e+01	-1.306850e+02
6.740000e-06	-6.177796e-06	-1.179173e-09	-3.331146e+01	-1.311204e+02
6.750000e-06	-6.207620e-06	-1.181142e-09	-3.347228e+01	-1.315489e+02
6.760000e-06	-6.236815e-06	-1.184364e-09	-3.362970e+01	-1.319707e+02
6.770000e-06	-6.265510e-06	-1.187586e-09	-3.378442e+01	-1.323860e+02
6.780000e-06	-6.293885e-06	-1.189632e-09	-3.393743e+01	-1.327950e+02
6.790000e-06	-6.321935e-06	-1.191359e-09	-3.408868e+01	-1.331979e+02
6.800000e-06	-6.349584e-06	-1.193316e-09	-3.423776e+01	-1.335949e+02
6.810000e-06	-6.376904e-06	-1.195499e-09	-3.438508e+01	-1.339860e+02
6.820000e-06	-6.403785e-06	-1.197668e-09	-3.453002e+01	-1.343716e+02
6.830000e-06	-6.430186e-06	-1.199876e-09	-3.467238e+01	-1.347516e+02
6.840000e-06	-6.456101e-06	-1.202875e-09	-3.481212e+01	-1.351263e+02
6.850000e-06	-6.481491e-06	-1.205785e-09	-3.494902e+01	-1.354958e+02
6.860000e-06	-6.506441e-06	-1.208573e-09	-3.508356e+01	-1.358602e+02
6.870000e-06	-6.531054e-06	-1.211311e-09	-3.521627e+01	-1.362195e+02
6.880000e-06	-6.555394e-06	-1.213240e-09	-3.534752e+01	-1.365739e+02
6.890000e-06	-6.579343e-06	-1.215469e-09	-3.547665e+01	-1.369233e+02
6.900000e-06	-6.602763e-06	-1.218303e-09	-3.560294e+01	-1.372678e+02
6.910000e-06	-6.625625e-06	-1.220459e-09	-3.572621e+01	-1.376075e+02
6.920000e-06	-6.647829e-06	-1.221735e-09	-3.584594e+01	-1.379421e+02
6.930000e-06	-6.669380e-06	-1.222744e-09	-3.596214e+01	-1.382717e+02
6.940000e-06	-6.690525e-06	-1.223415e-09	-3.607616e+01	-1.385962e+02
6.950000e-06	-6.711192e-06	-1.224669e-09	-3.618760e+01	-1.389154e+02
6.960000e-06	-6.731281e-06	-1.226636e-09	-3.629592e+01	-1.392291e+02
6.970000e-06	-6.750938e-06	-1.229114e-09	-3.640191e+01	-1.395371e+02
6.980000e-06	-6.770240e-06	-1.232238e-09	-3.650599e+01	-1.398392e+02
6.990000e-06	-6.789099e-06	-1.234550e-09	-3.660768e+01	-1.401351e+02
7.000000e-06	-6.807402e-06	-1.235727e-09	-3.670637e+01	-1.404245e+02
7.010000e-06	-6.825209e-06	-1.236247e-09	-3.680240e+01	-1.407070e+02
7.020000e-06	-6.842607e-06	-1.236961e-09	-3.689621e+01	-1.409824e+02
7.030000e-06	-6.859638e-06	-1.238347e-09	-3.698804e+01	-1.412502e+02
7.040000e-06	-6.876198e-06	-1.240575e-09	-3.707733e+01	-1.415101e+02
7.050000e-06	-6.892355e-06	-1.243732e-09	-3.716445e+01	-1.417617e+02
7.060000e-06	-6.908163e-06	-1.246815e-09	-3.724969e+01	-1.420046e+02
7.070000e-06	-6.923411e-06	-1.248328e-09	-3.733191e+01	-1.422384e+02
7.080000e-06	-6.937885e-06	-1.248248e-09	-3.740996e+01	-1.424628e+02
7.090000e-06	-6.951540e-06	-1.247930e-09	-3.748359e+01	-1.426774e+02
7.100000e-06	-6.964521e-06	-1.248074e-09	-3.755358e+01	-1.428820e+02
7.110000e-06	-6.976966e-06	-1.249142e-09	-3.762069e+01	-1.430761e+02
7.120000e-06	-6.988907e-06	-1.251031e-09	-3.768507e+01	-1.432596e+02
7.130000e-06	-7.000301e-06	-1.252848e-09	-3.774651e+01	-1.434323e+02
7.140000e-06	-7.011192e-06	-1.254523e-09	-3.780524e+01	-1.435939e+02
7.150000e-06	-7.021626e-06	-1.255639e-09	-3.786150e+01	-1.437443e+02
7.160000e-06	-7.031635e-06	-1.256174e-09	-3.791547e+01	-1.438836e+02
7.170000e-06	-7.041241e-06	-1.257134e-09	-3.796727e+01	-1.440116e+02
7.180000e-06	-7.050264e-06	-1.257595e-09	-3.801592e+01	-1.441283e+02
7.190000e-06	-7.058772e-06	-1.256987e-09	-3.806179e+01	-1.442340e+02
7.200000e-06	-7.067011e-06	-1.256115e-09	-3.810622e+01	-1.443286e+02
7.210000e-06	-7.074834e-06	-1.255270e-09	-3.814840e+01	-1.444123e+02
7.220000e-06	-7.082155e-06	-1.254199e-09	-3.818788e+01	-1.444855e+02
7.230000e-06	-7.088682e-06	-1.252851e-09	-3.822307e+01	-1.445483e+02
7.240000e-06	-7.094298e-06	-1.251465e-09	-3.825335e+01	-1.446010e+02
7.250000e-06	-7.099348e-06	-1.250192e-09	-3.828058e+01	-1.446440e+02
7.260000e-06	-7.103911e-06	-1.248926e-09	-3.830519e+01	-1.446776e+02
7.270000e-06	-7.108087e-06	-1.247322e-09	-3.832770e+01	-1.447023e+02
7.280000e-06	-7.111912e-06	-1.246208e-09	-3.834833e+01	-1.447183e+02
7.290000e-06	-7.115339e-06	-1.245147e-09	-3.836681e+01	-1.447261e+02
7.300000e-06	-7.118348e-06	-1.243297e-09	-3.838304e+01	-1.447260e+02
7.310000e-06	-7.120828e-06	-1.242368e-09	-3.839641e+01	-1.447186e+02
7.320000e-06	-7.122844e-06	-1.242460e-09	-3.840728e+01	-1.447042e+02
7.330000e-06	-7.124345e-06	-1.243526e-09	-3.841537e+01	-1.446830e+02
7.340000e-06	-7.125183e-06	-1.245034e-09	-3.841989e+01	-1.446556e+02
