# Temperatura_=_20.0
# Concentracion g/m^3_=_7400.0
# C_Vs_to_Am_M_A/Vsm_=_116720831517.84952
# pendiente_HvsI_1/m_=_3716.3
# ordenada_HvsI_A/m_=_1297.0
# frecuencia_Hz_=_136108.5093546649

Tiempo_(s)	Campo_(V.s)	Magnetizacion_(V.s)	Campo_(kA/m)	Magnetizacion_(A/m)
0.000000e+00	-7.098006e-06	-1.588967e-09	-3.843095e+01	-1.845036e+02
1.000000e-08	-7.098288e-06	-1.587264e-09	-3.843248e+01	-1.844969e+02
2.000000e-08	-7.098345e-06	-1.587320e-09	-3.843278e+01	-1.844817e+02
3.000000e-08	-7.097898e-06	-1.587581e-09	-3.843036e+01	-1.844582e+02
4.000000e-08	-7.096790e-06	-1.586190e-09	-3.842436e+01	-1.844269e+02
5.000000e-08	-7.094975e-06	-1.584453e-09	-3.841454e+01	-1.843880e+02
6.000000e-08	-7.092407e-06	-1.583692e-09	-3.840064e+01	-1.843419e+02
7.000000e-08	-7.089298e-06	-1.583056e-09	-3.838380e+01	-1.842889e+02
8.000000e-08	-7.085741e-06	-1.582821e-09	-3.836454e+01	-1.842293e+02
9.000000e-08	-7.081479e-06	-1.583905e-09	-3.834147e+01	-1.841634e+02
1.000000e-07	-7.076494e-06	-1.577811e-09	-3.831448e+01	-1.840917e+02
1.100000e-07	-7.070969e-06	-1.555186e-09	-3.828456e+01	-1.840143e+02
1.200000e-07	-7.065132e-06	-1.549310e-09	-3.825296e+01	-1.839315e+02
1.300000e-07	-7.059050e-06	-1.598242e-09	-3.822003e+01	-1.838436e+02
1.400000e-07	-7.052551e-06	-1.621759e-09	-3.818484e+01	-1.837508e+02
1.500000e-07	-7.045456e-06	-1.554626e-09	-3.814643e+01	-1.836534e+02
1.600000e-07	-7.037833e-06	-1.516482e-09	-3.810515e+01	-1.835516e+02
1.700000e-07	-7.029945e-06	-1.591628e-09	-3.806244e+01	-1.834454e+02
1.800000e-07	-7.021697e-06	-1.627527e-09	-3.801779e+01	-1.833351e+02
1.900000e-07	-7.012675e-06	-1.522622e-09	-3.796894e+01	-1.832208e+02
2.000000e-07	-7.002994e-06	-1.481332e-09	-3.791652e+01	-1.831026e+02
2.100000e-07	-6.992746e-06	-1.603716e-09	-3.786104e+01	-1.829805e+02
2.200000e-07	-6.981827e-06	-1.642023e-09	-3.780192e+01	-1.828546e+02
2.300000e-07	-6.970360e-06	-1.511697e-09	-3.773983e+01	-1.827250e+02
2.400000e-07	-6.958377e-06	-1.482058e-09	-3.767495e+01	-1.825915e+02
2.500000e-07	-6.945809e-06	-1.596142e-09	-3.760690e+01	-1.824542e+02
2.600000e-07	-6.932592e-06	-1.594895e-09	-3.753534e+01	-1.823130e+02
2.700000e-07	-6.918852e-06	-1.495740e-09	-3.746095e+01	-1.821679e+02
2.800000e-07	-6.904507e-06	-1.526285e-09	-3.738328e+01	-1.820189e+02
2.900000e-07	-6.889391e-06	-1.595971e-09	-3.730144e+01	-1.818658e+02
3.000000e-07	-6.873442e-06	-1.535415e-09	-3.721508e+01	-1.817085e+02
3.100000e-07	-6.856972e-06	-1.498661e-09	-3.712591e+01	-1.815469e+02
3.200000e-07	-6.840119e-06	-1.566820e-09	-3.703466e+01	-1.813810e+02
3.300000e-07	-6.822865e-06	-1.553862e-09	-3.694125e+01	-1.812106e+02
3.400000e-07	-6.805277e-06	-1.483043e-09	-3.684602e+01	-1.810356e+02
3.500000e-07	-6.787344e-06	-1.540900e-09	-3.674892e+01	-1.808559e+02
3.600000e-07	-6.768925e-06	-1.592782e-09	-3.664920e+01	-1.806713e+02
3.700000e-07	-6.749910e-06	-1.499798e-09	-3.654624e+01	-1.804818e+02
3.800000e-07	-6.730430e-06	-1.470555e-09	-3.644077e+01	-1.802872e+02
3.900000e-07	-6.710591e-06	-1.563449e-09	-3.633336e+01	-1.800875e+02
4.000000e-07	-6.690367e-06	-1.550441e-09	-3.622386e+01	-1.798824e+02
4.100000e-07	-6.669635e-06	-1.473743e-09	-3.611161e+01	-1.796720e+02
4.200000e-07	-6.648428e-06	-1.517462e-09	-3.599679e+01	-1.794560e+02
4.300000e-07	-6.626841e-06	-1.556866e-09	-3.587991e+01	-1.792344e+02
4.400000e-07	-6.604796e-06	-1.495986e-09	-3.576055e+01	-1.790071e+02
4.500000e-07	-6.582313e-06	-1.490496e-09	-3.563882e+01	-1.787741e+02
4.600000e-07	-6.559358e-06	-1.532260e-09	-3.551453e+01	-1.785351e+02
4.700000e-07	-6.535887e-06	-1.497203e-09	-3.538745e+01	-1.782901e+02
4.800000e-07	-6.512113e-06	-1.477892e-09	-3.525873e+01	-1.780390e+02
4.900000e-07	-6.488075e-06	-1.521227e-09	-3.512858e+01	-1.777817e+02
5.000000e-07	-6.463463e-06	-1.505318e-09	-3.499533e+01	-1.775181e+02
5.100000e-07	-6.437981e-06	-1.464269e-09	-3.485735e+01	-1.772481e+02
5.200000e-07	-6.411764e-06	-1.489399e-09	-3.471541e+01	-1.769716e+02
5.300000e-07	-6.385039e-06	-1.499218e-09	-3.457071e+01	-1.766885e+02
5.400000e-07	-6.357841e-06	-1.467676e-09	-3.442345e+01	-1.763987e+02
5.500000e-07	-6.330250e-06	-1.473007e-09	-3.427407e+01	-1.761021e+02
5.600000e-07	-6.302339e-06	-1.485001e-09	-3.412295e+01	-1.757985e+02
5.700000e-07	-6.274000e-06	-1.464391e-09	-3.396951e+01	-1.754879e+02
5.800000e-07	-6.245246e-06	-1.463230e-09	-3.381382e+01	-1.751701e+02
5.900000e-07	-6.216052e-06	-1.471528e-09	-3.365576e+01	-1.748450e+02
6.000000e-07	-6.186441e-06	-1.454855e-09	-3.349543e+01	-1.745125e+02
6.100000e-07	-6.156425e-06	-1.450930e-09	-3.333292e+01	-1.741725e+02
6.200000e-07	-6.125935e-06	-1.459988e-09	-3.316783e+01	-1.738248e+02
6.300000e-07	-6.094783e-06	-1.448265e-09	-3.299917e+01	-1.734693e+02
6.400000e-07	-6.063251e-06	-1.440822e-09	-3.282844e+01	-1.731059e+02
6.500000e-07	-6.031672e-06	-1.445532e-09	-3.265747e+01	-1.727346e+02
6.600000e-07	-5.999889e-06	-1.435988e-09	-3.248538e+01	-1.723551e+02
6.700000e-07	-5.967708e-06	-1.429907e-09	-3.231114e+01	-1.719673e+02
6.800000e-07	-5.934888e-06	-1.435619e-09	-3.213344e+01	-1.715712e+02
6.900000e-07	-5.901292e-06	-1.427993e-09	-3.195155e+01	-1.711667e+02
7.000000e-07	-5.866905e-06	-1.418117e-09	-3.176536e+01	-1.707537e+02
7.100000e-07	-5.831950e-06	-1.419520e-09	-3.157610e+01	-1.703320e+02
7.200000e-07	-5.796632e-06	-1.413369e-09	-3.138488e+01	-1.699016e+02
7.300000e-07	-5.761048e-06	-1.404477e-09	-3.119222e+01	-1.694625e+02
7.400000e-07	-5.725328e-06	-1.405485e-09	-3.099882e+01	-1.690146e+02
7.500000e-07	-5.689372e-06	-1.401398e-09	-3.080414e+01	-1.685578e+02
7.600000e-07	-5.652876e-06	-1.392137e-09	-3.060654e+01	-1.680921e+02
7.700000e-07	-5.616005e-06	-1.390723e-09	-3.040691e+01	-1.676175e+02
7.800000e-07	-5.578793e-06	-1.387473e-09	-3.020543e+01	-1.671339e+02
7.900000e-07	-5.541039e-06	-1.377275e-09	-3.000102e+01	-1.666413e+02
8.000000e-07	-5.502733e-06	-1.370646e-09	-2.979362e+01	-1.661397e+02
8.100000e-07	-5.464045e-06	-1.366918e-09	-2.958414e+01	-1.656291e+02
8.200000e-07	-5.425020e-06	-1.360504e-09	-2.937285e+01	-1.651095e+02
8.300000e-07	-5.385660e-06	-1.355527e-09	-2.915974e+01	-1.645809e+02
8.400000e-07	-5.346109e-06	-1.352151e-09	-2.894560e+01	-1.640434e+02
8.500000e-07	-5.306380e-06	-1.347789e-09	-2.873049e+01	-1.634969e+02
8.600000e-07	-5.266385e-06	-1.343648e-09	-2.851395e+01	-1.629415e+02
8.700000e-07	-5.226000e-06	-1.338954e-09	-2.829529e+01	-1.623772e+02
8.800000e-07	-5.185273e-06	-1.332722e-09	-2.807478e+01	-1.618040e+02
8.900000e-07	-5.144035e-06	-1.324730e-09	-2.785151e+01	-1.612220e+02
9.000000e-07	-5.101986e-06	-1.316118e-09	-2.762384e+01	-1.606311e+02
9.100000e-07	-5.059166e-06	-1.309940e-09	-2.739199e+01	-1.600315e+02
9.200000e-07	-5.015863e-06	-1.305526e-09	-2.715754e+01	-1.594230e+02
9.300000e-07	-4.972295e-06	-1.300471e-09	-2.692165e+01	-1.588058e+02
9.400000e-07	-4.928525e-06	-1.295018e-09	-2.668466e+01	-1.581798e+02
9.500000e-07	-4.884605e-06	-1.289525e-09	-2.644687e+01	-1.575451e+02
9.600000e-07	-4.840489e-06	-1.283447e-09	-2.620801e+01	-1.569016e+02
9.700000e-07	-4.795969e-06	-1.277138e-09	-2.596696e+01	-1.562493e+02
9.800000e-07	-4.750942e-06	-1.270622e-09	-2.572317e+01	-1.555883e+02
9.900000e-07	-4.705587e-06	-1.263510e-09	-2.547760e+01	-1.549183e+02
1.000000e-06	-4.660038e-06	-1.257110e-09	-2.523098e+01	-1.542395e+02
1.010000e-06	-4.614159e-06	-1.251242e-09	-2.498258e+01	-1.535516e+02
1.020000e-06	-4.567961e-06	-1.245556e-09	-2.473245e+01	-1.528547e+02
1.030000e-06	-4.521349e-06	-1.239776e-09	-2.448008e+01	-1.521486e+02
1.040000e-06	-4.474398e-06	-1.233385e-09	-2.422587e+01	-1.514332e+02
1.050000e-06	-4.427176e-06	-1.227967e-09	-2.397019e+01	-1.507084e+02
1.060000e-06	-4.379614e-06	-1.223036e-09	-2.371268e+01	-1.499739e+02
1.070000e-06	-4.331866e-06	-1.217500e-09	-2.345415e+01	-1.492296e+02
1.080000e-06	-4.283971e-06	-1.210250e-09	-2.319483e+01	-1.484753e+02
1.090000e-06	-4.235988e-06	-1.201299e-09	-2.293504e+01	-1.477106e+02
1.100000e-06	-4.187667e-06	-1.193603e-09	-2.267341e+01	-1.469355e+02
1.110000e-06	-4.138767e-06	-1.187146e-09	-2.240865e+01	-1.461495e+02
1.120000e-06	-4.089243e-06	-1.180886e-09	-2.214051e+01	-1.453524e+02
1.130000e-06	-4.039048e-06	-1.174479e-09	-2.186874e+01	-1.445438e+02
1.140000e-06	-3.988344e-06	-1.167035e-09	-2.159421e+01	-1.437234e+02
1.150000e-06	-3.937385e-06	-1.159324e-09	-2.131831e+01	-1.428908e+02
1.160000e-06	-3.886267e-06	-1.152518e-09	-2.104153e+01	-1.420457e+02
1.170000e-06	-3.834798e-06	-1.145660e-09	-2.076286e+01	-1.411877e+02
1.180000e-06	-3.782980e-06	-1.138464e-09	-2.048230e+01	-1.403163e+02
1.190000e-06	-3.730958e-06	-1.131442e-09	-2.020064e+01	-1.394312e+02
1.200000e-06	-3.678710e-06	-1.123845e-09	-1.991775e+01	-1.385320e+02
1.210000e-06	-3.626123e-06	-1.115644e-09	-1.963303e+01	-1.376182e+02
1.220000e-06	-3.573178e-06	-1.107542e-09	-1.934636e+01	-1.366895e+02
1.230000e-06	-3.519984e-06	-1.098748e-09	-1.905836e+01	-1.357456e+02
1.240000e-06	-3.466577e-06	-1.089924e-09	-1.876919e+01	-1.347860e+02
1.250000e-06	-3.413014e-06	-1.082655e-09	-1.847919e+01	-1.338104e+02
1.260000e-06	-3.359233e-06	-1.075866e-09	-1.818800e+01	-1.328186e+02
1.270000e-06	-3.305165e-06	-1.067473e-09	-1.789526e+01	-1.318102e+02
1.280000e-06	-3.250945e-06	-1.057249e-09	-1.760169e+01	-1.307851e+02
1.290000e-06	-3.196493e-06	-1.046855e-09	-1.730687e+01	-1.297430e+02
1.300000e-06	-3.141764e-06	-1.037867e-09	-1.701055e+01	-1.286838e+02
1.310000e-06	-3.086774e-06	-1.029684e-09	-1.671281e+01	-1.276073e+02
1.320000e-06	-3.031621e-06	-1.020860e-09	-1.641420e+01	-1.265137e+02
1.330000e-06	-2.976308e-06	-1.011318e-09	-1.611471e+01	-1.254027e+02
1.340000e-06	-2.920798e-06	-1.001722e-09	-1.581417e+01	-1.242745e+02
1.350000e-06	-2.865178e-06	-9.926671e-10	-1.551302e+01	-1.231291e+02
1.360000e-06	-2.809432e-06	-9.837418e-10	-1.521119e+01	-1.219667e+02
1.370000e-06	-2.753549e-06	-9.741189e-10	-1.490862e+01	-1.207874e+02
1.380000e-06	-2.697497e-06	-9.640378e-10	-1.460514e+01	-1.195915e+02
1.390000e-06	-2.641373e-06	-9.542349e-10	-1.430127e+01	-1.183791e+02
1.400000e-06	-2.585225e-06	-9.447915e-10	-1.399726e+01	-1.171505e+02
1.410000e-06	-2.528863e-06	-9.351135e-10	-1.369210e+01	-1.159059e+02
1.420000e-06	-2.472294e-06	-9.249327e-10	-1.338581e+01	-1.146456e+02
1.430000e-06	-2.415439e-06	-9.143057e-10	-1.307799e+01	-1.133699e+02
1.440000e-06	-2.358260e-06	-9.035474e-10	-1.276840e+01	-1.120789e+02
1.450000e-06	-2.300803e-06	-8.932276e-10	-1.245731e+01	-1.107728e+02
1.460000e-06	-2.242900e-06	-8.825595e-10	-1.214380e+01	-1.094518e+02
1.470000e-06	-2.184642e-06	-8.705842e-10	-1.182837e+01	-1.081159e+02
1.480000e-06	-2.126102e-06	-8.580680e-10	-1.151142e+01	-1.067652e+02
1.490000e-06	-2.067339e-06	-8.462425e-10	-1.119325e+01	-1.053995e+02
1.500000e-06	-2.008381e-06	-8.353534e-10	-1.087404e+01	-1.040188e+02
1.510000e-06	-1.949144e-06	-8.247518e-10	-1.055331e+01	-1.026226e+02
1.520000e-06	-1.889715e-06	-8.131174e-10	-1.023154e+01	-1.012108e+02
1.530000e-06	-1.830203e-06	-8.012024e-10	-9.909324e+00	-9.978259e+01
1.540000e-06	-1.770645e-06	-7.899260e-10	-9.586855e+00	-9.833751e+01
1.550000e-06	-1.711053e-06	-7.789537e-10	-9.264208e+00	-9.687473e+01
1.560000e-06	-1.651417e-06	-7.670849e-10	-8.941318e+00	-9.539333e+01
1.570000e-06	-1.591772e-06	-7.535038e-10	-8.618382e+00	-9.389227e+01
1.580000e-06	-1.532061e-06	-7.404221e-10	-8.295083e+00	-9.237035e+01
1.590000e-06	-1.472303e-06	-7.286381e-10	-7.971535e+00	-9.082626e+01
1.600000e-06	-1.412520e-06	-7.171654e-10	-7.647852e+00	-8.925854e+01
1.610000e-06	-1.352642e-06	-7.053469e-10	-7.323652e+00	-8.766564e+01
1.620000e-06	-1.292689e-06	-6.916938e-10	-6.999046e+00	-8.604590e+01
1.630000e-06	-1.232676e-06	-6.771374e-10	-6.674118e+00	-8.439757e+01
1.640000e-06	-1.172636e-06	-6.635995e-10	-6.349037e+00	-8.271881e+01
1.650000e-06	-1.112575e-06	-6.499611e-10	-6.023848e+00	-8.100777e+01
1.660000e-06	-1.052481e-06	-6.358723e-10	-5.698477e+00	-7.926253e+01
1.670000e-06	-9.922546e-07	-6.215398e-10	-5.372394e+00	-7.748118e+01
1.680000e-06	-9.318957e-07	-6.067268e-10	-5.045591e+00	-7.566183e+01
1.690000e-06	-8.714843e-07	-5.915081e-10	-4.718504e+00	-7.380263e+01
1.700000e-06	-8.110049e-07	-5.765647e-10	-4.391048e+00	-7.190180e+01
1.710000e-06	-7.504828e-07	-5.622600e-10	-4.063362e+00	-6.995765e+01
1.720000e-06	-6.899577e-07	-5.471222e-10	-3.735659e+00	-6.796864e+01
1.730000e-06	-6.293591e-07	-5.313266e-10	-3.407558e+00	-6.593335e+01
1.740000e-06	-5.686941e-07	-5.158541e-10	-3.079098e+00	-6.385056e+01
1.750000e-06	-5.080697e-07	-4.992035e-10	-2.750857e+00	-6.171925e+01
1.760000e-06	-4.473452e-07	-4.817058e-10	-2.422075e+00	-5.953863e+01
1.770000e-06	-3.864565e-07	-4.641794e-10	-2.092403e+00	-5.730815e+01
1.780000e-06	-3.255862e-07	-4.460978e-10	-1.762831e+00	-5.502754e+01
1.790000e-06	-2.646947e-07	-4.282939e-10	-1.433145e+00	-5.269680e+01
1.800000e-06	-2.038043e-07	-4.098754e-10	-1.103464e+00	-5.031625e+01
1.810000e-06	-1.430037e-07	-3.900082e-10	-7.742694e-01	-4.788648e+01
1.820000e-06	-8.219134e-08	-3.692872e-10	-4.450111e-01	-4.540844e+01
1.830000e-06	-2.135591e-08	-3.472189e-10	-1.156279e-01	-4.288337e+01
1.840000e-06	3.948885e-08	-3.250118e-10	2.138057e-01	-4.031283e+01
1.850000e-06	1.003291e-07	-3.039240e-10	5.432147e-01	-3.769868e+01
1.860000e-06	1.611284e-07	-2.828172e-10	8.724022e-01	-3.504310e+01
1.870000e-06	2.219378e-07	-2.610791e-10	1.201644e+00	-3.234855e+01
1.880000e-06	2.828267e-07	-2.385016e-10	1.531317e+00	-2.961776e+01
1.890000e-06	3.437496e-07	-2.156303e-10	1.861174e+00	-2.685372e+01
1.900000e-06	4.046076e-07	-1.931064e-10	2.190679e+00	-2.405962e+01
1.910000e-06	4.653811e-07	-1.688858e-10	2.519727e+00	-2.123890e+01
1.920000e-06	5.261269e-07	-1.437136e-10	2.848625e+00	-1.839512e+01
1.930000e-06	5.868899e-07	-1.195682e-10	3.177616e+00	-1.553203e+01
1.940000e-06	6.475824e-07	-9.597052e-11	3.506225e+00	-1.265345e+01
1.950000e-06	7.081388e-07	-7.182427e-11	3.834098e+00	-9.763287e+00
1.960000e-06	7.686682e-07	-4.654964e-11	4.161824e+00	-6.865499e+00
1.970000e-06	8.290765e-07	-2.112642e-11	4.488894e+00	-3.964035e+00
1.980000e-06	8.893885e-07	2.785800e-12	4.815443e+00	-1.062817e+00
1.990000e-06	9.497180e-07	2.488691e-11	5.142087e+00	1.834299e+00
2.000000e-06	1.009974e-06	4.827366e-11	5.468331e+00	4.723557e+00
2.010000e-06	1.070238e-06	7.324697e-11	5.794622e+00	7.601330e+00
2.020000e-06	1.130507e-06	9.812625e-11	6.120939e+00	1.046415e+01
2.030000e-06	1.190680e-06	1.225970e-10	6.446737e+00	1.330874e+01
2.040000e-06	1.250769e-06	1.453884e-10	6.772076e+00	1.613204e+01
2.050000e-06	1.310776e-06	1.666537e-10	7.096973e+00	1.893120e+01
2.060000e-06	1.370758e-06	1.877643e-10	7.421735e+00	2.170364e+01
2.070000e-06	1.430703e-06	2.090090e-10	7.746300e+00	2.444704e+01
2.080000e-06	1.490535e-06	2.311434e-10	8.070247e+00	2.715936e+01
2.090000e-06	1.550327e-06	2.526381e-10	8.393983e+00	2.983882e+01
2.100000e-06	1.610119e-06	2.733069e-10	8.717716e+00	3.248395e+01
2.110000e-06	1.669793e-06	2.949425e-10	9.040811e+00	3.509355e+01
2.120000e-06	1.729319e-06	3.164492e-10	9.363107e+00	3.766669e+01
2.130000e-06	1.788744e-06	3.370012e-10	9.684852e+00	4.020272e+01
2.140000e-06	1.848048e-06	3.565273e-10	1.000594e+01	4.270125e+01
2.150000e-06	1.907188e-06	3.751075e-10	1.032615e+01	4.516214e+01
2.160000e-06	1.966212e-06	3.940822e-10	1.064572e+01	4.758544e+01
2.170000e-06	2.025029e-06	4.139602e-10	1.096418e+01	4.997146e+01
2.180000e-06	2.083686e-06	4.326228e-10	1.128176e+01	5.232066e+01
2.190000e-06	2.142180e-06	4.498821e-10	1.159847e+01	5.463367e+01
2.200000e-06	2.200420e-06	4.675116e-10	1.191380e+01	5.691127e+01
2.210000e-06	2.258387e-06	4.856561e-10	1.222765e+01	5.915435e+01
2.220000e-06	2.316000e-06	5.036362e-10	1.253959e+01	6.136389e+01
2.230000e-06	2.373295e-06	5.207478e-10	1.284980e+01	6.354093e+01
2.240000e-06	2.430370e-06	5.376379e-10	1.315883e+01	6.568656e+01
2.250000e-06	2.487133e-06	5.545845e-10	1.346616e+01	6.780189e+01
2.260000e-06	2.543583e-06	5.706296e-10	1.377180e+01	6.988803e+01
2.270000e-06	2.599964e-06	5.867776e-10	1.407707e+01	7.194605e+01
2.280000e-06	2.656173e-06	6.027976e-10	1.438140e+01	7.397699e+01
2.290000e-06	2.712206e-06	6.180530e-10	1.468478e+01	7.598185e+01
2.300000e-06	2.768214e-06	6.336962e-10	1.498803e+01	7.796154e+01
2.310000e-06	2.824004e-06	6.497216e-10	1.529009e+01	7.991689e+01
2.320000e-06	2.879520e-06	6.651139e-10	1.559067e+01	8.184863e+01
2.330000e-06	2.935032e-06	6.801286e-10	1.589123e+01	8.375742e+01
2.340000e-06	2.990316e-06	6.949014e-10	1.619056e+01	8.564379e+01
2.350000e-06	3.045243e-06	7.087535e-10	1.648795e+01	8.750819e+01
2.360000e-06	3.100113e-06	7.219674e-10	1.678504e+01	8.935095e+01
2.370000e-06	3.154856e-06	7.353494e-10	1.708143e+01	9.117231e+01
2.380000e-06	3.209358e-06	7.483314e-10	1.737653e+01	9.297241e+01
2.390000e-06	3.263615e-06	7.611877e-10	1.767029e+01	9.475130e+01
2.400000e-06	3.317647e-06	7.755581e-10	1.796284e+01	9.650895e+01
2.410000e-06	3.371512e-06	7.903647e-10	1.825448e+01	9.824528e+01
2.420000e-06	3.425192e-06	8.044840e-10	1.854512e+01	9.996012e+01
2.430000e-06	3.478554e-06	8.181652e-10	1.883404e+01	1.016533e+02
2.440000e-06	3.531523e-06	8.312216e-10	1.912083e+01	1.033244e+02
2.450000e-06	3.584262e-06	8.434634e-10	1.940638e+01	1.049734e+02
2.460000e-06	3.636782e-06	8.556613e-10	1.969074e+01	1.065999e+02
2.470000e-06	3.689038e-06	8.684135e-10	1.997367e+01	1.082035e+02
2.480000e-06	3.741084e-06	8.810969e-10	2.025546e+01	1.097841e+02
2.490000e-06	3.792858e-06	8.938940e-10	2.053579e+01	1.113413e+02
2.500000e-06	3.844237e-06	9.071170e-10	2.081397e+01	1.128749e+02
2.510000e-06	3.895173e-06	9.201437e-10	2.108975e+01	1.143847e+02
2.520000e-06	3.945720e-06	9.321037e-10	2.136343e+01	1.158704e+02
2.530000e-06	3.995855e-06	9.431723e-10	2.163488e+01	1.173320e+02
2.540000e-06	4.045456e-06	9.545521e-10	2.190344e+01	1.187694e+02
2.550000e-06	4.094571e-06	9.661791e-10	2.216936e+01	1.201824e+02
2.560000e-06	4.143310e-06	9.776709e-10	2.243325e+01	1.215713e+02
2.570000e-06	4.191667e-06	9.889181e-10	2.269507e+01	1.229359e+02
2.580000e-06	4.239733e-06	1.000119e-09	2.295531e+01	1.242765e+02
2.590000e-06	4.287706e-06	1.011250e-09	2.321506e+01	1.255932e+02
2.600000e-06	4.335482e-06	1.022115e-09	2.347373e+01	1.268862e+02
2.610000e-06	4.382847e-06	1.032921e-09	2.373018e+01	1.281558e+02
2.620000e-06	4.429892e-06	1.043099e-09	2.398490e+01	1.294022e+02
2.630000e-06	4.476697e-06	1.052037e-09	2.423832e+01	1.306258e+02
2.640000e-06	4.523202e-06	1.061354e-09	2.449011e+01	1.318270e+02
2.650000e-06	4.569293e-06	1.071659e-09	2.473966e+01	1.330061e+02
2.660000e-06	4.614961e-06	1.081348e-09	2.498692e+01	1.341634e+02
2.670000e-06	4.660386e-06	1.089572e-09	2.523287e+01	1.352995e+02
2.680000e-06	4.705523e-06	1.096709e-09	2.547725e+01	1.364147e+02
2.690000e-06	4.750375e-06	1.104579e-09	2.572010e+01	1.375094e+02
2.700000e-06	4.795004e-06	1.113850e-09	2.596174e+01	1.385840e+02
2.710000e-06	4.839283e-06	1.122934e-09	2.620148e+01	1.396389e+02
2.720000e-06	4.883300e-06	1.131192e-09	2.643980e+01	1.406746e+02
2.730000e-06	4.927135e-06	1.139886e-09	2.667714e+01	1.416913e+02
2.740000e-06	4.970706e-06	1.149092e-09	2.691305e+01	1.426894e+02
2.750000e-06	5.013883e-06	1.157621e-09	2.714682e+01	1.436694e+02
2.760000e-06	5.056665e-06	1.165346e-09	2.737846e+01	1.446314e+02
2.770000e-06	5.098887e-06	1.172908e-09	2.760706e+01	1.455758e+02
2.780000e-06	5.140537e-06	1.181206e-09	2.783256e+01	1.465030e+02
2.790000e-06	5.181828e-06	1.189760e-09	2.805613e+01	1.474131e+02
2.800000e-06	5.222693e-06	1.197424e-09	2.827738e+01	1.483065e+02
2.810000e-06	5.263028e-06	1.204910e-09	2.849577e+01	1.491834e+02
2.820000e-06	5.302949e-06	1.212988e-09	2.871192e+01	1.500441e+02
2.830000e-06	5.342560e-06	1.221476e-09	2.892639e+01	1.508888e+02
2.840000e-06	5.381876e-06	1.229610e-09	2.913925e+01	1.517177e+02
2.850000e-06	5.420930e-06	1.236535e-09	2.935071e+01	1.525311e+02
2.860000e-06	5.459617e-06	1.242102e-09	2.956017e+01	1.533293e+02
2.870000e-06	5.497897e-06	1.247069e-09	2.976743e+01	1.541125e+02
2.880000e-06	5.535884e-06	1.253223e-09	2.997310e+01	1.548809e+02
2.890000e-06	5.573451e-06	1.261541e-09	3.017650e+01	1.556348e+02
2.900000e-06	5.610539e-06	1.269568e-09	3.037731e+01	1.563746e+02
2.910000e-06	5.647307e-06	1.275903e-09	3.057639e+01	1.571004e+02
2.920000e-06	5.683744e-06	1.282152e-09	3.077366e+01	1.578126e+02
2.930000e-06	5.719839e-06	1.288777e-09	3.096910e+01	1.585115e+02
2.940000e-06	5.755657e-06	1.294763e-09	3.116303e+01	1.591974e+02
2.950000e-06	5.791209e-06	1.299498e-09	3.135552e+01	1.598706e+02
2.960000e-06	5.826416e-06	1.304196e-09	3.154614e+01	1.605316e+02
2.970000e-06	5.861057e-06	1.309965e-09	3.173370e+01	1.611806e+02
2.980000e-06	5.894999e-06	1.317056e-09	3.191747e+01	1.618179e+02
2.990000e-06	5.928316e-06	1.324171e-09	3.209786e+01	1.624441e+02
3.000000e-06	5.961142e-06	1.329652e-09	3.227559e+01	1.630593e+02
3.010000e-06	5.993539e-06	1.333592e-09	3.245100e+01	1.636639e+02
3.020000e-06	6.025512e-06	1.338124e-09	3.262411e+01	1.642584e+02
3.030000e-06	6.057071e-06	1.345013e-09	3.279498e+01	1.648430e+02
3.040000e-06	6.088180e-06	1.352984e-09	3.296342e+01	1.654180e+02
3.050000e-06	6.118864e-06	1.359800e-09	3.312955e+01	1.659838e+02
3.060000e-06	6.149232e-06	1.366440e-09	3.329397e+01	1.665407e+02
3.070000e-06	6.179271e-06	1.373375e-09	3.345661e+01	1.670888e+02
3.080000e-06	6.208846e-06	1.378388e-09	3.361674e+01	1.676286e+02
3.090000e-06	6.237917e-06	1.382772e-09	3.377415e+01	1.681601e+02
3.100000e-06	6.266508e-06	1.388632e-09	3.392894e+01	1.686837e+02
3.110000e-06	6.294750e-06	1.394945e-09	3.408185e+01	1.691994e+02
3.120000e-06	6.322717e-06	1.400241e-09	3.423328e+01	1.697075e+02
3.130000e-06	6.350393e-06	1.404917e-09	3.438313e+01	1.702081e+02
3.140000e-06	6.377725e-06	1.408922e-09	3.453111e+01	1.707012e+02
3.150000e-06	6.404729e-06	1.412518e-09	3.467732e+01	1.711869e+02
3.160000e-06	6.431183e-06	1.416624e-09	3.482055e+01	1.716654e+02
3.170000e-06	6.456755e-06	1.421619e-09	3.495900e+01	1.721366e+02
3.180000e-06	6.481565e-06	1.427381e-09	3.509334e+01	1.726005e+02
3.190000e-06	6.505830e-06	1.432866e-09	3.522471e+01	1.730572e+02
3.200000e-06	6.529630e-06	1.437459e-09	3.535357e+01	1.735065e+02
3.210000e-06	6.553065e-06	1.441283e-09	3.548046e+01	1.739485e+02
3.220000e-06	6.576103e-06	1.444699e-09	3.560519e+01	1.743831e+02
3.230000e-06	6.598727e-06	1.447773e-09	3.572769e+01	1.748102e+02
3.240000e-06	6.620891e-06	1.451504e-09	3.584769e+01	1.752297e+02
3.250000e-06	6.642502e-06	1.456631e-09	3.596470e+01	1.756416e+02
3.260000e-06	6.663594e-06	1.462219e-09	3.607890e+01	1.760457e+02
3.270000e-06	6.684227e-06	1.467045e-09	3.619061e+01	1.764420e+02
3.280000e-06	6.704480e-06	1.470969e-09	3.630027e+01	1.768302e+02
3.290000e-06	6.724427e-06	1.474924e-09	3.640827e+01	1.772104e+02
3.300000e-06	6.744056e-06	1.478753e-09	3.651455e+01	1.775824e+02
3.310000e-06	6.763245e-06	1.482696e-09	3.661844e+01	1.779460e+02
3.320000e-06	6.782010e-06	1.487062e-09	3.672004e+01	1.783012e+02
3.330000e-06	6.800155e-06	1.490648e-09	3.681829e+01	1.786479e+02
3.340000e-06	6.817724e-06	1.492827e-09	3.691341e+01	1.789858e+02
3.350000e-06	6.834911e-06	1.495239e-09	3.700646e+01	1.793150e+02
3.360000e-06	6.851521e-06	1.499889e-09	3.709640e+01	1.796352e+02
3.370000e-06	6.867573e-06	1.504806e-09	3.718331e+01	1.799463e+02
3.380000e-06	6.883217e-06	1.508544e-09	3.726801e+01	1.802483e+02
3.390000e-06	6.898383e-06	1.510901e-09	3.735013e+01	1.805410e+02
3.400000e-06	6.912907e-06	1.512996e-09	3.742876e+01	1.808242e+02
3.410000e-06	6.926749e-06	1.516826e-09	3.750371e+01	1.810979e+02
3.420000e-06	6.940088e-06	1.520512e-09	3.757593e+01	1.813619e+02
3.430000e-06	6.953002e-06	1.522845e-09	3.764585e+01	1.816161e+02
3.440000e-06	6.965454e-06	1.525135e-09	3.771327e+01	1.818604e+02
3.450000e-06	6.977414e-06	1.528578e-09	3.777803e+01	1.820946e+02
3.460000e-06	6.988845e-06	1.533181e-09	3.783992e+01	1.823187e+02
3.470000e-06	6.999708e-06	1.536624e-09	3.789873e+01	1.825325e+02
3.480000e-06	7.009885e-06	1.537649e-09	3.795383e+01	1.827359e+02
3.490000e-06	7.019247e-06	1.538701e-09	3.800452e+01	1.829289e+02
3.500000e-06	7.027855e-06	1.541038e-09	3.805113e+01	1.831113e+02
3.510000e-06	7.035948e-06	1.544328e-09	3.809495e+01	1.832830e+02
3.520000e-06	7.043638e-06	1.547607e-09	3.813658e+01	1.834441e+02
3.530000e-06	7.050971e-06	1.549320e-09	3.817629e+01	1.835943e+02
3.540000e-06	7.057967e-06	1.550425e-09	3.821416e+01	1.837338e+02
3.550000e-06	7.064459e-06	1.552242e-09	3.824932e+01	1.838625e+02
3.560000e-06	7.070370e-06	1.554550e-09	3.828132e+01	1.839804e+02
3.570000e-06	7.075753e-06	1.557118e-09	3.831046e+01	1.840874e+02
3.580000e-06	7.080608e-06	1.559304e-09	3.833675e+01	1.841838e+02
3.590000e-06	7.085029e-06	1.561111e-09	3.836069e+01	1.842694e+02
3.600000e-06	7.089098e-06	1.563363e-09	3.838272e+01	1.843445e+02
3.610000e-06	7.092743e-06	1.566024e-09	3.840245e+01	1.844092e+02
3.620000e-06	7.095978e-06	1.567682e-09	3.841997e+01	1.844635e+02
3.630000e-06	7.098901e-06	1.567691e-09	3.843579e+01	1.845077e+02
3.640000e-06	7.101199e-06	1.567562e-09	3.844824e+01	1.845420e+02
3.650000e-06	7.102636e-06	1.568387e-09	3.845602e+01	1.845665e+02
3.660000e-06	7.103320e-06	1.569636e-09	3.845972e+01	1.845816e+02
3.670000e-06	7.103372e-06	1.571016e-09	3.846000e+01	1.845874e+02
3.680000e-06	7.103051e-06	1.572475e-09	3.845826e+01	1.845844e+02
3.690000e-06	7.102516e-06	1.573560e-09	3.845537e+01	1.845726e+02
3.700000e-06	7.101533e-06	1.574247e-09	3.845005e+01	1.845526e+02
3.710000e-06	7.099981e-06	1.574878e-09	3.844164e+01	1.845245e+02
3.720000e-06	7.097975e-06	1.575639e-09	3.843078e+01	1.844887e+02
3.730000e-06	7.095451e-06	1.576646e-09	3.841712e+01	1.844455e+02
3.740000e-06	7.092417e-06	1.576455e-09	3.840069e+01	1.843954e+02
3.750000e-06	7.088924e-06	1.572708e-09	3.838178e+01	1.843385e+02
3.760000e-06	7.085002e-06	1.569477e-09	3.836054e+01	1.842752e+02
3.770000e-06	7.080376e-06	1.584674e-09	3.833550e+01	1.842059e+02
3.780000e-06	7.075030e-06	1.616712e-09	3.830655e+01	1.841308e+02
3.790000e-06	7.069293e-06	1.598253e-09	3.827549e+01	1.840502e+02
3.800000e-06	7.063085e-06	1.522822e-09	3.824188e+01	1.839644e+02
3.810000e-06	7.056343e-06	1.539127e-09	3.820537e+01	1.838736e+02
3.820000e-06	7.049060e-06	1.629800e-09	3.816594e+01	1.837782e+02
3.830000e-06	7.041223e-06	1.614500e-09	3.812351e+01	1.836781e+02
3.840000e-06	7.032965e-06	1.513839e-09	3.807880e+01	1.835738e+02
3.850000e-06	7.024313e-06	1.534268e-09	3.803195e+01	1.834652e+02
3.860000e-06	7.015174e-06	1.662647e-09	3.798247e+01	1.833526e+02
3.870000e-06	7.005499e-06	1.631715e-09	3.793009e+01	1.832360e+02
3.880000e-06	6.995338e-06	1.474914e-09	3.787507e+01	1.831155e+02
3.890000e-06	6.984707e-06	1.511870e-09	3.781751e+01	1.829912e+02
3.900000e-06	6.973568e-06	1.681269e-09	3.775720e+01	1.828631e+02
3.910000e-06	6.961956e-06	1.631857e-09	3.769433e+01	1.827311e+02
3.920000e-06	6.949866e-06	1.473398e-09	3.762887e+01	1.825954e+02
3.930000e-06	6.937127e-06	1.545841e-09	3.755990e+01	1.824559e+02
3.940000e-06	6.923581e-06	1.676392e-09	3.748656e+01	1.823125e+02
3.950000e-06	6.909338e-06	1.565084e-09	3.740944e+01	1.821651e+02
3.960000e-06	6.894400e-06	1.467948e-09	3.732856e+01	1.820137e+02
3.970000e-06	6.878748e-06	1.607250e-09	3.724381e+01	1.818581e+02
3.980000e-06	6.862559e-06	1.659115e-09	3.715616e+01	1.816984e+02
3.990000e-06	6.846083e-06	1.511883e-09	3.706696e+01	1.815343e+02
4.000000e-06	6.829225e-06	1.518052e-09	3.697568e+01	1.813658e+02
4.010000e-06	6.811853e-06	1.648533e-09	3.688162e+01	1.811927e+02
4.020000e-06	6.794019e-06	1.572080e-09	3.678506e+01	1.810149e+02
4.030000e-06	6.775796e-06	1.472956e-09	3.668640e+01	1.808324e+02
4.040000e-06	6.757174e-06	1.599414e-09	3.658557e+01	1.806450e+02
4.050000e-06	6.737939e-06	1.648651e-09	3.648143e+01	1.804525e+02
4.060000e-06	6.718116e-06	1.506547e-09	3.637410e+01	1.802549e+02
4.070000e-06	6.698010e-06	1.516995e-09	3.626524e+01	1.800521e+02
4.080000e-06	6.677726e-06	1.633719e-09	3.615541e+01	1.798439e+02
4.090000e-06	6.657127e-06	1.561236e-09	3.604388e+01	1.796303e+02
4.100000e-06	6.635948e-06	1.488987e-09	3.592922e+01	1.794110e+02
4.110000e-06	6.613950e-06	1.589634e-09	3.581011e+01	1.791862e+02
4.120000e-06	6.591087e-06	1.599225e-09	3.568632e+01	1.789555e+02
4.130000e-06	6.567574e-06	1.506895e-09	3.555902e+01	1.787190e+02
4.140000e-06	6.543667e-06	1.549207e-09	3.542958e+01	1.784765e+02
4.150000e-06	6.519443e-06	1.596400e-09	3.529842e+01	1.782280e+02
4.160000e-06	6.494842e-06	1.525050e-09	3.516522e+01	1.779733e+02
4.170000e-06	6.469830e-06	1.526533e-09	3.502980e+01	1.777123e+02
4.180000e-06	6.444426e-06	1.585148e-09	3.489225e+01	1.774450e+02
4.190000e-06	6.418534e-06	1.545692e-09	3.475207e+01	1.771712e+02
4.200000e-06	6.392196e-06	1.519922e-09	3.460946e+01	1.768909e+02
4.210000e-06	6.365210e-06	1.560120e-09	3.446335e+01	1.766039e+02
4.220000e-06	6.337592e-06	1.542187e-09	3.431382e+01	1.763101e+02
4.230000e-06	6.309650e-06	1.516367e-09	3.416253e+01	1.760095e+02
4.240000e-06	6.281477e-06	1.547884e-09	3.400999e+01	1.757018e+02
4.250000e-06	6.253058e-06	1.543581e-09	3.385612e+01	1.753870e+02
4.260000e-06	6.224379e-06	1.520125e-09	3.370084e+01	1.750650e+02
4.270000e-06	6.195273e-06	1.538449e-09	3.354325e+01	1.747356e+02
4.280000e-06	6.165490e-06	1.534832e-09	3.338200e+01	1.743987e+02
4.290000e-06	6.134868e-06	1.515270e-09	3.321620e+01	1.740542e+02
4.300000e-06	6.103481e-06	1.529784e-09	3.304626e+01	1.737020e+02
4.310000e-06	6.071671e-06	1.528197e-09	3.287403e+01	1.733419e+02
4.320000e-06	6.039546e-06	1.510958e-09	3.270010e+01	1.729739e+02
4.330000e-06	6.007123e-06	1.521813e-09	3.252455e+01	1.725978e+02
4.340000e-06	5.974356e-06	1.519760e-09	3.234714e+01	1.722135e+02
4.350000e-06	5.941234e-06	1.500855e-09	3.216780e+01	1.718209e+02
4.360000e-06	5.907634e-06	1.509372e-09	3.198588e+01	1.714199e+02
4.370000e-06	5.873507e-06	1.512484e-09	3.180111e+01	1.710104e+02
4.380000e-06	5.839007e-06	1.497258e-09	3.161431e+01	1.705924e+02
4.390000e-06	5.804141e-06	1.502346e-09	3.142554e+01	1.701656e+02
4.400000e-06	5.768833e-06	1.505769e-09	3.123437e+01	1.697302e+02
4.410000e-06	5.733153e-06	1.489835e-09	3.104119e+01	1.692859e+02
4.420000e-06	5.697201e-06	1.488410e-09	3.084653e+01	1.688329e+02
4.430000e-06	5.660994e-06	1.493247e-09	3.065049e+01	1.683709e+02
4.440000e-06	5.624592e-06	1.482974e-09	3.045340e+01	1.679000e+02
4.450000e-06	5.587923e-06	1.479083e-09	3.025486e+01	1.674201e+02
4.460000e-06	5.550681e-06	1.483503e-09	3.005322e+01	1.669312e+02
4.470000e-06	5.512695e-06	1.478202e-09	2.984755e+01	1.664334e+02
4.480000e-06	5.473991e-06	1.470994e-09	2.963799e+01	1.659266e+02
4.490000e-06	5.434615e-06	1.468479e-09	2.942480e+01	1.654107e+02
4.500000e-06	5.394738e-06	1.464138e-09	2.920890e+01	1.648859e+02
4.510000e-06	5.354614e-06	1.459355e-09	2.899165e+01	1.643521e+02
4.520000e-06	5.314357e-06	1.456221e-09	2.877368e+01	1.638093e+02
4.530000e-06	5.273832e-06	1.453903e-09	2.855427e+01	1.632577e+02
4.540000e-06	5.232899e-06	1.450513e-09	2.833265e+01	1.626971e+02
4.550000e-06	5.191533e-06	1.444315e-09	2.810867e+01	1.621276e+02
4.560000e-06	5.149783e-06	1.439031e-09	2.788263e+01	1.615492e+02
4.570000e-06	5.107730e-06	1.436992e-09	2.765494e+01	1.609620e+02
4.580000e-06	5.065415e-06	1.432732e-09	2.742583e+01	1.603660e+02
4.590000e-06	5.022718e-06	1.425481e-09	2.719465e+01	1.597613e+02
4.600000e-06	4.979568e-06	1.420570e-09	2.696103e+01	1.591477e+02
4.610000e-06	4.936047e-06	1.417591e-09	2.672539e+01	1.585254e+02
4.620000e-06	4.892235e-06	1.413224e-09	2.648818e+01	1.578943e+02
4.630000e-06	4.848184e-06	1.409131e-09	2.624967e+01	1.572545e+02
4.640000e-06	4.803980e-06	1.405001e-09	2.601033e+01	1.566058e+02
4.650000e-06	4.759668e-06	1.399370e-09	2.577042e+01	1.559484e+02
4.660000e-06	4.715071e-06	1.392907e-09	2.552895e+01	1.552822e+02
4.670000e-06	4.670111e-06	1.386284e-09	2.528553e+01	1.546071e+02
4.680000e-06	4.624760e-06	1.379958e-09	2.503998e+01	1.539230e+02
4.690000e-06	4.578956e-06	1.373591e-09	2.479198e+01	1.532299e+02
4.700000e-06	4.532731e-06	1.368598e-09	2.454170e+01	1.525276e+02
4.710000e-06	4.486079e-06	1.364687e-09	2.428911e+01	1.518161e+02
4.720000e-06	4.439077e-06	1.360058e-09	2.403463e+01	1.510952e+02
4.730000e-06	4.391840e-06	1.352908e-09	2.377887e+01	1.503648e+02
4.740000e-06	4.344448e-06	1.343357e-09	2.352228e+01	1.496246e+02
4.750000e-06	4.296779e-06	1.335859e-09	2.326418e+01	1.488745e+02
4.760000e-06	4.248817e-06	1.331165e-09	2.300450e+01	1.481141e+02
4.770000e-06	4.200485e-06	1.325443e-09	2.274281e+01	1.473434e+02
4.780000e-06	4.151423e-06	1.319443e-09	2.247718e+01	1.465620e+02
4.790000e-06	4.101902e-06	1.314302e-09	2.220905e+01	1.457695e+02
4.800000e-06	4.052184e-06	1.307736e-09	2.193986e+01	1.449658e+02
4.810000e-06	4.002205e-06	1.299691e-09	2.166926e+01	1.441503e+02
4.820000e-06	3.952002e-06	1.292080e-09	2.139744e+01	1.433229e+02
4.830000e-06	3.901568e-06	1.284762e-09	2.112438e+01	1.424831e+02
4.840000e-06	3.850859e-06	1.277453e-09	2.084983e+01	1.416304e+02
4.850000e-06	3.799773e-06	1.271143e-09	2.057323e+01	1.407647e+02
4.860000e-06	3.748319e-06	1.264181e-09	2.029464e+01	1.398853e+02
4.870000e-06	3.696556e-06	1.255665e-09	2.001437e+01	1.389920e+02
4.880000e-06	3.644522e-06	1.247572e-09	1.973265e+01	1.380844e+02
4.890000e-06	3.592356e-06	1.239371e-09	1.945020e+01	1.371620e+02
4.900000e-06	3.540073e-06	1.230957e-09	1.916712e+01	1.362244e+02
4.910000e-06	3.487565e-06	1.223966e-09	1.888283e+01	1.352714e+02
4.920000e-06	3.434708e-06	1.216833e-09	1.859664e+01	1.343025e+02
4.930000e-06	3.381409e-06	1.206729e-09	1.830807e+01	1.333175e+02
4.940000e-06	3.327674e-06	1.196128e-09	1.801713e+01	1.323161e+02
4.950000e-06	3.273569e-06	1.187231e-09	1.772418e+01	1.312979e+02
4.960000e-06	3.219171e-06	1.177498e-09	1.742965e+01	1.302629e+02
4.970000e-06	3.164392e-06	1.167638e-09	1.713307e+01	1.292109e+02
4.980000e-06	3.109150e-06	1.159061e-09	1.683396e+01	1.281416e+02
4.990000e-06	3.053635e-06	1.150288e-09	1.653339e+01	1.270551e+02
5.000000e-06	2.997962e-06	1.140490e-09	1.623195e+01	1.259514e+02
5.010000e-06	2.942053e-06	1.129946e-09	1.592925e+01	1.248303e+02
5.020000e-06	2.885959e-06	1.119277e-09	1.562554e+01	1.236921e+02
5.030000e-06	2.829728e-06	1.108925e-09	1.532108e+01	1.225368e+02
5.040000e-06	2.773351e-06	1.098603e-09	1.501584e+01	1.213645e+02
5.050000e-06	2.716816e-06	1.089111e-09	1.470974e+01	1.201755e+02
5.060000e-06	2.660197e-06	1.080027e-09	1.440318e+01	1.189699e+02
5.070000e-06	2.603508e-06	1.069048e-09	1.409625e+01	1.177480e+02
5.080000e-06	2.546689e-06	1.056771e-09	1.378862e+01	1.165101e+02
5.090000e-06	2.489741e-06	1.045023e-09	1.348028e+01	1.152563e+02
5.100000e-06	2.432506e-06	1.034188e-09	1.317039e+01	1.139870e+02
5.110000e-06	2.375013e-06	1.023485e-09	1.285911e+01	1.127023e+02
5.120000e-06	2.317385e-06	1.012222e-09	1.254709e+01	1.114025e+02
5.130000e-06	2.259603e-06	1.000422e-09	1.223424e+01	1.100877e+02
5.140000e-06	2.201695e-06	9.885951e-10	1.192070e+01	1.087580e+02
5.150000e-06	2.143582e-06	9.769951e-10	1.160606e+01	1.074135e+02
5.160000e-06	2.085184e-06	9.646693e-10	1.128987e+01	1.060540e+02
5.170000e-06	2.026619e-06	9.516091e-10	1.097279e+01	1.046796e+02
5.180000e-06	1.967983e-06	9.397760e-10	1.065531e+01	1.032899e+02
5.190000e-06	1.909203e-06	9.287469e-10	1.033706e+01	1.018847e+02
5.200000e-06	1.850294e-06	9.166268e-10	1.001810e+01	1.004634e+02
5.210000e-06	1.791252e-06	9.038252e-10	9.698430e+00	9.902541e+01
5.220000e-06	1.732168e-06	8.902158e-10	9.378529e+00	9.757010e+01
5.230000e-06	1.672968e-06	8.759481e-10	9.058000e+00	9.609658e+01
5.240000e-06	1.613526e-06	8.626089e-10	8.736161e+00	9.460385e+01
5.250000e-06	1.554009e-06	8.490841e-10	8.413919e+00	9.309078e+01
5.260000e-06	1.494466e-06	8.340291e-10	8.091534e+00	9.155609e+01
5.270000e-06	1.434812e-06	8.191123e-10	7.768545e+00	8.999840e+01
5.280000e-06	1.375081e-06	8.046038e-10	7.445144e+00	8.841620e+01
5.290000e-06	1.315293e-06	7.891748e-10	7.121428e+00	8.680785e+01
5.300000e-06	1.255372e-06	7.727992e-10	6.796996e+00	8.517165e+01
5.310000e-06	1.195349e-06	7.566355e-10	6.472013e+00	8.350579e+01
5.320000e-06	1.135251e-06	7.409113e-10	6.146623e+00	8.180843e+01
5.330000e-06	1.075127e-06	7.256518e-10	5.821095e+00	8.007767e+01
5.340000e-06	1.015003e-06	7.110221e-10	5.495559e+00	7.831160e+01
5.350000e-06	9.548036e-07	6.955172e-10	5.169622e+00	7.650832e+01
5.360000e-06	8.945241e-07	6.783933e-10	4.843249e+00	7.466594e+01
5.370000e-06	8.342572e-07	6.607744e-10	4.516944e+00	7.278267e+01
5.380000e-06	7.739724e-07	6.431688e-10	4.190542e+00	7.085677e+01
5.390000e-06	7.136894e-07	6.251369e-10	3.864150e+00	6.888663e+01
5.400000e-06	6.533975e-07	6.061737e-10	3.537710e+00	6.687078e+01
5.410000e-06	5.930223e-07	5.870851e-10	3.210819e+00	6.480792e+01
5.420000e-06	5.326613e-07	5.680618e-10	2.884004e+00	6.269694e+01
5.430000e-06	4.722634e-07	5.484991e-10	2.556990e+00	6.053695e+01
5.440000e-06	4.117601e-07	5.291845e-10	2.229405e+00	5.832729e+01
5.450000e-06	3.511948e-07	5.090434e-10	1.901485e+00	5.606759e+01
5.460000e-06	2.906391e-07	4.875776e-10	1.573616e+00	5.375772e+01
5.470000e-06	2.301563e-07	4.658921e-10	1.246142e+00	5.139786e+01
5.480000e-06	1.696793e-07	4.437208e-10	9.186996e-01	4.898851e+01
5.490000e-06	1.091992e-07	4.213232e-10	5.912403e-01	4.653045e+01
5.500000e-06	4.868769e-08	3.991030e-10	2.636112e-01	4.402480e+01
5.510000e-06	-1.181657e-08	3.761312e-10	-6.397880e-02	4.147299e+01
5.520000e-06	-7.229386e-08	3.522800e-10	-3.914228e-01	3.887677e+01
5.530000e-06	-1.328011e-07	3.288214e-10	-7.190290e-01	3.623817e+01
5.540000e-06	-1.932859e-07	3.055832e-10	-1.046514e+00	3.355954e+01
5.550000e-06	-2.537662e-07	2.815376e-10	-1.373974e+00	3.084350e+01
5.560000e-06	-3.142587e-07	2.569564e-10	-1.701500e+00	2.809294e+01
5.570000e-06	-3.747304e-07	2.317525e-10	-2.028914e+00	2.531096e+01
5.580000e-06	-4.351995e-07	2.066554e-10	-2.356314e+00	2.250091e+01
5.590000e-06	-4.955673e-07	1.817596e-10	-2.683165e+00	1.966629e+01
5.600000e-06	-5.558846e-07	1.569472e-10	-3.009743e+00	1.681079e+01
5.610000e-06	-6.162440e-07	1.320785e-10	-3.336549e+00	1.393819e+01
5.620000e-06	-6.765849e-07	1.063651e-10	-3.663254e+00	1.105238e+01
5.630000e-06	-7.369315e-07	8.051597e-11	-3.989991e+00	8.157285e+00
5.640000e-06	-7.972700e-07	5.463242e-11	-4.316683e+00	5.256875e+00
5.650000e-06	-8.575549e-07	2.836551e-11	-4.643085e+00	2.355081e+00
5.660000e-06	-9.177665e-07	2.183589e-12	-4.969091e+00	-5.442064e-01
5.670000e-06	-9.779326e-07	-2.396478e-11	-5.294850e+00	-3.437187e+00
5.680000e-06	-1.038084e-06	-4.919762e-11	-5.620532e+00	-6.320176e+00
5.690000e-06	-1.098234e-06	-7.316373e-11	-5.946200e+00	-9.189636e+00
5.700000e-06	-1.158318e-06	-9.768284e-11	-6.271519e+00	-1.204221e+01
5.710000e-06	-1.218243e-06	-1.230976e-10	-6.595967e+00	-1.487473e+01
5.720000e-06	-1.278079e-06	-1.483936e-10	-6.919944e+00	-1.768428e+01
5.730000e-06	-1.337924e-06	-1.726852e-10	-7.243961e+00	-2.046815e+01
5.740000e-06	-1.397661e-06	-1.961563e-10	-7.567398e+00	-2.322392e+01
5.750000e-06	-1.457272e-06	-2.200564e-10	-7.890152e+00	-2.594941e+01
5.760000e-06	-1.516773e-06	-2.449335e-10	-8.212312e+00	-2.864276e+01
5.770000e-06	-1.576151e-06	-2.696196e-10	-8.533803e+00	-3.130236e+01
5.780000e-06	-1.635476e-06	-2.929760e-10	-8.855005e+00	-3.392689e+01
5.790000e-06	-1.694775e-06	-3.160465e-10	-9.176072e+00	-3.651531e+01
5.800000e-06	-1.753932e-06	-3.404379e-10	-9.496369e+00	-3.906687e+01
5.810000e-06	-1.812861e-06	-3.644884e-10	-9.815431e+00	-4.158106e+01
5.820000e-06	-1.871595e-06	-3.868509e-10	-1.013343e+01	-4.405763e+01
5.830000e-06	-1.930196e-06	-4.089753e-10	-1.045072e+01	-4.649657e+01
5.840000e-06	-1.988779e-06	-4.314742e-10	-1.076791e+01	-4.889808e+01
5.850000e-06	-2.047279e-06	-4.539912e-10	-1.108464e+01	-5.126255e+01
5.860000e-06	-2.105501e-06	-4.760423e-10	-1.139988e+01	-5.359055e+01
5.870000e-06	-2.163557e-06	-4.970128e-10	-1.171421e+01	-5.588280e+01
5.880000e-06	-2.221544e-06	-5.176948e-10	-1.202817e+01	-5.814015e+01
5.890000e-06	-2.279314e-06	-5.384063e-10	-1.234096e+01	-6.036354e+01
5.900000e-06	-2.336781e-06	-5.589370e-10	-1.265210e+01	-6.255399e+01
5.910000e-06	-2.394073e-06	-5.794887e-10	-1.296230e+01	-6.471258e+01
5.920000e-06	-2.451380e-06	-5.992785e-10	-1.327258e+01	-6.684040e+01
5.930000e-06	-2.508506e-06	-6.186436e-10	-1.358188e+01	-6.893856e+01
5.940000e-06	-2.565353e-06	-6.383269e-10	-1.388967e+01	-7.100817e+01
5.950000e-06	-2.622105e-06	-6.586354e-10	-1.419694e+01	-7.305027e+01
5.960000e-06	-2.678719e-06	-6.781351e-10	-1.450347e+01	-7.506588e+01
5.970000e-06	-2.735173e-06	-6.963889e-10	-1.480913e+01	-7.705595e+01
5.980000e-06	-2.791508e-06	-7.147350e-10	-1.511415e+01	-7.902134e+01
5.990000e-06	-2.847620e-06	-7.330390e-10	-1.541795e+01	-8.096284e+01
6.000000e-06	-2.903560e-06	-7.507478e-10	-1.572083e+01	-8.288112e+01
6.010000e-06	-2.959459e-06	-7.676956e-10	-1.602349e+01	-8.477677e+01
6.020000e-06	-3.015098e-06	-7.841051e-10	-1.632473e+01	-8.665028e+01
6.030000e-06	-3.070429e-06	-8.005896e-10	-1.662432e+01	-8.850202e+01
6.040000e-06	-3.125522e-06	-8.179934e-10	-1.692261e+01	-9.033227e+01
6.050000e-06	-3.180298e-06	-8.350790e-10	-1.721919e+01	-9.214122e+01
6.060000e-06	-3.234641e-06	-8.515247e-10	-1.751342e+01	-9.392894e+01
6.070000e-06	-3.288530e-06	-8.678602e-10	-1.780519e+01	-9.569545e+01
6.080000e-06	-3.341994e-06	-8.842398e-10	-1.809466e+01	-9.744068e+01
6.090000e-06	-3.395111e-06	-9.009988e-10	-1.838225e+01	-9.916450e+01
6.100000e-06	-3.448049e-06	-9.174937e-10	-1.866888e+01	-1.008667e+02
6.110000e-06	-3.500773e-06	-9.328398e-10	-1.895434e+01	-1.025471e+02
6.120000e-06	-3.553231e-06	-9.466659e-10	-1.923837e+01	-1.042053e+02
6.130000e-06	-3.605393e-06	-9.610034e-10	-1.952079e+01	-1.058412e+02
6.140000e-06	-3.657214e-06	-9.770385e-10	-1.980137e+01	-1.074544e+02
6.150000e-06	-3.708750e-06	-9.932831e-10	-2.008040e+01	-1.090446e+02
6.160000e-06	-3.759998e-06	-1.008195e-09	-2.035787e+01	-1.106116e+02
6.170000e-06	-3.810979e-06	-1.021536e-09	-2.063390e+01	-1.121551e+02
6.180000e-06	-3.861698e-06	-1.033941e-09	-2.090851e+01	-1.136748e+02
6.190000e-06	-3.912117e-06	-1.046137e-09	-2.118149e+01	-1.151705e+02
6.200000e-06	-3.962321e-06	-1.058731e-09	-2.145331e+01	-1.166422e+02
6.210000e-06	-4.012253e-06	-1.071969e-09	-2.172366e+01	-1.180897e+02
6.220000e-06	-4.061727e-06	-1.085773e-09	-2.199153e+01	-1.195129e+02
6.230000e-06	-4.110719e-06	-1.099574e-09	-2.225679e+01	-1.209118e+02
6.240000e-06	-4.159349e-06	-1.112604e-09	-2.252009e+01	-1.222865e+02
6.250000e-06	-4.207533e-06	-1.124590e-09	-2.278097e+01	-1.236371e+02
6.260000e-06	-4.255269e-06	-1.135956e-09	-2.303943e+01	-1.249638e+02
6.270000e-06	-4.302715e-06	-1.146548e-09	-2.329632e+01	-1.262666e+02
6.280000e-06	-4.349954e-06	-1.157668e-09	-2.355209e+01	-1.275459e+02
6.290000e-06	-4.396848e-06	-1.171385e-09	-2.380598e+01	-1.288019e+02
6.300000e-06	-4.443395e-06	-1.184973e-09	-2.405801e+01	-1.300350e+02
6.310000e-06	-4.489705e-06	-1.196120e-09	-2.430875e+01	-1.312455e+02
6.320000e-06	-4.535676e-06	-1.205537e-09	-2.455765e+01	-1.324337e+02
6.330000e-06	-4.581285e-06	-1.214933e-09	-2.480459e+01	-1.336001e+02
6.340000e-06	-4.626581e-06	-1.225221e-09	-2.504984e+01	-1.347449e+02
6.350000e-06	-4.671580e-06	-1.235875e-09	-2.529347e+01	-1.358688e+02
6.360000e-06	-4.716326e-06	-1.246562e-09	-2.553575e+01	-1.369720e+02
6.370000e-06	-4.760831e-06	-1.255867e-09	-2.577671e+01	-1.380549e+02
6.380000e-06	-4.805051e-06	-1.263862e-09	-2.601613e+01	-1.391180e+02
6.390000e-06	-4.849069e-06	-1.271591e-09	-2.625446e+01	-1.401616e+02
6.400000e-06	-4.892929e-06	-1.279733e-09	-2.649193e+01	-1.411862e+02
6.410000e-06	-4.936458e-06	-1.288270e-09	-2.672761e+01	-1.421920e+02
6.420000e-06	-4.979616e-06	-1.296743e-09	-2.696129e+01	-1.431795e+02
6.430000e-06	-5.022426e-06	-1.306185e-09	-2.719308e+01	-1.441489e+02
6.440000e-06	-5.064878e-06	-1.316489e-09	-2.742293e+01	-1.451007e+02
6.450000e-06	-5.106928e-06	-1.325300e-09	-2.765059e+01	-1.460350e+02
6.460000e-06	-5.148529e-06	-1.332655e-09	-2.787583e+01	-1.469522e+02
6.470000e-06	-5.189793e-06	-1.340513e-09	-2.809925e+01	-1.478525e+02
6.480000e-06	-5.230776e-06	-1.348356e-09	-2.832115e+01	-1.487363e+02
6.490000e-06	-5.271383e-06	-1.355641e-09	-2.854101e+01	-1.496037e+02
6.500000e-06	-5.311684e-06	-1.363181e-09	-2.875921e+01	-1.504550e+02
6.510000e-06	-5.351789e-06	-1.370486e-09	-2.897636e+01	-1.512905e+02
6.520000e-06	-5.391558e-06	-1.376475e-09	-2.919167e+01	-1.521103e+02
6.530000e-06	-5.430880e-06	-1.381950e-09	-2.940458e+01	-1.529148e+02
6.540000e-06	-5.469776e-06	-1.387684e-09	-2.961518e+01	-1.537042e+02
6.550000e-06	-5.508190e-06	-1.394024e-09	-2.982316e+01	-1.544787e+02
6.560000e-06	-5.545973e-06	-1.401955e-09	-3.002773e+01	-1.552387e+02
6.570000e-06	-5.583183e-06	-1.409477e-09	-3.022920e+01	-1.559843e+02
6.580000e-06	-5.620005e-06	-1.414946e-09	-3.042856e+01	-1.567159e+02
6.590000e-06	-5.656497e-06	-1.419286e-09	-3.062615e+01	-1.574337e+02
6.600000e-06	-5.692669e-06	-1.423949e-09	-3.082199e+01	-1.581381e+02
6.610000e-06	-5.728511e-06	-1.430348e-09	-3.101605e+01	-1.588294e+02
6.620000e-06	-5.763995e-06	-1.437229e-09	-3.120817e+01	-1.595079e+02
6.630000e-06	-5.799135e-06	-1.443335e-09	-3.139843e+01	-1.601739e+02
6.640000e-06	-5.833852e-06	-1.448569e-09	-3.158640e+01	-1.608278e+02
6.650000e-06	-5.868151e-06	-1.453438e-09	-3.177211e+01	-1.614700e+02
6.660000e-06	-5.901959e-06	-1.457331e-09	-3.195515e+01	-1.621008e+02
6.670000e-06	-5.935206e-06	-1.459705e-09	-3.213517e+01	-1.627205e+02
6.680000e-06	-5.968026e-06	-1.462836e-09	-3.231286e+01	-1.633295e+02
6.690000e-06	-6.000562e-06	-1.467473e-09	-3.248903e+01	-1.639282e+02
6.700000e-06	-6.032859e-06	-1.473878e-09	-3.266389e+01	-1.645168e+02
6.710000e-06	-6.064815e-06	-1.480908e-09	-3.283691e+01	-1.650958e+02
6.720000e-06	-6.096316e-06	-1.485664e-09	-3.300747e+01	-1.656654e+02
6.730000e-06	-6.127241e-06	-1.487974e-09	-3.317491e+01	-1.662260e+02
6.740000e-06	-6.157557e-06	-1.489988e-09	-3.333905e+01	-1.667777e+02
6.750000e-06	-6.187280e-06	-1.493576e-09	-3.349998e+01	-1.673209e+02
6.760000e-06	-6.216441e-06	-1.498061e-09	-3.365787e+01	-1.678559e+02
6.770000e-06	-6.245164e-06	-1.502182e-09	-3.381338e+01	-1.683827e+02
6.780000e-06	-6.273540e-06	-1.505716e-09	-3.396702e+01	-1.689017e+02
6.790000e-06	-6.301585e-06	-1.509259e-09	-3.411886e+01	-1.694130e+02
6.800000e-06	-6.329233e-06	-1.512228e-09	-3.426856e+01	-1.699166e+02
6.810000e-06	-6.356358e-06	-1.514456e-09	-3.441542e+01	-1.704128e+02
6.820000e-06	-6.383031e-06	-1.516704e-09	-3.455984e+01	-1.709017e+02
6.830000e-06	-6.409280e-06	-1.519566e-09	-3.470196e+01	-1.713832e+02
6.840000e-06	-6.435009e-06	-1.524296e-09	-3.484127e+01	-1.718574e+02
6.850000e-06	-6.460203e-06	-1.528066e-09	-3.497768e+01	-1.723243e+02
6.860000e-06	-6.484981e-06	-1.529415e-09	-3.511183e+01	-1.727840e+02
6.870000e-06	-6.509408e-06	-1.531590e-09	-3.524408e+01	-1.732364e+02
6.880000e-06	-6.533515e-06	-1.535637e-09	-3.537461e+01	-1.736815e+02
6.890000e-06	-6.557215e-06	-1.540874e-09	-3.550293e+01	-1.741191e+02
6.900000e-06	-6.580414e-06	-1.545657e-09	-3.562853e+01	-1.745494e+02
6.910000e-06	-6.602978e-06	-1.548849e-09	-3.575070e+01	-1.749721e+02
6.920000e-06	-6.624958e-06	-1.551332e-09	-3.586971e+01	-1.753871e+02
6.930000e-06	-6.646333e-06	-1.553017e-09	-3.598544e+01	-1.757945e+02
6.940000e-06	-6.667054e-06	-1.554922e-09	-3.609763e+01	-1.761940e+02
6.950000e-06	-6.687375e-06	-1.557007e-09	-3.620766e+01	-1.765856e+02
6.960000e-06	-6.707361e-06	-1.558052e-09	-3.631587e+01	-1.769692e+02
6.970000e-06	-6.726912e-06	-1.560542e-09	-3.642172e+01	-1.773446e+02
6.980000e-06	-6.745981e-06	-1.565357e-09	-3.652497e+01	-1.777118e+02
6.990000e-06	-6.764688e-06	-1.569388e-09	-3.662626e+01	-1.780705e+02
7.000000e-06	-6.782973e-06	-1.571128e-09	-3.672526e+01	-1.784207e+02
7.010000e-06	-6.800662e-06	-1.571157e-09	-3.682103e+01	-1.787623e+02
7.020000e-06	-6.817798e-06	-1.571758e-09	-3.691381e+01	-1.790951e+02
7.030000e-06	-6.834543e-06	-1.574456e-09	-3.700447e+01	-1.794191e+02
7.040000e-06	-6.850964e-06	-1.578148e-09	-3.709338e+01	-1.797340e+02
7.050000e-06	-6.867009e-06	-1.581055e-09	-3.718026e+01	-1.800398e+02
7.060000e-06	-6.882626e-06	-1.582312e-09	-3.726481e+01	-1.803364e+02
7.070000e-06	-6.897690e-06	-1.583871e-09	-3.734637e+01	-1.806235e+02
7.080000e-06	-6.911983e-06	-1.586245e-09	-3.742376e+01	-1.809012e+02
7.090000e-06	-6.925520e-06	-1.587280e-09	-3.749705e+01	-1.811693e+02
7.100000e-06	-6.938478e-06	-1.587495e-09	-3.756721e+01	-1.814276e+02
7.110000e-06	-6.950907e-06	-1.589087e-09	-3.763450e+01	-1.816760e+02
7.120000e-06	-6.962737e-06	-1.591587e-09	-3.769856e+01	-1.819144e+02
7.130000e-06	-6.973994e-06	-1.593318e-09	-3.775951e+01	-1.821428e+02
7.140000e-06	-6.984776e-06	-1.594236e-09	-3.781788e+01	-1.823609e+02
7.150000e-06	-6.995126e-06	-1.593803e-09	-3.787392e+01	-1.825686e+02
7.160000e-06	-7.004944e-06	-1.592199e-09	-3.792708e+01	-1.827660e+02
7.170000e-06	-7.014181e-06	-1.593303e-09	-3.797709e+01	-1.829528e+02
7.180000e-06	-7.022969e-06	-1.596524e-09	-3.802468e+01	-1.831290e+02
7.190000e-06	-7.031452e-06	-1.597663e-09	-3.807060e+01	-1.832945e+02
7.200000e-06	-7.039664e-06	-1.597163e-09	-3.811506e+01	-1.834492e+02
7.210000e-06	-7.047427e-06	-1.596512e-09	-3.815710e+01	-1.835932e+02
7.220000e-06	-7.054559e-06	-1.595524e-09	-3.819571e+01	-1.837264e+02
7.230000e-06	-7.061086e-06	-1.594749e-09	-3.823105e+01	-1.838488e+02
7.240000e-06	-7.066902e-06	-1.594522e-09	-3.826254e+01	-1.839603e+02
7.250000e-06	-7.072019e-06	-1.594423e-09	-3.829025e+01	-1.840611e+02
7.260000e-06	-7.076624e-06	-1.594514e-09	-3.831518e+01	-1.841512e+02
7.270000e-06	-7.080747e-06	-1.595268e-09	-3.833750e+01	-1.842307e+02
7.280000e-06	-7.084524e-06	-1.596395e-09	-3.835795e+01	-1.842997e+02
7.290000e-06	-7.087905e-06	-1.595255e-09	-3.837626e+01	-1.843583e+02
7.300000e-06	-7.090748e-06	-1.592354e-09	-3.839165e+01	-1.844067e+02
7.310000e-06	-7.093204e-06	-1.591146e-09	-3.840495e+01	-1.844451e+02
7.320000e-06	-7.095248e-06	-1.591363e-09	-3.841601e+01	-1.844737e+02
7.330000e-06	-7.096726e-06	-1.591400e-09	-3.842402e+01	-1.844927e+02
7.340000e-06	-7.097576e-06	-1.590670e-09	-3.842862e+01	-1.845023e+02
