# Temperatura_=_20.0
# Concentracion g/m^3_=_7400.0
# C_Vs_to_Am_M_A/Vsm_=_116720831517.84952
# pendiente_HvsI_1/m_=_3716.3
# ordenada_HvsI_A/m_=_1297.0
# frecuencia_Hz_=_136116.81790235062

Tiempo_(s)	Campo_(V.s)	Magnetizacion_(V.s)	Campo_(kA/m)	Magnetizacion_(A/m)
0.000000e+00	-7.103345e-06	-1.256297e-09	-3.842082e+01	-1.466201e+02
1.000000e-08	-7.103623e-06	-1.254903e-09	-3.842232e+01	-1.466169e+02
2.000000e-08	-7.103535e-06	-1.255527e-09	-3.842185e+01	-1.466045e+02
3.000000e-08	-7.103002e-06	-1.256041e-09	-3.841897e+01	-1.465832e+02
4.000000e-08	-7.101907e-06	-1.255400e-09	-3.841304e+01	-1.465530e+02
5.000000e-08	-7.100093e-06	-1.254671e-09	-3.840323e+01	-1.465140e+02
6.000000e-08	-7.097482e-06	-1.254286e-09	-3.838911e+01	-1.464665e+02
7.000000e-08	-7.094250e-06	-1.252536e-09	-3.837163e+01	-1.464105e+02
8.000000e-08	-7.090623e-06	-1.250956e-09	-3.835201e+01	-1.463462e+02
9.000000e-08	-7.086527e-06	-1.258938e-09	-3.832985e+01	-1.462740e+02
1.000000e-07	-7.081784e-06	-1.259777e-09	-3.830420e+01	-1.461939e+02
1.100000e-07	-7.076248e-06	-1.221405e-09	-3.827426e+01	-1.461063e+02
1.200000e-07	-7.070222e-06	-1.208682e-09	-3.824166e+01	-1.460114e+02
1.300000e-07	-7.064010e-06	-1.285068e-09	-3.820806e+01	-1.459094e+02
1.400000e-07	-7.057418e-06	-1.314222e-09	-3.817241e+01	-1.458006e+02
1.500000e-07	-7.050289e-06	-1.209548e-09	-3.813385e+01	-1.456854e+02
1.600000e-07	-7.042755e-06	-1.167884e-09	-3.809310e+01	-1.455639e+02
1.700000e-07	-7.034889e-06	-1.292145e-09	-3.805055e+01	-1.454365e+02
1.800000e-07	-7.026546e-06	-1.325850e-09	-3.800543e+01	-1.453034e+02
1.900000e-07	-7.017419e-06	-1.164986e-09	-3.795606e+01	-1.451649e+02
2.000000e-07	-7.007634e-06	-1.135782e-09	-3.790314e+01	-1.450213e+02
2.100000e-07	-6.997288e-06	-1.317817e-09	-3.784718e+01	-1.448728e+02
2.200000e-07	-6.986320e-06	-1.332264e-09	-3.778785e+01	-1.447197e+02
2.300000e-07	-6.974704e-06	-1.145597e-09	-3.772502e+01	-1.445623e+02
2.400000e-07	-6.962502e-06	-1.148713e-09	-3.765903e+01	-1.444006e+02
2.500000e-07	-6.949898e-06	-1.308591e-09	-3.759085e+01	-1.442351e+02
2.600000e-07	-6.936738e-06	-1.264933e-09	-3.751967e+01	-1.440657e+02
2.700000e-07	-6.922934e-06	-1.136486e-09	-3.744501e+01	-1.438927e+02
2.800000e-07	-6.908429e-06	-1.215341e-09	-3.736655e+01	-1.437162e+02
2.900000e-07	-6.893217e-06	-1.293258e-09	-3.728428e+01	-1.435364e+02
3.000000e-07	-6.877417e-06	-1.187574e-09	-3.719881e+01	-1.433533e+02
3.100000e-07	-6.861050e-06	-1.166260e-09	-3.711029e+01	-1.431669e+02
3.200000e-07	-6.844139e-06	-1.270127e-09	-3.701882e+01	-1.429773e+02
3.300000e-07	-6.826924e-06	-1.217151e-09	-3.692570e+01	-1.427845e+02
3.400000e-07	-6.809306e-06	-1.126702e-09	-3.683041e+01	-1.425886e+02
3.500000e-07	-6.791297e-06	-1.236054e-09	-3.673301e+01	-1.423893e+02
3.600000e-07	-6.772846e-06	-1.283995e-09	-3.663321e+01	-1.421868e+02
3.700000e-07	-6.753760e-06	-1.135771e-09	-3.652998e+01	-1.419809e+02
3.800000e-07	-6.734221e-06	-1.131867e-09	-3.642429e+01	-1.417714e+02
3.900000e-07	-6.714336e-06	-1.266705e-09	-3.631674e+01	-1.415584e+02
4.000000e-07	-6.694037e-06	-1.210419e-09	-3.620694e+01	-1.413416e+02
4.100000e-07	-6.673251e-06	-1.112571e-09	-3.609451e+01	-1.411208e+02
4.200000e-07	-6.652046e-06	-1.202446e-09	-3.597982e+01	-1.408961e+02
4.300000e-07	-6.630398e-06	-1.236147e-09	-3.586273e+01	-1.406671e+02
4.400000e-07	-6.608251e-06	-1.138277e-09	-3.574294e+01	-1.404337e+02
4.500000e-07	-6.585686e-06	-1.159803e-09	-3.562089e+01	-1.401957e+02
4.600000e-07	-6.562715e-06	-1.218787e-09	-3.549664e+01	-1.399530e+02
4.700000e-07	-6.539331e-06	-1.148414e-09	-3.537016e+01	-1.397054e+02
4.800000e-07	-6.515630e-06	-1.135556e-09	-3.524197e+01	-1.394528e+02
4.900000e-07	-6.491578e-06	-1.211398e-09	-3.511187e+01	-1.391949e+02
5.000000e-07	-6.466960e-06	-1.172211e-09	-3.497872e+01	-1.389318e+02
5.100000e-07	-6.441560e-06	-1.112390e-09	-3.484133e+01	-1.386631e+02
5.200000e-07	-6.415419e-06	-1.165845e-09	-3.469994e+01	-1.383889e+02
5.300000e-07	-6.388647e-06	-1.175890e-09	-3.455514e+01	-1.381091e+02
5.400000e-07	-6.361358e-06	-1.120258e-09	-3.440753e+01	-1.378234e+02
5.500000e-07	-6.333710e-06	-1.139493e-09	-3.425799e+01	-1.375320e+02
5.600000e-07	-6.305706e-06	-1.164944e-09	-3.410652e+01	-1.372346e+02
5.700000e-07	-6.277350e-06	-1.127048e-09	-3.395315e+01	-1.369313e+02
5.800000e-07	-6.248610e-06	-1.126495e-09	-3.379770e+01	-1.366221e+02
5.900000e-07	-6.219406e-06	-1.150044e-09	-3.363974e+01	-1.363068e+02
6.000000e-07	-6.189824e-06	-1.124078e-09	-3.347973e+01	-1.359856e+02
6.100000e-07	-6.159817e-06	-1.112388e-09	-3.331744e+01	-1.356583e+02
6.200000e-07	-6.129274e-06	-1.134123e-09	-3.315223e+01	-1.353250e+02
6.300000e-07	-6.098369e-06	-1.125173e-09	-3.298507e+01	-1.349856e+02
6.400000e-07	-6.067051e-06	-1.110197e-09	-3.281568e+01	-1.346401e+02
6.500000e-07	-6.035392e-06	-1.118569e-09	-3.264444e+01	-1.342885e+02
6.600000e-07	-6.003605e-06	-1.113291e-09	-3.247251e+01	-1.339309e+02
6.700000e-07	-5.971489e-06	-1.102123e-09	-3.229880e+01	-1.335670e+02
6.800000e-07	-5.938802e-06	-1.106376e-09	-3.212200e+01	-1.331969e+02
6.900000e-07	-5.905382e-06	-1.102463e-09	-3.194124e+01	-1.328206e+02
7.000000e-07	-5.871230e-06	-1.091261e-09	-3.175651e+01	-1.324378e+02
7.100000e-07	-5.836441e-06	-1.089826e-09	-3.156835e+01	-1.320486e+02
7.200000e-07	-5.801202e-06	-1.087039e-09	-3.137774e+01	-1.316527e+02
7.300000e-07	-5.765748e-06	-1.080861e-09	-3.118598e+01	-1.312501e+02
7.400000e-07	-5.730049e-06	-1.079446e-09	-3.099289e+01	-1.308406e+02
7.500000e-07	-5.694031e-06	-1.074910e-09	-3.079807e+01	-1.304239e+02
7.600000e-07	-5.657475e-06	-1.068112e-09	-3.060035e+01	-1.300000e+02
7.700000e-07	-5.620399e-06	-1.067847e-09	-3.039981e+01	-1.295686e+02
7.800000e-07	-5.583064e-06	-1.065426e-09	-3.019787e+01	-1.291293e+02
7.900000e-07	-5.545390e-06	-1.056248e-09	-2.999410e+01	-1.286822e+02
8.000000e-07	-5.507222e-06	-1.049549e-09	-2.978766e+01	-1.282267e+02
8.100000e-07	-5.468530e-06	-1.045732e-09	-2.957837e+01	-1.277628e+02
8.200000e-07	-5.429383e-06	-1.041330e-09	-2.936664e+01	-1.272901e+02
8.300000e-07	-5.390021e-06	-1.037412e-09	-2.915374e+01	-1.268084e+02
8.400000e-07	-5.350495e-06	-1.032876e-09	-2.893994e+01	-1.263175e+02
8.500000e-07	-5.310720e-06	-1.027729e-09	-2.872481e+01	-1.258171e+02
8.600000e-07	-5.270664e-06	-1.023703e-09	-2.850815e+01	-1.253070e+02
8.700000e-07	-5.230159e-06	-1.020025e-09	-2.828907e+01	-1.247870e+02
8.800000e-07	-5.189126e-06	-1.015644e-09	-2.806713e+01	-1.242569e+02
8.900000e-07	-5.147488e-06	-1.008641e-09	-2.784191e+01	-1.237166e+02
9.000000e-07	-5.105258e-06	-1.000430e-09	-2.761350e+01	-1.231658e+02
9.100000e-07	-5.062419e-06	-9.949830e-10	-2.738179e+01	-1.226046e+02
9.200000e-07	-5.019121e-06	-9.908874e-10	-2.714760e+01	-1.220328e+02
9.300000e-07	-4.975649e-06	-9.840800e-10	-2.691246e+01	-1.214504e+02
9.400000e-07	-4.931939e-06	-9.761493e-10	-2.667605e+01	-1.208573e+02
9.500000e-07	-4.887974e-06	-9.711968e-10	-2.643824e+01	-1.202537e+02
9.600000e-07	-4.843733e-06	-9.684281e-10	-2.619895e+01	-1.196394e+02
9.700000e-07	-4.799082e-06	-9.658089e-10	-2.595744e+01	-1.190147e+02
9.800000e-07	-4.754094e-06	-9.613484e-10	-2.571411e+01	-1.183795e+02
9.900000e-07	-4.708799e-06	-9.535832e-10	-2.546912e+01	-1.177341e+02
1.000000e-06	-4.663229e-06	-9.454192e-10	-2.522263e+01	-1.170785e+02
1.010000e-06	-4.617229e-06	-9.391677e-10	-2.497383e+01	-1.164128e+02
1.020000e-06	-4.570802e-06	-9.330289e-10	-2.472271e+01	-1.157373e+02
1.030000e-06	-4.524127e-06	-9.255321e-10	-2.447026e+01	-1.150520e+02
1.040000e-06	-4.476953e-06	-9.186943e-10	-2.421510e+01	-1.143572e+02
1.050000e-06	-4.429389e-06	-9.153288e-10	-2.395783e+01	-1.136530e+02
1.060000e-06	-4.381794e-06	-9.127682e-10	-2.370040e+01	-1.129394e+02
1.070000e-06	-4.334145e-06	-9.084203e-10	-2.344268e+01	-1.122167e+02
1.080000e-06	-4.286245e-06	-9.031010e-10	-2.318359e+01	-1.114848e+02
1.090000e-06	-4.238038e-06	-8.964790e-10	-2.292285e+01	-1.107440e+02
1.100000e-06	-4.189546e-06	-8.885969e-10	-2.266056e+01	-1.099941e+02
1.110000e-06	-4.140540e-06	-8.811392e-10	-2.239549e+01	-1.092352e+02
1.120000e-06	-4.091009e-06	-8.742847e-10	-2.212759e+01	-1.084673e+02
1.130000e-06	-4.041085e-06	-8.672514e-10	-2.185756e+01	-1.076902e+02
1.140000e-06	-3.990597e-06	-8.606435e-10	-2.158448e+01	-1.069039e+02
1.150000e-06	-3.939606e-06	-8.553920e-10	-2.130868e+01	-1.061082e+02
1.160000e-06	-3.888346e-06	-8.498673e-10	-2.103142e+01	-1.053028e+02
1.170000e-06	-3.836817e-06	-8.422980e-10	-2.075271e+01	-1.044876e+02
1.180000e-06	-3.785031e-06	-8.342563e-10	-2.047261e+01	-1.036623e+02
1.190000e-06	-3.733041e-06	-8.271261e-10	-2.019141e+01	-1.028266e+02
1.200000e-06	-3.680813e-06	-8.206055e-10	-1.990891e+01	-1.019801e+02
1.210000e-06	-3.628195e-06	-8.134787e-10	-1.962431e+01	-1.011226e+02
1.220000e-06	-3.575190e-06	-8.050264e-10	-1.933761e+01	-1.002535e+02
1.230000e-06	-3.521985e-06	-7.963346e-10	-1.904983e+01	-9.937251e+01
1.240000e-06	-3.468626e-06	-7.884148e-10	-1.876123e+01	-9.847928e+01
1.250000e-06	-3.415084e-06	-7.824433e-10	-1.847163e+01	-9.757338e+01
1.260000e-06	-3.361360e-06	-7.773020e-10	-1.818104e+01	-9.665445e+01
1.270000e-06	-3.307368e-06	-7.693485e-10	-1.788901e+01	-9.572209e+01
1.280000e-06	-3.253102e-06	-7.599385e-10	-1.759549e+01	-9.477597e+01
1.290000e-06	-3.198655e-06	-7.517807e-10	-1.730099e+01	-9.381575e+01
1.300000e-06	-3.143816e-06	-7.446618e-10	-1.700438e+01	-9.284116e+01
1.310000e-06	-3.088666e-06	-7.367163e-10	-1.670608e+01	-9.185192e+01
1.320000e-06	-3.033382e-06	-7.269931e-10	-1.640707e+01	-9.084784e+01
1.330000e-06	-2.977959e-06	-7.175223e-10	-1.610729e+01	-8.982874e+01
1.340000e-06	-2.922410e-06	-7.091122e-10	-1.580683e+01	-8.879451e+01
1.350000e-06	-2.866783e-06	-7.015615e-10	-1.550596e+01	-8.774506e+01
1.360000e-06	-2.811114e-06	-6.934391e-10	-1.520485e+01	-8.668039e+01
1.370000e-06	-2.755277e-06	-6.836722e-10	-1.490284e+01	-8.560052e+01
1.380000e-06	-2.699346e-06	-6.742269e-10	-1.460032e+01	-8.450552e+01
1.390000e-06	-2.643315e-06	-6.659305e-10	-1.429725e+01	-8.339551e+01
1.400000e-06	-2.587108e-06	-6.578630e-10	-1.399324e+01	-8.227066e+01
1.410000e-06	-2.530650e-06	-6.486130e-10	-1.368787e+01	-8.113116e+01
1.420000e-06	-2.473825e-06	-6.384495e-10	-1.338051e+01	-7.997724e+01
1.430000e-06	-2.416705e-06	-6.291028e-10	-1.307156e+01	-7.880914e+01
1.440000e-06	-2.359134e-06	-6.205830e-10	-1.276017e+01	-7.762714e+01
1.450000e-06	-2.301336e-06	-6.117307e-10	-1.244755e+01	-7.643151e+01
1.460000e-06	-2.243401e-06	-6.013769e-10	-1.213419e+01	-7.522253e+01
1.470000e-06	-2.185152e-06	-5.900393e-10	-1.181913e+01	-7.400047e+01
1.480000e-06	-2.126596e-06	-5.783127e-10	-1.150241e+01	-7.276558e+01
1.490000e-06	-2.067703e-06	-5.672625e-10	-1.118386e+01	-7.151808e+01
1.500000e-06	-2.008686e-06	-5.579040e-10	-1.086465e+01	-7.025819e+01
1.510000e-06	-1.949481e-06	-5.480270e-10	-1.054442e+01	-6.898605e+01
1.520000e-06	-1.890062e-06	-5.368541e-10	-1.022303e+01	-6.770178e+01
1.530000e-06	-1.830559e-06	-5.271605e-10	-9.901191e+00	-6.640543e+01
1.540000e-06	-1.771068e-06	-5.183808e-10	-9.579416e+00	-6.509703e+01
1.550000e-06	-1.711624e-06	-5.077577e-10	-9.257892e+00	-6.377649e+01
1.560000e-06	-1.652150e-06	-4.956651e-10	-8.936205e+00	-6.244372e+01
1.570000e-06	-1.592560e-06	-4.836195e-10	-8.613893e+00	-6.109851e+01
1.580000e-06	-1.532855e-06	-4.727279e-10	-8.290962e+00	-5.974062e+01
1.590000e-06	-1.473054e-06	-4.621768e-10	-7.967506e+00	-5.836974e+01
1.600000e-06	-1.413210e-06	-4.511264e-10	-7.643822e+00	-5.698549e+01
1.610000e-06	-1.353374e-06	-4.397534e-10	-7.320176e+00	-5.558744e+01
1.620000e-06	-1.293421e-06	-4.280517e-10	-6.995900e+00	-5.417509e+01
1.630000e-06	-1.233280e-06	-4.164593e-10	-6.670607e+00	-5.274793e+01
1.640000e-06	-1.173124e-06	-4.048211e-10	-6.345232e+00	-5.130538e+01
1.650000e-06	-1.112981e-06	-3.922992e-10	-6.019930e+00	-4.984685e+01
1.660000e-06	-1.052718e-06	-3.793407e-10	-5.693976e+00	-4.837171e+01
1.670000e-06	-9.923766e-07	-3.676102e-10	-5.367601e+00	-4.687934e+01
1.680000e-06	-9.319248e-07	-3.568913e-10	-5.040628e+00	-4.536911e+01
1.690000e-06	-8.714013e-07	-3.447506e-10	-4.713266e+00	-4.384040e+01
1.700000e-06	-8.108631e-07	-3.321118e-10	-4.385825e+00	-4.229263e+01
1.710000e-06	-7.502520e-07	-3.203629e-10	-4.057989e+00	-4.072525e+01
1.720000e-06	-6.896821e-07	-3.078540e-10	-3.730377e+00	-3.913774e+01
1.730000e-06	-6.291182e-07	-2.950387e-10	-3.402797e+00	-3.752966e+01
1.740000e-06	-5.683557e-07	-2.829957e-10	-3.074142e+00	-3.590063e+01
1.750000e-06	-5.075850e-07	-2.706847e-10	-2.745444e+00	-3.425034e+01
1.760000e-06	-4.468623e-07	-2.569269e-10	-2.417004e+00	-3.257859e+01
1.770000e-06	-3.859436e-07	-2.428959e-10	-2.087505e+00	-3.088525e+01
1.780000e-06	-3.248822e-07	-2.296269e-10	-1.757234e+00	-2.917031e+01
1.790000e-06	-2.638023e-07	-2.163276e-10	-1.426863e+00	-2.743387e+01
1.800000e-06	-2.028227e-07	-2.024108e-10	-1.097035e+00	-2.567613e+01
1.810000e-06	-1.418294e-07	-1.877132e-10	-7.671321e-01	-2.389742e+01
1.820000e-06	-8.077352e-08	-1.735033e-10	-4.368906e-01	-2.209818e+01
1.830000e-06	-1.991498e-08	-1.596724e-10	-1.077168e-01	-2.027897e+01
1.840000e-06	4.082420e-08	-1.448509e-10	2.208114e-01	-1.844048e+01
1.850000e-06	1.016755e-07	-1.293549e-10	5.499461e-01	-1.658349e+01
1.860000e-06	1.626047e-07	-1.145043e-10	8.795019e-01	-1.470891e+01
1.870000e-06	2.235058e-07	-1.009030e-10	1.208906e+00	-1.281776e+01
1.880000e-06	2.843342e-07	-8.719042e-11	1.537917e+00	-1.091116e+01
1.890000e-06	3.451556e-07	-7.253238e-11	1.866889e+00	-8.990307e+00
1.900000e-06	4.059819e-07	-5.755008e-11	2.195889e+00	-7.056508e+00
1.910000e-06	4.667430e-07	-4.199463e-11	2.524536e+00	-5.111135e+00
1.920000e-06	5.274281e-07	-2.630067e-11	2.852772e+00	-3.155630e+00
1.930000e-06	5.881188e-07	-1.190805e-11	3.181037e+00	-1.191496e+00
1.940000e-06	6.488547e-07	2.177054e-12	3.509548e+00	7.797184e-01
1.950000e-06	7.094989e-07	1.784289e-11	3.837562e+00	2.756423e+00
1.960000e-06	7.700098e-07	3.447329e-11	4.164856e+00	4.737003e+00
1.970000e-06	8.304438e-07	5.059400e-11	4.491733e+00	6.719823e+00
1.980000e-06	8.907430e-07	6.526767e-11	4.817882e+00	8.703244e+00
1.990000e-06	9.509570e-07	7.943764e-11	5.143569e+00	1.068563e+01
2.000000e-06	1.011140e-06	9.498553e-11	5.469091e+00	1.266535e+01
2.010000e-06	1.071298e-06	1.109510e-10	5.794474e+00	1.464080e+01
2.020000e-06	1.131529e-06	1.263433e-10	6.120251e+00	1.661042e+01
2.030000e-06	1.191696e-06	1.419267e-10	6.445690e+00	1.857266e+01
2.040000e-06	1.251675e-06	1.576521e-10	6.770104e+00	2.052604e+01
2.050000e-06	1.311571e-06	1.730099e-10	7.094070e+00	2.246911e+01
2.060000e-06	1.371451e-06	1.880541e-10	7.417952e+00	2.440049e+01
2.070000e-06	1.431272e-06	2.027866e-10	7.741515e+00	2.631887e+01
2.080000e-06	1.491020e-06	2.169503e-10	8.064679e+00	2.822300e+01
2.090000e-06	1.550682e-06	2.303619e-10	8.387382e+00	3.011169e+01
2.100000e-06	1.610285e-06	2.440776e-10	8.709768e+00	3.198385e+01
2.110000e-06	1.669867e-06	2.586573e-10	9.032036e+00	3.383842e+01
2.120000e-06	1.729384e-06	2.728376e-10	9.353955e+00	3.567447e+01
2.130000e-06	1.788780e-06	2.865859e-10	9.675218e+00	3.749113e+01
2.140000e-06	1.848102e-06	3.002924e-10	9.996076e+00	3.928758e+01
2.150000e-06	1.907388e-06	3.134818e-10	1.031675e+01	4.106313e+01
2.160000e-06	1.966615e-06	3.270841e-10	1.063709e+01	4.281714e+01
2.170000e-06	2.025680e-06	3.411351e-10	1.095657e+01	4.454905e+01
2.180000e-06	2.084505e-06	3.542533e-10	1.127474e+01	4.625838e+01
2.190000e-06	2.143114e-06	3.669940e-10	1.159175e+01	4.794473e+01
2.200000e-06	2.201500e-06	3.805973e-10	1.190755e+01	4.960779e+01
2.210000e-06	2.259682e-06	3.942236e-10	1.222225e+01	5.124729e+01
2.220000e-06	2.317616e-06	4.068641e-10	1.253560e+01	5.286306e+01
2.230000e-06	2.375156e-06	4.186825e-10	1.284682e+01	5.445500e+01
2.240000e-06	2.432269e-06	4.307127e-10	1.315574e+01	5.602305e+01
2.250000e-06	2.488994e-06	4.439008e-10	1.346256e+01	5.756725e+01
2.260000e-06	2.545437e-06	4.571317e-10	1.376785e+01	5.908769e+01
2.270000e-06	2.601769e-06	4.694153e-10	1.407254e+01	6.058452e+01
2.280000e-06	2.657945e-06	4.812844e-10	1.437639e+01	6.205794e+01
2.290000e-06	2.713901e-06	4.928802e-10	1.467905e+01	6.350821e+01
2.300000e-06	2.769703e-06	5.042854e-10	1.498087e+01	6.493565e+01
2.310000e-06	2.825392e-06	5.161825e-10	1.528208e+01	6.634062e+01
2.320000e-06	2.880987e-06	5.283659e-10	1.558279e+01	6.772353e+01
2.330000e-06	2.936448e-06	5.408751e-10	1.588276e+01	6.908482e+01
2.340000e-06	2.991791e-06	5.535660e-10	1.618211e+01	7.042498e+01
2.350000e-06	3.047069e-06	5.657648e-10	1.648109e+01	7.174452e+01
2.360000e-06	3.102146e-06	5.762759e-10	1.677899e+01	7.304399e+01
2.370000e-06	3.156955e-06	5.843499e-10	1.707545e+01	7.432396e+01
2.380000e-06	3.211461e-06	5.911916e-10	1.737026e+01	7.558501e+01
2.390000e-06	3.265769e-06	5.994083e-10	1.766401e+01	7.682775e+01
2.400000e-06	3.319989e-06	6.105670e-10	1.795727e+01	7.805278e+01
2.410000e-06	3.373930e-06	6.226121e-10	1.824903e+01	7.926072e+01
2.420000e-06	3.427516e-06	6.342255e-10	1.853887e+01	8.045218e+01
2.430000e-06	3.480850e-06	6.450432e-10	1.882734e+01	8.162776e+01
2.440000e-06	3.533944e-06	6.546170e-10	1.911452e+01	8.278805e+01
2.450000e-06	3.586843e-06	6.637807e-10	1.940064e+01	8.393364e+01
2.460000e-06	3.639580e-06	6.727966e-10	1.968589e+01	8.506508e+01
2.470000e-06	3.691953e-06	6.811890e-10	1.996916e+01	8.618289e+01
2.480000e-06	3.743919e-06	6.887586e-10	2.025024e+01	8.728758e+01
2.490000e-06	3.795668e-06	6.971142e-10	2.053014e+01	8.837961e+01
2.500000e-06	3.847075e-06	7.065941e-10	2.080819e+01	8.945941e+01
2.510000e-06	3.898121e-06	7.158510e-10	2.108429e+01	9.052736e+01
2.520000e-06	3.948939e-06	7.240932e-10	2.135916e+01	9.158380e+01
2.530000e-06	3.999494e-06	7.312487e-10	2.163260e+01	9.262905e+01
2.540000e-06	4.049639e-06	7.391054e-10	2.190383e+01	9.366335e+01
2.550000e-06	4.099154e-06	7.476217e-10	2.217165e+01	9.468691e+01
2.560000e-06	4.148055e-06	7.558611e-10	2.243615e+01	9.569989e+01
2.570000e-06	4.196609e-06	7.626806e-10	2.269877e+01	9.670242e+01
2.580000e-06	4.244891e-06	7.688691e-10	2.295991e+01	9.769456e+01
2.590000e-06	4.292803e-06	7.766364e-10	2.321906e+01	9.867634e+01
2.600000e-06	4.340380e-06	7.856407e-10	2.347640e+01	9.964776e+01
2.610000e-06	4.387736e-06	7.943227e-10	2.373254e+01	1.006088e+02
2.620000e-06	4.434875e-06	8.013316e-10	2.398751e+01	1.015593e+02
2.630000e-06	4.481782e-06	8.076088e-10	2.424122e+01	1.024992e+02
2.640000e-06	4.528256e-06	8.153281e-10	2.449259e+01	1.034284e+02
2.650000e-06	4.574406e-06	8.244680e-10	2.474221e+01	1.043467e+02
2.660000e-06	4.620368e-06	8.323569e-10	2.499081e+01	1.052540e+02
2.670000e-06	4.665911e-06	8.378529e-10	2.523714e+01	1.061500e+02
2.680000e-06	4.711157e-06	8.431982e-10	2.548187e+01	1.070346e+02
2.690000e-06	4.755976e-06	8.506775e-10	2.572429e+01	1.079076e+02
2.700000e-06	4.800343e-06	8.590740e-10	2.596426e+01	1.087688e+02
2.710000e-06	4.844574e-06	8.662416e-10	2.620350e+01	1.096181e+02
2.720000e-06	4.888646e-06	8.731094e-10	2.644188e+01	1.104552e+02
2.730000e-06	4.932461e-06	8.806236e-10	2.667887e+01	1.112801e+02
2.740000e-06	4.975998e-06	8.886716e-10	2.691435e+01	1.120925e+02
2.750000e-06	5.019249e-06	8.966241e-10	2.714829e+01	1.128925e+02
2.760000e-06	5.062188e-06	9.033327e-10	2.738054e+01	1.136798e+02
2.770000e-06	5.104673e-06	9.081668e-10	2.761033e+01	1.144546e+02
2.780000e-06	5.146691e-06	9.137851e-10	2.783760e+01	1.152167e+02
2.790000e-06	5.188085e-06	9.214466e-10	2.806150e+01	1.159661e+02
2.800000e-06	5.228765e-06	9.288678e-10	2.828153e+01	1.167028e+02
2.810000e-06	5.268948e-06	9.357234e-10	2.849887e+01	1.174271e+02
2.820000e-06	5.308856e-06	9.417823e-10	2.871472e+01	1.181388e+02
2.830000e-06	5.348576e-06	9.472977e-10	2.892956e+01	1.188382e+02
2.840000e-06	5.388010e-06	9.541194e-10	2.914286e+01	1.195253e+02
2.850000e-06	5.427159e-06	9.613514e-10	2.935461e+01	1.202004e+02
2.860000e-06	5.465907e-06	9.665595e-10	2.956419e+01	1.208636e+02
2.870000e-06	5.504327e-06	9.702153e-10	2.977199e+01	1.215151e+02
2.880000e-06	5.542420e-06	9.747406e-10	2.997803e+01	1.221552e+02
2.890000e-06	5.580004e-06	9.815350e-10	3.018132e+01	1.227840e+02
2.900000e-06	5.617232e-06	9.889631e-10	3.038268e+01	1.234018e+02
2.910000e-06	5.654113e-06	9.952242e-10	3.058216e+01	1.240088e+02
2.920000e-06	5.690559e-06	1.000691e-09	3.077929e+01	1.246052e+02
2.930000e-06	5.726595e-06	1.007473e-09	3.097421e+01	1.251914e+02
2.940000e-06	5.762317e-06	1.015523e-09	3.116742e+01	1.257675e+02
2.950000e-06	5.797708e-06	1.021427e-09	3.135884e+01	1.263337e+02
2.960000e-06	5.832799e-06	1.024660e-09	3.154865e+01	1.268903e+02
2.970000e-06	5.867458e-06	1.029197e-09	3.173611e+01	1.274375e+02
2.980000e-06	5.901591e-06	1.035864e-09	3.192073e+01	1.279754e+02
2.990000e-06	5.935110e-06	1.041578e-09	3.210203e+01	1.285043e+02
3.000000e-06	5.967822e-06	1.046299e-09	3.227896e+01	1.290243e+02
3.010000e-06	5.999924e-06	1.050939e-09	3.245260e+01	1.295356e+02
3.020000e-06	6.031677e-06	1.055236e-09	3.262435e+01	1.300382e+02
3.030000e-06	6.063207e-06	1.061066e-09	3.279489e+01	1.305324e+02
3.040000e-06	6.094401e-06	1.067801e-09	3.296361e+01	1.310182e+02
3.050000e-06	6.125228e-06	1.072310e-09	3.313035e+01	1.314957e+02
3.060000e-06	6.155580e-06	1.076943e-09	3.329452e+01	1.319650e+02
3.070000e-06	6.185480e-06	1.083038e-09	3.345624e+01	1.324263e+02
3.080000e-06	6.215045e-06	1.087467e-09	3.361615e+01	1.328794e+02
3.090000e-06	6.244126e-06	1.091562e-09	3.377345e+01	1.333245e+02
3.100000e-06	6.272832e-06	1.097226e-09	3.392872e+01	1.337617e+02
3.110000e-06	6.301105e-06	1.103050e-09	3.408164e+01	1.341910e+02
3.120000e-06	6.328934e-06	1.107893e-09	3.423216e+01	1.346125e+02
3.130000e-06	6.356569e-06	1.112711e-09	3.438163e+01	1.350261e+02
3.140000e-06	6.383935e-06	1.117480e-09	3.452965e+01	1.354319e+02
3.150000e-06	6.410961e-06	1.121008e-09	3.467583e+01	1.358300e+02
3.160000e-06	6.437468e-06	1.124784e-09	3.481920e+01	1.362205e+02
3.170000e-06	6.463075e-06	1.129659e-09	3.495771e+01	1.366033e+02
3.180000e-06	6.487877e-06	1.134215e-09	3.509186e+01	1.369786e+02
3.190000e-06	6.512179e-06	1.137578e-09	3.522330e+01	1.373464e+02
3.200000e-06	6.535971e-06	1.140411e-09	3.535199e+01	1.377068e+02
3.210000e-06	6.559324e-06	1.142960e-09	3.547830e+01	1.380598e+02
3.220000e-06	6.582347e-06	1.145901e-09	3.560283e+01	1.384056e+02
3.230000e-06	6.604862e-06	1.150109e-09	3.572461e+01	1.387441e+02
3.240000e-06	6.626812e-06	1.155051e-09	3.584333e+01	1.390756e+02
3.250000e-06	6.648352e-06	1.159291e-09	3.595984e+01	1.394001e+02
3.260000e-06	6.669479e-06	1.162360e-09	3.607411e+01	1.397176e+02
3.270000e-06	6.690169e-06	1.165570e-09	3.618602e+01	1.400283e+02
3.280000e-06	6.710404e-06	1.169111e-09	3.629547e+01	1.403322e+02
3.290000e-06	6.730343e-06	1.172323e-09	3.640331e+01	1.406295e+02
3.300000e-06	6.750029e-06	1.175537e-09	3.650979e+01	1.409202e+02
3.310000e-06	6.769340e-06	1.178564e-09	3.661424e+01	1.412044e+02
3.320000e-06	6.788297e-06	1.181026e-09	3.671678e+01	1.414821e+02
3.330000e-06	6.806697e-06	1.183008e-09	3.681630e+01	1.417534e+02
3.340000e-06	6.824332e-06	1.183930e-09	3.691168e+01	1.420183e+02
3.350000e-06	6.841365e-06	1.185340e-09	3.700381e+01	1.422769e+02
3.360000e-06	6.858029e-06	1.188452e-09	3.709395e+01	1.425291e+02
3.370000e-06	6.874431e-06	1.191421e-09	3.718266e+01	1.427751e+02
3.380000e-06	6.890418e-06	1.194222e-09	3.726913e+01	1.430147e+02
3.390000e-06	6.905603e-06	1.197221e-09	3.735127e+01	1.432479e+02
3.400000e-06	6.920033e-06	1.199546e-09	3.742932e+01	1.434748e+02
3.410000e-06	6.933935e-06	1.201934e-09	3.750451e+01	1.436951e+02
3.420000e-06	6.947350e-06	1.205369e-09	3.757707e+01	1.439090e+02
3.430000e-06	6.960300e-06	1.207947e-09	3.764711e+01	1.441161e+02
3.440000e-06	6.972761e-06	1.209305e-09	3.771451e+01	1.443166e+02
3.450000e-06	6.984710e-06	1.211404e-09	3.777914e+01	1.445102e+02
3.460000e-06	6.996138e-06	1.214709e-09	3.784096e+01	1.446969e+02
3.470000e-06	7.007108e-06	1.218397e-09	3.790029e+01	1.448764e+02
3.480000e-06	7.017426e-06	1.221090e-09	3.795610e+01	1.450487e+02
3.490000e-06	7.026772e-06	1.223074e-09	3.800665e+01	1.452136e+02
3.500000e-06	7.035390e-06	1.226226e-09	3.805326e+01	1.453709e+02
3.510000e-06	7.043557e-06	1.230368e-09	3.809744e+01	1.455205e+02
3.520000e-06	7.051301e-06	1.233014e-09	3.813932e+01	1.456622e+02
3.530000e-06	7.058638e-06	1.234060e-09	3.817901e+01	1.457959e+02
3.540000e-06	7.065503e-06	1.235322e-09	3.821614e+01	1.459214e+02
3.550000e-06	7.071930e-06	1.237754e-09	3.825090e+01	1.460386e+02
3.560000e-06	7.077896e-06	1.240569e-09	3.828317e+01	1.461473e+02
3.570000e-06	7.083362e-06	1.243005e-09	3.831274e+01	1.462473e+02
3.580000e-06	7.088261e-06	1.245273e-09	3.833923e+01	1.463386e+02
3.590000e-06	7.092529e-06	1.247725e-09	3.836232e+01	1.464210e+02
3.600000e-06	7.096373e-06	1.250232e-09	3.838311e+01	1.464944e+02
3.610000e-06	7.099961e-06	1.252552e-09	3.840252e+01	1.465587e+02
3.620000e-06	7.103264e-06	1.253862e-09	3.842038e+01	1.466139e+02
3.630000e-06	7.106209e-06	1.254542e-09	3.843631e+01	1.466599e+02
3.640000e-06	7.108485e-06	1.255902e-09	3.844862e+01	1.466967e+02
3.650000e-06	7.109870e-06	1.257792e-09	3.845611e+01	1.467242e+02
3.660000e-06	7.110470e-06	1.259497e-09	3.845936e+01	1.467424e+02
3.670000e-06	7.110589e-06	1.260424e-09	3.846000e+01	1.467514e+02
3.680000e-06	7.110407e-06	1.261102e-09	3.845902e+01	1.467513e+02
3.690000e-06	7.109798e-06	1.261164e-09	3.845573e+01	1.467420e+02
3.700000e-06	7.108623e-06	1.261649e-09	3.844937e+01	1.467236e+02
3.710000e-06	7.106891e-06	1.262466e-09	3.844000e+01	1.466964e+02
3.720000e-06	7.104795e-06	1.262541e-09	3.842866e+01	1.466603e+02
3.730000e-06	7.102273e-06	1.263571e-09	3.841502e+01	1.466156e+02
3.740000e-06	7.099208e-06	1.265411e-09	3.839844e+01	1.465624e+02
3.750000e-06	7.095680e-06	1.259290e-09	3.837936e+01	1.465009e+02
3.760000e-06	7.091726e-06	1.241399e-09	3.835798e+01	1.464313e+02
3.770000e-06	7.087041e-06	1.259333e-09	3.833263e+01	1.463538e+02
3.780000e-06	7.081571e-06	1.321635e-09	3.830305e+01	1.462687e+02
3.790000e-06	7.075731e-06	1.285522e-09	3.827146e+01	1.461762e+02
3.800000e-06	7.069650e-06	1.176130e-09	3.823857e+01	1.460765e+02
3.810000e-06	7.063063e-06	1.219196e-09	3.820294e+01	1.459700e+02
3.820000e-06	7.055693e-06	1.348589e-09	3.816308e+01	1.458569e+02
3.830000e-06	7.047633e-06	1.301961e-09	3.811948e+01	1.457374e+02
3.840000e-06	7.039244e-06	1.150999e-09	3.807411e+01	1.456120e+02
3.850000e-06	7.030548e-06	1.213178e-09	3.802707e+01	1.454807e+02
3.860000e-06	7.021272e-06	1.396715e-09	3.797690e+01	1.453440e+02
3.870000e-06	7.011459e-06	1.311303e-09	3.792382e+01	1.452021e+02
3.880000e-06	7.001346e-06	1.096409e-09	3.786912e+01	1.450552e+02
3.890000e-06	6.990853e-06	1.201167e-09	3.781237e+01	1.449036e+02
3.900000e-06	6.979763e-06	1.423607e-09	3.775239e+01	1.447476e+02
3.910000e-06	6.968117e-06	1.294228e-09	3.768940e+01	1.445874e+02
3.920000e-06	6.955922e-06	1.092695e-09	3.762343e+01	1.444231e+02
3.930000e-06	6.943107e-06	1.255162e-09	3.755412e+01	1.442550e+02
3.940000e-06	6.929657e-06	1.405801e-09	3.748137e+01	1.440832e+02
3.950000e-06	6.915466e-06	1.197123e-09	3.740461e+01	1.439079e+02
3.960000e-06	6.900508e-06	1.103250e-09	3.732371e+01	1.437291e+02
3.970000e-06	6.884940e-06	1.330933e-09	3.723950e+01	1.435471e+02
3.980000e-06	6.868897e-06	1.347203e-09	3.715273e+01	1.433618e+02
3.990000e-06	6.852462e-06	1.129592e-09	3.706384e+01	1.431733e+02
4.000000e-06	6.835633e-06	1.204783e-09	3.697281e+01	1.429816e+02
4.010000e-06	6.818410e-06	1.376299e-09	3.687965e+01	1.427867e+02
4.020000e-06	6.800682e-06	1.211061e-09	3.678377e+01	1.425886e+02
4.030000e-06	6.782492e-06	1.109347e-09	3.668538e+01	1.423871e+02
4.040000e-06	6.763849e-06	1.324720e-09	3.658454e+01	1.421824e+02
4.050000e-06	6.744613e-06	1.336692e-09	3.648050e+01	1.419741e+02
4.060000e-06	6.724833e-06	1.124593e-09	3.637351e+01	1.417623e+02
4.070000e-06	6.704735e-06	1.204658e-09	3.626480e+01	1.415467e+02
4.080000e-06	6.684423e-06	1.357648e-09	3.615494e+01	1.413273e+02
4.090000e-06	6.663673e-06	1.204776e-09	3.604271e+01	1.411039e+02
4.100000e-06	6.642302e-06	1.140134e-09	3.592712e+01	1.408764e+02
4.110000e-06	6.620186e-06	1.307095e-09	3.580749e+01	1.406444e+02
4.120000e-06	6.597382e-06	1.271657e-09	3.568415e+01	1.404080e+02
4.130000e-06	6.573892e-06	1.146332e-09	3.555710e+01	1.401669e+02
4.140000e-06	6.549797e-06	1.251840e-09	3.542677e+01	1.399210e+02
4.150000e-06	6.525379e-06	1.293601e-09	3.529470e+01	1.396700e+02
4.160000e-06	6.500717e-06	1.165406e-09	3.516131e+01	1.394140e+02
4.170000e-06	6.475755e-06	1.202416e-09	3.502629e+01	1.391526e+02
4.180000e-06	6.450341e-06	1.291159e-09	3.488883e+01	1.388858e+02
4.190000e-06	6.424386e-06	1.203767e-09	3.474844e+01	1.386135e+02
4.200000e-06	6.397987e-06	1.179904e-09	3.460565e+01	1.383355e+02
4.210000e-06	6.371047e-06	1.259605e-09	3.445994e+01	1.380518e+02
4.220000e-06	6.343505e-06	1.217674e-09	3.431097e+01	1.377623e+02
4.230000e-06	6.315563e-06	1.174521e-09	3.415984e+01	1.374669e+02
4.240000e-06	6.287403e-06	1.235435e-09	3.400752e+01	1.371656e+02
4.250000e-06	6.258963e-06	1.227953e-09	3.385370e+01	1.368584e+02
4.260000e-06	6.230174e-06	1.184028e-09	3.369798e+01	1.365451e+02
4.270000e-06	6.201068e-06	1.219545e-09	3.354055e+01	1.362259e+02
4.280000e-06	6.171298e-06	1.226264e-09	3.337953e+01	1.359006e+02
4.290000e-06	6.140688e-06	1.188328e-09	3.321397e+01	1.355693e+02
4.300000e-06	6.109416e-06	1.198892e-09	3.304482e+01	1.352319e+02
4.310000e-06	6.077525e-06	1.206982e-09	3.287233e+01	1.348885e+02
4.320000e-06	6.045328e-06	1.187303e-09	3.269818e+01	1.345390e+02
4.330000e-06	6.012933e-06	1.193661e-09	3.252296e+01	1.341834e+02
4.340000e-06	5.980053e-06	1.197887e-09	3.234512e+01	1.338216e+02
4.350000e-06	5.946619e-06	1.184425e-09	3.216428e+01	1.334536e+02
4.360000e-06	5.912655e-06	1.189072e-09	3.198058e+01	1.330793e+02
4.370000e-06	5.878384e-06	1.191181e-09	3.179521e+01	1.326987e+02
4.380000e-06	5.843922e-06	1.180440e-09	3.160881e+01	1.323116e+02
4.390000e-06	5.809123e-06	1.182090e-09	3.142059e+01	1.319180e+02
4.400000e-06	5.773770e-06	1.179292e-09	3.122937e+01	1.315177e+02
4.410000e-06	5.737922e-06	1.167376e-09	3.103547e+01	1.311105e+02
4.420000e-06	5.701807e-06	1.170995e-09	3.084014e+01	1.306962e+02
4.430000e-06	5.665488e-06	1.172655e-09	3.064369e+01	1.302748e+02
4.440000e-06	5.628953e-06	1.161184e-09	3.044608e+01	1.298458e+02
4.450000e-06	5.592160e-06	1.159894e-09	3.024707e+01	1.294093e+02
4.460000e-06	5.554885e-06	1.164050e-09	3.004546e+01	1.289647e+02
4.470000e-06	5.516766e-06	1.158285e-09	2.983928e+01	1.285121e+02
4.480000e-06	5.477816e-06	1.151901e-09	2.962860e+01	1.280510e+02
4.490000e-06	5.438353e-06	1.149394e-09	2.941515e+01	1.275813e+02
4.500000e-06	5.398528e-06	1.144402e-09	2.919975e+01	1.271027e+02
4.510000e-06	5.358396e-06	1.139797e-09	2.898268e+01	1.266149e+02
4.520000e-06	5.318078e-06	1.138546e-09	2.876460e+01	1.261176e+02
4.530000e-06	5.277424e-06	1.135906e-09	2.854472e+01	1.256108e+02
4.540000e-06	5.236377e-06	1.130881e-09	2.832270e+01	1.250941e+02
4.550000e-06	5.194998e-06	1.126811e-09	2.809889e+01	1.245674e+02
4.560000e-06	5.153176e-06	1.124837e-09	2.787268e+01	1.240305e+02
4.570000e-06	5.111035e-06	1.122193e-09	2.764474e+01	1.234832e+02
4.580000e-06	5.068616e-06	1.115145e-09	2.741531e+01	1.229255e+02
4.590000e-06	5.025873e-06	1.105402e-09	2.718412e+01	1.223572e+02
4.600000e-06	4.982721e-06	1.099363e-09	2.695072e+01	1.217784e+02
4.610000e-06	4.939154e-06	1.096819e-09	2.671507e+01	1.211889e+02
4.620000e-06	4.895283e-06	1.093164e-09	2.647778e+01	1.205888e+02
4.630000e-06	4.851152e-06	1.090304e-09	2.623908e+01	1.199780e+02
4.640000e-06	4.806870e-06	1.087928e-09	2.599957e+01	1.193568e+02
4.650000e-06	4.762395e-06	1.082219e-09	2.575901e+01	1.187251e+02
4.660000e-06	4.717720e-06	1.074945e-09	2.551737e+01	1.180831e+02
4.670000e-06	4.672776e-06	1.068091e-09	2.527428e+01	1.174308e+02
4.680000e-06	4.627442e-06	1.060937e-09	2.502907e+01	1.167685e+02
4.690000e-06	4.581635e-06	1.054378e-09	2.478131e+01	1.160963e+02
4.700000e-06	4.535316e-06	1.049251e-09	2.453078e+01	1.154143e+02
4.710000e-06	4.488686e-06	1.045625e-09	2.427856e+01	1.147226e+02
4.720000e-06	4.441721e-06	1.042044e-09	2.402453e+01	1.140215e+02
4.730000e-06	4.394438e-06	1.035602e-09	2.376879e+01	1.133110e+02
4.740000e-06	4.347070e-06	1.026347e-09	2.351258e+01	1.125914e+02
4.750000e-06	4.299453e-06	1.019332e-09	2.325503e+01	1.118625e+02
4.760000e-06	4.251430e-06	1.014622e-09	2.299529e+01	1.111247e+02
4.770000e-06	4.202962e-06	1.007320e-09	2.273313e+01	1.103778e+02
4.780000e-06	4.154045e-06	9.987881e-10	2.246854e+01	1.096219e+02
4.790000e-06	4.104743e-06	9.925639e-10	2.220188e+01	1.088570e+02
4.800000e-06	4.055055e-06	9.873006e-10	2.193312e+01	1.080830e+02
4.810000e-06	4.005120e-06	9.814183e-10	2.166303e+01	1.072998e+02
4.820000e-06	3.954899e-06	9.752239e-10	2.139139e+01	1.065072e+02
4.830000e-06	3.904403e-06	9.682086e-10	2.111827e+01	1.057051e+02
4.840000e-06	3.853622e-06	9.610512e-10	2.084361e+01	1.048933e+02
4.850000e-06	3.802454e-06	9.547074e-10	2.056684e+01	1.040714e+02
4.860000e-06	3.750948e-06	9.479626e-10	2.028826e+01	1.032392e+02
4.870000e-06	3.699113e-06	9.405276e-10	2.000789e+01	1.023963e+02
4.880000e-06	3.647099e-06	9.331429e-10	1.972656e+01	1.015425e+02
4.890000e-06	3.594870e-06	9.268266e-10	1.944406e+01	1.006773e+02
4.900000e-06	3.542397e-06	9.208557e-10	1.916024e+01	9.980031e+01
4.910000e-06	3.489720e-06	9.142119e-10	1.887532e+01	9.891122e+01
4.920000e-06	3.436792e-06	9.069640e-10	1.858904e+01	9.800959e+01
4.930000e-06	3.383543e-06	8.981124e-10	1.830102e+01	9.709505e+01
4.940000e-06	3.329802e-06	8.893518e-10	1.801035e+01	9.616721e+01
4.950000e-06	3.275709e-06	8.823153e-10	1.771777e+01	9.522572e+01
4.960000e-06	3.221253e-06	8.748333e-10	1.742323e+01	9.427024e+01
4.970000e-06	3.166268e-06	8.657971e-10	1.712582e+01	9.330047e+01
4.980000e-06	3.110983e-06	8.563366e-10	1.682680e+01	9.231615e+01
4.990000e-06	3.055459e-06	8.474874e-10	1.652648e+01	9.131704e+01
5.000000e-06	2.999656e-06	8.391228e-10	1.622464e+01	9.030297e+01
5.010000e-06	2.943654e-06	8.301074e-10	1.592174e+01	8.927379e+01
5.020000e-06	2.887478e-06	8.203526e-10	1.561789e+01	8.822942e+01
5.030000e-06	2.831218e-06	8.105306e-10	1.531359e+01	8.716983e+01
5.040000e-06	2.774801e-06	8.012843e-10	1.500844e+01	8.609502e+01
5.050000e-06	2.718185e-06	7.924600e-10	1.470221e+01	8.500506e+01
5.060000e-06	2.661450e-06	7.833370e-10	1.439534e+01	8.390004e+01
5.070000e-06	2.604648e-06	7.729251e-10	1.408811e+01	8.278012e+01
5.080000e-06	2.547719e-06	7.621685e-10	1.378019e+01	8.164548e+01
5.090000e-06	2.490556e-06	7.523946e-10	1.347100e+01	8.049635e+01
5.100000e-06	2.433189e-06	7.426576e-10	1.316072e+01	7.933295e+01
5.110000e-06	2.375680e-06	7.319979e-10	1.284966e+01	7.815556e+01
5.120000e-06	2.317993e-06	7.205118e-10	1.253764e+01	7.696445e+01
5.130000e-06	2.260082e-06	7.085877e-10	1.222441e+01	7.575989e+01
5.140000e-06	2.201901e-06	6.977784e-10	1.190972e+01	7.454216e+01
5.150000e-06	2.143551e-06	6.871459e-10	1.159412e+01	7.331152e+01
5.160000e-06	2.085172e-06	6.758582e-10	1.127835e+01	7.206821e+01
5.170000e-06	2.026719e-06	6.641902e-10	1.096219e+01	7.081243e+01
5.180000e-06	1.968066e-06	6.518289e-10	1.064494e+01	6.954436e+01
5.190000e-06	1.909151e-06	6.397592e-10	1.032628e+01	6.826413e+01
5.200000e-06	1.850157e-06	6.281577e-10	1.000719e+01	6.697181e+01
5.210000e-06	1.791144e-06	6.164672e-10	9.688002e+00	6.566743e+01
5.220000e-06	1.731991e-06	6.039712e-10	9.368056e+00	6.435096e+01
5.230000e-06	1.672630e-06	5.917128e-10	9.046982e+00	6.302228e+01
5.240000e-06	1.613161e-06	5.802172e-10	8.725320e+00	6.168125e+01
5.250000e-06	1.553554e-06	5.675786e-10	8.402917e+00	6.032762e+01
5.260000e-06	1.493797e-06	5.545612e-10	8.079703e+00	5.896112e+01
5.270000e-06	1.434011e-06	5.425664e-10	7.756329e+00	5.758137e+01
5.280000e-06	1.374095e-06	5.299839e-10	7.432252e+00	5.618797e+01
5.290000e-06	1.314025e-06	5.166170e-10	7.107346e+00	5.478046e+01
5.300000e-06	1.253916e-06	5.023612e-10	6.782224e+00	5.335830e+01
5.310000e-06	1.193807e-06	4.872926e-10	6.457107e+00	5.192095e+01
5.320000e-06	1.133614e-06	4.724916e-10	6.131531e+00	5.046781e+01
5.330000e-06	1.073332e-06	4.590143e-10	5.805477e+00	4.899828e+01
5.340000e-06	1.013024e-06	4.469235e-10	5.479278e+00	4.751173e+01
5.350000e-06	9.527215e-07	4.345842e-10	5.153114e+00	4.600752e+01
5.360000e-06	8.924496e-07	4.209415e-10	4.827113e+00	4.448505e+01
5.370000e-06	8.321922e-07	4.062422e-10	4.501191e+00	4.294370e+01
5.380000e-06	7.718337e-07	3.910418e-10	4.174721e+00	4.138292e+01
5.390000e-06	7.114091e-07	3.761070e-10	3.847895e+00	3.980218e+01
5.400000e-06	6.510022e-07	3.610604e-10	3.521164e+00	3.820101e+01
5.410000e-06	5.905639e-07	3.458580e-10	3.194262e+00	3.657900e+01
5.420000e-06	5.300852e-07	3.315133e-10	2.867143e+00	3.493583e+01
5.430000e-06	4.695845e-07	3.170834e-10	2.539905e+00	3.327125e+01
5.440000e-06	4.090438e-07	3.019901e-10	2.212450e+00	3.158512e+01
5.450000e-06	3.484521e-07	2.865488e-10	1.884720e+00	2.987738e+01
5.460000e-06	2.878178e-07	2.706439e-10	1.556759e+00	2.814809e+01
5.470000e-06	2.271817e-07	2.537125e-10	1.228788e+00	2.639743e+01
5.480000e-06	1.666374e-07	2.367803e-10	9.013145e-01	2.462567e+01
5.490000e-06	1.061862e-07	2.206916e-10	5.743437e-01	2.283322e+01
5.500000e-06	4.573554e-08	2.041861e-10	2.473760e-01	2.102060e+01
5.510000e-06	-1.482052e-08	1.865481e-10	-8.016174e-02	1.918845e+01
5.520000e-06	-7.537423e-08	1.685347e-10	-4.076868e-01	1.733754e+01
5.530000e-06	-1.358634e-07	1.510193e-10	-7.348630e-01	1.546872e+01
5.540000e-06	-1.963924e-07	1.339549e-10	-1.062254e+00	1.358298e+01
5.550000e-06	-2.569484e-07	1.174471e-10	-1.389792e+00	1.168140e+01
5.560000e-06	-3.174688e-07	1.008195e-10	-1.717136e+00	9.765164e+00
5.570000e-06	-3.779710e-07	8.318362e-11	-2.044383e+00	7.835536e+00
5.580000e-06	-4.384663e-07	6.492821e-11	-2.371592e+00	5.893868e+00
5.590000e-06	-4.988978e-07	4.573845e-11	-2.698456e+00	3.941580e+00
5.600000e-06	-5.593148e-07	2.634268e-11	-3.025242e+00	1.980156e+00
5.610000e-06	-6.197285e-07	7.798882e-12	-3.352009e+00	1.113128e-02
5.620000e-06	-6.800717e-07	-1.041456e-11	-3.678396e+00	-1.963918e+00
5.630000e-06	-7.404149e-07	-2.821129e-11	-4.004782e+00	-3.943382e+00
5.640000e-06	-8.007487e-07	-4.652372e-11	-4.331117e+00	-5.925634e+00
5.650000e-06	-8.609983e-07	-6.653473e-11	-4.656998e+00	-7.909033e+00
5.660000e-06	-9.212119e-07	-8.752776e-11	-4.982683e+00	-9.891940e+00
5.670000e-06	-9.814556e-07	-1.071016e-10	-5.308531e+00	-1.187272e+01
5.680000e-06	-1.041678e-06	-1.238898e-10	-5.634263e+00	-1.384977e+01
5.690000e-06	-1.101868e-06	-1.395966e-10	-5.959821e+00	-1.582151e+01
5.700000e-06	-1.162063e-06	-1.565931e-10	-6.285408e+00	-1.778637e+01
5.710000e-06	-1.222156e-06	-1.751488e-10	-6.610438e+00	-1.974286e+01
5.720000e-06	-1.282144e-06	-1.937647e-10	-6.934903e+00	-2.168951e+01
5.730000e-06	-1.342116e-06	-2.120280e-10	-7.259284e+00	-2.362494e+01
5.740000e-06	-1.401900e-06	-2.304977e-10	-7.582645e+00	-2.554780e+01
5.750000e-06	-1.461572e-06	-2.488003e-10	-7.905403e+00	-2.745681e+01
5.760000e-06	-1.521248e-06	-2.666602e-10	-8.228177e+00	-2.935077e+01
5.770000e-06	-1.580743e-06	-2.840150e-10	-8.549978e+00	-3.122855e+01
5.780000e-06	-1.640108e-06	-3.011536e-10	-8.871071e+00	-3.308909e+01
5.790000e-06	-1.699388e-06	-3.184556e-10	-9.191711e+00	-3.493141e+01
5.800000e-06	-1.758531e-06	-3.371816e-10	-9.511607e+00	-3.675462e+01
5.810000e-06	-1.817515e-06	-3.563521e-10	-9.830639e+00	-3.855789e+01
5.820000e-06	-1.876344e-06	-3.730777e-10	-1.014884e+01	-4.034047e+01
5.830000e-06	-1.935108e-06	-3.885954e-10	-1.046668e+01	-4.210172e+01
5.840000e-06	-1.993821e-06	-4.054915e-10	-1.078425e+01	-4.384105e+01
5.850000e-06	-2.052321e-06	-4.231433e-10	-1.110066e+01	-4.555795e+01
5.860000e-06	-2.110474e-06	-4.397714e-10	-1.141520e+01	-4.725200e+01
5.870000e-06	-2.168468e-06	-4.550178e-10	-1.172888e+01	-4.892285e+01
5.880000e-06	-2.226372e-06	-4.694902e-10	-1.204208e+01	-5.057022e+01
5.890000e-06	-2.284096e-06	-4.837494e-10	-1.235430e+01	-5.219391e+01
5.900000e-06	-2.341611e-06	-4.986380e-10	-1.266539e+01	-5.379380e+01
5.910000e-06	-2.398926e-06	-5.137880e-10	-1.297539e+01	-5.536981e+01
5.920000e-06	-2.455984e-06	-5.275283e-10	-1.328401e+01	-5.692195e+01
5.930000e-06	-2.512873e-06	-5.417935e-10	-1.359171e+01	-5.845030e+01
5.940000e-06	-2.569843e-06	-5.587367e-10	-1.389986e+01	-5.995497e+01
5.950000e-06	-2.626698e-06	-5.751354e-10	-1.420738e+01	-6.143616e+01
5.960000e-06	-2.683265e-06	-5.883808e-10	-1.451334e+01	-6.289411e+01
5.970000e-06	-2.739588e-06	-6.003648e-10	-1.481798e+01	-6.432912e+01
5.980000e-06	-2.795778e-06	-6.123573e-10	-1.512190e+01	-6.574153e+01
5.990000e-06	-2.851910e-06	-6.246377e-10	-1.542551e+01	-6.713174e+01
6.000000e-06	-2.908033e-06	-6.374293e-10	-1.572907e+01	-6.850018e+01
6.010000e-06	-2.964063e-06	-6.500974e-10	-1.603213e+01	-6.984733e+01
6.020000e-06	-3.019742e-06	-6.617185e-10	-1.633329e+01	-7.117368e+01
6.030000e-06	-3.075020e-06	-6.726930e-10	-1.663228e+01	-7.247977e+01
6.040000e-06	-3.129989e-06	-6.841776e-10	-1.692959e+01	-7.376617e+01
6.050000e-06	-3.184607e-06	-6.959099e-10	-1.722501e+01	-7.503346e+01
6.060000e-06	-3.238864e-06	-7.069254e-10	-1.751848e+01	-7.628223e+01
6.070000e-06	-3.292836e-06	-7.174940e-10	-1.781041e+01	-7.751309e+01
6.080000e-06	-3.346427e-06	-7.285003e-10	-1.810027e+01	-7.872666e+01
6.090000e-06	-3.399572e-06	-7.398416e-10	-1.838772e+01	-7.992354e+01
6.100000e-06	-3.452460e-06	-7.516645e-10	-1.867379e+01	-8.110434e+01
6.110000e-06	-3.505176e-06	-7.628937e-10	-1.895892e+01	-8.226966e+01
6.120000e-06	-3.557626e-06	-7.724360e-10	-1.924261e+01	-8.342009e+01
6.130000e-06	-3.609799e-06	-7.821634e-10	-1.952481e+01	-8.455618e+01
6.140000e-06	-3.661686e-06	-7.931074e-10	-1.980546e+01	-8.567847e+01
6.150000e-06	-3.713247e-06	-8.045601e-10	-2.008434e+01	-8.678748e+01
6.160000e-06	-3.764517e-06	-8.155956e-10	-2.036165e+01	-8.788367e+01
6.170000e-06	-3.815493e-06	-8.256478e-10	-2.063737e+01	-8.896750e+01
6.180000e-06	-3.866136e-06	-8.347971e-10	-2.091129e+01	-9.003935e+01
6.190000e-06	-3.916497e-06	-8.437030e-10	-2.118368e+01	-9.109959e+01
6.200000e-06	-3.966617e-06	-8.531597e-10	-2.145478e+01	-9.214854e+01
6.210000e-06	-4.016450e-06	-8.621179e-10	-2.172432e+01	-9.318646e+01
6.220000e-06	-4.065931e-06	-8.704205e-10	-2.199195e+01	-9.421357e+01
6.230000e-06	-4.114942e-06	-8.788082e-10	-2.225704e+01	-9.523006e+01
6.240000e-06	-4.163493e-06	-8.866622e-10	-2.251965e+01	-9.623606e+01
6.250000e-06	-4.211752e-06	-8.949326e-10	-2.278067e+01	-9.723165e+01
6.260000e-06	-4.259549e-06	-9.036744e-10	-2.303920e+01	-9.821688e+01
6.270000e-06	-4.306904e-06	-9.112254e-10	-2.329533e+01	-9.919175e+01
6.280000e-06	-4.354057e-06	-9.190435e-10	-2.355038e+01	-1.001562e+02
6.290000e-06	-4.400968e-06	-9.284319e-10	-2.380411e+01	-1.011103e+02
6.300000e-06	-4.447566e-06	-9.384181e-10	-2.405615e+01	-1.020537e+02
6.310000e-06	-4.493896e-06	-9.471924e-10	-2.430674e+01	-1.029865e+02
6.320000e-06	-4.540027e-06	-9.539965e-10	-2.455626e+01	-1.039084e+02
6.330000e-06	-4.585837e-06	-9.613023e-10	-2.480404e+01	-1.048194e+02
6.340000e-06	-4.631198e-06	-9.701155e-10	-2.504939e+01	-1.057192e+02
6.350000e-06	-4.676183e-06	-9.786436e-10	-2.529270e+01	-1.066076e+02
6.360000e-06	-4.720920e-06	-9.860512e-10	-2.553468e+01	-1.074845e+02
6.370000e-06	-4.765412e-06	-9.922841e-10	-2.577533e+01	-1.083497e+02
6.380000e-06	-4.809680e-06	-9.982110e-10	-2.601477e+01	-1.092029e+02
6.390000e-06	-4.853781e-06	-1.005700e-09	-2.625330e+01	-1.100441e+02
6.400000e-06	-4.897802e-06	-1.012880e-09	-2.649140e+01	-1.108731e+02
6.410000e-06	-4.941514e-06	-1.017999e-09	-2.672784e+01	-1.116897e+02
6.420000e-06	-4.984703e-06	-1.024253e-09	-2.696144e+01	-1.124938e+02
6.430000e-06	-5.027483e-06	-1.031879e-09	-2.719283e+01	-1.132854e+02
6.440000e-06	-5.069966e-06	-1.039088e-09	-2.742261e+01	-1.140643e+02
6.450000e-06	-5.112139e-06	-1.045711e-09	-2.765072e+01	-1.148306e+02
6.460000e-06	-5.153904e-06	-1.051256e-09	-2.787661e+01	-1.155842e+02
6.470000e-06	-5.195244e-06	-1.057688e-09	-2.810022e+01	-1.163252e+02
6.480000e-06	-5.236261e-06	-1.065651e-09	-2.832207e+01	-1.170536e+02
6.490000e-06	-5.276978e-06	-1.073315e-09	-2.854230e+01	-1.177695e+02
6.500000e-06	-5.317342e-06	-1.079812e-09	-2.876062e+01	-1.184730e+02
6.510000e-06	-5.357501e-06	-1.085082e-09	-2.897784e+01	-1.191642e+02
6.520000e-06	-5.397506e-06	-1.090748e-09	-2.919422e+01	-1.198433e+02
6.530000e-06	-5.437111e-06	-1.096023e-09	-2.940844e+01	-1.205104e+02
6.540000e-06	-5.476146e-06	-1.099795e-09	-2.961957e+01	-1.211658e+02
6.550000e-06	-5.514616e-06	-1.104404e-09	-2.982765e+01	-1.218096e+02
6.560000e-06	-5.552453e-06	-1.110476e-09	-3.003230e+01	-1.224421e+02
6.570000e-06	-5.589617e-06	-1.117041e-09	-3.023331e+01	-1.230636e+02
6.580000e-06	-5.626302e-06	-1.122884e-09	-3.043174e+01	-1.236741e+02
6.590000e-06	-5.662667e-06	-1.127416e-09	-3.062843e+01	-1.242741e+02
6.600000e-06	-5.698769e-06	-1.131855e-09	-3.082370e+01	-1.248637e+02
6.610000e-06	-5.734678e-06	-1.136102e-09	-3.101793e+01	-1.254431e+02
6.620000e-06	-5.770232e-06	-1.139126e-09	-3.121024e+01	-1.260126e+02
6.630000e-06	-5.805377e-06	-1.142306e-09	-3.140033e+01	-1.265723e+02
6.640000e-06	-5.840162e-06	-1.146603e-09	-3.158847e+01	-1.271226e+02
6.650000e-06	-5.874443e-06	-1.151580e-09	-3.177390e+01	-1.276636e+02
6.660000e-06	-5.908205e-06	-1.155885e-09	-3.195651e+01	-1.281955e+02
6.670000e-06	-5.941582e-06	-1.159013e-09	-3.213704e+01	-1.287184e+02
6.680000e-06	-5.974540e-06	-1.161431e-09	-3.231530e+01	-1.292326e+02
6.690000e-06	-6.007086e-06	-1.163295e-09	-3.249134e+01	-1.297381e+02
6.700000e-06	-6.039376e-06	-1.166882e-09	-3.266599e+01	-1.302351e+02
6.710000e-06	-6.071271e-06	-1.172054e-09	-3.283850e+01	-1.307237e+02
6.720000e-06	-6.102690e-06	-1.177182e-09	-3.300844e+01	-1.312039e+02
6.730000e-06	-6.133530e-06	-1.181283e-09	-3.317525e+01	-1.316760e+02
6.740000e-06	-6.163669e-06	-1.183134e-09	-3.333827e+01	-1.321399e+02
6.750000e-06	-6.193163e-06	-1.185048e-09	-3.349780e+01	-1.325957e+02
6.760000e-06	-6.222114e-06	-1.188723e-09	-3.365439e+01	-1.330435e+02
6.770000e-06	-6.250681e-06	-1.192171e-09	-3.380890e+01	-1.334833e+02
6.780000e-06	-6.278977e-06	-1.194466e-09	-3.396195e+01	-1.339152e+02
6.790000e-06	-6.307029e-06	-1.196434e-09	-3.411368e+01	-1.343393e+02
6.800000e-06	-6.334669e-06	-1.198567e-09	-3.426318e+01	-1.347555e+02
6.810000e-06	-6.361684e-06	-1.201463e-09	-3.440930e+01	-1.351639e+02
6.820000e-06	-6.388156e-06	-1.203829e-09	-3.455248e+01	-1.355646e+02
6.830000e-06	-6.414234e-06	-1.204912e-09	-3.469353e+01	-1.359576e+02
6.840000e-06	-6.439946e-06	-1.206411e-09	-3.483261e+01	-1.363430e+02
6.850000e-06	-6.465068e-06	-1.208371e-09	-3.496848e+01	-1.367208e+02
6.860000e-06	-6.489728e-06	-1.210957e-09	-3.510187e+01	-1.370911e+02
6.870000e-06	-6.514223e-06	-1.213371e-09	-3.523436e+01	-1.374539e+02
6.880000e-06	-6.538366e-06	-1.215257e-09	-3.536494e+01	-1.378094e+02
6.890000e-06	-6.562174e-06	-1.219127e-09	-3.549372e+01	-1.381575e+02
6.900000e-06	-6.585503e-06	-1.223443e-09	-3.561990e+01	-1.384985e+02
6.910000e-06	-6.608226e-06	-1.225376e-09	-3.574280e+01	-1.388323e+02
6.920000e-06	-6.630384e-06	-1.226301e-09	-3.586265e+01	-1.391591e+02
6.930000e-06	-6.651815e-06	-1.226706e-09	-3.597857e+01	-1.394789e+02
6.940000e-06	-6.672585e-06	-1.226937e-09	-3.609091e+01	-1.397918e+02
6.950000e-06	-6.692955e-06	-1.228759e-09	-3.620109e+01	-1.400980e+02
6.960000e-06	-6.713014e-06	-1.231299e-09	-3.630959e+01	-1.403975e+02
6.970000e-06	-6.732653e-06	-1.233850e-09	-3.641581e+01	-1.406904e+02
6.980000e-06	-6.751776e-06	-1.236150e-09	-3.651924e+01	-1.409767e+02
6.990000e-06	-6.770471e-06	-1.237435e-09	-3.662036e+01	-1.412566e+02
7.000000e-06	-6.788711e-06	-1.239005e-09	-3.671902e+01	-1.415300e+02
7.010000e-06	-6.806420e-06	-1.240744e-09	-3.681480e+01	-1.417970e+02
7.020000e-06	-6.823538e-06	-1.241664e-09	-3.690739e+01	-1.420577e+02
7.030000e-06	-6.840299e-06	-1.242310e-09	-3.699805e+01	-1.423121e+02
7.040000e-06	-6.856774e-06	-1.243656e-09	-3.708716e+01	-1.425601e+02
7.050000e-06	-6.872887e-06	-1.245421e-09	-3.717431e+01	-1.428019e+02
7.060000e-06	-6.888556e-06	-1.247238e-09	-3.725906e+01	-1.430372e+02
7.070000e-06	-6.903648e-06	-1.249550e-09	-3.734069e+01	-1.432662e+02
7.080000e-06	-6.918035e-06	-1.251269e-09	-3.741851e+01	-1.434887e+02
7.090000e-06	-6.931438e-06	-1.252571e-09	-3.749100e+01	-1.437047e+02
7.100000e-06	-6.944123e-06	-1.254866e-09	-3.755962e+01	-1.439141e+02
7.110000e-06	-6.956352e-06	-1.256843e-09	-3.762576e+01	-1.441169e+02
7.120000e-06	-6.968178e-06	-1.257459e-09	-3.768972e+01	-1.443128e+02
7.130000e-06	-6.979509e-06	-1.257981e-09	-3.775101e+01	-1.445017e+02
7.140000e-06	-6.990267e-06	-1.259325e-09	-3.780920e+01	-1.446837e+02
7.150000e-06	-7.000582e-06	-1.260339e-09	-3.786499e+01	-1.448584e+02
7.160000e-06	-7.010419e-06	-1.260339e-09	-3.791820e+01	-1.450257e+02
7.170000e-06	-7.019776e-06	-1.260605e-09	-3.796881e+01	-1.451856e+02
7.180000e-06	-7.028704e-06	-1.261775e-09	-3.801710e+01	-1.453378e+02
7.190000e-06	-7.037194e-06	-1.263015e-09	-3.806302e+01	-1.454822e+02
7.200000e-06	-7.045357e-06	-1.263013e-09	-3.810717e+01	-1.456186e+02
7.210000e-06	-7.053177e-06	-1.262185e-09	-3.814947e+01	-1.457468e+02
7.220000e-06	-7.060504e-06	-1.261768e-09	-3.818910e+01	-1.458668e+02
7.230000e-06	-7.067057e-06	-1.261664e-09	-3.822454e+01	-1.459783e+02
7.240000e-06	-7.072707e-06	-1.261344e-09	-3.825511e+01	-1.460812e+02
7.250000e-06	-7.077694e-06	-1.260068e-09	-3.828208e+01	-1.461754e+02
7.260000e-06	-7.082223e-06	-1.258735e-09	-3.830657e+01	-1.462607e+02
7.270000e-06	-7.086412e-06	-1.258042e-09	-3.832923e+01	-1.463372e+02
7.280000e-06	-7.090176e-06	-1.258600e-09	-3.834959e+01	-1.464045e+02
7.290000e-06	-7.093389e-06	-1.260970e-09	-3.836697e+01	-1.464628e+02
7.300000e-06	-7.096122e-06	-1.262297e-09	-3.838175e+01	-1.465118e+02
7.310000e-06	-7.098518e-06	-1.261475e-09	-3.839471e+01	-1.465517e+02
7.320000e-06	-7.100516e-06	-1.259794e-09	-3.840552e+01	-1.465823e+02
7.330000e-06	-7.101894e-06	-1.258593e-09	-3.841297e+01	-1.466036e+02
7.340000e-06	-7.102767e-06	-1.258011e-09	-3.841770e+01	-1.466157e+02
