# Temperatura_=_20.0
# Concentracion g/m^3_=_7400.0
# C_Vs_to_Am_M_A/Vsm_=_116720831517.84952
# pendiente_HvsI_1/m_=_3716.3
# ordenada_HvsI_A/m_=_1297.0
# frecuencia_Hz_=_136116.5382359753

Tiempo_(s)	Campo_(V.s)	Magnetizacion_(V.s)	Campo_(kA/m)	Magnetizacion_(A/m)
0.000000e+00	-7.116974e-06	-1.251769e-09	-3.841567e+01	-1.460316e+02
1.000000e-08	-7.117210e-06	-1.251178e-09	-3.841694e+01	-1.460697e+02
2.000000e-08	-7.116968e-06	-1.251765e-09	-3.841564e+01	-1.461013e+02
3.000000e-08	-7.115993e-06	-1.251536e-09	-3.841037e+01	-1.461259e+02
4.000000e-08	-7.114203e-06	-1.250418e-09	-3.840071e+01	-1.461430e+02
5.000000e-08	-7.111708e-06	-1.249997e-09	-3.838724e+01	-1.461519e+02
6.000000e-08	-7.108768e-06	-1.249574e-09	-3.837137e+01	-1.461524e+02
7.000000e-08	-7.105421e-06	-1.250890e-09	-3.835331e+01	-1.461438e+02
8.000000e-08	-7.101663e-06	-1.252548e-09	-3.833303e+01	-1.461259e+02
9.000000e-08	-7.097262e-06	-1.240853e-09	-3.830927e+01	-1.460984e+02
1.000000e-07	-7.092038e-06	-1.220439e-09	-3.828107e+01	-1.460608e+02
1.100000e-07	-7.086331e-06	-1.234669e-09	-3.825026e+01	-1.460131e+02
1.200000e-07	-7.080375e-06	-1.273139e-09	-3.821812e+01	-1.459551e+02
1.300000e-07	-7.073995e-06	-1.268356e-09	-3.818368e+01	-1.458868e+02
1.400000e-07	-7.067085e-06	-1.222562e-09	-3.814638e+01	-1.458081e+02
1.500000e-07	-7.059787e-06	-1.221641e-09	-3.810699e+01	-1.457193e+02
1.600000e-07	-7.052286e-06	-1.269998e-09	-3.806650e+01	-1.456204e+02
1.700000e-07	-7.044386e-06	-1.258673e-09	-3.802386e+01	-1.455116e+02
1.800000e-07	-7.035804e-06	-1.199683e-09	-3.797753e+01	-1.453934e+02
1.900000e-07	-7.026358e-06	-1.211186e-09	-3.792655e+01	-1.452660e+02
2.000000e-07	-7.016251e-06	-1.274244e-09	-3.787199e+01	-1.451299e+02
2.100000e-07	-7.005617e-06	-1.265013e-09	-3.781459e+01	-1.449856e+02
2.200000e-07	-6.994230e-06	-1.205046e-09	-3.775313e+01	-1.448334e+02
2.300000e-07	-6.982241e-06	-1.207875e-09	-3.768842e+01	-1.446739e+02
2.400000e-07	-6.969898e-06	-1.247539e-09	-3.762179e+01	-1.445076e+02
2.500000e-07	-6.957134e-06	-1.235150e-09	-3.755289e+01	-1.443351e+02
2.600000e-07	-6.943768e-06	-1.208847e-09	-3.748075e+01	-1.441568e+02
2.700000e-07	-6.929807e-06	-1.223509e-09	-3.740539e+01	-1.439732e+02
2.800000e-07	-6.914956e-06	-1.230401e-09	-3.732522e+01	-1.437848e+02
2.900000e-07	-6.899219e-06	-1.212084e-09	-3.724028e+01	-1.435920e+02
3.000000e-07	-6.883015e-06	-1.213311e-09	-3.715282e+01	-1.433952e+02
3.100000e-07	-6.866569e-06	-1.219685e-09	-3.706405e+01	-1.431948e+02
3.200000e-07	-6.849654e-06	-1.198566e-09	-3.697274e+01	-1.429909e+02
3.300000e-07	-6.832181e-06	-1.195842e-09	-3.687843e+01	-1.427839e+02
3.400000e-07	-6.814264e-06	-1.223184e-09	-3.678172e+01	-1.425739e+02
3.500000e-07	-6.795851e-06	-1.214603e-09	-3.668233e+01	-1.423611e+02
3.600000e-07	-6.776916e-06	-1.178851e-09	-3.658012e+01	-1.421454e+02
3.700000e-07	-6.757557e-06	-1.183937e-09	-3.647562e+01	-1.419270e+02
3.800000e-07	-6.737931e-06	-1.204745e-09	-3.636969e+01	-1.417057e+02
3.900000e-07	-6.717904e-06	-1.190382e-09	-3.626158e+01	-1.414814e+02
4.000000e-07	-6.697323e-06	-1.174353e-09	-3.615049e+01	-1.412541e+02
4.100000e-07	-6.676328e-06	-1.185522e-09	-3.603717e+01	-1.410236e+02
4.200000e-07	-6.654858e-06	-1.189493e-09	-3.592128e+01	-1.407897e+02
4.300000e-07	-6.632713e-06	-1.179361e-09	-3.580175e+01	-1.405521e+02
4.400000e-07	-6.610076e-06	-1.177523e-09	-3.567956e+01	-1.403108e+02
4.500000e-07	-6.587141e-06	-1.175469e-09	-3.555576e+01	-1.400654e+02
4.600000e-07	-6.563981e-06	-1.165146e-09	-3.543075e+01	-1.398158e+02
4.700000e-07	-6.540610e-06	-1.165724e-09	-3.530460e+01	-1.395617e+02
4.800000e-07	-6.516845e-06	-1.173208e-09	-3.517632e+01	-1.393030e+02
4.900000e-07	-6.492449e-06	-1.163708e-09	-3.504464e+01	-1.390396e+02
5.000000e-07	-6.467381e-06	-1.149662e-09	-3.490933e+01	-1.387712e+02
5.100000e-07	-6.441515e-06	-1.154416e-09	-3.476971e+01	-1.384977e+02
5.200000e-07	-6.414949e-06	-1.159237e-09	-3.462631e+01	-1.382192e+02
5.300000e-07	-6.387901e-06	-1.146076e-09	-3.448031e+01	-1.379355e+02
5.400000e-07	-6.360448e-06	-1.138102e-09	-3.433213e+01	-1.376467e+02
5.500000e-07	-6.332614e-06	-1.142924e-09	-3.418189e+01	-1.373527e+02
5.600000e-07	-6.304469e-06	-1.138300e-09	-3.402997e+01	-1.370536e+02
5.700000e-07	-6.275955e-06	-1.129038e-09	-3.387605e+01	-1.367495e+02
5.800000e-07	-6.246964e-06	-1.132478e-09	-3.371957e+01	-1.364403e+02
5.900000e-07	-6.217483e-06	-1.130483e-09	-3.356044e+01	-1.361263e+02
6.000000e-07	-6.187488e-06	-1.118310e-09	-3.339853e+01	-1.358075e+02
6.100000e-07	-6.157085e-06	-1.118875e-09	-3.323442e+01	-1.354840e+02
6.200000e-07	-6.126342e-06	-1.122465e-09	-3.306848e+01	-1.351558e+02
6.300000e-07	-6.095306e-06	-1.111239e-09	-3.290096e+01	-1.348230e+02
6.400000e-07	-6.063886e-06	-1.105243e-09	-3.273136e+01	-1.344857e+02
6.500000e-07	-6.032046e-06	-1.110331e-09	-3.255949e+01	-1.341438e+02
6.600000e-07	-5.999868e-06	-1.105959e-09	-3.238581e+01	-1.337972e+02
6.700000e-07	-5.967188e-06	-1.097932e-09	-3.220941e+01	-1.334460e+02
6.800000e-07	-5.933809e-06	-1.098304e-09	-3.202924e+01	-1.330899e+02
6.900000e-07	-5.899673e-06	-1.093035e-09	-3.184498e+01	-1.327288e+02
7.000000e-07	-5.864988e-06	-1.082213e-09	-3.165776e+01	-1.323625e+02
7.100000e-07	-5.829999e-06	-1.080964e-09	-3.146890e+01	-1.319906e+02
7.200000e-07	-5.794680e-06	-1.080763e-09	-3.127825e+01	-1.316128e+02
7.300000e-07	-5.758995e-06	-1.073478e-09	-3.108563e+01	-1.312287e+02
7.400000e-07	-5.722998e-06	-1.069780e-09	-3.089133e+01	-1.308379e+02
7.500000e-07	-5.686724e-06	-1.069435e-09	-3.069553e+01	-1.304399e+02
7.600000e-07	-5.650036e-06	-1.065164e-09	-3.049750e+01	-1.300342e+02
7.700000e-07	-5.612846e-06	-1.060452e-09	-3.029676e+01	-1.296203e+02
7.800000e-07	-5.575252e-06	-1.056166e-09	-3.009383e+01	-1.291976e+02
7.900000e-07	-5.537258e-06	-1.049086e-09	-2.988875e+01	-1.287655e+02
8.000000e-07	-5.498683e-06	-1.042883e-09	-2.968053e+01	-1.283235e+02
8.100000e-07	-5.459665e-06	-1.039653e-09	-2.946992e+01	-1.278710e+02
8.200000e-07	-5.420457e-06	-1.035582e-09	-2.925829e+01	-1.274075e+02
8.300000e-07	-5.381036e-06	-1.030424e-09	-2.904550e+01	-1.269325e+02
8.400000e-07	-5.341383e-06	-1.026231e-09	-2.883146e+01	-1.264456e+02
8.500000e-07	-5.301471e-06	-1.023021e-09	-2.861603e+01	-1.259463e+02
8.600000e-07	-5.260922e-06	-1.019016e-09	-2.839716e+01	-1.254343e+02
8.700000e-07	-5.219806e-06	-1.013612e-09	-2.817523e+01	-1.249093e+02
8.800000e-07	-5.178524e-06	-1.006939e-09	-2.795240e+01	-1.243711e+02
8.900000e-07	-5.136712e-06	-9.995652e-10	-2.772670e+01	-1.238196e+02
9.000000e-07	-5.094087e-06	-9.930913e-10	-2.749663e+01	-1.232547e+02
9.100000e-07	-5.050957e-06	-9.883466e-10	-2.726382e+01	-1.226763e+02
9.200000e-07	-5.007537e-06	-9.836635e-10	-2.702945e+01	-1.220847e+02
9.300000e-07	-4.963850e-06	-9.781078e-10	-2.679364e+01	-1.214800e+02
9.400000e-07	-4.919888e-06	-9.725994e-10	-2.655634e+01	-1.208625e+02
9.500000e-07	-4.875584e-06	-9.671432e-10	-2.631720e+01	-1.202324e+02
9.600000e-07	-4.830947e-06	-9.613547e-10	-2.607626e+01	-1.195901e+02
9.700000e-07	-4.786032e-06	-9.554892e-10	-2.583382e+01	-1.189360e+02
9.800000e-07	-4.740786e-06	-9.496917e-10	-2.558959e+01	-1.182707e+02
9.900000e-07	-4.695204e-06	-9.436527e-10	-2.534355e+01	-1.175946e+02
1.000000e-06	-4.649347e-06	-9.381369e-10	-2.509603e+01	-1.169082e+02
1.010000e-06	-4.603195e-06	-9.325576e-10	-2.484691e+01	-1.162121e+02
1.020000e-06	-4.556646e-06	-9.254146e-10	-2.459565e+01	-1.155068e+02
1.030000e-06	-4.509797e-06	-9.178246e-10	-2.434277e+01	-1.147928e+02
1.040000e-06	-4.462786e-06	-9.116995e-10	-2.408901e+01	-1.140705e+02
1.050000e-06	-4.415488e-06	-9.069036e-10	-2.383371e+01	-1.133405e+02
1.060000e-06	-4.367842e-06	-9.018929e-10	-2.357653e+01	-1.126031e+02
1.070000e-06	-4.319933e-06	-8.964683e-10	-2.331793e+01	-1.118587e+02
1.080000e-06	-4.271716e-06	-8.899015e-10	-2.305767e+01	-1.111075e+02
1.090000e-06	-4.223116e-06	-8.815706e-10	-2.279534e+01	-1.103497e+02
1.100000e-06	-4.174090e-06	-8.738586e-10	-2.253071e+01	-1.095856e+02
1.110000e-06	-4.124592e-06	-8.677816e-10	-2.226353e+01	-1.088150e+02
1.120000e-06	-4.074602e-06	-8.618375e-10	-2.199369e+01	-1.080381e+02
1.130000e-06	-4.024263e-06	-8.555329e-10	-2.172198e+01	-1.072546e+02
1.140000e-06	-3.973558e-06	-8.493168e-10	-2.144829e+01	-1.064644e+02
1.150000e-06	-3.922399e-06	-8.427851e-10	-2.117214e+01	-1.056673e+02
1.160000e-06	-3.870925e-06	-8.351858e-10	-2.089430e+01	-1.048628e+02
1.170000e-06	-3.819145e-06	-8.269574e-10	-2.061480e+01	-1.040506e+02
1.180000e-06	-3.767200e-06	-8.192465e-10	-2.033442e+01	-1.032303e+02
1.190000e-06	-3.714971e-06	-8.117790e-10	-2.005249e+01	-1.024012e+02
1.200000e-06	-3.662255e-06	-8.044319e-10	-1.976795e+01	-1.015630e+02
1.210000e-06	-3.609312e-06	-7.979479e-10	-1.948218e+01	-1.007149e+02
1.220000e-06	-3.556166e-06	-7.916278e-10	-1.919531e+01	-9.985654e+01
1.230000e-06	-3.502872e-06	-7.844044e-10	-1.890764e+01	-9.898718e+01
1.240000e-06	-3.449394e-06	-7.766058e-10	-1.861898e+01	-9.810629e+01
1.250000e-06	-3.395573e-06	-7.694160e-10	-1.832846e+01	-9.721331e+01
1.260000e-06	-3.341405e-06	-7.620715e-10	-1.803608e+01	-9.630769e+01
1.270000e-06	-3.287059e-06	-7.532940e-10	-1.774273e+01	-9.538894e+01
1.280000e-06	-3.232544e-06	-7.443939e-10	-1.744848e+01	-9.445661e+01
1.290000e-06	-3.177701e-06	-7.360342e-10	-1.715245e+01	-9.351028e+01
1.300000e-06	-3.122710e-06	-7.281659e-10	-1.685562e+01	-9.254961e+01
1.310000e-06	-3.067535e-06	-7.209241e-10	-1.655779e+01	-9.157432e+01
1.320000e-06	-3.012197e-06	-7.136451e-10	-1.625910e+01	-9.058417e+01
1.330000e-06	-2.956772e-06	-7.049923e-10	-1.595993e+01	-8.957900e+01
1.340000e-06	-2.901187e-06	-6.949604e-10	-1.565989e+01	-8.855871e+01
1.350000e-06	-2.845421e-06	-6.853211e-10	-1.535888e+01	-8.752327e+01
1.360000e-06	-2.789542e-06	-6.764435e-10	-1.505726e+01	-8.647269e+01
1.370000e-06	-2.733520e-06	-6.686235e-10	-1.475486e+01	-8.540704e+01
1.380000e-06	-2.677341e-06	-6.610070e-10	-1.445162e+01	-8.432644e+01
1.390000e-06	-2.621039e-06	-6.524078e-10	-1.414772e+01	-8.323102e+01
1.400000e-06	-2.564516e-06	-6.438621e-10	-1.384262e+01	-8.212098e+01
1.410000e-06	-2.507628e-06	-6.356060e-10	-1.353556e+01	-8.099650e+01
1.420000e-06	-2.450428e-06	-6.274019e-10	-1.322681e+01	-7.985780e+01
1.430000e-06	-2.392931e-06	-6.179285e-10	-1.291645e+01	-7.870508e+01
1.440000e-06	-2.335070e-06	-6.069705e-10	-1.260413e+01	-7.753854e+01
1.450000e-06	-2.276925e-06	-5.969039e-10	-1.229028e+01	-7.635837e+01
1.460000e-06	-2.218500e-06	-5.872196e-10	-1.197491e+01	-7.516471e+01
1.470000e-06	-2.159801e-06	-5.765334e-10	-1.165807e+01	-7.395768e+01
1.480000e-06	-2.100867e-06	-5.658007e-10	-1.133996e+01	-7.273735e+01
1.490000e-06	-2.041873e-06	-5.561071e-10	-1.102153e+01	-7.150375e+01
1.500000e-06	-1.982784e-06	-5.472095e-10	-1.070258e+01	-7.025685e+01
1.510000e-06	-1.923537e-06	-5.377001e-10	-1.038278e+01	-6.899656e+01
1.520000e-06	-1.864177e-06	-5.272844e-10	-1.006237e+01	-6.772274e+01
1.530000e-06	-1.804778e-06	-5.166388e-10	-9.741746e+00	-6.643518e+01
1.540000e-06	-1.745297e-06	-5.051042e-10	-9.420683e+00	-6.513362e+01
1.550000e-06	-1.685653e-06	-4.934400e-10	-9.098737e+00	-6.381773e+01
1.560000e-06	-1.625964e-06	-4.827205e-10	-8.776551e+00	-6.248713e+01
1.570000e-06	-1.566252e-06	-4.718441e-10	-8.454243e+00	-6.114142e+01
1.580000e-06	-1.506507e-06	-4.610875e-10	-8.131752e+00	-5.978012e+01
1.590000e-06	-1.446691e-06	-4.511334e-10	-7.808883e+00	-5.840274e+01
1.600000e-06	-1.386766e-06	-4.415082e-10	-7.485420e+00	-5.700876e+01
1.610000e-06	-1.326694e-06	-4.310764e-10	-7.161168e+00	-5.559764e+01
1.620000e-06	-1.266401e-06	-4.191592e-10	-6.835721e+00	-5.416885e+01
1.630000e-06	-1.206012e-06	-4.068629e-10	-6.509753e+00	-5.272183e+01
1.640000e-06	-1.145797e-06	-3.949686e-10	-6.184731e+00	-5.125608e+01
1.650000e-06	-1.085677e-06	-3.840137e-10	-5.860216e+00	-4.977110e+01
1.660000e-06	-1.025374e-06	-3.729349e-10	-5.534717e+00	-4.826641e+01
1.670000e-06	-9.648477e-07	-3.609461e-10	-5.208009e+00	-4.674162e+01
1.680000e-06	-9.042286e-07	-3.489176e-10	-4.880803e+00	-4.519635e+01
1.690000e-06	-8.436398e-07	-3.369811e-10	-4.553759e+00	-4.363031e+01
1.700000e-06	-7.830222e-07	-3.256948e-10	-4.226560e+00	-4.204327e+01
1.710000e-06	-7.222935e-07	-3.143259e-10	-3.898762e+00	-4.043507e+01
1.720000e-06	-6.614734e-07	-3.018187e-10	-3.570470e+00	-3.880566e+01
1.730000e-06	-6.005229e-07	-2.886588e-10	-3.241474e+00	-3.715503e+01
1.740000e-06	-5.395081e-07	-2.754609e-10	-2.912131e+00	-3.548330e+01
1.750000e-06	-4.785572e-07	-2.619759e-10	-2.583133e+00	-3.379067e+01
1.760000e-06	-4.176007e-07	-2.474895e-10	-2.254106e+00	-3.207741e+01
1.770000e-06	-3.565816e-07	-2.327333e-10	-1.924740e+00	-3.034392e+01
1.780000e-06	-2.955805e-07	-2.191835e-10	-1.595470e+00	-2.859067e+01
1.790000e-06	-2.345687e-07	-2.063317e-10	-1.266144e+00	-2.681819e+01
1.800000e-06	-1.735184e-07	-1.922966e-10	-9.366096e-01	-2.502715e+01
1.810000e-06	-1.125147e-07	-1.765033e-10	-6.073266e-01	-2.321825e+01
1.820000e-06	-5.154316e-08	-1.604096e-10	-2.782173e-01	-2.139230e+01
1.830000e-06	9.491779e-09	-1.451489e-10	5.123428e-02	-1.955014e+01
1.840000e-06	7.056802e-08	-1.305535e-10	3.809088e-01	-1.769272e+01
1.850000e-06	1.316256e-07	-1.162102e-10	7.104827e-01	-1.582102e+01
1.860000e-06	1.927675e-07	-1.018990e-10	1.040511e+00	-1.393607e+01
1.870000e-06	2.539183e-07	-8.740850e-11	1.370588e+00	-1.203895e+01
1.880000e-06	3.149932e-07	-7.218646e-11	1.700255e+00	-1.013078e+01
1.890000e-06	3.759986e-07	-5.674424e-11	2.029548e+00	-8.212712e+00
1.900000e-06	4.369341e-07	-4.161675e-11	2.358463e+00	-6.285929e+00
1.910000e-06	4.979060e-07	-2.636941e-11	2.687574e+00	-4.351631e+00
1.920000e-06	5.588182e-07	-1.225706e-11	3.016363e+00	-2.411035e+00
1.930000e-06	6.196313e-07	2.275588e-13	3.344617e+00	-4.653706e-01
1.940000e-06	6.804289e-07	1.388107e-11	3.672787e+00	1.484124e+00
1.950000e-06	7.411452e-07	3.041603e-11	4.000519e+00	3.436208e+00
1.960000e-06	8.017573e-07	4.846977e-11	4.327688e+00	5.389639e+00
1.970000e-06	8.623313e-07	6.515524e-11	4.654651e+00	7.343179e+00
1.980000e-06	9.228357e-07	7.933680e-11	4.981239e+00	9.295595e+00
1.990000e-06	9.832836e-07	9.290566e-11	5.307522e+00	1.124566e+01
2.000000e-06	1.043689e-06	1.077938e-10	5.633573e+00	1.319216e+01
2.010000e-06	1.103953e-06	1.235740e-10	5.958867e+00	1.513390e+01
2.020000e-06	1.164049e-06	1.385903e-10	6.283251e+00	1.706969e+01
2.030000e-06	1.224010e-06	1.530671e-10	6.606903e+00	1.899837e+01
2.040000e-06	1.284032e-06	1.682518e-10	6.930890e+00	2.091878e+01
2.050000e-06	1.344040e-06	1.838715e-10	7.254798e+00	2.282980e+01
2.060000e-06	1.403846e-06	1.988294e-10	7.577614e+00	2.473033e+01
2.070000e-06	1.463528e-06	2.126538e-10	7.899761e+00	2.661931e+01
2.080000e-06	1.523183e-06	2.257554e-10	8.221764e+00	2.849569e+01
2.090000e-06	1.582846e-06	2.387782e-10	8.543809e+00	3.035846e+01
2.100000e-06	1.642487e-06	2.522418e-10	8.865740e+00	3.220667e+01
2.110000e-06	1.702029e-06	2.663940e-10	9.187131e+00	3.403937e+01
2.120000e-06	1.761420e-06	2.800038e-10	9.507713e+00	3.585570e+01
2.130000e-06	1.820823e-06	2.931744e-10	9.828355e+00	3.765481e+01
2.140000e-06	1.880241e-06	3.068286e-10	1.014908e+01	3.943593e+01
2.150000e-06	1.939547e-06	3.204056e-10	1.046920e+01	4.119833e+01
2.160000e-06	1.998697e-06	3.334694e-10	1.078847e+01	4.294134e+01
2.170000e-06	2.057695e-06	3.458202e-10	1.110693e+01	4.466437e+01
2.180000e-06	2.116668e-06	3.584058e-10	1.142525e+01	4.636687e+01
2.190000e-06	2.175606e-06	3.718817e-10	1.174339e+01	4.804837e+01
2.200000e-06	2.234255e-06	3.858295e-10	1.205996e+01	4.970848e+01
2.210000e-06	2.292602e-06	3.992590e-10	1.237490e+01	5.134686e+01
2.220000e-06	2.350586e-06	4.111937e-10	1.268788e+01	5.296326e+01
2.230000e-06	2.408085e-06	4.225713e-10	1.299825e+01	5.455749e+01
2.240000e-06	2.465231e-06	4.345178e-10	1.330671e+01	5.612944e+01
2.250000e-06	2.522001e-06	4.472679e-10	1.361314e+01	5.767906e+01
2.260000e-06	2.578439e-06	4.600392e-10	1.391778e+01	5.920638e+01
2.270000e-06	2.634677e-06	4.715139e-10	1.422134e+01	6.071148e+01
2.280000e-06	2.690858e-06	4.823549e-10	1.452459e+01	6.219452e+01
2.290000e-06	2.746916e-06	4.936061e-10	1.482718e+01	6.365570e+01
2.300000e-06	2.802714e-06	5.054580e-10	1.512836e+01	6.509528e+01
2.310000e-06	2.858372e-06	5.170520e-10	1.542878e+01	6.651355e+01
2.320000e-06	2.913982e-06	5.282724e-10	1.572895e+01	6.791087e+01
2.330000e-06	2.969441e-06	5.410087e-10	1.602831e+01	6.928761e+01
2.340000e-06	3.024659e-06	5.542177e-10	1.632636e+01	7.064417e+01
2.350000e-06	3.079712e-06	5.649020e-10	1.662353e+01	7.198098e+01
2.360000e-06	3.134573e-06	5.731314e-10	1.691965e+01	7.329847e+01
2.370000e-06	3.189264e-06	5.811635e-10	1.721486e+01	7.459709e+01
2.380000e-06	3.243803e-06	5.900568e-10	1.750925e+01	7.587728e+01
2.390000e-06	3.298088e-06	6.006491e-10	1.780227e+01	7.713948e+01
2.400000e-06	3.352128e-06	6.132036e-10	1.809396e+01	7.838412e+01
2.410000e-06	3.405928e-06	6.249285e-10	1.838436e+01	7.961162e+01
2.420000e-06	3.459483e-06	6.351134e-10	1.867344e+01	8.082236e+01
2.430000e-06	3.512860e-06	6.455105e-10	1.896155e+01	8.201671e+01
2.440000e-06	3.566010e-06	6.559297e-10	1.924844e+01	8.319503e+01
2.450000e-06	3.618877e-06	6.652908e-10	1.953381e+01	8.435763e+01
2.460000e-06	3.671453e-06	6.737416e-10	1.981760e+01	8.550479e+01
2.470000e-06	3.723734e-06	6.823926e-10	2.009980e+01	8.663680e+01
2.480000e-06	3.775798e-06	6.917571e-10	2.038082e+01	8.775387e+01
2.490000e-06	3.827640e-06	7.014987e-10	2.066066e+01	8.885623e+01
2.500000e-06	3.879135e-06	7.105988e-10	2.093862e+01	8.994406e+01
2.510000e-06	3.930208e-06	7.189883e-10	2.121429e+01	9.101752e+01
2.520000e-06	3.981027e-06	7.272439e-10	2.148860e+01	9.207677e+01
2.530000e-06	4.031546e-06	7.358103e-10	2.176129e+01	9.312195e+01
2.540000e-06	4.081548e-06	7.445823e-10	2.203119e+01	9.415318e+01
2.550000e-06	4.131074e-06	7.523585e-10	2.229852e+01	9.517059e+01
2.560000e-06	4.180186e-06	7.591749e-10	2.256361e+01	9.617430e+01
2.570000e-06	4.228746e-06	7.663080e-10	2.282573e+01	9.716444e+01
2.580000e-06	4.276748e-06	7.747755e-10	2.308483e+01	9.814114e+01
2.590000e-06	4.324452e-06	7.835414e-10	2.334232e+01	9.910454e+01
2.600000e-06	4.371945e-06	7.917360e-10	2.359868e+01	1.000548e+02
2.610000e-06	4.419326e-06	7.996372e-10	2.385443e+01	1.009921e+02
2.620000e-06	4.466561e-06	8.069998e-10	2.410940e+01	1.019166e+02
2.630000e-06	4.513457e-06	8.139714e-10	2.436252e+01	1.028285e+02
2.640000e-06	4.559999e-06	8.211572e-10	2.461375e+01	1.037280e+02
2.650000e-06	4.606242e-06	8.279968e-10	2.486336e+01	1.046154e+02
2.660000e-06	4.652076e-06	8.343546e-10	2.511076e+01	1.054910e+02
2.670000e-06	4.697497e-06	8.410750e-10	2.535593e+01	1.063549e+02
2.680000e-06	4.742649e-06	8.484769e-10	2.559965e+01	1.072075e+02
2.690000e-06	4.787571e-06	8.556542e-10	2.584212e+01	1.080491e+02
2.700000e-06	4.832184e-06	8.612706e-10	2.608294e+01	1.088799e+02
2.710000e-06	4.876349e-06	8.671545e-10	2.632133e+01	1.097002e+02
2.720000e-06	4.920157e-06	8.749198e-10	2.655779e+01	1.105103e+02
2.730000e-06	4.963799e-06	8.827405e-10	2.679336e+01	1.113105e+02
2.740000e-06	5.007295e-06	8.888576e-10	2.702814e+01	1.121010e+02
2.750000e-06	5.050537e-06	8.942353e-10	2.726155e+01	1.128821e+02
2.760000e-06	5.093517e-06	8.999432e-10	2.749355e+01	1.136539e+02
2.770000e-06	5.136247e-06	9.059561e-10	2.772419e+01	1.144166e+02
2.780000e-06	5.178388e-06	9.129654e-10	2.795166e+01	1.151705e+02
2.790000e-06	5.219604e-06	9.205958e-10	2.817413e+01	1.159155e+02
2.800000e-06	5.260159e-06	9.276520e-10	2.839304e+01	1.166518e+02
2.810000e-06	5.300285e-06	9.345709e-10	2.860963e+01	1.173795e+02
2.820000e-06	5.340054e-06	9.419696e-10	2.882429e+01	1.180984e+02
2.830000e-06	5.379627e-06	9.487280e-10	2.903790e+01	1.188087e+02
2.840000e-06	5.418960e-06	9.536767e-10	2.925021e+01	1.195102e+02
2.850000e-06	5.458053e-06	9.580224e-10	2.946122e+01	1.202028e+02
2.860000e-06	5.496788e-06	9.633475e-10	2.967030e+01	1.208864e+02
2.870000e-06	5.535005e-06	9.689683e-10	2.987659e+01	1.215609e+02
2.880000e-06	5.572849e-06	9.743214e-10	3.008086e+01	1.222260e+02
2.890000e-06	5.610414e-06	9.801168e-10	3.028363e+01	1.228817e+02
2.900000e-06	5.647523e-06	9.853857e-10	3.048393e+01	1.235275e+02
2.910000e-06	5.684100e-06	9.905915e-10	3.068137e+01	1.241635e+02
2.920000e-06	5.720300e-06	9.972867e-10	3.087677e+01	1.247893e+02
2.930000e-06	5.756152e-06	1.004227e-09	3.107029e+01	1.254047e+02
2.940000e-06	5.791754e-06	1.009066e-09	3.126246e+01	1.260096e+02
2.950000e-06	5.827145e-06	1.012622e-09	3.145349e+01	1.266038e+02
2.960000e-06	5.862213e-06	1.017731e-09	3.164278e+01	1.271872e+02
2.970000e-06	5.896857e-06	1.023643e-09	3.182978e+01	1.277596e+02
2.980000e-06	5.930931e-06	1.029106e-09	3.201370e+01	1.283210e+02
2.990000e-06	5.964288e-06	1.034718e-09	3.219376e+01	1.288713e+02
3.000000e-06	5.996784e-06	1.040776e-09	3.236916e+01	1.294105e+02
3.010000e-06	6.028705e-06	1.046895e-09	3.254146e+01	1.299386e+02
3.020000e-06	6.060370e-06	1.052800e-09	3.271238e+01	1.304557e+02
3.030000e-06	6.091765e-06	1.058969e-09	3.288185e+01	1.309620e+02
3.040000e-06	6.122865e-06	1.064741e-09	3.304971e+01	1.314575e+02
3.050000e-06	6.153558e-06	1.070222e-09	3.321538e+01	1.319424e+02
3.060000e-06	6.183763e-06	1.076272e-09	3.337843e+01	1.324170e+02
3.070000e-06	6.213494e-06	1.081077e-09	3.353891e+01	1.328814e+02
3.080000e-06	6.242883e-06	1.084520e-09	3.369754e+01	1.333360e+02
3.090000e-06	6.271911e-06	1.089588e-09	3.385423e+01	1.337809e+02
3.100000e-06	6.300435e-06	1.096609e-09	3.400819e+01	1.342165e+02
3.110000e-06	6.328582e-06	1.102902e-09	3.416012e+01	1.346430e+02
3.120000e-06	6.356481e-06	1.107384e-09	3.431072e+01	1.350607e+02
3.130000e-06	6.384071e-06	1.110762e-09	3.445964e+01	1.354698e+02
3.140000e-06	6.411336e-06	1.114178e-09	3.460681e+01	1.358706e+02
3.150000e-06	6.438125e-06	1.118237e-09	3.475141e+01	1.362633e+02
3.160000e-06	6.464215e-06	1.123126e-09	3.489224e+01	1.366480e+02
3.170000e-06	6.489663e-06	1.127751e-09	3.502960e+01	1.370250e+02
3.180000e-06	6.514349e-06	1.131523e-09	3.516284e+01	1.373943e+02
3.190000e-06	6.538235e-06	1.135379e-09	3.529178e+01	1.377561e+02
3.200000e-06	6.561718e-06	1.139088e-09	3.541853e+01	1.381103e+02
3.210000e-06	6.584999e-06	1.142502e-09	3.554420e+01	1.384569e+02
3.220000e-06	6.607856e-06	1.145254e-09	3.566758e+01	1.387960e+02
3.230000e-06	6.630120e-06	1.148061e-09	3.578775e+01	1.391274e+02
3.240000e-06	6.651882e-06	1.152639e-09	3.590522e+01	1.394511e+02
3.250000e-06	6.673292e-06	1.157653e-09	3.602078e+01	1.397669e+02
3.260000e-06	6.694209e-06	1.160884e-09	3.613369e+01	1.400746e+02
3.270000e-06	6.714673e-06	1.163137e-09	3.624415e+01	1.403741e+02
3.280000e-06	6.734756e-06	1.165776e-09	3.635255e+01	1.406652e+02
3.290000e-06	6.754494e-06	1.169958e-09	3.645909e+01	1.409477e+02
3.300000e-06	6.773986e-06	1.174981e-09	3.656430e+01	1.412214e+02
3.310000e-06	6.793020e-06	1.178242e-09	3.666704e+01	1.414861e+02
3.320000e-06	6.811586e-06	1.180209e-09	3.676726e+01	1.417417e+02
3.330000e-06	6.829590e-06	1.181764e-09	3.686444e+01	1.419881e+02
3.340000e-06	6.846878e-06	1.183678e-09	3.695776e+01	1.422250e+02
3.350000e-06	6.863811e-06	1.187373e-09	3.704916e+01	1.424526e+02
3.360000e-06	6.880397e-06	1.190611e-09	3.713868e+01	1.426707e+02
3.370000e-06	6.896524e-06	1.192454e-09	3.722574e+01	1.428794e+02
3.380000e-06	6.912074e-06	1.195076e-09	3.730967e+01	1.430787e+02
3.390000e-06	6.926820e-06	1.198159e-09	3.738926e+01	1.432689e+02
3.400000e-06	6.940985e-06	1.200667e-09	3.746572e+01	1.434500e+02
3.410000e-06	6.954766e-06	1.202505e-09	3.754011e+01	1.436223e+02
3.420000e-06	6.968099e-06	1.204503e-09	3.761208e+01	1.437861e+02
3.430000e-06	6.980881e-06	1.207220e-09	3.768107e+01	1.439418e+02
3.440000e-06	6.993145e-06	1.210214e-09	3.774727e+01	1.440896e+02
3.450000e-06	7.004937e-06	1.213575e-09	3.781092e+01	1.442299e+02
3.460000e-06	7.016351e-06	1.216477e-09	3.787253e+01	1.443633e+02
3.470000e-06	7.027222e-06	1.217643e-09	3.793121e+01	1.444902e+02
3.480000e-06	7.037158e-06	1.217615e-09	3.798484e+01	1.446109e+02
3.490000e-06	7.046247e-06	1.218907e-09	3.803390e+01	1.447260e+02
3.500000e-06	7.054678e-06	1.221576e-09	3.807941e+01	1.448360e+02
3.510000e-06	7.062572e-06	1.223646e-09	3.812202e+01	1.449412e+02
3.520000e-06	7.070141e-06	1.225254e-09	3.816288e+01	1.450420e+02
3.530000e-06	7.077250e-06	1.227020e-09	3.820125e+01	1.451388e+02
3.540000e-06	7.083862e-06	1.228905e-09	3.823694e+01	1.452320e+02
3.550000e-06	7.089999e-06	1.230715e-09	3.827006e+01	1.453218e+02
3.560000e-06	7.095645e-06	1.232308e-09	3.830054e+01	1.454084e+02
3.570000e-06	7.100793e-06	1.233299e-09	3.832833e+01	1.454920e+02
3.580000e-06	7.105310e-06	1.234270e-09	3.835271e+01	1.455727e+02
3.590000e-06	7.109274e-06	1.236512e-09	3.837410e+01	1.456503e+02
3.600000e-06	7.112954e-06	1.239358e-09	3.839397e+01	1.457250e+02
3.610000e-06	7.116446e-06	1.240616e-09	3.841282e+01	1.457964e+02
3.620000e-06	7.119558e-06	1.241296e-09	3.842961e+01	1.458645e+02
3.630000e-06	7.122150e-06	1.242801e-09	3.844361e+01	1.459290e+02
3.640000e-06	7.123961e-06	1.244178e-09	3.845338e+01	1.459895e+02
3.650000e-06	7.124908e-06	1.246012e-09	3.845850e+01	1.460456e+02
3.660000e-06	7.125187e-06	1.248224e-09	3.846000e+01	1.460969e+02
3.670000e-06	7.124980e-06	1.249898e-09	3.845888e+01	1.461429e+02
3.680000e-06	7.124509e-06	1.251144e-09	3.845634e+01	1.461831e+02
3.690000e-06	7.123668e-06	1.252487e-09	3.845180e+01	1.462169e+02
3.700000e-06	7.122226e-06	1.253808e-09	3.844401e+01	1.462440e+02
3.710000e-06	7.120266e-06	1.254449e-09	3.843344e+01	1.462636e+02
3.720000e-06	7.117923e-06	1.255691e-09	3.842079e+01	1.462753e+02
3.730000e-06	7.115110e-06	1.256777e-09	3.840561e+01	1.462787e+02
3.740000e-06	7.111804e-06	1.251126e-09	3.838776e+01	1.462733e+02
3.750000e-06	7.108040e-06	1.248858e-09	3.836745e+01	1.462586e+02
3.760000e-06	7.103704e-06	1.272937e-09	3.834404e+01	1.462343e+02
3.770000e-06	7.098598e-06	1.287207e-09	3.831648e+01	1.462001e+02
3.780000e-06	7.092847e-06	1.249293e-09	3.828544e+01	1.461559e+02
3.790000e-06	7.086881e-06	1.216412e-09	3.825323e+01	1.461014e+02
3.800000e-06	7.080914e-06	1.247531e-09	3.822103e+01	1.460365e+02
3.810000e-06	7.074318e-06	1.293213e-09	3.818542e+01	1.459613e+02
3.820000e-06	7.066706e-06	1.262958e-09	3.814433e+01	1.458759e+02
3.830000e-06	7.058525e-06	1.216047e-09	3.810018e+01	1.457804e+02
3.840000e-06	7.050024e-06	1.262258e-09	3.805429e+01	1.456749e+02
3.850000e-06	7.041034e-06	1.313303e-09	3.800576e+01	1.455599e+02
3.860000e-06	7.031415e-06	1.254006e-09	3.795384e+01	1.454355e+02
3.870000e-06	7.021380e-06	1.189092e-09	3.789968e+01	1.453023e+02
3.880000e-06	7.011113e-06	1.246497e-09	3.784426e+01	1.451607e+02
3.890000e-06	7.000345e-06	1.313446e-09	3.778613e+01	1.450111e+02
3.900000e-06	6.988889e-06	1.264204e-09	3.772430e+01	1.448540e+02
3.910000e-06	6.976946e-06	1.213037e-09	3.765983e+01	1.446900e+02
3.920000e-06	6.964496e-06	1.261647e-09	3.759263e+01	1.445195e+02
3.930000e-06	6.951194e-06	1.286681e-09	3.752083e+01	1.443431e+02
3.940000e-06	6.936989e-06	1.228603e-09	3.744415e+01	1.441613e+02
3.950000e-06	6.922273e-06	1.217095e-09	3.736472e+01	1.439745e+02
3.960000e-06	6.907043e-06	1.271606e-09	3.728251e+01	1.437832e+02
3.970000e-06	6.891214e-06	1.269786e-09	3.719707e+01	1.435877e+02
3.980000e-06	6.874901e-06	1.230038e-09	3.710902e+01	1.433885e+02
3.990000e-06	6.858222e-06	1.247853e-09	3.701899e+01	1.431858e+02
4.000000e-06	6.840980e-06	1.265778e-09	3.692592e+01	1.429799e+02
4.010000e-06	6.823261e-06	1.229510e-09	3.683028e+01	1.427709e+02
4.020000e-06	6.805244e-06	1.225762e-09	3.673303e+01	1.425590e+02
4.030000e-06	6.786762e-06	1.266040e-09	3.663326e+01	1.423443e+02
4.040000e-06	6.767682e-06	1.256907e-09	3.653027e+01	1.421269e+02
4.050000e-06	6.747991e-06	1.221325e-09	3.642399e+01	1.419065e+02
4.060000e-06	6.727947e-06	1.234215e-09	3.631580e+01	1.416833e+02
4.070000e-06	6.707630e-06	1.251893e-09	3.620613e+01	1.414571e+02
4.080000e-06	6.686969e-06	1.229907e-09	3.609461e+01	1.412277e+02
4.090000e-06	6.665890e-06	1.223372e-09	3.598083e+01	1.409950e+02
4.100000e-06	6.644165e-06	1.242275e-09	3.586356e+01	1.407587e+02
4.110000e-06	6.621672e-06	1.238203e-09	3.574215e+01	1.405187e+02
4.120000e-06	6.598543e-06	1.223289e-09	3.561730e+01	1.402747e+02
4.130000e-06	6.574824e-06	1.226653e-09	3.548928e+01	1.400266e+02
4.140000e-06	6.550620e-06	1.226931e-09	3.535863e+01	1.397740e+02
4.150000e-06	6.526113e-06	1.216604e-09	3.522634e+01	1.395170e+02
4.160000e-06	6.501263e-06	1.221856e-09	3.509221e+01	1.392551e+02
4.170000e-06	6.475999e-06	1.234621e-09	3.495584e+01	1.389884e+02
4.180000e-06	6.450370e-06	1.225226e-09	3.481751e+01	1.387167e+02
4.190000e-06	6.424219e-06	1.210038e-09	3.467635e+01	1.384400e+02
4.200000e-06	6.397522e-06	1.216443e-09	3.453224e+01	1.381580e+02
4.210000e-06	6.370317e-06	1.220252e-09	3.438540e+01	1.378710e+02
4.220000e-06	6.342554e-06	1.205821e-09	3.423554e+01	1.375787e+02
4.230000e-06	6.314462e-06	1.206280e-09	3.408391e+01	1.372814e+02
4.240000e-06	6.286173e-06	1.218684e-09	3.393121e+01	1.369789e+02
4.250000e-06	6.257551e-06	1.208111e-09	3.377672e+01	1.366715e+02
4.260000e-06	6.228442e-06	1.199194e-09	3.361959e+01	1.363592e+02
4.270000e-06	6.198815e-06	1.210856e-09	3.345967e+01	1.360420e+02
4.280000e-06	6.168553e-06	1.204836e-09	3.329632e+01	1.357200e+02
4.290000e-06	6.137539e-06	1.189713e-09	3.312892e+01	1.353934e+02
4.300000e-06	6.105832e-06	1.200923e-09	3.295777e+01	1.350622e+02
4.310000e-06	6.073659e-06	1.205258e-09	3.278411e+01	1.347264e+02
4.320000e-06	6.041224e-06	1.186683e-09	3.260904e+01	1.343861e+02
4.330000e-06	6.008525e-06	1.185557e-09	3.243253e+01	1.340411e+02
4.340000e-06	5.975394e-06	1.192912e-09	3.225370e+01	1.336915e+02
4.350000e-06	5.941687e-06	1.182302e-09	3.207176e+01	1.333371e+02
4.360000e-06	5.907612e-06	1.180382e-09	3.188783e+01	1.329778e+02
4.370000e-06	5.873184e-06	1.188750e-09	3.170200e+01	1.326132e+02
4.380000e-06	5.838380e-06	1.180335e-09	3.151413e+01	1.322432e+02
4.390000e-06	5.803210e-06	1.172171e-09	3.132429e+01	1.318675e+02
4.400000e-06	5.767551e-06	1.176935e-09	3.113182e+01	1.314856e+02
4.410000e-06	5.731554e-06	1.173433e-09	3.093751e+01	1.310971e+02
4.420000e-06	5.695339e-06	1.164880e-09	3.074203e+01	1.307016e+02
4.430000e-06	5.658877e-06	1.165021e-09	3.054522e+01	1.302986e+02
4.440000e-06	5.622074e-06	1.164871e-09	3.034657e+01	1.298875e+02
4.450000e-06	5.584913e-06	1.161794e-09	3.014598e+01	1.294678e+02
4.460000e-06	5.547315e-06	1.160135e-09	2.994303e+01	1.290390e+02
4.470000e-06	5.508886e-06	1.155406e-09	2.973560e+01	1.286004e+02
4.480000e-06	5.469579e-06	1.149625e-09	2.952344e+01	1.281515e+02
4.490000e-06	5.429792e-06	1.147728e-09	2.930868e+01	1.276918e+02
4.500000e-06	5.389766e-06	1.145569e-09	2.909262e+01	1.272207e+02
4.510000e-06	5.349435e-06	1.141518e-09	2.887493e+01	1.267379e+02
4.520000e-06	5.308817e-06	1.137632e-09	2.865569e+01	1.262428e+02
4.530000e-06	5.267949e-06	1.133630e-09	2.843509e+01	1.257351e+02
4.540000e-06	5.226749e-06	1.131222e-09	2.821270e+01	1.252145e+02
4.550000e-06	5.185182e-06	1.129419e-09	2.798833e+01	1.246808e+02
4.560000e-06	5.143208e-06	1.124282e-09	2.776177e+01	1.241337e+02
4.570000e-06	5.100852e-06	1.118012e-09	2.753314e+01	1.235733e+02
4.580000e-06	5.058039e-06	1.113113e-09	2.730205e+01	1.229995e+02
4.590000e-06	5.014817e-06	1.108711e-09	2.706875e+01	1.224123e+02
4.600000e-06	4.971241e-06	1.103728e-09	2.683353e+01	1.218120e+02
4.610000e-06	4.927322e-06	1.098881e-09	2.659647e+01	1.211987e+02
4.620000e-06	4.883223e-06	1.095979e-09	2.635843e+01	1.205728e+02
4.630000e-06	4.838988e-06	1.094746e-09	2.611966e+01	1.199345e+02
4.640000e-06	4.794390e-06	1.091240e-09	2.587894e+01	1.192844e+02
4.650000e-06	4.749426e-06	1.084077e-09	2.563623e+01	1.186228e+02
4.660000e-06	4.704278e-06	1.074804e-09	2.539253e+01	1.179503e+02
4.670000e-06	4.658831e-06	1.065382e-09	2.514722e+01	1.172673e+02
4.680000e-06	4.612968e-06	1.059234e-09	2.489966e+01	1.165745e+02
4.690000e-06	4.566674e-06	1.055012e-09	2.464978e+01	1.158722e+02
4.700000e-06	4.520016e-06	1.049841e-09	2.439793e+01	1.151610e+02
4.710000e-06	4.473074e-06	1.044156e-09	2.414455e+01	1.144415e+02
4.720000e-06	4.425819e-06	1.037825e-09	2.388948e+01	1.137141e+02
4.730000e-06	4.378290e-06	1.029840e-09	2.363293e+01	1.129792e+02
4.740000e-06	4.330485e-06	1.021052e-09	2.337489e+01	1.122371e+02
4.750000e-06	4.282245e-06	1.013545e-09	2.311450e+01	1.114882e+02
4.760000e-06	4.233783e-06	1.007058e-09	2.285291e+01	1.107326e+02
4.770000e-06	4.185094e-06	1.000891e-09	2.259011e+01	1.099706e+02
4.780000e-06	4.136021e-06	9.961563e-10	2.232522e+01	1.092022e+02
4.790000e-06	4.086595e-06	9.916958e-10	2.205843e+01	1.084275e+02
4.800000e-06	4.036750e-06	9.854835e-10	2.178938e+01	1.076462e+02
4.810000e-06	3.986580e-06	9.784507e-10	2.151858e+01	1.068584e+02
4.820000e-06	3.936147e-06	9.718869e-10	2.124635e+01	1.060636e+02
4.830000e-06	3.885461e-06	9.654719e-10	2.097276e+01	1.052617e+02
4.840000e-06	3.834360e-06	9.582174e-10	2.069693e+01	1.044521e+02
4.850000e-06	3.782940e-06	9.503043e-10	2.041938e+01	1.036346e+02
4.860000e-06	3.731412e-06	9.424543e-10	2.014124e+01	1.028085e+02
4.870000e-06	3.679633e-06	9.351926e-10	1.986175e+01	1.019735e+02
4.880000e-06	3.627456e-06	9.286868e-10	1.958011e+01	1.011288e+02
4.890000e-06	3.574930e-06	9.220120e-10	1.929659e+01	1.002739e+02
4.900000e-06	3.522242e-06	9.149242e-10	1.901219e+01	9.940834e+01
4.910000e-06	3.469372e-06	9.073647e-10	1.872681e+01	9.853139e+01
4.920000e-06	3.416155e-06	8.993365e-10	1.843956e+01	9.764254e+01
4.930000e-06	3.362510e-06	8.909388e-10	1.815000e+01	9.674123e+01
4.940000e-06	3.308427e-06	8.831359e-10	1.785807e+01	9.582696e+01
4.950000e-06	3.253948e-06	8.759929e-10	1.756401e+01	9.489924e+01
4.960000e-06	3.199114e-06	8.681723e-10	1.726803e+01	9.395765e+01
4.970000e-06	3.143902e-06	8.596910e-10	1.697001e+01	9.300184e+01
4.980000e-06	3.088394e-06	8.513963e-10	1.667039e+01	9.203149e+01
4.990000e-06	3.032633e-06	8.429164e-10	1.636940e+01	9.104635e+01
5.000000e-06	2.976650e-06	8.336577e-10	1.606722e+01	9.004624e+01
5.010000e-06	2.920492e-06	8.235291e-10	1.576410e+01	8.903104e+01
5.020000e-06	2.864173e-06	8.131068e-10	1.546010e+01	8.800069e+01
5.030000e-06	2.807743e-06	8.043069e-10	1.515550e+01	8.695519e+01
5.040000e-06	2.751133e-06	7.966743e-10	1.484994e+01	8.589460e+01
5.050000e-06	2.694382e-06	7.883661e-10	1.454361e+01	8.481900e+01
5.060000e-06	2.637527e-06	7.784966e-10	1.423672e+01	8.372854e+01
5.070000e-06	2.580488e-06	7.674686e-10	1.392884e+01	8.262339e+01
5.080000e-06	2.523298e-06	7.573578e-10	1.362014e+01	8.150374e+01
5.090000e-06	2.465957e-06	7.476726e-10	1.331063e+01	8.036979e+01
5.100000e-06	2.408415e-06	7.368581e-10	1.300003e+01	7.922177e+01
5.110000e-06	2.350684e-06	7.257631e-10	1.268841e+01	7.805985e+01
5.120000e-06	2.292679e-06	7.157002e-10	1.237532e+01	7.688425e+01
5.130000e-06	2.234484e-06	7.066241e-10	1.206119e+01	7.569510e+01
5.140000e-06	2.176180e-06	6.972824e-10	1.174648e+01	7.449256e+01
5.150000e-06	2.117757e-06	6.866122e-10	1.143113e+01	7.327670e+01
5.160000e-06	2.059159e-06	6.745064e-10	1.111483e+01	7.204756e+01
5.170000e-06	2.000468e-06	6.615759e-10	1.079803e+01	7.080514e+01
5.180000e-06	1.941701e-06	6.502755e-10	1.048082e+01	6.954937e+01
5.190000e-06	1.882691e-06	6.404207e-10	1.016230e+01	6.828012e+01
5.200000e-06	1.823525e-06	6.286671e-10	9.842937e+00	6.699721e+01
5.210000e-06	1.764345e-06	6.157931e-10	9.523500e+00	6.570038e+01
5.220000e-06	1.705065e-06	6.037930e-10	9.203518e+00	6.438934e+01
5.230000e-06	1.645579e-06	5.921369e-10	8.882429e+00	6.306373e+01
5.240000e-06	1.585923e-06	5.800390e-10	8.560419e+00	6.172315e+01
5.250000e-06	1.526078e-06	5.671127e-10	8.237390e+00	6.036714e+01
5.260000e-06	1.466072e-06	5.537099e-10	7.913494e+00	5.899521e+01
5.270000e-06	1.406014e-06	5.412121e-10	7.589317e+00	5.760687e+01
5.280000e-06	1.345958e-06	5.289301e-10	7.265152e+00	5.620156e+01
5.290000e-06	1.285906e-06	5.150199e-10	6.941003e+00	5.477876e+01
5.300000e-06	1.225816e-06	5.000310e-10	6.616653e+00	5.333791e+01
5.310000e-06	1.165607e-06	4.851230e-10	6.291660e+00	5.187850e+01
5.320000e-06	1.105302e-06	4.710330e-10	5.966149e+00	5.040002e+01
5.330000e-06	1.044954e-06	4.583180e-10	5.640404e+00	4.890199e+01
5.340000e-06	9.846205e-07	4.461458e-10	5.314738e+00	4.738399e+01
5.350000e-06	9.242988e-07	4.321354e-10	4.989136e+00	4.584562e+01
5.360000e-06	8.638857e-07	4.159002e-10	4.663042e+00	4.428657e+01
5.370000e-06	8.033755e-07	4.003207e-10	4.336423e+00	4.270659e+01
5.380000e-06	7.428903e-07	3.856248e-10	4.009939e+00	4.110550e+01
5.390000e-06	6.823955e-07	3.702651e-10	3.683402e+00	3.948319e+01
5.400000e-06	6.218161e-07	3.542650e-10	3.356410e+00	3.783967e+01
5.410000e-06	5.612003e-07	3.384564e-10	3.029221e+00	3.617499e+01
5.420000e-06	5.005573e-07	3.234312e-10	2.701885e+00	3.448934e+01
5.430000e-06	4.398803e-07	3.085931e-10	2.374365e+00	3.278296e+01
5.440000e-06	3.791518e-07	2.931667e-10	2.046568e+00	3.105621e+01
5.450000e-06	3.184487e-07	2.766331e-10	1.718908e+00	2.930952e+01
5.460000e-06	2.577799e-07	2.596775e-10	1.391432e+00	2.754343e+01
5.470000e-06	1.971049e-07	2.432987e-10	1.063924e+00	2.575854e+01
5.480000e-06	1.364944e-07	2.275913e-10	7.367631e-01	2.395555e+01
5.490000e-06	7.593853e-08	2.114959e-10	4.098974e-01	2.213522e+01
5.500000e-06	1.541197e-08	1.941663e-10	8.318999e-02	2.029841e+01
5.510000e-06	-4.508663e-08	1.758578e-10	-2.433665e-01	1.844601e+01
5.520000e-06	-1.056797e-07	1.578075e-10	-5.704329e-01	1.657899e+01
5.530000e-06	-1.663777e-07	1.408423e-10	-8.980656e-01	1.469838e+01
5.540000e-06	-2.271137e-07	1.237267e-10	-1.225904e+00	1.280523e+01
5.550000e-06	-2.878001e-07	1.066683e-10	-1.553474e+00	1.090066e+01
5.560000e-06	-3.483305e-07	8.953103e-11	-1.880202e+00	8.985799e+00
5.570000e-06	-4.088678e-07	7.143576e-11	-2.206967e+00	7.061829e+00
5.580000e-06	-4.694166e-07	5.294202e-11	-2.533795e+00	5.129941e+00
5.590000e-06	-5.299654e-07	3.390566e-11	-2.860623e+00	3.191347e+00
5.600000e-06	-5.905694e-07	1.504936e-11	-3.187748e+00	1.247274e+00
5.610000e-06	-6.511258e-07	-2.530571e-12	-3.514616e+00	-7.010424e-01
5.620000e-06	-7.115759e-07	-1.972278e-11	-3.840911e+00	-2.652362e+00
5.630000e-06	-7.719971e-07	-3.767035e-11	-4.167050e+00	-4.605443e+00
5.640000e-06	-8.324850e-07	-5.682195e-11	-4.493548e+00	-6.559045e+00
5.650000e-06	-8.929301e-07	-7.646647e-11	-4.819816e+00	-8.511932e+00
5.660000e-06	-9.532679e-07	-9.582663e-11	-5.145505e+00	-1.046288e+01
5.670000e-06	-1.013619e-06	-1.143238e-10	-5.471265e+00	-1.241066e+01
5.680000e-06	-1.074000e-06	-1.314401e-10	-5.797186e+00	-1.435408e+01
5.690000e-06	-1.134341e-06	-1.487976e-10	-6.122893e+00	-1.629195e+01
5.700000e-06	-1.194568e-06	-1.668958e-10	-6.447981e+00	-1.822308e+01
5.710000e-06	-1.254681e-06	-1.846661e-10	-6.772460e+00	-2.014633e+01
5.720000e-06	-1.314751e-06	-2.017292e-10	-7.096704e+00	-2.206057e+01
5.730000e-06	-1.374808e-06	-2.183954e-10	-7.420874e+00	-2.396468e+01
5.740000e-06	-1.434787e-06	-2.350819e-10	-7.744628e+00	-2.585759e+01
5.750000e-06	-1.494521e-06	-2.521099e-10	-8.067054e+00	-2.773824e+01
5.760000e-06	-1.554121e-06	-2.702462e-10	-8.388762e+00	-2.960562e+01
5.770000e-06	-1.613635e-06	-2.887527e-10	-8.710002e+00	-3.145875e+01
5.780000e-06	-1.673068e-06	-3.073828e-10	-9.030809e+00	-3.329668e+01
5.790000e-06	-1.732406e-06	-3.260393e-10	-9.351101e+00	-3.511852e+01
5.800000e-06	-1.791483e-06	-3.436600e-10	-9.669983e+00	-3.692342e+01
5.810000e-06	-1.850424e-06	-3.601488e-10	-9.988132e+00	-3.871058e+01
5.820000e-06	-1.909261e-06	-3.762781e-10	-1.030572e+01	-4.047926e+01
5.830000e-06	-1.967973e-06	-3.930612e-10	-1.062263e+01	-4.222877e+01
5.840000e-06	-2.026579e-06	-4.110554e-10	-1.093897e+01	-4.395848e+01
5.850000e-06	-2.085056e-06	-4.285550e-10	-1.125462e+01	-4.566784e+01
5.860000e-06	-2.143397e-06	-4.439569e-10	-1.156953e+01	-4.735635e+01
5.870000e-06	-2.201580e-06	-4.591690e-10	-1.188358e+01	-4.902359e+01
5.880000e-06	-2.259613e-06	-4.749493e-10	-1.219683e+01	-5.066921e+01
5.890000e-06	-2.317411e-06	-4.903601e-10	-1.250881e+01	-5.229292e+01
5.900000e-06	-2.374872e-06	-5.053301e-10	-1.281897e+01	-5.389451e+01
5.910000e-06	-2.432075e-06	-5.197720e-10	-1.312774e+01	-5.547386e+01
5.920000e-06	-2.489105e-06	-5.329363e-10	-1.343558e+01	-5.703088e+01
5.930000e-06	-2.545982e-06	-5.462887e-10	-1.374258e+01	-5.856559e+01
5.940000e-06	-2.602705e-06	-5.605233e-10	-1.404876e+01	-6.007805e+01
5.950000e-06	-2.659376e-06	-5.741864e-10	-1.435466e+01	-6.156838e+01
5.960000e-06	-2.716006e-06	-5.877726e-10	-1.466033e+01	-6.303678e+01
5.970000e-06	-2.772463e-06	-6.023997e-10	-1.496507e+01	-6.448349e+01
5.980000e-06	-2.828788e-06	-6.174920e-10	-1.526910e+01	-6.590879e+01
5.990000e-06	-2.885052e-06	-6.307339e-10	-1.557280e+01	-6.731301e+01
6.000000e-06	-2.941249e-06	-6.419871e-10	-1.587614e+01	-6.869653e+01
6.010000e-06	-2.997315e-06	-6.531047e-10	-1.617877e+01	-7.005973e+01
6.020000e-06	-3.053066e-06	-6.640375e-10	-1.647970e+01	-7.140304e+01
6.030000e-06	-3.108398e-06	-6.749617e-10	-1.677836e+01	-7.272688e+01
6.040000e-06	-3.163442e-06	-6.866096e-10	-1.707548e+01	-7.403170e+01
6.050000e-06	-3.218071e-06	-6.988152e-10	-1.737036e+01	-7.531795e+01
6.060000e-06	-3.272228e-06	-7.115247e-10	-1.766268e+01	-7.658606e+01
6.070000e-06	-3.326040e-06	-7.243040e-10	-1.795314e+01	-7.783647e+01
6.080000e-06	-3.379472e-06	-7.370905e-10	-1.824156e+01	-7.906959e+01
6.090000e-06	-3.432500e-06	-7.495452e-10	-1.852779e+01	-8.028583e+01
6.100000e-06	-3.485312e-06	-7.607580e-10	-1.881285e+01	-8.148557e+01
6.110000e-06	-3.538053e-06	-7.710081e-10	-1.909754e+01	-8.266916e+01
6.120000e-06	-3.590581e-06	-7.807857e-10	-1.938107e+01	-8.383692e+01
6.130000e-06	-3.642892e-06	-7.906889e-10	-1.966343e+01	-8.498916e+01
6.140000e-06	-3.694873e-06	-8.017809e-10	-1.994401e+01	-8.612616e+01
6.150000e-06	-3.746423e-06	-8.135842e-10	-2.022226e+01	-8.724814e+01
6.160000e-06	-3.797705e-06	-8.249044e-10	-2.049907e+01	-8.835535e+01
6.170000e-06	-3.848725e-06	-8.354809e-10	-2.077447e+01	-8.944796e+01
6.180000e-06	-3.899434e-06	-8.451216e-10	-2.104818e+01	-9.052615e+01
6.190000e-06	-3.949872e-06	-8.535916e-10	-2.132043e+01	-9.159009e+01
6.200000e-06	-4.000095e-06	-8.620531e-10	-2.159153e+01	-9.263990e+01
6.210000e-06	-4.049984e-06	-8.709120e-10	-2.186081e+01	-9.367573e+01
6.220000e-06	-4.099381e-06	-8.792984e-10	-2.212745e+01	-9.469769e+01
6.230000e-06	-4.148316e-06	-8.872313e-10	-2.239159e+01	-9.570592e+01
6.240000e-06	-4.196767e-06	-8.960395e-10	-2.265311e+01	-9.670053e+01
6.250000e-06	-4.244580e-06	-9.057240e-10	-2.291120e+01	-9.768165e+01
6.260000e-06	-4.291944e-06	-9.145646e-10	-2.316685e+01	-9.864942e+01
6.270000e-06	-4.339265e-06	-9.218037e-10	-2.342228e+01	-9.960400e+01
6.280000e-06	-4.386475e-06	-9.288087e-10	-2.367711e+01	-1.005455e+02
6.290000e-06	-4.433382e-06	-9.373959e-10	-2.393030e+01	-1.014742e+02
6.300000e-06	-4.480047e-06	-9.465653e-10	-2.418219e+01	-1.023903e+02
6.310000e-06	-4.526407e-06	-9.547101e-10	-2.443243e+01	-1.032939e+02
6.320000e-06	-4.572349e-06	-9.619470e-10	-2.468041e+01	-1.041853e+02
6.330000e-06	-4.617858e-06	-9.695913e-10	-2.492606e+01	-1.050647e+02
6.340000e-06	-4.663016e-06	-9.778990e-10	-2.516981e+01	-1.059325e+02
6.350000e-06	-4.707934e-06	-9.861203e-10	-2.541226e+01	-1.067888e+02
6.360000e-06	-4.752555e-06	-9.935294e-10	-2.565312e+01	-1.076339e+02
6.370000e-06	-4.796949e-06	-1.000040e-09	-2.589275e+01	-1.084683e+02
6.380000e-06	-4.841159e-06	-1.006795e-09	-2.613138e+01	-1.092920e+02
6.390000e-06	-4.885084e-06	-1.013671e-09	-2.636847e+01	-1.101054e+02
6.400000e-06	-4.928845e-06	-1.020060e-09	-2.660469e+01	-1.109089e+02
6.410000e-06	-4.972323e-06	-1.026138e-09	-2.683937e+01	-1.117025e+02
6.420000e-06	-5.015346e-06	-1.032423e-09	-2.707160e+01	-1.124867e+02
6.430000e-06	-5.058054e-06	-1.039044e-09	-2.730213e+01	-1.132615e+02
6.440000e-06	-5.100456e-06	-1.045945e-09	-2.753100e+01	-1.140272e+02
6.450000e-06	-5.142481e-06	-1.052877e-09	-2.775784e+01	-1.147840e+02
6.460000e-06	-5.184111e-06	-1.059316e-09	-2.798255e+01	-1.155319e+02
6.470000e-06	-5.225393e-06	-1.066089e-09	-2.820538e+01	-1.162711e+02
6.480000e-06	-5.266350e-06	-1.073324e-09	-2.842646e+01	-1.170016e+02
6.490000e-06	-5.307018e-06	-1.080508e-09	-2.864597e+01	-1.177234e+02
6.500000e-06	-5.347410e-06	-1.086671e-09	-2.886400e+01	-1.184365e+02
6.510000e-06	-5.387564e-06	-1.091913e-09	-2.908074e+01	-1.191409e+02
6.520000e-06	-5.427514e-06	-1.097347e-09	-2.929638e+01	-1.198365e+02
6.530000e-06	-5.466947e-06	-1.102636e-09	-2.950923e+01	-1.205231e+02
6.540000e-06	-5.505622e-06	-1.107299e-09	-2.971799e+01	-1.212006e+02
6.550000e-06	-5.543536e-06	-1.111896e-09	-2.992264e+01	-1.218688e+02
6.560000e-06	-5.580900e-06	-1.117688e-09	-3.012432e+01	-1.225276e+02
6.570000e-06	-5.617835e-06	-1.123842e-09	-3.032369e+01	-1.231767e+02
6.580000e-06	-5.654417e-06	-1.128751e-09	-3.052115e+01	-1.238159e+02
6.590000e-06	-5.690824e-06	-1.133046e-09	-3.071766e+01	-1.244451e+02
6.600000e-06	-5.727005e-06	-1.137566e-09	-3.091296e+01	-1.250639e+02
6.610000e-06	-5.762827e-06	-1.141448e-09	-3.110632e+01	-1.256723e+02
6.620000e-06	-5.798187e-06	-1.144737e-09	-3.129718e+01	-1.262701e+02
6.630000e-06	-5.833185e-06	-1.148266e-09	-3.148609e+01	-1.268570e+02
6.640000e-06	-5.867796e-06	-1.152837e-09	-3.167292e+01	-1.274331e+02
6.650000e-06	-5.901933e-06	-1.158135e-09	-3.185718e+01	-1.279981e+02
6.660000e-06	-5.935581e-06	-1.163368e-09	-3.203880e+01	-1.285520e+02
6.670000e-06	-5.968774e-06	-1.167792e-09	-3.221797e+01	-1.290949e+02
6.680000e-06	-6.001587e-06	-1.170953e-09	-3.239509e+01	-1.296267e+02
6.690000e-06	-6.034096e-06	-1.174198e-09	-3.257056e+01	-1.301474e+02
6.700000e-06	-6.066435e-06	-1.178103e-09	-3.274512e+01	-1.306573e+02
6.710000e-06	-6.098374e-06	-1.182353e-09	-3.291752e+01	-1.311563e+02
6.720000e-06	-6.129688e-06	-1.186981e-09	-3.308654e+01	-1.316447e+02
6.730000e-06	-6.160361e-06	-1.191126e-09	-3.325211e+01	-1.321227e+02
6.740000e-06	-6.190186e-06	-1.193802e-09	-3.341310e+01	-1.325904e+02
6.750000e-06	-6.219339e-06	-1.196986e-09	-3.357046e+01	-1.330482e+02
6.760000e-06	-6.248126e-06	-1.200935e-09	-3.372584e+01	-1.334963e+02
6.770000e-06	-6.276602e-06	-1.203190e-09	-3.387955e+01	-1.339349e+02
6.780000e-06	-6.304898e-06	-1.204539e-09	-3.403228e+01	-1.343643e+02
6.790000e-06	-6.332844e-06	-1.207585e-09	-3.418313e+01	-1.347849e+02
6.800000e-06	-6.360326e-06	-1.210721e-09	-3.433147e+01	-1.351968e+02
6.810000e-06	-6.387324e-06	-1.213462e-09	-3.447720e+01	-1.356003e+02
6.820000e-06	-6.413874e-06	-1.216538e-09	-3.462051e+01	-1.359956e+02
6.830000e-06	-6.439970e-06	-1.218953e-09	-3.476137e+01	-1.363830e+02
6.840000e-06	-6.465531e-06	-1.221110e-09	-3.489934e+01	-1.367625e+02
6.850000e-06	-6.490674e-06	-1.222722e-09	-3.503505e+01	-1.371343e+02
6.860000e-06	-6.515472e-06	-1.224372e-09	-3.516891e+01	-1.374985e+02
6.870000e-06	-6.539946e-06	-1.225894e-09	-3.530102e+01	-1.378552e+02
6.880000e-06	-6.564081e-06	-1.227510e-09	-3.543129e+01	-1.382043e+02
6.890000e-06	-6.587804e-06	-1.230969e-09	-3.555934e+01	-1.385459e+02
6.900000e-06	-6.610875e-06	-1.234798e-09	-3.568387e+01	-1.388799e+02
6.910000e-06	-6.633114e-06	-1.237076e-09	-3.580391e+01	-1.392061e+02
6.920000e-06	-6.654564e-06	-1.237729e-09	-3.591969e+01	-1.395245e+02
6.930000e-06	-6.675428e-06	-1.237864e-09	-3.603231e+01	-1.398349e+02
6.940000e-06	-6.695943e-06	-1.238933e-09	-3.614305e+01	-1.401371e+02
6.950000e-06	-6.716238e-06	-1.240079e-09	-3.625260e+01	-1.404310e+02
6.960000e-06	-6.736263e-06	-1.241290e-09	-3.636068e+01	-1.407163e+02
6.970000e-06	-6.755731e-06	-1.243390e-09	-3.646577e+01	-1.409929e+02
6.980000e-06	-6.774684e-06	-1.246063e-09	-3.656807e+01	-1.412606e+02
6.990000e-06	-6.793292e-06	-1.248069e-09	-3.666851e+01	-1.415192e+02
7.000000e-06	-6.811356e-06	-1.248708e-09	-3.676602e+01	-1.417686e+02
7.010000e-06	-6.828798e-06	-1.248631e-09	-3.686017e+01	-1.420087e+02
7.020000e-06	-6.845608e-06	-1.248197e-09	-3.695090e+01	-1.422394e+02
7.030000e-06	-6.862074e-06	-1.247672e-09	-3.703978e+01	-1.424606e+02
7.040000e-06	-6.878404e-06	-1.248512e-09	-3.712792e+01	-1.426724e+02
7.050000e-06	-6.894271e-06	-1.250282e-09	-3.721357e+01	-1.428748e+02
7.060000e-06	-6.909510e-06	-1.250958e-09	-3.729583e+01	-1.430679e+02
7.070000e-06	-6.923956e-06	-1.251600e-09	-3.737380e+01	-1.432520e+02
7.080000e-06	-6.937602e-06	-1.252255e-09	-3.744746e+01	-1.434272e+02
7.090000e-06	-6.950776e-06	-1.252439e-09	-3.751857e+01	-1.435938e+02
7.100000e-06	-6.963491e-06	-1.253095e-09	-3.758721e+01	-1.437520e+02
7.110000e-06	-6.975640e-06	-1.254199e-09	-3.765278e+01	-1.439024e+02
7.120000e-06	-6.987297e-06	-1.254753e-09	-3.771571e+01	-1.440451e+02
7.130000e-06	-6.998393e-06	-1.255113e-09	-3.777560e+01	-1.441808e+02
7.140000e-06	-7.008959e-06	-1.255865e-09	-3.783263e+01	-1.443097e+02
7.150000e-06	-7.019005e-06	-1.255793e-09	-3.788686e+01	-1.444324e+02
7.160000e-06	-7.028503e-06	-1.255720e-09	-3.793812e+01	-1.445493e+02
7.170000e-06	-7.037583e-06	-1.256587e-09	-3.798714e+01	-1.446609e+02
7.180000e-06	-7.046294e-06	-1.257489e-09	-3.803416e+01	-1.447675e+02
7.190000e-06	-7.054720e-06	-1.257362e-09	-3.807964e+01	-1.448697e+02
7.200000e-06	-7.062733e-06	-1.256489e-09	-3.812289e+01	-1.449678e+02
7.210000e-06	-7.070231e-06	-1.255456e-09	-3.816336e+01	-1.450622e+02
7.220000e-06	-7.077104e-06	-1.254415e-09	-3.820046e+01	-1.451530e+02
7.230000e-06	-7.083069e-06	-1.253366e-09	-3.823266e+01	-1.452407e+02
7.240000e-06	-7.088270e-06	-1.252229e-09	-3.826073e+01	-1.453252e+02
7.250000e-06	-7.093045e-06	-1.251812e-09	-3.828651e+01	-1.454068e+02
7.260000e-06	-7.097471e-06	-1.251805e-09	-3.831040e+01	-1.454854e+02
7.270000e-06	-7.101481e-06	-1.251349e-09	-3.833204e+01	-1.455610e+02
7.280000e-06	-7.105084e-06	-1.251403e-09	-3.835149e+01	-1.456335e+02
7.290000e-06	-7.108224e-06	-1.251882e-09	-3.836844e+01	-1.457027e+02
7.300000e-06	-7.110863e-06	-1.252350e-09	-3.838268e+01	-1.457684e+02
7.310000e-06	-7.113039e-06	-1.252524e-09	-3.839443e+01	-1.458302e+02
7.320000e-06	-7.114734e-06	-1.252025e-09	-3.840358e+01	-1.458878e+02
7.330000e-06	-7.115864e-06	-1.252260e-09	-3.840968e+01	-1.459407e+02
7.340000e-06	-7.116531e-06	-1.252595e-09	-3.841328e+01	-1.459885e+02
