# Temperatura_=_20.0
# Concentracion g/m^3_=_7400.0
# C_Vs_to_Am_M_A/Vsm_=_116720831517.84952
# pendiente_HvsI_1/m_=_3716.3
# ordenada_HvsI_A/m_=_1297.0
# frecuencia_Hz_=_136106.68215895988

Tiempo_(s)	Campo_(V.s)	Magnetizacion_(V.s)	Campo_(kA/m)	Magnetizacion_(A/m)
0.000000e+00	-7.116031e-06	-1.396904e-09	-3.842436e+01	-1.615177e+02
1.000000e-08	-7.116323e-06	-1.395682e-09	-3.842593e+01	-1.615085e+02
2.000000e-08	-7.116225e-06	-1.395470e-09	-3.842541e+01	-1.614908e+02
3.000000e-08	-7.115627e-06	-1.395055e-09	-3.842217e+01	-1.614650e+02
4.000000e-08	-7.114263e-06	-1.393674e-09	-3.841481e+01	-1.614311e+02
5.000000e-08	-7.112148e-06	-1.391588e-09	-3.840339e+01	-1.613895e+02
6.000000e-08	-7.109475e-06	-1.389882e-09	-3.838896e+01	-1.613404e+02
7.000000e-08	-7.106244e-06	-1.388948e-09	-3.837151e+01	-1.612841e+02
8.000000e-08	-7.102684e-06	-1.390910e-09	-3.835229e+01	-1.612209e+02
9.000000e-08	-7.098628e-06	-1.395210e-09	-3.833039e+01	-1.611512e+02
1.000000e-07	-7.093746e-06	-1.381174e-09	-3.830403e+01	-1.610752e+02
1.100000e-07	-7.088229e-06	-1.345366e-09	-3.827423e+01	-1.609935e+02
1.200000e-07	-7.082347e-06	-1.359527e-09	-3.824248e+01	-1.609063e+02
1.300000e-07	-7.076190e-06	-1.435882e-09	-3.820923e+01	-1.608142e+02
1.400000e-07	-7.069627e-06	-1.430819e-09	-3.817379e+01	-1.607176e+02
1.500000e-07	-7.062548e-06	-1.326211e-09	-3.813557e+01	-1.606169e+02
1.600000e-07	-7.055002e-06	-1.323536e-09	-3.809482e+01	-1.605126e+02
1.700000e-07	-7.047049e-06	-1.441575e-09	-3.805188e+01	-1.604050e+02
1.800000e-07	-7.038540e-06	-1.425693e-09	-3.800593e+01	-1.602948e+02
1.900000e-07	-7.029321e-06	-1.274265e-09	-3.795615e+01	-1.601821e+02
2.000000e-07	-7.019551e-06	-1.298755e-09	-3.790340e+01	-1.600676e+02
2.100000e-07	-7.009275e-06	-1.468486e-09	-3.784791e+01	-1.599514e+02
2.200000e-07	-6.998410e-06	-1.436297e-09	-3.778924e+01	-1.598341e+02
2.300000e-07	-6.986854e-06	-1.268100e-09	-3.772684e+01	-1.597158e+02
2.400000e-07	-6.974705e-06	-1.306943e-09	-3.766124e+01	-1.595968e+02
2.500000e-07	-6.962099e-06	-1.439767e-09	-3.759317e+01	-1.594774e+02
2.600000e-07	-6.948945e-06	-1.372602e-09	-3.752215e+01	-1.593577e+02
2.700000e-07	-6.935087e-06	-1.276327e-09	-3.744732e+01	-1.592378e+02
2.800000e-07	-6.920589e-06	-1.364505e-09	-3.736903e+01	-1.591178e+02
2.900000e-07	-6.905464e-06	-1.411866e-09	-3.728736e+01	-1.589976e+02
3.000000e-07	-6.889596e-06	-1.312074e-09	-3.720168e+01	-1.588772e+02
3.100000e-07	-6.873236e-06	-1.313218e-09	-3.711334e+01	-1.587565e+02
3.200000e-07	-6.856419e-06	-1.396044e-09	-3.702253e+01	-1.586353e+02
3.300000e-07	-6.839119e-06	-1.334269e-09	-3.692912e+01	-1.585133e+02
3.400000e-07	-6.821435e-06	-1.276543e-09	-3.683363e+01	-1.583903e+02
3.500000e-07	-6.803405e-06	-1.382949e-09	-3.673627e+01	-1.582660e+02
3.600000e-07	-6.784857e-06	-1.398806e-09	-3.663612e+01	-1.581400e+02
3.700000e-07	-6.765760e-06	-1.267535e-09	-3.653300e+01	-1.580118e+02
3.800000e-07	-6.746309e-06	-1.288344e-09	-3.642797e+01	-1.578811e+02
3.900000e-07	-6.726472e-06	-1.399392e-09	-3.632086e+01	-1.577474e+02
4.000000e-07	-6.706235e-06	-1.334601e-09	-3.621159e+01	-1.576102e+02
4.100000e-07	-6.685565e-06	-1.263161e-09	-3.609997e+01	-1.574691e+02
4.200000e-07	-6.664389e-06	-1.351417e-09	-3.598563e+01	-1.573235e+02
4.300000e-07	-6.642771e-06	-1.369858e-09	-3.586890e+01	-1.571730e+02
4.400000e-07	-6.620613e-06	-1.281775e-09	-3.574926e+01	-1.570171e+02
4.500000e-07	-6.597983e-06	-1.303962e-09	-3.562706e+01	-1.568554e+02
4.600000e-07	-6.574984e-06	-1.352101e-09	-3.550287e+01	-1.566875e+02
4.700000e-07	-6.551601e-06	-1.293345e-09	-3.537661e+01	-1.565129e+02
4.800000e-07	-6.527924e-06	-1.286907e-09	-3.524876e+01	-1.563313e+02
4.900000e-07	-6.503813e-06	-1.350149e-09	-3.511857e+01	-1.561424e+02
5.000000e-07	-6.479046e-06	-1.316088e-09	-3.498484e+01	-1.559459e+02
5.100000e-07	-6.453468e-06	-1.265226e-09	-3.484673e+01	-1.557416e+02
5.200000e-07	-6.427145e-06	-1.309345e-09	-3.470459e+01	-1.555293e+02
5.300000e-07	-6.400262e-06	-1.320811e-09	-3.455943e+01	-1.553090e+02
5.400000e-07	-6.372999e-06	-1.272840e-09	-3.441221e+01	-1.550803e+02
5.500000e-07	-6.345384e-06	-1.282957e-09	-3.426310e+01	-1.548435e+02
5.600000e-07	-6.317346e-06	-1.309128e-09	-3.411170e+01	-1.545984e+02
5.700000e-07	-6.288899e-06	-1.282078e-09	-3.395810e+01	-1.543450e+02
5.800000e-07	-6.260000e-06	-1.271499e-09	-3.380205e+01	-1.540835e+02
5.900000e-07	-6.230638e-06	-1.289628e-09	-3.364351e+01	-1.538140e+02
6.000000e-07	-6.200953e-06	-1.278511e-09	-3.348322e+01	-1.535365e+02
6.100000e-07	-6.170785e-06	-1.265139e-09	-3.332032e+01	-1.532513e+02
6.200000e-07	-6.140022e-06	-1.277213e-09	-3.315421e+01	-1.529584e+02
6.300000e-07	-6.108974e-06	-1.277092e-09	-3.298656e+01	-1.526581e+02
6.400000e-07	-6.077569e-06	-1.261927e-09	-3.281699e+01	-1.523505e+02
6.500000e-07	-6.045813e-06	-1.258443e-09	-3.264551e+01	-1.520359e+02
6.600000e-07	-6.013881e-06	-1.260095e-09	-3.247309e+01	-1.517142e+02
6.700000e-07	-5.981535e-06	-1.255528e-09	-3.229843e+01	-1.513858e+02
6.800000e-07	-5.948603e-06	-1.250939e-09	-3.212061e+01	-1.510507e+02
6.900000e-07	-5.914978e-06	-1.249778e-09	-3.193904e+01	-1.507091e+02
7.000000e-07	-5.880678e-06	-1.247785e-09	-3.175384e+01	-1.503610e+02
7.100000e-07	-5.845794e-06	-1.240736e-09	-3.156547e+01	-1.500064e+02
7.200000e-07	-5.810500e-06	-1.234367e-09	-3.137490e+01	-1.496455e+02
7.300000e-07	-5.774984e-06	-1.233734e-09	-3.118312e+01	-1.492782e+02
7.400000e-07	-5.739160e-06	-1.230485e-09	-3.098968e+01	-1.489046e+02
7.500000e-07	-5.702998e-06	-1.223967e-09	-3.079442e+01	-1.485245e+02
7.600000e-07	-5.666453e-06	-1.222146e-09	-3.059709e+01	-1.481378e+02
7.700000e-07	-5.629465e-06	-1.221622e-09	-3.039736e+01	-1.477446e+02
7.800000e-07	-5.592095e-06	-1.216524e-09	-3.019557e+01	-1.473447e+02
7.900000e-07	-5.554234e-06	-1.210911e-09	-2.999114e+01	-1.469379e+02
8.000000e-07	-5.515846e-06	-1.206253e-09	-2.978386e+01	-1.465242e+02
8.100000e-07	-5.477054e-06	-1.200036e-09	-2.957439e+01	-1.461034e+02
8.200000e-07	-5.437919e-06	-1.195355e-09	-2.936307e+01	-1.456753e+02
8.300000e-07	-5.398507e-06	-1.192543e-09	-2.915026e+01	-1.452399e+02
8.400000e-07	-5.358880e-06	-1.187579e-09	-2.893629e+01	-1.447969e+02
8.500000e-07	-5.319052e-06	-1.181482e-09	-2.872123e+01	-1.443463e+02
8.600000e-07	-5.278938e-06	-1.177475e-09	-2.850463e+01	-1.438880e+02
8.700000e-07	-5.238350e-06	-1.174333e-09	-2.828546e+01	-1.434219e+02
8.800000e-07	-5.197292e-06	-1.170080e-09	-2.806376e+01	-1.429480e+02
8.900000e-07	-5.155744e-06	-1.163871e-09	-2.783941e+01	-1.424661e+02
9.000000e-07	-5.113533e-06	-1.157430e-09	-2.761149e+01	-1.419764e+02
9.100000e-07	-5.070712e-06	-1.153082e-09	-2.738027e+01	-1.414788e+02
9.200000e-07	-5.027454e-06	-1.148975e-09	-2.714669e+01	-1.409733e+02
9.300000e-07	-4.983951e-06	-1.143551e-09	-2.691179e+01	-1.404601e+02
9.400000e-07	-4.940141e-06	-1.137749e-09	-2.667523e+01	-1.399392e+02
9.500000e-07	-4.896039e-06	-1.132917e-09	-2.643709e+01	-1.394107e+02
9.600000e-07	-4.851654e-06	-1.128652e-09	-2.619742e+01	-1.388747e+02
9.700000e-07	-4.806939e-06	-1.124409e-09	-2.595598e+01	-1.383314e+02
9.800000e-07	-4.761953e-06	-1.119344e-09	-2.571307e+01	-1.377809e+02
9.900000e-07	-4.716628e-06	-1.112294e-09	-2.546833e+01	-1.372233e+02
1.000000e-06	-4.670861e-06	-1.105756e-09	-2.522120e+01	-1.366588e+02
1.010000e-06	-4.624699e-06	-1.100705e-09	-2.497194e+01	-1.360873e+02
1.020000e-06	-4.578120e-06	-1.095621e-09	-2.472043e+01	-1.355091e+02
1.030000e-06	-4.531183e-06	-1.090062e-09	-2.446698e+01	-1.349240e+02
1.040000e-06	-4.484123e-06	-1.084020e-09	-2.421287e+01	-1.343323e+02
1.050000e-06	-4.436827e-06	-1.079089e-09	-2.395749e+01	-1.337337e+02
1.060000e-06	-4.389226e-06	-1.075229e-09	-2.370046e+01	-1.331283e+02
1.070000e-06	-4.341428e-06	-1.070894e-09	-2.344236e+01	-1.325159e+02
1.080000e-06	-4.293421e-06	-1.064970e-09	-2.318314e+01	-1.318962e+02
1.090000e-06	-4.245031e-06	-1.057370e-09	-2.292185e+01	-1.312692e+02
1.100000e-06	-4.196254e-06	-1.050640e-09	-2.265847e+01	-1.306344e+02
1.110000e-06	-4.146973e-06	-1.045681e-09	-2.239237e+01	-1.299914e+02
1.120000e-06	-4.097075e-06	-1.040386e-09	-2.212293e+01	-1.293400e+02
1.130000e-06	-4.046617e-06	-1.033885e-09	-2.185048e+01	-1.286795e+02
1.140000e-06	-3.995940e-06	-1.027107e-09	-2.157684e+01	-1.280095e+02
1.150000e-06	-3.945104e-06	-1.022175e-09	-2.130233e+01	-1.273294e+02
1.160000e-06	-3.893844e-06	-1.017895e-09	-2.102555e+01	-1.266385e+02
1.170000e-06	-3.842235e-06	-1.011424e-09	-2.074687e+01	-1.259363e+02
1.180000e-06	-3.790359e-06	-1.004267e-09	-2.046676e+01	-1.252220e+02
1.190000e-06	-3.738227e-06	-9.978747e-10	-2.018526e+01	-1.244949e+02
1.200000e-06	-3.685811e-06	-9.917913e-10	-1.990223e+01	-1.237544e+02
1.210000e-06	-3.633031e-06	-9.857978e-10	-1.961724e+01	-1.229997e+02
1.220000e-06	-3.579923e-06	-9.787601e-10	-1.933047e+01	-1.222302e+02
1.230000e-06	-3.526611e-06	-9.701052e-10	-1.904260e+01	-1.214453e+02
1.240000e-06	-3.473073e-06	-9.619711e-10	-1.875352e+01	-1.206442e+02
1.250000e-06	-3.419317e-06	-9.565510e-10	-1.846325e+01	-1.198264e+02
1.260000e-06	-3.365366e-06	-9.520140e-10	-1.817193e+01	-1.189914e+02
1.270000e-06	-3.311211e-06	-9.444950e-10	-1.787951e+01	-1.181388e+02
1.280000e-06	-3.256783e-06	-9.351640e-10	-1.758562e+01	-1.172681e+02
1.290000e-06	-3.202089e-06	-9.272354e-10	-1.729029e+01	-1.163791e+02
1.300000e-06	-3.147267e-06	-9.207920e-10	-1.699426e+01	-1.154715e+02
1.310000e-06	-3.092202e-06	-9.131133e-10	-1.669693e+01	-1.145452e+02
1.320000e-06	-3.036844e-06	-9.037037e-10	-1.639802e+01	-1.136001e+02
1.330000e-06	-2.981381e-06	-8.950332e-10	-1.609853e+01	-1.126362e+02
1.340000e-06	-2.925836e-06	-8.869603e-10	-1.579861e+01	-1.116537e+02
1.350000e-06	-2.870194e-06	-8.795068e-10	-1.549816e+01	-1.106528e+02
1.360000e-06	-2.814430e-06	-8.723624e-10	-1.519705e+01	-1.096337e+02
1.370000e-06	-2.758550e-06	-8.646223e-10	-1.489532e+01	-1.085968e+02
1.380000e-06	-2.702511e-06	-8.566727e-10	-1.459272e+01	-1.075424e+02
1.390000e-06	-2.646192e-06	-8.485983e-10	-1.428862e+01	-1.064711e+02
1.400000e-06	-2.589621e-06	-8.407901e-10	-1.398315e+01	-1.053833e+02
1.410000e-06	-2.532896e-06	-8.316098e-10	-1.367685e+01	-1.042795e+02
1.420000e-06	-2.475968e-06	-8.210693e-10	-1.336946e+01	-1.031602e+02
1.430000e-06	-2.418707e-06	-8.118742e-10	-1.306027e+01	-1.020260e+02
1.440000e-06	-2.361060e-06	-8.040819e-10	-1.274899e+01	-1.008773e+02
1.450000e-06	-2.303070e-06	-7.953669e-10	-1.243587e+01	-9.971450e+01
1.460000e-06	-2.244785e-06	-7.851732e-10	-1.212114e+01	-9.853808e+01
1.470000e-06	-2.186289e-06	-7.744747e-10	-1.180528e+01	-9.734833e+01
1.480000e-06	-2.127642e-06	-7.641417e-10	-1.148861e+01	-9.614550e+01
1.490000e-06	-2.068767e-06	-7.545608e-10	-1.117070e+01	-9.492973e+01
1.500000e-06	-2.009663e-06	-7.439449e-10	-1.085156e+01	-9.370103e+01
1.510000e-06	-1.950351e-06	-7.317943e-10	-1.053129e+01	-9.245933e+01
1.520000e-06	-1.890872e-06	-7.197953e-10	-1.021012e+01	-9.120440e+01
1.530000e-06	-1.831411e-06	-7.105496e-10	-9.889051e+00	-8.993588e+01
1.540000e-06	-1.771905e-06	-7.027000e-10	-9.567738e+00	-8.865327e+01
1.550000e-06	-1.712300e-06	-6.923742e-10	-9.245890e+00	-8.735592e+01
1.560000e-06	-1.652624e-06	-6.800746e-10	-8.923658e+00	-8.604304e+01
1.570000e-06	-1.592834e-06	-6.679215e-10	-8.600811e+00	-8.471368e+01
1.580000e-06	-1.532926e-06	-6.574699e-10	-8.277323e+00	-8.336679e+01
1.590000e-06	-1.472946e-06	-6.473629e-10	-7.953450e+00	-8.200113e+01
1.600000e-06	-1.412963e-06	-6.358582e-10	-7.629563e+00	-8.061540e+01
1.610000e-06	-1.352938e-06	-6.238339e-10	-7.305447e+00	-7.920813e+01
1.620000e-06	-1.292841e-06	-6.117397e-10	-6.980939e+00	-7.777780e+01
1.630000e-06	-1.232693e-06	-5.997772e-10	-6.656159e+00	-7.632280e+01
1.640000e-06	-1.172461e-06	-5.872955e-10	-6.330926e+00	-7.484143e+01
1.650000e-06	-1.112146e-06	-5.733929e-10	-6.005244e+00	-7.333200e+01
1.660000e-06	-1.051757e-06	-5.596818e-10	-5.679159e+00	-7.179275e+01
1.670000e-06	-9.913437e-07	-5.479220e-10	-5.352948e+00	-7.022196e+01
1.680000e-06	-9.309888e-07	-5.372098e-10	-5.027050e+00	-6.861792e+01
1.690000e-06	-8.705678e-07	-5.247072e-10	-4.700796e+00	-6.697897e+01
1.700000e-06	-8.099557e-07	-5.101236e-10	-4.373509e+00	-6.530353e+01
1.710000e-06	-7.492427e-07	-4.957219e-10	-4.045678e+00	-6.359010e+01
1.720000e-06	-6.885504e-07	-4.824552e-10	-3.717958e+00	-6.183733e+01
1.730000e-06	-6.277858e-07	-4.698621e-10	-3.389848e+00	-6.004399e+01
1.740000e-06	-5.669242e-07	-4.562773e-10	-3.061215e+00	-5.820900e+01
1.750000e-06	-5.059968e-07	-4.413613e-10	-2.732225e+00	-5.633150e+01
1.760000e-06	-4.450437e-07	-4.262781e-10	-2.403098e+00	-5.441081e+01
1.770000e-06	-3.840221e-07	-4.113273e-10	-2.073600e+00	-5.244644e+01
1.780000e-06	-3.229638e-07	-3.956608e-10	-1.743904e+00	-5.043818e+01
1.790000e-06	-2.619280e-07	-3.785945e-10	-1.414330e+00	-4.838601e+01
1.800000e-06	-2.008618e-07	-3.605045e-10	-1.084592e+00	-4.629017e+01
1.810000e-06	-1.398138e-07	-3.428521e-10	-7.549509e-01	-4.415117e+01
1.820000e-06	-7.880243e-08	-3.264403e-10	-4.255086e-01	-4.196975e+01
1.830000e-06	-1.781023e-08	-3.096771e-10	-9.616973e-02	-3.974690e+01
1.840000e-06	4.318330e-08	-2.917261e-10	2.331764e-01	-3.748388e+01
1.850000e-06	1.042144e-07	-2.732588e-10	5.627256e-01	-3.518218e+01
1.860000e-06	1.651744e-07	-2.548040e-10	8.918903e-01	-3.284352e+01
1.870000e-06	2.260808e-07	-2.364491e-10	1.220766e+00	-3.046983e+01
1.880000e-06	2.871258e-07	-2.172709e-10	1.550390e+00	-2.806328e+01
1.890000e-06	3.482266e-07	-1.968260e-10	1.880315e+00	-2.562621e+01
1.900000e-06	4.092659e-07	-1.764303e-10	2.209909e+00	-2.316113e+01
1.910000e-06	4.702770e-07	-1.563822e-10	2.539350e+00	-2.067070e+01
1.920000e-06	5.312750e-07	-1.365592e-10	2.868720e+00	-1.815773e+01
1.930000e-06	5.922113e-07	-1.178637e-10	3.197757e+00	-1.562512e+01
1.940000e-06	6.530799e-07	-9.830965e-11	3.526428e+00	-1.307587e+01
1.950000e-06	7.138804e-07	-7.701694e-11	3.854733e+00	-1.051303e+01
1.960000e-06	7.745728e-07	-5.515544e-11	4.182453e+00	-7.939691e+00
1.970000e-06	8.351328e-07	-3.323117e-11	4.509458e+00	-5.358956e+00
1.980000e-06	8.956133e-07	-1.156448e-11	4.836034e+00	-2.773917e+00
1.990000e-06	9.560542e-07	1.000224e-11	5.162396e+00	-1.876356e-01
2.000000e-06	1.016432e-06	3.038702e-11	5.488416e+00	2.396886e+00
2.010000e-06	1.076777e-06	4.984279e-11	5.814263e+00	4.976721e+00
2.020000e-06	1.137085e-06	6.910873e-11	6.139908e+00	7.549040e+00
2.030000e-06	1.197303e-06	8.828911e-11	6.465065e+00	1.011113e+01
2.040000e-06	1.257385e-06	1.082128e-10	6.789486e+00	1.266039e+01
2.050000e-06	1.317371e-06	1.290451e-10	7.113395e+00	1.519440e+01
2.060000e-06	1.377350e-06	1.499315e-10	7.437260e+00	1.771086e+01
2.070000e-06	1.437291e-06	1.699761e-10	7.760923e+00	2.020766e+01
2.080000e-06	1.497092e-06	1.893852e-10	8.083831e+00	2.268284e+01
2.090000e-06	1.556788e-06	2.080507e-10	8.406174e+00	2.513464e+01
2.100000e-06	1.616416e-06	2.261992e-10	8.728145e+00	2.756147e+01
2.110000e-06	1.675966e-06	2.451569e-10	9.049694e+00	2.996193e+01
2.120000e-06	1.735475e-06	2.643591e-10	9.371024e+00	3.233480e+01
2.130000e-06	1.794925e-06	2.830606e-10	9.692040e+00	3.467904e+01
2.140000e-06	1.854346e-06	3.011873e-10	1.001289e+01	3.699378e+01
2.150000e-06	1.913654e-06	3.187216e-10	1.033314e+01	3.927831e+01
2.160000e-06	1.972765e-06	3.364973e-10	1.065232e+01	4.153209e+01
2.170000e-06	2.031831e-06	3.539482e-10	1.097125e+01	4.375473e+01
2.180000e-06	2.090865e-06	3.698500e-10	1.129002e+01	4.594599e+01
2.190000e-06	2.149745e-06	3.850695e-10	1.160795e+01	4.810572e+01
2.200000e-06	2.208296e-06	4.015258e-10	1.192411e+01	5.023393e+01
2.210000e-06	2.266494e-06	4.186771e-10	1.223836e+01	5.233071e+01
2.220000e-06	2.324457e-06	4.353281e-10	1.255134e+01	5.439624e+01
2.230000e-06	2.382003e-06	4.510424e-10	1.286207e+01	5.643078e+01
2.240000e-06	2.439141e-06	4.661932e-10	1.317061e+01	5.843467e+01
2.250000e-06	2.496060e-06	4.819003e-10	1.347795e+01	6.040827e+01
2.260000e-06	2.552763e-06	4.975046e-10	1.378413e+01	6.235201e+01
2.270000e-06	2.609267e-06	5.124467e-10	1.408923e+01	6.426634e+01
2.280000e-06	2.665574e-06	5.268439e-10	1.439327e+01	6.615172e+01
2.290000e-06	2.721677e-06	5.403133e-10	1.469621e+01	6.800862e+01
2.300000e-06	2.777573e-06	5.535348e-10	1.499803e+01	6.983753e+01
2.310000e-06	2.833273e-06	5.676036e-10	1.529879e+01	7.163890e+01
2.320000e-06	2.888804e-06	5.821254e-10	1.559864e+01	7.341320e+01
2.330000e-06	2.944192e-06	5.968556e-10	1.589772e+01	7.516084e+01
2.340000e-06	2.999482e-06	6.113486e-10	1.619627e+01	7.688226e+01
2.350000e-06	3.054624e-06	6.253060e-10	1.649402e+01	7.857782e+01
2.360000e-06	3.109582e-06	6.382562e-10	1.679078e+01	8.024788e+01
2.370000e-06	3.164349e-06	6.499375e-10	1.708650e+01	8.189277e+01
2.380000e-06	3.218933e-06	6.610924e-10	1.738124e+01	8.351278e+01
2.390000e-06	3.273270e-06	6.725775e-10	1.767464e+01	8.510818e+01
2.400000e-06	3.327315e-06	6.856227e-10	1.796647e+01	8.667922e+01
2.410000e-06	3.381165e-06	6.992947e-10	1.825724e+01	8.822610e+01
2.420000e-06	3.434902e-06	7.123474e-10	1.854740e+01	8.974904e+01
2.430000e-06	3.488428e-06	7.249045e-10	1.883643e+01	9.124820e+01
2.440000e-06	3.541724e-06	7.367792e-10	1.912421e+01	9.272374e+01
2.450000e-06	3.594735e-06	7.481707e-10	1.941045e+01	9.417584e+01
2.460000e-06	3.647375e-06	7.594452e-10	1.969469e+01	9.560463e+01
2.470000e-06	3.699747e-06	7.705846e-10	1.997748e+01	9.701026e+01
2.480000e-06	3.751836e-06	7.811966e-10	2.025875e+01	9.839289e+01
2.490000e-06	3.803690e-06	7.918964e-10	2.053874e+01	9.975267e+01
2.500000e-06	3.855187e-06	8.033094e-10	2.081681e+01	1.010898e+02
2.510000e-06	3.906311e-06	8.146167e-10	2.109287e+01	1.024043e+02
2.520000e-06	3.957207e-06	8.251797e-10	2.136769e+01	1.036966e+02
2.530000e-06	4.007809e-06	8.351204e-10	2.164092e+01	1.049668e+02
2.540000e-06	4.057845e-06	8.446016e-10	2.191110e+01	1.062150e+02
2.550000e-06	4.107283e-06	8.537604e-10	2.217805e+01	1.074416e+02
2.560000e-06	4.156286e-06	8.627107e-10	2.244266e+01	1.086468e+02
2.570000e-06	4.204877e-06	8.719691e-10	2.270503e+01	1.098309e+02
2.580000e-06	4.253161e-06	8.815446e-10	2.296575e+01	1.109942e+02
2.590000e-06	4.301103e-06	8.908070e-10	2.322462e+01	1.121369e+02
2.600000e-06	4.348750e-06	9.010927e-10	2.348190e+01	1.132594e+02
2.610000e-06	4.396189e-06	9.118489e-10	2.373806e+01	1.143620e+02
2.620000e-06	4.443442e-06	9.206044e-10	2.399321e+01	1.154451e+02
2.630000e-06	4.490436e-06	9.273724e-10	2.424696e+01	1.165089e+02
2.640000e-06	4.537091e-06	9.349183e-10	2.449888e+01	1.175538e+02
2.650000e-06	4.583311e-06	9.440928e-10	2.474845e+01	1.185801e+02
2.660000e-06	4.629175e-06	9.525459e-10	2.499611e+01	1.195882e+02
2.670000e-06	4.674820e-06	9.598574e-10	2.524257e+01	1.205782e+02
2.680000e-06	4.720133e-06	9.671589e-10	2.548725e+01	1.215507e+02
2.690000e-06	4.765184e-06	9.749317e-10	2.573051e+01	1.225057e+02
2.700000e-06	4.809952e-06	9.824884e-10	2.597225e+01	1.234435e+02
2.710000e-06	4.854383e-06	9.894914e-10	2.621216e+01	1.243645e+02
2.720000e-06	4.898491e-06	9.969826e-10	2.645033e+01	1.252687e+02
2.730000e-06	4.942294e-06	1.004946e-09	2.668686e+01	1.261564e+02
2.740000e-06	4.985858e-06	1.012836e-09	2.692208e+01	1.270278e+02
2.750000e-06	5.029258e-06	1.020437e-09	2.715643e+01	1.278829e+02
2.760000e-06	5.072466e-06	1.027470e-09	2.738974e+01	1.287219e+02
2.770000e-06	5.115243e-06	1.033919e-09	2.762072e+01	1.295449e+02
2.780000e-06	5.157411e-06	1.040841e-09	2.784842e+01	1.303519e+02
2.790000e-06	5.198862e-06	1.048778e-09	2.807224e+01	1.311430e+02
2.800000e-06	5.239561e-06	1.056862e-09	2.829200e+01	1.319183e+02
2.810000e-06	5.279722e-06	1.064020e-09	2.850886e+01	1.326777e+02
2.820000e-06	5.319537e-06	1.069932e-09	2.872385e+01	1.334213e+02
2.830000e-06	5.359095e-06	1.075800e-09	2.893745e+01	1.341491e+02
2.840000e-06	5.398500e-06	1.081909e-09	2.915023e+01	1.348612e+02
2.850000e-06	5.437617e-06	1.087400e-09	2.936144e+01	1.355575e+02
2.860000e-06	5.476413e-06	1.092397e-09	2.957093e+01	1.362381e+02
2.870000e-06	5.514796e-06	1.097631e-09	2.977819e+01	1.369032e+02
2.880000e-06	5.552694e-06	1.103499e-09	2.998282e+01	1.375526e+02
2.890000e-06	5.590186e-06	1.109999e-09	3.018527e+01	1.381867e+02
2.900000e-06	5.627341e-06	1.116150e-09	3.038590e+01	1.388054e+02
2.910000e-06	5.664213e-06	1.120929e-09	3.058499e+01	1.394091e+02
2.920000e-06	5.700680e-06	1.125203e-09	3.078190e+01	1.399978e+02
2.930000e-06	5.736754e-06	1.130812e-09	3.097669e+01	1.405718e+02
2.940000e-06	5.772459e-06	1.137831e-09	3.116949e+01	1.411315e+02
2.950000e-06	5.807877e-06	1.143802e-09	3.136073e+01	1.416771e+02
2.960000e-06	5.843104e-06	1.147921e-09	3.155095e+01	1.422090e+02
2.970000e-06	5.877977e-06	1.152328e-09	3.173925e+01	1.427275e+02
2.980000e-06	5.912320e-06	1.157790e-09	3.192469e+01	1.432333e+02
2.990000e-06	5.945971e-06	1.162647e-09	3.210640e+01	1.437266e+02
3.000000e-06	5.978868e-06	1.166983e-09	3.228403e+01	1.442081e+02
3.010000e-06	6.011134e-06	1.171531e-09	3.245826e+01	1.446782e+02
3.020000e-06	6.042938e-06	1.176281e-09	3.262999e+01	1.451375e+02
3.030000e-06	6.074509e-06	1.182070e-09	3.280046e+01	1.455865e+02
3.040000e-06	6.105852e-06	1.187865e-09	3.296971e+01	1.460260e+02
3.050000e-06	6.136793e-06	1.192132e-09	3.313678e+01	1.464564e+02
3.060000e-06	6.167236e-06	1.196166e-09	3.330116e+01	1.468783e+02
3.070000e-06	6.197237e-06	1.200878e-09	3.346315e+01	1.472924e+02
3.080000e-06	6.226816e-06	1.204690e-09	3.362287e+01	1.476993e+02
3.090000e-06	6.255867e-06	1.208331e-09	3.377974e+01	1.480994e+02
3.100000e-06	6.284436e-06	1.213157e-09	3.393400e+01	1.484933e+02
3.110000e-06	6.312740e-06	1.218272e-09	3.408683e+01	1.488815e+02
3.120000e-06	6.340768e-06	1.222755e-09	3.423818e+01	1.492645e+02
3.130000e-06	6.368471e-06	1.227167e-09	3.438777e+01	1.496428e+02
3.140000e-06	6.395871e-06	1.231196e-09	3.453572e+01	1.500166e+02
3.150000e-06	6.422895e-06	1.234074e-09	3.468164e+01	1.503864e+02
3.160000e-06	6.449343e-06	1.236903e-09	3.482445e+01	1.507525e+02
3.170000e-06	6.475044e-06	1.240979e-09	3.496323e+01	1.511150e+02
3.180000e-06	6.499908e-06	1.245871e-09	3.509748e+01	1.514742e+02
3.190000e-06	6.524047e-06	1.249809e-09	3.522783e+01	1.518301e+02
3.200000e-06	6.547818e-06	1.252212e-09	3.535618e+01	1.521829e+02
3.210000e-06	6.571288e-06	1.254548e-09	3.548291e+01	1.525326e+02
3.220000e-06	6.594361e-06	1.257492e-09	3.560750e+01	1.528790e+02
3.230000e-06	6.616922e-06	1.260721e-09	3.572932e+01	1.532223e+02
3.240000e-06	6.638963e-06	1.264933e-09	3.584834e+01	1.535621e+02
3.250000e-06	6.660596e-06	1.269198e-09	3.596515e+01	1.538983e+02
3.260000e-06	6.681850e-06	1.271991e-09	3.607992e+01	1.542308e+02
3.270000e-06	6.702537e-06	1.275484e-09	3.619162e+01	1.545592e+02
3.280000e-06	6.722645e-06	1.280451e-09	3.630020e+01	1.548834e+02
3.290000e-06	6.742448e-06	1.284146e-09	3.640713e+01	1.552029e+02
3.300000e-06	6.762006e-06	1.287273e-09	3.651273e+01	1.555175e+02
3.310000e-06	6.781259e-06	1.291207e-09	3.661669e+01	1.558268e+02
3.320000e-06	6.800086e-06	1.294752e-09	3.671835e+01	1.561306e+02
3.330000e-06	6.818441e-06	1.297843e-09	3.681746e+01	1.564284e+02
3.340000e-06	6.836221e-06	1.299527e-09	3.691347e+01	1.567199e+02
3.350000e-06	6.853360e-06	1.300419e-09	3.700601e+01	1.570048e+02
3.360000e-06	6.870087e-06	1.303356e-09	3.709633e+01	1.572828e+02
3.370000e-06	6.886429e-06	1.307137e-09	3.718458e+01	1.575535e+02
3.380000e-06	6.902370e-06	1.310735e-09	3.727066e+01	1.578167e+02
3.390000e-06	6.917714e-06	1.313621e-09	3.735350e+01	1.580721e+02
3.400000e-06	6.932257e-06	1.315899e-09	3.743204e+01	1.583195e+02
3.410000e-06	6.946157e-06	1.319623e-09	3.750709e+01	1.585586e+02
3.420000e-06	6.959562e-06	1.323475e-09	3.757947e+01	1.587892e+02
3.430000e-06	6.972465e-06	1.326152e-09	3.764915e+01	1.590112e+02
3.440000e-06	6.984875e-06	1.328655e-09	3.771616e+01	1.592244e+02
3.450000e-06	6.996847e-06	1.331752e-09	3.778080e+01	1.594286e+02
3.460000e-06	7.008392e-06	1.336334e-09	3.784314e+01	1.596238e+02
3.470000e-06	7.019485e-06	1.341020e-09	3.790304e+01	1.598099e+02
3.480000e-06	7.029804e-06	1.342685e-09	3.795876e+01	1.599869e+02
3.490000e-06	7.039260e-06	1.342555e-09	3.800982e+01	1.601545e+02
3.500000e-06	7.047897e-06	1.343027e-09	3.805645e+01	1.603130e+02
3.510000e-06	7.055880e-06	1.345120e-09	3.809956e+01	1.604621e+02
3.520000e-06	7.063563e-06	1.348380e-09	3.814105e+01	1.606019e+02
3.530000e-06	7.071008e-06	1.350134e-09	3.818125e+01	1.607323e+02
3.540000e-06	7.078036e-06	1.350708e-09	3.821920e+01	1.608535e+02
3.550000e-06	7.084435e-06	1.352891e-09	3.825375e+01	1.609654e+02
3.560000e-06	7.090227e-06	1.356522e-09	3.828503e+01	1.610680e+02
3.570000e-06	7.095646e-06	1.359067e-09	3.831429e+01	1.611613e+02
3.580000e-06	7.100663e-06	1.359653e-09	3.834138e+01	1.612454e+02
3.590000e-06	7.105040e-06	1.359700e-09	3.836501e+01	1.613202e+02
3.600000e-06	7.108952e-06	1.360535e-09	3.838613e+01	1.613859e+02
3.610000e-06	7.112611e-06	1.363138e-09	3.840589e+01	1.614424e+02
3.620000e-06	7.115878e-06	1.366030e-09	3.842353e+01	1.614898e+02
3.630000e-06	7.118618e-06	1.366734e-09	3.843833e+01	1.615282e+02
3.640000e-06	7.120695e-06	1.367185e-09	3.844954e+01	1.615575e+02
3.650000e-06	7.122028e-06	1.368715e-09	3.845674e+01	1.615780e+02
3.660000e-06	7.122632e-06	1.370190e-09	3.846000e+01	1.615896e+02
3.670000e-06	7.122623e-06	1.370990e-09	3.845995e+01	1.615925e+02
3.680000e-06	7.122260e-06	1.371111e-09	3.845799e+01	1.615867e+02
3.690000e-06	7.121596e-06	1.370553e-09	3.845441e+01	1.615726e+02
3.700000e-06	7.120484e-06	1.370648e-09	3.844840e+01	1.615501e+02
3.710000e-06	7.118912e-06	1.372093e-09	3.843992e+01	1.615196e+02
3.720000e-06	7.116969e-06	1.373365e-09	3.842942e+01	1.614812e+02
3.730000e-06	7.114525e-06	1.374723e-09	3.841623e+01	1.614352e+02
3.740000e-06	7.111518e-06	1.375425e-09	3.839999e+01	1.613818e+02
3.750000e-06	7.108063e-06	1.369344e-09	3.838133e+01	1.613215e+02
3.760000e-06	7.104138e-06	1.365121e-09	3.836014e+01	1.612544e+02
3.770000e-06	7.099501e-06	1.398527e-09	3.833510e+01	1.611810e+02
3.780000e-06	7.093904e-06	1.434563e-09	3.830488e+01	1.611016e+02
3.790000e-06	7.087759e-06	1.369289e-09	3.827170e+01	1.610166e+02
3.800000e-06	7.081507e-06	1.287977e-09	3.823794e+01	1.609266e+02
3.810000e-06	7.074915e-06	1.363583e-09	3.820234e+01	1.608318e+02
3.820000e-06	7.067722e-06	1.464105e-09	3.816351e+01	1.607327e+02
3.830000e-06	7.059829e-06	1.384041e-09	3.812088e+01	1.606298e+02
3.840000e-06	7.051486e-06	1.273012e-09	3.807583e+01	1.605236e+02
3.850000e-06	7.042797e-06	1.376767e-09	3.802892e+01	1.604144e+02
3.860000e-06	7.033546e-06	1.512299e-09	3.797897e+01	1.603027e+02
3.870000e-06	7.023690e-06	1.379301e-09	3.792574e+01	1.601889e+02
3.880000e-06	7.013413e-06	1.216325e-09	3.787025e+01	1.600734e+02
3.890000e-06	7.002820e-06	1.362635e-09	3.781306e+01	1.599565e+02
3.900000e-06	6.991724e-06	1.529827e-09	3.775314e+01	1.598386e+02
3.910000e-06	6.980013e-06	1.377073e-09	3.768990e+01	1.597199e+02
3.920000e-06	6.967724e-06	1.241390e-09	3.762355e+01	1.596006e+02
3.930000e-06	6.954805e-06	1.411809e-09	3.755379e+01	1.594810e+02
3.940000e-06	6.941109e-06	1.494865e-09	3.747983e+01	1.593612e+02
3.950000e-06	6.926763e-06	1.298572e-09	3.740237e+01	1.592412e+02
3.960000e-06	6.911792e-06	1.269670e-09	3.732153e+01	1.591211e+02
3.970000e-06	6.896127e-06	1.470635e-09	3.723694e+01	1.590008e+02
3.980000e-06	6.879957e-06	1.443631e-09	3.714963e+01	1.588802e+02
3.990000e-06	6.863442e-06	1.271536e-09	3.706045e+01	1.587592e+02
4.000000e-06	6.846508e-06	1.363665e-09	3.696902e+01	1.586376e+02
4.010000e-06	6.829093e-06	1.478367e-09	3.687498e+01	1.585151e+02
4.020000e-06	6.811256e-06	1.322352e-09	3.677867e+01	1.583914e+02
4.030000e-06	6.793008e-06	1.274166e-09	3.668013e+01	1.582661e+02
4.040000e-06	6.774319e-06	1.460570e-09	3.657922e+01	1.581389e+02
4.050000e-06	6.755075e-06	1.440999e-09	3.647531e+01	1.580093e+02
4.060000e-06	6.735295e-06	1.274692e-09	3.636850e+01	1.578769e+02
4.070000e-06	6.715197e-06	1.360996e-09	3.625998e+01	1.577412e+02
4.080000e-06	6.694866e-06	1.468348e-09	3.615020e+01	1.576018e+02
4.090000e-06	6.674185e-06	1.334210e-09	3.603853e+01	1.574581e+02
4.100000e-06	6.652923e-06	1.301086e-09	3.592372e+01	1.573097e+02
4.110000e-06	6.630907e-06	1.439901e-09	3.580484e+01	1.571561e+02
4.120000e-06	6.608000e-06	1.402072e-09	3.568115e+01	1.569969e+02
4.130000e-06	6.584387e-06	1.303862e-09	3.555365e+01	1.568316e+02
4.140000e-06	6.560312e-06	1.387939e-09	3.542365e+01	1.566598e+02
4.150000e-06	6.535868e-06	1.416707e-09	3.529166e+01	1.564812e+02
4.160000e-06	6.511205e-06	1.318623e-09	3.515849e+01	1.562954e+02
4.170000e-06	6.486215e-06	1.348681e-09	3.502355e+01	1.561021e+02
4.180000e-06	6.460746e-06	1.418611e-09	3.488602e+01	1.559011e+02
4.190000e-06	6.434768e-06	1.355725e-09	3.474575e+01	1.556921e+02
4.200000e-06	6.408255e-06	1.331355e-09	3.460259e+01	1.554751e+02
4.210000e-06	6.381170e-06	1.387338e-09	3.445633e+01	1.552500e+02
4.220000e-06	6.353575e-06	1.365931e-09	3.430733e+01	1.550165e+02
4.230000e-06	6.325658e-06	1.332789e-09	3.415659e+01	1.547748e+02
4.240000e-06	6.297487e-06	1.369047e-09	3.400447e+01	1.545249e+02
4.250000e-06	6.269031e-06	1.373859e-09	3.385082e+01	1.542668e+02
4.260000e-06	6.240319e-06	1.346518e-09	3.369578e+01	1.540006e+02
4.270000e-06	6.211014e-06	1.356240e-09	3.353755e+01	1.537264e+02
4.280000e-06	6.181008e-06	1.362715e-09	3.337552e+01	1.534444e+02
4.290000e-06	6.150366e-06	1.346694e-09	3.321007e+01	1.531547e+02
4.300000e-06	6.118966e-06	1.342941e-09	3.304052e+01	1.528575e+02
4.310000e-06	6.087059e-06	1.345491e-09	3.286823e+01	1.525529e+02
4.320000e-06	6.054826e-06	1.346339e-09	3.269418e+01	1.522412e+02
4.330000e-06	6.022279e-06	1.343950e-09	3.251844e+01	1.519224e+02
4.340000e-06	5.989304e-06	1.333259e-09	3.234038e+01	1.515968e+02
4.350000e-06	5.955658e-06	1.332961e-09	3.215870e+01	1.512645e+02
4.360000e-06	5.921541e-06	1.337837e-09	3.197448e+01	1.509256e+02
4.370000e-06	5.887188e-06	1.328233e-09	3.178899e+01	1.505801e+02
4.380000e-06	5.852579e-06	1.327887e-09	3.160211e+01	1.502283e+02
4.390000e-06	5.817633e-06	1.336302e-09	3.141341e+01	1.498700e+02
4.400000e-06	5.782252e-06	1.324365e-09	3.122236e+01	1.495054e+02
4.410000e-06	5.746521e-06	1.315953e-09	3.102943e+01	1.491344e+02
4.420000e-06	5.710436e-06	1.325519e-09	3.083458e+01	1.487570e+02
4.430000e-06	5.674086e-06	1.321027e-09	3.063830e+01	1.483731e+02
4.440000e-06	5.637434e-06	1.310066e-09	3.044039e+01	1.479826e+02
4.450000e-06	5.600326e-06	1.314894e-09	3.024002e+01	1.475855e+02
4.460000e-06	5.562595e-06	1.316998e-09	3.003629e+01	1.471816e+02
4.470000e-06	5.524229e-06	1.308709e-09	2.982912e+01	1.467708e+02
4.480000e-06	5.485271e-06	1.303373e-09	2.961876e+01	1.463530e+02
4.490000e-06	5.445675e-06	1.299977e-09	2.940495e+01	1.459279e+02
4.500000e-06	5.405628e-06	1.295546e-09	2.918871e+01	1.454956e+02
4.510000e-06	5.365303e-06	1.293711e-09	2.897097e+01	1.450557e+02
4.520000e-06	5.324772e-06	1.293124e-09	2.875211e+01	1.446083e+02
4.530000e-06	5.284009e-06	1.290992e-09	2.853201e+01	1.441533e+02
4.540000e-06	5.242981e-06	1.285901e-09	2.831047e+01	1.436904e+02
4.550000e-06	5.201587e-06	1.281068e-09	2.808695e+01	1.432197e+02
4.560000e-06	5.159740e-06	1.280341e-09	2.786099e+01	1.427412e+02
4.570000e-06	5.117542e-06	1.278109e-09	2.763314e+01	1.422547e+02
4.580000e-06	5.075046e-06	1.271395e-09	2.740368e+01	1.417604e+02
4.590000e-06	5.032140e-06	1.266227e-09	2.717199e+01	1.412582e+02
4.600000e-06	4.988748e-06	1.264721e-09	2.693769e+01	1.407482e+02
4.610000e-06	4.945092e-06	1.262677e-09	2.670196e+01	1.402305e+02
4.620000e-06	4.901210e-06	1.257641e-09	2.646501e+01	1.397051e+02
4.630000e-06	4.857014e-06	1.252840e-09	2.622637e+01	1.391723e+02
4.640000e-06	4.812668e-06	1.250765e-09	2.598691e+01	1.386320e+02
4.650000e-06	4.768113e-06	1.248402e-09	2.574633e+01	1.380845e+02
4.660000e-06	4.723216e-06	1.243159e-09	2.550390e+01	1.375298e+02
4.670000e-06	4.677951e-06	1.236465e-09	2.525948e+01	1.369682e+02
4.680000e-06	4.632317e-06	1.229605e-09	2.501307e+01	1.363996e+02
4.690000e-06	4.586411e-06	1.224177e-09	2.476520e+01	1.358241e+02
4.700000e-06	4.540064e-06	1.221644e-09	2.451494e+01	1.352419e+02
4.710000e-06	4.493273e-06	1.219043e-09	2.426228e+01	1.346530e+02
4.720000e-06	4.446229e-06	1.214347e-09	2.400826e+01	1.340573e+02
4.730000e-06	4.398872e-06	1.208560e-09	2.375254e+01	1.334547e+02
4.740000e-06	4.351317e-06	1.202286e-09	2.349576e+01	1.328452e+02
4.750000e-06	4.303561e-06	1.197861e-09	2.323789e+01	1.322286e+02
4.760000e-06	4.255378e-06	1.194275e-09	2.297772e+01	1.316047e+02
4.770000e-06	4.206702e-06	1.188007e-09	2.271488e+01	1.309731e+02
4.780000e-06	4.157592e-06	1.181942e-09	2.244971e+01	1.303336e+02
4.790000e-06	4.108123e-06	1.178557e-09	2.218259e+01	1.296858e+02
4.800000e-06	4.058378e-06	1.174836e-09	2.191398e+01	1.290292e+02
4.810000e-06	4.008314e-06	1.169261e-09	2.164365e+01	1.283632e+02
4.820000e-06	3.958068e-06	1.162982e-09	2.137234e+01	1.276874e+02
4.830000e-06	3.907584e-06	1.157185e-09	2.109974e+01	1.270010e+02
4.840000e-06	3.856652e-06	1.152424e-09	2.082472e+01	1.263036e+02
4.850000e-06	3.805369e-06	1.147124e-09	2.054781e+01	1.255944e+02
4.860000e-06	3.753819e-06	1.140246e-09	2.026946e+01	1.248728e+02
4.870000e-06	3.702019e-06	1.133245e-09	1.998975e+01	1.241379e+02
4.880000e-06	3.649969e-06	1.126460e-09	1.970870e+01	1.233893e+02
4.890000e-06	3.597588e-06	1.120203e-09	1.942586e+01	1.226260e+02
4.900000e-06	3.544910e-06	1.114357e-09	1.914141e+01	1.218476e+02
4.910000e-06	3.492033e-06	1.108473e-09	1.885590e+01	1.210533e+02
4.920000e-06	3.438803e-06	1.101603e-09	1.856847e+01	1.202425e+02
4.930000e-06	3.385221e-06	1.093335e-09	1.827914e+01	1.194148e+02
4.940000e-06	3.331368e-06	1.085770e-09	1.798835e+01	1.185696e+02
4.950000e-06	3.277206e-06	1.078959e-09	1.769590e+01	1.177064e+02
4.960000e-06	3.222674e-06	1.070643e-09	1.740144e+01	1.168251e+02
4.970000e-06	3.167687e-06	1.060993e-09	1.710453e+01	1.159253e+02
4.980000e-06	3.112381e-06	1.052222e-09	1.680589e+01	1.150067e+02
4.990000e-06	3.056767e-06	1.043939e-09	1.650559e+01	1.140694e+02
5.000000e-06	3.000830e-06	1.035000e-09	1.620355e+01	1.131134e+02
5.010000e-06	2.944707e-06	1.025835e-09	1.590050e+01	1.121386e+02
5.020000e-06	2.888404e-06	1.016620e-09	1.559649e+01	1.111454e+02
5.030000e-06	2.831986e-06	1.007301e-09	1.529185e+01	1.101338e+02
5.040000e-06	2.775559e-06	9.981257e-10	1.498716e+01	1.091043e+02
5.050000e-06	2.719064e-06	9.887469e-10	1.468210e+01	1.080571e+02
5.060000e-06	2.662348e-06	9.797487e-10	1.437585e+01	1.069928e+02
5.070000e-06	2.605445e-06	9.704930e-10	1.406859e+01	1.059118e+02
5.080000e-06	2.548480e-06	9.605356e-10	1.376100e+01	1.048146e+02
5.090000e-06	2.491393e-06	9.512487e-10	1.345275e+01	1.037017e+02
5.100000e-06	2.434074e-06	9.419539e-10	1.314324e+01	1.025737e+02
5.110000e-06	2.376534e-06	9.321237e-10	1.283254e+01	1.014309e+02
5.120000e-06	2.318696e-06	9.219732e-10	1.252024e+01	1.002740e+02
5.130000e-06	2.260681e-06	9.110616e-10	1.220698e+01	9.910318e+01
5.140000e-06	2.202590e-06	9.004899e-10	1.189330e+01	9.791896e+01
5.150000e-06	2.144382e-06	8.902471e-10	1.157900e+01	9.672155e+01
5.160000e-06	2.086086e-06	8.788591e-10	1.126422e+01	9.551116e+01
5.170000e-06	2.027560e-06	8.667240e-10	1.094819e+01	9.428785e+01
5.180000e-06	1.968755e-06	8.557130e-10	1.063066e+01	9.305159e+01
5.190000e-06	1.909816e-06	8.458324e-10	1.031241e+01	9.180220e+01
5.200000e-06	1.850800e-06	8.355587e-10	9.993745e+00	9.053940e+01
5.210000e-06	1.791612e-06	8.241379e-10	9.674147e+00	8.926273e+01
5.220000e-06	1.732237e-06	8.119399e-10	9.353542e+00	8.797161e+01
5.230000e-06	1.672779e-06	8.009070e-10	9.032489e+00	8.666530e+01
5.240000e-06	1.613201e-06	7.902060e-10	8.710787e+00	8.534293e+01
5.250000e-06	1.553486e-06	7.774754e-10	8.388343e+00	8.400349e+01
5.260000e-06	1.493740e-06	7.639899e-10	8.065734e+00	8.264580e+01
5.270000e-06	1.433896e-06	7.517757e-10	7.742594e+00	8.126860e+01
5.280000e-06	1.373920e-06	7.403098e-10	7.418742e+00	7.987049e+01
5.290000e-06	1.313903e-06	7.276292e-10	7.094669e+00	7.844996e+01
5.300000e-06	1.253811e-06	7.133983e-10	6.770191e+00	7.700544e+01
5.310000e-06	1.193633e-06	6.989109e-10	6.445248e+00	7.553526e+01
5.320000e-06	1.133424e-06	6.852234e-10	6.120139e+00	7.403773e+01
5.330000e-06	1.073194e-06	6.723378e-10	5.794913e+00	7.251112e+01
5.340000e-06	1.012898e-06	6.593415e-10	5.469334e+00	7.095368e+01
5.350000e-06	9.525102e-07	6.449637e-10	5.143259e+00	6.936370e+01
5.360000e-06	8.921459e-07	6.294198e-10	4.817311e+00	6.773949e+01
5.370000e-06	8.318133e-07	6.139648e-10	4.491534e+00	6.607944e+01
5.380000e-06	7.713809e-07	5.983587e-10	4.165217e+00	6.438201e+01
5.390000e-06	7.109379e-07	5.817939e-10	3.838844e+00	6.264579e+01
5.400000e-06	6.505138e-07	5.647672e-10	3.512572e+00	6.086949e+01
5.410000e-06	5.900429e-07	5.485489e-10	3.186048e+00	5.905197e+01
5.420000e-06	5.294436e-07	5.330237e-10	2.858831e+00	5.719228e+01
5.430000e-06	4.687800e-07	5.170736e-10	2.531267e+00	5.528965e+01
5.440000e-06	4.081911e-07	4.999489e-10	2.204105e+00	5.334353e+01
5.450000e-06	3.475666e-07	4.807076e-10	1.876752e+00	5.135357e+01
5.460000e-06	2.868852e-07	4.604134e-10	1.549091e+00	4.931967e+01
5.470000e-06	2.262235e-07	4.408463e-10	1.221537e+00	4.724199e+01
5.480000e-06	1.655033e-07	4.214061e-10	8.936664e-01	4.512089e+01
5.490000e-06	1.047315e-07	4.014124e-10	5.655173e-01	4.295704e+01
5.500000e-06	4.403391e-08	3.814144e-10	2.377694e-01	4.075132e+01
5.510000e-06	-1.658304e-08	3.610574e-10	-8.954326e-02	3.850487e+01
5.520000e-06	-7.719393e-08	3.398128e-10	-4.168233e-01	3.621909e+01
5.530000e-06	-1.378262e-07	3.183955e-10	-7.442189e-01	3.389560e+01
5.540000e-06	-1.984938e-07	2.966681e-10	-1.071805e+00	3.153626e+01
5.550000e-06	-2.592010e-07	2.750810e-10	-1.399605e+00	2.914313e+01
5.560000e-06	-3.198738e-07	2.536014e-10	-1.727219e+00	2.671848e+01
5.570000e-06	-3.804940e-07	2.312585e-10	-2.054550e+00	2.426475e+01
5.580000e-06	-4.410656e-07	2.080520e-10	-2.381617e+00	2.178454e+01
5.590000e-06	-5.015332e-07	1.841165e-10	-2.708123e+00	1.928062e+01
5.600000e-06	-5.619534e-07	1.608342e-10	-3.034374e+00	1.675583e+01
5.610000e-06	-6.223752e-07	1.382374e-10	-3.360633e+00	1.421315e+01
5.620000e-06	-6.828173e-07	1.152248e-10	-3.687001e+00	1.165560e+01
5.630000e-06	-7.432242e-07	9.163440e-11	-4.013180e+00	9.086253e+00
5.640000e-06	-8.035675e-07	6.753478e-11	-4.339015e+00	6.508221e+00
5.650000e-06	-8.639190e-07	4.307070e-11	-4.664894e+00	3.924601e+00
5.660000e-06	-9.242425e-07	1.807875e-11	-4.990622e+00	1.338468e+00
5.670000e-06	-9.845270e-07	-6.657199e-12	-5.316140e+00	-1.247148e+00
5.680000e-06	-1.044726e-06	-2.973598e-11	-5.641196e+00	-3.829287e+00
5.690000e-06	-1.104857e-06	-5.096018e-11	-5.965887e+00	-6.405075e+00
5.700000e-06	-1.164932e-06	-7.299912e-11	-6.290273e+00	-8.971747e+00
5.710000e-06	-1.224931e-06	-9.653272e-11	-6.614249e+00	-1.152666e+01
5.720000e-06	-1.284937e-06	-1.202436e-10	-6.938262e+00	-1.406731e+01
5.730000e-06	-1.344888e-06	-1.430428e-10	-7.261976e+00	-1.659135e+01
5.740000e-06	-1.404699e-06	-1.647173e-10	-7.584941e+00	-1.909659e+01
5.750000e-06	-1.464451e-06	-1.871334e-10	-7.907583e+00	-2.158100e+01
5.760000e-06	-1.524147e-06	-2.108543e-10	-8.229920e+00	-2.404275e+01
5.770000e-06	-1.583711e-06	-2.343979e-10	-8.551547e+00	-2.648017e+01
5.780000e-06	-1.643124e-06	-2.566927e-10	-8.872361e+00	-2.889178e+01
5.790000e-06	-1.702389e-06	-2.782640e-10	-9.192371e+00	-3.127628e+01
5.800000e-06	-1.761510e-06	-3.008063e-10	-9.511605e+00	-3.363257e+01
5.810000e-06	-1.820519e-06	-3.236703e-10	-9.830240e+00	-3.595969e+01
5.820000e-06	-1.879401e-06	-3.450822e-10	-1.014818e+01	-3.825688e+01
5.830000e-06	-1.938152e-06	-3.660698e-10	-1.046542e+01	-4.052353e+01
5.840000e-06	-1.996793e-06	-3.875791e-10	-1.078206e+01	-4.275919e+01
5.850000e-06	-2.055364e-06	-4.094529e-10	-1.109833e+01	-4.496354e+01
5.860000e-06	-2.113764e-06	-4.305811e-10	-1.141367e+01	-4.713642e+01
5.870000e-06	-2.171896e-06	-4.500790e-10	-1.172756e+01	-4.927776e+01
5.880000e-06	-2.229898e-06	-4.691071e-10	-1.204076e+01	-5.138762e+01
5.890000e-06	-2.287748e-06	-4.879072e-10	-1.235313e+01	-5.346614e+01
5.900000e-06	-2.345379e-06	-5.064718e-10	-1.266432e+01	-5.551356e+01
5.910000e-06	-2.402800e-06	-5.258529e-10	-1.297438e+01	-5.753017e+01
5.920000e-06	-2.460013e-06	-5.451555e-10	-1.328331e+01	-5.951635e+01
5.930000e-06	-2.517161e-06	-5.634392e-10	-1.359189e+01	-6.147248e+01
5.940000e-06	-2.574196e-06	-5.812633e-10	-1.389986e+01	-6.339901e+01
5.950000e-06	-2.630917e-06	-5.998271e-10	-1.420614e+01	-6.529639e+01
5.960000e-06	-2.687423e-06	-6.181611e-10	-1.451125e+01	-6.716510e+01
5.970000e-06	-2.743857e-06	-6.352469e-10	-1.481597e+01	-6.900562e+01
5.980000e-06	-2.800204e-06	-6.520921e-10	-1.512023e+01	-7.081841e+01
5.990000e-06	-2.856460e-06	-6.685276e-10	-1.542400e+01	-7.260393e+01
6.000000e-06	-2.912574e-06	-6.848455e-10	-1.572700e+01	-7.436263e+01
6.010000e-06	-2.968545e-06	-7.009272e-10	-1.602922e+01	-7.609493e+01
6.020000e-06	-3.024295e-06	-7.160393e-10	-1.633025e+01	-7.780122e+01
6.030000e-06	-3.079833e-06	-7.307955e-10	-1.663014e+01	-7.948186e+01
6.040000e-06	-3.135111e-06	-7.460696e-10	-1.692862e+01	-8.113720e+01
6.050000e-06	-3.190077e-06	-7.610639e-10	-1.722542e+01	-8.276755e+01
6.060000e-06	-3.244703e-06	-7.753958e-10	-1.752039e+01	-8.437317e+01
6.070000e-06	-3.298849e-06	-7.894482e-10	-1.781276e+01	-8.595433e+01
6.080000e-06	-3.352543e-06	-8.033821e-10	-1.810269e+01	-8.751126e+01
6.090000e-06	-3.405838e-06	-8.181798e-10	-1.839047e+01	-8.904415e+01
6.100000e-06	-3.458802e-06	-8.340203e-10	-1.867645e+01	-9.055320e+01
6.110000e-06	-3.511423e-06	-8.487866e-10	-1.896059e+01	-9.203856e+01
6.120000e-06	-3.563721e-06	-8.617559e-10	-1.924299e+01	-9.350041e+01
6.130000e-06	-3.615887e-06	-8.740766e-10	-1.952467e+01	-9.493890e+01
6.140000e-06	-3.667970e-06	-8.864088e-10	-1.980590e+01	-9.635416e+01
6.150000e-06	-3.719857e-06	-8.993123e-10	-2.008607e+01	-9.774636e+01
6.160000e-06	-3.771444e-06	-9.124956e-10	-2.036462e+01	-9.911564e+01
6.170000e-06	-3.822804e-06	-9.254166e-10	-2.064195e+01	-1.004622e+02
6.180000e-06	-3.873864e-06	-9.371005e-10	-2.091766e+01	-1.017861e+02
6.190000e-06	-3.924368e-06	-9.474709e-10	-2.119037e+01	-1.030876e+02
6.200000e-06	-3.974416e-06	-9.579070e-10	-2.146061e+01	-1.043670e+02
6.210000e-06	-4.024244e-06	-9.693901e-10	-2.172967e+01	-1.056243e+02
6.220000e-06	-4.073793e-06	-9.808736e-10	-2.199722e+01	-1.068599e+02
6.230000e-06	-4.122876e-06	-9.913714e-10	-2.226225e+01	-1.080740e+02
6.240000e-06	-4.171640e-06	-1.001688e-09	-2.252556e+01	-1.092669e+02
6.250000e-06	-4.220065e-06	-1.012698e-09	-2.278704e+01	-1.104388e+02
6.260000e-06	-4.267939e-06	-1.023306e-09	-2.304554e+01	-1.115900e+02
6.270000e-06	-4.315376e-06	-1.032577e-09	-2.330169e+01	-1.127209e+02
6.280000e-06	-4.362599e-06	-1.042117e-09	-2.355668e+01	-1.138318e+02
6.290000e-06	-4.409489e-06	-1.053497e-09	-2.380987e+01	-1.149229e+02
6.300000e-06	-4.456064e-06	-1.065605e-09	-2.406136e+01	-1.159947e+02
6.310000e-06	-4.502511e-06	-1.076518e-09	-2.431216e+01	-1.170475e+02
6.320000e-06	-4.548704e-06	-1.085664e-09	-2.456159e+01	-1.180815e+02
6.330000e-06	-4.594510e-06	-1.093990e-09	-2.480893e+01	-1.190971e+02
6.340000e-06	-4.640007e-06	-1.103009e-09	-2.505460e+01	-1.200947e+02
6.350000e-06	-4.685230e-06	-1.112618e-09	-2.529879e+01	-1.210744e+02
6.360000e-06	-4.730079e-06	-1.121439e-09	-2.554096e+01	-1.220366e+02
6.370000e-06	-4.774643e-06	-1.128461e-09	-2.578159e+01	-1.229816e+02
6.380000e-06	-4.819000e-06	-1.135230e-09	-2.602110e+01	-1.239096e+02
6.390000e-06	-4.863146e-06	-1.143144e-09	-2.625948e+01	-1.248208e+02
6.400000e-06	-4.907118e-06	-1.151055e-09	-2.649691e+01	-1.257153e+02
6.410000e-06	-4.950804e-06	-1.158537e-09	-2.673281e+01	-1.265935e+02
6.420000e-06	-4.994084e-06	-1.165700e-09	-2.696650e+01	-1.274554e+02
6.430000e-06	-5.036959e-06	-1.172938e-09	-2.719802e+01	-1.283011e+02
6.440000e-06	-5.079433e-06	-1.181208e-09	-2.742736e+01	-1.291307e+02
6.450000e-06	-5.121594e-06	-1.189416e-09	-2.765502e+01	-1.299444e+02
6.460000e-06	-5.163388e-06	-1.196784e-09	-2.788069e+01	-1.307421e+02
6.470000e-06	-5.204847e-06	-1.203486e-09	-2.810456e+01	-1.315240e+02
6.480000e-06	-5.246057e-06	-1.209339e-09	-2.832708e+01	-1.322900e+02
6.490000e-06	-5.286767e-06	-1.216031e-09	-2.854690e+01	-1.330402e+02
6.500000e-06	-5.327032e-06	-1.223526e-09	-2.876432e+01	-1.337746e+02
6.510000e-06	-5.367080e-06	-1.229740e-09	-2.898057e+01	-1.344932e+02
6.520000e-06	-5.406959e-06	-1.235038e-09	-2.919590e+01	-1.351961e+02
6.530000e-06	-5.446551e-06	-1.239112e-09	-2.940968e+01	-1.358833e+02
6.540000e-06	-5.485699e-06	-1.242553e-09	-2.962107e+01	-1.365548e+02
6.550000e-06	-5.524417e-06	-1.247289e-09	-2.983014e+01	-1.372107e+02
6.560000e-06	-5.562433e-06	-1.253430e-09	-3.003541e+01	-1.378512e+02
6.570000e-06	-5.599675e-06	-1.259784e-09	-3.023651e+01	-1.384763e+02
6.580000e-06	-5.636384e-06	-1.264795e-09	-3.043472e+01	-1.390862e+02
6.590000e-06	-5.672742e-06	-1.269144e-09	-3.063105e+01	-1.396811e+02
6.600000e-06	-5.708893e-06	-1.273480e-09	-3.082625e+01	-1.402612e+02
6.610000e-06	-5.744820e-06	-1.277496e-09	-3.102025e+01	-1.408268e+02
6.620000e-06	-5.780397e-06	-1.281335e-09	-3.121235e+01	-1.413782e+02
6.630000e-06	-5.815492e-06	-1.285773e-09	-3.140185e+01	-1.419158e+02
6.640000e-06	-5.850148e-06	-1.290725e-09	-3.158898e+01	-1.424399e+02
6.650000e-06	-5.884397e-06	-1.295099e-09	-3.177392e+01	-1.429509e+02
6.660000e-06	-5.918253e-06	-1.298405e-09	-3.195673e+01	-1.434493e+02
6.670000e-06	-5.951701e-06	-1.300462e-09	-3.213734e+01	-1.439357e+02
6.680000e-06	-5.984712e-06	-1.302156e-09	-3.231559e+01	-1.444104e+02
6.690000e-06	-6.017336e-06	-1.305123e-09	-3.249175e+01	-1.448742e+02
6.700000e-06	-6.049576e-06	-1.310140e-09	-3.266583e+01	-1.453274e+02
6.710000e-06	-6.081517e-06	-1.314543e-09	-3.283830e+01	-1.457708e+02
6.720000e-06	-6.113141e-06	-1.317251e-09	-3.300906e+01	-1.462049e+02
6.730000e-06	-6.144223e-06	-1.319915e-09	-3.317689e+01	-1.466303e+02
6.740000e-06	-6.174505e-06	-1.321923e-09	-3.334041e+01	-1.470476e+02
6.750000e-06	-6.203985e-06	-1.324202e-09	-3.349959e+01	-1.474574e+02
6.760000e-06	-6.232898e-06	-1.327800e-09	-3.365571e+01	-1.478602e+02
6.770000e-06	-6.261425e-06	-1.331040e-09	-3.380975e+01	-1.482567e+02
6.780000e-06	-6.289750e-06	-1.334031e-09	-3.396270e+01	-1.486472e+02
6.790000e-06	-6.317780e-06	-1.337568e-09	-3.411405e+01	-1.490323e+02
6.800000e-06	-6.345406e-06	-1.339548e-09	-3.426322e+01	-1.494125e+02
6.810000e-06	-6.372610e-06	-1.340578e-09	-3.441012e+01	-1.497882e+02
6.820000e-06	-6.399395e-06	-1.341613e-09	-3.455474e+01	-1.501596e+02
6.830000e-06	-6.425710e-06	-1.343551e-09	-3.469684e+01	-1.505272e+02
6.840000e-06	-6.451349e-06	-1.346886e-09	-3.483528e+01	-1.508912e+02
6.850000e-06	-6.476377e-06	-1.349008e-09	-3.497043e+01	-1.512517e+02
6.860000e-06	-6.501108e-06	-1.350415e-09	-3.510397e+01	-1.516090e+02
6.870000e-06	-6.525662e-06	-1.352049e-09	-3.523655e+01	-1.519631e+02
6.880000e-06	-6.549997e-06	-1.354188e-09	-3.536795e+01	-1.523141e+02
6.890000e-06	-6.573972e-06	-1.357921e-09	-3.549741e+01	-1.526619e+02
6.900000e-06	-6.597346e-06	-1.362255e-09	-3.562362e+01	-1.530065e+02
6.910000e-06	-6.620036e-06	-1.364801e-09	-3.574614e+01	-1.533477e+02
6.920000e-06	-6.641978e-06	-1.365648e-09	-3.586462e+01	-1.536855e+02
6.930000e-06	-6.663182e-06	-1.367275e-09	-3.597911e+01	-1.540196e+02
6.940000e-06	-6.683854e-06	-1.369831e-09	-3.609073e+01	-1.543497e+02
6.950000e-06	-6.704201e-06	-1.371984e-09	-3.620060e+01	-1.546757e+02
6.960000e-06	-6.724252e-06	-1.374070e-09	-3.630887e+01	-1.549972e+02
6.970000e-06	-6.743931e-06	-1.376509e-09	-3.641513e+01	-1.553139e+02
6.980000e-06	-6.763103e-06	-1.379603e-09	-3.651866e+01	-1.556254e+02
6.990000e-06	-6.781772e-06	-1.382169e-09	-3.661946e+01	-1.559315e+02
7.000000e-06	-6.799976e-06	-1.383385e-09	-3.671776e+01	-1.562319e+02
7.010000e-06	-6.817691e-06	-1.384124e-09	-3.681341e+01	-1.565260e+02
7.020000e-06	-6.834805e-06	-1.385070e-09	-3.690582e+01	-1.568137e+02
7.030000e-06	-6.851540e-06	-1.386926e-09	-3.699619e+01	-1.570946e+02
7.040000e-06	-6.868042e-06	-1.389359e-09	-3.708529e+01	-1.573684e+02
7.050000e-06	-6.884262e-06	-1.390841e-09	-3.717288e+01	-1.576348e+02
7.060000e-06	-6.900122e-06	-1.391453e-09	-3.725852e+01	-1.578935e+02
7.070000e-06	-6.915334e-06	-1.392737e-09	-3.734066e+01	-1.581442e+02
7.080000e-06	-6.929762e-06	-1.394443e-09	-3.741856e+01	-1.583868e+02
7.090000e-06	-6.943198e-06	-1.395994e-09	-3.749112e+01	-1.586210e+02
7.100000e-06	-6.955945e-06	-1.397369e-09	-3.755994e+01	-1.588466e+02
7.110000e-06	-6.968308e-06	-1.398937e-09	-3.762670e+01	-1.590635e+02
7.120000e-06	-6.980173e-06	-1.400943e-09	-3.769076e+01	-1.592714e+02
7.130000e-06	-6.991530e-06	-1.403083e-09	-3.775209e+01	-1.594704e+02
7.140000e-06	-7.002395e-06	-1.404796e-09	-3.781076e+01	-1.596604e+02
7.150000e-06	-7.012786e-06	-1.404390e-09	-3.786687e+01	-1.598411e+02
7.160000e-06	-7.022683e-06	-1.403202e-09	-3.792031e+01	-1.600126e+02
7.170000e-06	-7.032053e-06	-1.403749e-09	-3.797090e+01	-1.601749e+02
7.180000e-06	-7.040928e-06	-1.404667e-09	-3.801883e+01	-1.603279e+02
7.190000e-06	-7.049437e-06	-1.404490e-09	-3.806477e+01	-1.604716e+02
7.200000e-06	-7.057669e-06	-1.403861e-09	-3.810922e+01	-1.606060e+02
7.210000e-06	-7.065570e-06	-1.403205e-09	-3.815189e+01	-1.607310e+02
7.220000e-06	-7.072971e-06	-1.402503e-09	-3.819184e+01	-1.608468e+02
7.230000e-06	-7.079577e-06	-1.401896e-09	-3.822752e+01	-1.609532e+02
7.240000e-06	-7.085215e-06	-1.401252e-09	-3.825796e+01	-1.610504e+02
7.250000e-06	-7.090147e-06	-1.400720e-09	-3.828459e+01	-1.611383e+02
7.260000e-06	-7.094685e-06	-1.400735e-09	-3.830909e+01	-1.612170e+02
7.270000e-06	-7.098922e-06	-1.401046e-09	-3.833197e+01	-1.612865e+02
7.280000e-06	-7.102814e-06	-1.401205e-09	-3.835299e+01	-1.613468e+02
7.290000e-06	-7.106162e-06	-1.400678e-09	-3.837107e+01	-1.613980e+02
7.300000e-06	-7.109009e-06	-1.399431e-09	-3.838644e+01	-1.614401e+02
7.310000e-06	-7.111426e-06	-1.399018e-09	-3.839949e+01	-1.614732e+02
7.320000e-06	-7.113334e-06	-1.399233e-09	-3.840979e+01	-1.614974e+02
7.330000e-06	-7.114688e-06	-1.399435e-09	-3.841710e+01	-1.615127e+02
7.340000e-06	-7.115513e-06	-1.398753e-09	-3.842156e+01	-1.615192e+02
