# Configuracion:
# Concentracion g/m^3_=_7400.0
# C_Vs_to_Am_M_A/Vsm_=_116720831517.84952
# pendiente_HvsI_1/m_=_3716.3
# ordenada_HvsI_A/m_=_1297.0
# frecuencia_ref_Hz_=_136128.78158750193
# 
Resultados:
# tau_ns_=_(1.23+/-0.22)e+02
# dphi_rad_=_0.10+/-0.02
# SAR_W/g_=_53.23+/-13.40
# Hc_kA/m_=_4.58+/-0.67
# Mr_A/m_=_34.40+/-9.09
# Magnetizacion_max_emu/g_=_22.2+/-2.2
# Suceptibilidad_a_M=0_=_(7.710+/-1.176)e-03

Nombre_archivo	Time_m_(s)	Temperatura_(ºC)	Mr_(A/m)	Hc_(kA/m)	Campo_max_(A/m)	Mag_max_(A/m)	f0	mag0	dphi0	SAR_(W/g)	Tau_(ns)	N	xi_M_0
135kHz_100dA_100Mss_NEdd0009.txt		20.00	24.64	4.42	38460.00	142.10	1.361162e+05	2.472314e+00	9.731105e-02	41.54	114.139876	4408	5.830e-03
135kHz_100dA_100Mss_NEdd0010.txt		20.00	24.48	4.36	38460.00	142.12	1.361162e+05	2.471043e+00	9.437071e-02	40.27	110.670149	4408	5.883e-03
135kHz_100dA_100Mss_NEdd0014.txt		20.00	22.37	3.87	38460.00	145.04	1.361162e+05	2.521453e+00	8.549005e-02	37.23	100.203398	4408	5.982e-03
135kHz_100dA_100Mss_NEdd0015.txt		20.00	21.16	3.66	38460.00	143.96	1.361162e+05	2.508896e+00	7.768049e-02	33.67	91.010723	4408	6.000e-03
135kHz_100dA_100Mss_NEdd0016.txt		20.00	21.99	3.75	38460.00	144.71	1.361470e+05	2.516322e+00	8.182251e-02	35.58	95.884500	4407	6.080e-03
135kHz_100dA_100Mss_NEdd0017.txt		20.00	21.33	3.69	38460.00	144.00	1.361162e+05	2.509378e+00	8.054316e-02	34.92	94.377874	4408	5.953e-03
135kHz_100dA_100Mss_NEdd0018.txt		20.00	21.34	3.60	38460.00	145.57	1.361162e+05	2.536821e+00	7.979714e-02	34.97	93.500287	4408	6.099e-03
135kHz_100dA_100Mss_NEdd0019.txt		20.00	20.93	3.58	38460.00	144.14	1.361162e+05	2.511712e+00	7.898689e-02	34.27	92.548089	4408	6.039e-03
135kHz_100dA_100Mss_NEdd0020.txt		20.00	21.85	3.72	38460.00	144.86	1.361162e+05	2.521476e+00	8.301928e-02	36.16	97.293155	4408	6.081e-03
135kHz_100dA_100Mss_NEdd0021.txt		20.00	19.51	3.30	38460.00	146.55	1.361162e+05	2.550482e+00	6.947941e-02	30.62	81.367874	4408	6.077e-03
135kHz_100dA_100Mss_NEdd0022.txt		20.00	20.71	3.47	38460.00	147.97	1.361162e+05	2.567879e+00	7.660156e-02	33.98	89.741147	4408	6.160e-03
135kHz_100dA_100Mss_NEdd0023.txt		20.00	21.05	3.53	38460.00	144.85	1.361162e+05	2.526555e+00	7.779436e-02	33.96	91.145246	4408	6.154e-03
135kHz_100dA_100Mss_NEdd0024.txt		20.00	20.74	3.51	38460.00	146.45	1.361162e+05	2.542945e+00	7.753315e-02	34.06	90.839069	4408	6.130e-03
135kHz_100dA_100Mss_NEdd0025.txt		20.00	19.07	3.22	38460.00	144.38	1.361162e+05	2.517262e+00	6.726272e-02	29.26	78.766728	4408	6.121e-03
135kHz_100dA_100Mss_NEdd0026.txt		20.00	20.16	3.45	38460.00	146.46	1.361162e+05	2.534742e+00	7.419240e-02	32.49	86.908763	4408	6.059e-03
135kHz_100dA_100Mss_NEdd0027.txt		20.00	20.65	3.52	38460.00	145.96	1.361162e+05	2.524148e+00	7.991139e-02	34.85	93.634687	4408	6.049e-03
135kHz_100dA_100Mss_NEdd0028.txt		20.00	19.83	3.41	38460.00	146.28	1.361162e+05	2.540371e+00	7.549341e-02	33.14	88.439127	4408	5.950e-03
135kHz_100dA_100Mss_NEdd0029.txt		20.00	19.66	3.37	38460.00	146.75	1.361162e+05	2.541092e+00	7.313211e-02	32.11	85.662677	4408	6.024e-03
135kHz_100dA_100Mss_NEdd0030.txt		20.00	19.85	3.39	38460.00	148.71	1.361162e+05	2.578963e+00	7.379073e-02	32.88	86.437467	4408	6.020e-03
135kHz_100dA_100Mss_NEdd0031.txt		20.00	19.84	3.38	38460.00	148.73	1.361162e+05	2.574871e+00	7.283116e-02	32.40	85.309803	4408	6.082e-03
135kHz_100dA_100Mss_NEdd0032.txt		20.00	21.64	3.61	38460.00	148.64	1.361162e+05	2.585434e+00	8.085366e-02	36.11	94.746383	4408	6.214e-03
135kHz_100dA_100Mss_NEdd0033.txt		20.00	21.29	3.50	38460.00	147.49	1.361162e+05	2.572292e+00	7.489336e-02	33.29	87.733628	4408	6.330e-03
135kHz_100dA_100Mss_NEdd0034.txt		20.00	24.08	3.81	38460.00	151.11	1.361162e+05	2.640507e+00	8.402925e-02	38.33	98.484931	4408	6.604e-03
135kHz_100dA_100Mss_NEdd0035.txt		20.00	26.52	4.01	38460.00	151.12	1.361162e+05	2.665567e+00	8.844759e-02	40.72	103.690087	4408	6.930e-03
135kHz_100dA_100Mss_NEdd0036.txt		20.00	28.79	4.27	38460.00	152.43	1.361470e+05	2.689968e+00	9.146320e-02	42.50	107.242251	4407	7.193e-03
135kHz_100dA_100Mss_NEdd0037.txt		20.00	31.43	4.50	38460.00	155.42	1.361162e+05	2.747021e+00	9.776546e-02	46.37	114.680706	4408	7.447e-03
135kHz_100dA_100Mss_NEdd0038.txt		20.00	33.14	4.69	38460.00	154.35	1.361162e+05	2.741897e+00	1.017044e-01	48.14	119.328989	4408	7.569e-03
135kHz_100dA_100Mss_NEdd0039.txt		20.00	34.10	4.68	38460.00	156.79	1.361162e+05	2.787551e+00	9.866761e-02	47.49	115.742614	4408	7.849e-03
135kHz_100dA_100Mss_NEdd0040.txt		20.00	36.57	4.97	38460.00	159.86	1.361162e+05	2.840673e+00	1.071056e-01	52.52	125.716705	4408	7.934e-03
135kHz_100dA_100Mss_NEdd0041.txt		20.00	37.46	5.04	38460.00	157.32	1.361162e+05	2.807026e+00	1.119364e-01	54.23	131.432732	4408	7.933e-03
135kHz_100dA_100Mss_NEdd0042.txt		20.00	37.72	5.07	38460.00	161.54	1.361162e+05	2.872803e+00	1.106176e-01	54.85	129.874046	4408	7.953e-03
135kHz_100dA_100Mss_NEdd0043.txt		20.00	38.38	5.18	38460.00	159.97	1.361162e+05	2.846818e+00	1.142796e-01	56.14	134.208932	4408	7.938e-03
135kHz_100dA_100Mss_NEdd0044.txt		20.00	39.40	5.29	38460.00	157.76	1.361162e+05	2.824153e+00	1.212252e-01	59.06	142.446611	4408	7.918e-03
135kHz_100dA_100Mss_NEdd0045.txt		20.00	38.20	5.10	38460.00	160.01	1.361162e+05	2.854862e+00	1.145251e-01	56.42	134.501407	4408	7.975e-03
135kHz_100dA_100Mss_NEdd0046.txt		20.00	39.28	5.16	38460.00	160.87	1.361162e+05	2.872284e+00	1.165193e-01	57.75	136.861226	4408	8.106e-03
135kHz_100dA_100Mss_NEdd0047.txt		20.00	39.19	5.17	38460.00	161.35	1.361162e+05	2.881711e+00	1.184458e-01	58.89	139.146156	4408	8.026e-03
135kHz_100dA_100Mss_NEdd0048.txt		20.00	38.21	5.14	38460.00	158.35	1.361162e+05	2.823969e+00	1.156757e-01	56.37	135.863386	4408	7.913e-03
135kHz_100dA_100Mss_NEdd0049.txt		20.00	37.79	5.08	38460.00	158.90	1.361162e+05	2.834134e+00	1.152979e-01	56.39	135.416808	4408	7.809e-03
135kHz_100dA_100Mss_NEdd0050.txt		20.00	38.62	5.23	38460.00	158.85	1.361162e+05	2.827561e+00	1.203557e-01	58.71	141.415886	4408	7.810e-03
135kHz_100dA_100Mss_NEdd0051.txt		20.00	38.21	5.16	38460.00	160.42	1.361162e+05	2.851694e+00	1.198242e-01	58.95	140.783364	4408	7.746e-03
135kHz_100dA_100Mss_NEdd0052.txt		20.00	38.95	5.29	38460.00	157.34	1.361162e+05	2.796238e+00	1.225142e-01	59.10	143.976230	4408	7.758e-03
135kHz_100dA_100Mss_NEdd0053.txt		20.00	38.65	5.15	38460.00	159.93	1.361162e+05	2.849468e+00	1.203560e-01	59.17	141.412275	4408	7.802e-03
135kHz_100dA_100Mss_NEdd0054.txt		20.00	37.51	5.09	38460.00	156.26	1.361162e+05	2.788384e+00	1.163323e-01	55.97	136.644973	4408	7.752e-03
135kHz_100dA_100Mss_NEdd0055.txt		20.00	38.42	5.10	38460.00	159.30	1.361162e+05	2.841767e+00	1.191091e-01	58.40	139.934340	4408	7.881e-03
135kHz_100dA_100Mss_NEdd0056.txt		20.00	39.30	5.18	38460.00	162.37	1.361162e+05	2.883748e+00	1.211206e-01	60.26	142.321515	4408	7.904e-03
135kHz_100dA_100Mss_NEdd0057.txt		20.00	39.10	5.17	38460.00	161.59	1.360853e+05	2.872799e+00	1.203855e-01	59.65	141.455568	4409	7.929e-03
135kHz_100dA_100Mss_NEdd0058.txt		20.00	39.10	5.07	38460.00	167.39	1.361162e+05	2.971970e+00	1.179906e-01	60.50	138.610838	4408	8.038e-03
135kHz_100dA_100Mss_NEdd0059.txt		20.00	39.80	5.11	38460.00	168.96	1.361162e+05	2.990471e+00	1.180489e-01	60.91	138.683644	4408	8.190e-03
135kHz_100dA_100Mss_NEdd0060.txt		20.00	39.75	5.08	38460.00	167.81	1.361162e+05	2.973401e+00	1.193441e-01	61.22	140.216653	4408	8.192e-03
135kHz_100dA_100Mss_NEdd0061.txt		20.00	40.47	5.14	38460.00	167.01	1.361162e+05	2.977772e+00	1.226007e-01	62.98	144.084280	4408	8.188e-03
135kHz_100dA_100Mss_NEdd0062.txt		20.00	40.58	5.14	38460.00	170.83	1.361162e+05	3.027139e+00	1.222164e-01	63.82	143.626372	4408	8.195e-03
135kHz_100dA_100Mss_NEdd0063.txt		20.00	40.41	4.97	38460.00	173.60	1.361162e+05	3.083840e+00	1.154319e-01	61.43	135.579628	4408	8.477e-03
135kHz_100dA_100Mss_NEdd0064.txt		20.00	40.68	5.06	38460.00	172.67	1.361162e+05	3.062004e+00	1.196918e-01	63.23	140.631514	4408	8.418e-03
135kHz_100dA_100Mss_NEdd0065.txt		20.00	41.26	5.07	38460.00	175.06	1.361162e+05	3.102932e+00	1.210889e-01	64.82	142.288929	4408	8.492e-03
135kHz_100dA_100Mss_NEdd0066.txt		20.00	40.44	4.97	38460.00	172.60	1.361162e+05	3.066941e+00	1.169243e-01	61.87	137.346626	4408	8.481e-03
135kHz_100dA_100Mss_NEdd0067.txt		20.00	41.46	4.99	38460.00	176.70	1.361162e+05	3.133626e+00	1.177675e-01	63.67	138.347287	4408	8.639e-03
135kHz_100dA_100Mss_NEdd0068.txt		20.00	41.34	4.94	38460.00	178.88	1.361162e+05	3.167357e+00	1.147008e-01	62.69	134.711112	4408	8.751e-03
135kHz_100dA_100Mss_NEdd0069.txt		20.00	42.33	5.12	38460.00	175.82	1.361162e+05	3.118922e+00	1.226197e-01	65.97	144.104979	4408	8.601e-03
135kHz_100dA_100Mss_NEdd0070.txt		20.00	41.95	5.00	38460.00	178.20	1.361162e+05	3.159512e+00	1.183231e-01	64.50	139.006458	4408	8.726e-03
135kHz_100dA_100Mss_NEdd0071.txt		20.00	43.05	5.08	38460.00	181.28	1.361162e+05	3.202711e+00	1.217195e-01	67.25	143.033933	4408	8.847e-03
135kHz_100dA_100Mss_NEdd0072.txt		20.00	41.98	4.89	38460.00	182.46	1.361162e+05	3.230273e+00	1.151313e-01	64.18	135.223510	4408	8.921e-03
135kHz_100dA_100Mss_NEdd0073.txt		20.00	41.98	4.92	38460.00	184.59	1.360853e+05	3.258718e+00	1.163860e-01	65.43	136.710788	4409	8.872e-03
135kHz_100dA_100Mss_NEdd0074.txt		20.00	42.81	5.05	38460.00	182.77	1.361162e+05	3.234830e+00	1.218923e-01	68.02	143.239732	4408	8.826e-03
135kHz_100dA_100Mss_NEdd0075.txt		20.00	41.94	4.92	38460.00	185.25	1.360853e+05	3.264807e+00	1.164237e-01	65.57	136.754017	4409	8.842e-03
135kHz_100dA_100Mss_NEdd0076.txt		20.00	42.57	4.94	38460.00	185.45	1.361162e+05	3.269083e+00	1.167481e-01	65.85	137.139801	4408	8.985e-03
135kHz_100dA_100Mss_NEdd0077.txt		20.00	43.62	5.03	38460.00	185.26	1.361162e+05	3.273947e+00	1.222558e-01	69.05	143.669772	4408	8.966e-03
135kHz_100dA_100Mss_NEdd0078.txt		20.00	42.56	4.89	38460.00	186.56	1.360853e+05	3.293729e+00	1.156498e-01	65.71	135.834218	4409	9.049e-03
135kHz_100dA_100Mss_NEdd0079.txt		20.00	44.16	5.00	38460.00	190.34	1.360853e+05	3.356287e+00	1.207668e-01	69.91	141.903361	4409	9.190e-03
135kHz_100dA_100Mss_NEdd0080.txt		20.00	43.33	5.00	38460.00	187.98	1.361162e+05	3.318683e+00	1.204892e-01	68.99	141.571735	4408	8.971e-03
135kHz_100dA_100Mss_NEdd0081.txt		20.00	43.50	4.98	38460.00	185.90	1.361162e+05	3.280091e+00	1.210879e-01	68.52	142.282079	4408	9.039e-03
135kHz_100dA_100Mss_NEdd0082.txt		20.00	43.27	4.87	38460.00	188.18	1.361162e+05	3.331635e+00	1.154441e-01	66.37	135.588195	4408	9.234e-03
135kHz_100dA_100Mss_NEdd0083.txt		20.00	44.40	4.95	38460.00	191.12	1.361162e+05	3.373473e+00	1.209318e-01	70.38	142.094768	4408	9.252e-03
135kHz_100dA_100Mss_NEdd0084.txt		20.00	43.33	4.85	38460.00	189.61	1.361162e+05	3.348910e+00	1.163055e-01	67.21	136.609813	4408	9.229e-03
135kHz_100dA_100Mss_NEdd0085.txt		20.00	44.40	4.93	38460.00	190.98	1.361162e+05	3.368260e+00	1.192516e-01	69.30	140.099775	4408	9.363e-03
135kHz_100dA_100Mss_NEdd0088.txt		20.00	43.44	4.79	38460.00	189.05	1.361162e+05	3.348091e+00	1.147517e-01	66.30	134.765704	4408	9.343e-03
135kHz_100dA_100Mss_NEdd0093.txt		20.00	43.90	4.83	38460.00	191.20	1.361162e+05	3.372154e+00	1.159997e-01	67.50	136.241796	4408	9.431e-03
135kHz_100dA_100Mss_NEdd0094.txt		20.00	43.00	4.77	38460.00	191.27	1.361162e+05	3.374966e+00	1.158173e-01	67.45	136.026564	4408	9.294e-03
135kHz_100dA_100Mss_NEdd0097.txt		20.00	43.19	4.79	38460.00	190.63	1.361162e+05	3.366945e+00	1.155500e-01	67.13	135.708584	4408	9.318e-03
